
Last position-specific scoring matrix computed, weighted observed percentages rounded down, information per position, and relative weight of gapless real matches to pseudocounts
            A   R   N   D   C   Q   E   G   H   I   L   K   M   F   P   S   T   W   Y   V   A   R   N   D   C   Q   E   G   H   I   L   K   M   F   P   S   T   W   Y   V
    1 A     3  -1   0  -1  -1  -1  -1   0  -1  -2  -2  -1  -1  -3  -1   3   1  -3  -2  -1   46   0   0   0   0   0   0   0   0   0   0   0   0   0   0  54   0   0   0   0  0.38 0.01
    2 T     1  -1   0  -1  -1  -1  -1  -1  -2  -2  -2  -1  -1  -3  -1   3   3  -3  -2  -1   12   0   0   0   0   0   0   0   0   0   0   0   0   0   0  49  39   0   0   0  0.41 0.03
    3 P    -1  -3  -3  -2  -3  -2  -2  -3  -3  -3  -3  -1  -3  -4   8  -1  -2  -4  -4  -3    0   0   0   0   0   0   0   0   0   0   0   0   0   0 100   0   0   0   0   0  2.21 0.07
    4 T     0  -2  -2  -2  -1   1  -1  -3  -2   2   2  -1   1  -1  -2  -1   2  -2  -2   1    7   0   0   0   0  11   0   0   0  26  31   0   0   0   0   0  25   0   0   0  0.17 0.02
    5 I    -2  -3   0  -3  -2  -3  -3  -4  -3   5   1  -3   1  -1  -3  -2  -1  -3  -2   2    0   0   8   0   0   0   0   0   0  92   0   0   0   0   0   0   0   0   0   0  0.45 0.05
    6 G     0  -3  -1  -2  -3  -2  -3   6  -2  -4  -4  -2  -3  -4  -3  -1  -2  -3  -4  -4    0   0   0   0   0   0   0 100   0   0   0   0   0   0   0   0   0   0   0   0  1.20 0.06
    7 H    -1  -1   3   0  -3   1   0  -2   7  -4  -3  -1  -2  -2  -2   1  -1  -3   0  -3    0   0  26   0   0   8   0   0  56   0   0   0   0   0   0  11   0   0   0   0  0.65 0.05
    8 V    -1  -3  -3  -4  -1  -3  -3  -4  -4   2   1  -3   0  -1  -3  -2   0  -3  -2   5    0   0   0   0   0   0   0   0   0   0   0   0   0   0   0   0   0   0   0 100  0.51 0.06
    9 G     1  -3  -1  -2  -3  -2  -2   6  -2  -4  -4  -2  -3  -3  -2   0  -2  -3  -3  -3   11   0   0   0   0   0   0  89   0   0   0   0   0   0   0   0   0   0   0   0  1.01 0.05
   10 P    -1  -3  -3  -2  -3  -2  -2  -3  -3  -3  -3  -1  -3  -4   8  -1  -2  -4  -4  -3    0   0   0   0   0   0   0   0   0   0   0   0   0   0 100   0   0   0   0   0  2.21 0.07
   11 M    -1  -2   1  -2  -2  -1  -2  -3  -2   1   1  -1   5  -1  -2  -1   2  -2  -2   1    0   0  11   0   0   0   0   0   0   0   0   0  57   0   0   0  21   0   0  10  0.29 0.05
   12 M    -1  -2  -3  -4  -2  -1  -3  -3  -2   1   2  -2   7   0  -3  -2  -1  -2  -2   1    0   0   0   0   0   0   0   0   0   7   0   0  93   0   0   0   0   0   0   0  0.65 0.08
   13 A     2  -2  -1  -2  -2  -2  -2   5  -2  -3  -3  -2  -2  -3  -2   0   0  -3  -3  -2   27   0   0   0   0   0   0  65   0   0   0   0   0   0   0   0   8   0   0   0  0.67 0.04
   14 K    -1   2  -1  -1  -3   2   1  -2  -1   0  -2   5  -1  -3  -2  -1  -1  -3  -2  -1    0   0   0   0   0  15   0   0   0  11   0  74   0   0   0   0   0   0   0   0  0.45 0.05
   15 P     1  -2  -2  -2  -2  -1  -1  -2   2  -2  -2  -1  -2  -3   6   0   0  -4  -2   0   23   0   0   0   0   0   0   0   8   0   0   0   0   0  54   0   7   0   0   8  0.91 0.04
   16 G     0  -3  -1  -2  -3  -2  -3   6  -2  -4  -4  -2  -3  -4  -3  -1  -2  -3  -4  -4    0   0   0   0   0   0   0 100   0   0   0   0   0   0   0   0   0   0   0   0  1.20 0.06
   17 V     0  -1   5   0  -2   1  -1  -1   2  -1  -2  -1  -1  -3  -2   0   0  -4  -2   1    6   0  58   0   0   8   0   0   8   0   0   0   0   0   0   0   0   0   0  21  0.36 0.04
   18 T     0  -2  -1  -2  -1   0  -1  -2  -2   1  -1  -1   0  -2  -2   0   4  -3  -2   2    6   0   0   0   0   8   0   0   0   7   0   0   0   0   0   0  58   0   0  22  0.29 0.04
   19 I    -1  -3  -3  -4  -1  -3  -3  -4  -4   4   1  -3   1  -1  -3  -2  -1  -3  -2   4    0   0   0   0   0   0   0   0   0  43   0   0   0   0   0   0   0   0   0  57  0.44 0.04
   20 T     0  -2   0  -1  -1  -1  -1  -2  -2  -1  -2  -1  -1  -3  -2   1   6  -3  -2   0    0   0   0   0   0   0   0   0   0   0   0   0   0   0   0   0 100   0   0   0  0.67 0.07
   21 I    -1  -3  -4  -4  -2  -3  -4  -4  -4   5   1  -3   1  -1  -3  -3  -1  -3  -2   3    0   0   0   0   0   0   0   0   0  85   0   0   0   0   0   0   0   0   0  15  0.51 0.05
   22 D    -1  -2   1   6  -3  -1   1  -2  -1  -3  -4  -1  -3  -4  -2   1   1  -4  -3  -3    0   0   0  77   0   0   0   0   0   0   0   0   0   0   0  15   8   0   0   0  0.78 0.05
   23 G     0  -3  -1  -2  -3  -2  -3   6  -2  -4  -4  -2  -3  -4  -3  -1  -2  -3  -4  -4    0   0   0   0   0   0   0 100   0   0   0   0   0   0   0   0   0   0   0   0  1.20 0.06
   24 R    -1   5  -1   0  -4   1   3  -3  -1  -3  -3   2  -2  -3  -2  -1  -1  -3  -2  -3    0  58   0   0   0   0  30   0   0   0   0  11   0   0   0   0   0   0   0   0  0.62 0.04
   25 G     1  -3  -1  -2  -3  -2  -2   6  -2  -4  -4  -2  -3  -4  -2   0  -2  -3  -3  -3    8   0   0   0   0   0   0  92   0   0   0   0   0   0   0   0   0   0   0   0  1.06 0.05
   26 F    -2  -3  -3  -3  -3  -3  -3  -3  -1   0   0  -3   0   7  -3  -2  -2   1   3  -1    1   0   0   0   0   0   0   1   0   0   1   0   0  93   0   1   0   0   0   1  0.85 0.06
   27 G     0  -3  -1  -2  -3  -2  -2   6  -2  -4  -4  -2  -3  -4  -2   0  -2  -3  -3  -3    0   0   0   0   0   0   0  92   0   0   0   0   0   0   0   8   0   0   0   0  1.06 0.05
   28 S     1  -1   0   3  -2  -1   0   0  -2  -2  -2  -1  -2  -3  -1   2   3  -3  -2  -1   13   0   0  23   0   0   0   7   0   0   0   0   0   0   0  24  33   0   0   0  0.31 0.03
   29 S     0   1   2   0  -2   0   1   0  -1  -2  -2   1  -1  -3  -2   1   3  -3  -2  -1    6   8  16   0   0   0   8   5   0   0   0   7   0   0   0   9  43   0   0   0  0.27 0.02
   30 K     0   2   0  -1  -3   3   1  -2  -1  -3  -2   3  -1  -3  -1   1   1  -3  -2  -2    7   8   0   0   0  19   8   0   0   0   0  43   0   0   0   8   8   0   0   0  0.36 0.03
   31 G     0  -3   1  -1  -3  -2  -2   6  -2  -4  -4  -2  -3  -4  -3  -1  -2  -3  -3  -4    0   0   6   0   0   0   0  94   0   0   0   0   0   0   0   0   0   0   0   0  1.10 0.05
   32 T     0  -1   0  -1  -1   1  -1  -2  -2  -2  -2   0  -1  -3  -1   2   4  -3  -2  -1    0   0   0   0   0   8   0   0   0   0   0   6   0   0   0  23  63   0   0   0  0.42 0.04
   33 V    -1  -3  -3  -4  -1  -3  -3  -4  -4   2   1  -3   0  -1  -3  -2   0  -3  -2   5    0   0   0   0   0   0   0   0   0   0   0   0   0   0   0   0   0   0   0 100  0.51 0.06
   34 Y    -2  -1  -2  -3  -2  -1  -2  -3   0   0   2   0   0   1  -3  -1   1   0   5  -1    0   0   0   0   0   0   0   0   0   0  31   8   0   0   0   0  17   0  44   0  0.34 0.04
   35 F    -3  -3  -4  -4  -3  -4  -4  -4  -2  -1   0  -4   0   7  -4  -3  -3   1   3  -1    0   0   0   0   0   0   0   0   0   0   0   0   0 100   0   0   0   0   0   0  1.02 0.07
   36 G     0  -3   0   2  -3  -2  -1   6  -2  -4  -4  -2  -3  -4  -2  -1  -2  -3  -4  -4    0   0   0  16   0   0   0  84   0   0   0   0   0   0   0   0   0   0   0   0  0.95 0.05
   37 T     0  -1   0  -1  -1  -1  -1   1  -2  -2  -2  -1  -1  -3  -1   3   4  -3  -2  -1    0   0   0   0   0   0   0  11   0   0   0   0   0   0   0  31  58   0   0   0  0.42 0.04
   38 T     0  -2   0   1  -1  -1  -1  -2  -2  -1  -1  -1  -1  -2  -2   1   5  -3  -2   1    0   0   0   8   0   0   0   0   0   0   0   0   0   0   0   0  81   0   0  11  0.46 0.05
   39 A     4  -2  -1  -2  -1  -1  -1   0  -2  -2  -2  -1  -1   0  -1   2   1  -2  -1  -1   66   0   0   0   0   0   0   0   0   0   0   0   0   8   0  15  11   0   0   0  0.32 0.03
   40 V     0  -1  -1  -1  -1  -1  -1  -1  -1   2   0  -1   0  -1  -1  -1   0  -1  -1   3    4   3   2   3   1   2   3   4   1   3   4   3   1   2   3   4   3   1   2  53  0.09 0.01
   41 S     0  -1   0   0  -1   0   0  -1  -1  -1  -1   0  -1  -1   0   1   3  -1  -1   0    4   3   2   3   1   2   3   4   1   3   4   3   1   2   3  12  45   1   2   3  0.17 0.01
   42 G     0  -1   0  -1  -1  -1  -1   4  -1  -2  -2  -1  -1  -1  -1   0  -1  -1  -1  -1    4   3   2   3   1   2   3  54   1   3   4   3   1   2   3   4   3   1   2   3  0.35 0.01
   43 A     4  -2  -1  -2  -1  -1  -1   1  -2  -2  -2  -1  -1  -3  -1   2   0  -3  -2  -1   64   0   0   0   0   0   0   8   0   0   0   0   0   0   0  28   0   0   0   0  0.40 0.04
   44 D     0  -1   3   3  -2   0   2   0  -1  -3  -3  -1  -2  -3  -2   0   2  -4  -2  -2   10   0  24  25   0   0  15   7   0   0   0   0   0   0   0   0  19   0   0   0  0.34 0.02
   45 I    -1  -3  -4  -4  -1  -3  -3  -4  -4   5   1  -3   1  -1  -3  -3  -1  -3  -2   3    0   0   0   0   0   0   0   0   0  73   0   0   0   0   0   0   0   0   0  27  0.48 0.04
   46 T    -1  -1  -2  -2  -1  -1  -2  -3  -3   2   1   0   0  -1  -2  -1   2  -3  -2   3    0   0   0   0   0   0   0   0   0   8   8  11   0   0   0   0  25   0   0  48  0.20 0.03
   47 S     2  -1   0  -1  -1  -1  -1   0  -1  -3  -3  -1  -2  -3  -1   4   1  -3  -2  -2   18   0   0   0   0   0   0   0   0   0   0   0   0   0   0  82   0   0   0   0  0.50 0.05
   48 W    -3  -3  -5  -5  -3  -3  -4  -3  -3  -3  -2  -4  -2   0  -4  -3  -3  12   2  -4    0   0   0   0   0   0   0   0   0   0   0   0   0   0   0   0   0 100   0   0  2.79 0.11
   49 E     0  -1   0   2  -2   1   4  -2  -1  -3  -3   0  -2  -3  -1   2   1  -3  -2  -2    0   0   0   8   0   0  50   0   0   0   0   0   0   0   0  30  11   0   0   0  0.46 0.03
   50 D    -2  -2   3   5  -3   0   1  -1  -1  -3  -4  -1  -3  -4  -2   1  -1  -4  -3  -3    0   0  22  66   0   0   0   0   0   0   0   0   0   0   0  11   0   0   0   0  0.75 0.04
   51 T    -1  -1   3  -1  -2  -1  -1  -2  -1  -1  -2  -1  -1  -3  -2   1   5  -3  -2  -1    0   0  19   0   0   0   0   0   0   0   0   0   0   0   0   0  81   0   0   0  0.54 0.05
   52 Q    -1   2   0   0  -4   5   3  -2   0  -3  -3   2  -1  -4  -2   0  -1  -3  -2  -3    0  11   0   0   0  52  21   0   0   0   0  16   0   0   0   0   0   0   0   0  0.58 0.04
   53 I    -2  -3  -4  -4  -2  -3  -4  -4  -4   5   1  -3   1  -1  -3  -3  -1  -3  -2   3    0   0   0   0   0   0   0   0   0  92   0   0   0   0   0   0   0   0   0   8  0.54 0.05
   54 K    -1   1   0   0  -3   3   2  -2  -1  -2  -2   4  -1  -3  -1   0  -1  -3  -2  -1    0   0   0   0   0  20  19   0   0   0   0  46   0   0   0   8   0   0   0   8  0.38 0.03
   55 V     0  -3  -3  -4  -1  -2  -3  -3  -3   2   0  -3   0  -1  -3  -2   0  -3  -2   5    7   0   0   0   0   0   0   0   0   0   0   0   0   0   0   0   0   0   0  93  0.44 0.05
   56 K     0   1  -1  -1  -2   0   0  -2  -1  -2  -2   4  -1  -1  -1   1   1  -2   2  -1    8   0   0   0   0   0   0   0   0   0   0  55   0   0   0   8  10   0  11   7  0.25 0.03
   57 I    -1  -3  -3  -4  -1  -3  -3  -4  -4   4   1  -3   1  -1  -3  -2  -1  -3  -2   4    0   0   0   0   0   0   0   0   0  44   0   0   0   0   0   0   0   0   0  56  0.44 0.04
   58 P    -1  -3  -3  -2  -3  -2  -2  -3  -3  -3  -1  -2  -2  -4   8  -1  -2  -4  -3  -2    0   0   0   0   0   0   0   0   0   0   8   0   0   0  92   0   0   0   0   0  1.93 0.07
   59 A     1   1   4   1  -2   0   0  -1   0  -3  -3   1  -2  -3   1   1   0  -4  -2  -2   19   8  40   8   0   0   0   0   0   0   0   7   0   0   6  13   0   0   0   0  0.33 0.02
   60 V    -1  -3  -3  -4  -1  -2  -3  -4  -3   2   1  -3   2  -1  -3  -2   0  -3  -2   5    0   0   0   0   0   0   0   0   0   0   0   0  11   0   0   0   0   0   0  89  0.45 0.05
   61 A     3  -2  -1  -2  -1  -1  -1  -1  -2  -2  -2  -1  -1  -3   3   1   2  -3  -2  -1   57   0   0   0   0   0   0   0   0   0   0   0   0   0  13   8  23   0   0   0  0.39 0.03
   62 G     3  -2  -1  -2  -2  -2  -2   4  -2  -3  -3  -1  -2  -3   3   0  -1  -3  -3  -2   44   0   0   0   0   0   0  40   0   0   0   0   0   0  16   0   0   0   0   0  0.55 0.03
   63 G     0  -3  -1  -2  -3  -2  -3   6  -2  -4  -4  -2  -3  -4  -3  -1  -2  -3  -4  -4    0   0   0   0   0   0   0 100   0   0   0   0   0   0   0   0   0   0   0   0  1.20 0.06
   64 N    -1   0   2   0  -2   0  -1  -2   3   1   0   2   0  -1  -2  -1  -1  -2   1   0    0   0  15   6   0   0   0   0  15  17  11  23   0   0   0   0   0   0   8   6  0.10 0.02
   65 Y    -2  -2  -2  -3  -2  -2  -2  -3   1  -2  -2  -2  -1   2  -3  -1   2   1   7  -1    0   0   0   0   0   0   0   0   0   0   0   0   0   0   0   0  24   0  76   0  0.76 0.06
   66 N     1  -1   4   4  -3  -1   0   1  -1  -3  -3  -1  -3  -3  -2   0  -1  -4  -3  -3   16   0  37  39   0   0   0   7   0   0   0   0   0   0   0   0   0   0   0   0  0.51 0.03
   67 I    -1  -3  -4  -4  -1  -3  -3  -4  -4   4   2  -3   1   0  -3  -2  -1  -3  -2   3    0   0   0   0   0   0   0   0   0  51  15   0   0   0   0   0   0   0   0  35  0.40 0.03
   68 K     0   2   0  -1  -2   0   0  -1  -1  -3  -3   3  -2  -3  -1   3   2  -3  -2  -2    0  13   0   0   0   0   0   0   0   0   0  36   0   0   0  38  14   0   0   0  0.34 0.03
   69 V    -1  -3  -3  -4  -1  -3  -3  -4  -4   3   1  -3   1  -1  -3  -2   0  -3  -2   4    0   0   0   0   0   0   0   0   0   6   8   0   0   0   0   0   0   0   0  86  0.45 0.05
   70 A     2  -1  -1  -2  -1   1  -1  -1  -2   0  -1   1  -1  -2  -1   0   2  -3  -2   1   37   0   0   0   0   8   0   0   0   0   0  15   0   0   0   0  17   0   0  23  0.17 0.02
   71 N    -1  -1   5   0  -2   0   0  -1   0  -2  -2   0  -1  -2  -1   1   2  -2  -2  -1    2   1  49   1   0   1   1   2   0   1   2   1   0   1   1   9  24   0   1   1  0.35 0.02
   72 A     4  -2  -1  -2  -1  -1  -1   0  -2  -2  -2  -1  -1  -3  -1   3   0  -3  -2  -1   71   0   0   0   0   0   0   0   0   0   0   0   0   0   0  29   0   0   0   0  0.44 0.04
   73 A     3  -2   1  -1  -1  -1  -1   2  -2  -2  -2  -1  -2  -3  -1   2   1  -3  -2  -1   40   0   6   0   0   0   0  19   0   0   0   0   0   0   0  28   7   0   0   0  0.33 0.02
   74 G     0  -2   2   1  -3  -2  -2   5  -2  -4  -4  -2  -3  -4  -2   0  -2  -3  -3  -4    0   0  15   8   0   0   0  77   0   0   0   0   0   0   0   0   0   0   0   0  0.85 0.04
   75 T     1  -1  -1  -2  -1   0  -1  -2  -2   1  -1  -1   0  -2  -2   1   3  -3  -2   2   21   0   0   0   0   8   0   0   0   8   0   0   0   0   0   8  34   0   0  22  0.19 0.02
   76 A     2   0   1  -1  -1   1   0  -1  -1  -2  -2   1  -1  -3  -1   2   2  -3  -2  -1   28   0  10   0   0   8   0   0   0   0   0  15   0   0   0  17  22   0   0   0  0.24 0.02
   77 S     1  -1   0  -1  -1   0   0  -1  -1  -3  -3  -1  -2  -3  -1   5   1  -3  -2  -2    0   0   0   0   0   0   0   0   0   0   0   0   0   0   0 100   0   0   0   0  0.61 0.06
   78 N     0  -1   5   0  -3  -1  -1  -1   0  -3  -3  -1  -2  -3   4   0  -1  -4  -3  -3   14   0  64   0   0   0   0   0   0   0   0   0   0   0  23   0   0   0   0   0  0.67 0.05
   79 V     2  -2  -2  -2  -1  -1  -2  -2  -2   1   1  -1   0  -1  -2   0   2  -3  -2   1   31   0   0   0   0   0   0   0   0  13  11   0   0   0   0   0  31   0   0  14  0.19 0.02
   80 Y    -2  -2  -2  -4  -3  -2  -2  -4   3  -2  -1  -2  -1   4  -3  -2  -2   2   7  -2    0   0   0   0   0   0   0   0   6   0   0   0   0  13   0   0   0   0  81   0  0.97 0.06
   81 D    -1   0   3   4  -3   0   1  -1  -1  -3  -3   1  -2  -3  -1   0  -1  -3  -2  -3    1   1  25  43   0   0   8   1   0   1   1  15   0   0   1   1   1   0   0   1  0.48 0.03
   82 N    -1   0   5   1  -3   0   1  -1   0  -3  -3   1  -2  -3  -2   2   0  -4  -2  -3    0   0  53   6   0   0   8   0   0   0   0  15   0   0   0  18   0   0   0   0  0.48 0.04
   83 F    -3  -3  -3  -4  -3  -3  -4  -4  -1   1   0  -3   0   7  -4  -3  -2   1   4  -1    0   0   0   0   0   0   0   0   0   8   0   0   0  81   0   0   0   0  11   0  0.81 0.05
   84 E    -1  -1   4   1  -3   1   4  -2   0  -3  -3   0  -2  -3  -2   0   1  -3  -2  -3    0   0  32   0   0   0  57   0   0   0   0   0   0   0   0   0  10   0   0   0  0.55 0.04
   85 V    -1  -3  -3  -4  -1  -3  -3  -4  -4   3   1  -3   1  -1  -3  -2   0  -3  -2   4    0   0   0   0   0   0   0   0   0  30   0   0   0   0   0   0   0   0   0  70  0.45 0.04
   86 L    -2  -3  -4  -4  -2  -3  -3  -4  -3   1   5  -3   2   0  -3  -3  -2  -2  -1   1    0   0   0   0   0   0   0   0   0   0 100   0   0   0   0   0   0   0   0   0  0.59 0.05
   87 S     0  -1   0  -1  -1  -1  -1  -1  -2  -2  -2  -1  -1  -3  -1   3   4  -3  -2  -1    0   0   0   0   0   0   0   0   0   0   0   0   0   0   0  46  54   0   0   0  0.48 0.05

                      K         Lambda
Standard Ungapped    0.1308     0.3127
Standard Gapped      0.0410     0.2670
PSI Ungapped         0.1308     0.3127
PSI Gapped           0.0410     0.2670
