
Last position-specific scoring matrix computed, weighted observed percentages rounded down, information per position, and relative weight of gapless real matches to pseudocounts
            A   R   N   D   C   Q   E   G   H   I   L   K   M   F   P   S   T   W   Y   V   A   R   N   D   C   Q   E   G   H   I   L   K   M   F   P   S   T   W   Y   V
    1 L    -1  -2  -4  -4  -1  -2  -3  -4  -3   2   4  -3   2   0  -3  -2  -1  -2  -1   2    0   0   0   0   0   0   0   0   0   0  70   0   0   0   0   0   0   0   0  30  0.39 0.02
    2 K    -1   3   0   0  -3   1   3  -2   2  -3  -3   3  -2  -3  -1   0   1  -3  -2  -2    0  17   0   0   0   0  30   0   7   0   0  30   0   0   0   0  15   0   0   0  0.36 0.01
    3 D    -2  -2   1   5  -4  -1   1  -2  -2  -3  -4  -1  -3  -4   4  -1  -1  -4  -3  -3    0   0   0  70   0   0   0   0   0   0   0   0   0   0  30   0   0   0   0   0  0.94 0.03
    4 H     0   0   0  -1  -3   0   1   2   4  -3  -3   2  -2  -3   2   0  -1  -3  -1  -3    8   0   0   0   0   0   7  22  23   0   0  30   0   0   9   0   0   0   0   0  0.31 0.01
    5 E     0   1   0   0  -3   2   4  -2   2  -3  -3   3  -2  -3  -1   0  -1  -3  -2  -2    8   0   0   0   0   9  45   0   8   0   0  29   0   0   0   0   0   0   0   0  0.42 0.02
    6 G     0  -3  -1  -2  -3  -2  -2   6  -2  -4  -4  -2  -3  -3  -2   0  -2  -3  -3  -3    0   0   0   0   0   0   0 100   0   0   0   0   0   0   0   0   0   0   0   0  1.12 0.03
    7 K     0   1   1  -1  -2   1   0  -2   2  -1   1   3   0  -2  -2  -1  -1  -3  -1  -1    8   0   7   0   0   7   0   0   7   0  30  40   0   0   0   0   0   0   0   0  0.14 0.01
    8 P     1  -2  -2  -1  -2  -1   1  -2  -2  -2  -1  -1  -1  -3   6   0  -1  -3  -3  -2   16   0   0   0   0   0  15   0   0   0   9   0   0   0  53   7   0   0   0   0  0.86 0.02
    9 V    -1  -1  -2  -2  -1  -1  -2  -2  -2   2   3  -2   1   0  -1  -1  -1  -1  -1   2    2   2   1   2   1   1   2   2   1   9  50   2   1   1   2   2   2   0   1  17  0.16 0.01
   10 R     0   2  -1  -1  -2   0   0  -2   2  -1  -1   2  -1  -2  -2   0   2  -3  -1   0    8  15   0   0   0   0   0   0   9   0   0  30   0   0   0   0  22   0   0  15  0.18 0.01
   11 Y    -1  -2  -3  -3  -2  -2  -2  -3   1   0  -1  -2  -1   2  -3  -2  -1   1   6   2    0   0   0   0   0   0   0   0   0   0   0   0   0   0   0   0   0   0  70  30  0.59 0.03
   12 D    -2  -2   1   6  -4  -1   1  -2  -1  -3  -4  -1  -3  -4  -2   0  -1  -5  -3  -4    0   0   0 100   0   0   0   0   0   0   0   0   0   0   0   0   0   0   0   0  1.03 0.03
   13 T    -1   3   0  -1  -3   1   0  -2  -1  -3  -2   4  -1  -3  -1   0   1  -3  -2  -2    0  17   0   0   0   0   0   0   0   0   0  67   0   0   0   0  15   0   0   0  0.44 0.02
   14 V    -1  -2  -2  -1  -2   0   2  -3  -2   2   0  -1   0  -1  -2  -1   0  -3  -2   3    0   0   0   0   0   0  30   0   0  15   0   0   0   0   0   0   0   0   0  55  0.22 0.02
   15 Y    -2  -2  -3  -4  -3  -2  -3  -3   1  -1  -1  -2  -1   5  -3  -2  -2   2   7  -1    0   0   0   0   0   0   0   0   0   0   0   0   0  30   0   0   0   0  70   0  0.83 0.03
   16 Y    -2  -2  -2  -3  -2  -2  -2  -3   1  -1  -1  -2  -1   2  -3  -1   1   2   7  -1    0   0   0   0   0   0   0   0   0   0   0   0   0   0   0   0  17   0  83   0  0.74 0.03
   17 I    -1  -3  -3  -3  -1  -3  -3  -4  -3   4   2  -3   1   0  -3  -2  -1  -3  -1   3    0   0   0   0   0   0   0   0   0  63   8   0   0   0   0   0   0   0   0  29  0.38 0.02
   18 G     0  -3  -1  -2  -2  -2  -2   5  -3   0  -2  -2  -1  -2  -2  -1  -1  -3  -3   1    0   0   0   0   0   0   0  70   0   0   0   0   0   0   0   0   0   0   0  30  0.58 0.02
   19 E    -1   0   0   1  -4   4   5  -2   0  -3  -3   1  -2  -4  -1   0  -1  -3  -2  -3    0   0   0   0   0  30  70   0   0   0   0   0   0   0   0   0   0   0   0   0  0.68 0.03
   20 S     0   0   0  -1  -2   3   0   3  -1  -3  -3   0  -1  -3  -2   2   0  -3  -2  -2    0   0   0   0   0  37   0  30   0   0   0   0   0   0   0  33   0   0   0   0  0.40 0.02
   21 D    -2  -2   1   6  -4  -1   1  -2  -1  -3  -4  -1  -3  -4  -2   0  -1  -5  -3  -4    0   0   0 100   0   0   0   0   0   0   0   0   0   0   0   0   0   0   0   0  1.03 0.03
   22 H    -2  -2  -2  -3  -2  -2  -3  -3   3   0   1  -3   0   6  -4  -2  -2   0   2  -1    0   0   0   0   0   0   0   0  15   0  17   0   0  67   0   0   0   0   0   0  0.51 0.02
   23 Y    -2  -2  -2  -3  -3  -2  -2  -3   2  -2  -1  -2  -1   3  -3  -2  -2   2   7  -1    0   0   0   0   0   0   0   0   0   0   0   0   0   0   0   0   0   0 100   0  1.02 0.04
   24 I    -1  -2  -2  -3  -1  -2  -2  -3  -3   3   1  -2   0  -1  -2  -1   2  -3  -2   3    0   0   0   0   0   0   0   0   0  32   0   0   0   0   0   0  30   0   0  38  0.26 0.01
   25 P    -1   0  -2  -1  -3   0  -1  -2  -2  -3  -3   2  -2  -4   7  -1  -1  -4  -3  -3    0   0   0   0   0   0   0   0   0   0   0  30   0   0  70   0   0   0   0   0  1.34 0.03
   26 K    -1   3   0  -1  -3   1   0   3  -1  -3  -3   3  -2  -3  -2   0  -1  -3  -2  -3    0  22   0   0   0   0   0  30   0   0   0  48   0   0   0   0   0   0   0   0  0.44 0.02
   27 D     0   0   1   5  -3   0   1  -1  -1  -3  -3   2  -2  -4  -1   0  -1  -4  -3  -3    8   0   0  62   0   0   0   0   0   0   0  30   0   0   0   0   0   0   0   0  0.56 0.02
   28 E     1   1  -1   0  -3   1   4  -2  -1  -3  -3   3  -2  -3  -1   0  -1  -3  -2  -2   16   0   0   0   0   0  45   0   0   0   0  39   0   0   0   0   0   0   0   0  0.42 0.02
   29 D     0  -1   3   4  -3  -1   0   3  -1  -3  -4   0  -3  -3  -2   0  -1  -4  -3  -3    7   0  22  33   0   0   0  30   0   0   0   8   0   0   0   0   0   0   0   0  0.44 0.01
   30 G     2  -2  -1  -2  -2  -2  -2   5  -2  -3  -3  -1  -2  -3  -2   0  -1  -3  -3  -2   30   0   0   0   0   0   0  70   0   0   0   0   0   0   0   0   0   0   0   0  0.72 0.02
   31 T    -1   1   2   0  -3   3   1  -2   2  -3  -3   2  -1  -3  -1   0   1  -3  -1  -2    0   0  16   0   0  30   8   0   9   0   0  22   0   0   0   0  15   0   0   0  0.33 0.01
   32 Y    -1  -2  -2  -3  -3  -2  -3   3   0  -2  -1  -2  -1   4  -3  -2  -2   1   5  -2    0   0   0   0   0   0   0  30   0   0   0   0   0  23   0   0   0   0  47   0  0.53 0.02
   33 M    -1   1  -1  -2  -2   0   0  -2  -2   0   2   3   2  -1  -2   0  -1  -2  -2  -1    0   0   0   0   0   0   0   0   0   0  30  46  15   0   0   8   0   0   0   0  0.17 0.02
   34 R    -1   3   0   2  -3   3   1  -2   0  -3  -3   3  -1  -3  -1   0  -1  -3  -2  -3    0  15   0  17   0  30   0   0   0   0   0  37   0   0   0   0   0   0   0   0  0.44 0.02
   35 F    -2  -2  -2  -3  -3  -2  -2  -3   0  -2  -1  -2  -1   3   4  -2  -2   1   6  -2    0   0   0   0   0   0   0   0   0   0   0   0   0  15  30   0   0   0  55   0  0.78 0.03
   36 S    -1  -1  -1   1  -3   0   2  -2  -1  -2  -2  -1  -1   3   3   1  -1  -1   0  -2    0   0   0   8   0   0  29   0   0   0   0   0   0  30  17  15   0   0   0   0  0.32 0.01
   37 D     1  -2   1   5  -2   0   1  -1  -1  -3  -3  -1  -2  -3  -1   2   1  -4  -3  -2   16   0   0  54   0   0   0   0   0   0   0   0   0   0   0  23   7   0   0   0  0.47 0.02
   38 P     0  -2  -2  -2  -2  -1  -1  -2  -2   0   1  -1   2  -1   5  -1  -1  -2  -2   0    9   1   1   1   0   1   1   1   0   1  19   1  15   1  39   1   1   0   0   8  0.51 0.01
   39 S     1  -1   0   2  -2  -1   0   4  -1  -2  -2  -1  -2  -2  -1   1   0  -2  -2  -2   19   1   1  16   0   1   1  38   0   1   1   1   0   1   1  16   1   0   0   1  0.33 0.01
   40 E     0   0   0   2  -2   1   4  -1   0  -3  -2   2  -2  -3  -1   1   0  -2  -2  -2    1   1   1   8   0   1  46   1   0   1   1  16   0   1   1  18   1   0   0   1  0.36 0.01
   41 G     3  -1  -1  -1  -1  -1  -1   2  -1  -2  -2  -1  -1  -2  -1   1   0  -2  -2  -1   62   1   1   1   0   1   1  17   0   1   1   1   0   1   1  10   1   0   0   1  0.29 0.01
   42 Y    -1  -2  -2  -3  -2  -1  -2  -3   1   0  -1  -2  -1   2  -2  -2  -1   1   6   1    1   1   1   1   0   1   1   1   0   1   1   1   0   1   1   1   1   0  71  16  0.54 0.02
   43 E     2   0  -1   0  -2   2   3  -1  -1  -2  -2   0  -1  -2   2   0  -1  -2  -2  -1   32   1   1   1   0  10  39   1   0   1   1   1   0   1   8   1   1   0   0   1  0.30 0.01
   44 D    -1  -1   1   5  -3   0   2  -1  -1  -3  -3   0  -2  -3  -1   0  -1  -3  -2  -3    1   1   1  71   0   1  16   1   0   1   1   1   0   1   1   1   1   0   0   1  0.66 0.02
   45 M     0  -1  -1  -1  -1   2   0  -1  -1   0   0   0   2  -2  -1   0   3  -2  -1   0    8   1   1   1   0  16   1   1   0   1   1   1  16   1   1   1  41   0   0   8  0.16 0.01
   46 V     0   1  -2  -2  -1  -1  -1  -2  -2   2   1  -1   1  -1  -1  -1   0  -2  -1   3    2  10   1   2   1   1   2   2   1   2  17   2   1   1   2   2   2   0   1  48  0.10 0.01
   47 A     2   0  -1   0  -1   0   1   0  -1  -1  -1   1  -1  -2   0   1   0  -2  -1  -1   43   2   1   2   1   1  16   2   1   2   3  16   1   1   2   2   2   0   1   2  0.16 0.01
   48 V     1  -1  -2  -2  -1  -1  -1  -1  -2   2   0  -1   0  -1  -1  -1   0  -2  -1   3   17   2   1   2   1   1   2   2   1   2   3   2   1   1   2   2   2   0   1  57  0.12 0.01
   49 M    -1  -1  -2  -3  -1   0  -2  -2  -2   1   2  -1   6   0  -2  -1  -1  -1  -1   0    1   1   1   1   0   1   1   1   0   1   1   1  85   1   1   1   1   0   0   1  0.36 0.03
   50 D    -1   4   0   3  -3   1   1  -2  -1  -3  -2   2  -2  -3  -1   0  -1  -3  -2  -2    1  48   1  31   0   1   1   1   0   1   1   8   0   1   1   1   1   0   0   1  0.41 0.01
   51 T     0   0   0  -1  -1   0  -1  -1  -1  -1  -1   1  -1  -2  -1   1   4  -2  -2   0    1   1   1   1   0   1   1   1   0   1   1  16   0   1   1   1  71   0   0   1  0.32 0.02
   52 L     0  -2  -2  -3  -1  -2  -2  -2  -2   1   3  -2   1   0  -2  -1  -1  -2  -1   0   16   1   1   1   0   1   1   1   0   1  71   1   0   1   1   1   1   0   0   1  0.23 0.01
   53 I     0  -1  -1  -1  -1  -1  -1  -2  -2   2   0  -1   0  -1  -1   0   4  -2  -1   1    1   1   1   1   0   1   1   1   0  31   1   1   0   1   1   1  56   0   0   1  0.22 0.02
   54 P    -1  -2  -2  -2  -3  -2  -1  -2  -2  -3  -3  -1  -3  -4   8  -1  -1  -4  -3  -3    0   0   0   0   0   0   0   0   0   0   0   0   0   0 100   0   0   0   0   0  2.12 0.04
   55 S     0  -1   0   0  -2   0   3  -1  -1  -2  -2   0  -2  -3  -1   3   3  -3  -2  -1    0   0   0   0   0   0  30   0   0   0   0   0   0   0   0  40  30   0   0   0  0.36 0.02
   56 H    -2  -1   0  -2  -3   0  -1  -3   7  -3  -2  -1  -2   1  -3  -1  -2   0   5  -3    0   0   0   0   0   0   0   0  70   0   0   0   0   0   0   0   0   0  30   0  0.80 0.03
   57 I     0  -3  -3  -3  -1  -2  -3  -3  -3   3   1  -2   1  -1  -3  -2   0  -3  -1   3    8   0   0   0   0   0   0   0   0  38   0   0   0   0   0   0   0   0   0  54  0.32 0.02
   58 V     0  -3  -3  -3  -1  -2  -3  -3  -3   3   1  -3   1  -1  -3  -2   0  -3  -1   4    0   0   0   0   0   0   0   0   0   0   0   0   0   0   0   0   0   0   0 100  0.42 0.03
   59 F    -3  -3  -3  -4  -3  -4  -4  -3  -1   0   0  -3   0   7  -4  -3  -2   1   3  -1    0   0   0   0   0   0   0   0   0   0   0   0   0 100   0   0   0   0   0   0  0.87 0.04
   60 N    -2  -1   6   1  -3   0   0  -1   0  -4  -4   0  -2  -3  -2   0   0  -4  -2  -3    0   0 100   0   0   0   0   0   0   0   0   0   0   0   0   0   0   0   0   0  0.84 0.04
   61 G     0  -3  -1  -2  -3  -2  -2   6  -2  -4  -4  -2  -3  -3  -2   0  -2  -3  -3  -3    0   0   0   0   0   0   0 100   0   0   0   0   0   0   0   0   0   0   0   0  1.12 0.03
   62 A     3   1  -1  -2  -1   0  -1  -1   5  -2  -2   0  -1  -2  -1   0  -1  -3   0  -1   61   9   0   0   0   0   0   0  30   0   0   0   0   0   0   0   0   0   0   0  0.33 0.02
   63 V     0  -3  -3  -3  -1  -2  -3  -3  -3   3   1  -3   1  -1  -3  -2   0  -3  -1   4    0   0   0   0   0   0   0   0   0   0   0   0   0   0   0   0   0   0   0 100  0.42 0.03
   64 G     0  -3  -1  -2  -3  -2  -2   6  -2  -4  -4  -2  -3  -3  -2   0  -2  -3  -3  -3    0   0   0   0   0   0   0 100   0   0   0   0   0   0   0   0   0   0   0   0  1.12 0.03
   65 A     4  -2  -2  -2  -1  -1  -1   0  -2  -2  -2  -1  -1  -2  -1   1   0  -3  -2   0  100   0   0   0   0   0   0   0   0   0   0   0   0   0   0   0   0   0   0   0  0.47 0.03
   66 L    -2  -3  -4  -4  -1  -3  -3  -4  -3   3   4  -3   2   0  -3  -3  -1  -2  -1   1    0   0   0   0   0   0   0   0   0  30  70   0   0   0   0   0   0   0   0   0  0.42 0.02
   67 T     2  -1  -1  -1  -1  -1  -1  -1  -2  -1  -1  -1  -1  -2  -1   1   4  -3  -2   0   30   0   0   0   0   0   0   0   0   0   0   0   0   0   0   0  70   0   0   0  0.39 0.02
   68 G     0  -3  -1  -2  -3  -2  -2   6  -2  -4  -4  -2  -3  -3  -2   0  -2  -3  -3  -3    0   0   0   0   0   0   0 100   0   0   0   0   0   0   0   0   0   0   0   0  1.12 0.03
   69 E     1  -1   1   5  -3   0   3  -1  -1  -3  -3   0  -3  -3  -1   0  -1  -4  -3  -2   17   0   0  59   0   0  23   0   0   0   0   0   0   0   0   0   0   0   0   0  0.59 0.02
   70 G    -1   0   5   1  -3   0   0   2   2  -3  -4   0  -2  -3  -2   1   0  -4  -2  -3    0   0  63   0   0   0   0  15   7   0   0   7   0   0   0   7   0   0   0   0  0.50 0.02
   71 A     4  -2  -2  -2  -1  -1  -1   0  -2  -2  -2  -1  -1  -2  -1   1   0  -3  -2   0  100   0   0   0   0   0   0   0   0   0   0   0   0   0   0   0   0   0   0   0  0.47 0.03
   72 L    -2  -2  -4  -4  -1  -2  -3  -4  -3   1   4  -3   3   0  -3  -3  -1  -2  -1   1    0   0   0   0   0   0   0   0   0   0  93   0   7   0   0   0   0   0   0   0  0.48 0.02
   73 K    -1   1   0  -1  -2   1   0  -2  -1  -2  -2   4  -1  -3  -1   0   3  -3  -2  -1    0   0   0   0   0   7   0   0   0   0   0  52   0   0   0   0  40   0   0   0  0.35 0.02
   74 A     4  -2  -1  -2  -1  -1  -1   0  -2  -2  -2  -1  -1  -2  -1   2   0  -3  -2   0   91   0   0   0   0   0   0   0   0   0   0   0   0   0   0   9   0   0   0   0  0.43 0.03
   75 K     2   1  -1  -1  -2   1   0  -1  -1  -2  -2   4  -1  -3  -1   0  -1  -3  -2  -1   38   0   0   0   0   0   0   0   0   0   0  62   0   0   0   0   0   0   0   0  0.34 0.02
   76 V     2  -2  -3  -3  -1  -2  -2  -2  -3   2   0  -2   0  -1  -2  -1   0  -3  -2   4   30   0   0   0   0   0   0   0   0   0   0   0   0   0   0   0   0   0   0  70  0.26 0.02
   77 G     0  -3  -1  -2  -3  -2  -2   6  -2  -4  -4  -2  -3  -3  -2   0  -2  -3  -3  -3    0   0   0   0   0   0   0 100   0   0   0   0   0   0   0   0   0   0   0   0  1.12 0.03
   78 D    -1  -1   0   3  -4   1   5  -2   0  -4  -3   0  -2  -4  -1   0  -1  -3  -3  -3    0   0   0  23   0   0  77   0   0   0   0   0   0   0   0   0   0   0   0   0  0.72 0.03
   79 N     0   3   2  -1  -2   0   0  -1  -1  -2  -2   2  -1  -3  -1   2   2  -3  -2  -2    0  23  15   0   0   0   0   0   0   0   0  14   0   0   0  17  30   0   0   0  0.30 0.01
   80 V     0  -3  -3  -3  -1  -2  -3  -3  -3   3   1  -3   1  -1  -3  -2   0  -3  -1   4    0   0   0   0   0   0   0   0   0   0   0   0   0   0   0   0   0   0   0 100  0.42 0.03
   81 L    -1  -2  -3  -4  -2  -2  -3  -4  -3   1   4  -2   4   0  -3  -2  -1  -2  -1   1    0   0   0   0   0   0   0   0   0   0  70   0  30   0   0   0   0   0   0   0  0.43 0.02
   82 F    -2  -3  -3  -3  -2  -3  -3  -4  -1   3   1  -3   0   4  -3  -2  -1   0   4   1    0   0   0   0   0   0   0   0   0  38   0   0   0  24   0   0   0   0  30   7  0.38 0.02
   83 V    -1  -3  -3  -3  -1  -3  -3  -4  -3   3   1  -3   1  -1  -3  -2   0  -3  -1   4    0   0   0   0   0   0   0   0   0  17   7   0   0   0   0   0   0   0   0  75  0.37 0.02
   84 H    -2   0   4   0  -3   0   0  -2   7  -4  -3  -1  -2  -2  -2  -1  -1  -3   1  -3    0   0  30   0   0   0   0   0  70   0   0   0   0   0   0   0   0   0   0   0  0.76 0.03
   85 S     1  -1   0  -1  -1  -1  -1   3  -1  -3  -3  -1  -2  -3  -1   4   1  -3  -2  -2    0   0   0   0   0   0   0  30   0   0   0   0   0   0   0  70   0   0   0   0  0.47 0.02
   86 Q    -1   0   0  -1  -3   5   1   3   0  -3  -3   1  -1  -3  -2   0  -1  -2  -2  -3    0   0   0   0   0  70   0  30   0   0   0   0   0   0   0   0   0   0   0   0  0.55 0.03
   87 P     3  -2  -2  -2  -1  -1  -1  -1  -2  -2  -2  -1  -2  -3   6   0  -1  -3  -2  -1   55   0   0   0   0   0   0   0   0   0   0   0   0   0  45   0   0   0   0   0  0.84 0.02
   88 N    -2  -1   6   1  -3   0   0  -1   0  -4  -4   0  -2  -3  -2   0   0  -4  -2  -3    0   0 100   0   0   0   0   0   0   0   0   0   0   0   0   0   0   0   0   0  0.84 0.04
   89 R    -2   5  -1  -2  -3   0  -1  -3  -1  -1   1   1   0  -2  -3  -1  -1  -3  -2  -1    0  70   0   0   0   0   0   0   0   0  30   0   0   0   0   0   0   0   0   0  0.45 0.02
   90 D    -1  -2   0   5  -3  -1   1  -2  -2   0  -2  -1  -2  -3  -2  -1  -1  -4  -3   1    0   0   0  70   0   0   0   0   0   0   0   0   0   0   0   0   0   0   0  30  0.52 0.02
   91 S     1  -1   0  -1  -1   0  -1  -1  -1  -2  -2  -1  -1  -3  -1   4   3  -3  -2  -1    0   0   0   0   0   0   0   0   0   0   0   0   0   0   0  63  37   0   0   0  0.43 0.02
   92 R    -1   5   0  -1  -3   1   0  -2  -1  -3  -3   2  -2  -3  -2   2   0  -3  -2  -2    0  70   0   0   0   0   0   0   0   0   0   0   0   0   0  30   0   0   0   0  0.54 0.02
   93 P    -1  -3  -3  -2  -3  -2  -2  -3  -2  -2  -2  -2  -2   3   7  -1  -2  -2   0  -2    0   0   0   0   0   0   0   0   0   0   0   0   0  30  70   0   0   0   0   0  1.30 0.03
   94 H    -2   0   0  -1  -3   0   0  -2   8  -4  -3  -1  -2  -2  -3  -1  -2  -3   2  -4    0   0   0   0   0   0   0   0 100   0   0   0   0   0   0   0   0   0   0   0  1.06 0.05
   95 L    -1  -2  -4  -4  -1  -2  -3  -4  -3   2   4  -3   2   0  -3  -2  -1  -2  -1   2    0   0   0   0   0   0   0   0   0   0  70   0   0   0   0   0   0   0   0  30  0.39 0.02
   96 I    -2  -3  -4  -3  -1  -3  -4  -4  -4   5   1  -3   1   0  -3  -3  -1  -3  -2   3    0   0   0   0   0   0   0   0   0 100   0   0   0   0   0   0   0   0   0   0  0.47 0.03
   97 G     0  -3  -1  -2  -3  -2  -2   6  -2  -4  -4  -2  -3  -3  -2   0  -2  -3  -3  -3    0   0   0   0   0   0   0 100   0   0   0   0   0   0   0   0   0   0   0   0  1.12 0.03
   98 G     0  -2  -1   0  -3   0   2   5  -2  -4  -4  -1  -3  -3  -2   0  -2  -3  -3  -3    0   0   0   0   0   0  30  70   0   0   0   0   0   0   0   0   0   0   0   0  0.71 0.02
   99 H    -2  -1   0  -2  -3   0  -1  -3   7   2  -1  -1  -1  -1  -3  -1  -2  -3   1   0    0   0   0   0   0   0   0   0  70  30   0   0   0   0   0   0   0   0   0   0  0.55 0.03
  100 G    -1  -3  -1  -2  -3  -2  -3   5  -2  -2  -2  -2  -2   3  -3  -1  -2  -1   0  -2    0   0   0   0   0   0   0  70   0   0   0   0   0  30   0   0   0   0   0   0  0.66 0.02
  101 D    -2  -2   1   6  -4   0   2  -2  -1  -3  -4  -1  -3  -4  -2   0  -1  -4  -3  -3    0   0   0  92   0   0   8   0   0   0   0   0   0   0   0   0   0   0   0   0  0.95 0.03
  102 L    -2   0  -2  -3  -3  -1  -1  -3   0  -1   0   2  -1   1  -3  -2  -2   6   5  -1    0   0   0   0   0   0   0   0   0   0  15  30   0   0   0   0   0  17  37   0  0.46 0.02
  103 V     0  -3  -3  -3  -1  -2  -3  -3  -3   3   1  -3   1  -1  -3  -2   0  -3  -1   4    0   0   0   0   0   0   0   0   0   0   0   0   0   0   0   0   0   0   0 100  0.42 0.03
  104 W    -3  -3  -4  -4  -3  -2  -3  -3  -1  -3  -2  -3  -2   2  -4  -3  -3  10   5  -3    0   0   0   0   0   0   0   0   0   0   0   0   0   0   0   0   0  70  30   0  1.80 0.04
  105 E     2   1  -1   0  -2   1   3  -1  -1  -2  -2   0  -2  -3  -1   0   1  -3  -2  -1   29   8   0   0   0   0  45   0   0   0   0   0   0   0   0   0  17   0   0   0  0.32 0.02
  106 T     0  -2   0  -1  -1  -1  -1   3  -2  -2  -2  -1  -1  -3  -2   1   4  -3  -2  -1    0   0   0   0   0   0   0  30   0   0   0   0   0   0   0   0  70   0   0   0  0.44 0.02
  107 G     0  -3  -1  -2  -3  -2  -2   6  -2  -4  -4  -2  -3  -3  -2   0  -2  -3  -3  -3    0   0   0   0   0   0   0 100   0   0   0   0   0   0   0   0   0   0   0   0  1.12 0.03
  108 K    -1   2   0  -1  -3   1   1  -2  -1  -3  -3   5  -2  -3  -1   0  -1  -3  -2  -3    0   0   0   0   0   0   0   0   0   0   0 100   0   0   0   0   0   0   0   0  0.60 0.03
  109 F    -2  -3  -3  -4  -2  -3  -3  -4  -2   0   2  -3   1   6  -4  -3  -2   0   2   0    0   0   0   0   0   0   0   0   0   0  30   0   0  70   0   0   0   0   0   0  0.58 0.02
  110 H     1   1   0  -2  -2  -1  -1  -2   3   2   0  -1   0  -1  -2  -1  -1  -3  -1   1   25  14   7   0   0   0   0   0  15  30   0   0   0   0   0   0   0   0   0   8  0.09 0.01
  111 N    -2  -1   6   1  -3   0   0  -1   0  -3  -4   0  -2  -3  -2   1   1  -4  -2  -3    0   0  93   0   0   0   0   0   0   0   0   0   0   0   0   0   7   0   0   0  0.75 0.03
  112 A     1  -1  -1  -1  -1  -1  -1  -1  -1  -1  -1  -1  -1  -2   5   0   0  -2  -2   0   25   2   1   2   1   1   2   2   1   2   3   2   1   1  41   2   2   0   1  10  0.57 0.01
  113 P    -1  -1  -1  -1  -2  -1  -1  -1  -2  -2  -2  -1  -2  -2   7  -1  -1  -2  -2  -2    2   2   1   2   1   1   2   2   1   2   3   2   1   1  72   2   2   0   1   2  1.25 0.02
  114 E    -1   0   0   3  -2   2   3  -1   0  -2  -2   0  -1  -2  -1   0  -1  -2  -2  -2    2   2   1  31   1  19  25   2   1   2   3   2   1   1   2   2   2   0   1   2  0.34 0.01
  115 R    -1   3  -1  -1  -3   1   2  -3  -1   0   1   1   0  -2  -2  -1  -1  -3  -2   0    0  32   0   0   0   0  30   0   0   0  23   0   0   0   0   0   0   0   0  14  0.21 0.01
  116 D    -2  -1   5   5  -3   0   1  -1   0  -3  -4  -1  -3  -4  -2   0  -1  -4  -3  -3    0   0  47  53   0   0   0   0   0   0   0   0   0   0   0   0   0   0   0   0  0.73 0.02
  117 L    -1  -1  -2  -2  -2   3   0  -3  -1   1   1   0   3  -1  -2  -1  -1  -2  -1   2    0   0   0   0   0  37   0   0   0   0  15   0  17   0   0   0   0   0   0  30  0.20 0.02
  118 E    -1   0   0   1  -4   4   5  -2   0  -3  -3   1  -2  -4  -1   0  -1  -3  -2  -3    0   0   0   0   0  30  70   0   0   0   0   0   0   0   0   0   0   0   0   0  0.68 0.03
  119 T     0  -1   0  -1  -1  -1  -1  -1  -2  -1  -2  -1  -1  -2  -1   3   4  -3  -2  -1    0   0   0   0   0   0   0   0   0   0   0   0   0   0   0  30  70   0   0   0  0.45 0.02
  120 W    -2  -2  -2  -3  -2  -2  -2  -3  -2  -2  -2  -2  -1   0  -3  -1   2  10   1  -2    0   0   0   0   0   0   0   0   0   0   0   0   0   0   0   0  30  70   0   0  1.56 0.04
  121 F    -2  -3  -3  -4  -2  -3  -3  -4  -2   2   1  -3   0   5  -4  -3  -2   0   2   1    0   0   0   0   0   0   0   0   0  30   7   0   0  63   0   0   0   0   0   0  0.49 0.02
  122 I    -1  -3  -3  -3  -1  -3  -3  -4  -4   4   1  -3   1   0  -3  -2  -1  -3  -1   3    0   0   0   0   0   0   0   0   0  70   0   0   0   0   0   0   0   0   0  30  0.41 0.02
  123 R    -1   1  -2  -2  -3  -1  -1  -2  -2  -3  -3   0  -3  -4   7  -1  -1  -4  -3  -3    0  15   0   0   0   0   0   0   0   0   0   0   0   0  85   0   0   0   0   0  1.68 0.03
  124 G     2  -2  -1  -2  -2  -2  -2   5  -2  -3  -3  -1  -2  -3  -2   0  -1  -3  -3  -2   30   0   0   0   0   0   0  70   0   0   0   0   0   0   0   0   0   0   0   0  0.72 0.02
  125 G     0  -3  -1  -2  -3  -2  -2   6  -2  -4  -4  -2  -3  -3   1   0  -2  -3  -3  -3    0   0   0   0   0   0   0  92   0   0   0   0   0   0   8   0   0   0   0   0  1.01 0.03
  126 T     1  -2   0  -1  -1  -1  -1   3  -2  -2  -2  -1  -2  -3  -1   2   2  -3  -2  -1   15   0   0   0   0   0   0  30   0   0   0   0   0   0   0  25  30   0   0   0  0.35 0.01
  127 A     3   0  -1  -1  -1  -1  -1   0  -1  -2  -2   0  -1  -3  -1   2   0  -3  -2  -1   62   8   0   0   0   0   0   0   0   0   0   0   0   0   0  30   0   0   0   0  0.34 0.02
  128 G     2  -2  -1  -2  -2  -2  -2   4  -2  -2  -2  -1  -2  -3  -2   0  -1  -3  -3   0   38   0   0   0   0   0   0  53   0   0   0   0   0   0   0   0   0   0   0   9  0.49 0.02
  129 A     3  -2  -2  -2  -1  -1  -2  -1  -2   2   0  -1   0  -2  -1   0   0  -3  -2   1   70   0   0   0   0   0   0   0   0  30   0   0   0   0   0   0   0   0   0   0  0.26 0.02
  130 A     4  -2  -2  -2  -1  -1  -1  -1  -2   0  -1  -1   0  -2  -1   0   0  -3  -2   2   70   0   0   0   0   0   0   0   0   0   0   0   0   0   0   0   0   0   0  30  0.29 0.02
  131 L    -2  -2  -2  -1  -2   0   2  -3  -1   0   2  -1   0   3  -3  -2  -1   0   3  -1    0   0   0   0   0   0  30   0   0   0  33   0   0  22   0   0   0   0  15   0  0.23 0.01
  132 Y    -2  -2  -3  -4  -3  -2  -3  -3   1  -1  -1  -2  -1   5  -3  -2  -2   2   7  -1    0   0   0   0   0   0   0   0   0   0   0   0   0  30   0   0   0   0  70   0  0.83 0.03
  133 K     0   1   0  -1  -2   0   0  -2  -1  -2  -2   3  -1  -3  -1   1   4  -3  -2  -1    0   0   0   0   0   0   0   0   0   0   0  45   0   0   0   0  55   0   0   0  0.36 0.02
  134 F    -2  -3  -3  -4  -2  -3  -3  -3  -2   1   0  -3   0   6  -3  -2  -2   0   2   2    0   0   0   0   0   0   0   0   0   0   0   0   0  70   0   0   0   0   0  30  0.52 0.02
  135 L    -1   1   0   3  -3   2   2  -2  -1  -2   0   2  -1  -2  -2  -1  -1  -3  -2  -2    0   7   0  30   0  15  15   0   0   0  15  17   0   0   0   0   0   0   0   0  0.30 0.01
  136 Q    -1   0  -1  -1  -3   5   1  -3   0   2  -1   0   0  -2  -2  -1  -1  -2  -2   0    0   0   0   0   0  70   0   0   0  30   0   0   0   0   0   0   0   0   0   0  0.38 0.03
  137 P    -1  -2  -2  -2  -3  -2  -1  -2  -2  -3  -3  -1  -3  -4   8  -1  -1  -4  -3  -3    0   0   0   0   0   0   0   0   0   0   0   0   0   0 100   0   0   0   0   0  2.12 0.04
  138 G     0  -3  -1  -2  -3  -2  -2   6  -2  -4  -4  -2  -3  -3  -2   0  -2  -3  -3  -3    0   0   0   0   0   0   0 100   0   0   0   0   0   0   0   0   0   0   0   0  1.12 0.03
  139 V     0  -2  -1  -2  -1  -1  -2  -2  -2   2   0  -1   0  -1  -2   2   2  -3  -2   2    0   0   0   0   0   0   0   0   0  30   0   0   0   0   0  30  17   0   0  23  0.17 0.01
  140 Y    -2  -2  -2  -3  -3  -2  -2  -3   2  -2  -1  -2  -1   3  -3  -2  -2   2   7  -1    0   0   0   0   0   0   0   0   0   0   0   0   0   0   0   0   0   0 100   0  1.02 0.04
  141 A     3  -2  -1  -2  -1  -1  -1  -1  -2  -1  -1  -1  -1  -2  -1   1   2  -3  -2   1   61   0   0   0   0   0   0   0   0   0   0   0   0   0   0   0  30   0   0   9  0.30 0.02
  142 Y    -2  -2  -3  -4  -2  -2  -3  -4   1   0   2  -2   0   2  -3  -2  -2   1   6  -1    0   0   0   0   0   0   0   0   0   0  30   0   0   0   0   0   0   0  70   0  0.62 0.03
  143 V    -1  -3  -3  -4  -1  -2  -3  -4  -3   2   2  -3   1  -1  -3  -2   0  -3  -1   4    0   0   0   0   0   0   0   0   0   0  17   0   0   0   0   0   0   0   0  83  0.36 0.02
  144 N    -1  -1   5   4  -3   0   0  -1   0  -3  -4   0  -3  -3  -2   1   0  -4  -3  -3    0   0  53  30   0   0   0   0   0   0   0   0   0   0   0  17   0   0   0   0  0.57 0.02
  145 H    -2   0   0  -1  -3   0   0  -2   8  -4  -3  -1  -2  -2  -3  -1  -2  -3   2  -4    0   0   0   0   0   0   0   0 100   0   0   0   0   0   0   0   0   0   0   0  1.06 0.05
  146 N    -1  -1   5   1  -2   0   0  -1   0  -3  -3   0  -2  -3  -2   2   0  -4  -2  -3    0   0  70   0   0   0   0   0   0   0   0   0   0   0   0  30   0   0   0   0  0.59 0.03
  147 L    -2  -3  -4  -4  -1  -3  -3  -4  -3   3   4  -3   2   0  -3  -3  -1  -2  -1   1    0   0   0   0   0   0   0   0   0  30  70   0   0   0   0   0   0   0   0   0  0.42 0.02
  148 I    -2  -3  -3  -4  -2  -3  -4  -4  -3   4   1  -3   1   4  -3  -3  -1  -1   1   2    0   0   0   0   0   0   0   0   0  70   0   0   0  30   0   0   0   0   0   0  0.38 0.02
  149 E    -1   3   0   1  -4   2   5  -2   0  -3  -3   1  -2  -3  -2   0  -1  -3  -2  -3    0  30   0   0   0   0  70   0   0   0   0   0   0   0   0   0   0   0   0   0  0.62 0.02
  150 A     4  -2  -2  -2  -1  -1  -1   0  -2  -2  -2  -1  -1  -2  -1   1   0  -3  -2   0  100   0   0   0   0   0   0   0   0   0   0   0   0   0   0   0   0   0   0   0  0.47 0.03
  151 V    -2  -3  -3  -4  -2  -3  -3  -3  -2   1   1  -3   2   6  -3  -2  -2   0   2   1    0   0   0   0   0   0   0   0   0   0   0   0  17  67   0   0   0   0   0  15  0.50 0.02
  152 H    -1   0   3   1  -4   1   4  -2   3  -4  -3   0  -2  -3  -2   0  -1  -3  -1  -3    0   0  30   0   0   0  55   0  15   0   0   0   0   0   0   0   0   0   0   0  0.53 0.02
  153 K    -1   0  -2  -2  -2   0  -1  -3  -2   0   3   3   1  -1  -2  -1  -1  -2  -2   0    0   0   0   0   0   0   0   0   0   0  55  45   0   0   0   0   0   0   0   0  0.22 0.02
  154 G     0  -3  -1  -2  -3  -2  -2   6  -2  -4  -4  -2  -3  -3  -2   0  -2  -3  -3  -3    0   0   0   0   0   0   0 100   0   0   0   0   0   0   0   0   0   0   0   0  1.12 0.03
  155 A     4  -2  -2  -2  -1  -1  -1   0  -2  -2  -2  -1  -1  -2  -1   1   0  -3  -2   0  100   0   0   0   0   0   0   0   0   0   0   0   0   0   0   0   0   0   0   0  0.47 0.03
  156 T     2  -2  -2  -2  -1  -1  -2  -1  -2   0   2  -1   1  -1  -2   0   1  -2  -2   0   46   0   0   0   0   0   0   0   0   0  39   0   0   0   0   0  15   0   0   0  0.19 0.01
  157 A     3  -2  -1  -2  -1  -1  -2   4  -2  -2  -2  -1  -2  -3  -2   1  -1  -3  -3  -1   55   0   0   0   0   0   0  45   0   0   0   0   0   0   0   0   0   0   0   0  0.51 0.02
  158 H    -1   0   0  -1  -3   4   1  -2   7  -3  -3   0  -1  -2  -2  -1  -1  -2   0  -3    0   0   0   0   0  47   0   0  53   0   0   0   0   0   0   0   0   0   0   0  0.66 0.03
  159 V     0  -3  -3  -4  -2  -3  -3  -3  -2   2   2  -3   1   4  -3  -2  -1  -1   1   1    8   0   0   0   0   0   0   0   0   9  30   0   0  37   0   0   0   0   0  15  0.29 0.01
  160 L     0   1  -1  -1  -2   1   0  -2  -1  -2   0   4  -1  -2  -1   0  -1  -3  -2  -2    7   0   0   0   0   0   0   0   0   0  15  69   0   0   0   8   0   0   0   0  0.29 0.02
  161 V     0  -3  -3  -3  -1  -2  -3  -3  -3   3   1  -3   1  -1  -3  -2   0  -3  -1   4    0   0   0   0   0   0   0   0   0   0   0   0   0   0   0   0   0   0   0 100  0.42 0.03
  162 E    -1  -1   0   1  -3   1   4  -2  -1  -2  -2   0  -2  -3  -1   0   3  -3  -2  -2    0   0   0   0   0   0  63   0   0   0   0   0   0   0   0   0  37   0   0   0  0.48 0.02
  163 G     0  -3  -1  -2  -3  -2  -2   6  -2  -4  -4  -2  -3  -3  -2   0  -2  -3  -3  -3    0   0   0   0   0   0   0 100   0   0   0   0   0   0   0   0   0   0   0   0  1.12 0.03
  164 E     2  -1   0   3  -2   2   3  -1  -1  -3  -3   0  -2  -3  -1   0  -1  -3  -2  -2   30   0   0  23   0  17  30   0   0   0   0   0   0   0   0   0   0   0   0   0  0.37 0.01
  165 W    -2  -2  -3  -1  -3   0   2  -3  -2  -3  -2  -2  -2   0  -3  -2  -2  10   1  -3    0   0   0   0   0   0  30   0   0   0   0   0   0   0   0   0   0  70   0   0  1.59 0.04
  166 D    -2  -1   5   4  -3   0   0  -1   0  -4  -4   0  -3  -3  -2   0   0  -4  -3  -3    0   0  67  33   0   0   0   0   0   0   0   0   0   0   0   0   0   0   0   0  0.71 0.03
  167 N    -2  -2   2   5  -3  -1   1  -2  -1  -3  -4  -1  -3  -4   4   0  -1  -4  -3  -3    0   0  15  55   0   0   0   0   0   0   0   0   0   0  30   0   0   0   0   0  0.82 0.02
  168 D    -2  -1   1   5  -4   0   3  -2  -1  -3  -4   0  -3  -4  -2   0  -1  -4  -3  -3    0   0   0  70   0   0  30   0   0   0   0   0   0   0   0   0   0   0   0   0  0.80 0.02
  169 L    -2  -3  -4  -4  -1  -3  -3  -4  -3   3   4  -3   2   0  -3  -3  -1  -2  -1   1    0   0   0   0   0   0   0   0   0  30  70   0   0   0   0   0   0   0   0   0  0.42 0.02
  170 M    -1  -2  -3  -3  -2  -1  -2  -3  -2   1   2  -2   7   0  -3  -2  -1  -2  -1   1    0   0   0   0   0   0   0   0   0   0   0   0 100   0   0   0   0   0   0   0  0.53 0.05
  171 E     0  -1   0  -1  -1   0   1  -2  -2  -1  -2  -1  -1  -3  -1   1   5  -3  -2   0    0   0   0   0   0   0  15   0   0   0   0   0   0   0   0   0  85   0   0   0  0.46 0.03
  172 Q     1   0   0  -1  -2   4   1  -1   0  -3  -2   1  -1  -3  -1   2   1  -3  -2  -2    7   0   0   0   0  54   0   0   0   0   0   0   0   0   0  30   8   0   0   0  0.40 0.02
  173 V     0  -3  -3  -3  -1  -2  -3  -3  -3   3   1  -3   1  -1  -3  -2   0  -3  -1   4    0   0   0   0   0   0   0   0   0   0   0   0   0   0   0   0   0   0   0 100  0.39 0.01
  174 V     0   2  -2  -2  -2  -1  -1  -2  -2   1   1   1   0  -1  -2  -1   0  -3  -2   2   12  21   0   0   0   0   0   0   0   0  10  13   0   0   0   0   0   0   0  44  0.13 0.00
  175 A     4  -1  -1  -1  -1   0  -1   0  -1  -2  -2   1  -1  -3  -1   2   0  -3  -2  -1   68   0   0   0   0   0   0   0   0   0   0  11   0   0   0  22   0   0   0   0  0.33 0.01
  176 P    -1  -2  -2  -2  -3  -1  -1  -2  -2  -3  -3  -1  -3  -4   8  -1  -1  -4  -3  -3    0   0   0   0   0   0   0   0   0   0   0   0   0   0 100   0   0   0   0   0  2.09 0.02
  177 V     1  -1   0  -1  -1  -1  -1  -1  -2   0  -1  -1   0  -2  -1   3   2  -3  -2   2    0   0   0   0   0   0   0   0   0   0   0   0   0   0   0  49  17   0   0  34  0.21 0.00
  178 G     0  -2   0  -1  -3  -2  -2   6  -2  -4  -4  -2  -3  -3  -2   0  -2  -3  -3  -3    0   0   0   0   0   0   0 100   0   0   0   0   0   0   0   0   0   0   0   0  1.05 0.00

                      K         Lambda
Standard Ungapped    0.1385     0.3173
Standard Gapped      0.0410     0.2670
PSI Ungapped         0.1385     0.3173
PSI Gapped           0.0410     0.2670
