
Last position-specific scoring matrix computed, weighted observed percentages rounded down, information per position, and relative weight of gapless real matches to pseudocounts
           A  R  N  D  C  Q  E  G  H  I  L  K  M  F  P  S  T  W  Y  V   A   R   N   D   C   Q   E   G   H   I   L   K   M   F   P   S   T   W   Y   V
    1 S    2 -2  4 -2 -3 -2 -2 -2 -2 -3 -3 -2 -3 -4 -3  2  4 -4 -3 -2   20   0  28   0   0   0   0   0   0   0   0   0   0   0   0  16  36   0   0   0  0.66 0.28
    2 A    4  0 -3 -3  2 -1  0 -1 -1 -1 -1 -2 -2 -3 -3  0 -1 -4 -1  2   47   4   0   0   4   2   6   4   1   0   6   0   0   0   0   4   1   0   2  19  0.36 0.24
    3 L   -4 -5 -6 -6 -4 -5 -5 -6 -5  1  5 -5  1  4 -5 -5 -4 -3  1  1    0   0   0   0   0   0   0   0   0   6  59   0   3  19   0   0   0   0   5   9  1.04 0.45
    4 E   -2  0 -3 -2 -2  4  7 -5 -3 -6 -6 -1 -5 -6 -4 -2 -4 -6 -5 -6    3   3   0   0   1  16  73   0   0   0   0   1   0   0   0   3   0   0   0   0  1.62 0.69
    5 G    0  1  0  1 -4  3  3 -1  0 -4 -4  2 -3 -4 -3  1  1 -4 -3 -2    8   8   4   8   0  14  22   3   2   0   0  10   0   0   0   8   9   0   0   3  0.38 0.25
    6 K    2  2 -2 -1 -1  1  1 -2 -1 -1  1  1  1 -3 -3 -1  0 -4 -1 -1   21  11   1   2   2   5  12   1   1   4  19   9   4   0   0   1   4   0   1   2  0.16 0.18
    7 I   -3 -5 -3 -6 -4 -5 -5 -6 -5  5  4 -5  2  3 -5 -4 -3 -1 -1  1    1   0   2   0   0   0   0   0   0  32  36   0   5  14   0   0   0   1   1   8  0.85 0.40
    8 A    5 -1 -3 -3  7 -1 -3 -2 -3 -3 -4 -1 -4 -5 -4  1 -2 -5 -5 -3   55   4   1   1  21   2   1   2   0   1   0   4   0   0   0   7   2   0   0   0  1.04 0.52
    9 K    2  1  0  2 -2  1  3 -2 -1 -4 -2  2 -2 -4 -3  0 -1 -5 -4 -2   21   6   3  11   1   6  27   1   1   0   3  13   1   0   0   3   3   0   0   2  0.40 0.28
   10 L   -3 -2 -5 -6 -3 -3 -5 -6 -4  0  5 -2  2  3 -5 -5 -3 -1  2 -1    1   2   0   0   0   1   0   0   0   4  66   2   3  10   0   0   1   1   7   3  0.97 0.46
   11 E   -3 -2 -2 -1  0 -2  3 -3  3 -2 -1  2  1  1 -3 -1  3 -4  1 -2    0   0   1   2   2   0  21   1   8   2   4  12   3   6   0   2  27   0   6   2  0.37 0.31
   12 H   -2 -1  0  0 -5  0 -1  6  1 -6 -6 -1 -5 -6 -3 -2 -4 -5 -5 -6    1   3   4   6   0   4   5  68   3   0   0   4   0   0   1   1   0   0   0   0  1.25 0.53
   13 A    3 -3  0 -3  0 -2 -2  3 -4 -3 -3  1  2 -3 -3  0  2 -5 -4 -1   34   0   4   0   2   1   1  21   0   0   0   9   7   1   0   4  13   0   0   5  0.47 0.34
   14 E    1  0 -1  3 -5  1  5 -3 -3 -4 -5  2 -4 -5  0 -2 -2 -5 -4 -2   10   4   2  14   0   4  42   1   0   1   0  12   0   0   5   1   1   0   0   3  0.71 0.41
   15 A    3  0 -1  0 -3  1  0  0  5 -4 -4 -1 -3 -2 -1  0 -1 -3  3 -2   32   6   2   5   0   5   5   6  15   0   0   2   0   1   2   6   2   0  10   2  0.38 0.29
   16 C    5 -4 -3 -3  4 -1 -2  1 -4 -2 -3 -3 -3 -4 -3  1  0 -5 -4  0   49   0   0   1   8   2   1   9   0   2   0   0   0   0   0  11   6   0   0   8  0.66 0.40
   17 A   -2 -3  0 -5  1 -2 -4 -5 -2  3  3 -4  1  2 -5 -3 -1 -3  1  2    2   1   6   0   3   1   0   0   1  15  34   0   2   8   0   1   2   0   5  17  0.49 0.30
   18 A    3 -4 -5 -5 -1 -4 -4 -3 -5  2  2 -4  0 -1 -3 -1 -2 -5 -2  4   30   0   0   0   1   0   0   2   0   8  17   0   1   2   1   3   1   0   1  33  0.61 0.39
   19 T   -2 -3 -1 -3  0 -2 -3 -5 -4  0 -1 -4  1  5 -5 -3  1  0  2  3    2   1   3   1   2   2   1   0   0   3   4   0   4  31   0   1  10   1   6  27  0.65 0.39
   20 A    2 -3  3 -2 -1  0 -3  0 -3 -3 -4 -3 -4 -5  2  4  0 -5 -1 -2   15   0  16   1   1   3   0   6   0   1   1   0   0   0  10  36   5   0   2   2  0.59 0.41
   21 S   -2 -1  3 -2  2 -4 -4  0 -4 -6 -6 -4 -5 -6 -3  6 -1 -6 -5 -5    2   4  16   2   4   0   0   8   0   0   0   0   0   0   1  64   1   0   0   0  1.25 0.67
   22 G    0 -5  2 -4  4 -5 -5  6 -5 -6 -6 -5  0 -6 -6 -3 -3 -6 -6 -6    7   0  12   0   9   0   0  68   0   0   0   0   3   0   0   1   2   0   0   0  1.59 0.68
   23 M    2 -4 -4 -3 -2 -1 -4 -3 -3 -1  0 -1  5  2 -3  0  3 -3  3 -2   20   0   0   1   0   2   0   2   0   2   8   3  21   8   1   5  17   0   9   0  0.50 0.39
   24 G    4 -3 -1  0 -1  1 -1  1 -1 -3 -2 -3 -3 -4 -3  1  1 -5 -3  0   39   0   2   6   1   6   3  11   2   1   4   0   0   0   0   9  10   0   1   7  0.40 0.32
   25 A    6 -5 -3 -5 -4 -5 -4  1 -5 -5 -5 -5 -3 -6 -5  0 -1 -6 -6 -3   77   0   1   0   0   0   1  12   0   0   0   0   1   0   0   5   3   0   0   1  1.55 0.77
   26 I   -3 -4  4 -4 -4 -2 -4 -3 -4  5  2 -4  2 -1 -5 -2 -2 -5 -4  2    1   0  22   0   0   1   1   2   0  32  16   0   5   2   0   2   1   0   0  14  0.70 0.42
   27 A    0 -3 -1  2 -4  0  0 -3  3 -1  1 -2  2  2 -3  1  1 -3  1 -1    6   0   1  15   0   5   4   0   9   2  12   2   6   9   0   9  10   0   5   4  0.20 0.22
   28 A    2 -3  0 -3 -1 -3 -2  1 -2  1  2 -3  1 -2 -3  1  0 -4 -3  1   18   0   6   0   1   0   3  13   1   6  22   0   3   1   0   9   7   0   0   9  0.21 0.22
   29 S    3 -4 -4 -4  0 -3 -4 -2 -4  1  0 -4  3 -4 -3 -1  3 -5 -4  3   31   0   0   0   2   1   0   2   0   6   9   0   7   0   1   4  17   0   0  20  0.52 0.38
   30 V   -1 -5 -6 -6 -3 -4 -5 -6  1  4  4 -5  3  2 -5 -5 -3 -4  0  1    4   0   0   0   0   0   0   0   3  26  39   0   8   7   0   0   0   0   2   9  0.84 0.45
   31 W    0  2  0 -2 -3 -1 -2 -2 -1 -1  2 -2  3  2 -2  1  0  1 -2 -1    8  13   4   2   0   3   1   2   1   2  18   1  12   9   2  11   7   2   0   3  0.18 0.22
   32 T    4 -2 -2 -4 -2 -2 -3  0  1 -1 -2 -3  0 -3 -2  2  3 -5 -2 -1   40   2   1   0   1   1   0   5   4   3   3   0   2   1   1  13  17   0   2   3  0.51 0.39
   33 F   -2 -3 -5 -6  0 -2 -5 -6 -5  2  5 -3  1  3 -5 -3 -4 -4  0  0    4   1   0   0   2   2   0   0   0   9  56   1   3  11   0   2   0   0   3   5  0.83 0.45
   34 L    1 -3 -1 -3  5 -2 -4 -2 -4  2  2 -4  0 -1 -4 -1 -2 -1 -2  2   14   1   3   1  13   1   0   4   0  14  24   0   2   2   0   3   2   1   1  15  0.40 0.28
   35 K    0  1  1  1 -4  1  1  1  1 -3 -3  3 -3 -3  0  0 -1 -4 -3 -2    7   6   8   9   0   6   8  13   3   1   2  21   0   1   5   6   2   0   0   2  0.27 0.22
   36 A    2  0 -1 -3 -4  0 -1  0 -4 -4 -3  2  0 -3  5 -1  0 -5 -3 -3   18   4   2   1   0   3   4   6   0   0   2  12   2   1  32   4   7   0   0   1  0.63 0.38
   37 G   -3  0  0 -2 -5 -4 -2  6 -4 -4 -6  1 -5 -5 -3 -3 -2 -5 -5 -5    1   5   5   2   0   0   3  68   0   1   1   9   0   0   1   0   3   0   0   0  1.34 0.60
   38 D   -2 -1 -2  7  0 -2  1 -2 -4 -4 -6  0 -5 -6 -3 -1 -3 -6 -5 -5    3   4   0  63   2   1   9   3   0   1   1   5   0   0   1   5   1   0   0   0  1.35 0.63
   39 H   -2 -1  1  0 -2  0  4 -2  5 -3 -2  0 -3 -3 -3 -1  0 -4 -1  0    2   3   7   3   1   2  31   3  17   1   5   5   0   0   1   2   7   0   2   7  0.48 0.32
   40 L    0 -4 -6 -6 -4 -5 -5 -4 -6  5  0 -5 -2 -2 -3 -4 -3 -2 -4  5    6   1   0   0   0   0   0   1   0  34   8   0   0   1   1   1   1   0   0  44  1.10 0.55
   41 I   -3 -6 -6 -6 -4 -6 -6 -7 -6  6  3 -6 -2 -2 -6 -5 -3 -5 -1  4    1   0   0   0   0   0   0   0   0  41  27   0   0   1   0   0   1   0   2  26  1.21 0.57
   42 S    0 -4 -2 -4  0 -3 -3 -2 -4  2  1 -2  1  0 -1  2  1 -4 -3  3    8   0   1   0   2   0   0   3   0   9  12   1   3   3   3  15  11   0   0  27  0.32 0.27
   43 D    0  1 -2  0 -2 -1 -3  0 -1 -1 -2 -1  1 -2  4  2  1 -4 -4 -1    5   9   0   6   1   2   0   7   1   3   3   2   3   2  22  20  10   0   0   3  0.38 0.30
   44 D    0  1  0  4  1 -1  0  1  0 -2 -3  0 -3 -4  0  2 -1 -2 -4 -3    6   7   4  24   3   2   5  13   2   2   1   7   0   0   4  17   3   1   0   1  0.33 0.25
   45 C   -1 -1  0  2  0  1  2  0 -1 -2 -1 -1  0 -1  3  0  1  0  0 -2    4   2   5  13   2   6  13   6   1   1   6   2   2   2  14   5   8   1   4   1  0.20 0.16
   46 L    0 -2 -2 -2  2 -1  0 -1 -3  1  2 -2  0 -2 -3  0  1 -3 -2  2    7   1   2   1   5   3   5   4   0   6  28   2   2   1   1   7  10   0   0  14  0.18 0.17
   47 Y   -4 -4  1 -4 -4 -3 -4 -4  5  0 -2 -4 -3  4 -4 -4 -2  5  7 -1    1   1   6   1   0   1   1   1  13   5   4   1   0  15   1   1   2   8  35   4  1.10 0.49
   48 G    0 -2 -2 -2 -4  0 -1  5  3 -2 -4 -1 -2 -4  1 -1 -3  2 -3  0    8   1   1   1   0   4   3  44   9   2   1   3   1   1   6   3   1   3   0   8  0.62 0.34
   49 C    2 -3 -3 -3  2 -2 -1  4 -3 -4 -4 -2 -3  0  2  1 -1 -4 -3 -2   17   1   0   1   5   1   5  35   0   1   1   2   0   5  11  11   3   0   0   2  0.55 0.33
   50 T    0 -3  3 -3 -1 -3 -2 -3 -3 -1 -2 -3  0 -4  0  3  4 -5  0 -1    8   1  13   0   1   0   1   1   0   4   2   0   2   0   5  21  32   0   3   4  0.54 0.41
   51 H   -3  0 -1 -2 -5  0 -2 -4  5  2 -1 -4 -3  5 -5 -4 -3  1  5 -2    2   6   3   2   0   4   2   1  16  12   4   0   0  23   0   0   1   1  19   2  0.76 0.43
   52 A    2  3  1  0 -3 -1  0 -2  0  0 -2 -1 -1 -3  1  0 -1 -4 -2  0   18  21   9   5   0   2   6   2   2   8   1   1   2   1   6   5   3   0   1   8  0.22 0.22
   53 L   -1 -3 -2  2 -3  0 -1 -2 -1  2  1 -2  2  1 -1  1 -1 -3  1  1    4   0   0  12   0   4   3   2   1  12  16   1   7   6   3  13   3   0   6   8  0.13 0.16
   54 F   -1 -3 -3 -4  3 -3 -3  0  0  2  1 -3  3  2  2 -1  0  1  2  0    3   0   0   0   7   0   1   7   2  12  11   1  11   9   9   3   6   2   8   7  0.26 0.22
   55 E    0  0  1  2  3  0  1 -2 -1  1 -1  0  0 -3 -1  0  0 -2 -2 -1   10   7   6  12   7   2  12   2   1  11   4   5   3   0   2   8   5   0   1   3  0.12 0.14
   56 H    0  2  1 -1 -3  2  0 -2  2  0 -1  1 -2  0 -1 -1  0 -3  0  0    8  13   7   2   0  11   5   3   6   7   4   9   0   4   2   3   5   0   4   7  0.11 0.12
   57 Q   -1 -3 -3 -4 -3 -2 -3  2 -2  2  1 -3  2  1 -2  0 -1 -3  0  2    5   0   1   0   0   1   1  16   1  13  17   0   5   6   2   6   2   0   4  20  0.26 0.21
   58 L    2 -2 -2 -3  0 -1 -2 -3 -3  2  2  0  3  0 -3  0 -1 -2 -1  0   22   1   2   1   2   3   2   0   0  13  22   5   8   3   0   8   3   1   2   3  0.23 0.22
   59 R    0  3  1 -2 -4  2  0  0  0 -2 -3  3 -3 -4  0  0  1 -2 -2 -2    6  20   5   0   0   8   6   7   2   2   1  18   0   0   4   7   8   0   1   3  0.30 0.24
   60 K    2  2  1 -2 -3  1  0  0  0 -2  0  2 -2 -3 -1  0 -1 -4 -3 -2   21  14   7   1   0   6   5   6   3   2  12  12   0   1   2   4   3   0   0   1  0.20 0.21
   61 F    0  0  0 -1  1 -1 -1  0  0 -1  0  0  0  2 -1  1  0  1  1 -1    5   5   4   4   4   3   2   7   3   2  11   4   2  11   3  12   5   2   5   5  0.03 0.07
   62 G   -1 -2  1 -1  0 -1 -2  6  0 -2 -3 -2 -4 -2 -2 -2 -2 -5 -4 -2    4   2   7   3   2   2   2  55   2   3   3   2   0   2   2   1   2   0   0   4  0.80 0.43
   63 V    2 -3 -4 -5  0 -4 -4 -3 -4  3  1 -2 -2  0 -4 -2 -2 -4 -1  4   22   1   0   0   2   0   0   1   0  20  10   2   0   4   0   2   0   0   2  32  0.56 0.36
   64 E   -2  0  0  0 -4  0  4 -2  1 -1 -3  1 -2 -3  1 -1  2 -5 -4  0    2   5   3   5   0   2  32   3   3   4   1  11   0   1   6   2  13   0   0   7  0.39 0.31
   65 V   -1 -2 -4 -4  1 -2 -4 -4 -2  2 -1 -1 -1  0  2 -2  2 -3  3  4    3   2   0   0   3   1   0   0   1   9   5   4   1   4  11   2  13   0  10  32  0.42 0.32
   66 D   -1  1  0  0 -3 -1  0  1  2 -2 -2  1 -1 -2  1  0  0  0  0  1    1   9   3   6   0   2   4  11   7   1   4  11   1   2   8   6   7   1   3  13  0.10 0.13
   67 F   -2 -3 -2 -3 -4 -3  1 -4  5  0 -1 -3  1  4 -1 -2  1  2  3  0    3   1   2   0   0   0  11   0  15   5   4   1   3  20   4   1  12   3  10   5  0.46 0.33
   68 I   -1 -3  0 -3 -1 -3 -3 -3 -2  2  0 -3 -2  2 -2 -1  1 -1  2  4    4   1   5   1   1   0   1   2   1  11   6   0   0   9   2   4  10   1   6  34  0.35 0.28
   69 D   -4  0  4  6 -6 -2  0 -2 -2 -5 -3 -1 -5 -6  1 -1 -3 -6 -5 -5    0   5  18  52   0   1   4   2   1   0   2   3   0   0   7   3   1   0   0   0  1.14 0.56
   70 M   -1  1 -2 -2  1 -1 -1  0  2  0  0  0  3  0  1 -1  0 -3  0  0    2   7   0   1   4   1   2   8   7   4   9   6  14   5   7   4   8   0   4   7  0.11 0.16
   71 A   -1  0  1  3  0  0  1 -1 -3 -2 -1 -1 -3 -4 -2  1  3 -4 -4 -1    3   4   7  18   2   2   9   3   0   1   7   2   0   0   1  12  26   0   0   3  0.32 0.27
   72 V   -1 -1  2  6 -1  0 -2 -3  4 -2 -4  0 -4 -5 -3  0  0 -5 -2 -4    5   3   7  44   2   3   0   1  10   3   1   6   0   0   1   8   5   0   1   1  0.74 0.42
   73 P    0 -2 -3 -1 -3 -3 -1 -1 -1  1  3 -2  0 -1  3 -2 -2 -2 -1  1    6   2   1   4   0   0   4   4   1   7  38   1   2   1  14   2   1   0   2  10  0.32 0.25
   74 G    2  1  0  2 -4  0  4 -2 -1 -3 -3  0 -3 -3 -3  0 -1 -4 -1 -2   21   7   4  13   0   3  27   3   1   1   1   6   0   1   0   4   2   0   3   2  0.38 0.29
   75 N    2  0 -1  4 -3  1  2  0  2 -1 -2  1 -3 -4 -3 -1 -2 -5 -4 -3   17   5   1  29   0   5  13   6   5   4   4   8   0   0   0   2   1   0   0   1  0.41 0.30
   76 I   -2 -4 -5 -5 -4 -4 -5 -3 -4  3  4 -2  0  1 -5 -4 -3  2  3  2    2   0   0   0   0   0   0   2   0  17  39   2   1   5   0   0   0   2  13  16  0.70 0.39
   77 E    1  2 -3 -1 -5  0  5 -4 -3 -1  0  1 -3 -4 -2 -2 -1 -5 -4 -3   12  11   0   2   0   3  42   1   0   4  10   9   0   0   1   1   3   0   0   1  0.58 0.40
   78 K    3  0  1  0 -4  2  1 -1 -2 -4 -4  2 -3 -5 -3  0  0 -5 -4 -3   33   4   8   4   0  10  10   4   1   0   0  16   0   0   0   5   4   0   0   0  0.46 0.34
   79 H    5 -1 -2 -3 -1  0 -1 -2 -1 -2  1  0 -1 -3 -3  0 -1 -4 -2 -1   50   3   2   1   1   4   2   1   2   2  13   7   1   1   0   3   3   0   1   4  0.47 0.36
   80 L   -2 -3 -3 -5 -2 -4 -3 -5  1  6  2 -4  1  0 -5 -3 -3 -4 -3  2    3   2   1   0   1   0   2   0   3  47  21   0   2   3   0   2   0   0   0  11  0.79 0.42
   81 K   -1  2  3  2 -3  0  0 -1 -1 -4 -4  2 -3 -5 -3  0  3 -5 -4 -3    3  12  13  14   0   4   6   4   1   0   1  11   0   0   0   5  24   0   0   1  0.43 0.31
   82 P   -1 -2 -1  1 -5 -1  3 -2 -1 -5 -5 -1 -4 -5  6  1 -1 -5 -2 -4    4   2   2   9   0   2  22   2   1   0   0   3   0   0  37  11   3   0   1   1  0.87 0.45
   83 N   -2  3  4  1 -5  1  1  0  1 -4 -3  3 -3 -4 -2  0 -2 -1 -3 -3    2  20  21   7   0   6   8   6   3   0   2  16   0   0   1   5   1   1   1   1  0.48 0.31
   84 T   -1 -1 -2 -3 -4 -2 -1 -3 -1 -4 -4 -3 -1 -4  1 -1  6 -5  0 -2    6   3   1   1   0   1   4   1   2   0   1   1   1   0   8   1  62   0   4   2  1.03 0.59
   85 R    1  3 -1  0 -5  0 -2  0 -2 -3 -4  6 -4 -5 -4 -1 -2 -5 -4 -2   11  13   2   4   0   4   0   6   1   1   1  49   0   0   0   4   1   0   0   3  0.77 0.46
   86 I    3 -4 -2 -5  0 -4 -4 -2 -1  2  3 -4  1  0 -4 -2 -3 -1 -3  2   27   0   2   0   2   0   0   2   2  11  30   0   3   3   0   1   0   1   0  15  0.48 0.34
   87 V   -4 -5 -6 -6 -4 -5 -6 -6 -6  5  3 -4  0 -1 -6 -5 -3 -5 -4  5    0   0   0   0   0   0   0   0   0  34  23   1   2   2   0   0   0   0   0  38  1.14 0.54
   88 Y    0 -4 -3 -5 -2 -4 -4 -3 -1  2  2 -4  3  4 -4 -2 -2  5  3  1    9   0   1   0   1   0   0   1   1  11  17   0  10  19   0   2   1   7  10   9  0.51 0.31
   89 F   -1 -1 -3 -3  0 -2 -3 -3 -2  3  2  0  0  2 -3 -2  1 -3 -2  2    5   4   0   1   2   0   1   1   1  17  21   7   1  11   1   1   9   0   0  16  0.26 0.20
   90 E   -1 -2  1  1  3  1  4 -1 -2 -1 -2 -1  0 -3 -2 -2 -1 -3 -3  2    3   1   6   8   8   6  31   4   0   3   2   2   2   1   2   1   3   0   1  18  0.36 0.25
   91 T    0 -2  0 -2 -3 -1 -2 -1  5 -3 -3 -2 -3 -1 -3  3  3  0  1 -1    8   2   5   1   0   2   1   4  15   1   1   1   0   2   1  24  24   1   5   3  0.49 0.33
   92 P   -2 -4 -4 -1 -1 -3 -3 -2  0 -1 -3 -3 -1 -4  7  0  1 -5 -4  2    2   0   0   4   2   0   0   3   3   4   1   1   2   0  50   6   7   0   0  14  1.08 0.49
   93 A    1 -3  2 -2 -1 -2 -2  1  2 -3 -2 -2 -3  1 -3  3  2 -4 -1  1    9   0  10   0   1   0   1  10   6   0   2   0   0   7   0  27  13   0   1  10  0.31 0.28
   94 N   -4 -4  7  0 -5 -3 -3 -2  3 -6 -6 -4 -5 -6 -5  3 -1 -6 -1 -3    0   0  59   5   0   0   0   3   8   0   0   0   0   0   0  19   3   0   2   2  1.44 0.69
   95 P   -2 -4 -2 -4 -4 -3 -2  0 -3 -1 -1 -2  4  1  6 -1 -3 -4  1 -2    3   0   2   0   0   0   2   7   0   4   5   2  14   7  40   4   0   0   6   3  0.84 0.43
   96 T    0 -1 -1  2  0 -1 -1 -2 -1 -1  1 -2  0  1 -3  0  2 -2  2  0    8   4   2  13   3   1   1   3   1   2  17   1   3   7   0   5  17   0   7   6  0.12 0.15
   97 L   -2 -4 -3 -4 -2 -1 -4  5 -2 -1  1 -4  2  2 -5 -2 -2 -3  2 -3    3   0   1   0   1   4   0  47   1   3  13   0   7   8   0   1   2   0   9   0  0.73 0.42
   98 K    1  0  2  1 -2  1  1 -2  1 -1 -2  2 -2 -2 -1  2  1 -4 -2 -1   10   5  10   7   1   4   7   1   3   4   1  12   1   1   2  17   8   0   1   6  0.16 0.16
   99 V    0 -4 -4 -3  1 -2 -1 -4 -2  4  0 -3  4 -1  0 -1 -1 -4 -2  3    6   0   0   1   3   1   5   0   1  26   7   0  11   1   4   6   3   0   1  23  0.41 0.29
  100 I    2 -3 -2 -2  4  0 -1  0 -1  1  0 -2 -1 -1  1 -1 -1 -3 -1  1   18   0   2   1  11   5   5   8   2  10   7   0   0   3   6   3   3   0   2  13  0.15 0.16
  101 D   -3 -3 -1  6 -6 -2  1  0 -1 -6 -5 -1 -5 -6  3 -1 -4 -7 -6 -6    1   1   2  55   0   1   6   7   2   0   1   3   0   0  16   4   0   0   0   0  1.21 0.58
  102 I   -2 -1 -5 -4 -3 -3 -3 -5 -4  4  4 -2  1  3 -3 -4 -2 -3 -1  1    2   3   0   1   0   1   1   0   0  25  38   2   4  12   1   0   2   0   1   6  0.61 0.34
  103 E    1  0 -2  1 -4  1  3 -2 -3 -3 -2  2 -3 -4  3 -1  1 -4 -4 -2   16   5   0   6   0   4  25   3   0   0   3  11   0   0  13   1   8   0   0   3  0.40 0.28
  104 D    2  1 -1  2 -4  0  4 -2  0 -4 -3  2 -3 -3  1 -1  0 -5 -4 -3   16   6   2  10   0   3  29   2   2   0   2  13   0   1   6   3   5   0   0   1  0.41 0.29
  105 A    1 -4 -4 -4  0 -3 -2 -4 -4  4  3 -3  1  1 -3 -2 -3 -4 -3  1   11   0   0   0   2   1   3   1   0  32  31   1   3   5   1   3   0   0   0   6  0.52 0.32
  106 V    1 -2 -2 -2  3 -2 -1 -1 -2  2  1 -1  0 -2 -2  0 -1 -1  0  2   17   1   1   1   7   1   5   3   1  12  16   2   1   0   1   5   2   1   3  19  0.17 0.17
  107 K    2  3 -1  1 -2  1  1 -1  1 -3 -3  3 -3 -4 -2  1 -1 -4 -2 -2   18  16   2   8   1   5   8   3   3   0   1  18   0   0   1   9   3   0   1   3  0.30 0.22
  108 Q    0  0 -2 -1 -3  0  2 -3 -1  3  0 -1  0  0 -2 -1 -1 -3 -1  1    9   6   1   1   0   4  21   1   1  20  10   3   2   5   2   2   2   0   1  10  0.18 0.17
  109 A    3 -4 -4 -5  2 -3 -4 -3 -4  3  3 -4 -1 -2 -4 -3 -1 -1 -3  2   29   0   0   0   4   1   0   1   0  19  28   0   1   1   0   0   3   1   0  13  0.55 0.35
  110 R    4  2 -3 -3  0 -1 -1  1  6 -4 -3  0 -3 -4 -3  0 -2 -4 -3 -3   37  11   0   0   2   1   3   8  22   0   1   6   0   0   0   4   1   0   0   1  0.66 0.39
  111 K    0  2 -1  2 -2  1  2 -1  1 -3 -3  4 -1 -4 -3 -1 -1 -4 -3 -2    9   9   2  12   1   4  16   3   4   0   2  27   2   0   0   1   3   0   0   2  0.38 0.25
  112 Q    1  2  0 -1 -2  2  3 -1  3 -3 -2  3 -3 -4 -3  0 -1 -4 -3 -2   11  10   4   2   1   7  18   3  10   0   5  19   0   0   0   5   2   0   0   3  0.33 0.24
  113 K   -2  1 -1 -3 -4  0 -1  0  5 -3 -2  2 -2  1  1 -2 -1 -2  4 -1    2   6   2   0   0   3   2   7  18   0   3  15   1   6   8   2   3   0  18   4  0.44 0.29
  114 D   -1 -4  3  3 -3 -2  0  5 -2 -5 -6 -2 -5 -5 -4  0 -2 -5 -3 -5    4   0  14  20   1   1   5  45   1   0   0   2   0   0   0   5   2   0   1   0  0.89 0.44
  115 I    3 -4 -4 -5  0 -4 -4 -2 -4  3  2 -4 -1  1 -4 -1  0 -4 -3  1   32   0   0   0   2   0   0   2   0  20  23   0   0   6   0   2   4   0   0   9  0.51 0.35
  116 L   -1 -3 -3 -4 -3 -3 -4 -2 -3  2  2 -1  1  2  3 -3 -1  3  1  1    5   0   1   0   0   0   0   3   0  16  26   4   4   8  15   0   3   4   4   6  0.37 0.25
  117 V   -3 -5 -5 -6 -4 -5 -5 -6 -5  3  3 -5  0 -1 -5 -2  1 -5 -4  5    1   0   0   0   0   0   0   0   0  12  28   0   1   2   0   2  11   0   0  44  0.89 0.47
  118 I   -2 -5 -5 -5  0 -4 -5 -5  0  4  2 -4  4  2 -5 -3 -2 -4  0  4    2   0   0   0   2   0   0   0   3  22  14   0  14   9   0   2   1   0   3  28  0.70 0.38
  119 V   -1 -4 -4 -3 -2 -3  2 -5 -2  2 -1 -4  0 -3 -4  0  0 -5  0  5    3   0   0   0   1   0  15   0   1  10   5   0   2   0   0   9   4   0   3  47  0.63 0.42
  120 D   -3 -5 -3  8 -7 -4 -2 -5 -5 -7 -7 -5 -7 -7 -5 -2 -3 -8 -7 -3    2   0   0  93   0   0   0   0   0   0   0   0   0   0   0   2   1   0   0   2  2.51 0.94
  121 N    1 -3  4  2 -1 -2  4 -1 -2 -3 -1 -2 -2 -4 -3 -1 -2 -5 -4 -3   14   0  26  13   1   0  28   5   1   1   6   0   1   0   0   3   1   0   0   1  0.59 0.38
  122 T    3 -3 -3 -2  2 -3 -3 -2 -3 -1 -1 -3 -2 -4  1  0  4 -4 -3  1   30   1   0   1   4   0   0   3   0   2   4   0   0   0   7   3  32   0   0  11  0.50 0.34
  123 F   -3 -1 -3 -4 -4  1 -2 -3  6  0  0 -3  0  4 -2 -1 -3  3  4  0    0   3   0   0   0   6   1   1  22   7   8   0   2  18   2   4   0   3  15   6  0.60 0.34
  124 A    5 -4 -3 -2  1 -3 -3  3 -4 -3 -2 -3  1 -3 -4  0 -3 -4 -1 -2   52   0   1   2   3   0   1  22   0   1   2   0   5   1   0   6   0   0   2   2  0.75 0.44
  125 S    0 -2 -1 -2 -3 -1  1  0  0  0  0 -2 -1 -3 -1  2  2 -4 -1  1    7   1   1   0   0   2   9   8   3   4  10   0   1   0   2  21  19   0   2  10  0.18 0.20
  126 P   -2 -5 -4 -4 -5 -4 -3  5 -5 -4 -3 -4 -2  0  5 -3 -3 -5 -3 -5    2   0   0   0   0   0   1  53   0   1   3   0   1   4  32   1   1   0   1   0  1.34 0.57
  127 I    1 -3 -2 -4 -3 -3 -2 -3 -1  1  1 -2  1 -1 -1 -1  1 -3  3  3   11   0   1   0   0   0   1   1   2   5  16   2   4   1   3   3  11   0  13  25  0.27 0.24
  128 L   -1 -1  0 -2 -2 -2 -2 -3  0  1  2 -2  1  2 -1 -2 -1 -2  3  1    3   3   6   1   0   1   1   2   3   9  28   1   4  11   3   2   2   0  11   9  0.21 0.18
  129 T   -1  1 -1 -1  0  4 -1  0 -1 -1 -1  0 -2  0 -1 -1  0 -3  3  0    2   8   1   2   3  27   2   9   1   3   5   5   0   4   3   3   5   0  11   6  0.25 0.25
  130 N   -2  3  2  3 -4  2  2 -3 -1 -3 -4  2 -3 -4  0  0 -1 -4 -2 -3    1  19  10  16   0  10  13   0   1   1   1  13   0   0   4   6   3   0   1   1  0.46 0.28
  131 P    1 -3 -3  0 -1 -2 -2  3 -2 -3 -2 -1 -1 -4  5 -1 -2 -5 -4  0   12   0   0   5   1   1   1  22   1   1   3   4   2   0  34   3   2   0   0   9  0.68 0.35
  132 L   -1 -1 -2 -4 -1  0 -2  0  0  1  4 -2  0 -1 -2 -3 -2  0 -2  1    3   3   1   0   1   5   2   9   3   9  45   2   1   2   1   1   0   1   0   9  0.33 0.25
  133 D    1  1 -1  1 -3  1  2 -1  2 -3 -2  1  0 -3  2  0 -1  0 -3 -2   17   6   2   7   0   4  13   3   7   0   2  12   4   0  10   7   2   1   0   3  0.22 0.18
  134 L   -1 -2 -2  0 -1 -1 -1 -3  2  1  2 -1  1  2 -1 -1 -1 -2  2  0    6   1   0   6   1   2   3   1   8   6  28   3   4   9   2   4   1   0   7   7  0.15 0.15
  135 G   -1 -2 -1 -1 -4 -3 -3  6 -4 -4 -5  0 -4 -5 -2 -2 -3 -4 -3 -5    4   2   2   4   0   0   1  72   0   1   1   6   0   0   2   1   1   0   1   1  1.33 0.52
  136 V    5 -4 -1 -2 -1 -3 -3 -2 -1  1 -2 -3  0 -1 -2 -1 -1 -4 -3  2   54   0   3   2   1   0   0   1   1   8   2   0   2   2   2   2   3   0   1  14  0.62 0.40
  137 D   -4 -1 -1  8 -6 -2 -2 -1 -4 -5 -4 -4 -5 -6 -4 -3 -4 -6 -3 -4    1   4   1  81   0   2   0   5   0   0   2   0   0   0   0   0   0   0   1   1  1.89 0.73
  138 I   -2 -4 -2 -4 -2 -4 -4 -3 -4  5  1 -4 -1  2 -4 -2 -2 -1 -1  3    2   0   2   0   1   0   1   3   0  42  14   0   1   8   0   3   0   1   2  21  0.65 0.33
  139 V   -1 -2 -3 -3  2 -1 -3 -2 -4  1 -1 -3  1 -3 -2  0  0 -4 -1  5    3   2   1   1   4   3   1   3   0   5   3   0   4   0   2   7   4   0   2  56  0.64 0.38
  140 V    0 -3 -2 -3  1 -1 -1 -2 -1  2  1 -2  2 -1 -2  0  2 -3  0  2    4   1   1   1   4   2   4   2   1  10  10   1   7   1   2   9  18   0   4  22  0.21 0.19
  141 H   -1 -2 -2 -3 -1  1  0  1  6 -2 -2 -2 -2  4 -3 -1  0 -2  2 -2    4   2   0   0   1   9   6  11  21   2   3   1   0  20   0   5   6   0   7   2  0.44 0.28
  142 S    0 -3 -2 -2 -1 -2 -1 -2 -4 -2 -4 -2  0 -3 -2  6  2 -5 -4 -4    5   1   1   1   1   1   2   1   0   2   0   2   2   1   1  65  13   0   0   0  0.98 0.55
  143 A    2 -4 -3 -4 -2 -2 -4  5 -4 -2  1 -3  0  0 -3 -1  0 -4 -3 -2   22   0   0   0   1   2   0  41   0   2  13   0   2   5   1   4   6   0   0   2  0.57 0.35
  144 T   -1 -3 -1  3 -4 -1 -2 -4  4 -3 -4 -3 -3 -5 -4  2  5 -5 -4 -1    3   0   2  16   0   3   0   0  10   1   0   0   0   0   0  14  46   0   0   4  0.83 0.48
  145 K    0 -1 -2 -3 -5 -2 -2 -1 -3 -5 -4  7 -4 -3 -2 -1 -1 -5 -4 -4    6   0   2   0   0   0   0   5   0   0   1  73   0   1   2   4   4   0   0   0  1.29 0.58
  146 Y    0 -3  0 -3 -3 -1 -3 -3  0  2  1 -3  1  1 -3 -2  1  3  5  0   10   0   4   0   0   2   0   1   2  12  17   0   4   5   0   1  10   4  23   3  0.36 0.25
  147 I   -4 -3 -5 -5 -4 -4 -5 -4 -4  3  4 -3  1  4 -2 -4 -3  0  0  0    0   1   0   0   0   0   0   1   0  15  52   2   3  16   3   0   0   1   2   3  0.78 0.40
  148 N    0 -1  2 -2 -4 -3 -2  5 -3 -4 -4 -3 -4 -2 -2  2 -1 -5 -4 -1    5   3  10   1   0   0   2  46   0   1   0   0   0   1   2  19   3   0   0   5  0.72 0.38
  149 G   -1 -3 -3 -2 -2 -3 -2  6 -2 -5 -4  1 -4  2  0 -1 -2 -4 -3 -4    4   0   0   2   1   0   2  61   1   0   1  10   0   9   4   2   2   0   0   0  0.98 0.44
  150 H    1 -2 -1 -1 -4  1 -1 -1  7 -2 -2 -1 -3 -2  3 -2 -2 -3  2 -3   12   0   2   3   0   6   3   5  30   2   4   2   0   1  18   1   2   0   6   1  0.65 0.34
  151 T    1  0  0 -2  0  2 -1  2  1 -1 -2 -1 -2  0 -1  2  0 -3 -2 -1   12   4   4   1   2  12   2  18   4   3   4   1   0   4   2  20   3   0   1   3  0.18 0.17
  152 D    0 -1  2  4  0 -1  0  3  0 -2 -2 -1 -2 -2 -2 -1 -1 -2 -2 -2    6   3  12  27   3   1   4  21   2   3   3   2   1   1   2   2   3   0   1   2  0.34 0.16
  153 V    0 -2 -2 -2  3 -2 -2 -1 -2  2  1 -1  0  0  0 -1  0 -2 -1  3    9   2   1   2   7   1   2   4   1  10  12   3   2   3   4   3   3   0   1  28  0.15 0.11
  154 V   -1 -1 -2 -2 -2 -1 -2 -2 -2  2  2 -1  3  1 -2 -2  1 -2  0  2    5   2   2   1   0   2   2   2   1  14  16   3  10   5   1   2   8   0   3  21  0.18 0.12
  155 A    3 -4 -2 -4 -1 -4 -3  5 -4 -1 -1 -3  0 -2 -3 -1 -3 -4 -3 -1   26   0   1   0   1   0   1  46   0   5   7   0   3   2   1   3   0   0   1   3  0.71 0.39
  156 G   -2 -6 -2 -5 -6 -5 -4  7 -5 -7 -3 -5 -6 -6 -5 -2 -3 -2 -2 -6    1   0   1   0   0   0   1  89   0   0   3   0   0   0   0   1   2   1   1   0  2.00 0.74
  157 L    0 -1 -3 -3  0 -3 -2 -4 -2  2  2 -2  3  0  0 -1 -1 -2  3  2   11   4   0   1   2   0   2   0   0  12  18   1   9   3   4   3   2   0  15  14  0.25 0.21
  158 V    0 -2 -4 -5 -3 -4 -4 -5 -1  4  1 -2  1 -2 -4 -2  0 -4  0  4    8   2   0   0   0   0   0   0   2  33  11   2   3   0   0   1   6   0   3  30  0.59 0.34
  159 C    3 -4 -4 -4  3 -3 -4 -3 -4  1  1 -3 -1  1 -4 -1  0 -4 -1  4   25   0   0   0   6   0   0   0   0   6  11   0   1   8   0   5   6   0   1  32  0.46 0.31
  160 S    1 -4 -1 -3  2 -3 -4  4 -4 -4 -4 -3 -4 -5 -3  1  3 -5 -4  0   12   0   3   0   5   0   0  39   0   0   1   0   0   0   1  11  21   0   0   7  0.71 0.40
  161 R   -2  2  3  2 -4 -1 -2 -2 -1 -3 -3  4 -3 -2  0  2  0 -5 -4 -4    1  11  15  12   0   0   0   1   1   2   2  30   0   2   5  15   6   0   0   0  0.50 0.33
  162 A    1  1  1  3 -2  1  1 -1 -2 -3 -2  2 -2 -1 -1  1 -1 -4 -3 -3   14   9   7  19   1   6   8   2   0   1   3  15   1   3   2   8   2   0   0   0  0.27 0.20
  163 D    1 -1  0  2 -4  0  4 -2  1 -4 -3  1 -2 -2  0  0 -1 -4 -2 -2   12   2   3  14   0   3  30   1   4   0   1   8   1   2   5   6   4   0   1   3  0.38 0.25
  164 I    0  0 -2 -1  1 -1  1 -3 -1  0  2 -1  0  2 -2 -1 -1  2  1  0    9   6   0   2   3   1  14   0   1   3  24   2   1   9   1   4   3   3   6   7  0.12 0.15
  165 I    0 -4 -4 -5 -3 -4 -4 -4 -4  5  3 -4  1 -2 -4 -3 -1  2 -1  2    7   0   0   0   0   0   0   1   0  34  29   0   3   1   0   1   3   3   2  15  0.62 0.33
  166 A    2 -1 -1  3 -3  0  2 -1  0 -3 -3  0 -3 -3 -1  0  0 -4  1 -2   24   3   2  23   0   3  12   4   2   1   2   5   0   1   3   4   4   0   7   1  0.31 0.24
  167 K    1  2  0 -1 -3  2  1  0  0 -2 -2  3 -1 -1 -3  0 -1  1  1 -3   13  11   3   2   0  10  10   6   2   1   3  19   2   2   0   3   4   2   5   0  0.21 0.18
  168 V    0 -2 -2 -3  0 -2 -2 -3 -1  2  2 -1  2  0 -2 -2 -1  1 -2  2   10   2   1   1   2   1   3   1   2  16  27   4   6   2   1   2   2   2   1  15  0.22 0.15
  169 K   -2  5 -1 -1 -1  2  0 -3 -2 -1 -3  3  1 -4 -1 -1 -3 -4 -2 -2    3  42   2   2   2   8   5   1   1   4   1  17   3   0   2   2   0   0   2   3  0.65 0.36
  170 S   -1  1  1 -2  0 -1 -1 -1  0  1  1  1  0  0 -2  1  0 -3 -1  0    4   9   8   0   2   2   4   3   2   9  18  10   1   3   1  12   4   0   1   6  0.05 0.09
  171 Q   -1  3  2 -1 -4  2  0  0  2 -3 -2  1 -2  0 -3 -1 -1 -1  2 -2    6  20  13   3   0   8   5   7   6   1   3  10   0   3   0   1   3   1   8   3  0.24 0.19
  172 G    1 -1  0 -2 -2 -1 -2  0 -2 -1 -1 -1  1  3  2  0 -1 -1  0 -1   16   2   4   1   1   3   0   8   1   3   4   4   5  20  12   8   2   1   2   4  0.19 0.17
  173 I   -1  1 -3 -2 -3 -3 -3 -4 -3  1  3 -2  2  1  1 -2 -1 -1  0  1    5   9   1   3   0   0   0   0   0   6  40   1   4   7   7   2   4   1   2   7  0.29 0.22
  174 K   -1  2 -1 -2 -3  3 -1  1  0  0 -1  3 -1 -2  0  0  0 -4 -3 -2    2  13   2   0   0  16   2  11   2   7   4  20   1   1   5   7   5   0   0   0  0.26 0.21
  175 D    0  3  3  1 -4 -1 -1 -1  1 -2 -2  0 -1  4 -1 -2 -1  1  0 -3    9  18  16  10   0   1   1   3   4   1   2   4   1  20   3   0   3   2   2   0  0.29 0.24
  176 I    2 -3 -1 -3 -2 -1 -2  0  2  2  1 -2  0 -2 -3  0  0 -3  1  0   23   0   4   0   0   2   2   7   5  16  13   0   3   0   0   8   5   0   7   4  0.15 0.17
  177 T   -1 -2 -3 -3 -1 -1 -3 -2 -3  1  3 -3  2  3 -2 -2  0 -2  2  1    5   1   0   1   1   3   1   3   0   9  32   0   6  13   2   0   7   0   7   8  0.27 0.19
  178 G   -1  0 -2 -3 -4 -3  1  6 -4 -5 -5 -2 -4 -5 -4  1  1 -5 -4 -4    4   5   0   0   0   0  10  58   0   0   0   2   0   0   0   8  11   0   0   0  0.94 0.41
  179 A    2 -2 -2  0  1  0 -1  1  0 -2  0 -2  0 -3  1  0  2 -3 -2 -1   25   0   0   5   3   5   2  10   2   1   8   0   2   0   7   2  21   0   1   4  0.20 0.19
  180 I    1 -2 -1 -2  1 -2 -2  2 -3  1  0 -2  0 -2 -1  1  2 -3 -1  1   10   0   3   0   3   1   0  15   0   9   9   0   3   0   2  10  17   0   2  15  0.16 0.14
  181 I   -1 -2 -4 -4 -3 -3 -2 -3 -4  0  4 -3  3 -2  2 -3 -2 -3 -2  2    5   2   0   0   0   0   3   2   0   2  46   0   9   0  12   0   0   0   1  14  0.52 0.29
  182 S    2 -3  1  2  0 -2 -2  1  1 -3 -4 -2 -3 -3  3  2 -1  3 -2 -2   17   0   6  15   2   0   0  10   4   0   1   0   0   0  15  19   1   4   1   2  0.38 0.23
  183 P    3 -4 -2 -2  1 -3 -3 -1 -4 -4 -2 -2 -3 -4  6 -2 -1 -5 -2 -3   28   0   1   1   3   0   0   4   0   0   4   2   0   0  49   0   3   0   1   1  1.14 0.44
  184 H   -1 -1  0  1 -3  1  1 -2  1 -1  0 -1  2  4 -3 -2 -2 -2  1 -2    7   3   4   9   0   7  12   2   4   2  11   3   8  23   0   1   0   0   3   0  0.20 0.18
  185 D    0 -1  0  5 -4  0  2  0 -2 -2 -3 -1 -3 -4 -3  0 -1 -4 -4 -2   10   3   2  45   0   3  12   6   0   3   3   3   0   0   0   4   2   0   0   3  0.59 0.28
  186 A    4 -1 -2 -3  4 -2 -2  1 -3 -3 -2 -2 -2 -3 -1  2  0 -4 -3 -1   43   3   0   0  11   0   0  11   0   0   4   0   0   0   2  15   5   0   0   4  0.49 0.28
  187 W   -1 -2 -3 -3 -3  1 -2 -3 -2  0 -1 -2 -2  4 -3 -2  0  7  4  0    7   2   0   0   0   8   3   1   0   7   5   2   0  18   0   2   6  16  17   7  0.55 0.26
  188 L    0 -1 -3 -3  0  2 -1 -2 -2  0  3 -2  1 -1 -3 -1 -1 -3  0  1    9   3   0   0   2  11   4   2   0   2  38   0   3   1   0   2   4   0   4  11  0.22 0.18
  189 I    2 -3 -3 -3  2 -2 -3 -3 -3  2  3 -1  2  0 -3 -1  0 -3 -2  0   18   0   0   0   5   2   1   1   0  11  38   4   4   3   0   2   6   0   0   5  0.30 0.19
  190 T   -2 -2 -1 -2 -1 -1  1 -2  0  1  3 -2  2 -1 -3 -1  1 -3 -1  0    1   1   3   0   1   2  10   3   3   9  35   2   7   0   0   4  10   0   2   6  0.19 0.16
  191 R   -2  6 -2 -3 -5  2  2 -3 -2 -4  0  1 -3 -4  0 -3 -3 -4 -2 -4    3  51   0   0   0  11  11   1   0   0   9   7   0   0   4   0   0   0   1   0  0.84 0.39
  192 G    1 -2  2 -2 -3 -1 -2  5 -1 -3 -4 -2 -3 -3 -3  2 -1 -4 -4 -1   10   1  11   0   0   2   2  46   1   1   0   1   0   1   0  16   1   0   0   4  0.65 0.30
  193 T   -1 -3 -3 -3 -2 -2 -1 -3 -3  2  3 -2  3  0 -2  0  0 -3 -2  1    3   0   0   0   0   0   6   0   0  16  35   2   9   4   1   8   6   0   0   7  0.30 0.19
  194 L   -1  5 -2 -2 -4 -1  2 -3 -1 -4 -3  4 -3 -2  1 -1 -2 -4 -3 -4    4  34   0   0   0   0  16   0   1   0   1  29   0   2   8   3   0   0   0   0  0.73 0.34
  195 T   -1 -1 -1  1 -3 -1  1 -1 -1  0 -2 -1 -2 -4 -3 -1  5 -4 -3 -1    2   2   1   9   0   2   8   5   1   6   3   2   0   0   0   2  54   0   0   2  0.60 0.35
  196 L   -1 -1 -4 -4 -2  1 -3 -4 -3  0  4 -3  3  3 -4 -2 -1 -2  0 -1    4   2   0   0   1   9   0   0   0   2  47   0  10  16   0   2   3   0   3   0  0.54 0.30
  197 D    1  1  0 -1 -3  2  0  1  4 -2 -3  0  0 -3  2  1 -1 -4 -2 -1   14   7   3   2   0  10   5   9  12   1   0   2   3   0  10  12   2   0   0   6  0.22 0.16
  198 M   -1 -2 -2 -2 -3 -1  1 -2  0  2  3 -2  2 -2 -2 -2 -1  0 -2  1    4   1   1   1   0   2  12   3   3  15  34   1   5   0   1   0   2   1   0  11  0.22 0.18
  199 R   -4  8 -3 -4 -6 -2 -1 -5  0 -3 -3  0 -4 -5 -1 -2 -4 -5 -2 -3    0  81   0   0   0   0   2   0   2   1   2   1   0   0   3   3   0   0   1   2  1.60 0.60
  200 V    0  1 -3 -3 -2  0 -2 -3 -3  1  1 -2  5 -2 -3 -1  1 -3 -2  2   10  11   0   0   0   5   0   1   0   8  11   0  22   0   0   2   9   0   0  18  0.32 0.23
  201 K    0  3 -2  1 -4  2  4 -3 -2 -1 -3  1 -3 -4 -1 -1 -2 -4 -2 -3    7  22   0   8   0  10  32   0   0   5   1   6   0   0   3   4   1   0   1   0  0.51 0.29
  202 R    0  4 -2 -1 -4  4  1 -3 -1 -2 -2  3 -2 -4 -3 -2 -1 -4 -3 -1   10  24   0   2   0  24   7   0   1   2   4  21   0   0   0   0   2   0   0   4  0.55 0.31
  203 A    2 -3 -2 -3 -4  1 -3 -2  8  2 -1 -3  0 -2 -4 -1 -2 -4 -2  1   17   0   0   1   0   7   0   2  39  12   5   0   2   1   0   3   1   0   0   9  0.73 0.38
  204 A    0 -1  2  0  2  3  0 -2 -1 -1 -1  0  0  0 -3  1  1  0 -1 -1    7   0  12   5   6  18   5   2   1   2   5   3   2   4   0  11   9   2   2   4  0.15 0.15
  205 E    1  3 -2 -1 -3  1  3 -1  0 -3 -2  2 -2 -4 -3  1  0 -4 -2 -3   15  16   0   1   0   4  22   2   2   1   3  15   0   0   0  14   3   0   1   0  0.34 0.22
  206 N   -2  2  7 -1 -5 -2  0 -1  0 -4 -5 -2 -4 -3 -4  1  0 -5 -4 -4    3  10  59   0   0   0   5   4   2   1   0   1   0   1   0   9   6   0   0   0  1.03 0.46
  207 A    5  0 -3 -4 -3 -3 -3  1 -4 -2 -3 -3 -3 -4 -3  0  0 -5 -4  0   68   5   0   0   0   0   0   8   0   2   0   0   0   0   0   5   5   0   0   8  0.87 0.43
  208 Q   -1  1 -2 -1 -2  3  1 -2  0 -1  1  2  2  0 -3 -2 -1 -3  0 -1    4   8   1   1   1  18  11   1   2   3  19  12   8   4   0   0   2   0   3   2  0.20 0.18
  209 K    1  3 -2 -1 -1  0  0 -3  1  0 -1  2 -2 -1 -3 -1  0 -3  1 -1   14  19   0   2   1   3   7   0   4   6   6  18   0   2   0   1   6   0   7   4  0.19 0.17
  210 V   -2 -4 -5 -3 -3 -2 -4 -5 -4  3  4 -4  3 -2 -4 -4 -1 -4 -2  3    1   0   0   2   0   1   0   0   0  19  45   0   9   0   0   0   2   0   1  19  0.69 0.32
  211 A    5  2 -3 -4  2 -2 -3 -3 -3 -3 -1  1 -2 -1 -3 -1 -1 -4 -2 -1   54  13   0   0   5   0   0   0   0   0   7  10   0   2   0   1   3   0   1   4  0.58 0.35
  212 E    0  2  1  0 -4  3  4 -3  2 -4 -2  2 -2 -4 -3 -1 -2 -4 -3 -3    9  10   8   2   0  17  31   0   5   0   4  10   1   0   0   2   0   0   0   1  0.52 0.28
  213 F    0  1 -3 -3 -3 -3 -3 -1  1 -1  0 -1  2  5 -4 -3 -2  5  2 -1   10  11   0   1   0   0   0   5   3   3   8   3   7  27   0   0   1  10   7   3  0.43 0.25
  214 L   -4 -3 -6 -6 -4 -5 -5 -6 -5 -1  6 -5  1  1 -5 -5 -4 -4 -3  0    0   1   0   0   0   0   0   0   0   0  88   0   1   4   0   0   0   0   0   6  1.37 0.52
  215 H    0  1  1 -1 -4  2  4 -1 -1 -4 -3  0  2 -4 -1  0 -1 -4  0 -3    9   7   9   0   0  10  34   5   1   0   0   5   7   0   3   6   4   0   3   0  0.38 0.24
  216 E    0  1  2  3 -3  0  2  0 -2 -2 -3  2 -3 -4 -1  1  0 -4 -3 -2    8   6   9  16   0   3  18   7   0   3   0  13   0   0   1  11   4   0   0   2  0.29 0.17
  217 H   -2  3  2  0  0  1 -2 -1  6 -3 -1  0  0 -3 -3  1 -2 -4 -2 -2    0  16  10   4   3   6   0   5  28   0   7   4   3   0   0  13   0   0   0   2  0.49 0.28
  218 K   -2 -3 -3  1 -1 -2  1  1 -3 -5 -5  1 -4 -5  7 -1 -3 -5 -4 -4    0   0   0   7   1   1   8  13   0   0   0  10   0   0  54   2   0   0   0   0  1.23 0.39
  219 A    0  1 -1 -1  0  1  1  1 -1 -1  1  1 -1  0 -2  0 -1 -1  0 -1    8  11   2   2   3   5  11  10   1   2  18  11   0   4   0   4   3   1   2   3  0.05 0.06
  220 V   -2 -2 -3 -4  0 -3 -3 -4 -3  3  0 -3  1  1 -3 -3 -2 -3 -2  5    1   3   1   1   2   1   1   1   0  21   6   1   3   6   1   1   1   0   0  51  0.60 0.25
  221 K    0  1 -1 -1  1  1  2 -2 -2 -2 -2  3  1 -3 -2  1 -1 -3 -2 -1    9   5   2   1   3   4  18   1   0   1   3  26   5   0   1  14   2   0   0   4  0.27 0.16
  222 K    0  4 -1 -1 -3  1  0 -2  0 -3 -3  3 -2 -3 -2  0  1  4 -2 -3    9  23   0   2   0   4   3   3   2   1   2  27   0   0   1   7   9   7   0   1  0.42 0.20
  223 V    0 -3 -4 -4 -2 -3 -3 -4 -4  3  1 -3  1 -2 -3 -3 -1 -3 -2  5    6   1   0   1   0   0   1   1   0  13  14   1   3   0   1   1   2   0   0  55  0.63 0.26
  224 Y   -2  1  0 -3 -3 -2 -3 -3  1  1  1 -2 -1  0 -3 -1 -2 -1  6 -1    2  10   5   1   0   1   1   1   3   7  16   1   0   1   1   5   1   0  41   4  0.56 0.25
  225 Y   -1 -2 -2 -3 -3 -2 -2 -3  5 -1 -2 -2  0  2 -3 -2 -2  2  7 -2    4   1   1   1   0   1   1   1  15   4   2   1   3   7   1   1   1   2  51   1  1.03 0.31
  226 P   -1 -3  0 -3 -3 -2 -2 -3 -3 -3 -2 -2  0 -4  7 -1 -2 -4 -3 -1    4   1   6   1   0   1   1   1   0   1   3   1   3   1  68   3   1   0   1   4  1.56 0.39
  227 G    1 -2  0 -2 -3 -2 -2  5 -3 -3 -2 -1 -2 -3 -3  1  0 -3 -1 -1   12   1   4   1   0   0   1  49   0   1   4   4   0   0   1   9   7   0   2   5  0.56 0.22
  228 L   -2 -3 -4 -4 -3 -3 -3 -2 -3  1  5 -2  0  2 -3 -2 -2  1  1  0    1   1   0   1   0   0   1   3   0   5  65   3   0   7   1   3   1   2   4   3  0.60 0.26
  229 P    0  0  0 -1 -3  0  1 -1 -2 -3 -3  0 -3 -4  6 -1  1 -4 -3 -2    6   5   5   3   0   3   9   3   0   0   1   6   0   0  43   2  12   0   0   1  0.79 0.26
  230 D    0 -2  0  1 -2 -1  0 -1 -2 -3 -2  0 -2 -3  0  4  2 -3 -3 -2    5   1   4   8   0   1   4   4   0   1   4   4   0   1   3  47  13   0   0   1  0.44 0.23
  231 H    0 -1  2  0  3 -1 -1 -3  7 -3 -3 -1 -2  2 -3  0 -2 -3 -1 -2    8   3   9   4   9   0   3   1  35   1   1   3   0  12   1   8   1   0   0   4  0.57 0.25
  232 P   -1 -2 -2 -1 -4  0  1 -1 -3 -4 -4  1 -3 -4  7  1 -2 -4 -1 -3    3   0   0   3   0   4   8   4   0   0   1   9   0   0  52   9   1   0   3   2  1.06 0.32
  233 G   -1 -1  2  0 -3  3  1  2  0 -2 -3  0 -2 -3 -1  1  0 -3 -3 -3    1   0  14   5   0  16   8  20   2   3   1   6   0   0   3  14   6   0   0   0  0.31 0.17
  234 H   -3 -2 -2 -3 -4 -2  1 -4  8 -2 -2  0 -3  0 -4 -3 -2  3  5 -3    2   0   0   0   0   0   8   1  48   3   3   5   0   2   0   1   2   3  21   0  1.17 0.40
  235 E    0  0 -1  2 -3  0  4 -3  1 -3 -1  1 -2 -1 -2 -1 -1 -3 -2 -3    8   3   1  12   0   0  43   1   3   1   8  10   0   3   1   3   2   0   0   1  0.44 0.21
  236 I    0 -1 -1 -3 -2 -1 -3 -3 -2  2  3 -2  1  1 -3 -1 -1 -2 -1  1    8   3   5   1   0   2   1   1   0  12  39   1   2   7   1   3   2   0   2  12  0.24 0.14
  237 A    4 -2 -3 -3  1 -2 -2 -2  2 -1 -2 -1 -2  0 -2 -1 -2  4  1  2   43   1   0   1   3   0   1   1   6   1   1   4   0   5   1   1   1   8   5  19  0.41 0.23
  238 K   -1  3  0  0 -4  0  0 -3 -2 -3 -2  5 -2 -2  0 -1 -2  0 -1 -2    4  19   3   6   0   2   4   1   0   0   3  44   0   1   3   2   0   1   2   2  0.52 0.24
  239 K   -1  4  1  0  1  1 -1 -2 -2 -3 -2  3 -2 -4 -2  1  0 -4 -3 -3    2  32   5   4   3   3   1   3   0   0   3  24   0   0   0  13   5   0   0   0  0.46 0.21
  240 Q    0 -1 -2  2 -3  5  1 -3 -1 -2  0  0  1  0 -1 -2 -2 -3  1 -2    7   0   0  13   0  39   8   1   0   0  10   3   3   3   2   1   0   0   7   3  0.43 0.24
  241 M    0  0  0 -3  2  1 -1 -2 -1 -1  1 -2  5  1 -3 -1  0 -2  2 -1    8   5   4   0   6   9   3   2   1   0  13   0  23   6   0   2   7   0   8   2  0.20 0.17
  242 K    0  2  2 -1 -3  0 -1  2 -2 -3 -2  2 -2 -3 -2  1  1 -3 -3 -2    6  14  12   0   0   4   1  16   0   0   3  19   0   0   0  11  12   0   0   1  0.28 0.15
  243 M    0 -2  0 -1 -3 -2 -3  6 -3 -2 -2 -2 -1 -3 -3 -2 -2 -3  0 -1    6   2   3   3   0   1   1  63   0   2   5   1   1   0   0   1   1   0   5   4  0.80 0.27
  244 F    0 -3 -2 -3  2 -2 -3  0  1 -1 -1 -2 -1  5  0  0 -2 -1  4 -2   10   1   1   1   5   1   1   8   3   2   4   1   1  28   6   8   1   0  19   1  0.39 0.19
  245 G    0 -3  0  0 -3 -2 -1  5 -3 -4 -4 -1 -3 -4 -1  1 -1 -4 -4 -4    3   1   2   4   0   0   3  59   0   1   1   4   0   0   3  14   2   0   0   1  0.81 0.27
  246 S    2 -3 -2  0  2 -2 -2  5 -3 -3 -3 -2 -3 -3 -1  0  0 -3 -3 -3   17   1   1   4   4   1   1  52   0   1   1   1   0   0   3   6   6   0   0   1  0.67 0.23
  247 M   -2 -3 -4 -4  1 -3 -4 -4 -4  2  3 -3  6 -2 -4 -3 -2 -3 -3  3    0   0   0   0   3   0   0   0   0   8  29   0  34   0   0   0   0   0   0  21  0.77 0.31
  248 I   -2 -3 -2 -4 -3 -1 -1 -4 -3  3  3 -3  1  4 -4 -3 -2 -2 -1  2    0   0   3   0   0   4   4   0   0  22  31   0   2  21   0   0   0   0   0  12  0.46 0.21
  249 A    2 -1 -2 -2 -3 -2  0 -2 -3 -3 -2 -1 -3 -4  0  5  0 -4 -3 -2   14   3   0   0   0   0   4   0   0   0   3   3   0   0   3  63   4   0   0   1  0.73 0.35
  250 F   -3 -4 -4 -5 -3 -4 -4 -5 -4  2  0 -2 -1  6 -4 -4 -3 -2  0  3    0   0   0   0   0   0   0   0   0  12   6   3   0  49   0   0   0   0   0  28  0.95 0.35
  251 D    0  1 -2  0 -3  0  3  0 -1 -1 -1 -1 -2  0 -3 -1  1 -2  2  1    7   9   0   6   0   2  25   7   0   1   4   0   0   2   0   0  11   0  12  13  0.17 0.16
  252 V   -2 -3 -4 -4 -2 -3 -4 -4 -4  2  3 -2  2  2 -4 -3  0 -3 -1  3    2   0   0   0   0   0   0   0   0   9  40   3   4  12   0   0   6   0   0  22  0.47 0.21
  253 D   -1  1  1  1 -4  0  0  1  1 -3 -3  4 -2  1 -1  0 -1 -3  0 -3    3   6   5   8   0   3   3  12   4   0   0  36   0   7   2   4   3   0   4   0  0.29 0.17
  254 G   -1 -3  2  3  0 -1 -2  4 -2 -4 -4 -2 -3 -4 -3  2  1 -4 -4 -4    0   0  13  18   2   2   0  38   0   0   0   1   0   0   0  16   9   0   0   0  0.62 0.25
  255 L   -1  2 -1  1 -2  0  2 -3 -2  0  0  0  0  0  1 -1  0 -3 -2 -1    6  15   2  11   1   4  15   0   0   7  12   6   3   5   7   0   4   0   0   4  0.12 0.09
  256 E    1  0  0  1 -3  1  4 -1 -1 -3 -3  0  0 -3  0  0  0 -3 -1 -3   11   5   3   6   0   7  39   3   1   0   1   4   4   0   4   5   4   0   3   0  0.37 0.19
  257 K    2  0  0  1 -3  2  2 -2  3 -3 -1  1 -2 -3 -2 -1 -1  1 -2 -1   22   4   2   6   0  13  15   0  10   0   6  11   0   0   0   2   3   2   0   4  0.25 0.17
  258 A    4 -3 -1 -3  1 -2 -2  0 -3 -2 -1 -2  1 -3  0  1  0 -4 -3  1   49   0   3   0   2   0   0   7   0   0   3   0   3   0   3   9   6   0   0  13  0.41 0.24
  259 K    0  2  1  1 -3  0  1 -1  0 -1 -3  3 -2 -3  0  1  0  0 -2 -1    5  10   6   7   0   3   8   4   2   6   0  26   0   0   4  11   4   1   0   3  0.20 0.12
  260 K    2  2  0  0 -3  2  1 -2  1 -2 -3  3 -2 -4 -1 -1  1 -4 -3 -2   21   9   2   5   0  10   5   0   4   1   0  29   0   0   2   1  10   0   0   1  0.35 0.20
  261 V   -3 -1 -5 -5 -3 -4 -5 -5 -3  1  2 -4  1  6 -5 -4 -3 -2  1  2    0   4   0   0   0   0   0   0   0   6  20   0   3  49   0   0   0   0   3  16  0.88 0.32
  262 L   -2 -4 -4 -4  5 -3 -4 -2 -3  1  2 -4  2  0  0 -3 -2 -3  2  3    1   0   0   0  15   0   0   4   0   6  27   0   5   2   6   0   0   0   8  26  0.44 0.22
  263 D   -1 -2  3  5  0  0  2  0 -2 -4 -3  0 -3 -4  0  0 -2 -5 -4 -4    4   0  13  39   3   4  14   6   0   0   2   6   0   0   3   5   0   0   0   0  0.58 0.24
  264 N    3 -1  4 -1 -3 -1  0  0  0 -4 -4  1 -3 -4 -3  2  0 -4 -3 -3   29   2  23   0   0   0   6   6   1   0   0   8   0   0   0  21   3   0   0   0  0.45 0.24
  265 C   -2 -3 -4 -4  0 -3 -4 -4 -4  2  4 -3  2  1 -4 -1  1 -3 -2  1    2   0   0   0   2   0   0   0   0  14  52   0   3   6   0   4  11   0   0   4  0.50 0.23
  266 H   -2  4 -1 -2 -4  3  1 -1  0 -4 -3  5 -2 -4 -2  1 -1 -4 -3 -3    1  21   0   0   0  12   5   4   2   0   1  41   0   0   0   9   2   0   0   0  0.61 0.25
  267 V   -2 -3 -4 -4 -2 -3 -3 -4 -3  2  4 -3  1  2 -3 -3 -1 -2  2  2    1   0   0   0   0   0   0   1   0  10  50   0   2   7   0   1   4   0   8  14  0.50 0.21
  268 V    0 -3 -3 -3  2 -3 -3  0 -3  1  1 -3 -1  5  0 -2 -2  2  0  0    9   1   0   1   6   0   1   6   0   8  11   1   0  37   5   1   1   3   0   7  0.39 0.18
  269 S    0 -2  0 -1 -1 -1  0  2  2 -1 -2 -2 -2  0 -2  2  2 -3  0 -2    6   0   4   2   2   2   4  20   5   3   1   0   0   6   0  22  17   0   3   2  0.22 0.14
  270 L   -2 -2  1 -2 -2 -1 -2 -1  1  2  2 -2  2  0 -1 -1  1 -3 -1  0    1   2  10   0   0   2   0   6   6  14  30   0   7   4   2   1  12   0   0   2  0.16 0.13
  271 A    4 -2  3 -2 -2 -2 -2  1 -2 -2 -1 -2 -2 -3 -2  1  0 -4 -3 -2   54   0  16   0   0   0   0   8   0   0   8   0   0   0   0   6   4   0   0   0  0.51 0.25
  272 V    0 -2 -1 -2 -3  0  2 -3 -2  0 -1 -2 -1  3 -1 -1  1 -2  2  2    9   0   2   0   0   4  21   1   0   5   1   0   0  16   2   1  10   0  10  18  0.20 0.15
  273 S   -1 -2  2 -2 -3 -2  0 -2 -2 -4 -4 -2 -3 -4  0  5  2 -4 -3 -3    0   0  11   0   0   0   4   0   0   0   0   0   0   0   4  67  12   0   0   0  0.88 0.37
  274 L   -3 -3 -4 -4 -3 -3 -1 -4 -3  1  4 -3  0  3 -4 -3 -2  5 -1  1    1   0   0   0   0   0   4   1   0   4  53   0   0  16   0   1   0  10   0   8  0.64 0.24
  275 G    1 -1  0 -3 -4 -3 -3  6 -3 -5 -5 -3 -4 -5 -4 -2 -2 -4 -4 -4    9   4   4   0   0   0   0  77   0   0   0   0   0   0   0   0   3   0   0   0  1.30 0.37
  276 G    0 -3 -1  3  3 -2 -2  4 -3 -4 -4 -2 -3  1 -3  1 -2 -3 -1 -3    4   0   0  19   8   0   0  42   0   0   0   0   0   7   0  15   0   0   2   0  0.61 0.24
  277 P    0 -3 -3 -3  1 -2 -3 -3 -2  1  0 -3 -1  1  3  0  0 -2  2  3    9   0   0   0   3   0   0   0   0   4   4   0   0   7  17   7   6   0  10  31  0.32 0.17
  278 E   -2  0  0  0 -5  0  5 -3 -1 -4 -2  2 -3 -3  0 -2 -2 -3  3 -3    0   2   5   2   0   0  56   0   0   0   4  12   0   0   4   0   0   0  12   0  0.74 0.31
  279 S    0 -3 -1 -2 -2 -2 -2 -2 -3 -3 -3 -2 -3 -4 -3  5  3 -4 -3 -1    5   0   0   0   0   0   0   0   0   0   0   0   0   0   0  63  24   0   0   5  0.86 0.36
  280 L   -3 -3 -4 -4 -3 -3 -4 -5  0  2  5 -4  0  0 -4 -3  0 -3 -2 -1    0   0   0   0   0   0   0   0   3   8  75   0   0   3   0   0   8   0   0   0  0.81 0.30
  281 I    1 -3 -4 -4 -2 -3 -3 -4 -4  4  2 -3  2 -1 -3 -2 -2 -3 -2  3   14   0   0   0   0   0   0   0   0  36  20   0   5   0   0   0   0   0   0  22  0.50 0.21
  282 Q    1 -1  0  0 -3  2  3 -1 -2  0 -1 -1 -2 -3 -2  2  1 -3 -3 -1   12   0   2   4   0  11  25   2   0   9   4   0   0   0   0  18   8   0   0   4  0.23 0.15
  283 H    1 -1 -2 -3  0  2 -1 -3  6 -1  0 -2  2 -1 -3  0 -2  4  2 -1   12   3   0   0   3  11   1   1  29   2   8   0   7   0   0   5   1   6   7   5  0.40 0.20
  284 P   -2  1 -1 -3 -4 -2 -2 -1  2 -3 -1 -2 -3 -2  6 -1 -2 -3  2 -3    2   8   4   0   0   0   1   5   6   0   7   0   0   0  51   3   1   0  10   1  0.98 0.28
  285 A    3  0 -1 -2  2  2 -1  0  0 -2 -2 -1 -2 -2 -2  1 -1  2  0 -2   40   5   1   1   5  11   3   6   3   1   1   1   0   1   1  12   1   3   3   1  0.29 0.16
  286 S    0  1 -1 -1 -2 -1  1 -2 -1  0 -1  0 -1  0  1  1  1 -2  0  0    8   9   1   1   0   1  15   1   0   9   3   3   0   6   8  15  12   0   4   5  0.12 0.08
  287 M   -2 -3 -3 -3  2  0 -1 -2 -3  0  2 -3  7 -2 -3 -1  1  2 -2 -1    0   0   0   0   5   3   4   2   0   4  23   0  39   0   0   3  12   2   0   0  0.57 0.27
  288 T   -1 -2 -1  1 -2 -1 -2 -1  0 -1 -2  0 -2 -3 -2  2  5 -3 -3 -1    3   1   0   8   0   2   1   3   2   2   1   5   0   0   1  14  54   0   0   3  0.55 0.25
  289 H   -2  0 -1  0 -4 -1 -2  0  8 -1 -3 -2  0 -2 -3  0 -1  4  0 -3    1   5   0   6   0   0   1   7  52   4   1   1   3   0   0   8   3   7   2   1  0.96 0.32
  290 A    4  0 -2 -1 -2 -1  0  1 -2 -2 -2 -1  0 -3  1  1 -1  0 -2 -2   46   5   0   3   0   2   4   8   0   2   2   2   3   0   5  12   1   2   0   1  0.31 0.17
  291 G    1 -1 -1  1  0  1  0  1 -1 -1 -2  0 -2 -2  2  2  0 -2  0 -1   10   2   1   7   2   8   3  10   0   3   1   4   0   1   8  26   1   0   5   5  0.16 0.10
  292 V   -2 -2 -3 -3 -2 -2 -2 -3 -2  4  2 -2  2  1 -3 -1 -1 -2  1  2    1   1   1   1   0   1   3   1   0  32  21   1   5   4   1   5   3   0   5  14  0.28 0.13
  293 P   -1 -1  0  2 -3 -1  0 -1 -2 -2 -2  0 -2 -3  5  0  1 -3 -3 -1    4   3   4  14   0   1   5   3   0   1   5   6   0   1  31   5  11   0   0   5  0.46 0.14
  294 K    0  1 -1  2 -3  2  1 -1 -1 -3 -3  2 -2 -3  4 -1 -1 -3 -2 -2   11   8   1  12   0  10   7   4   0   1   2  15   0   1  23   1   1   0   1   1  0.41 0.13
  295 E    1  1  0  2 -3  1  4 -2 -1 -3 -3  1 -2 -3 -2  1 -1 -3 -2 -2   13  10   2   9   0   4  35   1   0   1   1   5   0   1   1  13   2   0   0   1  0.39 0.16
  296 E   -1 -1 -1  1  1  2  3 -1  0 -1  0 -1 -1 -2 -1 -1  0 -2  0 -1    4   2   1   9   5  11  28   5   3   2   9   1   0   1   3   1   5   0   5   4  0.18 0.11
  297 R   -2  6 -1 -2 -3  1 -1 -3 -2 -2 -2  1 -2 -3 -2 -2  0 -3 -2  1    1  55   3   1   0   5   1   1   0   1   4   6   0   1   1   1   5   0   1  12  0.65 0.23
  298 E    1 -1 -1  0 -2  1  2 -2 -1  0  0  0 -1 -2  1  0 -1 -2 -1 -1   18   3   1   4   0   6  23   1   0   8  15   3   0   0   6   8   1   0   3   2  0.14 0.10
  299 A    3  0 -2 -1 -2  1  1 -1 -1 -2 -2  2 -2  0 -2  0 -1  1 -2  0   32   2   0   2   0   5  11   3   2   1   1  17   0   5   1   2   2   3   0  10  0.18 0.13
  300 A    1  1  0  0 -2  0 -1 -1 -1  1  1 -1 -1  1 -2  1 -1 -2  1 -1   18  12   4   7   0   3   1   2   0  11  15   1   0   5   1  10   1   0   8   1  0.06 0.08
  301 G   -1 -3 -1  0 -4 -2 -3  6 -3 -4 -4 -3 -4 -4 -1 -2 -3 -4 -4 -4    1   1   2   6   0   2   1  79   0   1   1   1   0   0   3   1   1   0   0   1  1.27 0.32
  302 L   -1 -3 -3 -4 -2 -3 -3 -2 -3  4  2 -3  2  1 -3 -2 -1 -3 -2  3    3   0   0   0   0   0   1   3   0  32  18   0   6   6   0   1   2   0   0  25  0.40 0.16
  303 T   -1  0  1  1  0  0  0  1 -2 -3 -3  0 -2 -2  1  2  3 -3 -2 -2    2   3   6  10   2   2   5   9   0   0   1   4   0   2   6  20  27   0   0   1  0.27 0.14
  304 D   -2  1  0  5 -4  1  3  0 -2 -4 -4  0 -3 -4  1 -1 -1 -4 -3 -4    0   7   3  43   0   5  18   8   0   0   0   5   0   0   6   0   3   0   0   0  0.63 0.22
  305 N   -1 -1  4  3 -3 -1  0  2 -2 -4 -4 -1 -3 -4 -1  0  2 -4 -3 -3    3   4  23  23   0   0   5  20   0   0   0   0   0   0   2   4  15   0   0   0  0.49 0.20
  306 L   -2 -4 -5 -5 -3  0 -4 -5 -4  1  5 -4  1  1 -4 -4 -3 -3  1  0    2   0   0   0   0   5   0   0   0   4  75   0   2   4   0   0   0   0   5   4  0.83 0.30
  307 I   -2 -4 -5 -5 -3 -4 -5 -5 -5  5  2 -4  0 -2 -4 -4 -2 -4 -3  4    0   0   0   0   0   0   0   0   0  46  15   0   0   0   0   0   0   0   0  39  0.92 0.31
  308 R   -4  8 -3 -4 -6 -1 -2 -5 -3 -6 -5  0 -4 -5 -5 -3 -4 -5 -4 -5    0 100   0   0   0   0   0   0   0   0   0   0   0   0   0   0   0   0   0   0  2.15 0.56
  309 L   -2 -4 -5 -5 -3 -4 -4 -5 -4  3  4 -4  1  2 -4 -4 -2 -3 -2  3    0   0   0   0   0   0   0   0   0  19  43   0   3  11   0   0   0   0   0  25  0.65 0.23
  310 S    0 -3 -1  0  2 -1 -2 -2  3 -4 -4 -2 -3 -4 -3  6 -1 -5 -3 -4    3   0   0   5   5   2   0   0   8   0   0   0   0   0   0  77   0   0   0   0  1.04 0.41
  311 V   -2 -4 -5 -5  0 -4 -4 -5 -5  4  0 -4 -1  0 -4 -3 -1 -4 -3  5    1   0   0   0   2   0   0   0   0  22   5   0   0   4   0   0   2   0   0  65  0.89 0.32
  312 G   -2 -5 -3 -4 -5 -4 -4  7 -4 -6 -6 -4 -5 -5 -4 -2 -4 -5 -5 -6    0   0   0   0   0   0   0 100   0   0   0   0   0   0   0   0   0   0   0   0  2.08 0.50
  313 C   -2 -1 -4 -4  1 -3 -4 -4 -4  4  3 -3  1  1 -4 -3 -1 -3 -2  1    3   5   0   0   4   0   0   0   0  39  32   0   2   7   0   0   3   0   0   5  0.50 0.21
  314 E   -3 -2 -2  1 -6  0  7 -4 -2 -6 -5 -1 -4 -6 -3 -2 -3 -5 -4 -5    0   0   0   5   0   0  95   0   0   0   0   0   0   0   0   0   0   0   0   0  1.78 0.51
  315 N   -1 -2  3  5 -4 -1  2 -1  3 -4 -4 -2 -4 -1 -1  1 -2 -5 -3 -4    3   0  13  47   0   0  10   2  10   0   0   0   0   3   2  10   0   0   0   0  0.74 0.26
  316 V    1 -2 -3 -2 -2 -1  0 -2 -3  3  0 -2 -1  0  0  0  0 -3 -2  3   13   0   0   0   0   3  10   2   0  21   4   1   0   4   5   5   6   0   0  27  0.18 0.13
  317 Q    1 -2  1  5 -4  2  3 -2 -2 -4 -4 -1 -3 -4 -3  0 -1 -5 -4 -2   13   0   4  40   0   8  25   1   0   0   0   2   0   0   0   3   1   0   0   2  0.68 0.25
  318 D   -3  0 -1  7 -5 -2  2 -3  3 -2 -5 -2 -4 -5 -3 -2 -3  1 -4 -2    0   5   0  71   0   0   9   0   7   3   0   0   0   0   0   0   0   3   0   3  1.23 0.37
  319 I   -3 -4 -5 -5 -3 -4 -4 -5 -4  3  5 -4  0  1 -4 -4 -1 -3 -2  0    0   0   0   0   0   0   0   0   0  17  72   0   0   5   0   0   5   0   0   2  0.87 0.30
  320 I   -2 -1 -4 -4  0 -2 -2 -2 -4  4  2  2  0 -2 -4 -3 -2  1 -2  1    0   1   0   0   3   0   1   3   0  41  27  17   1   0   0   0   0   2   0   4  0.43 0.22
  321 D    4 -2  1  0 -1 -1  2 -1  0 -3 -3  2 -3 -4 -2  0 -1 -4 -3 -2   51   0   8   4   1   0  14   1   3   0   0  15   0   0   0   1   2   0   0   0  0.47 0.24
  322 D   -3 -4 -1  7 -5 -2  1 -4 -3  1 -4 -3 -3 -4 -4 -2 -3 -6 -4  1    0   0   0  73   0   0   5   0   0  12   0   0   0   0   0   0   0   0   0  10  1.24 0.38
  323 L   -3 -4 -5 -5 -3 -4 -4 -5 -4  2  4 -4  1  4 -4 -4 -3 -2 -1  1    0   0   0   0   0   0   0   0   0  10  57   0   2  22   0   0   0   0   0   8  0.78 0.27
  324 K    0 -1  0  2 -3  2  3 -1 -2 -2  0  2 -2 -3 -2  1 -1 -4 -3 -2   10   0   3  13   0   8  22   2   0   2  10  16   0   0   0  10   2   0   0   0  0.26 0.14
  325 Q    1  3  1 -2 -4  5  2 -2  0 -3 -4  1 -2 -4 -3  0 -2 -4 -3 -3   11  20   6   0   0  37  10   2   1   2   0   5   0   0   0   6   0   0   0   0  0.57 0.24
  326 A    5 -3 -3 -3 -2 -3 -3  2 -3 -3 -3 -2 -3 -4 -3  1 -2 -4 -4 -1   74   0   0   0   0   0   0  15   0   0   0   0   0   0   0   7   0   0   0   3  0.90 0.32
  327 L   -3 -4 -5 -5 -3 -4 -5 -5 -4  1  5 -4  1  5 -5 -4 -3 -2 -1 -1    0   0   0   0   0   0   0   0   0   6  64   0   3  28   0   0   0   0   0   0  0.90 0.27
  328 D    2  0  0  3 -3  1  3 -2 -2 -4 -4  3 -3 -4 -2 -1 -2 -4 -3 -3   22   3   2  22   0   3  24   0   0   0   0  24   0   0   0   0   0   0   0   0  0.49 0.16
  329 L    2  2 -1 -2 -2  0  0 -2 -2 -1 -1  3 -1 -3 -2  1  1 -3 -2  0   23  12   2   0   0   2   3   0   0   2   2  25   0   0   0   7  10   0   0  11  0.22 0.10
  330 V    3 -3 -3 -3 -2 -2 -3 -2 -3  3  1 -2  0 -2 -3 -1  1 -3 -2  2   39   0   0   0   0   0   0   0   0  29  13   0   0   0   0   0   7   0   0  12  0.34 0.14
  331 L   -1 -3 -3 -4 -2 -3 -3 -4 -2  2  2 -3  1  3 -3 -2 -1 -1  2  3    0   0   0   0   0   0   0   0   0  17  20   0   0  20   0   0   0   0   8  36  0.33 0.04

                      K         Lambda
Standard Ungapped    0.1352     0.3191
Standard Gapped      0.0493     0.2670
PSI Ungapped         0.1609     0.3175
PSI Gapped           0.0493     0.2670
