
Last position-specific scoring matrix computed, weighted observed percentages rounded down, information per position, and relative weight of gapless real matches to pseudocounts
            A   R   N   D   C   Q   E   G   H   I   L   K   M   F   P   S   T   W   Y   V   A   R   N   D   C   Q   E   G   H   I   L   K   M   F   P   S   T   W   Y   V
    1 M    -2  -3  -4  -5  -3  -2  -3  -4  -3   0   2  -3   9  -1  -4  -3  -2  -3  -2   0    0   0   0   0   0   0   0   0   0   0   6   0  94   0   0   0   0   0   0   0  1.37 0.21
    2 T     1   0   2   0  -2   0  -1   0  -1  -2  -3   2  -2  -3   2   2   2  -4  -3  -2   11   2  13   2   0   3   0   4   0   1   0  19   0   0   8  22  14   0   0   0  0.28 0.06
    3 T     0  -2  -1  -3  -1  -1  -2  -3  -3  -2  -3  -1  -2  -1  -2   1   6  -4  -3   0    8   0   2   0   1   2   0   0   0   0   0   2   0   3   1   8  68   0   0   5  0.73 0.20
    4 N    -2   3   1  -2  -5   0  -1  -3  -1  -5  -4   6  -3  -5  -2  -2  -2  -5  -3  -4    2  13   5   0   0   2   0   0   1   0   0  75   0   0   1   0   0   0   1   0  1.09 0.25
    5 Y    -4  -4  -4  -5  -1  -4  -4  -5   3  -3  -2  -4  -3   6  -5  -3  -4   0   8  -3    0   0   0   0   2   0   0   0   7   0   0   0   0  34   0   1   0   0  55   0  1.60 0.31
    6 I    -3  -5  -5  -5  -3  -5  -5  -6  -5   7   0  -5  -1  -2  -5  -4  -2  -5  -3   4    0   0   0   0   0   0   0   0   0  71   3   0   0   0   0   0   0   0   0  26  1.21 0.28
    7 F    -4  -5  -5  -6  -4  -5  -5  -5  -4   1   0  -5  -2   8  -6  -4  -4  -1   1   1    0   0   0   0   0   0   0   0   0   7   4   0   0  78   0   0   0   0   0  11  1.57 0.32
    8 V    -2  -5  -5  -5  -3  -4  -5  -5  -5   4   0  -4  -1  -2  -4  -4  -2  -5  -3   6    0   0   0   0   0   0   0   0   0  23   2   0   0   0   0   0   0   0   0  75  1.17 0.28
    9 T    -2  -3  -2  -3  -3  -3  -3  -4  -4  -3  -4  -3  -3  -5  -3   1   7  -5  -4  -2    0   0   0   0   0   0   0   0   0   0   0   0   0   0   0   8  92   0   0   0  1.61 0.38
   10 G    -2  -5  -3  -4  -5  -4  -4   7  -4  -6  -6  -4  -5  -6  -4  -2  -4  -5  -5  -6    0   0   0   0   0   0   0 100   0   0   0   0   0   0   0   0   0   0   0   0  2.07 0.36
   11 G    -2  -5  -3  -4  -5  -4  -4   7  -4  -6  -6  -4  -5  -6  -4  -2  -4  -5  -5  -6    0   0   0   0   0   0   0 100   0   0   0   0   0   0   0   0   0   0   0   0  2.07 0.36
   12 V    -2  -5  -5  -6  -3  -5  -5  -4  -6   1  -1  -5  -1  -3  -5  -4  -2  -5  -3   7    0   0   0   0   0   0   0   1   0   0   0   0   0   0   0   0   0   0   0  99  1.56 0.36
   13 V    -1  -4  -4  -5  -1  -3  -4  -4  -4   3   1  -4   3  -2  -4  -2  -1  -4  -1   5    4   0   0   0   1   0   0   0   0  13   9   0   7   0   0   1   2   0   2  60  0.70 0.20
   14 S    -1  -3  -2  -3  -3  -2  -2  -3  -3  -5  -5  -3  -4  -5  -3   7  -1  -5  -4  -4    0   0   0   0   0   0   0   0   0   0   0   0   0   0   0 100   0   0   0   0  1.63 0.39
   15 S    -1  -3  -2  -2  -3  -2  -3   3  -3  -5  -5  -2  -4  -5  -3   6  -1  -5  -4  -4    0   0   0   0   0   0   0  26   0   0   0   0   0   0   0  74   0   0   0   0  1.15 0.31
   16 L    -3  -4  -5  -5  -3  -4  -5  -5  -5   3   5  -4   1  -1  -5  -4  -3  -4  -3   2    0   0   0   0   0   0   0   0   0  17  72   0   1   0   0   0   0   0   0  11  0.94 0.23
   17 G    -2  -5  -3  -4  -5  -4  -4   7  -4  -6  -6  -4  -5  -6  -4  -2  -4  -5  -5  -6    0   0   0   0   0   0   0 100   0   0   0   0   0   0   0   0   0   0   0   0  2.07 0.36
   18 K    -3   0  -2  -3  -6  -1  -1  -4  -3  -5  -5   8  -4  -6  -3  -3  -3  -6  -4  -5    0   0   0   0   0   0   0   0   0   0   0 100   0   0   0   0   0   0   0   0  1.83 0.39
   19 G    -2  -5  -3  -4  -5  -4  -4   7  -4  -6  -6  -4  -5  -6  -4  -2  -4  -5  -5  -6    0   0   0   0   0   0   0 100   0   0   0   0   0   0   0   0   0   0   0   0  2.07 0.36
   20 I    -3  -4  -5  -5  -3  -4  -5  -5  -5   6   3  -4   0  -2  -5  -4  -1  -4  -3   2    0   0   0   0   0   0   0   0   0  63  23   0   0   0   0   0   3   0   0  10  0.98 0.25
   21 A     3  -3  -2  -3  -2  -2  -3  -2  -3   1  -1  -2   0  -1  -3   1   4  -4  -3   2   27   0   0   0   0   0   0   0   0   8   5   0   1   2   0   6  37   0   0  14  0.44 0.18
   22 A     5  -3  -3  -3  -2  -2  -2  -2  -3  -3  -3  -2  -3  -4  -3   3   1  -5  -4  -1   64   0   0   0   0   0   0   0   0   1   0   0   0   0   0  25   7   0   0   3  0.85 0.26
   23 A     6  -3  -3  -3  -2  -3  -3  -1  -3  -4  -4  -3  -3  -4  -3   3  -2  -5  -4  -2   74   0   0   0   0   0   0   1   0   0   0   0   0   0   0  25   0   0   0   0  1.09 0.31
   24 S     1  -3  -2  -3  -3  -2  -2  -2  -3  -5  -5  -2  -4  -5  -3   7  -1  -5  -4  -4   10   0   0   0   0   0   0   0   0   0   0   0   0   0   0  90   0   0   0   0  1.41 0.37
   25 L    -2  -4  -5  -5  -2  -4  -5  -5  -5   4   5  -4   0  -1  -4  -4  -1  -4  -3   1    1   0   0   0   1   0   0   0   0  32  58   0   0   1   0   0   4   0   0   4  0.83 0.22
   26 A     3  -4  -3  -3  -4  -3  -4   6  -4  -5  -5  -3  -4  -5  -4  -1  -3  -5  -5  -4   28   0   0   0   0   0   0  71   0   0   0   0   0   0   0   1   0   0   0   0  1.37 0.29
   27 A     3   4   0  -3  -1   0  -2  -2  -1  -2   0   0   2  -3  -3   0   0  -4  -2  -2   34  29   4   0   1   3   0   0   1   0   8   3   7   0   0   3   5   0   1   0  0.36 0.16
   28 I    -3  -4  -3  -5  -3  -4  -5  -6  -5   4   5  -4   0  -1  -5  -4  -3  -4  -3   1    0   0   1   0   0   0   0   0   0  22  73   0   0   0   0   0   0   0   0   4  1.02 0.25
   29 L    -4  -4  -6  -6  -3  -4  -5  -6  -5   0   6  -5   2   0  -5  -5  -3  -4  -3  -1    0   0   0   0   0   0   0   0   0   0  94   0   3   3   0   0   0   0   0   0  1.35 0.31
   30 E    -2   1  -2  -2  -5   3   3  -3  -2  -3  -4   5  -2  -5  -3  -1  -1  -4  -3  -2    0   6   0   0   0  17  22   0   0   1   0  46   0   0   0   2   3   0   0   2  0.78 0.23
   31 A     3  -1   2   0  -2  -1  -1  -1   1  -3  -3  -1  -2  -4  -2   3   0  -4  -1  -2   37   3  14   3   0   0   3   1   3   0   0   1   1   0   0  29   4   0   2   0  0.45 0.17
   32 R    -2   7  -2  -3   0   0  -2  -4   0  -4  -1   1  -1  -4  -4   0  -3  -4  -2  -4    2  72   0   0   3   3   0   0   1   0   6   4   2   0   0   7   0   0   1   0  1.14 0.28
   33 G    -2  -4   0  -1  -5  -3  -4   7  -3  -6  -6  -4  -5  -5  -4  -2  -4  -5  -5  -5    0   1   3   3   0   0   0  92   0   0   0   0   0   0   0   1   0   0   0   0  1.79 0.34
   34 L    -3  -4  -4  -5  -3  -4  -4  -5   1   0   4  -4   0   3  -5  -4  -3  -1   5   0    0   0   0   0   0   0   0   0   4   3  49   0   1  15   0   0   0   0  26   3  0.81 0.22
   35 N    -2   3   2   0  -4   0  -1  -3   0  -4  -4   4  -3  -4  -3   2  -1  -4  -3  -2    1  21  10   4   0   3   1   0   2   0   0  37   0   0   0  17   2   0   0   3  0.54 0.18
   36 V    -2  -5  -5  -5  -3  -4  -5  -5  -5   2  -1  -5  -1  -3  -5  -4  -2  -5  -3   7    1   0   0   0   0   0   0   0   0   5   0   0   0   0   0   0   1   0   0  93  1.45 0.35
   37 T     0   1   0  -3   0  -2  -2  -2  -3  -2  -3  -2  -2   0  -3   2   5  -4  -3  -1    8  10   3   0   2   0   1   1   0   1   0   0   0   4   0  13  55   0   0   2  0.64 0.23
   38 I     1  -3  -1  -4  -2  -2  -3  -3   1   4   2  -3   5  -1  -1  -1  -2  -3  -2   1   15   0   3   0   0   0   0   0   4  29  15   0  21   0   2   5   0   0   0   5  0.39 0.16
   39 M    -2   2  -3  -3  -3   4  -2  -4  -2   3   2  -1   2   0  -4  -2  -2  -3  -2   1    0  11   0   0   0  28   0   0   0  20  20   1   5   3   0   0   1   0   0   9  0.40 0.17
   40 K    -3   0  -3  -3  -6  -1  -2  -4  -3  -5  -5   8  -4  -6  -3  -3  -3  -6  -4  -5    0   0   0   0   0   0   0   0   0   0   0 100   0   0   0   0   0   0   0   0  1.89 0.42
   41 L    -3  -4  -5  -5   0  -4  -4  -5  -4   4   4  -4   1   3  -4  -4  -2  -3   0   0    0   0   0   0   2   0   0   0   0  26  49   0   3  15   0   0   1   0   2   2  0.71 0.19
   42 D    -4  -4  -1   8  -6  -3  -1  -4  -4  -6  -6  -3  -6  -6  -4  -3  -4  -7  -6  -6    0   0   0 100   0   0   0   0   0   0   0   0   0   0   0   0   0   0   0   0  2.29 0.43
   43 P    -3  -5  -5  -4  -6  -4  -4  -3  -5  -6  -6  -4  -5  -7   9  -3  -4  -7  -6  -5    0   0   0   0   0   0   0   1   0   0   0   0   0   0  99   0   0   0   0   0  2.93 0.47
   44 Y    -5  -5  -5  -6  -5  -4  -5  -6  -1  -4  -4  -5  -4   0  -6  -5  -4   0  10  -4    0   0   0   0   0   0   0   0   0   0   0   0   0   0   0   0   0   0 100   0  2.76 0.50
   45 I    -3  -4  -5  -5  -3  -4  -5  -6  -5   5   4  -4   1  -2  -5  -4  -3  -4  -3   0    0   0   0   0   0   0   0   0   0  48  49   0   2   0   0   0   0   0   0   1  1.03 0.26
   46 N    -4  -3   9  -1  -5  -2  -3  -3  -2  -6  -6  -3  -5  -6  -5  -2  -3  -7  -5  -6    0   0  99   0   0   1   0   0   0   0   0   0   0   0   0   0   0   0   0   0  2.27 0.45
   47 V    -2  -4  -5  -5  -3  -4  -4  -4  -4   4  -1  -4  -1  -2  -4  -4  -1   0   1   6    0   0   0   0   0   0   0   1   0  24   1   0   0   0   0   0   2   1   6  65  0.96 0.26
   48 D    -4  -4   1   8  -6  -3  -1  -4  -3  -6  -6  -3  -6  -6  -4  -3  -3  -7  -6  -6    0   0   4  96   0   0   0   0   0   0   0   0   0   0   0   0   0   0   0   0  2.14 0.41
   49 P     3  -4  -4  -4  -4  -3  -3  -4  -4  -5  -5  -3  -4  -6   8  -2  -3  -6  -5  -4   27   0   0   0   0   0   0   0   0   0   0   0   0   0  72   1   0   0   0   0  1.99 0.37
   50 G    -2  -5  -3  -4  -5  -4  -5   7  -4  -6  -6  -4  -5  -6  -5  -3  -2  -5  -6  -6    0   0   0   0   0   0   0  98   0   0   0   0   0   0   0   0   2   0   0   0  2.05 0.37
   51 T    -2  -1  -2  -4  -3  -3  -3  -4  -4  -3  -2  -3  -3  -4  -4  -1   7  -5  -2  -1    0   4   0   0   0   0   0   0   0   0   2   0   0   0   0   0  91   0   2   2  1.54 0.39
   52 M    -4  -4  -5  -6  -4  -3  -5  -6  -4   0   1  -4  10   0  -5  -4  -3  -4  -3  -2    0   0   0   0   0   0   0   0   0   3   6   0  88   3   0   0   0   0   0   0  2.21 0.46
   53 S    -2  -2   5  -2  -4  -2  -2  -2   1  -5  -5  -2  -4  -5  -3   5  -1  -5  -4  -4    0   1  32   0   0   0   0   0   4   0   0   0   0   0   0  63   0   0   0   0  1.13 0.32
   54 P    -4  -5  -5  -4  -6  -4  -4  -5  -5  -6  -6  -4  -5  -7   9  -4  -4  -7  -6  -5    0   0   0   0   0   0   0   0   0   0   0   0   0   0 100   0   0   0   0   0  3.01 0.48
   55 I    -2  -3  -3  -5  -4  -4  -4  -5   0   0   0  -3  -2   5  -5  -3  -1   0   7  -1    3   0   1   0   0   0   0   0   1   4   8   1   0  27   0   0   3   0  47   2  1.08 0.26
   56 Q    -3  -2  -2  -2  -6   8   4  -4  -2  -5  -5  -1   0  -6  -4  -2  -3  -5  -4  -5    1   0   0   0   0  71  26   0   0   0   0   0   2   0   0   0   0   0   0   0  1.59 0.38
   57 H    -5  -3  -2  -4  -6  -2  -3  -5  11  -6  -6  -4  -5  -4  -5  -4  -5  -5  -1  -6    0   0   0   0   0   0   0   0 100   0   0   0   0   0   0   0   0   0   0   0  3.13 0.53
   58 G    -2  -5  -3  -4  -5  -4  -5   7  -4  -6  -6  -4  -5  -6  -5  -3  -4  -5  -6  -6    0   0   0   0   0   0   0 100   0   0   0   0   0   0   0   0   0   0   0   0  2.12 0.38
   59 E    -3  -3  -3  -1  -6   0   8  -5  -3  -6  -6  -2  -5  -6  -4  -3  -3  -6  -5  -5    0   0   0   0   0   0 100   0   0   0   0   0   0   0   0   0   0   0   0   0  2.00 0.43
   60 V    -2  -5  -5  -6   3  -5  -5  -6  -6   1  -1  -5  -2  -3  -5  -4  -2  -5  -4   7    0   0   0   0   6   0   0   0   0   1   0   0   0   0   0   0   0   0   0  94  1.51 0.36
   61 F    -5  -5  -5  -6  -5  -5  -5  -6  -2  -3  -2  -5  -2   8  -6  -5  -4  -1   6  -3    0   0   0   0   0   0   0   0   0   0   0   0   0  74   0   0   0   0  26   0  1.98 0.38
   62 V    -2  -5  -5  -6  -3  -5  -5  -6  -6   1  -1  -5  -1  -3  -5  -4  -2  -5  -4   7    0   0   0   0   0   0   0   0   0   2   0   0   0   0   0   0   0   0   0  98  1.62 0.38
   63 T    -2  -4  -3  -4  -3  -3  -3  -4  -4  -2   2  -3  -2  -4  -4  -1   7  -5  -4  -2    0   0   0   0   0   0   0   0   0   0  20   0   0   0   0   0  80   0   0   0  1.30 0.35
   64 E    -1  -2   1   6  -3   0   3  -2   0  -4  -5   0  -4  -4  -3  -1  -2  -5  -2  -4    5   1   5  49   0   3  25   1   2   0   0   6   0   0   0   1   0   0   1   1  0.85 0.22
   65 D    -4  -4  -1   8  -6  -3  -1  -4  -4  -6  -6  -3  -6  -6  -4  -2  -4  -7  -6  -6    0   0   0  99   0   0   0   0   0   0   0   0   0   0   0   1   0   0   0   0  2.25 0.42
   66 G    -2  -5  -3  -4  -5  -4  -5   7  -4  -6  -6  -4  -5  -6  -5  -3  -4  -5  -6  -6    0   0   0   0   0   0   0 100   0   0   0   0   0   0   0   0   0   0   0   0  2.12 0.38
   67 A     5  -3  -3  -3  -3  -3  -3   3   1  -2  -3  -2  -1  -4  -3   0  -1  -4  -1  -2   61   0   0   0   0   0   0  23   5   1   0   2   1   0   0   2   3   0   2   2  0.72 0.23
   68 E    -3  -3  -3  -1  -6   0   8  -5  -3  -6  -6  -2  -5  -6  -4  -3  -3  -6  -5  -5    0   0   0   0   0   0 100   0   0   0   0   0   0   0   0   0   0   0   0   0  2.00 0.43
   69 T     0  -3  -3  -4   2  -3  -3  -4  -4  -2  -3  -3  -3  -4  -3  -1   7  -5  -4   1    6   0   0   0   5   0   0   0   0   0   0   0   0   0   0   0  77   0   0  12  1.19 0.33
   70 D    -4  -4  -1   8  -6  -3  -1  -4  -4  -6  -6  -3  -6  -6  -4  -3  -4  -7  -6  -6    0   0   0 100   0   0   0   0   0   0   0   0   0   0   0   0   0   0   0   0  2.29 0.43
   71 L    -4  -4  -6  -6  -3  -4  -5  -6  -5   0   6  -5   3  -2  -5  -5  -3  -4  -3  -1    0   0   0   0   0   0   0   0   0   0  95   0   5   0   0   0   0   0   0   0  1.39 0.32
   72 D    -4  -4  -1   8  -6  -3  -1  -4  -4  -6  -6  -3  -6  -6  -4  -3  -4  -7  -6  -6    0   0   0 100   0   0   0   0   0   0   0   0   0   0   0   0   0   0   0   0  2.29 0.43
   73 L    -3  -4  -5  -6  -3  -4  -5  -6  -5   1   6  -4   0   1  -5  -4  -3  -3  -3   0    0   0   0   0   0   0   0   0   0   6  86   0   0   5   0   0   0   0   0   2  1.16 0.28
   74 G    -2  -5  -3  -4  -5  -4  -5   7  -4  -6  -6  -4  -5  -6  -5  -3  -4  -5  -6  -6    0   0   0   0   0   0   0 100   0   0   0   0   0   0   0   0   0   0   0   0  2.12 0.38
   75 H    -4  -3   4  -3  -6  -2  -3  -4  10  -6  -6  -3  -4  -4  -5  -3  -2  -5   0  -6    0   0  20   0   0   0   0   0  76   0   0   0   0   0   0   0   2   0   1   0  2.22 0.43
   76 Y    -5  -5  -5  -6  -5  -4  -5  -6  -1  -4  -4  -5  -4   0  -6  -5  -4   0  10  -4    0   0   0   0   0   0   0   0   0   0   0   0   0   0   0   0   0   0 100   0  2.76 0.50
   77 E    -3  -3  -3  -1  -6   0   7  -5   0  -6  -5  -2  -5  -6  -4  -3  -3  -5  -3  -5    0   0   0   0   0   0  97   0   2   0   0   0   0   0   0   0   0   0   1   0  1.89 0.41
   78 R    -4   8  -3  -4  -6  -1  -3  -5  -3  -6  -5   0  -4  -6  -5  -3  -4  -5  -4  -5    0 100   0   0   0   0   0   0   0   0   0   0   0   0   0   0   0   0   0   0  2.21 0.43
   79 F    -5  -5  -6  -6  -5  -6  -6  -6  -3  -2  -2  -6  -2   9  -6  -5  -5  -1   3  -3    0   0   0   0   0   0   0   0   0   1   1   0   0  92   0   0   0   0   7   0  2.22 0.41
   80 I    -2  -3  -1  -4  -2  -3  -3  -4  -4   3   3  -3   1  -2  -4  -1   3  -4  -3   1    1   0   4   0   0   0   0   0   0  25  37   0   2   0   0   3  23   0   0   6  0.48 0.17
   81 R    -2   1   2   5  -4  -2  -1   3   0  -5  -5  -1  -4  -5  -3   0  -2  -5  -4  -5    0   9  11  44   0   0   1  25   2   0   0   1   0   0   0   7   1   0   0   0  0.79 0.21
   82 T     0   0  -2  -3  -2  -2   1  -3  -3   3   0  -1   0  -2  -3  -1   3  -4  -3   3    8   6   1   0   0   0  10   1   0  21   2   1   1   0   0   2  21   0   0  25  0.27 0.13
   83 K    -1   1   3   2  -3   0   1  -2  -1  -4  -3   2  -2  -3   2   1   0  -4  -3  -3    5   9  22  10   0   3   9   0   1   0   0  16   1   1   9   9   5   0   0   1  0.35 0.11
   84 M     0  -3  -4  -5  -1  -3  -4  -4  -4   0   4  -3   6  -1  -4  -2   0  -3  -2   0   11   0   0   0   1   0   0   0   0   1  49   1  25   1   0   2   8   0   1   2  0.65 0.21
   85 S    -1   0   2  -1  -1  -2  -2  -1  -1  -3  -3   0  -3  -4  -1   4   4  -4  -2  -3    1   6   9   1   1   0   0   3   1   0   1   4   0   0   2  41  29   0   1   0  0.54 0.20
   86 R    -1   4  -2  -2  -4   2  -1   1   0  -4  -4   4  -3  -2  -3   0  -2  -2  -3  -4    3  30   0   0   0  10   0   9   2   0   0  37   0   2   0   6   0   1   0   0  0.67 0.20
   87 R     1   1   1   2  -2   0   0  -1   0  -2  -1   1  -1   0  -2   1   0  -2   2  -2   14   9   5  17   0   2   2   2   2   1   8   9   1   3   0  12   3   0   9   1  0.12 0.07
   88 N     0  -2   6   2  -2  -2  -2  -2   4  -5  -5  -2  -4  -4  -3   3  -2   0  -3  -4    8   0  46  12   1   0   0   0  10   0   0   0   0   0   0  21   0   1   0   0  0.85 0.24
   89 N    -3  -3   8  -1  -3  -2  -3  -3  -2  -5  -6  -2  -4  -5  -4   2  -1  -6  -4  -5    0   0  79   0   0   0   0   0   0   0   0   0   0   0   0  18   2   0   0   0  1.65 0.37
   90 F    -1  -4  -4  -5  -1  -4  -4  -5  -4   4   1  -4   0   4  -4  -3  -1  -2   1   3    3   0   0   0   1   0   0   0   0  36   6   0   1  18   0   0   3   0   4  26  0.58 0.17
   91 T    -2  -4  -2  -3  -3  -3  -3  -4  -4  -3  -4  -3  -3  -5   0   0   7  -5  -4  -3    0   0   0   0   0   0   0   0   0   0   0   0   0   0   4   4  93   0   0   0  1.65 0.40
   92 T     1  -3  -2  -3  -3  -2  -3  -1  -3  -3  -3  -3   1  -4  -3   2   6  -4  -4  -2    9   0   0   0   0   1   0   4   0   0   0   0   4   0   0  18  65   0   0   0  0.96 0.29
   93 G    -2  -5  -3  -4  -5  -4  -5   7  -4  -6  -6  -4  -5  -6  -5  -3  -4  -5  -6  -6    0   0   0   0   0   0   0 100   0   0   0   0   0   0   0   0   0   0   0   0  2.12 0.38
   94 R    -2   4  -2  -3  -5   4  -1  -3  -2  -5  -4   5  -3  -5  -3   0  -2  -4  -3  -4    2  28   0   0   0  23   0   1   0   0   0  38   0   0   0   7   0   0   0   0  0.89 0.25
   95 I    -3  -5  -5  -5  -3  -5  -5  -6  -5   6   0  -4   0  -2  -5  -4  -2  -5  -3   4    0   0   0   0   0   0   0   0   0  63   4   0   0   0   0   0   1   0   0  32  1.14 0.28
   96 Y    -5  -4  -5  -6  -5  -4  -5  -6  -1  -4  -2  -5  -3   1  -6  -4  -4   0   9  -4    0   0   0   0   0   0   0   0   0   0   4   0   0   2   0   0   0   0  94   0  2.48 0.46
   97 S    -1   0   0  -1  -3   3   1  -2   2  -3  -1   1  -1  -1  -3   3  -1   2   0  -3    3   4   2   1   0  20   7   0   7   0   7  10   2   3   0  27   1   3   3   0  0.28 0.13
   98 D     0   0   2   2  -3   1   2  -2   1  -3  -3   0  -2  -4  -2   3   1  -4  -2  -3    9   5  10  10   0   4  17   0   4   0   1   4   1   0   0  25   9   0   1   0  0.33 0.12
   99 V    -2  -5  -5  -5  -3  -4  -5  -5  -5   3   0  -4  -1  -3  -5  -4  -2  -5  -3   6    0   0   0   0   0   0   0   0   0  14   6   0   0   0   0   0   1   0   0  79  1.20 0.30
  100 L    -3  -5  -5  -5  -3  -4  -5  -6  -5   6   3  -5   0  -1  -5  -4  -3  -4  -3   1    0   0   0   0   0   0   0   0   0  66  28   0   1   2   0   0   0   0   0   4  1.09 0.27
  101 R     1   2   2   1  -3   1   3  -2  -1  -3  -3   2  -2  -4  -2   0   1  -4  -3  -3   12  11  12   7   0   5  23   0   1   0   0  15   1   0   0   6   9   0   0   1  0.35 0.12
  102 K    -2   3   0  -2   1   0  -1  -3  -3  -5  -4   6  -3  -5  -3  -2  -3  -5  -4  -4    1  13   5   1   4   2   0   1   0   0   1  73   0   0   0   0   0   0   0   0  1.14 0.30
  103 E    -3  -3  -3  -1  -6   0   8  -5  -3  -6  -6  -2  -5  -6  -4  -3  -3  -6  -5  -5    0   0   0   0   0   0 100   0   0   0   0   0   0   0   0   0   0   0   0   0  2.00 0.43
  104 R    -4   8  -3  -4  -6  -1  -3  -5  -3  -6  -5   0  -4  -6  -5  -3  -4  -5  -4  -5    0 100   0   0   0   0   0   0   0   0   0   0   0   0   0   0   0   0   0   0  2.21 0.43
  105 R    -1   6   0  -2  -5   0   1  -4   1  -5  -3   3  -3  -5  -3  -1  -2  -5  -3  -4    4  59   3   0   0   2   9   0   3   0   1  15   0   0   0   2   1   0   0   0  0.95 0.24
  106 G    -2  -5  -1  -4  -5  -4  -4   7  -4  -6  -6  -4  -5  -6  -5  -3  -4  -5  -6  -6    0   0   2   0   0   0   0  98   0   0   0   0   0   0   0   0   0   0   0   0  2.05 0.37
  107 D    -2  -2   0   6  -5  -1   3  -1  -2  -5  -5   0  -4  -4  -3   0  -2  -5  -4  -3    3   1   3  57   0   1  19   4   1   0   0   6   0   0   0   4   0   0   0   1  0.96 0.23
  108 Y    -4  -4  -5  -6  -5  -4  -5  -6  -1  -4  -3  -5  -3   4  -6  -4  -4   1   9  -4    0   0   0   0   0   0   0   0   0   0   0   0   0  12   0   0   1   1  87   0  2.34 0.44
  109 L    -3  -4  -1  -2  -3  -3  -4  -4  -2   0   6  -4   1  -2  -5  -3  -2  -4  -3  -1    0   0   3   2   0   1   0   1   1   0  88   0   1   0   0   1   1   0   0   0  1.05 0.28
  110 G    -2  -5  -3  -4  -5  -4  -4   7  -4  -6  -6  -4  -5  -6  -5  -2  -4  -5  -6  -6    0   0   0   0   0   0   0  99   0   0   0   0   0   0   0   1   0   0   0   0  2.06 0.37
  111 A     2   0  -1   0  -3   2  -1   3  -2  -3  -3   4  -3  -4  -3   0  -2  -4  -3  -3   19   4   1   4   0   9   1  21   1   0   0  33   0   0   0   6   0   0   0   0  0.43 0.16
  112 T    -3  -4  -3  -4   0  -3  -3  -4  -4  -3  -4  -3  -3  -5  -4  -1   8  -5  -4  -3    0   0   0   0   1   0   0   0   0   0   0   0   0   0   0   0  99   0   0   0  1.85 0.43
  113 V    -2  -5  -5  -5  -3  -4  -5  -5  -5   3   0  -4  -1  -3  -5  -4  -2  -5  -3   6    0   0   0   0   0   0   0   0   0  13   4   0   0   0   0   0   0   0   0  83  1.29 0.31
  114 Q    -4  -2  -3  -3  -6   9  -1  -5  -1  -6  -5  -1  -3  -6  -4  -3  -3  -5  -4  -5    0   0   0   0   0  99   0   0   1   0   0   0   0   0   0   0   0   0   0   0  2.29 0.49
  115 V    -2  -5  -5  -5  -3  -4  -5  -5  -5   4   0  -4   0  -3  -4  -4  -1  -5  -3   6    0   0   0   0   0   0   0   0   0  20   5   0   1   0   0   0   2   0   0  73  1.12 0.28
  116 I    -3  -5  -1  -5  -3  -5  -5  -6  -5   7  -1  -5  -1  -2  -5  -4  -3  -5  -3   3    0   0   4   0   0   0   0   0   0  78   0   0   0   0   0   0   0   0   0  18  1.31 0.31
  117 P    -4  -5  -5  -4  -6  -4  -4  -5  -5  -6  -6  -4  -5  -7   9  -4  -4  -7  -6  -5    0   0   0   0   0   0   0   0   0   0   0   0   0   0 100   0   0   0   0   0  3.01 0.48
  118 H    -5  -3  -2  -4  -6  -2  -3  -5  11  -6  -6  -4  -5  -4  -5  -4  -5  -5  -1  -6    0   0   0   0   0   0   0   0 100   0   0   0   0   0   0   0   0   0   0   0  3.13 0.53
  119 I    -3  -5  -5  -5  -3  -5  -5  -6  -5   6   0  -5  -1  -1  -5  -4  -2  -5  -3   4    0   0   0   0   0   0   0   0   0  63   2   0   0   2   0   0   0   0   0  33  1.16 0.28
  120 T    -2  -4  -3  -4  -3  -3  -3  -4  -4   1  -3  -3  -3  -4  -4  -1   7  -5  -4  -1    0   0   0   0   0   0   0   0   0   8   0   0   0   0   0   0  91   0   0   2  1.57 0.39
  121 N    -3  -3   6   6  -5  -1   0  -1  -2  -5  -6  -2  -5  -5  -4  -1  -2  -6  -5  -5    0   0  39  52   0   1   2   2   0   0   0   0   0   0   0   3   0   0   0   0  1.31 0.30
  122 A     1  -2  -2   0  -5   1   6  -4  -2  -3  -3  -1   0  -4  -3  -1  -2  -5  -4  -3   15   0   0   2   0   3  69   0   0   1   3   0   3   0   0   1   1   0   0   0  1.00 0.28
  123 I    -3  -5  -6  -6  -3  -5  -6  -6  -6   7   0  -5  -1  -2  -5  -5  -3  -5  -4   2    1   0   0   0   0   0   0   0   0  92   2   0   0   0   0   0   0   0   0   6  1.60 0.35
  124 K    -3   1  -2  -3  -5   2  -1  -4  -3   1  -3   7  -3  -5  -3  -2  -3  -5  -4  -3    0   4   0   0   0  10   0   0   0   9   2  74   0   0   0   0   0   0   0   1  1.11 0.30
  125 E     0   3   1   3  -2   1   3  -2   0  -3  -3   0  -3  -4  -3   1  -2  -4  -3  -3    6  17   7  18   1   4  27   0   2   1   1   4   0   0   0  12   0   0   0   0  0.44 0.14
  126 R    -2   6  -1  -3   0  -1  -2  -4  -2  -3  -3   2  -1   2  -4  -2  -1   4   1  -2    3  51   1   0   2   0   1   0   0   0   1   9   1  12   0   2   4   5   4   3  0.67 0.21
  127 V    -2  -4  -5  -5  -3  -4  -5  -5  -5   6   0  -4   2  -2  -4  -4  -2  -4  -2   4    2   0   0   0   0   0   0   0   0  61   3   1   4   1   0   0   1   0   1  26  0.98 0.25
  128 L    -1   2  -2  -2  -2   0  -1  -3  -1   1   2   1   1   1  -3  -2  -1  -2   1   1    6  14   0   1   1   3   2   1   1  10  20  10   5   8   0   0   2   0   5  10  0.11 0.07
  129 E     1   2   1   1  -3   1   2   0   0  -2  -2   1  -2  -3  -2   1  -1  -3  -2  -2   16  15   5   6   0   6  17   4   2   1   5   9   0   0   0   9   1   0   1   2  0.20 0.08
  130 G     2  -2   0   0   1  -1  -1   3  -1  -1  -1  -1  -1  -3  -2   0  -1  -4  -3   0   25   1   5   7   4   2   1  26   1   2   5   3   1   0   0   5   3   0   0   8  0.23 0.09
  131 G     3  -2   1   0  -2  -1  -1   3  -2  -3  -3  -1  -2  -4  -2   1   0  -4  -3  -2   36   1   6   4   0   1   3  27   0   0   1   3   1   0   1  11   6   0   0   1  0.42 0.14
  132 E     0   0   0   2  -3   2   3  -1  -1  -3  -2   2  -1  -3  -1   0   1  -4  -3  -2    5   4   2  12   0   8  26   3   0   0   4  15   2   0   1   8   8   0   0   1  0.30 0.10
  133 G     0  -1   3   2  -3  -1   1   4  -1  -4  -4   0  -3  -4  -2   0  -1  -4  -3  -3    9   1  14  16   0   1  10  33   1   0   0   7   0   0   1   4   2   0   0   1  0.45 0.13
  134 H     2  -2  -1  -2  -2  -1  -1  -2   3  -1  -1  -1  -2   0   2   1   0   0   2   0   27   1   2   1   0   1   2   1  10   1   5   2   0   4  11   9   4   1   9   8  0.21 0.10
  135 D    -4  -3  -1   8  -6   0   1  -4  -3  -6  -6  -3  -5  -6  -4  -2  -3  -7  -5  -6    0   1   1  88   0   3   7   0   0   0   0   0   0   0   0   0   0   0   0   0  1.87 0.37
  136 V    -2  -4  -5  -5  -3  -4  -5  -5  -4   4   0  -4   0   4  -4  -4  -2  -3  -1   5    1   0   0   0   0   0   0   0   0  21   2   0   1  19   0   0   0   0   0  56  0.90 0.24
  137 V     2  -4  -4  -4   5  -3  -4  -4  -4   2   1  -3   1  -2  -4  -2  -1  -4  -3   4   18   0   0   0  13   0   0   0   0  12  11   0   3   0   0   0   3   0   0  41  0.54 0.18
  138 L    -3  -5  -5  -5  -3  -4  -5  -6  -5   6   3  -4   1  -1  -5  -4  -2  -4  -3   2    0   0   0   0   0   0   0   0   0  61  26   0   2   0   0   0   0   0   0  11  1.00 0.25
  139 V    -2  -4  -3  -4   4  -3  -4  -4  -4   3  -1  -4  -1  -3  -4  -1   3  -4  -3   5    0   0   0   0  10   0   0   0   0  18   0   0   0   0   0   4  20   0   0  46  0.69 0.22
  140 E    -3  -3  -3  -1  -6   0   8  -5  -3  -6  -6  -2  -5  -6  -4  -3  -3  -6  -5  -5    0   0   0   0   0   0 100   0   0   0   0   0   0   0   0   0   0   0   0   0  2.00 0.43
  141 I    -3  -5  -5  -5  -3  -5  -5  -6  -5   6   2  -5   0  -2  -5  -4  -2  -4  -3   3    0   0   0   0   0   0   0   0   0  67  12   0   0   0   0   0   0   0   0  20  1.13 0.27
  142 G    -2  -5  -3  -4  -5  -4  -5   7  -4  -6  -6  -4  -5  -6  -5  -3  -4  -5  -6  -6    0   0   0   0   0   0   0 100   0   0   0   0   0   0   0   0   0   0   0   0  2.12 0.38
  143 G    -2  -5  -3  -4  -5  -4  -5   7  -4  -6  -6  -4  -5  -6  -5  -3  -4  -5  -6  -6    0   0   0   0   0   0   0 100   0   0   0   0   0   0   0   0   0   0   0   0  2.12 0.38
  144 T    -3  -4  -3  -4  -2  -3  -3  -4  -4  -3  -4  -3  -3  -5  -4  -1   8  -5  -4  -2    0   0   0   0   0   0   0   0   0   0   0   0   0   0   0   0  99   0   0   1  1.85 0.43
  145 V    -2  -5  -5  -5  -3  -4  -5  -5  -5   2  -1  -5  -1  -3  -5  -4  -2  -5  -3   7    1   0   0   0   0   0   0   0   0   9   0   0   0   0   0   0   0   0   0  89  1.40 0.34
  146 G    -2  -5  -3  -4  -5  -4  -5   7  -4  -6  -6  -4  -5  -6  -5  -3  -4  -5  -6  -6    0   0   0   0   0   0   0 100   0   0   0   0   0   0   0   0   0   0   0   0  2.12 0.38
  147 D    -4  -4  -1   8  -6  -3   0  -4  -4  -6  -6  -3  -6  -6  -4  -3  -4  -7  -6  -6    0   0   0  96   0   0   4   0   0   0   0   0   0   0   0   0   0   0   0   0  2.16 0.41
  148 I    -4  -5  -6  -6  -4  -5  -5  -6  -5   7   0  -5   2  -2  -5  -5  -3  -4   1   0    0   0   0   0   0   0   0   0   0  90   1   0   4   0   0   0   0   0   5   0  1.53 0.35
  149 E    -3  -3  -3  -1  -6   0   8  -5  -3  -6  -6  -2  -5  -6  -4  -3  -3  -6  -5  -5    0   0   0   0   0   0 100   0   0   0   0   0   0   0   0   0   0   0   0   0  2.00 0.43
  150 S     0  -3  -1  -2  -3  -2  -2   3  -3  -5  -5  -2  -4  -5  -3   6  -1  -5  -4  -4    2   0   1   0   0   1   0  19   0   0   0   0   0   0   0  77   0   0   0   0  1.15 0.32
  151 L    -2  -3  -2  -4  -3   2  -2  -3  -3   0   4  -3   4  -2  -4  -1  -2  -3  -3  -1    3   0   2   0   0  14   1   1   0   2  58   0  14   0   0   4   1   0   0   0  0.62 0.21
  152 P    -3  -5  -5  -4  -5  -4  -4  -5  -5  -1  -4  -4  -5  -4   8  -2  -3  -6  -5  -3    0   0   0   0   0   0   0   0   0   4   1   0   0   1  91   2   0   0   0   1  2.52 0.42
  153 F    -5  -5  -6  -6  -5  -6  -6  -6  -3  -3  -2  -6  -2   9  -6  -5  -5  -1   3  -3    0   0   0   0   0   0   0   0   0   0   0   0   0  92   0   0   0   0   8   0  2.24 0.41
  154 L    -3  -4  -5  -5  -3  -4  -4  -5  -4   3   5  -4   2   1  -4  -4  -1  -3  -2   1    0   0   0   0   0   0   0   0   0  14  67   0   4   5   0   0   4   0   0   5  0.80 0.21
  155 E    -3  -3  -3  -1  -6   0   7  -5  -2  -6  -5  -2  -5  -6  -4  -3  -3  -5  -2  -5    0   0   0   0   0   0  98   0   0   0   0   0   0   0   0   0   0   0   2   0  1.92 0.42
  156 A     6  -4  -4  -4  -3  -3  -3  -2  -4  -4  -4  -3  -3  -5  -3   0  -1  -5  -4  -2   94   0   0   0   0   0   0   0   0   0   0   0   0   0   0   4   2   0   0   0  1.40 0.35
  157 I     0  -4  -5  -5  -2  -4  -4  -5  -4   5   2  -4   2   0  -4  -3  -2  -4  -3   3    9   0   0   0   0   0   0   0   0  54  12   0   6   3   0   0   0   0   0  16  0.72 0.20
  158 R    -1   8  -3  -4  -6  -1  -2  -4  -3  -5  -5   0  -4  -5  -4  -2  -3  -5  -4  -5    5  91   0   0   0   0   0   0   0   0   0   0   0   0   0   3   1   0   0   0  1.83 0.39
  159 Q    -3  -1  -3  -3  -6   8   1  -4  -2  -6  -5   0  -3  -6  -4  -3  -3  -5  -4  -5    0   0   0   0   0  90   6   0   0   0   0   4   0   0   0   0   0   0   0   0  1.96 0.44
  160 M    -3  -4  -5  -5  -3  -4  -4  -5  -4   2   3  -4   6   5  -5  -4  -2  -2  -1   1    0   0   0   0   0   0   0   0   0  11  30   0  25  27   0   0   0   0   0   7  0.79 0.22
  161 A     0   5  -1  -2  -4   2  -1   1   1  -4  -4   3  -2  -4  -3   0  -2  -4  -3  -3    9  36   0   0   0  12   0  10   3   0   0  21   0   0   0   6   1   0   0   1  0.57 0.18
  162 V    -1   0   1  -2  -1   0  -1  -1   3   0   0   0   0   2  -3   0   0   2   2   0    2   6  11   0   1   5   0   4   9   3  13   5   2   9   0   6   4   3  11   6  0.09 0.06
  163 E    -3   1  -1   4  -5   0   5  -3  -2  -3  -4   1  -3  -5  -3  -2  -2  -5  -4  -1    0   7   1  26   0   2  50   0   0   2   0   5   0   0   0   0   1   0   0   5  0.84 0.23
  164 I    -1  -1  -3  -2  -2  -1   0  -4   0   2   3  -2   1  -1  -3  -2  -1  -3  -1   3    3   2   0   1   0   3  10   0   3   7  29   2   4   1   0   0   1   0   2  32  0.28 0.12
  165 G     0  -3  -1  -2  -4  -3  -1   6  -2  -5  -5  -1  -4  -5   1  -1  -3  -4  -5  -5    5   0   1   2   0   0   3  74   1   0   0   5   0   0   6   3   0   0   0   0  1.18 0.25
  166 R    -1   5   0   0  -4   0   1  -2   0  -3  -3   3  -2  -3   1   0  -1  -4  -2  -2    4  39   3   4   0   1   7   1   3   0   1  18   0   1   6   7   1   0   1   4  0.47 0.15
  167 E     0  -1   2   3  -4   1   4   1   0  -4  -4   0  -3  -4  -1  -1  -1  -4  -3  -4    6   2  13  17   0   5  34  10   2   0   0   5   0   0   2   2   1   0   0   0  0.49 0.15
  168 H    -3   1   7   2  -5   1  -1  -2   2  -5  -4  -1  -4  -4  -4  -1  -2  -5  -3  -5    1   8  63  11   0   5   1   1   4   0   1   2   0   1   0   2   1   0   0   0  1.07 0.27
  169 T     1  -2  -3  -4   5  -3  -3  -3  -4   1   0  -3   0   1  -3  -1   2  -3  -1   3   11   2   0   0  17   0   0   0   0   6   3   0   1   9   0   3  15   0   0  31  0.40 0.15
  170 L     1  -3  -4  -4   3  -3  -4  -4  -2   2   3  -3   4   2  -4  -2  -2  -3  -2   1   13   0   0   0   8   0   0   0   1  13  30   0  16   8   0   1   0   0   0  10  0.41 0.14
  171 F    -3  -4   1  -4  -1  -4  -4  -5  -2  -2   0  -4  -2   7  -5  -1  -3  -1   6  -2    0   0   7   0   1   0   0   0   0   1   9   0   0  48   0   5   0   0  27   2  1.08 0.26
  172 M    -1  -4  -5  -5  -3  -4  -4  -5  -5   5   1  -4   4  -2  -4  -3  -1  -4  -3   4    3   0   0   0   0   0   0   0   0  45   8   0  11   0   0   0   2   0   0  30  0.79 0.22
  173 H    -4  -3  -2  -4  -6  -2  -3  -5  11  -6  -6  -3  -4  -4  -5  -1  -4  -5  -1  -6    0   0   0   0   0   0   0   0  95   0   0   0   0   0   0   5   0   0   0   0  2.87 0.50
  174 L    -2  -4  -5  -5   2  -4  -4  -5  -5   1   4  -4   1  -2  -4  -3  -1  -4  -3   5    0   0   0   0   5   0   0   0   0   1  41   0   2   0   0   0   3   0   0  47  0.78 0.22
  175 T     0  -3  -2  -1  -3  -3  -3  -2  -4  -3  -4  -3  -3  -4  -3   2   6  -5  -4  -2    4   0   0   4   0   0   0   1   0   0   0   0   0   0   0  16  73   0   0   1  1.13 0.31
  176 L    -3  -4  -5  -5  -3  -4  -5  -5  -3  -1   5  -4   0   0  -1  -4  -3   1   4  -1    0   0   0   0   0   0   0   0   0   0  74   0   0   2   3   0   0   1  20   0  1.03 0.27
  177 V    -2  -4  -5  -5  -3  -4  -4  -5  -5   3   2  -4   1  -2  -4  -3  -2  -4  -3   6    0   0   0   0   0   0   0   0   0  11  20   0   2   0   0   1   0   0   0  66  0.93 0.25
  178 P    -3  -5  -5  -4  -5  -4  -2  -5  -5  -1  -3  -4  -4  -6   8  -3  -3  -6  -5  -2    0   0   0   0   0   0   1   0   0   3   2   0   0   0  89   0   0   0   0   4  2.41 0.41
  179 Y    -3  -3  -4  -4  -2  -1  -1  -4   1  -1  -2  -3  -2   3  -4  -2  -3   4   8  -1    0   0   0   0   1   2   5   0   2   3   3   1   1  12   0   2   1   5  58   4  1.16 0.27
  180 M    -3  -4  -5  -5  -3  -4  -3  -5  -4   5   4  -4   1  -1  -1  -3  -2  -4  -3   1    1   0   0   0   0   0   2   0   0  46  41   0   2   0   4   1   0   0   0   3  0.77 0.21
  181 A     2   1   0   0  -3   0   1   1  -1  -3  -3   2  -2  -3   2   1  -1  -3  -2  -2   20   9   2   5   0   3   7   9   1   0   1  20   0   0  10   9   2   0   0   1  0.26 0.09
  182 A     3  -2  -2  -2  -2  -2   0  -1  -2  -1  -2   0  -2  -3   1   2   2  -4  -3   0   40   0   0   0   0   0   4   2   1   2   1   5   1   0   5  14  18   0   0   6  0.36 0.15
  183 S     4  -3   0  -2  -1  -1  -2  -2  -1  -2  -3  -2   0  -4  -3   2   2  -4  -3  -1   52   0   4   0   1   1   0   0   2   1   0   0   2   0   0  16  15   0   0   4  0.55 0.20
  184 G    -2  -2   1  -1  -3  -1  -2   6   0  -5  -5   0  -3  -5  -4  -1  -3  -5  -4  -5    1   1   6   2   1   2   2  76   2   0   0   5   1   0   0   1   0   0   0   0  1.22 0.26
  185 E    -3  -3  -3   0  -6   0   7  -5  -3  -6  -6  -2  -5  -6  -4  -3  -3  -6  -5  -5    0   0   0   3   0   0  97   0   0   0   0   0   0   0   0   0   0   0   0   0  1.91 0.41
  186 V    -2  -3  -3  -4  -3   3  -2  -4  -1   1   3  -2   3   1  -3  -3  -2  -3  -1   1    1   0   0   0   0  17   1   0   1   7  42   0  10   8   1   0   1   0   1   9  0.43 0.16
  187 K    -3   0  -3  -3  -6  -1  -2  -4  -3  -5  -5   8  -4  -6  -4  -3  -3  -6  -4  -5    0   0   0   0   0   0   0   0   0   0   0 100   0   0   0   0   0   0   0   0  1.90 0.42
  188 T    -2  -4  -2  -3  -3  -3  -3  -4  -4  -3  -4  -3  -3  -5  -4   1   7  -5  -4  -3    0   0   0   0   0   0   0   0   0   0   0   0   0   0   0   6  94   0   0   0  1.73 0.41
  189 K    -3   0  -3  -3  -6  -1  -2  -4  -3  -5  -5   8  -4  -6  -4  -3  -3  -6  -4  -5    0   0   0   0   0   0   0   0   0   0   0 100   0   0   0   0   0   0   0   0  1.90 0.42
  190 P    -3  -5  -5  -4  -6  -4  -4  -2  -5  -4  -6  -4  -5  -6   9  -3  -4  -6  -6  -5    0   0   0   0   0   0   0   4   0   1   0   0   0   0  96   0   0   0   0   0  2.77 0.45
  191 T    -2  -4  -2  -3  -3  -3  -3  -4  -4   0  -2  -3  -2  -4  -3   0   7  -5  -4  -2    1   0   0   0   0   0   0   0   0   5   4   0   0   0   0   3  87   0   0   1  1.41 0.36
  192 Q    -4  -2  -3  -3  -6   9  -1  -5  -2  -6  -5  -1  -3  -6  -4  -3  -3  -5  -4  -5    0   0   0   0   0 100   0   0   0   0   0   0   0   0   0   0   0   0   0   0  2.32 0.49
  193 H    -3  -3   0  -4  -5   0  -3  -5  10  -5  -5  -3   1  -4  -5  -3  -4  -5  -1  -3    2   0   3   0   0   4   0   0  84   0   0   0   5   0   0   1   0   0   0   2  2.29 0.44
  194 S     0  -3  -2  -3  -3  -2  -2  -1  -3  -5  -5  -2  -4  -5  -3   7   0  -5  -4  -4    5   0   0   0   0   0   0   4   0   0   0   0   0   0   0  90   2   0   0   0  1.37 0.37
  195 V    -2  -5  -5  -5   2  -4  -5  -5  -5   2  -1  -4  -1  -3  -5  -4  -1  -5  -3   7    1   0   0   0   4   0   0   0   0   7   0   0   0   0   0   0   2   0   0  86  1.30 0.32
  196 K     0   3  -1  -3  -5   2  -1  -3  -2  -4  -4   6   0  -5  -3  -2  -2  -5  -4  -4    9  12   2   0   0  11   0   1   0   0   0  63   2   0   0   1   0   0   0   0  0.94 0.26
  197 E     0  -2   0   0  -4   1   6  -3  -2  -3  -3   0   0  -4  -3   0   0  -5  -4  -3    9   0   4   2   0   2  63   0   0   1   2   2   3   0   0   3   6   0   0   1  0.80 0.24
  198 L    -4  -4  -6  -6  -3  -4  -5  -6  -5   0   6  -5   1   1  -5  -5  -3  -4  -3  -1    0   0   0   0   0   0   0   0   0   0  92   0   2   4   0   0   0   0   0   2  1.30 0.31
  199 L    -3   7  -1  -4  -5   0  -2  -4  -2  -4   0   0  -2  -4  -4  -2  -3  -5  -4  -4    1  78   3   0   0   3   0   0   0   0  12   0   1   0   0   2   1   0   0   0  1.34 0.32
  200 S     0   2   0  -2  -3  -1   2   1  -2  -4  -4   0  -3  -4  -3   4  -1  -4  -3  -3    6  12   3   0   0   1  15  10   0   0   0   2   0   0   0  50   1   0   0   0  0.57 0.21
  201 I    -1  -4  -4  -4  -2  -4  -4  -5  -3   5   2  -4   0   1  -4  -3  -1  -3  -1   2    4   0   0   0   1   0   0   0   0  52  23   0   1   6   0   1   2   0   2   7  0.66 0.19
  202 G    -2  -5  -3  -4  -5  -4  -5   7  -4  -6  -6  -4  -5  -6  -5  -3  -4  -5  -6  -6    0   0   0   0   0   0   0 100   0   0   0   0   0   0   0   0   0   0   0   0  2.12 0.38
  203 I    -3  -5  -5  -5  -3  -5  -5  -6  -5   7   2  -5  -1  -2  -5  -4  -3  -5  -3   1    0   0   0   0   0   0   0   0   0  79  19   0   0   0   0   0   0   0   0   2  1.32 0.31
  204 Q    -1  -1   1  -2  -4   7   0  -3   1  -1  -3  -1  -2  -1  -3   1   0  -4  -2  -2    2   0   6   0   0  61   0   0   2   4   1   1   0   3   0  11   5   0   1   1  0.90 0.28
  205 P    -1  -5  -5  -4  -5  -4  -4  -5  -4  -5  -4  -4  -5  -5   8  -3  -3  -6   0  -5    5   0   0   0   0   0   0   0   0   0   2   0   0   0  89   0   1   0   4   0  2.47 0.42
  206 D    -4  -4   2   8  -6   0   0  -4  -1  -6  -6  -3  -5  -6  -4  -2  -3  -7  -5  -5    0   0   9  85   0   3   1   0   1   0   0   0   0   0   0   0   0   0   0   0  1.77 0.36
  207 I     1  -4  -4  -5  -3  -4  -4  -4  -4   5   1  -4   3  -1  -4  -3  -2  -4  -3   3   12   0   0   0   0   0   0   0   0  49  10   0  11   2   0   0   1   0   0  16  0.67 0.20
  208 L    -3  -4  -5  -5  -2  -4  -5  -5  -5   5   4  -4   0  -1  -5  -4  -2  -4  -3   2    0   0   0   0   0   0   0   0   0  35  53   0   0   0   0   0   0   0   0  11  0.89 0.23
  209 I    -1  -4  -5  -5  -2  -4  -4  -5  -5   4   2  -4   1  -1  -4  -3  -2  -4  -3   5    4   0   0   0   0   0   0   0   0  22  24   0   2   1   0   0   0   0   0  48  0.73 0.20
  210 C     0  -5  -5  -5  10  -3  -5  -2  -5  -2   1  -5  -3  -4  -5  -3  -2  -4  -2   0    7   0   0   0  65   1   0   4   0   1  12   0   0   0   0   0   1   0   1   8  1.69 0.33
  211 R    -4   8  -3  -4  -6  -1  -3  -5  -3  -6  -5   0  -4  -6  -5  -3  -4  -5  -4  -5    0 100   0   0   0   0   0   0   0   0   0   0   0   0   0   0   0   0   0   0  2.21 0.43
  212 S     1  -3  -1  -3   6  -2  -2  -1  -3  -3  -3  -2  -2  -4  -3   4   2  -4  -4  -2   12   0   2   0  18   0   0   4   0   0   0   0   1   0   0  47  15   0   0   0  0.75 0.24
  213 D    -2   0   0   4  -5   0   5  -3   0  -4  -5   0  -4  -5  -2   0  -1  -5  -4  -4    2   4   2  30   0   2  44   0   2   0   0   4   0   0   1   8   2   0   0   0  0.80 0.21
  214 R    -2   5  -1  -1  -4   2   0  -3   2  -2  -2   3   0  -2  -3  -1  -1  -4  -1  -2    2  38   2   2   0   9   3   1   6   2   3  18   4   1   0   1   3   0   2   3  0.46 0.15
  215 A     0  -1  -1  -1  -4  -1   2  -3   0  -3  -3   0   0  -4   6   0  -1  -5  -3  -1    6   3   3   2   0   1  16   0   2   0   2   5   3   0  45   4   2   0   0   4  0.84 0.19
  216 V    -2  -4  -5  -5  -3  -4  -4  -5  -4   4   4  -3   1  -1  -1  -3  -2  -4  -3   2    0   0   0   0   0   0   0   0   0  37  42   0   2   0   4   1   0   0   0  13  0.70 0.19
  217 P    -2  -3   1   2  -4  -1   0  -1  -2  -4  -4  -2  -3  -4   6   2   1  -5  -3  -3    1   0   8  15   0   2   5   4   0   0   1   0   0   0  38  19   7   0   0   0  0.79 0.19
  218 A     0   1   0   2  -3   2   2  -2  -1  -2  -2   2   1  -3   1   0  -1  -4  -3  -2    9   5   2  15   0  12  18   0   0   2   3  13   5   0   6   4   3   0   0   2  0.26 0.10
  219 N     0  -2   2   3  -4   0   3   1   0  -4  -4   0  -3  -4  -1   1  -1  -4  -2  -2    6   0  11  18   0   2  29   9   2   0   0   2   0   0   2  13   2   0   1   2  0.41 0.13
  220 E    -1  -2  -1  -1  -3   0   2  -3  -1   2   1  -2   2  -2  -3  -1   2  -3  -2   1    3   0   1   1   0   2  22   1   2  16  14   0   7   1   0   3  16   0   0  12  0.20 0.11
  221 R    -3   5  -2  -3  -2   0  -1  -4  -2   0  -2   5  -2  -4  -3  -2  -2  -5  -3  -2    0  38   0   0   1   1   0   0   0   8   3  46   1   0   0   1   1   0   0   2  0.89 0.25
  222 A     0   3   1   2  -3   0   3  -2  -1  -4  -4   2  -3  -3  -2   0  -1  -4  -3  -3   11  24   8  10   0   1  20   1   1   0   0  16   0   1   0   6   1   0   0   0  0.42 0.13
  223 K    -3   0  -3  -3  -6  -1  -2  -4  -3  -5  -5   8  -4  -6  -4  -3  -3  -6  -4  -5    0   1   0   0   0   0   0   0   0   0   0  99   0   0   0   0   0   0   0   0  1.87 0.41
  224 I    -3  -5  -5  -5  -3  -5  -5  -6  -5   7   2  -5   0  -2  -5  -4  -2  -4  -3   2    0   0   0   0   0   0   0   0   0  75  15   0   1   0   0   0   0   0   0   9  1.22 0.29
  225 A     5  -3  -2  -3  -2  -2  -2   1  -3  -4  -4  -2  -3  -4  -3   4  -1  -5  -4  -3   59   0   0   0   0   0   0   7   0   0   0   0   0   0   0  34   0   0   0   0  0.92 0.27
  226 L    -2  -2  -1  -3  -3  -1  -2  -2   1   0   4  -2   3  -1  -4  -2   0   0  -2  -1    1   1   3   0   0   2   2   2   4   1  63   2   8   0   0   3   5   2   0   0  0.50 0.18
  227 F    -4  -5  -5  -5  -4  -5  -5  -4  -2  -2  -1  -3   2   8  -5   0  -4  -2   1  -3    0   0   0   0   0   0   0   0   0   0   2   2   5  80   0   9   0   0   1   0  1.63 0.35
  228 C    -1  -5  -4  -5  10  -5  -5  -4  -5  -4  -4  -5  -4  -5  -5   0   2  -5  -5  -3    3   0   0   0  76   0   0   1   0   0   0   0   0   0   0   5  15   0   0   0  2.32 0.42
  229 N    -3  -3   6   4  -5  -1  -1   0   2  -5  -5  -2  -4  -5  -4  -1  -2   2  -3  -3    0   0  50  30   0   2   0   5   6   0   0   0   0   0   0   1   1   4   0   2  1.06 0.27
  230 V    -2  -5  -5  -5  -3  -4  -5  -5  -5   2   0  -4  -1  -3  -5  -4  -2  -5  -3   7    0   0   0   0   0   0   0   0   0   9   7   0   0   0   0   0   0   0   0  84  1.28 0.31
  231 P    -1   1   1   2  -4   0   2  -1  -1  -4  -4   1  -3  -4   5   0  -2  -5  -3  -4    4  10   6  14   0   1  18   3   1   0   1   9   0   0  28   4   0   0   0   0  0.60 0.15
  232 E    -1   0  -1   0  -3   1   3  -2  -2  -1  -2   1  -1  -3   3  -1  -1  -4  -2   0    4   5   2   4   0   7  26   1   0   5   3   9   1   0  17   3   3   0   1   9  0.31 0.11
  233 K    -2   1   1   3  -4   1   4  -2   0  -4  -3   1  -3  -4  -2   0   0   0  -3  -4    1   8   7  20   0   2  35   2   2   0   1   8   0   0   0   8   4   2   0   0  0.50 0.15
  234 A     4  -1   2  -1   1   1  -2   0  -1  -3  -3  -2  -1  -2  -3   1  -1  -3   0  -2   50   2  10   3   3   6   0   7   1   0   1   0   2   1   0   9   0   0   5   0  0.40 0.17
  235 V    -2  -5  -5  -5  -2  -5  -5  -6  -5   3  -1  -5  -1  -3  -5  -4  -2  -5  -3   7    0   0   0   0   1   0   0   0   0  14   0   0   0   0   0   0   0   0   0  86  1.37 0.33
  236 I    -3  -5  -5  -5  -3  -5  -5  -6  -5   6   1  -5  -1   3  -5  -4  -3  -4  -2   2    0   0   0   0   0   0   0   0   0  69   6   0   0  12   0   0   0   0   0  13  1.10 0.27
  237 S     0  -2   2   0   0   1   2   1  -2  -3  -3  -1  -2  -3   1   3   0  -4  -3  -2    8   0  11   3   2   7  14   9   0   0   1   0   0   1   8  29   5   0   0   2  0.30 0.12
  238 L     3  -3   1  -3   3  -2  -2  -2  -3  -1   1  -2   1  -3  -3   2   0  -4  -3   1   34   0   7   0   7   0   1   1   0   1  15   0   4   0   0  15   2   0   0  13  0.27 0.13
  239 K    -1   0  -2  -3  -2   1  -1  -3   2   0   1   0   0  -1   3  -1  -1   2   2   0    2   7   1   0   0   7   3   0   7   7  15   7   1   1  17   2   1   3   9   9  0.21 0.09
  240 D    -4  -4   2   8  -6  -3  -1  -4  -3  -5  -6  -3  -5  -6  -4  -2   0  -7  -5  -5    0   0   7  87   0   0   0   0   0   0   0   0   0   0   0   0   6   0   0   0  1.82 0.37
  241 V     3  -3  -4  -4   1  -1  -3  -3  -4   0   0  -2   1  -3  -3  -1  -1  -4  -3   4   32   0   0   0   2   2   0   0   0   2   7   1   4   0   0   3   2   0   0  45  0.50 0.19
  242 D    -1   0   1   4  -4   0   3  -2  -1  -4  -4   1  -3  -4   2   1  -2  -5  -4  -4    5   5   5  28   0   1  21   1   1   0   0  10   0   0  11  12   0   0   0   0  0.52 0.15
  243 S    -1  -3   3   1  -2  -2  -2  -2   2  -3  -3  -2  -2  -3  -3   5   3  -5  -3  -3    0   0  13   6   0   0   0   0   5   1   1   0   1   1   0  49  22   0   0   1  0.68 0.23
  244 I    -3  -5  -5  -5  -3  -4  -5  -6  -5   7   1  -4   0  -2  -5  -3   0  -5  -3   2    0   0   0   0   0   0   0   0   0  74   8   0   1   0   0   1   6   0   0  10  1.12 0.28
  245 Y    -5  -5  -5  -6  -5  -4  -5  -6  -1  -4  -4  -5  -4   1  -6  -5  -4   0  10  -4    0   0   0   0   0   0   0   0   0   0   0   0   0   1   0   0   0   0  99   0  2.70 0.49
  246 K    -1   1  -1   2  -4   2   4  -2   1  -3  -1   2  -1  -4  -3   0  -2  -4  -2  -3    6   7   1  11   0  10  35   1   4   0   8  13   1   0   0   3   1   0   0   0  0.41 0.14
  247 I     0  -4  -5  -5   0  -4  -4  -5  -5   4   1  -4   1  -2  -4  -3  -2  -4  -3   5    7   0   0   0   2   0   0   0   0  25   7   0   3   0   0   0   0   0   0  56  0.80 0.22
  248 P    -3  -5  -5  -4  -6  -4  -4  -5  -5  -4  -6  -4  -5  -6   9  -3  -4  -7  -6  -5    0   0   0   0   0   0   0   0   0   1   0   0   0   0  99   0   0   0   0   0  2.95 0.47
  249 G    -1   0  -2  -3  -2  -1  -1  -3  -3   2   4  -1   3  -1  -4  -2  -2  -3  -2   0    4   5   2   1   1   2   3   1   0   9  54   5   8   0   0   1   0   0   0   4  0.39 0.15
  250 L     0  -2   0  -2  -2  -1   0  -2  -2   1   2  -1   3   0  -3   0  -1  -2  -1   1   11   1   6   2   0   2   6   1   0   8  21   2  16   4   0   8   1   0   2  10  0.13 0.08
  251 L    -3  -4  -5  -5  -3  -4  -5  -5  -3   0   5  -4   3   2  -5  -4  -3  -2   3  -1    0   0   0   0   0   0   0   0   0   2  67   0   6   9   0   0   0   0  14   1  0.91 0.24
  252 K    -2   0   0  -1  -4   2   4  -3   6  -3  -1   1  -1  -1  -3  -1  -2  -3   1  -3    2   2   3   1   0   8  29   0  26   0   6   8   1   3   0   3   0   0   6   1  0.54 0.18
  253 S     1   2   0   1  -4   2   3  -2   0  -4  -3   3  -3  -4  -2   1  -1  -4  -3  -3   11  11   4   7   0   9  25   1   1   0   1  20   0   0   0   8   1   0   0   0  0.42 0.14
  254 Q    -1  -2  -1  -1  -2   6   5  -4   2  -5  -4  -1  -2  -5  -3  -2  -3  -4  -2  -4    4   0   1   0   1  45  39   0   5   0   1   0   1   0   0   1   0   0   1   0  1.09 0.30
  255 G    -2  -1   2  -2  -5  -2  -2   6   0  -5  -5   1  -2  -5  -4  -2  -3  -5  -4  -5    0   3  10   1   0   1   2  69   2   0   1  10   1   0   0   0   0   0   0   0  1.10 0.25
  256 L    -3  -4  -5  -5  -3  -4  -5  -5  -4   3   5  -4   3   0  -5  -4  -2  -3  -2   1    0   0   0   0   0   0   0   0   0  17  63   0   9   2   0   0   1   0   0   8  0.86 0.22
  257 D     0  -3  -1   6  -2  -2  -1   0   1  -1  -2  -2  -3  -4  -2  -1  -2  -5  -4  -2   10   0   0  59   1   1   1   9   5   5   3   0   0   0   1   2   2   0   0   2  0.79 0.22
  258 D     0   1   1   3  -3   2   2  -1  -1  -3  -3   1  -2  -4  -2   1   1  -4  -3  -3    7   6   6  19   0  14  17   2   1   0   2  10   0   0   0   7   9   0   0   1  0.33 0.11
  259 Y    -1   0  -3  -3  -3   1   0  -4  -1   2   1   0   0   2  -1  -2  -1  -1   4   0    3   5   0   0   0   6   7   0   0  18  15   8   0   8   3   0   3   0  19   5  0.20 0.10
  260 I    -2  -4  -5  -5  -2  -4  -4  -5  -5   5   2  -4   0   0  -4  -3  -1  -4  -3   5    1   0   0   0   0   0   0   0   0  34  16   0   0   2   0   0   1   0   0  45  0.80 0.21
  261 C    -1  -3  -3  -4   6  -3  -2  -3  -1   1   3  -2   2  -2  -4  -1   0  -3  -3   2    5   0   1   0  22   0   2   1   1   6  32   2   5   1   0   4   5   0   0  14  0.43 0.14
  262 K    -1   3   1   2  -4   1   3  -2   0  -3  -4   3  -2  -4  -2   1  -1  -4  -3  -3    3  17   5  13   0   4  22   0   2   1   0  21   0   0   0  11   1   0   0   0  0.47 0.14
  263 R     0   4  -2  -3  -3   1   0  -3   5  -3  -2   3  -2   0  -3  -2  -2  -3   0  -3    7  30   0   0   0   6   3   0  16   1   4  22   0   5   0   1   0   0   3   1  0.51 0.17
  264 F    -4  -4  -5  -6  -4  -4  -5  -5  -4   0   5  -5   1   6  -5  -4  -3  -1  -1  -1    0   0   0   0   0   0   0   0   0   1  62   0   2  35   0   0   0   0   0   0  1.12 0.27
  265 S    -1   1   3   1  -2   1   0   4   2  -4  -4   1  -3  -4  -3   0  -2  -4  -3  -4    2   6  18   7   1   7   3  31   7   0   0  12   0   0   0   6   0   0   0   0  0.46 0.14
  266 L    -3  -4  -5  -5  -3  -4  -5  -6  -5   3   5  -4   2  -1  -5  -4  -3  -2  -3   0    0   0   0   0   0   0   0   0   0  20  71   0   4   1   0   0   0   0   0   3  0.99 0.25

                      K         Lambda
Standard Ungapped    0.1384     0.3200
Standard Gapped      0.0410     0.2670
PSI Ungapped         0.1384     0.3200
PSI Gapped           0.0410     0.2670
