
Last position-specific scoring matrix computed, weighted observed percentages rounded down, information per position, and relative weight of gapless real matches to pseudocounts
            A   R   N   D   C   Q   E   G   H   I   L   K   M   F   P   S   T   W   Y   V   A   R   N   D   C   Q   E   G   H   I   L   K   M   F   P   S   T   W   Y   V
    1 S     1  -1   5   0  -2  -1  -1  -1   0  -3  -3  -1  -2  -3  -2   3   0  -4  -3  -3   13   0  60   0   0   0   0   0   0   0   0   0   0   0   0  28   0   0   0   0  0.63 0.10
    2 I    -3  -3  -4  -4  -3  -4  -4  -4  -3   2   3  -4   0   6  -4  -3  -2  -1   1   1    0   0   0   0   0   0   0   0   0   9  38   0   0  47   0   0   0   0   0   6  0.67 0.14
    3 S     0  -2   1   4  -3  -1  -1  -2   3  -4  -4   0  -3  -4  -2   3  -1  -4  -3  -3    7   0   5  32   0   0   0   0  10   0   0   6   0   0   0  40   1   0   0   0  0.59 0.21
    4 E    -1   0  -1   2  -4   3   2  -3  -2  -3  -3   2  -3  -4   4  -1   2  -4  -3  -3    3   2   0  14   0  15  14   0   0   0   0  14   0   0  24   1  14   0   0   0  0.56 0.18
    5 K    -2  -1   1   4  -4   2   4  -3  -2  -1  -4   3  -3  -4  -3  -1  -2  -4  -3  -3    1   0   7  23   0   6  34   0   0   5   0  23   0   0   0   1   0   0   0   0  0.65 0.23
    6 M    -1  -4  -4  -4   7  -3  -4  -4  -4   1   0  -4   2   0  -4   0  -2  -4  -3   4    1   0   0   0  28   0   0   0   0   6   7   0   8   3   0  10   0   0   0  36  0.69 0.25
    7 V    -2  -2  -1  -1  -1   0   4  -4   0   3   1  -2  -1  -2  -3  -2  -2  -4  -3   0    0   0   2   1   1   2  43   0   3  25  17   0   0   0   0   0   0   0   0   5  0.47 0.23
    8 E     3   1   0   1  -3   1   2  -2  -2  -3  -2   1  -2  -4  -2   0  -1  -4  -3  -2   37   7   5   9   0   5  19   0   0   0   4  10   0   0   0   4   0   0   0   0  0.35 0.18
    9 A     4  -1  -3  -3  -2  -2  -2   0   0  -1   1   0  -1   0  -2  -1  -1  -3  -2   1   47   3   0   0   0   0   0   6   2   0  17   8   0   5   1   0   1   0   0  10  0.29 0.19
   10 L    -2  -4  -4  -5  -2  -4  -4  -5  -4   4   4  -4   1   1  -4  -2  -2  -3  -2   2    0   0   0   0   0   0   0   0   0  28  48   0   2   5   0   3   0   0   0  14  0.66 0.23
   11 N    -4  -2   8  -1  -5   0  -1  -3   1  -5  -5  -2  -4  -5  -4  -2  -2  -6  -4  -1    0   0  86   0   0   5   2   0   3   0   0   0   0   0   0   0   0   0   0   5  1.64 0.47
   12 R    -1   4  -1   1  -4   1   4  -3  -1  -4  -4   2  -3  -4  -3   0   0  -4  -3  -3    5  25   0   9   0   2  37   0   1   0   0  10   0   0   0   6   5   0   0   0  0.59 0.22
   13 Q     0  -1  -2  -3  -4   7  -1  -4   4  -1  -1  -1   1  -4  -3  -2  -2  -4  -3  -3    9   0   0   0   0  61   0   0  14   4   8   0   3   0   0   0   1   0   0   0  0.98 0.38
   14 I    -2  -1  -4  -5  -3  -3  -4  -5  -4   5   2  -3   4  -1  -4  -3  -2  -3   1   2    1   4   0   0   0   0   0   0   0  48  16   0  13   0   0   0   0   0   5  13  0.65 0.25
   15 N    -1   0   7  -1  -4   1  -2  -1   3  -4  -4  -2  -3  -1  -4  -1   1  -5  -3  -4    4   4  64   0   0   5   0   2   7   0   0   0   0   3   0   2   9   0   0   0  0.99 0.34
   16 A     0   0   0  -3  -2  -1  -2  -3   1   0   3   0   3  -2  -3   0  -1  -3  -2   1    6   4   5   0   0   1   0   0   4   0  38   9  12   0   0  10   0   0   0  11  0.24 0.16
   17 E    -3  -2   1  -1   0   0   7  -4   2  -5  -5  -1  -4  -5  -3  -2  -3  -5  -1  -4    0   0   5   0   3   1  83   0   5   0   0   1   0   0   0   0   0   0   2   0  1.37 0.42
   18 I    -3  -4  -5  -5  -3  -4  -4  -5  -3   0   4  -4   3   4  -5  -4  -3  -2   3  -1    0   0   0   0   0   0   0   0   0   2  60   0   7  18   0   0   0   0  14   0  0.84 0.28
   19 Y     0   0   2  -1  -3   0   0  -1   2  -2  -3  -2  -2   1  -3  -1   1   2   5  -2    7   7  12   3   0   4   5   3   6   2   0   0   0   5   0   0  15   2  30   0  0.37 0.19
   20 S     5  -3  -2  -3  -2  -2  -2  -2  -3  -2  -1  -2  -2  -4  -3   2  -1  -4  -3   0   69   0   1   0   0   0   0   0   0   0   5   0   0   0   0  17   1   0   0   7  0.77 0.31
   21 A     1  -3  -2  -2  -3  -2  -2   0  -3   2  -3  -2  -2  -4  -3   5  -1  -4  -3  -1   12   0   0   0   0   0   0   5   0  16   0   0   0   0   0  63   0   0   0   3  0.70 0.32
   22 Y    -3  -3   4  -3  -4   0  -3  -4   3  -2  -2  -3  -3   0  -4   0  -2  -1   7  -3    0   0  26   0   0   5   0   0   9   3   2   0   0   0   0   8   0   0  48   0  1.00 0.35
   23 L     0  -2  -2  -2  -2   3  -1  -3   1   1   1  -2   0  -2  -3  -1   1  -3  -2   2    6   0   0   1   0  24   3   0   5   8  19   0   0   0   0   2   9   0   0  24  0.26 0.17
   24 Y    -1  -4  -5  -6  -5  -4  -4  -5  -1  -4  -4  -4  -3   1  -5  -4  -4   0   9  -4    5   0   0   0   0   0   0   0   0   0   0   0   0   0   0   0   0   0  95   0  2.41 0.58
   25 L    -1  -3  -3  -4  -3   0  -3  -4   3   0   3  -3   4   2  -4  -2  -2   5  -1   0    5   0   0   0   0   5   0   0  10   2  36   0  17  10   0   1   1  10   0   2  0.51 0.22
   26 S     2  -2   0  -2  -2   2  -1  -2   1  -2   0  -1  -2  -3  -2   4   0  -4  -3  -1   19   0   4   0   0  11   0   1   4   0  13   3   0   0   0  42   1   0   0   2  0.37 0.22
   27 M    -3  -3  -3  -4  -4   0  -3  -5   5   0   2  -3   7   0  -4  -3  -3  -3   3  -1    0   0   0   0   0   4   0   0  15   4  17   0  47   1   0   0   0   0   9   1  0.96 0.36
   28 A     3  -3  -2  -3  -2  -2  -2   1   1  -3  -3  -2  -2   2  -3   3  -1   3   2  -2   38   0   0   0   0   0   0  10   4   0   0   0   0  10   0  27   0   5   7   0  0.48 0.24
   29 S     2   1   0  -3  -2  -1  -2  -2   2  -2  -2   0  -2   3  -3   1  -1  -2   3   0   28   7   4   0   0   1   0   0   6   0   0   8   0  15   0   9   1   0  12   7  0.24 0.16
   30 Y    -3  -4  -4  -5  -4  -3  -4  -5   1   0   0  -4   2   3  -5  -2  -3   6   7  -2    0   0   0   0   0   0   0   0   3   5   8   0   8  12   0   4   0  14  47   0  1.17 0.35
   31 F    -1  -4  -4  -5   6   1  -4  -4  -3  -2   0  -4  -2   7  -5  -3  -3  -1   3  -3    5   0   0   0  19  10   0   0   0   0   7   0   0  53   0   0   0   0   7   0  1.07 0.35
   32 D    -3  -3   0   7  -5  -1   2  -3  -3  -5  -5  -2  -5  -4  -3   0  -3  -5   0  -5    0   0   3  72   0   2  11   0   0   0   0   0   0   0   0   8   0   0   4   0  1.34 0.39
   33 S    -3  -1   3   6   2   0   1  -2   0  -4  -5   0  -4  -4  -3   0  -1  -5  -1  -4    0   2  15  51   5   2   6   2   2   0   0   7   0   0   0   4   2   0   2   0  0.78 0.27
   34 I    -1  -2  -1  -3  -3   2   0  -4   2   1  -1   0   1  -2  -3  -2  -2   6  -2   3    4   0   3   0   0  11   7   0   6   8   0   7   4   0   0   0   0  13   0  37  0.42 0.22
   35 G     4  -3   0   1  -2  -2  -2   3  -3  -4  -4  -2  -3  -4  -3   3  -1  -4  -4  -3   41   0   3   8   0   0   0  23   0   0   0   0   0   0   0  23   2   0   0   0  0.59 0.25
   36 L    -1  -3  -4  -5  -3  -1  -4  -5  -3   0   4  -4   2   3  -4  -3  -3   2   3  -1    5   0   0   0   0   3   0   0   0   0  59   0   5  13   0   0   0   2  13   0  0.71 0.27
   37 K    -1  -1   1   1  -4   0   3  -1   0  -3  -3   2  -3  -4   4   0   1  -4  -2  -1    2   1   6   5   0   0  24   4   3   0   0  15   0   0  20   4  11   0   1   5  0.42 0.17
   38 G    -2  -1   2  -2  -4   0   1   5   0  -5  -4   1  -3   0  -3  -2  -3  -4  -3  -4    0   3  12   0   0   4   9  55   2   0   0  10   0   5   0   0   0   0   0   0  0.77 0.26
   39 F     0  -3  -4  -4  -3  -3  -4  -4  -3   0   3  -3   2   5  -4  -2   0  -2   0   0   11   0   0   0   0   0   0   0   0   2  33   0   7  33   0   0   6   0   0   6  0.52 0.21
   40 S     5  -2  -2  -2  -1  -2  -1   1  -2  -3  -3   0  -2  -2  -2   1   0  -4  -1  -2   64   2   0   1   1   0   3   9   1   0   0   5   0   1   0   7   5   0   2   0  0.59 0.26
   41 N     0   2   1  -2  -4   0   1  -3   3  -3  -2   5  -2  -4  -2  -1   0  -4  -2  -3   10  11   7   0   0   0   7   0   8   0   3  46   0   0   0   0   6   0   0   0  0.54 0.23
   42 W    -3  -2  -1  -4  -4  -3  -3  -4   4  -2  -1  -1  -2   7  -4  -3  -3   3   4  -3    0   2   4   0   0   0   0   0  10   0   5   5   0  57   0   0   0   4  11   0  1.04 0.32
   43 M    -3  -3  -3  -4   2  -3  -1  -4  -3   0   1  -3   2   6  -4  -2   0  -1   2  -1    0   0   0   0   5   0   5   0   0   5  14   0   8  47   0   3   8   0   4   0  0.65 0.25
   44 R    -1   4   0  -2  -3  -1   0  -3  -1   0   0   3  -1   1  -3  -1  -2  -2   1  -2    4  30   3   0   0   0   5   0   0   5  14  20   0   7   0   4   0   0   7   0  0.30 0.16
   45 V     1   1   0   2  -3   1   3  -2   3  -2  -2   0  -2  -3  -2   0  -1   3  -2  -1   14   7   2  11   0   4  25   0  10   0   4   5   0   0   0   3   3   5   0   5  0.27 0.14
   46 Q     0  -1  -1  -1  -3   4   2  -3   3  -1   0   0  -1  -3  -2   1  -1  -3  -2  -2   10   1   1   0   0  26  17   0  10   4  12   3   0   0   0  14   0   0   0   0  0.34 0.19
   47 W     4  -3  -2  -2  -2  -2  -2  -2  -3  -4  -4  -2  -3  -4  -3   5  -1   1  -3  -3   34   0   0   0   0   0   0   0   0   0   0   0   0   0   0  61   0   2   0   0  0.94 0.36
   48 Q     0  -1   0   1  -3   2   2  -3   4   1  -1   0  -1   1  -2   0  -1  -3  -1  -1    7   1   5   7   0  11  16   0  15  11   5   6   0   8   0   4   0   0   0   3  0.17 0.12
   49 E    -2  -2   0   4  -5   0   6  -3  -2  -4  -4  -1  -4  -5  -3   0  -2  -5  -4  -1    0   0   3  20   0   0  64   1   0   0   0   1   0   0   0   4   0   0   0   5  1.01 0.34
   50 E    -2  -1   0  -1   0   0   6  -3  -1  -5  -4   2  -4  -5  -3   0  -2  -4  -4  -4    0   0   4   0   3   0  71   1   1   0   0  13   0   0   0   5   0   0   0   0  1.08 0.36
   51 L    -1   5  -3  -3  -4   0  -2  -4  -2  -2   0   0   5  -3  -4  -2  -2  -3  -1  -1    5  45   0   0   0   3   0   0   0   0   9   1  26   0   0   2   1   0   2   4  0.70 0.29
   52 M    -2   2   0   1  -4   2   4   1   1  -3  -3   0  -1   0  -2  -1   1  -3  -2  -3    0  12   4   5   0   8  35  13   3   0   0   2   2   5   0   0   9   0   0   0  0.38 0.18
   53 H    -3   0  -2  -1  -5   0  -2  -1  10  -5  -5  -3  -4  -4  -4  -2  -4  -4  -1  -5    1   5   0   2   0   4   0   4  79   0   0   0   0   0   0   3   0   0   0   0  1.99 0.50
   54 A     5  -3  -3  -3  -2  -2  -3   1  -3  -3  -3   0   3  -3  -3  -1  -2  -4  -2  -2   73   0   0   0   0   0   0   9   0   0   0   5  10   0   0   0   0   0   1   0  0.85 0.34
   55 M    -2   1   0   2  -4   2   4  -3  -2  -1  -3   1   3  -3  -3  -2  -2  -4  -1  -3    0   6   3  11   0  11  42   0   0   6   0   8  10   0   0   0   0   0   2   0  0.54 0.23
   56 K     0   3   0  -1  -4   0   0  -3  -2  -3  -1   5   2  -3  -3  -1  -2  -4  -3  -2    6  17   4   1   0   1   3   0   0   0   6  48   8   0   0   2   0   0   0   3  0.54 0.24
   57 M    -3  -4  -4  -5  -3  -3  -4  -5  -4   3   4  -4   4   3  -4  -4  -2  -3  -2   0    0   0   0   0   0   0   0   0   0  18  56   0  12  11   0   0   0   0   0   0  0.76 0.26
   58 F     1  -3  -3  -4  -2  -2  -3  -3  -3   2   1  -3   5   2  -3  -1   1  -2   1   1   12   0   0   0   0   0   0   0   0  19   8   0  25  12   0   5   8   0   5   4  0.35 0.19
   59 D     0   0   1   3  -4   1   3  -2   0  -2  -3   3  -3  -4  -2   0   0  -4  -3  -3    7   4   7  22   0   4  20   0   3   2   0  22   0   0   0   2   6   0   0   0  0.41 0.17
   60 F    -3   3  -3  -4  -4  -2  -3  -4   1  -2   1  -2   1   3  -4  -3  -3  -1   7  -2    0  19   0   1   0   0   0   0   2   0  12   0   4  12   0   0   0   0  48   1  0.93 0.32
   61 V     0  -2  -3  -3  -3   5  -1  -4  -2   3   1  -2   1  -2  -3  -2  -2  -3  -3   1    8   0   0   0   0  37   0   0   0  28  13   0   4   0   0   0   0   0   0   8  0.52 0.26
   62 S    -2  -2   6  -1  -1  -2  -2  -3  -2   0   2   1  -2  -3  -3   0   0  -4  -3  -2    0   0  51   0   1   0   0   0   0   5  24   8   0   0   0   4   4   0   0   0  0.63 0.27
   63 E    -2  -1  -1   2  -3   3   2  -2  -1  -2   0   2   1   1  -2   0   0  -3  -2  -2    0   0   0  12   0  15  17   2   0   2  10  17   4   8   0   5   6   0   0   0  0.23 0.14
   64 R    -3   6  -1  -4  -4  -1  -2  -4  -3  -3   1   0  -2  -4  -4  -3   0  -4  -3  -1    0  67   2   0   0   0   0   0   0   0  19   0   0   0   0   0   7   0   0   4  1.02 0.36
   65 G    -2  -3   0   2  -4  -2   0   6  -3  -5  -5   0  -4  -5  -4  -1  -3  -5  -5  -3    0   0   2  14   0   0   7  68   0   0   0   5   0   0   0   2   0   0   0   1  1.10 0.32
   66 G     0  -3  -1  -3  -4  -3  -1   6  -3  -2  -3  -1  -3  -4  -3  -1  -3  -4  -4  -1    8   0   2   0   0   0   4  68   0   2   2   3   0   0   0   4   0   0   0   7  0.96 0.29
   67 R    -3   5  -2  -3   0  -1   1  -4   5  -2   1   0   0  -1  -1  -2  -1  -4  -2  -3    0  38   0   0   3   0  11   0  19   2  15   2   2   3   2   0   4   0   0   0  0.53 0.25
   68 V     1  -4  -4  -4  -3  -3  -3  -3  -4   3  -1  -3  -1  -1   5  -1  -2  -4  -3   3   16   0   0   0   0   0   0   0   0  19   1   0   0   3  27   3   0   0   0  31  0.65 0.25
   69 K    -1   0   2   0   1   1   1  -3  -2   0   0   1  -1   0   0  -1   0  -3  -2   1    0   4  15   5   3   6   8   0   0   7   9  11   0   7   5   3   4   0   0  12  0.08 0.08
   70 L    -3  -4  -4  -5  -3  -3  -4  -5  -3   1   4  -4   0   3  -4  -3  -1  -2   4   1    0   0   0   0   0   0   0   0   0   8  53   0   0  11   0   0   4   0  17   6  0.68 0.25
   71 Y    -2   0   1   0  -4   6   0  -2   4  -4  -3   2  -2  -4   0  -1  -1  -4  -1  -4    0   1   5   5   0  52   0   2  11   0   1  10   0   0   4   3   4   0   2   0  0.78 0.32
   72 A     1   1  -1   3  -3  -1   1   0  -2  -3  -3   1  -3  -3   0   1   1  -4  -1  -3   12   8   0  25   0   0   9   7   0   0   0  12   0   0   4  10  11   0   3   0  0.31 0.15
   73 V    -2  -4  -4  -2  -3  -3  -1  -5  -4   5   1  -1   0  -2  -4  -3  -2  -4  -3   3    0   0   0   3   0   0   4   0   0  56  10   5   1   0   0   0   0   0   0  22  0.72 0.28
   74 E     0   0   0   2  -2   1   1   1   0  -2  -2   2  -1   1   1   0  -1  -3  -1  -1    5   2   2  17   1   7   7  10   3   0   2  16   1   9   7   5   2   0   0   5  0.15 0.09
   75 E     2   0  -1  -1  -3   0   0  -1   0  -2  -2   3   0  -3  -1   2   0  -4  -2   0   19   3   1   1   0   2   4   2   3   0   3  30   3   0   2  18   3   0   0   6  0.25 0.16
   76 P    -3  -4  -4  -4  -4  -3  -3  -5  -4  -2  -1  -2  -3  -4   7  -3  -3  -5  -4   2    0   0   0   0   0   0   0   0   0   0   8   2   0   0  69   0   0   0   0  21  1.71 0.43
   77 P    -1   1  -1   2   0   0   2  -1  -2  -2   0   1  -2  -1   2   0  -1  -3  -2  -1    2  10   0  12   2   2  17   4   0   1  11  13   0   2  11   8   0   0   0   5  0.19 0.11
   78 S    -1   1   1   3  -1   0   0  -2   2   0  -2   0  -2  -3  -2   1   2  -4  -2   0    2   8   5  20   1   4   4   1   6   7   0   5   0   0   0  12  16   0   0  10  0.19 0.12
   79 E    -2  -1   1   3  -4   2   4   2  -2  -1  -4   1  -3  -4  -3   0  -2  -4  -3  -3    0   0   6  15   0   9  36  16   0   5   0   7   0   0   0   4   0   0   0   0  0.50 0.20
   80 W    -3  -3  -4  -4  -3   0  -3  -1  -3  -2  -1  -3  -2   5  -4  -3  -3   9   2  -2    1   1   0   1   0   4   1   6   0   1   5   1   0  30   1   1   1  39   6   3  1.41 0.33
   81 D     0  -1   1   2  -3   2   2   3   0  -4  -4   1  -3  -4  -2   1   0  -4  -3  -3    7   0   6  11   0  11  14  23   3   0   0  12   0   0   0   9   5   0   0   0  0.35 0.14
   82 S    -1  -1   3   2  -2  -1  -1   0   1  -3  -4   0  -3  -4  -2   3   2  -4  -3  -1    0   2  19  10   1   0   2   7   5   0   0   7   0   0   0  30  13   0   0   4  0.38 0.19
   83 P     0  -3  -3  -3  -3  -3  -3   3  -3   0   1  -3  -1   0   4  -2   1  -3  -2   0    7   0   0   0   0   0   0  23   0   5  22   0   0   5  22   0  12   0   0   5  0.39 0.18
   84 L    -2   2  -2  -1  -3  -1   1  -4  -1  -1   3   1   0   0  -2  -2   0  -3  -2   0    0  14   0   2   0   1  13   0   1   0  43  12   0   3   1   0   6   0   0   5  0.28 0.18
   85 A    -2  -1   0   3  -4   1   5  -3   1  -2  -4   0  -3  -3  -3  -1  -1  -3   2  -3    2   1   2  16   0   5  49   0   4   2   0   3   0   0   0   3   2   0   8   1  0.64 0.25
   86 A     4  -3  -3  -3  -2   0  -2  -2  -3   1   1  -2   1  -3  -3  -1   1  -4  -3   1   54   0   0   0   0   5   0   1   0   6  11   0   5   0   0   0   7   0   0  11  0.46 0.24
   87 F    -3  -4  -5  -5  -3  -3  -4  -5  -3   0   2  -4   6   6  -5  -4  -3  -2   1  -1    0   0   0   0   0   0   0   0   0   4  20   0  34  36   0   0   0   0   4   2  1.01 0.33
   88 E    -1  -1  -1  -1  -5   4   6  -4  -2  -5  -4   2  -3  -5  -3   0  -2  -5  -4  -4    4   0   1   0   0  19  60   0   0   0   0  10   0   0   0   5   0   0   0   0  1.03 0.35
   89 H     2  -2  -2   1   5  -2  -1  -2   4  -1   1   0  -1  -2  -3   0   0  -3  -2  -1   22   0   0   8  15   0   2   0  13   1  15   8   1   1   0   5   6   0   0   2  0.24 0.16
   90 V     4  -3  -2   3   2  -2  -2  -1  -3  -1  -3  -2  -2  -4  -3   0   2  -4  -3  -1   44   0   0  21   5   0   0   3   0   4   0   0   0   0   0   4  15   0   0   4  0.48 0.24
   91 Y    -1  -1  -5  -5  -3  -3  -4  -5  -3   0   5  -4   2   1  -4  -4  -3  -2   2   0    3   3   0   0   0   0   0   0   0   1  68   0   5   6   0   0   0   0   8   5  0.74 0.27
   92 E     2  -1  -1   2  -1   1   2  -1   2  -3  -2   1  -2  -4  -2   1  -1  -4  -2  -2   24   0   1  13   2   7  20   1   7   0   3  11   0   0   0  10   0   0   0   1  0.31 0.16
   93 H    -2  -2   0  -3  -3   2   0  -1   3   1   3  -1   1  -2  -3  -2  -1  -3  -2   0    0   0   5   0   0  13   4   6  12   9  36   2   3   0   0   0   4   0   0   6  0.24 0.16
   94 E    -2  -2  -2  -1  -6   0   7  -4  -2  -5  -5   1  -4  -5  -3  -2  -3  -5   0  -3    1   0   0   0   0   2  86   0   0   0   0   5   0   0   0   0   0   0   4   1  1.50 0.46
   95 V    -2   2  -1   0  -4   3   0  -3   1  -3  -1   4  -1  -3  -3  -2  -2  -3   2  -2    0  11   2   3   0  14   4   0   3   0   5  42   2   0   0   0   0   0   9   3  0.52 0.23
   96 N     0   0   2   2  -3   1   2  -2   1  -2   1   0  -1  -1  -2   0   0  -3  -1  -2    8   5  12  12   0   4  13   1   4   0  18   7   0   2   0   7   6   0   1   0  0.14 0.09
   97 V     0  -1  -3  -4  -2  -3  -3  -2  -4   3   0  -3  -1  -2  -3  -2   1  -4  -3   4    9   4   0   0   0   0   0   3   0  16   6   0   0   0   0   0  11   0   0  50  0.51 0.23
   98 T    -2   1   5  -1  -3  -2  -2  -3  -2   0   0  -2   1  -3  -3   1   3  -4  -2  -2    0   7  39   0   0   0   0   0   0   6  13   0   4   0   0  10  20   0   1   0  0.48 0.24
   99 K    -1   0   0   1  -4   4   3  -3   0  -4  -4   2  -2  -4   0   1   0  -4  -3  -3    4   3   2   8   0  31  18   0   1   0   0  16   0   0   3   9   5   0   0   0  0.52 0.21
  100 R     1   3  -1  -1  -3   1  -1  -2   1  -3  -1   2  -2  -3  -2   3   0  -4  -3  -3   15  17   0   3   0   6   0   0   4   0   5  15   0   0   0  31   4   0   0   0  0.35 0.19
  101 I    -3  -4  -5  -5  -3  -4  -4  -5  -3   3   4  -4   0   1  -4  -4  -3  -2   2   1    0   0   0   0   0   0   0   0   0  14  61   0   0   5   0   0   0   0   9  10  0.76 0.26
  102 H     0   1   1  -1  -3   0  -2  -2   1  -1   3   1   0  -1  -3   0  -2  -3   1  -1    9   8   8   2   0   5   0   2   3   0  37  12   2   0   0   5   0   0   5   1  0.15 0.14
  103 E     0   1   3   3  -4   2   3  -1   0  -4  -4   0  -3  -4   1   0  -1  -4  -2  -3    6   7  20  18   0   8  21   2   1   0   0   1   0   0   6   6   2   0   1   0  0.45 0.17
  104 L     0  -3  -4  -4  -3  -3  -4   0  -4   1   4  -3   2   0  -4  -2  -2  -3  -2   1    8   0   0   0   0   0   0   7   0   3  64   0   6   3   0   3   0   0   0   6  0.59 0.24
  105 V     1   0  -2  -2  -3  -1  -2  -3   7   2  -1  -2  -2  -2  -3   0  -1  -3   2   1   12   7   0   2   0   1   0   0  35  14   3   0   0   0   0   5   2   0   6  12  0.49 0.23
  106 E     1  -1  -1   2  -3   1   2   0   0  -1  -3   2  -2  -4  -2   1  -1  -4  -3  -2   18   1   0  13   0   7  17   6   2   4   0  21   0   0   0   8   1   0   0   2  0.29 0.15
  107 M    -1  -3  -3  -4   2  -2  -1  -4   0   2   2  -1   2  -1  -3  -2  -1  -3   1   3    4   0   0   0   5   0   4   0   3  10  21   3   5   0   0   0   2   0   6  36  0.33 0.17
  108 A     4  -4  -3  -4   7  -3  -3   1  -4  -3  -3  -3   1  -4  -3  -1  -1  -4  -4  -2   51   0   0   0  32   0   0   8   0   0   0   0   5   0   0   1   3   0   0   0  1.06 0.35
  109 M     0   2   0   0  -2   0   1  -2  -1  -1  -1   1   0  -1  -2   2   1  -3  -2  -1    7  17   3   6   0   2   9   0   0   2   7  10   4   3   0  18  10   0   0   2  0.16 0.10
  110 Q     1   1  -1   3  -4   2   4  -2  -2  -4  -4   2  -3  -4  -2   0   0  -4  -3  -3   12   8   1  16   0   8  32   1   0   0   0  15   0   0   0   4   4   0   0   0  0.50 0.20
  111 E    -2   1   2   1  -1   1   2  -2   3  -2  -1   2  -2  -3  -2   1  -1  -4  -2  -1    0   4  14   5   2   5  15   0   9   2   7  21   0   0   0  11   0   0   0   6  0.25 0.14
  112 K    -1   0   4  -1  -4   1  -1   3   1  -4  -4   3  -3  -4  -3  -1   0  -4  -3  -2    3   2  28   1   0   8   0  25   3   0   0  22   0   0   0   2   4   0   0   3  0.52 0.22
  113 D    -4  -4  -1   8  -6  -3  -1  -4  -4  -6  -6  -3  -6  -6  -4  -3  -4  -7  -6  -6    0   0   0 100   0   0   0   0   0   0   0   0   0   0   0   0   0   0   0   0  2.28 0.55
  114 F     0  -3  -3  -1  -3  -2  -2  -3   1   1  -2  -2  -2   2   5   0  -1  -2   4   0    8   0   0   4   0   0   0   0   3   9   1   2   0  10  30   6   4   0  18   5  0.52 0.20
  115 A     1  -2  -2  -2  -3   2   0  -3   7  -2  -2  -2  -2  -3  -1   1   1  -4  -1   0   15   0   0   0   0  13   5   0  33   0   4   0   0   0   2   9   9   0   0   9  0.52 0.24
  116 T    -1  -3  -2  -3   2  -2  -3  -1  -3  -1   3  -3   2   0  -3   2   3  -3  -2  -1    2   0   0   0   5   0   0   4   0   1  31   0   7   3   0  15  30   0   0   0  0.37 0.22
  117 Y     2  -1  -3  -3   6   0  -1  -3  -3   0  -2   0  -2   2  -3   0   0  -3  -1   0   24   3   0   0  22   3   4   0   0   6   0   6   0  12   0   5   6   0   2   6  0.34 0.18
  118 N    -2   0   4   5  -4   1   0  -3   2  -4  -4  -2  -3  -4  -3   1  -1  -5  -3  -2    0   3  27  38   0   7   4   0   5   0   0   0   0   0   0  10   3   0   0   4  0.72 0.26
  119 F    -4  -5  -5  -6  -4  -5  -5  -5  -3   0   2  -5   0   8  -5  -4  -4  -1   2  -1    0   0   0   0   0   0   0   0   0   4  16   0   2  72   0   0   0   0   3   3  1.46 0.39
  120 L    -3  -4  -5  -5  -3  -4  -4  -5  -4   3   4  -4   2   3  -4  -4  -2  -3  -1   1    0   0   0   0   0   0   0   0   0  18  55   0   4  15   0   0   0   0   0   8  0.75 0.25
  121 Q    -3   0   1   0  -5   4   6  -4  -2  -5  -4   0  -3  -5  -3  -2  -1   1  -3  -4    0   4   7   3   0  19  58   0   0   0   0   4   0   0   0   0   2   2   0   0  0.99 0.33
  122 W    -1   0   0   1  -4   0  -1   0   5  -4  -4  -1  -3  -3  -3   2   0   8  -1  -4    3   3   3   7   0   4   3   8  17   0   0   4   0   0   0  17   7  23   0   0  0.68 0.24
  123 Y    -3  -4  -2  -5  -4  -4  -4  -5  -2   2   1  -4   2   6  -5  -4  -3  -1   5  -1    0   0   2   0   0   0   0   0   0  16  10   0   5  40   0   0   0   0  27   0  1.00 0.31
  124 V    -3  -4  -5  -4  -3  -3  -1  -5  -4   2   4  -4   2  -1  -4  -4  -2  -3  -3   3    0   0   0   0   0   0   4   0   0   6  61   0   5   0   0   0   0   0   0  23  0.76 0.27
  125 A     1   0   1   4  -3   0   2   0   1  -4  -4   0  -3  -4  -2   0   0  -4  -2  -3   17   3   6  27   0   2  18   5   4   0   0   6   0   0   0   6   3   0   1   1  0.38 0.16
  126 E    -3  -2  -2   3  -5   1   6  -4  -2  -3  -5  -1  -4  -5  -3  -1  -3  -5  -4  -4    0   0   0  19   0   3  72   0   0   2   0   1   0   0   0   3   0   0   0   0  1.29 0.40
  127 Q    -3  -1  -2  -2  -5   7   4  -1  -2  -4  -4  -1  -3  -5  -3  -1  -3  -4  -3  -1    0   0   0   0   0  60  27   4   0   0   0   0   0   0   0   2   0   0   0   5  1.16 0.39
  128 V    -2  -3  -3  -3  -3   1   2  -3   3   2  -1  -2  -1  -3  -3  -2  -2  -4  -2   4    1   0   0   0   0   8  17   2  10  13   0   0   0   0   0   0   0   0   0  47  0.50 0.25
  129 E     0  -1  -1   1  -4   1   4   0   3  -4  -4   3  -3  -4  -2  -1  -2  -4  -3  -3    9   0   0   7   0   2  39   6   7   0   0  25   0   0   0   3   0   0   0   0  0.57 0.23
  130 E     1  -2  -1   2  -3  -1   3  -2   5  -2  -1  -2  -2  -3  -3   1   0   3  -2  -3   14   0   0  10   0   0  24   2  19   2   7   0   0   0   0  13   4   5   0   0  0.38 0.20
  131 E    -2  -3   0  -2  -3  -1   2  -1  -3   5   0  -3   1   0  -4  -3  -2  -4  -2   1    0   0   5   0   0   2  21   4   0  48   6   0   3   4   0   0   0   0   0   8  0.44 0.24
  132 A     1   0   0   3  -4  -1   0  -3  -2  -3  -2   5  -3  -4  -3  -1   0  -4  -3  -2   13   2   4  19   0   0   2   0   0   0   4  48   0   0   0   3   4   0   0   2  0.54 0.25
  133 S    -1   0  -2   0  -3   0   1  -3   1  -2   1   3   1   2  -3  -1   0   2   2  -2    2   1   0   4   0   3  14   0   3   0  15  25   4  10   0   2   5   3  11   0  0.21 0.15
  134 A    -1  -4  -4  -5  -3  -3  -4  -4  -3   3   4  -4   4   3  -4  -3  -2  -2   1   1    4   0   0   0   0   0   0   0   0  17  44   0  12  15   0   0   0   0   4   5  0.59 0.22
  135 L     1   0  -1   0  -3   1   3   2  -2  -4  -3   0  -3  -4  -2   2  -1  -4  -3  -3   11   5   0   3   0   7  24  21   0   0   2   4   0   0   0  21   2   0   0   0  0.38 0.18
  136 D    -2  -2   1   4  -3  -1   1   1   0  -3  -4  -1  -3  -3  -3   0   3  -4  -1  -3    0   0   7  30   0   0  10  10   2   0   0   2   0   0   0   4  31   0   3   0  0.52 0.23
  137 I    -2  -2  -2  -3   2   2  -2  -4   5   3   0  -1  -1   0  -4  -3  -2   0   4  -1    2   0   0   0   5  13   0   0  20  24  10   3   0   2   0   0   0   1  20   0  0.49 0.24
  138 V    -2  -3  -4  -4  -2  -3  -2  -2   0   4   3  -3   0  -1  -4  -3  -2  -3  -2   3    0   0   0   0   0   0   3   4   4  28  34   0   0   0   0   0   0   0   0  26  0.51 0.21
  139 E     1   0   0   4  -3  -2   0  -2  -1  -3  -4  -2  -3  -4  -3   2   4  -4  -3  -3   11   5   2  30   0   0   4   0   1   0   0   0   0   0   0  14  34   0   0   0  0.58 0.25
  140 K    -2   0   4  -1  -4   3   0  -3   1  -1   0   1  -1   0  -3  -1  -1  -3   1  -2    0   5  28   0   0  16   6   0   4   2  13  11   0   4   0   1   2   0   5   2  0.29 0.18
  141 L    -1  -4  -5  -5  -3  -4  -4  -5  -4   3   4  -4   1   1  -4  -3  -2  -3   0   1    5   0   0   0   0   0   0   0   0  16  63   0   2   5   0   0   2   0   3   4  0.70 0.25
  142 R    -1   4   1   2  -4   1   2  -3   3  -2  -3   2  -3  -4  -3  -1  -1  -4  -2  -2    5  30   6  12   0   3  11   0   8   2   0  17   0   0   0   3   3   0   0   2  0.44 0.18
  143 L    -3   5   1  -3   2   0  -2  -4  -2  -3   1   3  -1  -2  -3  -2  -2  -4  -3  -3    0  45   8   0   5   2   0   0   0   0  16  20   1   2   0   0   1   0   0   0  0.62 0.25
  144 I     1  -3  -4  -4   0  -3  -4  -4  -4   3   2  -3   4  -1  -4  -2  -2  -3  -2   2   15   0   0   0   2   0   0   0   0  24  23   0  19   0   0   0   0   0   0  17  0.50 0.21
  145 G     0  -4  -2   0  -2  -3  -3   6  -4  -5  -5  -1  -4  -5  -4  -1  -1  -4  -5  -3    4   0   0   4   1   0   0  80   0   0   0   3   0   0   0   3   4   0   0   1  1.29 0.34
  146 E     1  -1   1   2  -3   1   2   0   0  -3  -3   2  -2  -3   0   1   0  -4  -3  -2   14   0   9  12   0   3  16   6   2   0   2  19   0   0   4   9   3   0   0   1  0.26 0.11
  147 D    -1  -1   2   2  -3   1   1  -2   0  -2  -1  -1  -2  -3   4   1  -1  -3  -2  -1    1   1  10  12   0  10  10   1   2   1   7   2   0   1  25  10   1   0   1   5  0.38 0.11
  148 K    -1   0   0  -1   1   1   1   5  -2  -3  -1   0  -2  -3  -3   0  -2  -3  -3  -3    1   4   2   1   3   9   9  49   0   0   8   7   0   0   0   4   0   0   0   0  0.50 0.17
  149 R     1  -1   2  -2  -3   0   0  -2   4  -1   0   0   2   1  -3  -1  -1  -2   1  -1   13   2  14   0   0   5   6   0  17   0  12   4   8   7   0   2   0   0   5   4  0.17 0.12
  150 A     1  -3  -1  -2  -3  -2   1   6  -3  -4  -4  -1  -3  -4  -3  -1   0  -4  -4  -1   10   0   2   0   0   0  10  64   0   0   0   2   0   0   0   0   5   0   0   5  0.86 0.25
  151 L    -2  -3  -3  -3  -3  -2   2  -4  -3   1   4  -2   3  -2   0  -3  -1  -3  -3   1    0   0   0   0   0   0  20   0   0   3  51   0   9   0   5   0   1   0   0  11  0.46 0.21
  152 L    -4  -4  -4  -5  -4  -4  -4  -5  -1  -3   0  -4  -2   4  -5  -4  -4   7   8  -3    0   0   0   0   0   0   0   0   0   0   8   0   0  16   0   0   0  18  58   0  1.63 0.38
  153 F    -1  -3  -3  -4  -3  -2  -3  -4   4   1   4  -3   0   2  -4  -2  -1  -2  -1   0    6   0   0   0   0   1   0   0  18   3  52   0   0  11   0   0   2   0   0   6  0.46 0.17
  154 L    -1  -4  -4  -5  -3  -4  -4  -4  -3   3   0  -4  -1   7  -5  -3  -3  -1   3  -1    5   0   0   0   0   0   0   0   0  21   3   0   0  64   0   0   0   0   7   0  1.06 0.27
  155 D    -3   0   1   7  -5  -1   3  -3  -2  -5  -5  -1  -4  -5  -3  -2  -2  -5  -4  -5    0   6   4  70   0   0  19   0   0   0   0   0   0   0   0   0   0   0   0   0  1.24 0.28
  156 K    -2   3  -1  -2  -4   4   0  -3  -2  -4  -4   5  -2  -4  -2   0  -2  -4  -3  -4    0  16   0   0   0  21   0   0   0   0   0  60   0   0   0   4   0   0   0   0  0.89 0.24
  157 E    -2   0  -1   1  -4   1   4  -3  -1  -2  -2   0   3  -1  -2  -1  -2   5   2  -2    0   5   0   5   0   6  44   0   0   0   0   2  17   0   0   0   0  10  11   0  0.48 0.12
  158 L    -2  -3  -4  -5  -2  -3  -4  -5  -4   1   5  -3   1   0  -4  -3  -2  -2  -2   0    0   0   0   0   0   0   0   0   0   0 100   0   0   0   0   0   0   0   0   0  0.82 0.14
  159 S     2  -1  -1  -2  -2  -1  -1   2  -2  -2   0   2  -1  -2  -2   1  -1  -3  -2  -1   32   0   0   0   0   0   0  19   0   0  14  21   0   0   0  14   0   0   0   0  0.21 0.05
  160 L     1   0  -1  -1  -2   5   0  -2  -1  -2   0   0  -1  -3  -2   0   2  -3  -2  -1   16   0   0   0   0  53   0   0   0   0   9   0   0   0   0   0  23   0   0   0  0.38 0.07
  161 R    -2   6  -1  -1  -4   1   2  -3   0  -3  -3   2  -2  -3  -2  -1  -1  -3  -2  -3    0  83   0   0   0   0  17   0   0   0   0   0   0   0   0   0   0   0   0   0  0.75 0.05
  162 Q    -1   1   0   1  -3   4   4  -2   0  -3  -3   1  -1  -3  -1   0  -1  -3  -2  -2    0   0   0   0   0  50  50   0   0   0   0   0   0   0   0   0   0   0   0   0  0.60 0.00

                      K         Lambda
Standard Ungapped    0.1321     0.3187
Standard Gapped      0.0492     0.2670
PSI Ungapped         0.1607     0.3181
PSI Gapped           0.0492     0.2670
