
Last position-specific scoring matrix computed, weighted observed percentages rounded down, information per position, and relative weight of gapless real matches to pseudocounts
            A   R   N   D   C   Q   E   G   H   I   L   K   M   F   P   S   T   W   Y   V   A   R   N   D   C   Q   E   G   H   I   L   K   M   F   P   S   T   W   Y   V
    1 M    -2  -3  -4  -4  -2  -2  -3  -4  -3   2   1  -3   8  -1  -4  -3  -2  -3  -2   2    0   0   0   0   0   0   0   0   0   7   0   0  78   0   0   0   0   0   0  14  1.03 0.26
    2 D    -1  -1   3   3  -3   0   3  -2  -1  -3  -3  -1  -2   0  -2   2   1  -3  -2  -3    0   0  19  15   0   0  32   0   0   0   0   0   0   7   0  16  11   0   0   0  0.42 0.13
    3 I    -2  -4  -4  -4  -2  -4  -4  -5  -4   6   2  -4   0  -1  -4  -1  -2  -4  -3   2    0   0   0   0   0   0   0   0   0  73  13   0   0   0   0   6   0   0   0   8  0.80 0.25
    4 R    -3   7  -2  -3  -5   0  -2  -1  -2  -4  -3   2   1  -4  -4  -2  -2  -4  -3  -4    0  80   0   0   0   0   0   5   0   0   0   9   6   0   0   0   0   0   0   0  1.20 0.31
    5 Q    -1   0   0  -2  -3   2  -1  -3   1  -1  -2  -1  -2   1   5  -1   0  -3  -2   1    5   4   4   0   0  14   0   0   5   2   0   0   0   7  39   0   6   0   0  14  0.63 0.18
    6 M     2  -3  -3  -4  -2  -3  -3  -3  -3   2   1  -3   1   3  -3  -2  -1  -2  -1   2   31   0   0   0   0   0   0   0   0  14  15   0   5  18   0   0   0   0   0  17  0.32 0.15
    7 N     0   1   2   2  -3   0   2  -2   0  -3  -3   0  -2  -3  -2   1   3  -4  -3  -1    4   9  14  11   0   2  17   0   2   0   0   5   0   0   0   8  25   0   0   3  0.31 0.13
    8 K    -1   2  -1  -1  -3   2   1  -1   0  -2  -1   2  -2  -3   3   0   1  -3  -2  -1    0  12   0   0   0  15   8   4   2   0   5  20   0   0  13   6  12   0   0   4  0.30 0.13
    9 T     2  -2  -1   2  -2   1   2   0  -2  -3  -3   0  -2  -3  -2   3   1  -3   0  -2   26   0   0  10   0   6  14   4   0   0   0   3   0   0   0  26   7   0   4   0  0.32 0.16
   10 H    -3  -3   0   7  -5  -1  -1  -3   3  -4  -3  -3   1  -5  -4  -1  -3  -6  -4  -2    0   0   3  75   0   2   0   0   8   0   2   0   5   0   0   2   0   0   0   3  1.31 0.40
   11 L     0  -2  -2   2   2  -1   2  -3  -2   1   2  -2   0   1  -3  -1   0  -2   1  -1   12   0   0  13   5   0  15   0   0   8  25   0   2   7   0   2   6   0   5   0  0.15 0.13
   12 E     2  -2  -1   4  -3   2   3  -2  -2  -3  -4   0  -3  -4  -2   1  -1  -4  -3  -1   19   0   0  24   0  10  27   0   0   0   0   2   0   0   0  12   1   0   0   4  0.51 0.23
   13 H     4  -1  -2   2  -3  -1   2   0   1  -3  -1  -2   1  -3  -2   0  -2  -4  -3  -2   46   3   0  16   0   0  14   4   3   0   5   0   5   0   0   6   0   0   0   0  0.40 0.23
   14 W    -4  -5  -6  -6   3  -5  -5  -5  -5   1  -3  -5  -3   2  -6  -5  -4  11  -1   2    0   0   0   0   7   0   0   0   0  10   0   0   0   9   0   0   0  57   0  17  2.17 0.54
   15 R     0  -1  -3  -4  -2  -3  -3  -4  -3   2   3  -3   0   2  -3  -2   0  -2   2   0   11   4   0   0   0   0   0   0   0  11  43   0   0   8   0   0   7   0   9   4  0.34 0.19
   16 G     2   1  -1  -1  -2   1   2   1   0  -3  -3   0  -2  -2   0   1   0  -3   0  -2   22  10   0   2   0   5  17  11   2   0   1   3   0   0   4  10   6   0   5   1  0.21 0.12
   17 L    -1  -3  -4  -4   1  -3  -4  -4  -4   2   4  -3   1  -1  -3  -2  -1  -3  -2   3    5   0   0   0   3   0   0   0   0   9  49   0   2   0   0   3   1   0   0  25  0.55 0.24
   18 R    -1   4   4  -2  -4  -1   0  -3  -1   0  -1  -1  -2   0  -3  -2  -2  -3   3  -2    7  25  31   0   0   0   5   0   0   6   8   0   0   4   0   0   0   0  12   0  0.44 0.25
   19 K     1  -1   4  -2   5  -2  -2  -2  -2  -3  -1   2  -2  -1  -3   0  -1  -4  -3  -2   15   2  30   0  16   0   0   1   0   0   5  16   0   3   0   5   2   0   0   3  0.45 0.24
   20 Q     1   3  -1   0  -3   2   3  -1  -1  -3  -1   2  -2  -3  -2  -1  -2  -3   0  -3   18  17   0   5   0  12  21   3   0   0   5  14   0   0   0   0   0   0   3   0  0.34 0.18
   21 L     3  -3  -3  -3  -2  -2  -3  -2  -3   0   3  -2   0  -1   0  -1  -1   3   0   0   34   0   0   0   0   0   1   1   0   5  34   1   0   0   4   3   3   4   4   5  0.32 0.19
   22 W    -4  -1  -5  -6  -5  -4  -5  -5   0  -4  -2  -2  -3   6  -6  -2  -4  10   2  -4    0   3   0   0   0   0   0   0   2   0   3   3   0  38   0   3   0  41   6   0  1.92 0.53
   23 P     2   0   1  -1  -3   0   1   0   1  -2  -3   1  -2  -3   3   0   0  -4  -3   0   23   4   9   2   0   3   8   7   5   0   0   8   0   0  14   4   5   0   0   8  0.24 0.14
   24 G    -1  -2   1   4  -4  -1   1   2   3  -4  -4  -1  -3  -1  -3   0  -2   5  -2  -4    4   1   7  31   0   2   7  18   8   0   0   3   0   3   0   7   0   8   0   0  0.52 0.24
   25 H    -3   0  -2  -1  -4   0   2  -1   7  -4  -2  -1  -1   0   1  -2  -3  -2   4  -4    1   4   0   3   0   2  13   4  40   0   3   2   2   2   8   1   0   0  15   0  0.81 0.32
   26 P     0  -1  -2   0  -3   0   0  -3  -2  -2  -1  -2  -2  -1   5   0   1  -3  -3   0    8   4   1   5   0   4   6   1   0   1   5   1   0   3  37   6   8   0   0   9  0.56 0.20
   27 D     0  -2  -1   3  -1   1   4  -1  -2  -3  -2   0  -1  -3   0   0  -2   0  -3  -1    8   0   0  21   2   4  35   5   0   0   2   3   2   0   4   6   0   1   0   5  0.43 0.21
   28 D    -1   1   0   2  -1   5   1  -3   1  -1  -3   0   0  -3  -3  -1  -1   1   0  -1    5   6   3  15   2  36   7   1   3   3   1   4   3   0   0   1   1   2   4   4  0.41 0.23
   29 A     2  -3  -2  -1   4  -2  -1   3   0  -2  -3  -2  -2  -3   3   0   0  -3  -1  -2   19   0   0   3  10   0   4  26   3   2   1   0   0   0  14   6   7   0   2   2  0.37 0.17
   30 H     0   0   0   1  -2   1   0  -1   3  -2   0  -1  -1   0   0   0   0  -2   1  -2    7   7   4  10   0   6   4   3  12   1  15   1   0   6   4   9   6   0   4   1  0.09 0.09
   31 L    -2   2  -1  -1  -1   1   1  -3   2  -1   2  -1   2   0  -3  -2  -1   4  -2  -2    2  16   2   2   1   5  12   0   6   0  33   2   6   3   0   0   2   6   0   0  0.26 0.18
   32 A     2   1   0   1  -2   2   1  -2  -2  -2  -2   0   1  -3  -2   1   2  -3  -3  -2   20   9   2   7   0  12  11   1   0   0   3   2   6   0   0   7  18   0   0   0  0.25 0.17
   33 D    -1   1  -1   5  -4   1   3   0  -2  -3  -3   0  -3  -2  -3  -2  -2  -4  -3  -2    4   9   0  39   0   6  22   6   0   0   3   4   0   2   0   1   0   0   0   3  0.59 0.25
   34 G     0  -1  -1  -3  -2  -1  -3  -1  -3   2   2  -1   4   1  -3  -2   0  -3  -2   0   11   4   4   0   0   2   0   5   0  17  19   2  19   7   0   0   5   0   0   4  0.21 0.16
   35 E     1   3  -2   1  -4   2   3  -3   1  -4  -3   1  -3  -2  -3   0  -1  -4  -1  -3   16  18   0   8   0  11  25   0   3   0   2   8   0   2   0   4   2   0   2   0  0.39 0.21
   36 E     0   2   0   3  -4   2   3  -2  -2  -4  -3   0  -3  -3  -3   0  -1   3   0  -3    9  10   2  20   0  13  20   2   0   0   2   4   0   0   0   8   2   5   3   0  0.39 0.21
   37 I    -2   1  -1  -3  -3  -1  -1  -4   0   2   2   0   0   2  -3  -2  -2   2   2   0    2  10   2   0   0   3   3   0   2  15  26   7   0  10   0   2   0   3   9   6  0.20 0.15
   38 L     0  -3  -2  -2  -3  -1  -1  -3  -3   0   3  -1   4   0  -3  -1   0  -3   0   0    9   0   2   1   0   2   4   0   0   2  42   4  14   3   0   3   5   0   4   5  0.33 0.20
   39 Q     2  -1   1   1  -3   1   1  -1   0  -3  -1   1   0  -3  -2   2   0   1  -2  -2   21   1   9   9   0   8   7   2   2   0   6  11   3   0   0  15   3   2   0   0  0.20 0.15
   40 A     1   2   0   0  -4   2   3  -1   2  -4  -3   0  -3  -1   0   1  -2   0  -1  -2   11  16   4   4   0  13  20   3   5   0   0   3   0   2   4  10   0   2   2   2  0.30 0.18
   41 D     0   0  -1   5  -2  -2   1  -3   1  -4  -2  -1  -1  -3   2  -1   0   2   0  -3    8   7   0  36   1   0   9   0   4   0   3   1   2   0  11   4   5   4   3   0  0.48 0.25
   42 H    -1  -2   0  -1  -4   0   1   2   3  -4  -3  -1  -3  -4   5   0  -2  -4  -1  -3    3   0   5   3   0   5  11  16   9   0   2   3   0   0  31   8   0   0   3   2  0.59 0.25
   43 L     2   1   0   1  -3  -1   1   0   1  -3  -2   0  -2  -3  -2   2  -1  -4  -3  -1   23   8   3   9   0   0   9   6   4   0   5   3   0   0   0  22   1   0   0   5  0.23 0.17
   44 A     1  -3  -2  -2   4  -1  -3   3   0  -1   1  -3   0  -1  -3   0   1  -3  -3   0   12   0   0   2  11   2   0  24   4   3  19   0   2   2   0   5   8   0   0   5  0.25 0.17
   45 S    -2  -2  -4  -3   0  -1  -4  -3   1  -1  -1  -4  -2   6  -1  -1  -1   1   3   0    3   2   0   1   2   3   0   1   3   3   4   0   0  50   3   4   4   2   7   7  0.72 0.32
   46 F    -2  -2  -5  -6  -4  -4  -5  -5  -4  -2   3  -5   0   5  -5  -4  -4   8   2   0    2   2   0   0   0   0   0   0   0   0  31   0   1  31   0   0   0  20   5   7  1.12 0.39
   47 I    -1  -4  -4  -3  -3  -3  -1  -3  -4   2   3  -4   1   0  -4  -3  -2  -4  -2   4    4   0   0   2   0   0   4   1   0  12  31   0   3   4   0   0   0   0   0  38  0.56 0.27
   48 A     6  -1  -4  -4   1  -3  -3  -1   1  -2  -3  -3  -3  -2  -3   0  -2  -5  -1  -1   73   4   0   0   3   0   0   3   3   2   1   0   0   1   0   3   0   0   2   4  0.92 0.42
   49 M    -2   0  -3  -1  -4  -1   5  -3  -2  -3  -1  -2   2   0  -4  -2  -2   0   3   0    3   4   0   1   0   0  49   2   0   0   7   0   5   4   0   2   1   1  13   9  0.59 0.33
   50 A     1   1  -2   0   0   1   0  -1  -2   0   0  -1  -1  -1  -2   1   0   0  -2   1   14  11   0   6   2   7   7   4   0   4  10   0   0   2   1  15   3   1   0  13  0.08 0.11
   51 D    -2  -1   4   6  -5  -1   1   1  -3  -5  -5  -2  -5  -5  -4  -1  -1  -6  -5  -5    2   3  24  47   0   1   8   9   0   0   0   0   0   0   0   3   3   0   0   0  0.98 0.38
   52 G    -2  -3  -1  -1  -5  -2  -2   6   1  -5  -6  -3  -5  -5  -4  -2   0  -5  -5  -3    1   1   3   2   0   1   2  76   3   0   0   0   0   0   0   0   8   0   0   2  1.36 0.45
   53 V    -1   2   0   1   0   4   4  -3  -2  -3  -3   1  -3  -4  -3  -1  -1  -4  -3  -1    2  13   3   6   2  22  29   1   0   0   2   8   0   0   0   3   3   0   0   6  0.51 0.26
   54 A     0  -4  -4  -4   0  -3  -3  -4  -4   2   2  -3   0   2   2  -3  -1  -3  -2   3   10   0   0   0   2   0   1   0   0   9  20   0   1  11  10   0   3   0   0  33  0.41 0.23
   55 I     0  -4  -4  -2  -3  -4  -4  -5  -5   4   1  -4   0  -3  -4  -3  -1  -5  -3   5   10   0   0   3   0   0   0   0   0  25   9   0   1   0   0   0   3   0   0  50  0.77 0.34
   56 G     1  -3  -3  -4  -4  -4  -4   7  -4  -5  -5  -3  -4  -5  -4  -2  -1   1  -5  -5    9   2   0   0   0   0   0  80   0   0   0   0   0   0   0   0   5   2   0   0  1.52 0.47
   57 F    -1  -3  -3  -2  -3  -3  -3  -2  -2   1  -1  -3   3   6  -3  -2   0  -1   3   0    4   1   1   3   0   1   1   3   0  10   3   1  10  37   1   2   7   0  12   4  0.54 0.23
   58 A     2  -2  -2  -2   0  -2  -2   0   3   1   0  -2  -1  -2  -2   0   0  -3  -2   2   21   1   1   1   2   1   1   8  11  10   8   1   0   1   1   6   4   0   1  24  0.19 0.14
   59 D     2  -1  -2   0  -2   1   1   2  -2  -2  -2  -1  -1  -2  -1   0   0   6  -2  -2   20   3   1   5   0   6  12  15   0   3   1   3   2   1   2   7   4  14   0   1  0.32 0.16
   60 A     2  -2  -2  -2   2  -2  -1  -1   0   0   0  -2  -1   1  -1   0   2  -2  -1   2   26   1   1   1   4   1   3   3   3   4   9   1   0   7   2   4  14   0   0  16  0.15 0.13
   61 S     0   2   1   0  -2   1  -1   0   2  -1   0   2  -1  -2  -2   1  -1   0   1  -2    5  11   6   4   0   5   1   6   7   3  10  18   0   1   1  11   1   1   6   1  0.12 0.09
   62 I    -1  -2  -2  -2   1  -1  -2  -2  -2   2   1  -2   1  -1   2   0  -1   2  -2   2    3   1   1   1   3   2   2   2   1  19  11   2   3   1  13   6   3   3   1  21  0.21 0.10
   63 R     0   3  -1  -1  -2   1   1  -1   4  -1  -1   0   0  -2  -1  -1   0  -2  -1   0    7  20   1   2   1   5   7   6  13   2   6   5   4   1   3   2   5   0   1   9  0.14 0.08
   64 H    -1   0  -1   0  -2   0   0  -2   2  -1   0   1  -1   2   2   0   0   2   3  -1    5   4   1   5   0   2   3   2   6   1   9  11   1   9   9   5   6   3  13   3  0.13 0.08
   65 D    -1  -1   1   3  -3  -1   1   1   3  -3  -3   0  -2  -2   3  -1  -1  -2   0  -2    3   2   6  22   0   1   9  10  10   1   2   4   1   1  14   3   2   0   5   3  0.31 0.13
   66 Y     0  -1  -1  -2  -2  -1  -2  -1   2  -2  -1  -1  -2   2   1   0   0   6   3  -1    7   3   2   1   0   2   1   5   7   1   4   2   0  12   7  10   5  12  12   6  0.29 0.14
   67 V     0  -1  -2  -1  -2  -1  -1  -1   0   2   0  -1  -1   0   2  -1   0   2  -1   2    8   4   1   4   0   3   1   6   3  15   6   3   0   5  10   3   4   3   1  20  0.09 0.07
   68 N    -1   0   3   1  -2   0   0   0   0  -1  -1   0   1  -2   0   2   0  -2   1  -2    3   5  18   8   0   2   4   5   2   4   5   4   6   1   3  21   2   0   6   1  0.16 0.12
   69 G    -1   0   0  -2  -3   0   0   4  -1  -2  -2   0  -2  -1   1   1  -2   1  -2  -2    1   6   4   1   0   3   8  38   1   2   3   4   0   4   6  12   1   2   0   4  0.35 0.17
   70 C     0   1  -1   0   3  -1   0   0   2  -1  -1   0  -1   0  -1   0   2  -2  -1   0    5   8   2   4  10   2   6   8   6   2   5   5   0   6   2   2  19   0   1   5  0.10 0.09
   71 D    -1  -1  -1   2  -3   2   2   1   0  -2  -1   1   0  -2  -1   0  -1   3   1  -2    4   1   1  12   0   9  17  10   2   1   6  10   2   1   2   8   2   4   7   1  0.18 0.11
   72 S     0   0  -1   1  -2   2   1   0   1  -2  -2   0   0  -1  -2   2   2  -3  -2  -2    7   4   1   9   0  13   7   8   4   1   3   4   3   4   1  17  14   0   0   1  0.18 0.12
   73 S     0   1   0   1  -3   0   1   2   0  -2  -1   0  -1  -3   2   1  -1  -3  -2  -2    3   8   2  10   0   4   8  19   2   0  10   6   1   0  10  14   1   0   0   1  0.19 0.10
   74 P     0   2   0   1  -3   1   1  -2   3  -3  -3   1  -3  -3   4  -1  -2   1  -1  -3    7  14   5   8   0   8   8   2   8   1   1  10   0   0  22   1   1   2   2   1  0.43 0.17
   75 V    -2   0  -1  -3  -2  -1  -1  -4  -3   3   1  -2  -1  -2  -3  -1   2  -3  -1   3    0   7   3   0   0   1   3   0   0  17  16   0   0   0   0   3  17   0   2  29  0.30 0.18
   76 V     1  -1  -3  -2   1  -3  -3   4  -3  -1   0  -3  -2   1  -3  -2  -2  -3   0   1   12   4   0   1   4   0   0  41   0   3  10   0   0   6   0   0   0   0   3  15  0.43 0.21
   77 F    -2   0  -2  -2  -4   0   4  -2   2  -2  -2   0  -3   3  -3  -1  -2  -2   3  -2    1   4   0   0   0   2  40   4   6   3   3   3   0  14   0   5   1   0  12   2  0.49 0.26
   78 L    -1  -4  -5  -5  -3  -4  -4  -5  -4   4   4  -3   0  -2  -4  -3  -2  -4  -3   3    5   0   0   0   0   0   0   0   0  29  39   2   0   0   0   0   0   0   0  23  0.73 0.28
   79 E    -1   0  -1   0  -4   2   3  -2   4  -4  -3  -1  -3   0  -3   0  -2   2   5  -4    4   3   2   3   0   8  25   2  11   0   2   3   0   2   0   8   0   2  23   0  0.52 0.26
   80 G    -1   1   0   2  -3   1   1   1   1  -1  -2   0   1  -1  -2   0  -1  -3   1   1    3  11   3  13   0   6   8  12   4   1   1   3   5   3   0   4   3   0   5  16  0.10 0.10
   81 I    -2  -4  -4  -4  -3  -3  -4  -4  -4   4   3  -4   2  -2  -4  -2  -2   2  -2   3    1   0   0   0   0   0   0   0   0  30  29   0   6   0   0   3   0   3   0  24  0.63 0.25
   82 F     1  -3  -3  -3  -3  -3  -2   3  -2  -2  -1  -3  -2   2  -3   0  -2  -2   4   1   15   0   0   0   0   0   2  25   0   0   4   0   0   9   0   8   0   0  21  12  0.42 0.22
   83 V    -1  -5  -5  -6  -3  -5  -5  -6  -6   1  -1  -5  -2  -1  -5  -4   0  -5  -4   7    3   0   0   0   0   0   0   0   0   5   1   0   0   2   0   0   4   0   0  85  1.42 0.50
   84 L     0   0   0   4  -3  -1  -1  -3   3  -1   0  -1   1  -3  -3   1  -1  -4  -3   0   10   5   3  29   0   2   0   0  10   3  13   4   5   0   0  11   1   0   0   6  0.28 0.19
   85 P     0  -1   0  -2  -5  -3   0  -4  -4  -5  -3   1  -4  -5   7   1  -3  -6  -5  -4    7   2   4   1   0   0   5   0   0   0   2   9   0   0  58  11   0   0   0   0  1.36 0.42
   86 S     1  -1  -1   3  -4   3   3  -2   1  -4  -4   0  -3  -4  -1   1   0  -4  -3  -2   13   2   1  18   0  14  20   2   3   0   0   2   0   0   3  13   5   0   0   2  0.40 0.21
   87 F     2  -1  -3  -4  -1   0  -1  -4   5  -2  -3  -3  -1   4  -4  -2  -2   3   5  -3   21   4   0   0   2   5   4   0  17   2   0   0   2  18   0   0   1   3  21   0  0.63 0.30
   88 R    -2   7  -3  -4  -6   4  -2  -5  -1  -5  -2  -1  -4  -5  -5  -3  -4  -5  -4  -5    3  71   0   0   0  22   0   0   1   0   3   0   0   0   0   0   0   0   0   0  1.63 0.54
   89 Q    -2   2  -3  -4  -5   0  -3   6  -4  -6  -6   0  -5  -5  -1  -3  -2  -5  -5  -5    0  14   0   0   0   5   0  71   0   0   0   6   0   0   3   0   2   0   0   0  1.32 0.43
   90 R    -2   4  -2  -3  -4   4   0  -1   1  -3   0   3   1  -4  -3   0  -2  -4  -3  -3    0  22   0   0   0  25   4   4   3   0  10  19   4   0   0   8   1   0   0   0  0.52 0.27
   91 G    -2  -1  -1  -4  -5  -1  -4   7  -4  -6  -6   0  -5  -6  -5  -3  -4  -5  -6  -6    0   3   2   0   0   3   0  87   0   0   0   6   0   0   0   0   0   0   0   0  1.78 0.52
   92 V    -1  -4  -5  -5  -3  -4  -5  -5  -5   5   3  -4   2  -1  -4  -4  -1   0  -3   2    4   0   0   0   0   0   0   0   0  39  36   0   4   2   0   0   2   2   0  11  0.77 0.30
   93 A     3  -5  -3  -4  -4  -4  -4   6  -5  -6  -6  -4  -5  -5  -4  -2  -4  -5  -5  -5   26   0   0   0   0   0   0  74   0   0   0   0   0   0   0   0   0   0   0   0  1.61 0.49
   94 K    -1   3   1  -1  -4  -1  -1  -2  -2  -3  -3   4  -3  -4  -3   1   3  -4  -3  -2    3  20   5   2   0   0   2   2   0   0   2  28   0   0   0  12  21   0   0   2  0.49 0.26
   95 Q     4   2  -2  -3   0   2  -1  -2   1  -2  -3   2   1  -4  -1  -1  -1  -4  -3  -1   39  10   0   0   3  10   1   1   4   2   0  18   4   0   2   0   3   0   0   4  0.40 0.25
   96 L    -3  -5  -6  -6  -4  -5  -5  -6  -5   1   6  -5   1  -2  -5  -5  -3  -4  -3   0    1   0   0   0   0   0   0   0   0   4  87   0   2   0   0   0   0   0   0   5  1.37 0.46
   97 I    -1  -4  -4  -4   0  -3  -4  -2  -4   3   2  -3   2  -2  -4  -2   2  -4   0   3    2   0   0   0   2   0   0   3   0  19  25   0   5   0   0   0  19   0   3  22  0.45 0.23
   98 A     1   4   0  -1  -3   2   0  -2   0  -2   0   1  -2  -3  -3   1   0  -4  -3  -1   12  25   5   3   0  14   5   1   1   1  10   8   0   0   0   9   4   0   0   3  0.27 0.17
   99 A     3   2  -2  -3  -3   1   0  -3  -1  -1  -1   2   0  -3  -3  -1   1   2  -3   0   29  14   0   0   0   5   4   0   2   3   4  15   2   0   0   0  11   3   0   8  0.27 0.19
  100 V     2  -4  -3  -4  -3  -3  -4   2  -4   0   2  -3  -1  -1  -4  -1  -1  -4  -3   3   20   0   0   0   0   0   0  21   0   2  20   0   0   3   0   2   2   0   0  32  0.42 0.24
  101 Q    -1  -3  -4  -3  -3   1   2  -4  -3   3   3  -1   1  -2  -4  -3  -2  -4  -3   0    5   0   0   0   0   6  19   0   0  23  36   2   2   1   0   0   2   0   0   4  0.44 0.24
  102 R    -1   1  -1   3  -4   2   4  -3   2  -3  -2   1  -3  -4  -3  -1  -2  -4  -2  -3    5   9   1  21   0   9  30   0   6   1   3   9   0   0   0   3   0   0   1   1  0.52 0.24
  103 W    -2   0  -3  -3  -4  -2   0  -4   4  -1  -1   0  -2   4  -4  -3  -1   6   4  -1    4   5   0   0   0   0   8   0  15   4   6   7   0  17   0   0   3  13  13   5  0.55 0.25
  104 G     5  -4  -4  -4  -3  -3  -3  -2  -4  -2   2  -3   3   0  -3  -2  -1  -4  -3   0   55   0   0   0   0   0   0   2   0   0  24   0   9   3   0   0   2   0   0   5  0.69 0.34
  105 T     0   4   0  -3  -4   0   0  -2  -1   0  -1   3   1  -3  -3  -2  -1  -4  -3  -1    9  34   3   0   0   3   3   3   1   7   7  21   3   0   0   0   2   0   0   3  0.40 0.22
  106 N     0  -1   1   4  -4   3   2   0   0  -4  -3   0  -1  -4   0  -1  -2  -4  -3  -3    9   1   7  26   0  17  16   6   3   0   2   4   2   0   4   2   0   0   0   1  0.44 0.21
  107 K     0   4   1  -2   0   3   0  -1   2  -4  -3   1  -1   0  -1  -1  -2  -3  -1  -3    8  29   8   0   2  16   5   3   7   0   1   8   2   5   3   1   0   0   1   1  0.39 0.21
  108 G    -1  -3   1  -1  -5  -3  -1   6   0  -6  -6  -2  -5  -5  -4  -1  -4  -5  -5  -5    2   1   6   4   0   0   3  77   3   0   0   2   0   0   0   2   0   0   0   0  1.41 0.43
  109 C     1  -2  -4  -4   7  -3  -4  -4  -3   0   1  -1  -2   2  -4  -2  -2  -2   3   1   12   2   0   0  30   0   0   0   0   3  16   4   0   8   0   2   0   0  12   9  0.62 0.26
  110 R    -1   1  -1   1   0  -1   1  -1   2  -3  -3   1  -2  -3   3   2   2  -3   0  -3    1   8   1   6   2   1  10   5   5   1   0   9   0   0  13  15  16   0   4   0  0.27 0.15
  111 E     0   1  -1   1   0   1   3  -2   1  -2  -2   2  -1  -3  -2  -1   1   0  -2   0   10   8   2   6   3   6  22   2   4   1   2  13   2   0   0   2   9   1   0   7  0.20 0.13
  112 M     0  -4  -4  -4   0  -3  -4  -4  -4   3   2  -4   3   2  -4  -3  -1  -3  -2   4    6   0   0   0   2   0   0   0   0  13  14   0   9   8   0   0   4   0   0  42  0.56 0.25
  113 A     0   0  -1  -2   0   0   1  -3  -1   1  -1  -1   2  -1  -3  -1   0   2   1   2   10   6   3   1   2   5  10   0   1   9   2   3  10   2   0   3   4   3   6  20  0.11 0.11
  114 S    -1  -4  -4  -5   1  -4  -4  -5  -4   1   5  -4   0   0  -4   0   0  -4  -3  -1    4   0   0   0   3   0   0   0   0   6  69   0   0   3   0  10   6   0   0   0  0.81 0.35
  115 D    -1  -3   0   3  -4   0   3   0  -1  -3  -3  -2   0  -1  -3  -1  -1   2   5  -1    5   0   3  18   0   4  20   7   0   0   0   0   4   0   0   4   2   2  24   5  0.43 0.25
  116 T     0  -4  -3  -4   2  -4  -4  -4  -4   1  -2  -4  -2  -4  -1  -1   5  -5  -4   4    5   0   0   0   4   0   0   0   0   6   0   0   0   0   3   2  40   0   0  41  0.82 0.37
  117 S     0   1   0   2  -3   0   2   0  -2  -2  -1  -1  -1  -3  -2   2   1   0  -3  -2    9  10   3  13   0   3  18   6   0   2   6   0   2   0   1  17  10   2   0   0  0.22 0.15
  118 P     1  -2   0   1  -3  -1   1   0   0   0  -1  -1   0  -2   3   0   0  -4  -2   0   17   1   4   9   0   0   9   5   2   5   6   2   2   2  16   4   8   0   0   9  0.17 0.11
  119 E    -1  -2  -1   4  -3   0   2  -2   0   0  -1   0   1  -1  -3   1   1   2  -2   0    2   0   0  27   0   2  12   1   2   6   5   5   4   2   0  10   9   4   0   7  0.25 0.17
  120 N    -4   0   8  -1  -5   2  -3  -3  -2  -5  -1  -1  -1  -5  -5  -2  -3  -6  -5  -5    0   3  73   2   0  11   0   0   0   0   6   3   2   0   0   0   0   0   0   0  1.52 0.52
  121 T     0   2  -1   1  -3   1   1  -3   0   0  -1   1  -1  -2  -1   0   1  -3   0   0    9  13   0   8   0   7   7   0   2   5   7  12   1   0   2   3  13   0   4   5  0.13 0.10
  122 I     3   1  -1   0  -3   1  -1   1  -2   0  -2   0  -1  -3   1   1  -1  -4  -3   0   31  10   2   5   0   7   2   8   0   6   0   5   1   0   8   8   2   0   0   5  0.22 0.15
  123 S     6  -3  -3  -4   1  -3  -3  -2  -4  -3  -4  -3  -3  -4  -3   2  -2  -5  -4   0   71   0   0   0   3   0   0   0   0   0   0   0   0   0   0  17   0   0   0   5  1.06 0.42
  124 Q    -2  -1  -3  -4   0   0  -3  -4   4   4   1  -3   2  -2  -4  -3  -1  -4  -2   3    0   4   0   0   2   6   0   0  15  30  13   0   6   0   0   0   3   0   0  20  0.48 0.24
  125 K     3   3   0  -1  -3  -1  -1   1   2  -3  -3   1  -3  -4  -3   1   0  -4  -3  -3   34  18   4   3   0   1   1   8   5   0   0   8   0   0   0  12   6   0   0   0  0.38 0.22
  126 V    -1  -4  -5  -5   1  -4  -4  -5  -4  -1   4  -4   4   3  -5  -3  -1  -3   1   1    5   0   0   0   3   0   0   0   0   0  51   0  11  15   0   0   3   0   5   7  0.68 0.29
  127 H    -5  -5  -5  -6  -6  -4  -5  -6   6  -5  -4  -5  -4   1  -6  -5  -5  -1   9  -5    0   0   0   0   0   0   0   0  17   0   0   0   0   2   0   0   0   0  81   0  2.53 0.69
  128 Q     0   2  -2   0  -4   2   4  -1  -1  -4  -1   1  -3  -4  -3  -2   0  -4  -2  -3   10  11   0   3   0  10  38   4   1   0   7   8   0   0   0   0   7   0   1   0  0.47 0.25
  129 A     2   4   0  -3  -4   0  -2  -1  -2  -4  -4   3  -3  -3  -3   3  -1  -4  -3  -3   17  24   3   0   0   2   0   5   0   0   0  24   0   1   0  23   1   0   0   0  0.56 0.28
  130 L     0  -4  -2  -4   3  -3  -2  -5  -1   0   4  -4   4   1  -4  -3  -3  -3  -2   1    7   0   3   0   6   0   3   0   2   2  55   0  12   4   0   0   0   0   0   7  0.62 0.28
  131 G    -2  -5   0  -2  -5  -4  -3   7   0  -6  -6  -4  -5  -6  -5  -3  -4  -5  -5  -6    0   0   3   2   0   0   2  90   2   0   0   0   0   0   0   0   0   0   0   0  1.91 0.52
  132 F    -3  -5  -6  -6  -5  -6  -6  -6  -3  -3  -1  -6  -3   9  -6  -5  -5  -2   4  -4    2   0   0   0   0   0   0   0   0   0   3   0   0  83   0   0   0   0  12   0  2.20 0.58
  133 E     0   0  -1   0  -1   2   3  -3   2  -2  -3   2  -2  -3  -2  -1   2  -4  -1   0    6   2   1   4   1  11  26   0   5   1   0  13   0   0   0   2  16   0   2   9  0.31 0.18
  134 E    -2   4  -2   0  -4   2   4  -4   2  -3  -3   2  -1  -4  -1  -2   0  -4  -3  -1    0  23   0   4   0   6  34   0   5   0   1  12   1   0   2   0   5   0   0   5  0.56 0.24
  135 T     0  -1  -2   1  -3   0  -2  -3   1   0  -2   0  -2  -3  -3   1   4   4   0   0    8   2   0   7   0   5   0   0   4   7   0   6   0   0   0  10  32   7   2   8  0.31 0.19
  136 E     0   0  -1   1  -4   1   3   2  -1  -3  -4   1  -3  -4  -2   0   0  -4  -3  -2    9   3   0   8   0   6  31  19   1   0   0  10   0   0   0   4   6   0   0   3  0.38 0.17
  137 R     0   3  -2   0  -3   2   0   0  -2  -1  -2   0   1  -3  -1   0   1  -4  -3   1    6  24   0   4   0  10   6   7   0   0   0   2   4   0   3   5  11   0   0  18  0.21 0.15
  138 V    -1  -2  -2   3  -3  -2  -2  -3   2   0   1  -2   1   1  -3  -1   0   3   0   2    4   2   0  20   0   0   0   0   8   0  15   0   4   5   0   3   6   4   3  25  0.21 0.15
  139 I    -2   0  -3  -4  -2  -3  -3  -4   1   2   1  -2   0   2  -3  -1   0  -2   1   4    0   7   0   0   0   0   0   0   5  13   9   0   0  13   0   4   4   0   5  40  0.33 0.16
  140 F    -3   0  -2  -4   2   0  -3  -4   3  -2   0  -2   5   3  -4  -2  -2   3   5  -1    0   7   2   0   5   4   0   0   8   0   4   0  20  13   0   3   0   3  28   3  0.57 0.23
  141 Y    -4  -1  -4  -5  -4  -4  -4  -5  -1  -2   0  -4  -2   5  -5  -4  -3   0   8  -3    0   4   0   0   0   0   0   0   0   0   8   0   0  29   0   0   0   0  59   0  1.43 0.34
  142 R    -1   5  -1  -2  -4   1   1   1   1  -1  -3   2  -2  -3  -3  -1  -2  -3  -2  -2    2  43   0   0   0   6   9  14   4   6   0  12   0   0   0   3   0   0   0   0  0.44 0.12
  143 K    -2   3  -1  -2  -4   1   0  -2  -1  -4  -3   5  -2  -4   1  -1  -1  -4  -3  -3    0  11   0   0   0   5   0   0   0   0   0  78   0   0   6   0   0   0   0   0  0.75 0.13
  144 R    -1   5  -1  -2  -4   1   0  -2  -1  -3  -3   4  -2  -3  -2  -1  -1  -3  -2  -3    0  59   0   0   0   0   0   0   0   0   0  41   0   0   0   0   0   0   0   0  0.71 0.06
  145 C     0  -4  -3  -4   9  -3  -4  -3  -3  -1  -1  -3  -2  -3  -3  -1  -1  -2  -3  -1    0   0   0   0 100   0   0   0   0   0   0   0   0   0   0   0   0   0   0   0  1.19 0.00

                      K         Lambda
Standard Ungapped    0.1361     0.3224
Standard Gapped      0.0398     0.2670
PSI Ungapped         0.1302     0.3168
PSI Gapped           0.0398     0.2670
