
Last position-specific scoring matrix computed, weighted observed percentages rounded down, information per position, and relative weight of gapless real matches to pseudocounts
            A   R   N   D   C   Q   E   G   H   I   L   K   M   F   P   S   T   W   Y   V   A   R   N   D   C   Q   E   G   H   I   L   K   M   F   P   S   T   W   Y   V
    1 M    -2  -3  -4  -4  -2  -2  -3  -4  -3   1   4  -3   7  -1  -4  -3  -2  -2  -2   0    0   0   0   0   0   0   0   0   0   0  43   0  57   0   0   0   0   0   0   0  0.76 0.16
    2 M     0  -3  -4  -5  -3  -2  -4  -4  -4   1   3  -3   7  -1  -4  -3  -2  -3  -2   1    9   0   0   0   0   0   0   0   0   6  30   0  45   0   0   0   0   0   0  10  0.76 0.27
    3 S     2  -2   1  -2  -2  -1   0   0  -2  -3  -3   1  -2   0  -2   4   0  -4  -2  -2   22   0   6   0   0   0   4   6   0   0   0  10   0   5   0  44   3   0   0   0  0.40 0.19
    4 R     1   3  -1  -2  -3   3   1  -1  -2  -3  -2   3  -2  -4  -2   2  -1  -4  -3  -3   12  20   0   0   0  17   6   4   0   0   5  21   0   0   0  16   0   0   0   0  0.38 0.18
    5 Y    -1  -1  -1  -3  -3  -2  -3  -4   1   1   1   0   1   3  -4  -1  -2  -1   5  -1    4   4   4   0   0   0   0   0   3   8  19   8   4  11   0   3   0   0  31   0  0.42 0.20
    6 E     1   0  -2   0  -3  -1   2   1  -2  -1   0   1  -1  -1  -2   0  -1  -3  -2   0   17   3   0   4   0   0  21  10   0   2  12  13   0   3   0   6   0   0   0   8  0.13 0.13
    7 E    -1   0   1   2  -4   2   4  -3  -2  -3  -2   1  -3  -4  -3   1   0  -4  -3  -1    3   3   8  11   0   9  37   0   0   0   4   7   0   0   0   8   7   0   0   4  0.46 0.23
    8 L     0   0  -2  -3  -2  -2  -1  -1  -3   1   2  -2   3  -1  -3   0   1  -3  -2   1   10   7   0   0   0   0   4   5   0   8  27   0   9   2   0   5  12   0   0   9  0.17 0.15
    9 R     0   1   2   1  -4   2   4  -1  -2  -3  -2   0  -2  -1  -1   0   1  -4  -3  -3    6   8   9   5   0   8  31   5   0   0   5   4   0   3   2   4  10   0   0   0  0.31 0.20
   10 K     0   2   2   1   0   1   2  -2  -2  -2  -3   2  -2  -1  -1   0   0  -4  -3  -2    9  14  13   6   3   5  13   2   0   2   0  14   0   4   2   7   5   0   0   2  0.24 0.17
   11 E    -1   1   1   1  -3   2   2  -2   2  -3  -3   1  -1  -4  -1   2   1  -4  -3  -1    2   9   7   7   0  11  15   2   5   0   2   7   2   0   2  17   8   0   0   4  0.27 0.19
   12 L    -2  -1   0  -2  -3  -1  -1  -2   3   1   1   0   3   0  -1  -2  -1   4  -2   1    1   3   6   2   0   3   3   2  10   9  14   7  11   3   3   2   3   8   0  10  0.21 0.19
   13 P     1  -1   0  -2  -4  -1  -3  -4  -4  -2  -4  -2  -4   2   6   0   0  -5  -3   0   15   4   4   2   0   3   0   0   0   2   0   2   0  10  38   7   6   0   0   6  0.78 0.41
   14 A     1  -1  -1  -3  -1   0  -1  -1  -1   0   0   0  -2   1  -1   3   0   0  -1   0   14   2   2   0   1   5   2   4   1   6   8   4   0   6   2  29   4   1   2   6  0.17 0.21
   15 Q    -1   2  -1  -1  -5   4   2   0   1  -5  -5   3  -2  -4   0   1  -2  -5  -3  -4    5  12   2   2   0  17  16   7   3   0   0  19   1   1   5   9   1   0   1   1  0.50 0.36
   16 P     0   2   0   3  -5  -2  -1   0  -4  -5  -4   3  -4  -4   4   0   0  -6  -5  -3    7  10   4  15   0   1   3   8   0   0   1  19   0   0  19   7   5   0   0   1  0.50 0.34
   17 K    -3   3  -1  -4  -4   1   0  -5  -2  -6  -2   6  -1  -7  -3  -2   1  -7  -6  -5    1  12   3   0   0   5   6   1   1   0   5  52   2   0   1   3   7   0   0   0  1.13 0.64
   18 V    -4   3   0  -6  -3  -3  -4  -4  -2  -2  -4   3   3  -6  -4  -1   4  -7  -1   2    1  17   5   0   1   1   0   1   1   3   1  16   8   0   1   4  23   0   2  15  0.72 0.50
   19 W     2  -8  -8  -8   2  -8  -8  -8  -5   5  -2  -8  -5  -1  -8  -7  -5  -1   1   5   14   0   0   0   4   0   0   0   0  33   4   0   0   2   0   0   0   1   4  37  1.40 0.70
   20 L    -4  -8  -9  -9   2  -8  -8  -9  -8   2   6  -8   0   2  -6  -5  -4  -2  -6   1    1   0   0   0   4   0   0   0   0  11  63   0   2   8   0   1   1   1   0   9  1.52 0.75
   21 I    -7  -9  -9  -9  -7  -8  -9  -9  -9   5   0  -8  -1  -4  -8  -8  -6  -9  -7   7    0   0   0   0   0   0   0   0   0  27   9   0   1   1   0   0   0   0   0  61  2.10 0.96
   22 T    -3  -8  -7  -8  -8  -8  -8  -6  -9   0  -2  -8  -3  -4  -8  -3   8  -9  -8  -2    2   0   0   0   0   0   0   0   0   5   4   0   1   1   0   2  82   0   0   3  2.45 1.23
   23 G    -7 -10  -8  -9 -10  -9 -10   8 -10 -11 -11  -9 -10 -11 -10  -8  -9 -10 -11 -11    0   0   0   0   0   0   0 100   0   0   0   0   0   0   0   0   0   0   0   0  3.34 1.46
   24 V     5  -8  -7  -7  -5  -4  -7   5  -1  -3  -7  -7  -7  -8  -4  -1  -3  -8  -8  -1   42   0   0   0   0   1   0  42   1   2   0   0   0   0   1   4   2   0   0   4  1.50 0.82
   25 A     4  -3   0  -5   0  -5  -6   1  -3  -5  -3  -5  -5  -5  -5   2   5  -8  -7  -6   31   2   4   1   2   0   0  10   1   1   3   0   0   0   1  13  32   0   0   0  1.03 0.67
   26 G    -5  -2  -7  -6  -9  -3  -9   7  -9 -11 -11  -8 -10 -10  -9  -1  -5 -10 -10 -10    1   3   0   0   0   1   0  88   0   0   0   0   0   0   0   6   1   0   0   0  2.66 1.23
   27 F    -5  -3  -6  -8  -8   0  -5   1  -4  -4  -2  -6   2   7  -8  -1  -4  -3   4  -3    1   1   0   0   0   5   1  12   0   1   4   0   4  47   0   5   1   0  14   2  1.52 0.78
   28 I    -5  -8  -8  -2  -3  -8  -8  -9  -8   7   3  -6  -1  -1  -8  -5  -4  -8  -6   2    1   0   0   2   1   0   0   0   0  52  26   0   1   3   0   1   1   0   0  12  1.63 0.77
   29 G     0  -9  -7  -8  -9  -9  -9   8  -9 -10 -10  -8  -9 -10  -9  -7  -8  -9 -10 -10    6   0   0   0   0   0   0  93   0   0   0   0   0   0   0   0   0   0   0   0  2.95 1.36
   30 S     0   3  -1  -5  -2   1  -2  -4  -4  -4  -2   2  -4  -1  -6   5   0   0  -3  -4    7  14   3   0   1   6   2   1   0   1   4  12   0   3   0  37   5   1   1   1  0.70 0.54
   31 N     2   1   3  -5  -2  -1   0  -4   7  -3  -5  -5  -6  -1  -7  -2  -3   2   3  -1   19   7  13   0   1   3   6   1  24   1   1   0   0   3   0   3   2   3   8   5  0.90 0.58
   32 L    -3  -7  -8  -8  -2  -7  -8  -8  -8   5   4  -7   1   1  -8  -6   1  -7  -3   2    2   0   0   0   1   0   0   0   0  30  37   0   3   5   0   0   7   0   1  12  1.23 0.65
   33 L     2  -4  -7  -6   3  -5  -7  -4  -5   1   1  -7  -2  -6  -7  -2   0  -7  -2   5   16   1   0   0   5   0   0   1   0   7  13   0   1   0   0   4   6   0   1  43  1.01 0.60
   34 E    -1   3   0   0  -1   1   3  -4   0  -2  -1   3  -1  -3  -3  -1  -2   1  -3  -2    6  15   4   5   1   6  16   1   2   2   7  20   2   1   1   4   2   2   1   3  0.39 0.32
   35 T     2   3  -3  -2  -3   2   1  -1   3  -3  -1   1   0  -2  -5  -1  -1  -1  -1  -2   18  14   1   2   0   8  10   4   6   1   7   9   3   2   0   5   3   1   3   3  0.27 0.26
   36 L    -3  -8  -8  -8   0  -7  -8  -6  -8   1   6  -8  -1   1  -8  -2  -5  -1  -5  -3    3   0   0   0   2   0   0   1   0   6  73   0   1   6   0   4   1   1   0   1  1.69 0.86
   37 L     1  -2   2  -5  -1  -3  -4  -4  -2   2   4  -1   0  -3  -6  -3  -2  -6  -5   1   12   2  10   0   1   1   1   2   1  10  38   4   2   1   0   2   2   0   0  10  0.58 0.40
   38 K     0   3   1   1  -4   3   3  -3  -3  -6  -3   3  -4  -6  -4   0  -3  -7  -5  -5    9  15   6   7   0  11  21   2   1   0   3  15   0   0   1   6   1   0   0   1  0.62 0.45
   39 L     0   3   1   1  -5   2   1  -1   0  -3  -1   2   1  -2  -3   0  -1  -3  -3  -3    8  16   7   6   0  10  11   4   2   2   6  10   3   1   1   8   4   0   1   1  0.26 0.24
   40 D    -3  -4   0   1  -2  -1  -2   6  -4  -4  -4  -2  -6  -7  -1  -1  -2  -7  -4  -3    2   1   5   7   1   3   3  58   0   1   2   2   0   0   3   5   2   0   1   2  1.17 0.66
   41 Q     1  -1   1   0  -4   1  -1  -4   5  -1  -4  -1  -2   0   0  -2   0   1   5  -2   11   4   6   5   0   6   4   1  13   3   2   3   1   4   6   3   7   2  20   2  0.49 0.37
   42 K    -2   2   1   3  -4   1   2  -3   2  -3  -4   3  -3  -3  -1  -1   0  -3  -1  -3    3   9   8  16   0   5  14   2   4   1   2  16   1   1   4   4   6   0   2   2  0.40 0.31
   43 V    -3  -7  -4  -7   0  -7  -5  -6  -2   4  -2  -7  -4  -4  -4  -5  -1  -7  -5   6    2   0   1   0   2   0   1   1   1  22   4   0   0   1   1   1   5   0   0  58  1.63 0.81
   44 V    -2   1  -3  -4  -1  -4  -4  -3   2   3   1  -1  -3  -1  -4  -3   1  -1   3   3    3   8   1   1   1   1   1   2   4  19  13   4   0   2   1   2   7   1  10  21  0.48 0.32
   45 G     3  -2  -1  -5   3  -3  -2   2  -4   2  -1  -3  -3  -4  -5  -2  -3  -5  -4   4   21   2   3   0   6   1   3  13   0   9   6   2   0   1   0   2   2   0   1  26  0.54 0.36
   46 L    -1  -3  -3  -4  -3  -3  -4  -4  -3   3   3  -4   0   1  -4  -2   0  -3  -1   4    4   1   2   1   0   1   1   2   1  12  29   1   2   6   1   3   5   0   2  24  0.56 0.29
   47 D     0   0   0   6  -3  -2  -2  -2  -1  -1  -3  -1  -3  -2  -2  -2  -1  -3   1  -1    7   6   5  42   1   1   2   3   1   4   4   4   1   2   2   3   4   0   4   4  0.71 0.33
   48 N    -1   2   4   1  -1  -2  -1  -2  -1   1  -1   1  -2  -2  -2  -1  -1  -1  -2   0    5  11  24   8   1   1   3   3   2   9   5   8   1   2   2   4   3   1   1   7  0.32 0.19
   49 F    -1   1  -1  -3  -3  -3  -2  -1  -2  -1   4  -1  -1   2  -1  -2  -1  -3   1  -1    4   7   3   2   1   1   3   5   1   3  36   3   1   9   3   3   4   0   4   5  0.34 0.20
   50 A     0   0   0   0   0  -1  -1  -2   0  -1  -2   1  -2   0  -2   2   2  -3  -1   0    8   5   5   5   2   2   3   3   3   3   4   8   1   4   2  16  15   0   2   6  0.16 0.15
   51 T    -1   4   2   3  -1  -1  -1  -2  -1  -3  -3   0  -3  -3   0   0   1  -4   0  -1    6  20  10  15   1   2   4   3   1   2   3   5   1   1   5   6   7   0   3   4  0.34 0.25
   52 G     2   0  -2  -1  -4  -1   0   3  -1  -3  -3  -2  -3  -1   2   2  -1  -4   0  -3   16   6   2   4   0   2   6  22   1   2   3   3   1   3   9  14   3   0   3   1  0.32 0.25
   53 H    -1   1   0   1  -1  -1   1  -1   3   0  -2   0  -3  -1  -1   1   1  -3   2  -1    3   8   4   9   1   2   9   5   6   5   4   5   0   3   2  12  10   0   7   4  0.14 0.15
   54 Q     0   1  -1   0  -2   1   0  -1  -2   0  -1   3  -1  -2  -1   1   0  -2  -1   0    9   7   2   4   1   5   6   4   1   5   5  20   2   1   4   9   6   1   2   6  0.16 0.15
   55 R    -1   3  -1   0   0   0   1   0  -2  -2  -2   2  -1  -1   0   0  -1  -1  -2  -1    6  17   2   5   2   3   9   7   1   3   4  12   1   3   5   6   4   1   1   5  0.16 0.14
   56 N     1  -1   4   1  -2   0   0  -2   0  -2  -2   1  -1   0  -2   1  -1  -1  -3  -1   12   3  21   7   1   5   6   4   2   2   4   7   2   4   3  10   3   1   1   4  0.27 0.21
   57 L    -1  -1  -1  -1  -1  -1  -1  -3  -2   1   3  -2   0   0  -1  -2   0  -4  -2   2    4   3   3   4   1   3   5   2   1   7  31   2   2   3   4   3   6   0   1  12  0.26 0.19
   58 D     1  -1   0   2  -3   0   2  -2   0  -1  -2   1  -3  -2   0  -1  -1   0  -2   0   12   4   4  13   1   3  15   3   3   3   3  10   0   2   5   5   3   1   2   8  0.20 0.18
   59 E    -1   3   1   2  -2   0   2  -2   2  -2  -3   2  -1  -3  -1   0  -2  -1  -2  -1    5  17   7   9   1   3  15   4   4   2   3  10   2   1   3   6   2   1   2   4  0.29 0.23
   60 V     0  -1  -2  -2   0   0  -1  -2  -1   1   3   0  -1   0  -2  -1  -1  -1  -2   1    8   4   2   3   2   4   3   3   1   9  28   6   1   4   3   4   4   1   2   9  0.19 0.15
   61 R     0   2   0   1  -2   1   2  -2   0   0  -1   1   0  -1  -2   0  -1  -2  -1   0    9  13   4   7   1   7  11   3   2   5   5   9   2   3   1   6   3   1   2   6  0.13 0.13
   62 S     1   0   1   0  -1   2   2  -1   2  -1  -2   1  -3  -3  -2   0  -1  -4  -2  -2   13   4   6   6   1   8  14   4   5   4   5   9   1   1   2   8   4   0   1   2  0.19 0.18
   63 L     0  -1  -2   0   0  -1  -1  -2  -1   2   3  -1   2  -1  -2  -1  -1  -1  -1  -1    8   4   2   6   2   3   4   3   2  10  29   4   4   3   2   4   3   1   2   4  0.21 0.16
   64 V     0  -1   0   0  -1   0   0  -1   0   0   1  -1  -1   1  -1   0   0   2   2   0    8   3   4   7   1   3   5   5   2   6  15   4   1   6   3   7   4   2   8   7  0.04 0.05
   65 S     0  -1   1   1   0   0   1   0  -1   0   0   0   0  -1   0   1   0  -2   0  -1    8   3   6   8   2   4   7   9   1   5   8   7   2   2   5  10   4   0   4   3  0.04 0.05
   66 E    -1  -1   0   2   0   1   2  -1   0  -2   1   1  -1  -3   0   0  -1   0   0  -1    5   3   4  11   2   6  13   4   3   2  12   8   2   1   4   7   4   1   4   3  0.12 0.13
   67 K     0   0   0   1   1   0   1  -1   0  -1  -1   1  -1   2   1   0  -1  -2  -1  -1    7   4   3  10   3   4   7   5   2   4   7  10   1   8   7   7   4   0   2   3  0.07 0.08
   68 Q    -1  -1   1   0  -3   1   1   1   1   0   0   1  -2  -1   0  -1  -1   1   1  -1    5   2   8   6   0   6  11   9   4   5   8  10   1   2   4   4   3   2   5   4  0.09 0.09
   69 W     0   0   1   1  -1   0  -1   0   1  -1  -1   0   0   0   0   1  -1   4  -1  -1    8   4   7   7   1   3   3   9   4   4   7   7   2   3   4  11   4   6   2   4  0.08 0.08
   70 S     1  -1   0   2  -3   0   1   0  -2  -1  -1  -1  -2   0   2   1  -1  -4  -1  -1   10   3   4  11   1   5   9   8   1   3   5   4   1   5  12  10   3   0   2   4  0.16 0.16
   71 N    -3   3   3   0  -2   0  -2   2   1  -2  -3   3  -5   0  -2  -2  -2  -5  -2  -4    2  15  14   6   1   4   2  13   4   2   4  19   0   4   2   3   3   0   1   1  0.44 0.31
   72 F     1  -5  -5  -3  -3  -4  -4  -3  -1   3   2  -5   1   3  -3  -3  -2  -5   1   3   13   0   0   2   1   1   2   2   1  13  18   1   3  12   1   2   3   0   4  21  0.57 0.34
   73 K    -2   2  -2   0  -2   1   2  -4   3   0  -2   2  -4  -2   0   0   2  -3  -3  -1    3  10   2   6   1   6  13   1   7   5   3  13   0   2   4   8  11   0   1   4  0.29 0.26
   74 F    -1  -3  -5  -2  -1  -4  -3  -4  -2   1   1  -4   1   6  -1  -2  -2   0   2   1    5   1   0   3   1   1   2   1   1   8  13   1   3  31   3   3   2   1   6  10  0.63 0.39
   75 I    -2  -3  -1  -1  -3  -3   0  -4   3   3   1  -3   0   0  -5  -2  -3   2   1   4    3   1   3   4   1   1   6   1   6  17  13   2   2   4   0   2   1   3   5  25  0.45 0.30
   76 Q     0   2  -1   0  -1   3   2  -4   1  -1  -2   2  -3  -3  -2  -1  -1  -1   1  -1    6  11   3   6   2  11  14   1   3   4   4  13   1   1   2   4   3   1   5   4  0.25 0.23
   77 G     2  -4  -3  -2   1  -3  -2   5  -1  -3  -1  -4  -3  -2  -1  -1  -2   1  -2  -1   18   1   1   2   3   1   3  41   1   2   5   1   1   2   3   4   3   2   1   5  0.69 0.45
   78 D    -6  -3   1   8  -7  -4  -2  -5  -6  -3  -6  -4  -4  -3  -6   0  -3  -7  -7  -3    1   2   5  72   0   1   3   1   0   2   1   1   1   1   0   6   2   0   0   2  2.04 1.01
   79 I    -3  -4  -6  -2  -2  -3  -3  -5  -4   4   3  -3   0   2  -4  -4  -3  -5  -2   3    2   1   0   2   1   1   2   1   1  25  29   2   2   8   1   1   2   0   1  17  0.78 0.44
   80 R     1   3   0  -2   2   0  -1  -2  -3  -2   1   0  -1  -2  -4   1   3  -2  -3  -2   10  16   4   2   4   4   4   3   1   2  13   4   2   2   0  12  16   1   1   2  0.27 0.26
   81 N    -2  -2   2   6  -3   0   1  -2   1  -4  -4  -1  -5  -3  -5   0  -3  -1  -2  -3    4   3  10  40   1   4   8   4   3   1   2   4   0   1   0   8   2   1   1   2  0.82 0.51
   82 L     1   2  -2  -1  -1   1   1  -2   0  -1  -1   1  -1  -1   2   0  -1  -1   1   0   10  10   1   4   1   7  10   2   3   2   6   9   2   3   9   7   3   1   4   6  0.11 0.13
   83 D     0  -1   0   3  -3   2   3  -1  -1  -2  -3   0  -2  -3  -1   0  -1  -5  -5  -2   10   3   4  18   1   8  22   5   2   3   2   5   1   1   3   7   3   0   0   3  0.39 0.32
   84 D     1   0  -1   2   0   1   1  -1  -2  -2   0  -1  -1   0  -3   1  -1   2  -2  -2   14   4   3  13   2   6   8   3   1   2   8   3   2   4   1  13   4   3   1   3  0.15 0.18
   85 C     0  -2  -4  -4   2  -2  -3  -3   0   2   3  -3   1   1  -4  -3  -2   3   1   2    8   2   1   1   4   2   1   2   2  11  29   2   3   6   1   1   3   4   4  14  0.44 0.29
   86 N    -1   2   0   2  -2   1   3  -1   0  -1  -2   1  -1  -2  -2  -1  -1  -5  -2   0    4  10   4  12   1   5  19   4   2   3   5   9   1   2   1   4   4   0   1   8  0.22 0.21
   87 N     0   2   0   1  -5   1   2  -1   1  -2  -2   3  -2  -2  -1   0  -1  -1  -1  -3    9  10   4   7   0   7  14   5   3   2   3  15   1   2   3   7   3   1   2   1  0.23 0.22
   88 A     3  -3  -2  -2  -2  -2  -2  -2   0   2   2  -3   0   0  -3  -1  -1  -2  -2   1   23   1   2   2   1   1   3   4   3  10  21   1   2   5   1   5   3   1   1  11  0.28 0.24
   89 C    -1  -3  -6  -3   1  -3  -4  -4  -5   3   2  -4   2   5  -3  -1  -2  -1   0   2    4   1   0   2   3   1   1   1   0  15  17   1   4  25   1   5   2   1   2  13  0.65 0.40
   90 A     1   0   0   1   0   2   1   1   1  -2  -2   2  -1  -4   0   0  -1   1  -3  -2   11   5   4   9   2   9   7   9   4   3   2  14   2   0   4   8   3   2   0   2  0.16 0.19
   91 G    -1   0   1   1   0   0   1   3   2  -2  -3   2  -1  -2   0   0  -1   1  -3  -2    3   5   5   8   2   4  11  20   5   2   2  12   2   2   4   5   3   2   0   2  0.21 0.21
   92 V     0  -4  -4  -2   2  -2  -2  -2   0   3   0  -4   0   1   0  -1  -1  -4  -1   3    7   0   0   3   5   2   3   3   2  19   6   0   2   6   6   4   4   0   2  26  0.35 0.30
   93 D    -3  -1   1   6  -5  -1   2  -2   2  -3  -5  -2  -5  -5  -4   0   1  -6  -1  -3    2   3   5  46   0   2  11   3   4   1   0   2   0   0   0   5   8   0   2   2  0.92 0.52
   94 Y     1  -1  -2  -1   0  -1  -1   1   0   0   0   0   0  -1  -1   0   1   1   0   1   13   2   0   2   2   3   3  12   3   6   7   5   2   2   3   5  12   2   2  15  0.05 0.09
   95 V    -3  -4  -4  -5   1  -4  -4  -2  -5   3   1  -2   1   0  -1  -2  -1   2  -3   5    0   0   0   0   3   0   0   3   0  20  10   3   3   3   3   3   3   3   0  43  0.61 0.39
   96 L    -1  -2  -4  -1   1  -3  -2  -4   0   4   0  -3   1   4  -4  -3  -3   2   2   1    5   3   0   4   3   0   3   0   3  29   7   0   4  21   0   0   0   3   7   9  0.47 0.32
   97 H    -2  -3   4  -1  -4  -2  -3  -4   9  -1  -3  -3  -1  -2   0  -2  -2  -4  -1  -4    3   0  20   2   0   0   1   1  50   4   3   1   2   2   5   3   2   0   2   1  1.39 0.58
   98 Q     1  -2   1  -2   2   0  -1  -2  -2   0   1  -2   1   2  -1   0   0  -2   0  -1   11   1  11   1   5   4   4   2   0   4  20   1   5  13   3   6   5   0   3   3  0.12 0.14
   99 A     5  -3  -3  -3   1  -3  -3   2  -3  -1  -2  -3  -3  -4   0   0  -2  -4  -1   0   52   0   0   0   2   0   1  17   0   2   3   1   0   0   4   5   1   0   2   8  0.66 0.39
  100 A     4  -2  -1  -3   0  -2  -2   2   1  -2  -2  -1  -2  -2  -1   1   0   0  -3  -1   42   1   2   1   2   0   2  15   4   1   3   4   0   1   2   8   6   2   0   5  0.37 0.27
  101 L    -1  -1  -2  -2   5   1   0  -3  -1   2   1  -1   1  -1   1  -2  -1  -2   1   1    4   3   1   2  11   7   6   1   1  12  14   3   4   3   8   2   3   1   5   9  0.25 0.18
  102 G     1  -2  -1  -1   1  -3  -2   1  -1   0  -1   0   1  -1   0   3   1  -4  -2   0   10   2   2   4   3   1   1  12   2   5   5   7   4   3   4  20   8   0   1   7  0.17 0.17
  103 S     1   0  -1   3  -4  -1  -1   1   4  -1  -2  -2   0  -2  -2   1   0  -4  -1  -3   13   5   3  15   0   3   3  12  12   3   5   2   2   2   2   9   5   0   2   2  0.27 0.22
  104 V    -1  -3  -2  -4  -4  -3  -4  -3  -3   0  -1  -3   0   2   2  -1   2   1  -2   4    6   1   2   1   0   1   1   2   1   5   5   1   2   7  11   5  13   2   1  32  0.51 0.34
  105 P    -1   0  -1   2  -4  -2   0   2   1   0  -2  -1   1  -2   2  -1   2  -2  -4  -1    6   6   3  13   0   1   5  16   4   5   3   4   4   2   9   4  12   1   0   3  0.22 0.20
  106 R     0   2   1   0  -5   0   4  -2   1  -2  -2   0  -1  -2  -1  -1  -1  -3   0   0    8  12   6   4   0   3  24   4   3   2   4   4   2   2   3   3   4   0   4   8  0.26 0.23
  107 S     0  -1   1  -3   0  -1   0  -3   1  -1  -4  -3  -2  -1  -1   4  -1   6   2  -1    7   4   6   1   2   2   5   1   3   4   2   1   1   3   4  29   4   9   6   5  0.46 0.37
  108 I    -2  -3   1   2  -3  -2   1  -2  -2   1   0  -1   1   2  -3   0   1   2  -2   1    2   1   6  12   1   1   9   3   1   8   8   4   4  11   1   6  11   3   1  10  0.18 0.18
  109 N    -1   0   0   1  -3   0   2   1   2  -2  -1   0  -2  -1  -1   1   0  -2   0  -2    3   5   5   9   0   4  13  13   5   2   7   7   1   3   3   9   6   1   3   2  0.14 0.15
  110 D    -2   2   4   2  -6   1   1  -1  -1  -2  -3   2  -1  -4   0  -1  -2  -6   0  -4    4  11  19  10   0   5   9   5   2   3   2  12   2   1   4   5   2   0   3   1  0.37 0.30
  111 P    -1  -1  -1  -2  -4  -1   0  -2   0  -1  -4  -2  -4   2   5  -1  -4   1   4  -2    5   3   3   2   0   3   6   4   2   4   2   3   0   7  33   4   1   2  13   4  0.70 0.46
  112 I     0  -1  -1   1  -3   1   2  -2   0   0   2  -1   3   0  -3  -1  -1  -2  -1  -1    8   2   3   7   0   6  13   3   2   6  18   4   7   5   1   5   3   1   2   5  0.14 0.15
  113 T    -1   1  -2   2  -2   1   2  -3  -1  -2   0   1   4   0  -2   0   0  -4   0  -2    6   7   1  10   1   5  13   1   1   2   9   8  10   3   2   8   7   0   3   3  0.19 0.20
  114 S     1  -3  -3  -1   0   0  -2  -3  -2   1   0  -3   1   3  -1   0   1  -2   3   1   11   1   1   4   2   5   2   2   1   9   8   1   4  11   3   7   9   0  11   8  0.21 0.19
  115 N    -1   0   0  -1  -2  -2   0  -3   0   3   0  -1   1   3  -3  -2  -1   4   3   0    5   5   4   4   1   2   6   1   2  15  10   3   4  10   1   3   3   5   9   5  0.23 0.17
  116 A     0   1   2   4  -4   1   2  -2   2  -4  -2   1  -2  -4  -3  -1  -1  -5  -1  -3    7   9   8  20   0   6  11   3   5   1   4  10   1   0   1   4   4   0   3   2  0.36 0.28
  117 T    -1  -4   3  -3  -3  -2  -3  -4  -2   2  -1  -4  -3  -3   1   0   2  -3  -1   4    5   1  12   1   1   2   2   1   1  12   7   1   0   1   6   7  12   0   2  26  0.45 0.34
  118 N    -3  -1   8   2  -7  -2  -1  -5  -2  -3  -7  -3  -1  -3  -7  -4  -2  -8  -7  -6    3   4  64   9   0   2   4   1   1   2   0   1   2   1   0   1   3   0   0   1  1.88 0.94
  119 I     0  -3  -4  -6  -3  -4  -5  -4  -3   3   1  -5   1   2  -4  -4  -1  -1   3   4    7   1   1   0   0   1   1   2   1  17  14   0   3   7   1   1   4   1   8  30  0.70 0.41
  120 D    -1   1  -1   0  -2   1   1  -1   0   1   0   1   1  -1  -2   0   1  -1  -1   0    4   7   3   4   1   7   9   5   2   7   9   9   4   3   1   5  10   1   2   7  0.06 0.08
  121 G     1  -3  -2  -4  -4  -6  -2   6  -3  -1  -4  -2   0  -3  -4  -1  -3  -6   1  -3    9   2   2   1   0   0   3  55   1   3   2   2   2   2   1   4   2   0   5   2  1.08 0.60
  122 F     0  -4   0  -6  -2   0  -3  -5  -2  -2  -1  -3   1   0  -1   0   6  -6  -3   0    9   1   4   0   1   4   2   1   1   2   7   1   4   3   3   6  45   0   1   6  0.84 0.56
  123 L    -2   0  -2  -2   0   1  -1  -3   0   1   2   1   1   1   0  -2  -2   1   1   0    3   5   2   2   2   6   3   2   3   7  24  10   4   7   4   2   2   2   6   5  0.15 0.17
  124 N    -1   0   4  -1  -5   2   0   0   2  -1  -2  -1   1   0  -1  -1  -1   2   0  -1    5   5  22   3   0   8   7   7   5   3   4   4   4   3   3   4   4   3   3   4  0.26 0.25
  125 M    -1  -2  -5  -1   1  -2  -2  -2   0   2   4  -5   2  -1  -5  -2  -2   1  -4   2    5   2   0   4   3   2   3   4   3  11  34   0   4   2   0   3   3   2   0  15  0.45 0.33
  126 L    -1  -3  -6  -4   0  -5  -6  -4  -1   3   5  -3   0   0  -6  -3  -2   0   0   1    6   1   0   1   2   0   0   1   2  14  47   2   2   4   0   2   2   1   3   9  0.76 0.47
  127 I    -1   1   1   1   0   2   4  -3   3  -2  -2   1  -2  -3  -1  -2  -2  -5  -2  -3    6   8   6   9   2   8  24   2   7   2   4   8   1   1   3   3   2   0   1   2  0.36 0.31
  128 A     4  -5  -3  -3   1  -1  -1  -3   1  -2   1  -2  -1   1  -5   0  -2   2   2  -1   37   0   1   1   3   3   4   2   3   2  12   3   2   5   0   6   3   3   6   5  0.45 0.39
  129 A     4  -6  -6  -6   7  -3  -4  -3  -6   0  -3  -2   5  -1  -6  -1  -2  -6  -1   0   29   0   0   0  24   1   1   2   0   5   2   3  14   2   0   5   2   0   2   5  1.10 0.64
  130 R     1   3  -2  -3   2   2  -1  -4   0   0   0   2  -1  -2  -3  -1  -2  -5  -2   1   10  19   2   1   4   9   3   1   2   5  11  15   1   2   1   3   2   0   1   9  0.29 0.27
  131 D     1   0   1   2  -2   1   3  -3   1  -2  -2   2  -1  -5  -2  -1  -1  -5  -3  -3   13   5   6  12   1   6  20   1   3   2   4  14   2   0   1   4   3   0   1   2  0.34 0.30
  132 A     2   2   1  -1  -1   0  -1  -1   3  -2  -1  -1  -2   0  -2  -1  -1   1   2  -1   19  11   8   2   2   5   3   3   7   2   6   4   1   3   2   4   3   2   8   5  0.15 0.19
  133 K    -2   1   3  -1  -6  -1  -1   4  -1  -6  -4   3  -5  -3  -2   0  -2  -2  -5  -4    3   9  12   4   0   2   3  31   1   0   2  21   0   1   2   6   2   1   0   1  0.65 0.45
  134 V     0   0  -3  -4   1  -2  -1  -1  -1   2   1  -1  -1  -2   0  -2   0  -2  -2   4    6   5   1   0   3   2   3   5   2  12  12   3   1   1   5   2   4   1   1  29  0.26 0.23
  135 Q     0   1  -1  -1  -4   1   1   1  -1  -1  -3   4  -1  -2   0  -1  -1   0  -4  -2    6   7   2   3   0   7   9  13   1   5   2  25   1   2   5   4   3   1   0   2  0.29 0.26
  136 S    -1   4   0  -3  -5   1  -2  -3   2  -3  -3   3  -1   0   3  -1  -1  -5  -2  -1    6  23   4   1   0   5   1   2   5   1   3  16   1   4  14   3   4   0   2   4  0.47 0.37
  137 F    -4  -6  -7  -7  -1  -4  -7  -7  -2   4   2  -6  -1   7  -7  -5  -4  -1   1   1    1   0   0   0   1   1   0   0   1  21  19   0   1  38   0   1   1   1   3  10  1.28 0.66
  138 T    -4  -4  -4  -5  -3  -4  -6  -4   3   5   1  -4  -1   0  -6  -3  -3  -6   0   4    1   1   1   1   1   1   0   1   6  31  13   1   1   4   0   2   2   0   3  32  0.95 0.54
  139 Y    -3  -5   2  -5  -3   0  -5  -5   5  -3   0  -3  -1   5  -4  -2  -3  -1   5   0    2   0  11   0   0   5   0   1  12   1   9   2   1  23   1   3   1   1  20   6  0.88 0.52
  140 A     3  -4  -3  -4   2  -2  -4  -4  -4   3   0  -3   0  -1  -1   1   2  -5  -1   2   21   0   1   0   4   1   0   0   0  15   7   1   2   3   3  12  13   0   2  14  0.40 0.33
  141 A    -1  -6  -3  -5   0  -3  -5  -1  -6  -7  -4  -5  -6  -7  -6   7  -2  -7  -6  -5    5   0   1   0   2   1   0   5   0   0   2   0   0   0   0  80   2   0   0   1  1.94 1.04
  142 S    -2  -4  -2  -5  -5  -5  -4  -2  -6  -3  -4  -3  -5  -6  -5   6   5  -1  -6  -4    3   1   1   0   0   0   1   3   0   2   2   1   0   0   0  56  28   1   0   1  1.44 0.84
  143 S     3  -3  -1   2   0  -2  -2   0  -4   1  -2  -3   1  -2  -2   2   0  -4  -2   0   29   1   3  12   2   2   1   6   0   7   2   0   4   2   2  14   5   0   1   7  0.31 0.29
  144 S     3  -3  -2  -2   2  -2   2   2   0  -2  -3  -2  -3  -3  -3   2   0  -4   2  -3   24   1   1   2   5   1  13  14   2   2   1   2   0   1   0  15   6   0   7   1  0.37 0.31
  145 T     0  -3  -3  -4  -2  -3  -1  -3  -2   2  -1  -3  -1  -1  -3  -3   2  -4  -1   5    7   1   1   1   1   1   4   2   1  10   6   1   1   2   1   1  12   0   2  43  0.63 0.39
  146 Y    -1  -3  -3  -5  -2  -3  -3  -3  -1   0  -1  -3  -2   4  -4  -3  -3   0   8   1    5   1   1   1   1   1   2   2   1   5   5   1   1  14   1   2   2   1  44  10  1.16 0.57
  147 G    -1  -3  -1   0  -1  -2  -3   6  -4  -4  -4  -3  -1   0   1  -1  -3   0  -1  -4    3   1   3   4   1   2   1  54   0   1   2   1   2   5   7   4   2   1   3   1  0.90 0.46
  148 D    -1  -1   1   2  -3  -1   1   2  -2  -2  -1   0   1  -2   0   0   0  -1  -1  -2    5   2   7  15   0   2   7  17   1   3   6   5   4   2   5   8   5   1   2   3  0.16 0.15
  149 H    -1   0   1   0   1   0   0   0   2  -2  -2   0  -3  -2   3   1   0  -1  -1  -1    4   6   6   5   3   3   4   9   5   2   4   6   0   2  15  11   6   1   2   5  0.17 0.15
  150 P    -1   0   0   1  -3   1   1   0   0  -2  -2   0  -3  -1   3   1   1  -4  -3  -2    4   5   3   7   1   7  11   6   2   3   4   6   0   2  15  10  10   0   1   3  0.21 0.19
  151 G    -1   0   1   2  -2   0   1   0   1  -2  -1   0  -1  -1   0   0   1  -1   0  -1    4   5   5  12   1   4  10   8   3   2   4   7   1   2   4   7  10   1   4   6  0.09 0.09
  152 L     0  -1   0   0  -1   0  -1  -1   0   1   0   0   0   1   0   0   0  -2   1   1    5   3   5   6   1   3   2   5   3  12   9   7   2   8   5   5   4   0   4   9  0.02 0.04
  153 P    -1   1   0   0  -4  -1   0  -1  -2  -2  -2  -1  -2   0   5  -1  -1  -1  -1   0    4   7   4   5   0   2   5   6   1   2   3   4   1   5  32   5   3   1   2   6  0.46 0.31
  154 K    -1  -1   0  -2   2   1   0  -1  -1   2   0  -1  -1   2  -2  -2  -1   0   2   1    4   4   5   2   5   6   8   4   2  16   7   3   1   9   1   2   4   1   9   9  0.12 0.14
  155 V     0   0   0   2  -2  -1   1  -1   1  -1  -2  -1  -2  -2   1   1   2  -4  -1   0    7   4   3  14   1   2  12   5   4   3   3   3   1   1   6   9  13   0   2   7  0.16 0.17
  156 E    -2  -1  -2   2  -5   0   6  -3  -4  -3  -4  -2  -3  -3   0  -2  -2  -5  -5  -3    3   3   1  11   0   3  57   2   0   1   2   1   1   1   5   2   2   0   0   2  1.18 0.64
  157 D    -2   1   1   4  -3  -1   3  -2   0  -3  -2  -1  -3  -4  -2   1   2  -4  -3  -1    3   7   7  20   0   2  17   3   2   1   4   3   1   0   2   9  12   0   1   5  0.34 0.27
  158 T    -1   0  -1   1   1   0   1  -1   1  -2  -2   0   1   0   0   2   2  -2   0  -1    4   4   2  10   4   3   8   3   4   2   4   4   3   4   4  14  15   1   3   3  0.13 0.16
  159 I     0  -2  -1  -1  -3   0  -1  -3   0   1  -1  -2   0   1   5  -1  -1   3   1   0    8   2   2   3   1   4   4   2   2  10   5   3   2   5  25   3   3   5   6   5  0.38 0.27
  160 G    -1  -1   0   0  -2   0   1   0   0  -1   0  -1  -1   0   2   0   0  -1   1  -1    4   4   6   5   1   5  12   9   2   3  10   2   1   3   9   6   7   1   6   4  0.07 0.09
  161 K     0   1   1   1  -1   2   0   0   1  -2  -1   1  -2  -2  -1   0  -1  -3   1  -2    7  10   8   8   1   9   6   8   4   2   7  10   0   2   3   7   2   0   6   2  0.12 0.13
  162 P     0  -4  -2  -1   0  -1  -2  -1  -1  -3  -3  -2  -1  -3   7  -1   0  -2  -5  -2    9   1   1   3   2   3   3   4   1   1   3   3   2   1  49   4   6   1   0   2  1.03 0.53
  163 L    -1   1  -1  -1  -3   0  -1  -2  -1   1   1  -1   2   1  -2   0   1  -1  -1   0    4  10   2   3   0   4   5   2   2   7  17   2   6   7   2   8   9   1   1   8  0.08 0.11
  164 S    -2  -2   5   2  -2  -2   1  -1   1  -2  -2  -1  -1  -4  -4   2   0   5  -2  -3    3   1  26  10   1   1   7   3   3   2   4   2   1   0   0  19   6   7   1   2  0.54 0.37
  165 P     0  -2  -1  -1   0  -2  -1   0  -1   0  -1  -1   1   1   4  -1   0   1   0   0    6   1   2   4   2   0   5   8   2   6   5   3   4   7  22   5   4   2   3   8  0.24 0.18
  166 Y    -5  -2  -5  -5  -5  -1  -5  -5  -3  -3  -2  -5   2   2  -5  -2  -5  -3   9  -5    1   2   0   1   0   3   1   1   0   2   5   1   5   5   1   3   1   0  69   1  2.17 0.90
  167 A     1  -2   0  -1   0  -2  -3   4  -2  -2  -2  -2  -2  -1   0   2   0  -4  -4  -1   12   2   3   3   2   2   1  30   1   2   3   1   1   3   5  17   6   0   0   4  0.38 0.28
  168 V     1   1  -1  -2   1   0   0  -1   1   0   0   0   0   0  -3  -1  -1  -3   2   1   16  10   3   1   3   4   7   3   3   4   7   5   2   4   0   3   2   0   8  12  0.09 0.13
  169 T     1  -2  -1  -4  -1  -2  -1  -1  -4  -2  -2  -2  -4  -5  -2   5   3  -5  -4  -2   10   1   2   0   1   1   4   5   0   3   4   2   0   0   2  41  20   0   0   3  0.67 0.47
  170 K    -3   0  -3  -5  -6  -2  -4  -3  -1  -6  -6   8  -5  -6  -5  -4  -2  -6  -2  -3    2   4   1   0   0   1   0   2   1   0   0  79   0   0   0   0   2   0   1   2  1.97 0.91
  171 Y     2   1  -2  -2  -1   0  -3  -2   2   0   0   0   0   2  -4  -1   0   4   2   0   19   7   1   2   1   4   0   2   5   5   9   6   2  10   0   3   5   5   8   6  0.21 0.21
  172 V     1  -1  -3  -2   1   0  -2  -2   0   0   2  -1   2   1  -4  -1  -1   0  -1   1   16   2   1   3   3   4   2   2   2   5  23   4   6   6   0   3   4   1   2  11  0.15 0.17
  173 N     3  -3  -3  -2   1  -1  -2   2  -4  -1   0  -4   0   1  -4   0  -1   3  -3   0   30   1   1   2   3   3   2  18   0   4   9   0   3   5   0   6   2   4   0   6  0.35 0.30
  174 E    -4  -2  -3   3  -7  -1   7  -5   0  -3  -5  -1  -6  -4  -5  -3  -3  -7  -2  -4    1   2   1  14   0   3  64   1   2   2   1   3   0   1   0   2   1   0   1   1  1.52 0.81
  175 L    -1   2  -1  -1  -2   2   0  -2   1   0   0   2   2  -2  -3  -1  -1   2   0  -1    6  10   3   3   1  12   6   2   4   5  11  15   6   1   0   3   4   3   3   3  0.18 0.19
  176 Y     1  -3  -2  -4   0  -1   0  -4  -1   2   3  -3   3   1  -4  -2  -2  -1   2   1   12   1   2   0   2   2   6   0   2  11  25   1   8   5   0   2   2   1   7  11  0.31 0.25
  177 A     2  -2  -2  -3   3  -2  -3  -1  -4   2   1  -2   1  -2  -4  -1   1  -4  -2   3   17   2   2   1   6   2   1   4   0  10  13   2   3   1   0   3   8   0   1  24  0.29 0.25
  178 D    -2   3   0   1  -4   2   0  -3   1  -1   0   1   0  -1  -4  -2  -1   4  -2  -1    3  20   3   9   0  11   6   1   3   3  10   7   3   2   0   2   3   7   1   4  0.32 0.27
  179 V     2   0   0   1  -3   1   1  -2   0  -2  -1   1  -1  -1  -3   0   0   3   1  -1   20   6   5   8   0   5   8   2   3   1   5   8   1   3   0   5   5   5   4   4  0.15 0.17
  180 F     1  -2  -3  -3  -1  -1  -1  -4   0   1   1  -2   1   2  -4  -3  -1   2   5   0   15   1   1   1   1   2   5   1   2   8  12   3   3   9   0   1   4   3  23   5  0.41 0.31
  181 S     2   2   1  -1   0   0   0   0   1  -1   0   0   0   0  -3   1  -1   0  -1  -2   17  12   7   2   2   4   4   6   4   3   9   6   2   5   0   9   2   1   2   2  0.09 0.13
  182 R     1   2   1   0  -2   1   3  -2   2  -4  -3   2  -3  -5   1  -1  -2  -5  -2  -2   10  13   8   5   1   7  17   3   5   1   2  13   0   0   7   4   1   0   1   2  0.35 0.30
  183 C     0   1   0   2  -2   2   2   0   0  -3  -2   1  -1  -3  -3   1   1  -4  -3  -3    8   8   3  12   1   9  14   8   2   1   4   9   2   1   0   9   8   0   1   1  0.22 0.22
  184 Y     0  -1   0  -1   0  -1  -1  -1   2  -2  -1   0   0   1   2   0  -1   1   4  -2   10   3   6   4   2   2   3   4   5   2   6   6   3   6  12   9   2   2  14   1  0.18 0.19
  185 G    -1   0   3   0  -3  -1   0   5  -2  -5  -4   0  -5  -4  -2   0   0  -6  -5  -4    3   5  12   6   1   2   5  42   1   1   2   6   0   1   2   5   5   0   0   1  0.69 0.45
  186 F    -2  -3  -4  -5  -1  -2  -3  -2  -4   3   3  -4   2   2  -3  -1   0   4  -2   1    3   1   1   0   1   2   1   3   0  15  29   0   5  10   1   6   6   6   1   9  0.45 0.32
  187 S    -1   2   1   1  -1   2   1  -2   0  -4  -3   1  -3  -3   3   0   0  -4  -1  -3    4  14   7   9   1   9   7   2   2   1   3   8   0   1  14   7   7   0   3   1  0.30 0.26
  188 T     1  -5  -4  -5   1  -2  -4  -2  -3   2   0  -4  -2   2  -4  -2   2   2   2   3   13   0   0   0   3   1   1   3   0  10   6   1   1  10   1   3  13   3   8  24  0.43 0.35
  189 I     1   0  -3  -4   5  -4  -5  -4  -4   3  -2  -3   0  -3  -5  -1   3  -1  -3   3   10   5   1   1  14   0   0   1   0  16   2   2   2   1   0   5  17   1   1  21  0.62 0.44
  190 G     1  -4   0  -3   1  -4  -3   1  -1   4   0  -3  -1  -2  -3   1   0  -2  -2   2   10   0   6   1   3   0   1  10   1  24   9   1   1   1   1  12   5   1   1  13  0.29 0.28
  191 L     0  -5  -5  -6  -4  -5  -5  -1   0   3   3  -5  -1   2  -4  -3   0  -5  -3   3    7   0   0   0   0   0   0   6   2  15  33   0   1  10   0   1   6   0   0  17  0.61 0.41
  192 R    -3   8   2  -6  -4  -4  -4  -6  -5   1  -5  -1  -1  -7  -4  -5  -6  -7  -6  -4    2  71  10   0   0   0   1   1   0   7   1   3   2   0   1   0   0   0   0   1  1.95 0.98
  193 Y    -2  -6  -6  -6   3  -2  -5  -5  -3  -1   0  -5  -4   2   6  -3  -1  -4   5  -2    3   0   0   0   6   2   0   1   1   4  11   0   0   7  36   2   4   0  21   2  1.12 0.64
  194 F     0  -3  -2  -3   0  -2  -2   2  -1  -4  -3  -4   0   6   1   2   0  -4  -1  -3    7   1   2   1   2   1   2  15   2   0   1   0   2  33   8  13   6   0   1   2  0.63 0.43
  195 N    -4  -3   6  -2  -3  -1  -3   1   1  -1  -1  -3   0   0  -3  -1   0   1   2  -1    1   1  40   1   1   3   1  11   3   4   6   0   2   4   1   4   5   2   6   4  0.69 0.45
  196 V    -3  -4  -1  -5  -4  -4  -4  -4   1   4   0  -4   1  -2   1  -3  -1   2  -4   5    2   1   3   0   0   0   1   1   3  21   7   0   3   2   7   1   3   3   0  41  0.77 0.45
  197 F    -1  -4  -4  -5  -4  -4  -2  -3  -1   2  -1  -4   2   3  -5  -3  -1   0   7   1    6   0   1   0   0   0   3   2   1  11   5   0   5  11   0   1   5   1  34  11  0.85 0.49
  198 G    -1  -5  -4  -5  -5  -5  -5   7  -5  -6  -4  -5  -5  -6  -5   0  -5  -5  -6  -5    6   0   0   0   0   0   1  79   0   0   2   1   0   0   0   7   1   0   0   1  1.93 0.83
  199 R     2  -2  -1  -1  -4  -2   0  -2  -1  -4  -3  -2  -1  -3   6   0  -1  -4  -2  -2   16   3   3   4   0   1   7   3   1   1   3   2   2   1  40   6   3   0   1   2  0.80 0.42
  200 R    -2   4   0   0  -2  -1  -1   2   3  -2  -2  -1  -2   0  -2  -1  -2   4   0  -1    2  25   4   4   1   3   3  15   9   3   3   3   1   4   2   3   1   5   4   5  0.34 0.24
  201 Q    -2   0   0   2  -2   2   3   0   0  -2   0   0   1  -1  -1   0  -1  -3  -2  -2    2   6   3  12   1   9  20   6   3   2  11   4   4   2   2   7   3   0   1   3  0.18 0.16
  202 D    -2   0   1   3  -1   2   0   1   0  -2  -3   0  -2   0  -1   0  -1  -1   0  -2    2   6   7  18   2  12   6  11   3   2   2   4   1   5   2   8   4   1   3   2  0.21 0.17
  203 P    -1  -1   1  -1  -3  -2   0  -1   4  -1  -2  -1  -3   1   5  -1  -1   0   0  -2    5   3   6   4   0   2   6   4  10   4   4   4   1   6  28   3   3   1   4   3  0.45 0.25
  204 N     0   1   1   2  -1   0   1   0   1  -1  -1   2  -1   0  -2   0   0  -1  -2  -1    6   6   8  12   1   2   8   7   4   3   7  13   1   4   1   6   6   1   1   3  0.10 0.10
  205 G    -1  -2   0   0   0  -1  -1   4  -1  -1  -2  -1   0   1   1   0  -1  -1  -2  -2    5   2   4   5   2   3   5  33   1   4   5   4   3   7   6   5   3   1   1   2  0.28 0.19
  206 A     0   0   0  -1  -2   0  -1   2   0   0  -1   0  -1  -1  -1   1   0  -2  -1   0    9   6   5   3   1   4   4  17   2   8   5   4   1   3   2  10   6   0   2   9  0.06 0.07
  207 Y     0   0  -1  -1  -3  -1   0  -1  -2   0   0  -1   4   1   2   0   1   3   1  -1    6   5   2   2   0   1   6   3   1   4   8   2  12   6   9   8  10   5   4   3  0.15 0.16
  208 A     2   0   2  -1  -1  -1  -1   1  -1  -2  -1  -1  -1  -1   0   1   1   1  -2  -1   16   6  12   3   1   2   3  11   1   2   5   2   1   3   4  12   9   2   1   4  0.14 0.15
  209 A    -1   2   3   0  -4  -1   0   0   2  -4  -3   2  -1   0  -1   2   0  -4  -3  -3    4  10  12   6   0   2   4   6   6   1   3  14   1   5   3  16   6   0   0   1  0.27 0.25
  210 V     0  -3  -2  -3  -3  -4  -3  -2  -2   2   2  -4   3   2  -2  -2  -2   1   0   3    8   1   2   1   0   0   1   3   1   9  23   0   7   8   2   3   2   2   2  22  0.37 0.27
  211 I     1  -3  -3  -4  -2  -4  -3  -2  -3   4   2  -3   3  -1  -1  -2   0  -4  -3   2   13   2   1   0   1   0   1   2   1  22  20   1   8   3   4   2   5   0   0  13  0.43 0.30
  212 P    -1   1  -1  -2  -2  -2  -1  -2  -3  -3  -2   0  -4   2   5   0   0  -1   0  -2    5   7   3   2   1   2   5   2   0   1   4   5   0  10  34   6   5   1   3   2  0.60 0.39
  213 K     0   1   0   0  -1   1  -1   0   3  -1   0   1  -1   0  -1   0   0  -1   1  -1    7   8   5   4   1   8   3   7  10   3  10   9   1   4   2   6   4   1   5   2  0.09 0.11
  214 W    -3  -2  -2  -4  -2  -1  -5  -5  -2   2   3  -3   3   5  -2  -4  -2   1  -2   0    2   3   2   1   1   3   0   0   1  12  29   2   8  23   2   0   2   2   1   6  0.65 0.40
  215 T     0  -2   0  -2   0  -3  -2  -3  -1   3   0  -1   0   2   1   0  -1  -3   1   1    9   1   5   2   2   1   1   2   1  22   6   3   2   8   7   6   4   0   6  11  0.19 0.19
  216 S     0   1   2   0  -3   1   0  -2   2  -1   0   1  -1   0  -2   0   0  -2  -1  -2    8   9  12   6   0   6   5   2   5   3   9  10   1   5   2   7   5   0   2   2  0.11 0.13
  217 S     1   0   1  -1  -2   3  -1  -1  -1   0   1   1  -1  -1  -2   0  -2  -1   0   0   13   5   8   2   1  16   3   4   1   6  15   7   1   2   1   5   1   1   3   5  0.13 0.18
  218 M     2  -3  -2  -4  -2  -2  -3  -2  -2   2   2  -1   2   2  -2   0  -1  -3   0   1   20   1   2   0   1   2   1   3   1  14  17   3   5   8   2   6   2   0   4   9  0.24 0.22
  219 I     0   1   0  -2  -1  -1  -1  -2   0   1   2   1   0  -1  -2  -1  -2  -2  -2   2    7   7   4   2   1   3   4   3   2   8  18  12   2   2   2   3   1   0   1  16  0.11 0.14
  220 Q     0   1   2  -1  -3   1   1   0   1  -3  -2   2  -2   1  -1   0   0  -4  -1  -2   10   7  10   3   0   6  10   8   3   1   3  16   0   6   3   5   4   0   2   3  0.18 0.18
  221 G    -1   0   1  -1  -5  -2  -1   6  -3  -5  -3   1  -5  -6  -5  -1  -2  -6  -4  -4    4   5   8   4   0   2   5  51   1   1   4   7   0   0   0   5   2   0   1   1  0.89 0.52
  222 D    -1   1   0   1  -2   2   2   2   1  -2  -2   3  -1  -3  -3   0   0  -5  -3  -3    4   8   3   6   1   9  12  14   3   3   4  17   1   1   0   5   6   0   1   1  0.25 0.23
  223 D     0  -1   0   2  -3   0   1  -2   0  -2  -2   1  -1   0   3   0   1  -3  -1  -1    6   4   5  12   0   3   7   3   2   2   3  10   2   4  16   6   9   0   2   4  0.21 0.19
  224 V    -1   0  -2  -2   0  -2  -1  -2  -1   2   1   0   1   0   1  -1  -1  -1   1   2    4   5   1   2   2   1   3   3   1  13  17   7   3   4   7   4   2   1   5  14  0.11 0.12
  225 Y    -2   0  -1   0   0  -1  -1  -2  -1  -1  -1   2  -2   2   2  -1   1  -1   3  -1    3   4   2   5   2   2   4   2   1   3   6  12   1   9   9   4  11   1  13   4  0.20 0.20
  226 I    -1  -2  -2  -2   0  -2  -1  -3  -2   3   2  -1   2   0   0  -2  -2  -2   0   2    3   2   2   3   2   1   3   1   1  18  21   3   5   4   6   3   2   1   3  15  0.25 0.19
  227 N    -3  -2  -1  -3  -1  -2  -4  -3   0   1   1  -3   0   3  -1  -2   2   4   4   0    2   2   3   1   1   2   1   2   2   9  12   1   2  11   3   3  14   6  17   7  0.41 0.30
  228 G     0  -2   0   0  -3  -2  -1   5   0  -4  -3   0  -4  -5   1  -2  -2  -2  -5  -3    8   2   5   5   1   1   4  45   3   1   3   5   0   0   8   3   3   1   0   2  0.69 0.42
  229 D    -2  -3   3   5  -5  -1   0   0  -1  -3  -4  -1  -5  -4  -1   2   0  -5  -2  -5    2   1  13  35   0   2   4   7   1   2   2   4   0   1   4  14   5   0   1   0  0.70 0.45
  230 G    -2  -4  -1  -2  -3  -3  -1   6  -2  -2  -1  -2  -1  -3   1  -3  -3  -2  -5  -3    3   1   2   2   1   1   4  57   1   3   7   3   2   1   7   2   2   1   0   2  1.00 0.55
  231 E    -1   1   2   1  -1   1   2  -1  -1  -3  -1   1   0  -2  -3   1   2  -4  -2  -3    5   6  10   7   1   7  12   5   1   1   5   7   2   2   1  10  15   0   1   1  0.21 0.21
  232 T     1  -2   2  -3   2   5  -2   1   0  -3  -4  -2   1   0   0   0  -1  -4  -2   0   11   2   9   1   4  26   1   9   2   1   1   1   4   4   5   8   4   0   1   6  0.40 0.36
  233 S    -1   0  -2  -3  -1   0  -2  -2  -3   1   1   2   1  -1  -2  -1   1   2   1   2    3   6   1   1   1   5   1   2   0   9  13  12   3   2   1   5  11   3   5  15  0.17 0.18
  234 R    -1   6  -3  -4  -3  -3  -4  -3   0  -2  -1  -2   1   0  -3  -3  -2  -2   0   1    4  48   1   1   1   1   1   2   2   2   7   2   4   4   2   2   2   1   4  11  0.90 0.50
  235 D    -2  -4   1   6   2   1  -1  -2  -2  -4  -4  -3  -4   0  -1   2  -2  -5  -3  -1    3   1   7  41   4   6   4   2   1   1   2   1   0   4   3  14   2   0   1   4  0.79 0.46
  236 F    -4  -3  -4  -6  -5  -5  -5  -5  -4  -2  -1  -4   3   6   0  -5  -4   8   5  -3    1   1   1   1   0   0   1   1   0   3   6   1   6  31   5   1   1  19  19   2  1.47 0.70
  237 C    -3  -6  -6  -6  -1  -3  -6  -2  -7   5   0  -6   3  -4  -6  -3   2  -6  -5   5    2   0   0   0   2   1   0   4   0  29   8   0   7   0   0   1  13   0   0  32  1.02 0.58
  238 Y    -4  -6  -4   3  -7  -5  -5  -5   8  -7  -6  -6  -6   1   2   1  -4  -5   6  -5    1   0   0  14   0   0   0   1  29   0   0   0   0   6   9   9   1   0  27   1  1.57 0.84
  239 I     0  -3  -7  -7  -2  -6  -1  -7  -7   4   0  -6  -1  -5  -5  -2  -2  -7  -4   6    9   2   0   0   1   0   5   0   0  19   7   0   1   0   1   3   2   0   1  49  1.11 0.63
  240 E    -2   1   0   5  -4  -1   3   1  -1  -2  -3   0  -1  -3  -3  -1  -2  -6  -2   0    3   8   4  29   0   2  16  10   1   2   2   6   2   1   1   4   2   0   1   6  0.47 0.36
  241 N    -7  -7   3   8  -8  -3  -2  -7  -2  -6  -5  -5  -1  -8  -7  -5  -4  -9  -3  -2    0   0  13  73   0   1   3   0   1   0   2   0   1   0   0   0   1   0   1   3  2.20 1.06
  242 T     0  -5  -5  -5   2  -5  -4  -2   0   1   3  -5   1  -2  -4  -3  -2  -5   0   5    7   0   0   0   4   0   1   3   2   7  27   0   2   1   1   2   3   0   4  35  0.70 0.45
  243 V     5  -6  -4  -5   3  -6  -6  -3  -7   1  -2  -6  -3  -6  -6  -1  -3  -7  -6   4   47   0   1   1   5   0   0   1   0   8   3   0   0   0   0   4   1   0   0  28  1.18 0.69
  244 Q    -1   2   1   2  -5   1   3  -2   0  -4  -3   2  -3  -4  -3   0  -1   4  -3  -3    6  12   7  13   0   7  17   2   2   1   3  12   0   1   1   6   3   6   1   1  0.41 0.33
  245 A     5  -4  -5  -6  -3  -4  -5   3  -6  -2  -1  -4   2  -2  -5  -3  -2  -6  -2   2   47   1   0   0   0   0   0  18   0   2   7   1   5   2   0   1   2   0   2  14  0.91 0.58
  246 N    -4  -5   1  -3   2  -1  -3  -5   7   2   0  -4   3   2  -6  -2  -1  -5   0   0    1   0   8   1   5   2   1   1  28  12  10   0   7   7   0   3   4   0   3   7  0.80 0.48
  247 L    -3  -1  -5  -3  -5  -3  -4  -5  -4   5   4  -4  -1   0  -6  -5  -3   4  -1   2    2   4   1   2   0   1   1   1   0  27  33   1   1   3   0   0   1   5   2  14  0.82 0.48
  248 L     0   1  -2  -3   0   0  -2  -3  -1  -1   2   0   1   2  -5  -2  -1   5   1   0    9   9   2   1   2   4   2   2   1   2  22   7   3  10   0   1   4   7   5   6  0.26 0.24
  249 A     4  -2  -4  -2  -1  -3  -3  -5  -1   1   1  -5   2   1  -5  -2  -2  -3  -1   2   38   2   1   2   1   1   1   0   2   8  14   0   5   6   0   2   1   0   2  13  0.57 0.42
  250 A     2  -4  -5  -6   0  -5  -4  -5  -5   2   4  -4   3   1  -4  -2  -1   2   0   1   16   1   0   0   2   0   1   1   0  10  36   1   6   6   1   2   4   3   3   8  0.57 0.38
  251 T    -1   1   0   2  -5   3   4  -4   0  -2  -2   1  -1  -5  -4  -1   0   0  -5  -2    4   7   4  12   0  12  27   1   2   2   4   7   1   0   0   4   6   1   0   3  0.47 0.37
  252 A     1   1   3  -1  -5   0   0  -2   4  -3  -2   3  -2  -4  -3   0  -1  -1   0  -3   13   7  16   2   0   3   6   3  10   1   4  18   1   0   1   6   3   1   4   2  0.36 0.31
  253 G     0  -1   1   2  -2  -2  -1   2  -1  -2   0   0   0  -3   2   0  -1  -3  -1  -2    9   4   8  11   1   1   3  19   2   2  13   5   2   1   9   5   3   0   2   1  0.18 0.17
  254 L     0   0   0   0  -1   1   1   0   1  -1  -1   1  -1   0   1   0   0  -2   0   0    6   6   4   6   1   5  11   6   3   3   6   9   1   5   7   7   5   0   3   7  0.06 0.05
  255 D     0   0   1   2  -3   1   1  -1  -1  -1  -2   0  -3  -2   3   1   0  -1  -2   0    7   4   7  10   1   5  10   4   2   3   4   5   0   1  14   8   6   1   1   6  0.18 0.16
  256 A     1   0   0  -1   1   0   1   1  -1   0  -2   1  -1  -3   0   1   0  -3  -1  -1   12   4   5   3   3   4  12  12   1   6   2   8   1   1   4   9   5   0   2   4  0.11 0.12
  257 R     1   1   1   0  -2   1   0   1  -1  -1  -1   2  -2  -3   0   0   0  -4  -2  -1   11   7   6   5   1   6   5  13   1   4   5  13   1   0   4   7   5   0   1   5  0.12 0.12
  258 N    -2   0   1  -3   1   0  -1   4   1  -5  -4  -1  -3  -1   1   2  -3  -2   0  -2    2   6   7   1   3   4   3  30   3   0   1   4   0   2   8  17   1   1   3   3  0.45 0.35
  259 Q    -3   2   0  -1  -5   3   2   3   2  -4  -3   0  -3  -4  -1  -1  -2  -5   0  -5    1  11   5   4   0  13  13  25   5   1   2   5   1   1   3   5   3   0   3   0  0.45 0.35
  260 V     0  -1  -3   0  -4  -4  -2  -4  -5   4  -1  -3  -1   0   1  -2   1  -5  -2   3    8   4   1   5   0   0   2   1   0  28   4   1   1   4   7   2  10   0   1  20  0.46 0.34
  261 Y    -6  -6  -6  -7  -3  -6  -6  -7  -4   1   0  -5  -1   6  -6  -6  -6   1   8   0    0   0   0   0   1   0   0   0   0   8   7   1   2  30   0   0   0   2  42   5  1.79 0.82
  262 N    -4  -5   7  -3  -3  -3  -2  -5   5  -3  -4  -4  -5   2  -3  -2  -4  -3   1  -1    2   0  53   1   1   1   3   0  12   2   2   0   0   7   2   2   1   0   5   6  1.42 0.74
  263 I    -3  -4  -7  -7   4  -3  -6  -5  -6   5   3  -6  -1  -1  -6  -6  -4   0  -3   3    1   1   0   0   9   1   0   1   0  34  28   0   1   3   0   0   0   1   1  17  1.11 0.58
  264 A     1  -5  -1  -1   3  -2  -4   5  -5  -5  -3  -5  -5  -3  -2   1   1  -6  -1  -1    9   0   2   4   6   2   1  42   0   0   2   0   0   1   2  12   9   0   2   6  0.74 0.48
  265 V     1  -4   3   1  -5  -4  -2   1  -1  -4  -5  -2  -2  -4   0   2   4  -6  -5  -2   10   0  14   8   0   0   2  10   1   0   1   2   1   1   4  17  26   0   0   2  0.58 0.45
  266 G    -1  -4  -1   1  -6  -3   0   5  -1  -5  -5  -2   0  -6   3   0  -2  -6  -6  -5    5   0   3   9   0   1   7  42   2   1   1   3   3   0  15   7   2   0   0   1  0.83 0.51
  267 G    -2   2   2  -1  -2   1   2   0   2  -2  -4   2  -3  -2  -1   1   0  -2  -3  -1    3  10  12   2   1   6  13   8   4   3   1  11   0   1   3   9   7   0   0   5  0.23 0.23
  268 R     2   0  -4   0  -4   0   2   2  -1  -3  -4  -2  -1  -2   4  -1   0  -5  -3  -2   16   4   0   4   0   5  15  14   2   1   1   1   2   2  19   4   7   0   1   3  0.42 0.35
  269 T     0   0  -1  -3  -1   2   0  -4   0   1  -1  -2   1   2  -3  -1   1  -1   2   2    8   4   2   0   1  10   5   0   3   8   4   2   3   7   1   3  10   1   8  17  0.19 0.22
  270 S    -4  -1   0  -2  -4  -2  -2  -5  -2  -4  -4   0  -4  -7   2   5   4  -7  -4  -4    0   4   3   2   0   2   3   0   1   1   1   5   0   0  11  38  26   0   0   1  0.92 0.64
  271 L    -3  -3   2  -4  -3  -2  -5  -5  -3   3   0  -2   2   4  -2  -3  -2   5   1   3    1   1   9   1   0   1   0   0   1  16   8   2   5  16   2   1   2   8   5  20  0.61 0.39
  272 N    -1   3   2   0  -4   0   0  -2   0  -2   1   2  -1   0  -2  -1  -2   1   1  -2    3  16  11   6   0   4   7   3   2   2  13  11   2   4   1   4   1   2   4   2  0.18 0.20
  273 Q    -2  -3  -2   5  -7   3   5  -3  -1  -5  -5  -2  -1  -7  -4  -2  -2  -7  -5  -4    3   1   2  26   0  11  41   2   1   0   1   2   2   0   1   3   3   0   0   2  1.11 0.66
  274 L    -3  -6  -7  -7  -5  -3  -6  -7  -6   3   3  -6   4   4  -6  -5  -4  -1   1   3    2   0   0   0   0   2   0   0   0  14  32   0  10  16   0   1   1   1   4  18  0.97 0.53
  275 F     4  -3   0  -5   0  -4  -3  -1  -1   1   0  -2  -1   0  -4  -1  -1  -1  -1   3   32   1   4   0   2   0   1   5   2   6   9   2   1   5   1   4   3   1   2  22  0.42 0.35
  276 F     0   1   0   1   1   1   3  -3   1  -4  -3   2  -2  -3  -1   0  -1  -5   1  -3    7   7   4   8   3   6  22   2   3   1   2  13   1   1   3   6   4   0   5   2  0.31 0.28
  277 A     3  -3  -3  -2  -4  -2  -1  -3  -1   1   0  -1   3  -1  -1  -2   2   0  -1   0   31   1   1   2   0   1   3   1   2   9  10   3   8   2   2   2  13   1   2   7  0.34 0.32
  278 L    -1  -6  -6  -7   1  -4  -4  -7  -6   4   4  -4   0   2  -6  -4  -2   0  -4   4    5   0   0   0   3   0   1   0   0  19  32   1   2   9   0   1   2   1   0  24  0.86 0.49
  279 R     1   1  -2  -2   2   0   1  -1  -2   1   0   0   1   1  -3   0  -1   0  -2   0   11   9   1   1   5   4  11   5   1   8  11   7   3   7   0   6   3   1   1   6  0.07 0.12
  280 D     1   2   0   2  -3   1   3  -3  -3  -4  -5   4  -5  -4  -3  -1  -2  -6  -5  -3   10  10   5  11   1   5  21   2   0   1   1  25   0   1   1   3   2   0   0   1  0.60 0.42
  281 G     2  -1  -2  -2  -2  -1   1  -1   2   0   0   1  -1   0  -2  -1   0  -1   2   0   22   3   1   1   1   2   9   5   5   5   9   8   2   3   1   3   6   1   7   7  0.11 0.15
  282 L    -1  -3  -4  -4   0  -3  -4  -2   3   1   3  -3   2   4  -3  -1  -1   0   1   1    4   1   0   1   2   1   0   3   7   8  25   1   4  18   1   5   3   1   5   9  0.40 0.27
  283 A     0   0   1   0  -3  -1   0   4   0  -3  -1   0  -2  -4   2   0  -2  -1  -3  -2    7   4   7   5   0   2   7  30   3   1   6   5   1   0   9   6   2   1   1   3  0.32 0.24
  284 E     0   2  -1   0  -3   1   2  -1   0  -1  -1   2  -1  -2   0   0  -1  -2   0  -2    6  11   2   4   0   6  14   6   2   4   8  15   1   2   5   7   2   1   3   3  0.14 0.14
  285 N    -1   0   2   0  -3  -1   1   1   2  -2  -2   1  -2   0   2   0   0  -3   0  -2    4   4  11   6   0   2   8  11   7   2   5  10   0   4  11   6   4   0   3   3  0.17 0.15
  286 G     0   0   1  -1  -3   0   0   1   0  -1  -1   0  -2  -1   3   0   0   2   0  -1   10   4   6   3   0   5   7  11   2   3   8   6   0   2  13   5   4   3   3   4  0.12 0.10
  287 V    -1  -1  -2  -2   0  -2  -1  -2  -2   3   2  -1   0  -2   0  -1  -1   0  -2   2    5   3   2   2   2   1   4   3   1  18  20   4   2   1   5   4   2   2   1  19  0.22 0.17
  288 S    -1   1   1   1  -3   0   2   0  -1  -2  -2   0  -3  -2   2   1   0  -2  -2  -3    3   9   6   9   0   3  16   6   1   2   4   6   0   2  11  12   7   1   1   1  0.22 0.18
  289 Y    -2  -2  -2  -2  -3  -1  -2  -1  -1   3  -1  -1  -1   2  -2   0  -1   1   5   1    3   2   1   3   0   2   3   6   1  17   5   3   1   8   2   6   4   2  20   9  0.30 0.23
  290 H    -1   1   0   1  -2  -1   1  -1   4   0  -1   2  -2  -2   2  -2  -2  -4  -1  -1    5   6   3   7   1   2  10   4  11   7   6  16   0   2  12   2   2   0   2   3  0.23 0.19
  291 R    -1  -2  -1   0  -2  -1   0  -1  -1   1   1   0   0   2   1  -1  -1  -3   1   1    3   2   2   5   0   3   5   5   2  11  12   6   1   9   9   4   3   0   4  14  0.07 0.10
  292 E    -2   1  -1   1  -2  -1   1  -3  -3   2  -1   1  -2   1   3  -1  -1  -2  -1  -1    2   8   3   9   1   2  11   1   0  12   5   9   1   8  17   5   3   1   2   3  0.26 0.23
  293 P    -2  -1  -1  -1  -5  -3  -1   0  -4   2  -1  -2  -2   0   6  -1  -1  -2  -1   0    2   3   3   4   0   1   3   7   0  12   5   3   1   4  38   4   3   1   2   5  0.68 0.42
  294 V    -1   0   0   0  -3   0   0  -2  -2   1  -1   0   0   2   0  -1   0  -2  -1   1    5   4   4   5   0   3   8   3   0   8   5   7   3  13   4   3   8   0   1  15  0.08 0.11
  295 Y    -1   0  -1  -1  -3  -2  -2  -2   0   0  -1  -1   1   4   2  -3  -1   3   4   0    4   5   4   3   0   1   3   3   2   4   5   3   3  17  12   1   3   4  15   7  0.34 0.26
  296 R     0   0   0   2  -1   0   0  -1   0   0   0   0   0  -1  -2  -1   0  -1   0   1    9   6   4  13   2   3   7   4   3   4   9   7   3   2   1   3   5   1   3  11  0.05 0.07
  297 D     1  -2   0   2  -3  -1   0   1   2  -3  -2   0  -1  -2   3   0   0  -4   2  -3   10   2   5  13   0   1   6  11   5   1   4   5   1   1  14   7   5   0   7   1  0.25 0.22
  298 F    -2   3  -1   0  -4  -1  -1  -3  -3   0   1   0   1   3   1  -1  -2  -3   1  -2    2  19   3   6   0   2   4   2   0   5  16   4   3  14   7   5   2   0   4   2  0.24 0.23
  299 R    -2   6  -3  -2  -5  -1  -1   0  -4  -2  -3   2  -1  -4   1  -3   0  -5  -5  -2    4  41   1   2   0   2   3   8   0   3   2  13   1   1   6   1   7   0   0   3  0.76 0.47
  300 E     0  -2  -1   0  -4  -1   1   1   0  -3  -2  -1  -2  -2   5   0  -2  -4   0  -1    8   2   2   4   0   2   9  11   2   1   4   3   1   2  29   8   2   0   4   5  0.45 0.32
  301 G     1   1   2   1  -3   0  -1   4   0  -4  -2   0  -2  -1  -4  -1  -1  -3  -1  -2   12   7   8   9   0   5   4  28   2   1   3   5   1   3   0   3   3   0   2   3  0.30 0.24
  302 D    -2  -1   0   5  -4  -2   3   0   3  -2  -3  -2  -4  -3  -2  -2  -3  -4   3  -4    3   3   4  32   0   1  17   7   7   3   3   1   0   1   2   2   1   0  10   1  0.67 0.42
  303 V     0  -1  -1   0   0   3  -2  -4  -3   0   0  -2   1  -2   2   0  -1  -2   0   2    7   3   2   5   2  15   1   0   0   5  10   2   4   1  11   6   3   1   3  19  0.23 0.24
  304 R     1   2  -2   0   0   0   1  -2   1  -3  -1  -1   1  -2   1   1   0   1  -1  -2   14  14   1   5   2   3  10   2   4   0   6   3   4   2   7  11   5   3   2   2  0.15 0.18
  305 H    -1   1   1  -3  -3  -1   0  -2   3  -2  -1   0  -3   2  -1  -1   1   1   4  -1    3  10   7   0   0   2   6   3   8   2   5   6   0  10   3   4  10   2  14   5  0.24 0.23
  306 S    -2   2  -3  -3   1  -1  -3  -4  -1  -1   1   0   0   1  -2   2   3  -4   2   0    2  11   1   1   3   3   0   0   2   2  16   6   2   7   2  14  17   0   6   7  0.25 0.27
  307 L    -1  -1   0  -2   0   2  -2  -4   0   1   1   0  -1   0  -4  -1   1   1   4   0    4   2   4   2   2  13   2   0   3   8  12   6   1   3   0   4   9   2  14   8  0.21 0.23
  308 A     3  -3  -2  -2  -1  -3  -2   0  -3   1   1  -2   1   0   2   0  -2  -4  -1  -1   31   1   2   2   1   1   2   8   0   7  14   1   3   5   9   6   1   0   2   4  0.27 0.25
  309 D    -4  -5   3   7  -3  -2  -2  -4  -3  -6  -5  -2  -6  -3  -5   3  -4  -7  -4  -4    1   0  12  52   1   1   2   1   0   0   1   2   0   2   0  22   1   0   1   1  1.42 0.74
  310 I     0  -4   2  -2   2  -2  -3  -3   0   3   0  -3   1  -2   2   1   2  -4   0   0    9   0  10   2   5   1   0   1   2  18   9   0   3   1  10   9  12   0   3   6  0.26 0.25
  311 S     1  -1   0   1  -4  -1   1  -1  -4  -4  -4   1  -4  -3  -4   4   3  -5  -5  -4    9   3   3   6   0   2   9   3   0   1   1   8   0   1   0  29  22   0   0   1  0.56 0.44
  312 K    -3   2   1  -4   0   0  -2  -4   0  -3  -1   6  -5  -3  -2  -2  -3  -6  -3  -3    2   9   6   0   2   3   2   1   2   1   6  56   0   2   2   2   1   0   1   1  1.06 0.61
  313 A     5  -3  -4  -4  -4  -4  -4  -3  -4   2   1   0   0  -4  -4   0  -1  -5  -4  -1   49   1   0   1   0   0   1   1   0  10  16   7   2   0   0   5   4   0   0   2  0.73 0.46
  314 A    -2   3  -1  -2  -3   3   1  -4   1  -1   2   3  -1  -3  -4  -2  -1  -2  -2  -3    2  18   3   1   1  12   7   0   3   3  20  19   1   1   0   2   3   0   1   1  0.44 0.35
  315 K     0   5   0   1  -5   1   2  -3   0  -4  -4   3  -2  -5  -4  -1  -1  -6  -5  -4    7  29   4   8   0   5  12   2   2   1   1  19   1   0   0   3   4   0   0   1  0.64 0.42
  316 L     1  -1  -2   2  -2   1   4  -3   0  -1   0   0   0  -3  -4   0  -1  -5  -4   0   12   2   1  13   1   5  26   1   2   3  12   4   2   1   0   5   3   0   0   7  0.31 0.27
  317 L     0  -5  -6  -6  -5  -5  -5  -3  -5   1   5  -5   1   1  -5  -5  -2   3  -4  -3   10   0   0   0   0   0   0   2   0   5  64   0   3   6   0   0   2   4   0   1  1.16 0.60
  318 G    -4  -6   1   0  -1  -4  -5   7  -3  -7  -7  -2  -7  -5  -5  -4  -5  -7  -7  -7    1   0   5   5   1   1   1  79   1   0   0   3   0   0   1   1   1   0   0   0  1.97 0.88
  319 Y    -6  -7  -7  -4  -3  -7  -7  -7  -5  -2  -3  -5  -6   5  -6  -6  -7  10   6  -6    0   0   0   1   1   0   0   0   0   2   3   1   0  18   0   0   0  44  28   0  2.67 1.08
  320 A     0   1  -1  -1  -4   2   3  -2  -1  -4  -3   4  -3  -5  -4  -1   1  -5  -2  -1    6   8   2   3   0   8  18   2   1   0   2  27   0   0   0   4  10   0   1   4  0.50 0.38
  321 P     1  -3  -4  -4  -6  -1  -2  -3   0  -4  -6  -4  -6   1   7  -3  -3  -6  -3  -4   12   1   1   1   0   3   2   2   2   1   0   1   0   6  63   1   2   0   1   1  1.74 0.83
  322 K    -2   2  -1  -1  -5   2   2  -4  -1  -3   0   3  -1   3  -3  -2   0  -4  -3  -2    3   9   2   3   0  11  12   0   1   1  10  23   1  12   1   3   6   0   0   3  0.36 0.32
  323 Y    -3   1  -4  -5  -5  -3  -2  -5   2   1  -2   0  -1   3  -5  -3   1   2   5   2    1   7   1   0   0   1   2   0   5   9   3   6   2  14   0   1  11   3  19  17  0.54 0.38
  324 D    -1  -3   1   3  -2  -3  -1   1  -4  -5  -5  -1  -4  -6   1   3   4  -6  -5  -4    4   1   8  17   1   0   3  10   0   0   0   3   0   0   8  22  22   0   0   1  0.62 0.45
  325 V    -3  -5  -5  -6  -5  -5  -6  -7  -4   2   4  -6   2   3  -6  -5  -3   6  -2   2    2   0   0   0   0   0   0   0   0  12  42   0   4  11   0   0   2  10   1  15  1.00 0.53
  326 S     0   2  -2   1  -6   3   5  -4  -1  -6  -4   2  -5  -6  -1  -1  -2  -2  -4  -2    7  11   1   7   0  12  38   0   1   0   1  11   0   0   3   3   2   1   0   3  0.73 0.49
  327 A    -2  -3  -1   4  -7   2   6  -4  -4  -4  -6   0  -5  -7  -3  -1   0  -7  -6  -4    3   1   2  19   0   9  45   1   0   1   0   6   0   0   1   4   6   0   0   1  1.03 0.61
  328 G     2  -5  -4  -2  -1  -3  -4   5  -5  -1  -1  -3   5  -5  -5   0   0  -6  -5  -3   15   0   0   2   2   1   0  42   0   4   6   1  15   0   0   6   5   0   0   1  0.87 0.52
  329 V    -3  -2  -5  -6   3  -5  -5  -6  -5   4   3  -1   1   1  -5  -4  -1  -1   0   3    1   2   0   0   6   0   0   0   0  22  25   5   3   5   0   0   4   1   2  24  0.68 0.40
  330 A     1   3  -1   1  -3   2   2  -2  -2  -3  -4   3  -3  -5  -1   0   0  -5  -4  -2   13  18   2   7   0   9  13   3   1   1   0  17   0   0   2   6   7   0   0   3  0.40 0.31
  331 L    -2   2  -1   3  -5   0   3  -2  -2  -4  -2   3  -1  -3  -4  -1  -1  -5  -3  -3    3  11   2  18   0   4  21   2   1   1   4  18   2   1   0   5   4   0   1   2  0.47 0.34
  332 A     1  -3  -2  -5  -2  -2  -3  -5  -4  -1   0  -4   4   1  -5   0   5  -4   4  -3   12   1   2   0   1   2   1   0   0   2   7   0  11   5   0   7  35   0  13   1  0.73 0.51
  333 M    -2  -4  -6  -6   1  -3  -5  -6  -5   3   2  -3   2  -1  -6  -2  -3   6   2   4    2   0   0   0   3   1   0   0   0  13  20   1   6   2   0   4   1  12   8  26  0.78 0.44
  334 P     1   1   2   3  -5   2   3  -4   0  -4  -4   2  -4  -2  -2  -2  -2  -5  -4  -4   12   9   9  15   0  11  22   0   3   1   1  11   0   2   1   1   2   0   0   0  0.52 0.36
  335 W    -5  -5  -5  -8  -7  -7  -1  -8  -6  -7  -6  -5  -6   3  -8  -6  -7  12   4  -7    1   1   1   0   0   0   4   0   0   0   0   1   0  10   0   1   0  71  11   0  3.58 1.23
  336 Y    -5  -5  -5  -1  -5  -2  -5  -6   4  -4  -1  -5   2   5  -6  -5  -2   0   7  -4    0   0   0   4   0   2   0   0  10   0   6   0   5  28   0   0   2   1  41   0  1.43 0.59
  337 I    -3   1  -3  -3  -3  -2  -2  -4  -4   2   4   0   0  -2  -4  -1   1  -4  -3   1    0   9   0   1   0   1   1   0   0  10  45   6   1   0   0   5   9   0   0  10  0.43 0.27
  338 M    -1   1   1   3  -4   0   3  -1  -2  -4  -4   0  -2  -1  -3   2   0  -4  -3  -3    4  10   5  17   0   3  25   5   0   0   0   5   1   4   0  17   4   0   0   0  0.40 0.23
  339 F    -4  -3   6  -2  -5  -3  -3  -4   4  -4  -1  -3  -3   3  -5  -3  -3   3   3  -4    0   0  50   0   0   0   0   0  12   0   8   0   0  14   0   0   0   4  13   0  1.11 0.45
  340 L    -1  -4  -4  -4  -4  -3  -3  -2  -2   0   1  -3  -2   2   4  -3  -1   1   5  -2    6   0   0   0   0   0   0   4   0   6  17   0   0   9  23   0   4   1  29   0  0.65 0.27
  341 K    -2   3  -2  -1  -5   2   3  -3  -2  -4  -4   5  -3  -5  -3  -2  -2  -4  -3  -4    0  16   0   0   0   6  22   0   0   0   0  56   0   0   0   0   0   0   0   0  0.92 0.29

                      K         Lambda
Standard Ungapped    0.1361     0.3195
Standard Gapped      0.0477     0.2670
PSI Ungapped         0.1557     0.3171
PSI Gapped           0.0477     0.2670
