
Last position-specific scoring matrix computed, weighted observed percentages rounded down, information per position, and relative weight of gapless real matches to pseudocounts
            A   R   N   D   C   Q   E   G   H   I   L   K   M   F   P   S   T   W   Y   V   A   R   N   D   C   Q   E   G   H   I   L   K   M   F   P   S   T   W   Y   V
    1 K    -1   3   0  -1  -4   4   1  -2   0  -3  -3   4  -1  -4  -2  -1  -1  -3  -2  -3    0  21   0   0   0  32   0   0   0   0   0  46   0   0   0   0   0   0   0   0  0.56 0.05
    2 Q    -1   0   0   2  -4   4   5  -2   0  -4  -3   1  -2  -4  -2   0  -1  -3  -2  -3    0   0   0   6   0  27  61   0   0   0   0   6   0   0   0   0   0   0   0   0  0.67 0.05
    3 H    -2  -3  -3  -4  -3  -3  -3  -4   3   0   0  -3   0   6  -4  -3  -2   1   4  -1    0   0   0   0   0   0   0   0  12   5   0   0   0  70   0   0   0   0  13   0  0.70 0.06
    4 V    -1  -3  -3  -4  -1  -3  -3  -4  -3   3   1  -3   0   2  -3  -2  -1  -3  -1   4    0   0   0   0   0   0   0   0   0   6   0   0   0  12   0   0   0   0   0  83  0.42 0.05
    5 L     0  -3  -4  -4  -1  -2  -3  -3  -3   2   4  -3   2   0  -3  -2  -1  -2  -1   1    8   0   0   0   0   0   0   0   0   8  74   0   0   0   0   0   0   0   0  10  0.40 0.04
    6 M    -2  -2  -3  -4  -2  -2  -3  -4  -3   1   4  -2   5   0  -3  -2  -1  -2  -1   1    0   0   0   0   0   0   0   0   0   0  54   0  46   0   0   0   0   0   0   0  0.50 0.06
    7 F    -3  -3  -4  -4  -3  -4  -4  -4  -2  -1   0  -4   0   7  -4  -3  -3   1   3  -1    0   0   0   0   0   0   0   0   0   0   0   0   0 100   0   0   0   0   0   0  1.05 0.08
    8 A     3  -1  -1  -1  -1  -1  -1   0  -2  -2  -2  -1  -1  -3  -1   3   2  -3  -2  -1   45   0   0   0   0   0   0   0   0   0   0   0   0   0   0  39  16   0   0   0  0.38 0.04
    9 V    -1  -3  -3  -4  -1  -3  -3  -4  -4   2   1  -3   1  -1  -3  -2   0  -3  -2   5    0   0   0   0   0   0   0   0   0   0   8   0   0   0   0   0   0   0   0  92  0.48 0.06
   10 F    -2  -3  -3  -4  -2  -3  -3  -4  -2   2   1  -3   0   5  -4  -3  -1   0   2   2    0   0   0   0   0   0   0   0   0   6   8   0   0  53   0   0   0   0   0  33  0.46 0.04
   11 D    -2  -2   1   7  -4  -1   1  -2  -2  -4  -4  -1  -4  -4  -2  -1  -2  -5  -4  -4    0   0   0 100   0   0   0   0   0   0   0   0   0   0   0   0   0   0   0   0  1.17 0.08
   12 E    -1  -1  -1   1  -4   2   6  -3  -1  -4  -3   0  -3  -4  -2  -1  -1  -3  -3  -3    0   0   0   0   0   0 100   0   0   0   0   0   0   0   0   0   0   0   0   0  0.94 0.08
   13 S     0  -1   5   0  -2  -1  -1   3  -1  -4  -4  -1  -2  -3  -2   2   0  -4  -3  -3    0   0  47   0   0   0   0  22   0   0   0   0   0   0   0  30   0   0   0   0  0.51 0.04
   14 K    -1   1  -1  -1  -3   2   1  -2  -1  -1   1   4   0   0  -2  -1  -1  -2  -1  -1    0   0   0   0   0   8   8   0   0   0  26  53   0   5   0   0   0   0   0   0  0.24 0.04
   15 S     1  -1   2   0  -1   0  -1  -1  -1  -3  -3  -1  -2  -3  -1   5   1  -3  -2  -2    0   0   8   0   0   0   0   0   0   0   0   0   0   0   0  92   0   0   0   0  0.58 0.07
   16 W    -3   0  -4  -5  -3  -2  -3  -3  -3  -3  -2  -3  -2   0  -4  -3  -3  12   2  -4    0   6   0   0   0   0   0   0   0   0   0   0   0   0   0   0   0  94   0   0  2.56 0.11
   17 N    -2  -1   1  -2  -3  -1  -1  -2   6  -2  -2  -1  -2   2  -3   0  -1   0   5  -2    0   0  10   0   0   0   0   0  34   0   0   0   0   8   0  12   0   0  36   0  0.52 0.05
   18 Q    -1   2   0  -1  -3   5   1  -2   0  -3  -3   2  -1  -3  -2   2   0  -3  -2  -3    0   8   0   0   0  61   0   0   0   0   0   8   0   0   0  22   0   0   0   0  0.54 0.05
   19 T     0   1   0   1  -3   1   4  -2  -1  -3  -3   1  -2  -3  -1   1   0  -3  -2  -2    6   8   0   6   0   0  50   0   0   0   0   8   0   0   0  17   5   0   0   0  0.42 0.03
   20 S     0   0   0  -1  -2  -1  -1  -1  -1  -3  -3   0  -2  -3   3   4   2  -3  -2  -2    0   6   0   0   0   0   0   0   0   0   0   0   0   0  14  63  17   0   0   0  0.47 0.05
   21 S    -1  -1   6   1  -2   0  -1  -1   0  -3  -4  -1  -2  -3   1   2   0  -4  -2  -3    0   0  64   0   0   0   0   0   0   0   0   0   0   0   6  30   0   0   0   0  0.61 0.06
   22 L     0   3  -1  -2  -2   0  -1  -2  -1  -1   1   3   0  -2  -2  -1  -1  -3  -2  -1   11  31   0   0   0   0   0   0   0   0  30  27   0   0   0   0   0   0   0   0  0.24 0.03
   23 M    -1  -2  -3  -3  -2   1  -2  -3  -2   1   2  -2   7  -1  -3  -2  -1  -2  -2   0    0   0   0   0   0   8   0   0   0   0   5   0  86   0   0   0   0   0   0   0  0.60 0.09
   24 Y    -2  -1  -1  -2  -3  -1  -1  -3   7  -3  -2  -2  -2   1  -3  -2  -2   0   6  -3    0   0   0   0   0   0   0   0  50   0   0   0   0   0   0   0   0   0  50   0  0.91 0.07
   25 T     2  -1   0  -1  -1  -1  -1  -1  -2  -1  -2  -1  -1  -3  -1   2   4  -3  -2  -1   28   0   0   0   0   0   0   0   0   0   0   0   0   0   0  20  53   0   0   0  0.40 0.04
   26 V    -1  -3  -4  -4  -1  -3  -3  -4  -4   4   2  -3   1  -1  -3  -2  -1  -3  -2   4    0   0   0   0   0   0   0   0   0  50   8   0   0   0   0   0   0   0   0  43  0.43 0.04
   27 N    -2  -1   7   1  -3   0  -1  -1   0  -4  -4  -1  -3  -4  -3   0   0  -4  -3  -4    0   0 100   0   0   0   0   0   0   0   0   0   0   0   0   0   0   0   0   0  1.00 0.08
   28 G     0  -3  -1  -2  -3  -2  -3   6  -3  -4  -4  -2  -3  -4  -3  -1  -2  -3  -4  -4    0   0   0   0   0   0   0 100   0   0   0   0   0   0   0   0   0   0   0   0  1.22 0.07
   29 Y    -2  -2  -3  -4  -3  -2  -3  -4   1  -1  -1  -3  -1   5  -4  -2  -2   2   7  -2    0   0   0   0   0   0   0   0   0   0   0   0   0  26   0   0   0   0  74   0  0.99 0.07
   30 V     1  -2  -2  -3  -1  -2  -2  -3  -3   2   1  -2   0   1  -2  -1   1  -2  -1   3   13   0   0   0   0   0   0   0   0   0   8   0   0   8   0   0  15   0   0  56  0.22 0.03
   31 N    -2  -2   5   0  -3  -1  -2  -2   0  -2  -2  -2  -1   4  -3  -1  -1  -1   2  -2    0   0  53   0   0   0   0   0   0   0   0   0   0  39   0   0   0   0   8   0  0.50 0.05
   32 G     0   2  -1  -2  -3  -1  -2   5  -2  -4  -4   1  -3  -4  -2  -1  -2  -3  -3  -3    0  22   0   0   0   0   0  71   0   0   0   6   0   0   0   0   0   0   0   0  0.76 0.05
   33 T     0  -1   3   0  -2   0  -1  -1  -1  -2  -3  -1  -2  -3  -2   3   3  -3  -2  -2    0   0  28   0   0   0   0   0   0   0   0   0   0   0   0  42  30   0   0   0  0.43 0.04
   34 M    -2  -2  -4  -4  -2  -2  -3  -4  -3   1   4  -3   4   2  -3  -3  -1  -2  -1   0    0   0   0   0   0   0   0   0   0   0  70   0  22   8   0   0   0   0   0   0  0.46 0.04
   35 P    -1  -3  -3  -2  -3  -2  -2  -3  -3  -3  -4  -2  -3  -4   8  -1  -2  -4  -4  -3    0   0   0   0   0   0   0   0   0   0   0   0   0   0 100   0   0   0   0   0  2.23 0.09
   36 D    -1  -2   0   4  -3  -1   2   4  -2  -4  -4  -1  -3  -4  -2   0  -2  -3  -3  -3    0   0   0  30   0   0  19  50   0   0   0   0   0   0   0   0   0   0   0   0  0.63 0.04
   37 I    -2  -3  -4  -4  -2  -3  -3  -4  -3   3   4  -3   1   0   1  -3  -1  -2  -2   2    0   0   0   0   0   0   0   0   0  22  62   0   0   0   8   0   0   0   0   8  0.39 0.03
   38 T     0  -1   1   2  -2   1   0  -2  -1   1  -1  -1  -1  -2  -2   2   3  -3  -2   0    0   0   6  16   0   8   0   0   0  17   0   0   0   0   0  26  28   0   0   0  0.21 0.03
   39 V     0  -2  -2  -3  -2  -1  -2   1  -2   1   1  -2   5  -1  -3  -1  -1  -2  -2   2    8   0   0   0   0   0   0  17   0   0   0   0  47   0   0   0   0   0   0  28  0.26 0.05
   40 C    -1  -4  -3  -4  10  -4  -4  -3  -4  -2  -2  -4  -2  -3  -4  -1  -1  -3  -3  -1    0   0   0   0 100   0   0   0   0   0   0   0   0   0   0   0   0   0   0   0  1.71 0.10
   41 A     3  -2  -1  -2  -1  -1  -1  -1   4  -1  -2  -1  -1  -1  -2   0  -1  -2   2   0   62   0   0   0   0   0   0   0  22   0   0   0   0   0   0   0   0   0   8   8  0.32 0.04
   42 H     0   2   0  -1  -3   2   2   1   4  -3  -3   1  -2  -1  -2  -1  -1  -2   2  -3    5  11   0   0   0  12  15  16  17   0   0  11   0   0   0   0   0   0  13   0  0.26 0.02
   43 D    -2   1   1   5  -4   0   2  -2  -1  -3  -4   3  -3  -4  -2  -1  -1  -4  -3  -3    0   5   0  58   0   0   8   0   0   0   0  28   0   0   0   0   0   0   0   0  0.64 0.05
   44 H    -1   3   0  -1  -2   0   0  -2   6  -3  -3   0  -2  -2  -2   3   0  -3   0  -3    0  26   0   0   0   0   0   0  36   0   0   0   0   0   0  38   0   0   0   0  0.47 0.05
   45 I    -1  -3  -3  -4  -1  -3  -3  -4  -4   3   1  -3   1  -1  -3  -2   0  -3  -2   4    0   0   0   0   0   0   0   0   0  24   0   0   0   0   0   0   0   0   0  76  0.47 0.05
   46 S     1   0  -1  -1  -2   0   0  -1   0  -2  -2   2  -2   0  -2   3   0  -1   3  -2   12   0   0   0   0   0   0   0   0   0   0  28   0   0   0  38   0   0  22   0  0.27 0.04
   47 W    -3  -4  -5  -5  -3  -3  -4  -3  -3  -3  -2  -4  -2   0  -5  -4  -3  12   2  -4    0   0   0   0   0   0   0   0   0   0   0   0   0   0   0   0   0 100   0   0  2.84 0.12
   48 H    -2  -1   0  -2  -4   0  -1  -3   8  -3  -3  -1  -2   0  -3  -2  -2  -1   4  -3    0   0   0   0   0   0   0   0  80   0   0   0   0   0   0   0   0   0  20   0  1.05 0.08
   49 L    -1  -3  -4  -4  -1  -3  -3  -4  -3   2   4  -3   2   0  -3  -3  -1  -2  -1   2    0   0   0   0   0   0   0   0   0   0  78   0   0   0   0   0   0   0   0  22  0.47 0.04
   50 I    -1  -3  -3  -4  -2  -3  -3  -3  -3   3   1  -3   0   4  -3  -2  -1  -1   1   1    8   0   0   0   0   0   0   0   0  47   5   0   0  39   0   0   0   0   0   0  0.37 0.04
   51 G     0  -3  -1  -2  -3  -2  -3   6  -3  -4  -4  -2  -3  -4  -3  -1  -2  -3  -4  -4    0   0   0   0   0   0   0 100   0   0   0   0   0   0   0   0   0   0   0   0  1.22 0.07
   52 M    -2  -2  -3  -4  -2  -1  -3  -3  -2   2   2  -2   8   0  -3  -2  -1  -2  -2   0    0   0   0   0   0   0   0   0   0   8   0   0  92   0   0   0   0   0   0   0  0.69 0.09
   53 S     0  -2   0  -1  -2  -2  -2   5  -2  -4  -4  -1  -3  -3  -2   2  -1  -3  -3  -3    0   0   0   0   0   0   0  70   0   0   0   0   0   0   0  30   0   0   0   0  0.78 0.05
   54 S     0  -1   5   0  -2   0  -1  -1   0  -3  -3  -1  -2  -3  -2   3   2  -4  -2  -2    0   0  47   0   0   0   0   0   0   0   0   0   0   0   0  30  22   0   0   0  0.48 0.05
   55 G     0  -1   0   0  -3   1   4   2  -1  -3  -3   0  -2  -3  -2   1   1  -3  -2  -2    0   0   0   0   0   0  47  22   0   0   0   0   0   0   0  14  17   0   0   0  0.40 0.04
   56 P    -1  -3  -3  -3  -2  -2  -2  -3  -3   2  -1  -2  -1  -2   6  -2  -1  -4  -2   2    0   0   0   0   0   0   0   0   0  24   0   0   0   0  53   0   0   0   0  23  0.90 0.05
   57 E    -2  -1   0   5  -4   1   4  -2  -1  -4  -4   0  -3  -4  -2  -1  -1  -4  -3  -3    0   0   0  47   0   0  53   0   0   0   0   0   0   0   0   0   0   0   0   0  0.80 0.05
   58 L    -1  -3  -4  -4  -1  -3  -3  -4  -4   3   2  -3   1  -1  -3  -2  -1  -3  -1   4    0   0   0   0   0   0   0   0   0  29  22   0   0   0   0   0   0   0   0  48  0.39 0.03
   59 F    -3  -1  -1  -2  -4  -1  -1  -3   8  -3  -2  -2  -2   4  -3  -2  -3  -2   2  -3    0   0   0   0   0   0   0   0  73   0   0   0   0  27   0   0   0   0   0   0  1.03 0.12
   60 S     1  -1   0  -1  -1  -1  -1  -1  -2  -2  -3  -1  -2  -3   2   4   2  -3  -2  -2    9   0   0   0   0   0   0   0   0   0   0   0   0   0  11  63  17   0   0   0  0.49 0.07
   61 I     2  -3  -3  -3  -1  -2  -1  -2  -3   4   0  -2   0  -1  -2  -1  -1  -3  -2   2   31   0   0   0   0   0   6   0   0  57   0   0   0   0   0   0   0   0   0   7  0.28 0.06
   62 H    -2  -2  -2  -3  -3  -2  -2  -3   6  -1   0  -2  -1   5  -4  -2  -2   0   4  -2    0   0   0   0   0   0   0   0  38   0   6   0   0  44   0   0   0   0  12   0  0.69 0.09
   63 F    -3  -3  -4  -4  -3  -3  -4  -4  -2   0   2  -4   0   6  -4  -3  -2   0   2  -1    0   0   0   0   0   0   0   0   0   0  31   0   0  69   0   0   0   0   0   0  0.76 0.09
   64 N    -2  -1   3   0  -4   0   3  -2   7  -4  -4  -1  -2  -2  -2   0  -1  -3   1  -3    0   0  20   0   0   0  29   0  41   0   0   0   0   0   0   4   0   0   5   0  0.64 0.10
   65 G     0  -3  -1  -2  -3  -2  -3   6  -3  -4  -4  -2  -3  -4  -3   1  -2  -3  -4  -4    0   0   0   0   0   0   0  89   0   0   0   0   0   0   0  11   0   0   0   0  1.16 0.12
   66 Q    -2   0   1  -1  -4   6   1  -3   7  -4  -3   0  -2  -3  -2  -1  -2  -3   0  -3    0   0   5   0   0  56   0   0  38   0   0   0   0   0   0   0   0   0   0   0  0.87 0.13
   67 V     1  -2  -1  -2  -1  -1  -2  -2  -2   0  -1  -1   1  -2  -2   1   4  -3  -2   2   13   0   0   0   0   0   0   0   0   0   0   0   5   0   0   6  55   0   0  22  0.36 0.08
   68 L    -2  -3  -4  -4  -2  -3  -4  -4  -2   0   3  -3   1   5  -4  -3  -2   0   3   0    0   0   0   0   0   0   0   0   0   0  51   0   0  38   0   0   0   0  11   0  0.57 0.08
   69 E    -1  -1  -1  -1  -2   1   2  -3  -1   0   0  -1  -1   0  -2   0   2  -2   2  -1    0   0   0   0   0   9  24   0   0   5  13   0   0   5   0   5  27   0  11   0  0.18 0.05
   70 Q     0  -1   0   1  -2   3   0  -2  -1   1  -1  -1  -1  -2  -2   2   1  -3  -2   1    0   0   4  11   0  24   0   0   0  11   0   0   0   0   0  27   5   0   0  18  0.18 0.06
   71 N    -2   4   4   1  -4   0   0  -2  -1  -4  -3   2  -2  -4   2  -1  -1  -4  -3  -3    0  38  35   6   0   0   0   0   0   0   0  12   0   0   9   0   0   0   0   0  0.55 0.08
   72 H    -1  -1   4  -1  -3   0  -1   3   5  -4  -4  -1  -3  -3   2  -1  -1  -3  -1  -4    0   0  29   0   0   5   0  31  24   0   0   0   0   0  11   0   0   0   0   0  0.55 0.08
   73 H     0  -1  -1  -2  -3  -1  -1  -3   8  -3  -2  -2   2   0  -3  -2  -2  -1   4  -2    9   0   0   0   0   0   0   0  58   0   0   0  11   0   0   0   0   0  22   0  0.81 0.12
   74 K    -2   6  -1  -2  -4   1   0  -3   3  -4  -3   3  -2  -3  -2  -1  -2  -3  -2  -3    0  62   0   0   0   4   0   0   9   0   0  24   0   0   0   0   0   0   0   0  0.75 0.10
   75 I    -1   2  -1  -2  -2   2   0  -3  -2   1  -1   2   0  -2  -2   0   2  -3  -2   2    0  11   0   0   0  18   0   0   0   9   0  15   0   0   0   0  24   0   0  23  0.20 0.05
   76 S     1  -2   0   5  -3  -1   0  -1  -2  -3  -4  -1  -3  -4  -2   2  -1  -4  -3  -3   18   0   0  57   0   0   0   0   0   0   0   0   0   0   0  24   0   0   0   0  0.63 0.09
   77 A     1  -2  -1  -2  -1  -1  -2  -2  -2   1  -1  -1  -1  -2  -2   2   3  -3  -2   2   14   0   0   0   0   0   0   0   0   8   0   0   0   0   0  18  39   0   0  21  0.28 0.06
   78 I     1  -3  -3  -3  -1  -3  -3  -3  -3   3   2  -3   1  -1  -3  -2  -1  -3  -2   3   16   0   0   0   0   0   0   0   0  36  18   0   0   0   0   0   0   0   0  31  0.32 0.06
   79 T    -1  -1   4   0  -3   0   3  -2   2   0  -2   0  -2  -3  -2   1   2  -4  -2  -1    0   0  32   0   0   0  29   0   5   9   0   0   0   0   0   6  19   0   0   0  0.34 0.07
   80 L    -2  -3  -4  -4  -2  -3  -4  -4  -4   4   4  -3   1   0  -3  -3  -1  -3  -2   2    0   0   0   0   0   0   0   0   0  39  52   0   0   0   0   0   0   0   0   9  0.50 0.07
   81 V    -1  -2  -2  -2  -2  -2   0  -3  -2   0   1  -2   0   4  -3   1  -1  -1   1   2    0   0   0   0   0   0  11   0   0   0  15   0   0  32   0  18   0   0   0  24  0.20 0.06
   82 S    -1  -3  -2  -2  -3  -2  -2   0  -3  -4  -4  -2  -3  -4   7   1  -1  -4  -4  -3    0   0   0   0   0   0   0   6   0   0   0   0   0   0  76  19   0   0   0   0  1.59 0.13
   83 A     3  -2  -2  -2  -1  -1  -2   2  -2   1  -1   0  -1  -2  -2   0  -1  -3  -2   0   56   0   0   0   0   0   0  17   0  13   5   9   0   0   0   0   0   0   0   0  0.28 0.07
   84 T     0  -1  -1  -2  -2   1  -1  -2  -2  -2  -2  -1  -1  -3  -2   2   5  -3  -2  -1    6   0   0   0   0   9   0   0   0   0   0   0   0   0   0  11  74   0   0   0  0.58 0.11
   85 S    -1  -2  -2  -3  -2  -2  -2  -3  -2  -1   1   0   0   5  -3   1  -1  -1   1  -1    0   0   0   0   0   0   0   0   0   0  16   9   0  50   0  24   0   0   0   0  0.37 0.08
   86 T    -1  -3  -3  -3  -2  -2  -3  -3  -3   2   2  -2   2   1  -3  -1   2  -2  -1   2    0   0   0   0   0   0   0   0   0  19  23   0   9   8   0   0  19   0   0  22  0.25 0.05
   87 T    -1   1   0   2  -2  -1  -1  -2  -2  -1  -2  -1  -1  -3  -2   0   5  -3  -2   1    0   9   0  16   0   0   0   0   0   0   0   0   0   0   0   0  64   0   0  11  0.43 0.10
   88 A     5  -2  -2  -3  -1  -2  -2  -1  -2   1  -1  -2  -1  -2  -2   0   0  -3  -2   0   79   0   0   0   0   0   0   0   0  11   0   0   0   0   0   0   5   0   0   4  0.46 0.10
   89 N    -1   1   3   0  -3   2   2  -2   0  -2  -2   0  -1   0  -2   1  -1  -2   1  -1    0  11  24   0   0  18  16   0   0   0   0   0   0   4   0  10   0   0   8   9  0.24 0.05
   90 M    -2  -2  -3  -3  -2  -1  -3  -3  -2   0   2  -2   7   2  -3  -2   2  -2  -1   0    0   0   0   0   0   0   0   0   0   0   9   0  62  11   0   0  18   0   0   0  0.53 0.12
   91 T    -1  -2  -2  -3  -1  -2  -2  -3  -3   2   1  -1   0   1  -2   0   2  -2  -1   3    0   0   0   0   0   0   0   0   0  16   9   6   0   9   0   6  19   0   0  36  0.19 0.05
   92 V     3  -2  -3  -3  -1  -2  -2  -2  -3   0   1  -2   1  -2   2   0  -1  -3  -2   2   47   0   0   0   0   0   0   0   0   0  18   0   5   0  10   0   0   0   0  19  0.26 0.06
   93 S    -1  -1   0   2  -3   3   1  -1  -1  -1  -1  -1   2  -2  -2   1  -1   3  -2  -1    0   0   0  20   0  21   5   4   0   5   6   0  13   0   0  20   0   5   0   0  0.21 0.06
   94 P    -2   0   5   3  -4   0   1  -2  -1  -4  -4   0  -3  -4   3   0  -1  -4  -3  -3    0   6  47  18   0   0   5   0   0   0   0   5   0   0  19   0   0   0   0   0  0.64 0.08
   95 E    -1  -2  -2  -1  -3  -1   2  -3  -2  -2   0  -1  -1  -3   6   0   0  -4  -3  -2    0   0   0   0   0   0  19   0   0   0  18   0   0   0  52   5   6   0   0   0  0.90 0.09
   96 G     0  -3  -1  -2  -3  -3  -3   7  -3  -5  -5  -2  -4  -4  -3  -1  -2  -3  -4  -4    0   0   0   0   0   0   0 100   0   0   0   0   0   0   0   0   0   0   0   0  1.38 0.13
   97 R     0   2  -1  -1  -2   3   1  -2  -1  -1  -2   3  -1  -3  -2   0   1  -3  -2   1   11  10   0   0   0  22   4   0   0   0   0  26   0   0   0   0  10   0   0  18  0.23 0.05
   98 W    -4  -4  -5  -5  -3  -3  -4  -4  -3  -3  -2  -4  -2   4  -5  -4  -3  11   2  -3    0   0   0   0   0   0   0   0   0   0   0   0   0  18   0   0   0  82   0   0  2.53 0.20
   99 T    -1  -2  -3  -4  -2  -2  -3  -4  -3   2   3  -2   4  -1   0  -2   0  -2  -2   2    0   0   0   0   0   0   0   0   0  10  34   0  27   0   4   0   5   0   0  20  0.34 0.06
  100 I    -2  -3  -4  -4  -2  -3  -4  -4  -3   4   3  -3   3   0  -3  -3  -1  -3  -2   2    0   0   0   0   0   0   0   0   0  46  40   0   9   0   0   0   0   0   0   5  0.47 0.07
  101 A     0  -1   1  -1  -2  -1  -1  -1   4  -2  -2  -1  -2   2  -2   3   1  -2   0  -2    5   0   6   0   0   0   0   0  20   0   0   0   0  18   0  46   5   0   0   0  0.34 0.08
  102 S    -1  -3  -2  -3   9  -3  -3  -3  -3  -2  -2  -3  -2  -3  -3   2  -1  -3  -3  -2    0   0   0   0  76   0   0   0   0   0   0   0   0   0   0  24   0   0   0   0  1.37 0.15
  103 L    -2  -1  -1  -2  -3   3   0  -3   6  -1   2  -1   0  -1  -3  -2  -2  -3   0  -1    0   0   0   0   0  27   0   0  38   0  30   0   0   0   0   0   0   0   0   5  0.45 0.09
  104 I    -1  -2   3  -2  -2  -2  -2  -3  -2   4   0  -2   0  -1  -3  -1   0  -4  -2   3    0   0  25   0   0   0   0   0   0  43   0   0   0   0   0   0   4   0   0  27  0.31 0.08
  105 P     0  -1   3   0  -2  -1   1  -2  -1  -2   0  -1  -1  -3   4   1   0  -3  -2  -2    6   0  25   0   0   0  11   0   0   0  16   0   0   0  23  19   0   0   0   0  0.37 0.06
  106 R    -1   1   2   1  -3   0   0  -2  -1  -3  -3   2  -2  -1  -2   2   0   5   2  -3    0   5  16  11   0   0   0   0   0   0   0  20   0   0   0  28   0  11   9   0  0.33 0.06
  107 H    -3  -1   0  -2  -4   0  -1  -3  10  -4  -4  -2  -3  -2  -3  -2  -3  -3   1  -4    0   0   0   0   0   0   0   0 100   0   0   0   0   0   0   0   0   0   0   0  1.69 0.19
  108 F    -2  -1  -2  -3  -2   2  -1  -3   1   0   2   0   2   3  -3  -2  -2  -1   2  -1    0   0   0   0   0  18   0   0   5   0  37   5  11  14   0   0   0   0  11   0  0.24 0.06
  109 Q    -1   1   1  -1  -3   4   2  -2   4  -2  -2   2  -1  -3  -2  -1  -1  -3  -1  -1    0   5   6   0   0  30  11   0  18   0   0  21   0   0   0   0   0   0   0   9  0.38 0.07
  110 A     4  -2  -1   2  -1  -1  -1   1  -2  -2  -3  -1  -2  -3  -1   2   0  -3  -3  -1   61   0   0  18   0   0   0   5   0   0   0   0   0   0   0  16   0   0   0   0  0.41 0.08
  111 G     0  -3  -1  -2  -3  -3  -3   7  -3  -5  -5  -2  -4  -4  -3  -1  -2  -3  -4  -4    0   0   0   0   0   0   0 100   0   0   0   0   0   0   0   0   0   0   0   0  1.38 0.13
  112 M    -2  -2  -3  -4  -2  -2  -3  -4  -3   1   3  -2   7  -1  -4  -3  -2  -2  -2   0    0   0   0   0   0   0   0   0   0   0  27   0  73   0   0   0   0   0   0   0  0.79 0.14
  113 Q    -2   0  -1  -1  -3   5   3  -3   0  -2   0   0  -1  -1  -2  -1  -1  -2   2  -2    0   0   0   0   0  49  26   0   0   0  13   0   0   0   0   0   0   0  13   0  0.47 0.08
  114 A     5  -2  -2  -2  -1  -1  -1   1  -2  -2  -2  -1  -2  -3  -1   1   1  -3  -2  -1   85   0   0   0   0   0   0   7   0   0   0   0   0   0   0   0   8   0   0   0  0.53 0.09
  115 Y    -2  -2  -2  -3  -3  -2  -3  -3   2  -1   1  -2   0   4  -3  -2   1   1   6  -1    0   0   0   0   0   0   0   0   6   0  13   0   0  25   0   0  13   0  43   0  0.54 0.07
  116 I    -2  -3  -4  -4  -2  -3  -3  -4  -2   2   1  -3   0   5  -4  -3  -2   0   2   2    0   0   0   0   0   0   0   0   0  20   7   0   0  45   0   0   0   0   6  21  0.46 0.06

                      K         Lambda
Standard Ungapped    0.1291     0.3199
Standard Gapped      0.0439     0.2670
PSI Ungapped         0.1435     0.3182
PSI Gapped           0.0439     0.2670
