
Last position-specific scoring matrix computed, weighted observed percentages rounded down, information per position, and relative weight of gapless real matches to pseudocounts
           A  R  N  D  C  Q  E  G  H  I  L  K  M  F  P  S  T  W  Y  V   A   R   N   D   C   Q   E   G   H   I   L   K   M   F   P   S   T   W   Y   V
    1 L   -4 -5 -6 -6 -4 -4 -5 -6 -5  4  1 -5  9  0 -6 -5 -4 -5 -4  0    0   0   0   0   0   0   0   0   0  28  10   0  55   3   0   0   0   0   0   4  1.66 0.60
    2 Q   -2  2  1 -1 -1  3  2 -3  0 -1  0  2 -2 -2 -3  0  0  3 -2 -2    0  11   9   1   2  20  11   0   2   3   9  14   0   2   0   7   5   4   0   2  0.30 0.22
    3 L   -2 -5 -6 -6 -4 -5 -6 -6 -6  5  4 -5 -1 -3 -5 -5 -3 -5 -4  4    2   0   0   0   0   0   0   0   0  29  38   0   0   0   0   0   0   0   0  31  1.11 0.47
    4 F   -2  2 -1 -2 -4  0 -3 -4  0  0 -1  2 -2  4 -4 -2  4 -3 -1  0    1  11   3   2   0   3   0   0   2   6   5  13   0  18   0   1  29   0   1   6  0.41 0.30
    5 I   -4 -6 -6 -6 -4 -5 -6 -6 -6  3  2 -5 -2  1 -6 -5 -3 -5 -4  6    0   0   0   0   0   0   0   0   0  17  15   0   0   5   0   0   0   0   0  63  1.34 0.56
    6 K   -3  4 -1 -2 -5  0 -1 -4 -1 -2 -3  6 -1 -5 -4 -1 -2 -5 -4 -3    0  23   3   1   0   3   3   0   1   2   3  51   1   0   0   3   2   0   0   2  0.99 0.48
    7 T    0 -3  2  0 -1 -3 -3 -1 -3 -2  0 -2  1  2 -3  1  4 -4 -1 -1    7   0   9   6   1   0   0   4   0   1   8   1   3  10   1  11  34   0   2   2  0.37 0.31
    8 L   -1 -1 -1 -2 -3 -1  0 -2 -3  1  3 -3  2  0  2  0 -1 -4 -3 -1    3   2   4   2   0   3   6   2   0   6  38   0   5   3  12  10   2   0   0   2  0.31 0.25
    9 T   -2 -2  3  3 -4  1  0  0  0 -4 -2  1 -3 -4 -2  0  3 -5 -4 -4    1   0  18  20   0   6   4   7   2   0   4   9   0   0   1   7  19   0   0   0  0.45 0.30
   10 G   -2 -4 -1  2 -5  1  1  6 -4 -6 -6 -1 -5 -6 -5  0 -4 -1 -5 -6    1   0   2  14   0   6   7  57   0   0   0   3   0   0   0   7   0   1   0   0  1.12 0.51
   11 K   -2  2  1 -3  0  3  0 -2 -2 -2 -4  4 -3 -5 -2  1  2 -5 -3 -2    1  12   8   0   2  15   6   2   1   3   0  27   0   0   1  10  13   0   1   2  0.50 0.35
   12 T   -2  1 -1  1  0  0  3 -1  0 -1 -2  1 -1 -1 -3  0  2 -4 -3 -1    0   6   2   7   3   3  24   4   2   3   2   9   1   3   0   8  17   0   0   5  0.27 0.24
   13 F   -2  1 -2 -3  1 -1 -1 -3  2  2  0 -1  0  3 -4 -1 -2 -1  2  0    3   8   1   0   4   2   4   1   7  17  10   5   2  16   0   4   1   1   7   7  0.21 0.18
   14 T   -1  1  0  1 -3  0  1 -2  1 -2 -1  0 -2 -2  2  1  2 -1 -2  0    4   8   3   9   0   2  10   2   3   1   7   4   0   2  10  14  15   1   1   7  0.17 0.16
   15 V   -1 -5 -5 -5 -4 -4 -5 -5 -4  3  3 -3  1  4 -5 -4 -1 -3  1  3    5   0   0   0   0   0   0   0   0  15  33   1   2  16   0   0   3   0   4  20  0.68 0.36
   16 E    0  1  1  2 -4  2  3 -3  1 -3 -2  1  0 -4 -3  0  2 -4 -1 -1    6   8   7   9   0   8  21   0   3   1   3   8   2   0   0   5  14   0   2   3  0.30 0.23
   17 M    0 -5 -6 -6  2 -5 -5 -6 -6  3  1 -5 -1 -1 -5 -4 -2 -5 -4  6    9   0   0   0   5   0   0   0   0  15  12   0   1   2   0   0   2   0   0  55  1.06 0.51
   18 E   -1  2  1  2 -2  0  1  0 -1 -4 -2  0 -1 -2  1  2  0 -1 -2 -3    4  11   7  11   1   3  10   5   1   0   4   5   1   2   8  20   3   1   1   1  0.22 0.19
   19 P    1  0 -2 -1 -4 -2  1  0 -3 -2  0 -1  0 -3  5 -1 -1 -5 -2 -3   11   7   1   4   0   0  11   8   0   1  13   3   3   1  31   4   2   0   1   1  0.50 0.31
   20 S   -1 -3  2  3 -4  1  2 -1 -1 -4 -2 -1 -3 -2 -2  2  1 -4 -1 -3    3   0   9  21   0   8  13   4   1   0   5   2   0   2   1  19  10   0   2   1  0.39 0.28
   21 D   -1 -3 -1  5 -1  1  2 -4 -3 -2 -3 -2  3  0 -4  0  1  2 -4 -4    4   0   1  35   1   6  15   0   0   3   1   1   8   4   0   8   8   3   0   0  0.59 0.38
   22 T   -2 -3 -1 -3 -4 -2 -1 -4 -1 -4 -3  0 -4 -3 -3  2  6 -5 -3 -4    1   1   3   1   0   1   4   0   2   0   2   7   0   1   1  18  58   0   1   0  1.08 0.59
   23 I   -3 -6 -6 -6 -4 -5 -6 -4 -6  4  1 -5  0 -4 -2 -5 -3 -6 -4  6    1   0   0   0   0   0   0   2   0  26   9   0   1   0   2   0   0   0   0  58  1.31 0.58
   24 E    1  0 -2 -1 -3  1  2  1  0 -2  0  1  0 -1 -3  1 -2 -3  0 -2   15   5   0   2   0   8  16  12   2   1  12   8   3   3   0  10   0   0   4   1  0.16 0.19
   25 N   -1 -1  1  3 -4  3  2 -2  1 -3 -2  1 -1 -3 -3  1  0 -4  0 -2    3   2   5  15   0  13  15   2   3   0   4   7   2   1   0  14   7   0   4   3  0.29 0.23
   26 L   -4 -5 -6 -6 -4 -5 -6 -6 -5  2  5 -5  1  4 -6 -3 -3 -4 -3  2    0   0   0   0   0   0   0   0   0  11  53   0   3  17   0   1   1   0   0  13  1.05 0.49
   27 K   -3  2 -4 -5 -7 -1 -3 -6 -1 -3 -6  8 -5 -7 -5 -4 -5  0 -6 -6    2   8   0   0   0   1   0   0   1   2   0  84   0   0   0   0   0   2   0   0  2.04 0.85
   28 A    1  2 -1  0 -4  2  3 -2  0 -2 -2  2 -3 -4 -3  0 -1 -4 -3 -2   15  14   3   3   0  12  22   2   2   2   4  11   0   0   0   6   2   0   0   3  0.35 0.26
   29 K   -1  2 -1 -3 -4  2 -1 -3  2 -1  1  3  2 -2 -3  0 -1 -4 -1 -1    2  13   2   0   0  11   3   0   6   4  16  20   6   2   0   6   2   0   2   4  0.27 0.23
   30 I   -2 -5 -5 -6  2 -5 -5 -3 -5  6  2 -5 -2 -2 -5 -4 -3 -4  2  3    3   0   0   0   4   0   0   2   0  46  19   0   0   0   0   0   0   0   7  18  0.95 0.45
   31 Q    1  0 -1 -1 -2  3  3 -3  1 -4 -3  0 -1  0 -3  2 -2  1  0 -3   13   5   2   3   1  12  24   0   4   0   1   4   2   5   0  18   0   2   3   0  0.39 0.30
   32 D    1  1 -1  1 -3  1  2 -1  1 -2 -1  0 -2 -3  1  1  0  0 -3 -2   14   7   2   9   0   8  13   4   4   2   5   4   0   1   6  12   6   1   0   1  0.16 0.15
   33 K    0  1 -1  0 -2  1  2 -1  0 -1  0  2  0 -1 -3  0 -1 -3  0  0    8   9   1   4   1   6  15   4   2   3  13  13   2   2   0   5   2   0   4   7  0.10 0.12
   34 E   -2 -2 -1 -3 -2  2  2 -2 -1  0  0 -1  0  3 -4  0  3 -3  0 -1    1   1   3   0   1  10  16   2   1   4  11   3   2  14   0   5  22   0   2   3  0.27 0.26
   35 G   -1 -1  2  1 -5  0 -1  5  1 -5 -5  1 -4 -5 -2  1 -2 -5 -4 -5    3   3  11   6   0   4   4  46   3   0   0   8   0   0   1   8   2   0   0   0  0.74 0.38
   36 I   -2 -3 -4 -5  1 -3 -4 -3 -1  4  1 -4  0  2 -1 -2 -1 -4  0  4    2   1   0   0   3   1   0   2   1  27   8   0   2  11   3   3   4   0   3  29  0.53 0.31
   37 P    0  1 -3 -2  0  2  0 -5  0 -1 -2 -2 -4 -3  6 -2 -2 -6 -5 -2    7   7   1   2   2  10   7   0   3   4   4   1   0   1  45   2   1   0   0   3  0.95 0.49
   38 P    2 -4 -2 -2  0 -2 -1 -3 -4 -1 -2  0  0 -3  5 -1  0  0 -4  2   16   0   2   2   2   1   4   1   0   4   3   5   3   1  32   3   7   1   0  14  0.58 0.36
   39 D    0  0  2  1  0  1  4 -1 -1 -4 -4  0 -3 -1 -2  2 -2 -4 -3 -3    7   4   8   7   3   6  32   3   1   0   1   5   0   3   1  15   1   0   0   1  0.42 0.31
   40 Q   -1  1  0  2 -2  3  2 -2  0 -4 -1  2 -1 -1 -3  0 -1  1 -3 -2    5   9   4  10   1  19  14   2   2   0   5  12   1   3   0   7   2   2   0   2  0.30 0.25
   41 Q   -3 -3 -4 -2 -5  7 -2 -5 -4  2  0 -2  0 -1 -5 -2 -2  0 -4 -1    1   0   0   2   0  60   0   0   0  11  10   2   2   3   0   2   2   1   0   4  1.24 0.68
   42 R   -2  5 -1 -3 -5  1 -1 -3  2 -1 -2  3 -1 -4 -4 -1 -2  2 -4  1    1  35   2   1   0   4   2   1   6   3   2  20   1   0   0   3   2   3   0  13  0.64 0.41
   43 L   -4 -5 -7 -7 -4 -5 -6 -7 -6  2  6 -6  1  0 -2 -6 -4  4 -4  1    0   0   0   0   0   0   0   0   0   9  69   0   3   3   2   0   0   6   0   9  1.29 0.61
   44 I   -2 -3 -2 -4 -2 -1 -2 -5  0  4  2 -2  1  2 -4 -1  0  1  1  2    1   0   2   0   1   4   2   0   2  28  15   3   4  11   0   4   5   2   6  11  0.36 0.26
   45 F   -3 -2 -5 -6  2 -4 -5 -4  3  0 -1  0 -1  5 -6 -3 -4  1  6 -2    2   2   0   0   4   0   0   1   8   4   6   6   1  28   0   1   0   2  32   3  1.07 0.53
   46 A    1  0  2  1 -1  2  1  1 -2 -4 -4  2  1 -4 -2  1 -2  3 -3 -4   13   5  11   6   1  11   7   9   0   0   0  17   4   0   1   8   1   5   0   0  0.33 0.25
   47 G   -2 -5  0 -1 -6 -2 -1  7  0 -7 -7 -5 -6 -6 -5 -2 -3 -6 -1 -6    2   0   4   4   0   2   5  77   2   0   0   0   0   0   0   2   1   0   3   0  1.64 0.66
   48 K   -2  4 -1 -3 -2  3 -1 -2  0 -3 -3  5  1 -5 -4  0  0 -5 -4 -2    3  20   2   0   1  13   2   3   2   1   2  35   3   0   0   5   5   0   0   2  0.65 0.38
   49 Q   -1  0 -3 -3 -4  2  1 -4 -3  2  2 -1 -1 -1  2 -2 -2 -4 -3  2    5   6   0   0   0  10  12   0   0  11  19   2   0   3  12   2   0   0   0  19  0.31 0.26
   50 L   -2 -5 -6 -7 -4 -5 -6 -7 -6  1  6 -6  2 -1 -3 -5 -4 -5  0 -1    3   0   0   0   0   0   0   0   0   6  76   0   5   2   2   0   0   0   3   3  1.34 0.59
   51 E   -1  1  0  0 -5  2  3 -2  0 -4 -4  3 -1 -5 -3  0  1 -5 -4 -3    5   6   5   5   0  11  22   2   2   0   1  24   1   0   0   6   9   0   0   1  0.48 0.31
   52 D   -5 -2  3  8 -7 -4  0 -5 -5 -7 -7 -4 -7 -7 -5 -1 -5 -8 -7 -7    0   2  11  78   0   0   5   0   0   0   0   0   0   0   0   5   0   0   0   0  2.10 0.80
   53 G   -2 -2  2  5 -5  0  2  1  4 -5 -5  0 -4 -5 -2  0  0  2 -3 -5    3   1   9  32   0   3  11  12  10   0   0   4   0   0   1   5   5   3   0   0  0.62 0.34
   54 R   -1  0  0  0 -1  2 -1 -3  1  0  0  2  1  0 -3 -1  1  1  0 -1    3   5   3   6   2  10   2   1   5   7  10  19   4   4   0   4  10   2   2   3  0.11 0.14
   55 T   -2  1 -1 -1  2 -1 -3 -3 -1 -2 -3  1 -2 -3  0  2  5 -5 -3 -3    1   6   2   3   4   2   0   1   1   2   2   7   1   1   5  16  45   0   1   0  0.66 0.41
   56 L   -2 -5 -6 -6 -4 -5 -5 -6 -6  1  6 -3  2 -1 -2 -5 -4  1 -4  0    3   0   0   0   0   0   0   0   0   6  74   2   4   2   2   0   0   2   0   5  1.22 0.54
   57 S    2  0 -1 -1 -2  1  1  1 -1 -2 -3  2 -1 -2 -3  2  0 -4 -2 -3   19   5   2   3   1   7  10  11   1   2   1  12   2   2   0  18   3   0   1   1  0.25 0.21
   58 D   -1 -3 -1  5 -5  2  3 -4  1 -4 -5 -3 -2 -1 -4  2 -1 -5 -1 -4    5   0   2  36   0   9  19   0   3   1   0   0   1   3   0  14   3   0   3   1  0.74 0.42
   59 Y   -3 -2 -2 -6  3 -1 -5 -6  2  0  2 -2 -1  0 -6 -3 -2 -2  7  0    2   2   2   0   6   2   0   0   4   4  22   2   1   1   0   1   2   0  45   5  1.05 0.51
   60 N   -3 -2  3  0  1  0  0  4  0 -5 -5  2 -1 -5 -4  0 -2 -5 -5 -5    0   1  17   5   3   4   7  39   2   0   0  13   2   0   0   5   1   0   0   0  0.72 0.38
   61 I   -3 -5 -6 -6 -4 -2 -5 -6 -6  6  2 -5  2 -3 -5 -5 -3 -5 -4  4    1   0   0   0   0   3   0   0   0  47  19   0   4   0   0   0   0   0   0  25  1.15 0.49
   62 Q   -1  1 -1  0 -3  2  1  1  2 -2 -2  2 -1 -2 -1  0  1 -4 -2 -1    3   6   1   6   0  12   9  12   6   1   3  14   1   2   2   8   9   0   0   5  0.17 0.16
   63 K   -1 -1  1  5 -5  0  2 -2 -3 -5 -3  1 -4 -1  3  0 -3 -5 -4 -4    5   3   5  31   0   3  13   3   0   0   2   9   0   3  17   6   0   0   0   0  0.61 0.34
   64 E   -3 -2  3  1  1 -1  1  5 -4 -6 -2 -2 -5 -5 -5 -1 -4 -5 -3 -5    0   1  17   8   3   2   9  48   0   0   4   1   0   0   0   4   0   0   1   0  0.89 0.44
   65 S    1 -3  0  3  3 -1 -1 -1  2 -3 -2 -1  0 -1 -3  3  0 -4 -1 -2    9   0   3  17   7   2   2   3   6   1   2   3   3   4   0  29   4   0   2   2  0.34 0.27
   66 T   -2 -1 -1 -4 -3 -2 -3 -3 -1  1  0  1  2  0 -4  0  3 -4 -3  3    0   3   3   0   0   1   0   1   2   9   6  10   7   5   0   5  24   0   0  24  0.36 0.28
   67 L   -4 -5 -6 -6 -4 -5 -6 -6 -6  4  4 -5 -1  0 -6 -3 -3 -5 -4  4    0   0   0   0   0   0   0   0   0  28  44   0   0   3   0   1   0   0   0  24  1.09 0.48
   68 H   -2 -3  0 -3 -4  2  1 -4  7  0 -1 -1  3  1 -4 -2 -1 -4  0  0    3   0   3   0   0  10  11   0  30   5   5   2   9   6   0   2   4   0   2   6  0.60 0.36
   69 L   -4 -5 -6 -6 -1 -5 -5 -6 -5  1  5 -5  4 -1 -5 -5 -3 -5 -4  3    0   0   0   0   1   0   0   0   0   4  59   0  10   1   0   0   0   0   0  25  1.15 0.48
   70 V   -1 -4  1 -4 -3 -4 -4 -5 -4  3  1 -4  5 -3 -4 -2 -1 -5 -3  5    4   0   8   0   0   0   0   0   0  14  10   0  18   0   0   2   2   0   0  42  0.72 0.35
   71 L   -2 -4 -5 -5  3 -4 -4 -5 -4  3  4 -4  2 -1 -4 -4 -2 -4 -3  3    0   0   0   0   6   0   0   0   0  18  43   0   4   2   0   0   0   0   0  27  0.72 0.26

                      K         Lambda
Standard Ungapped    0.1348     0.3146
Standard Gapped      0.0520     0.2670
PSI Ungapped         0.1700     0.3194
PSI Gapped           0.0520     0.2670
