
Last position-specific scoring matrix computed, weighted observed percentages rounded down, information per position, and relative weight of gapless real matches to pseudocounts
            A   R   N   D   C   Q   E   G   H   I   L   K   M   F   P   S   T   W   Y   V   A   R   N   D   C   Q   E   G   H   I   L   K   M   F   P   S   T   W   Y   V
    1 P    -1  -3  -3  -2  -4  -2  -2  -3  -3  -4  -4  -2  -3  -4   8  -1  -2  -5  -4  -3    0   0   0   0   0   0   0   0   0   0   0   0   0   0 100   0   0   0   0   0  2.29 0.14
    2 Y    -2   1  -3  -4  -2  -2  -3  -4  -1   1   2  -2   0   3  -3  -2  -2   0   5   0    0  10   0   0   0   0   0   0   0  12  33   0   0  12   0   0   0   0  32   0  0.39 0.08
    3 S     2  -2   3   1  -2  -1  -1  -1  -2  -1  -2  -1  -2  -3   1   1   0  -4  -2   1   32   0  21   8   0   0   0   0   0   0   0   0   0   0   8  14   0   0   0  17  0.27 0.11
    4 F    -4  -1  -5  -5  -4  -4  -5  -5  -2  -2   1  -4   1   7  -5  -4  -4  -1   4  -2    0   4   0   0   0   0   0   0   0   0  12   0   4  64   0   0   0   0  16   0  1.27 0.37
    5 V     2   1  -2   0   4  -2  -2  -2  -3   0   0  -2  -1   1  -3   2  -1  -3  -2   1   25   9   0   5   9   0   0   0   0   4  10   0   0   9   0  20   0   0   0  10  0.22 0.19
    6 N     0  -2   4   2  -3  -2  -2  -2  -2  -4  -4   0  -3  -4  -3   4   0  -4   0  -4    6   0  26   9   0   0   0   0   0   0   0   6   0   0   0  47   2   0   3   0  0.72 0.35
    7 D    -3  -2   4   4  -4   2   3  -3  -2  -5  -5  -2  -1  -5  -3   1  -1  -5  -4  -4    0   0  27  28   0   8  21   0   0   0   0   0   2   0   0  11   2   0   0   0  0.78 0.34
    8 Y     0  -3   4   4  -3  -2  -2  -3   1  -2  -1  -2   0  -1  -3  -1   0  -3   2   0   10   0  26  25   0   0   0   0   3   0   8   0   2   3   0   0   7   0   7   9  0.39 0.26
    9 S     0  -4  -4  -2   0  -3  -3  -4   1  -1   0  -3  -2   3   0  -2   0   3   6  -1   10   0   0   3   2   0   0   0   3   2   9   0   0  12   5   2   5   3  41   4  0.67 0.32
   10 V     2  -3  -2  -3  -2  -2  -1  -3  -3  -1   2  -2   1   0  -3   2   2  -3   1   0   20   0   0   0   0   0   2   0   0   0  21   0   3   3   0  20  18   0   6   6  0.30 0.25
   11 G     4  -1  -3  -3  -3  -2  -1   4  -4  -4  -4  -2  -3  -2  -3  -1   0  -4  -4  -2   39   3   0   0   0   1   4  38   0   0   0   1   0   2   0   2   6   0   0   3  0.75 0.38
   12 M    -3  -4  -4  -5   0   0  -4  -5  -2   0   3  -2   8  -3   2  -3  -1  -4  -4   0    0   0   0   0   2   4   0   0   1   4  24   2  41   0  11   1   3   0   0   5  0.96 0.48
   13 H     0  -2  -2   0   2  -2  -3  -1   6   0   2  -1   1  -2  -4   1   0  -4   1  -2    6   1   0   7   5   0   0   4  21   4  21   4   5   0   0  10   7   0   5   0  0.33 0.28
   14 P    -2  -2  -5   0  -6  -4  -1  -4  -2  -2  -4  -2  -5  -6   8   0  -4   0  -1  -3    2   2   0   5   0   0   5   1   1   2   2   2   0   0  66   7   0   2   2   2  1.65 0.67
   15 K    -1   0  -3   0  -4   1   3  -2   0  -2  -1   2  -3   2  -3  -2  -2  -3   4  -2    6   5   0   5   0   5  22   2   2   1   5  14   0  11   1   0   1   0  15   3  0.35 0.28
   16 I     2  -4  -4  -4  -3  -1  -4  -3  -4   2   2  -3   3   2  -4  -1  -2  -3   0   2   20   0   0   0   0   3   0   1   0  11  19   0  10  11   0   4   0   0   3  18  0.40 0.28
   17 L    -1   0  -2  -4  -2  -3  -3  -4  -4   2   1  -1   2  -1  -2  -1   3   3   1   2    4   5   1   0   0   0   0   0   0  14  12   3   6   1   2   3  21   5   4  18  0.33 0.26
   18 D     1   0   1   3  -2   0   4  -1  -1  -4  -4  -1  -3  -5  -3   0   0  -5  -4  -3   13   6   8  20   1   4  28   4   1   0   1   2   0   0   0   5   5   0   0   1  0.49 0.33
   19 L     3  -1  -1  -2  -3   0  -1   0   0   0   0   1   1   0  -1  -1  -1  -3   1   0   32   2   2   1   0   3   2   8   2   5   7   8   5   3   3   2   2   0   6   5  0.17 0.21
   20 M    -2  -1  -6  -7  -2  -5  -6  -6  -4  -1  -2  -5   4   6  -6  -4  -3   5   6  -1    3   4   0   0   1   0   0   0   0   3   2   0  11  37   0   1   1   9  25   5  1.36 0.62
   21 A     2  -3  -3  -4  -4  -1  -3   5  -4   1   1  -2   3  -1  -4  -2  -2  -4  -2  -2   15   1   0   0   0   3   1  40   0   8  12   2   7   3   0   2   2   0   1   2  0.56 0.36
   22 R     1   0   5   0  -5   1   3  -4   1  -2  -5  -1  -2  -5  -4  -1  -2  -1  -1  -3   13   4  34   3   0   6  21   0   3   2   0   3   1   0   0   4   2   1   2   1  0.68 0.43
   23 D     2  -2  -2  -2  -2  -2  -2   1  -4  -3  -3  -3  -3  -4   5   0   2  -4  -1   0   16   1   2   2   1   1   2  12   0   0   2   0   0   0  27   6  16   0   2   7  0.56 0.35
   24 N     2  -2   5  -3  -4  -3   0  -2   4  -4  -5  -3  -1  -3  -3   3   0  -5   0  -4   19   1  27   0   0   0   5   3  10   1   0   0   1   1   1  22   4   0   4   0  0.66 0.44
   25 M     0   1  -3  -3  -4  -2  -2  -2   1  -2   1  -1   2  -3   1   4   0  -4   0  -2    5  10   0   1   0   1   1   2   4   1  17   3   5   1   6  32   5   0   3   2  0.32 0.32
   26 T    -1   2   0  -2  -4   0  -3   5  -4  -1   0  -2   0  -4  -3  -1  -2  -4  -1  -1    4  14   3   1   0   4   0  44   0   3  10   1   3   0   1   3   2   0   2   4  0.56 0.36
   27 Q    -2  -4   0   4  -5  -1  -3  -3   6  -1  -5  -2  -4  -4  -5   3  -1  -5   2  -1    3   0   4  25   0   2   0   1  22   5   0   2   0   0   0  22   2   0   6   5  0.81 0.50
   28 H    -2   1  -2   1  -5  -1   1  -2   7  -3  -4   0  -4  -4   4  -1  -1  -5   0  -3    3   6   1   7   0   2  10   2  28   2   1   5   0   0  19   4   4   0   2   2  0.75 0.43
   29 A     1   2  -1  -1  -2  -2  -2   2  -2  -2   0   0  -2   0  -2   1   0  -3  -1  -1   15  16   1   3   1   1   1  18   1   1  12   3   0   5   1  12   4   0   2   3  0.20 0.20
   30 G    -1  -3  -2  -2  -2  -2  -2   2  -3   0   2  -3  -1   0  -3  -2  -1  -2   3   2    3   1   1   2   1   2   2  21   0   4  23   1   0   2   1   1   4   0  12  17  0.30 0.23
   31 Y    -1  -1  -2  -3   2  -3  -4  -2   0  -1  -2  -3  -3   5  -1   0   0  -2   6  -2    4   4   2   1   5   1   0   3   2   3   3   1   0  22   3   7   6   0  32   2  0.77 0.44
   32 G     0  -1  -3  -3  -5   0   0   6  -1  -5  -5   0  -3  -5  -2  -2  -1  -1  -1  -3    8   3   0   0   0   4   6  57   2   0   0   5   1   0   2   2   4   1   2   1  0.96 0.50
   33 Q     1  -3   0   0  -2   0   1   1   1  -2  -2  -2  -2  -2  -1   0   2   6   1  -1   10   0   3   6   1   4  10  10   4   2   2   2   1   1   3   5  14  12   6   5  0.27 0.23
   34 D     0   1  -1   5  -3   1   2  -2   0  -4  -2   1  -4  -3  -3   0   0  -5  -4  -3    9   7   2  33   0   5  10   3   2   0   4   8   0   1   1   6   5   0   0   1  0.49 0.34
   35 S     1   1  -1   0  -3   1   2  -1  -1   0  -1   1  -2  -3  -1   0   1  -4  -2   1   14   6   2   4   0   5  14   4   1   6   6   9   0   0   3   5   9   0   1  10  0.11 0.14
   36 H     0  -2  -1  -2  -3  -1   1  -1   0   2   1  -2   0   0  -1  -1   0   2  -1   2   10   1   2   2   0   2  11   4   3  14  14   2   2   4   3   2   6   3   2  15  0.10 0.14
   37 C    -1  -2  -2  -2  -3  -1   5  -4   3   0  -1  -2  -4  -2  -3  -2   1  -5  -2   0    5   1   1   1   0   1  47   1   8   6   5   2   0   2   1   2   8   0   1   6  0.72 0.48
   38 A     2   0   2   1  -4   3   3  -2   0  -2  -2   0   0  -3  -2  -1  -1  -4  -1  -2   19   5   9   7   0  14  18   2   3   2   5   4   2   1   1   3   2   0   2   3  0.28 0.26
   39 K     0   3   0  -2  -3   1   2  -2   0   0   2   0  -2  -2  -4  -1   0  -4  -2  -1    7  17   3   1   0   5  15   2   2   5  22   5   0   1   0   3   4   0   1   4  0.21 0.23
   40 A     5  -5  -3  -6   0  -5  -3  -3  -5  -2   3  -5  -3  -1  -5  -3  -3  -6  -5   1   54   0   2   0   2   0   1   1   0   2  24   0   0   2   0   1   1   0   0  10  0.95 0.59
   41 A     0   5  -4  -4  -2  -1   2  -4   0   3  -1  -1  -1  -4  -5  -3  -3  -1  -3   1    8  33   0   0   1   2  15   1   2  19   5   2   1   0   0   0   1   1   1   9  0.63 0.44
   42 R     0   2   1   4  -4   2   4  -2  -2  -6  -4   1  -5  -6  -4   0  -1  -6  -5  -4   10  10   5  25   0   8  24   2   1   0   1   6   0   0   0   6   3   0   0   0  0.65 0.43
   43 L    -1   5  -2  -3  -3   3   0  -4   1  -3  -1   2   2  -3  -4  -1  -1   2   1  -3    6  29   1   1   0  12   6   1   3   1   7  11   5   1   0   3   4   3   6   1  0.48 0.36
   44 I     2  -3  -5  -6  -1  -4  -5  -4  -5   3   2  -5   2   2  -5  -4  -3  -5  -3   4   20   1   0   0   1   0   0   0   0  14  23   0   5   9   0   0   1   0   0  25  0.66 0.42
   45 G     5   1  -4  -5   4  -1  -3   1  -5  -3  -4   4  -4  -6  -5  -1  -3  -6  -5  -4   43   6   0   0   8   2   1   9   0   2   1  23   0   0   0   4   1   0   0   1  0.85 0.55
   46 E     1   1   0   2  -3   2   4  -2  -2  -5  -4   2  -4  -5  -4   0  -2  -6  -5  -5   11   7   4  12   1  10  31   3   1   0   1  13   0   0   0   6   1   0   0   0  0.60 0.41
   47 L    -3  -2  -6  -6  -3  -4  -5  -6   0   2   5  -4   2   2  -6  -5  -3   3  -2   0    2   2   0   0   0   1   1   0   2   9  59   1   4   9   0   0   1   3   1   5  1.02 0.53
   48 L    -2  -4  -5  -6  -5  -5  -5  -6  -3   3   2  -3   0   6  -5  -3   0  -1  -1   1    4   1   0   0   0   0   0   0   1  19  18   1   2  36   0   1   5   1   1   9  0.92 0.49
   49 E    -1  -4   3  -2  -6  -1  -1   6   3  -7  -7  -3  -6  -5  -4  -2  -5  -7  -6  -7    4   1  14   2   0   3   4  62   7   0   0   2   0   0   1   2   0   0   0   0  1.42 0.70
   50 R     4   1  -1  -3   1  -2  -3   0  -2  -1  -1   0  -3  -2  -3  -1  -2   2  -1  -1   44   7   3   1   3   1   1   8   1   4   5   6   0   2   0   4   1   3   3   4  0.45 0.37
   51 P    -1  -1   0   4  -3  -1   3  -3  -1  -3  -5   2  -4  -3   3   0  -1  -5  -4  -3    4   2   3  20   1   2  23   2   1   1   0  12   0   1  15   7   3   0   0   1  0.58 0.38
   52 D     1   0  -1   2  -4  -1   1  -2   3  -4  -4  -2  -4   1   3   1  -2   1   3  -4   10   5   2  13   0   2  10   3   9   0   0   1   0   7  13  10   2   2   9   0  0.37 0.30
   53 A     4   1  -2  -2   2  -1  -1   0  -2  -3  -4  -1  -4  -3  -1   1  -1  -5  -1  -1   42   8   1   2   4   3   4   8   1   1   0   4   0   1   3  10   3   0   2   4  0.46 0.37
   54 D    -2  -1   4   2   1  -1   4  -1   0  -2  -1  -2  -4  -2  -4  -2  -2   4  -1  -4    3   3  23  12   3   2  25   4   2   3   5   2   0   2   0   2   1   5   2   1  0.54 0.38
   55 V    -3  -4  -4  -5  -4  -2  -3   3  -5   4   0  -4  -2  -4  -3  -4  -3  -5  -4   4    0   1   0   0   0   2   2  20   0  26   7   1   1   0   1   1   1   0   0  35  0.82 0.47
   56 H    -3   0  -3  -5   0   4  -4  -6   1   3   0  -4  -1   2  -5  -4  -2  -4   4   2    1   4   1   0   2  23   0   0   3  16   9   0   1   9   0   0   2   0  12  16  0.61 0.44
   57 F    -2  -2  -3  -3  -3  -2  -3  -3  -1   2   0  -3  -1   6  -1  -2  -2   2   0   1    3   2   1   2   1   1   2   2   1  10   8   2   1  42   4   3   2   2   1   9  0.71 0.30
   58 I    -1  -4  -2  -4   3  -3  -4  -2  -1  -1  -3  -4  -2  -2   4  -1   5  -5  -4   2    4   0   1   0   5   1   0   3   1   4   1   0   1   2  23   3  36   0   0  12  0.85 0.52
   59 S    -2   0   3  -4  -5  -3  -3  -2   7  -5  -6  -2  -5  -4   1   4   0  -6  -4  -3    2   5  11   0   0   1   1   2  23   1   0   2   0   1   8  35   5   0   0   2  0.97 0.60
   60 G    -2  -1   1  -5   1  -3  -5   5  -5  -7  -7  -5  -6  -7  -6   4   0  -2  -6  -6    1   3   6   0   3   1   0  45   0   0   0   0   0   0   0  36   4   1   0   0  1.32 0.73
   61 G     1  -7  -3  -6  -3  -6  -6   7  -6  -7  -5  -6  -7  -7  -4  -3   0  -7  -7  -5   12   0   1   0   1   0   0  76   0   0   1   0   0   0   1   1   6   0   0   1  1.90 0.87
   62 T     2  -1  -3  -2  -5  -5  -5  -5  -5  -5  -5  -5  -3  -2  -5   3   6  -6   2  -3   14   4   1   2   0   0   0   0   0   0   0   0   1   1   0  18  51   0   7   1  1.20 0.73
   63 Q    -1  -3  -3  -2  -7   5   5  -2  -4  -2  -4  -2   2  -7  -5  -2  -1  -6  -6  -3    6   1   1   2   0  26  44   4   0   3   1   1   5   0   0   2   3   0   0   2  1.10 0.68
   64 T     6  -5  -5  -3  -5  -2  -4   1  -6  -4  -6  -5  -5  -7  -5   4  -2  -7  -6  -3   57   0   0   1   0   2   1  10   0   1   0   0   0   0   0  25   1   0   0   1  1.30 0.75
   65 N    -3  -5   8   1  -7  -5  -2  -5  -5   0  -4  -5  -2  -8  -5  -2  -4  -9  -7  -7    3   0  77   7   0   0   2   0   0   5   2   0   1   0   1   2   0   0   0   0  2.19 1.01
   66 L     0  -3   4  -4  -5   2   0  -5  -3   1   3  -2   5   0  -5  -2  -2  -5  -3  -2    6   1  18   0   0  11   5   0   0   8  25   1  15   4   0   3   2   0   1   1  0.53 0.42
   67 I     3  -4  -4  -5  -3   0  -4   0   0   0   2  -4   3   0  -4  -3   0   0   0   0   28   0   0   0   0   4   0   8   3   6  20   0   8   5   0   0   6   1   4   7  0.38 0.33
   68 A     5  -6  -3  -6  -2  -5  -4   0  -6  -1  -2  -4  -4  -5  -4  -2  -3  -7  -6   4   53   0   1   0   1   0   1   7   0   3   4   0   0   0   1   2   1   0   0  27  1.08 0.65
   69 C    -2  -5  -2  -6   1  -5  -5  -6  -2   4   2  -5   2   2  -5  -3  -3  -3   4   2    3   0   2   0   3   0   0   0   1  25  17   0   6   9   0   2   1   0  17  12  0.73 0.43
   70 S    -1   3  -2  -4  -3   0  -2  -2   0  -2   1   2   3   2  -3  -1  -1  -2  -1  -1    4  16   2   0   1   3   1   3   2   1  17  16  10   9   1   5   4   0   2   4  0.28 0.27
   71 L     4  -2  -4  -4   0  -4  -3   3  -2  -1  -1  -2  -3  -4  -4   2   0  -3  -4  -1   37   2   0   1   2   0   1  18   1   4   7   2   0   1   0  13   7   0   0   5  0.54 0.41
   72 A     2  -3  -1  -3  -2  -3  -3  -2   3   1   3  -4   0   0  -4  -3  -1  -4  -1   2   17   1   4   2   0   0   1   3   7   8  30   0   2   4   0   1   4   0   2  13  0.34 0.29
   73 L     2   1  -4  -4   4  -3  -4  -4  -3   1   3   0   0  -1  -3  -1  -1  -5  -4   0   18  10   0   0   9   0   0   1   0   7  30   6   2   2   1   4   3   0   0   6  0.41 0.34
   74 R    -1   2   2   0  -5   4   2   0   1  -5  -4   2  -1  -5  -3  -1  -1  -5   0  -4    4   9  11   5   0  17  14   8   4   0   1  15   1   0   1   3   3   0   4   0  0.44 0.35
   75 P    -1   0  -2  -5  -2  -1  -3   0  -1  -3  -1   1  -3   3   6  -1  -1  -6  -4  -4    4   5   2   0   1   2   1   7   2   1   5   7   1  12  41   3   4   0   0   1  0.87 0.53
   76 W    -1  -1  -2  -4  -6  -3  -3   6   0  -7  -5  -1  -6  -2   2  -3  -4   0   3  -5    4   4   1   1   0   1   1  56   2   0   1   3   0   1  10   2   1   1  11   0  1.13 0.63
   77 E    -3   2   0   6  -4   0   1  -2   2  -6  -4   1  -5  -5  -2  -1  -3  -2  -2  -4    2  11   3  44   0   4   9   2   6   0   1   9   0   0   2   3   1   1   1   1  0.91 0.54
   78 A    -1   0   1  -2  -4  -2   2  -2   2  -2  -1   2  -2  -4  -3   1   3  -2  -1   0    5   4   6   1   0   1  14   3   6   1   5  14   1   0   1   8  23   1   3   6  0.30 0.30
   79 V    -2  -5  -5  -7  -5  -4  -6  -7  -7   6   1  -4  -1  -1  -4  -6  -3  -6  -3   4    3   0   1   0   0   1   0   0   0  49  14   1   1   2   1   0   1   0   1  26  1.28 0.64
   80 I    -3  -6  -7  -7  -5  -4  -6  -7  -6   5   3  -6   3   1  -6  -5  -3  -5  -1   3    2   0   0   0   0   1   0   0   0  29  31   0   8   6   0   0   1   0   2  21  1.07 0.56
   81 A     0  -5  -4  -3   2  -1  -3   3  -5   1  -1  -3   0  -2  -2  -1   3  -5  -2   2    8   0   0   1   4   2   1  27   0   8   4   0   2   1   2   4  20   0   1  14  0.44 0.36
   82 T    -2  -5  -2   2  -1  -3  -4  -1  -5  -3   0  -4   6  -2   3   3   2  -2  -5  -3    2   0   1  12   1   1   0   4   0   0   7   0  19   1  12  22  14   0   0   1  0.66 0.52
   83 Q     1   1   2   2  -3   1   2  -1   0  -3  -4   2  -4  -3  -3   2   0  -5   0  -2   13   7   9  10   1   5  12   3   2   1   1  12   0   1   1  14   5   0   3   3  0.27 0.26
   84 L    -1  -1  -1  -2  -1  -1  -1  -2   0  -1   3  -1   2  -3  -3   0   2  -4   1   0    4   3   2   3   1   2   3   2   2   2  34   3   4   0   1   7  15   0   5   6  0.27 0.28
   85 G     3  -4   1  -2  -1  -2   4  -1  -1  -5  -3  -3  -5  -4  -1   2   0  -6  -3  -4   28   0   6   2   1   0  26   5   1   0   2   0   0   0   3  18   5   0   1   0  0.63 0.50
   86 H    -5  -4  -5  -7  -8  -5  -5  -4  11  -8  -6  -6  -7  -1  -8  -5  -7  -1   0  -8    1   1   0   0   0   0   0   2  87   0   1   0   0   3   0   1   0   1   2   0  3.62 1.41
   87 I     1  -2  -3  -3  -3  -2  -3   2   0   1  -1   1  -1   3   0  -1  -2  -2   3   0   11   1   1   1   0   1   1  17   2  10   4   9   1  14   4   4   1   0  11   8  0.26 0.23
   88 S     1  -3  -2  -1   2  -1  -1   2   2  -2  -2  -3  -3  -3  -3   4  -2  -4   0   0   13   1   1   2   4   2   4  17   6   2   3   1   0   1   1  32   1   0   3   7  0.45 0.36
   89 T    -3  -1  -1  -4  -3  -2  -3  -1   5   0   1  -2   1   2   0  -2   1  -3   0   2    1   3   2   1   0   1   1   5  16   5  13   2   3   9   5   2   9   0   3  18  0.32 0.26
   90 H    -2  -1  -2   1  -3  -1  -1  -3   2   0   3  -1   0   1  -3  -2  -2   5   0   0    3   4   2   7   0   2   5   2   7   4  32   3   2   6   1   3   2   7   3   6  0.28 0.22
   91 E    -1  -2   0   3  -4   1   2  -1   0  -3  -1   2  -3  -4  -2  -1   3  -4  -2  -2    4   1   3  15   0   5  13   5   2   1   6  16   0   0   2   3  20   0   1   2  0.34 0.28
   92 T     3  -1   0  -4   5   0  -2  -2   6  -1  -2  -1   1  -1  -2  -1   0  -1  -3  -2   26   2   5   0  11   3   1   3  18   3   4   4   3   2   2   4   6   1   0   2  0.50 0.35
   93 G     2   2  -2  -2   2  -3  -3   5   0  -3  -2   0  -2  -5  -5  -3  -3   1  -2  -2   20  12   1   2   4   1   1  39   2   1   4   5   1   0   0   0   1   2   2   3  0.66 0.45
   94 A     2   1  -1  -1  -1   1  -1   3   0  -3  -2  -1  -1  -3  -4   2  -2  -2  -1  -3   20  10   2   4   1   6   3  20   2   2   5   2   2   1   0  16   1   0   2   1  0.30 0.28
   95 I     0  -1  -3  -3   0  -1  -2  -4   4   1   2   0   2  -1   2  -1  -2  -4  -1   0    8   4   0   1   2   2   1   0  10   9  25   5   5   2  12   3   2   0   2   7  0.29 0.25
   96 E     1  -1  -1   0  -2   0   3  -1  -1  -1   1  -1  -1  -1  -3   1  -1  -4   0   1   12   3   2   4   1   3  21   4   1   1  15   2   1   2   1  10   2   0   3  13  0.17 0.22
   97 A     0   2   3  -2  -2  -1  -1   0  -2  -1  -1   0   2  -3  -3   0   2  -4  -2   0    9  13  14   1   1   2   3   9   1   3   7   6   5   0   1   7  13   0   1   6  0.18 0.20
   98 T    -2  -1  -1  -3  -3   1   1  -1   3   0   1  -1   2   3  -3  -1   0  -3  -2   0    3   3   3   1   0   6   9   4  10   5  17   3   7  12   0   3   6   0   0   7  0.18 0.20
   99 G     0  -2  -2  -1  -4  -2  -2   5  -1  -4  -3  -2  -4  -2  -1   2  -1  -5  -5  -1    7   2   1   4   0   2   3  44   1   1   2   2   0   2   3  19   4   0   0   4  0.69 0.44
  100 H     1  -2  -2  -2  -1   0  -1   2   1   0   0  -1   1   2  -2   0  -1  -3   0   0   11   2   1   1   1   5   3  18   4   5   8   3   5  12   1   9   3   0   3   6  0.12 0.15
  101 K    -1   2  -2   0  -1   0   2  -2  -1  -3  -3   4  -2  -5   2   0  -2  -5  -2   0    5  10   1   4   2   2  16   3   2   1   3  25   1   0  10   5   2   0   1   7  0.37 0.31
  102 V    -1   0  -3  -5  -4  -3  -5  -4  -3   3   1   0   3  -1  -4  -4  -2   1   0   4    5   7   1   0   0   1   0   1   1  14  15   5   7   2   0   0   2   2   3  34  0.55 0.38
  103 V    -1   0   1  -3  -3  -2  -2  -3   0   1  -1   0  -2   1   0  -1   2  -3   1   2    4   6   8   1   0   1   2   1   2   6   6   6   0   8   5   3  17   0   6  17  0.19 0.22
  104 T    -2   0   0  -2   0  -1  -1  -5   1   1  -1  -2  -2   3  -5  -2   0   1   5   2    2   6   5   2   2   2   3   0   4   8   4   2   0  11   0   2   6   2  21  17  0.40 0.31
  105 A     1  -1  -1  -1  -1  -1   0   0   1   0   0   0  -1  -1   1   0   0  -1  -1   1   13   3   3   3   1   2   6   6   4   5  13   7   0   3   7   7   4   1   2  12  0.03 0.06
  106 P    -2  -1   0  -2  -1  -2  -1   0  -2   1  -1  -2  -1  -3   5   0  -1  -5  -2   2    3   4   4   2   1   1   3   7   1   7   5   1   1   1  32   6   3   0   1  15  0.53 0.34
  107 C    -1  -1   0   1   1   0   0  -2   2   0   0   0  -1  -1  -1   0   0  -3  -1   2    5   2   4   9   3   4   7   1   6   4  11   4   1   2   2   8   7   0   1  19  0.08 0.12
  108 P    -1  -1   2   2  -2  -1   2  -2  -1  -3  -3   1  -2  -1   4   0  -1   1   1  -2    6   3   9  11   1   2  14   3   1   1   2   8   1   2  18   5   2   2   6   2  0.33 0.25
  109 D    -2  -1   3   4  -3  -2   0   1   0  -5  -4   0  -4  -2  -3   1   0  -4   2  -3    2   3  16  23   0   1   7  10   2   0   2   4   0   1   1  12   6   0   8   2  0.46 0.35
  110 G    -2  -3   2   0  -5  -3  -2   6  -1  -5  -3  -3  -2   0  -5  -3  -3  -5   0  -2    2   1   8   5   0   1   3  59   1   0   3   1   1   4   0   1   2   0   3   4  1.04 0.54
  111 K    -2   2   1   0  -3   1   1  -3   0  -1   0   2  -2   0  -3  -1   1  -3   1  -1    2  12   8   5   0   5  11   1   1   4  10  12   1   3   0   3  10   0   7   4  0.15 0.16
  112 L    -2  -2  -2  -4  -2  -3  -3  -4  -1   4   2  -3   4   1  -2  -3  -2   0  -1   2    2   2   2   1   1   1   1   1   1  22  22   1  12   6   2   1   2   1   1  16  0.48 0.31
  113 R    -2  -1   1   6  -3  -1   1  -2  -1  -1  -3  -2  -3  -1  -1  -1   0  -5   0  -2    2   3   7  44   0   3   7   3   1   4   2   2   1   3   3   4   6   0   3   3  0.68 0.41
  114 V    -1  -2  -2  -2   0  -2  -1  -3  -3   1   2  -1   2   0   2  -2   0  -2   3   2    4   1   2   2   2   1   4   1   0   6  20   3   5   4  10   1   7   0  14  13  0.25 0.23
  115 A     1  -2   0   3  -2  -1   4  -1  -2  -3  -3   0  -3  -3  -3   0  -2  -5   0  -2   15   1   4  17   1   1  28   5   1   1   3   5   0   1   1   5   2   0   4   4  0.42 0.34
  116 D     2   0  -1   4  -4   0   2  -2   0  -3  -3   0  -2  -2  -3  -1   0  -5  -3  -1   17   6   2  28   0   4  12   3   2   1   3   6   1   2   0   2   5   0   1   5  0.39 0.31
  117 I    -2  -5  -4  -2  -4  -5  -4  -6  -1   3   4  -3   2   0  -4  -3  -3  -4   0   3    4   0   0   3   0   0   0   0   2  19  38   1   4   4   1   2   1   0   4  17  0.68 0.41
  118 E     0   3  -1   2  -5   1   4  -3  -3  -1  -2   1   0  -4  -2  -2  -3  -5   1  -4    8  16   2  10   0   4  29   1   0   4   4   9   2   0   2   1   1   0   4   0  0.47 0.37
  119 S     2   1   0   1  -3   1   2  -1  -1  -4  -3   2  -1  -2  -2   0  -1  -4  -1  -2   21   9   3   9   0   6  14   5   1   0   2  11   1   2   1   8   3   0   3   2  0.26 0.24
  120 A     3  -1  -2  -2  -3   0   0  -2   0  -1   1   1  -1  -1  -3  -1   0  -4   2   0   28   3   1   2   0   3   5   2   2   2  15  11   1   2   0   2   7   0   7   6  0.21 0.24
  121 L     1  -3  -4   0  -3  -2  -2  -2  -2   4   2  -3   2  -1  -4  -3  -2  -4  -1   2   12   1   0   5   0   2   3   3   1  30  19   1   5   2   0   1   2   0   2  11  0.43 0.30
  122 H     0   3   0   2  -4   0   1  -2   0  -1   0   1  -1  -3  -1   0   0  -2  -2  -1    6  20   3  11   0   4   9   2   2   3  10   8   1   1   3   4   7   1   1   4  0.18 0.17
  123 E    -1   1  -1   3  -2   0   3  -3  -1  -1  -2   1  -2  -4   2  -2  -1  -4  -3  -1    6   8   2  18   1   4  24   2   1   4   3   8   1   0   8   2   3   0   1   4  0.37 0.28
  124 N    -1   1   2   4  -3   0   1  -2   3  -3  -1   0  -3  -4  -2  -1   0  -4  -2  -1    6   9  11  26   1   4   8   3   7   1   6   4   0   0   2   3   5   0   1   4  0.35 0.26
  125 R     0   1   0  -1  -3   1   0   1  -1  -2  -2   2  -1  -2  -2  -1   3  -3   0  -2    8   9   3   4   0   6   4  10   1   2   3  15   2   1   1   3  22   0   4   1  0.23 0.21
  126 S     1   0   0   2  -1   0   1   0  -1  -1   0   0  -1  -2  -1   0   0  -2  -2  -1   15   6   4  16   1   4   9   5   1   3  10   4   1   1   2   5   5   0   1   4  0.11 0.09
  127 E     0   0  -1   0   0   1   2  -1  -1   1   0   0   0  -2  -1  -1   0  -1  -1   0    9   5   2   6   2   5  16   4   1  11   9   6   2   1   3   3   5   1   2   6  0.06 0.06
  128 H    -1   0   1   1  -1   0   0   1   5  -1   0   0  -1  -1  -1  -1  -1  -2  -1   0    4   4   7  10   1   3   5   9  16   4  10   5   2   3   2   4   3   1   2   6  0.13 0.09
  129 M     0   0  -1  -1  -1   0   0   0   0   1   0   0   1   0   0   0   0   0   1   1    8   4   3   3   2   3   6   6   3   9   8   6   5   4   4   4   4   1   6  11  0.00 0.01
  130 V     1   0  -1   1   0  -1   0  -2   1   1  -1   0  -1  -2   2   0   0  -2  -2   1   16   5   2   8   2   1   5   3   4   9   3   7   1   1  10   4   6   0   1  12  0.11 0.10
  131 I     0   0  -2  -2   1   0   0  -2  -2   1   1   2   0  -2   3  -1   0  -2  -1   0    6   4   1   1   3   3   6   3   1   8  15  14   2   1  14   4   5   0   3   7  0.14 0.12
  132 P     0  -3  -2   0  -2  -2  -3  -3  -3   1  -1  -1  -2   0   4  -1   1  -4  -2   3    9   1   1   6   1   1   1   1   0   8   6   4   0   5  20   3  11   0   1  22  0.37 0.26
  133 K     1   2  -1  -2  -1   0  -1   0  -2  -1  -1   2   1  -2  -1   2  -1  -1  -2  -1   11  13   2   1   1   4   2   7   1   5   5  17   4   2   2  15   3   1   1   5  0.16 0.16
  134 L    -1  -1  -3  -4  -4  -2  -2  -5  -4   4   3  -2   3  -3  -4  -3  -2  -4  -3   3    4   3   1   1   0   1   2   0   0  23  28   3   7   0   0   1   2   0   1  23  0.62 0.37
  135 V    -2  -5  -3  -5   1  -3  -4  -6  -3   5   0  -4   5   1  -6  -2  -2  -5  -4   4    3   0   1   1   2   1   1   0   1  28   7   1  17   5   0   2   1   0   0  28  0.89 0.50
  136 Y     2  -2   0  -3   3  -2  -2   1   2   1  -1  -2   0  -2  -3   0   1   3  -2   1   21   2   4   0   6   1   1  10   6   8   6   2   3   1   0   7   9   5   1   8  0.20 0.20
  137 I     0  -4  -2  -3   0  -4  -3  -2  -4   3   1  -4   1  -2  -1  -2   2  -4  -3   4    8   0   2   1   2   0   1   2   0  18  15   0   3   1   3   2  11   0   0  27  0.43 0.30
  138 S     2  -2   3   0   0  -1   1   0  -3  -2  -3  -1  -2  -4  -2   1   1  -4  -2  -2   22   1  17   4   2   2  10   6   0   2   3   4   0   0   1  10  10   0   1   2  0.30 0.26
  139 N    -2  -3   5  -3   1  -1  -1   4   3  -3  -3  -2  -1  -1   0  -2  -3  -4  -4  -1    2   1  25   1   3   3   4  34   6   1   3   1   1   3   5   2   1   0   0   4  0.68 0.41
  140 T     1   0   1  -1   0   0  -2  -2  -2   0  -2   0  -1   0  -1   0   3   0  -1   0   12   5   7   2   2   4   2   3   1   7   3   5   1   4   3   7  23   1   2   8  0.15 0.15
  141 T     0  -2   1  -2  -2  -1  -2  -1   2  -1  -1  -2  -1   0   2   3   3  -3   0  -1    5   1   7   1   0   3   1   4   5   3   5   1   2   4   9  22  21   0   3   4  0.29 0.23
  142 E     3  -3   2  -1  -2   0   3  -1  -1  -3  -3   0  -1  -2   0   0  -2  -4  -1   0   23   1   9   2   1   2  25   4   1   1   2   6   2   2   4   6   1   0   3   6  0.33 0.29
  143 V    -1  -2  -2  -1  -3  -2  -2   2  -1   1   0  -1   1   0  -2  -1   1  -2   4   0    3   2   1   3   0   1   2  19   1  10  11   3   3   2   2   4  11   0  15   6  0.21 0.20
  144 G     0  -4  -2  -2  -5  -4  -4   6  -5  -2  -5  -3  -5  -5  -1   0  -3   1  -2  -3    8   1   1   3   0   0   0  63   0   3   1   1   0   0   3   8   1   2   2   2  1.20 0.59
  145 T     1   2  -1  -2  -3   1  -2  -2  -3   1  -2  -1   0  -2  -3   2   2  -4  -3   3   10  11   2   2   0   8   2   3   0   6   2   2   3   2   0  15  11   0   1  21  0.25 0.25
  146 Q     1  -3  -4  -2   2  -3  -3  -4  -3   4   0  -3  -1  -2   1  -2  -1  -4  -1   3   14   1   0   2   4   1   1   1   1  26   7   1   1   1   6   2   3   0   2  25  0.48 0.33
  147 Y     0  -2   0   1  -1  -1  -2   0   0   1   1  -2   1   1  -1  -2  -1  -1   3   1    6   1   4   8   1   3   2   8   3  11  12   1   3   6   2   2   2   1  13  11  0.11 0.11
  148 T    -1  -1  -1   2  -3  -1  -2  -2  -2  -2  -3  -2  -3  -1   5   1   1  -3  -1  -2    5   4   3  13   1   2   2   3   1   2   2   2   1   3  34  11   7   0   2   2  0.64 0.31
  149 K    -1   1  -2  -2  -2  -2  -2  -2  -1   3   1  -1   1   2   1  -1  -1   1  -1   2    3   9   1   2   1   1   2   3   1  18  11   3   5   8   7   4   2   2   1  15  0.16 0.13
  150 Q     1  -2  -1   4  -4   3   2  -2   0  -1  -3  -1  -3  -3   1  -1  -2  -4  -3  -3   12   2   3  26   0  15  14   2   3   4   2   2   0   1   6   4   2   0   0   1  0.49 0.33
  151 E    -2  -2   2   5  -4  -1   3  -4  -2  -5  -3  -1  -2  -2   3  -3  -2   4   1  -4    4   2  10  28   0   2  16   1   1   0   2   3   1   2  15   1   2   5   5   1  0.66 0.42
  152 L    -3  -3  -5  -5  -2  -4  -5  -5  -4   4   3  -4   2   4  -2  -3  -3  -3  -2   1    2   1   0   1   1   0   1   1   0  25  29   1   5  20   2   1   1   0   0   8  0.79 0.41
  153 E     3   3  -1  -1  -3   0   2  -3  -1  -2  -2   3  -3  -4   0  -1  -2  -5  -3  -1   26  16   2   3   0   4  11   1   1   2   4  17   0   0   4   3   1   0   0   5  0.38 0.32
  154 D     3   3  -2   0  -3   0   4  -3  -3  -4  -5   2  -3  -5  -4  -1   0  -5  -4  -4   23  16   2   6   0   3  24   1   0   1   0  13   1   0   0   4   5   0   0   0  0.60 0.42
  155 I    -2  -5  -6  -6  -4  -3  -5  -6  -5   5   2  -5   3   4  -6  -5  -2  -5  -3   2    4   1   0   0   0   1   1   0   0  34  20   0   8  16   0   0   2   0   0  12  0.95 0.50
  156 S     3   4  -3  -3  -2  -1  -2   2  -1  -2  -1   0  -2  -4  -4   1  -2  -2  -2  -2   24  25   0   0   1   3   1  14   2   2   5   5   1   0   0  11   1   0   2   2  0.47 0.35
  157 A     2   0  -2   0  -5   2   5  -2   0  -4  -4   2  -3  -4  -2   0  -2  -5  -4  -4   16   4   1   5   0   8  36   2   2   1   2  11   0   1   2   6   2   0   0   1  0.60 0.41
  158 S    -1  -3  -3  -4  -4  -2  -3  -4  -4   6   3  -3   0  -1  -3  -2  -2   1  -3   1    4   2   1   1   0   2   2   2   0  43  23   2   2   2   1   3   2   2   1   7  0.71 0.40
  159 C     6  -6  -3  -6   7  -5  -5  -3  -6  -1  -3  -5  -5  -6  -5  -3  -1  -6  -6  -1   57   0   1   0  25   0   0   1   0   3   3   0   0   0   0   1   4   0   0   4  1.56 0.78
  160 K    -2   3   0   5  -5   0   0  -2   3  -4  -3   3  -1  -3  -3  -1  -3  -5  -4  -2    3  17   3  30   0   3   4   3   7   1   2  16   2   1   1   3   1   0   0   3  0.63 0.41
  161 E     1   3  -2   0  -6   1   5  -3  -2  -5  -5   2  -5  -6  -2   1  -3  -6  -4  -5   10  14   1   4   0   6  35   1   1   1   0  14   0   0   1  10   1   0   0   0  0.74 0.49
  162 H    -1   1   2  -2  -5  -1  -1  -4   6   0  -2   0  -2  -2  -4  -4  -3  -4   3   3    4   9   9   2   0   2   3   1  18   4   2   4   1   1   0   0   1   0  12  27  0.62 0.43
  163 G    -3  -1   1   2  -6  -3  -4   6  -1  -7  -7   1  -6  -6  -3  -2  -5  -6  -6  -6    1   3   7  11   0   1   1  63   1   0   0   7   0   0   1   2   0   0   0   0  1.37 0.68
  164 L     5  -3  -5  -5   0  -5  -5  -4  -5   4   0  -3  -2  -2  -5  -3  -3  -5   0   2   46   1   0   0   2   0   0   0   0  22  10   1   1   2   0   1   1   0   3  11  0.87 0.54
  165 Y    -2  -1  -4  -5  -5  -3  -4  -6   1   0   2   1  -1   1   1  -4  -4   6   6  -1    3   3   0   0   0   1   1   0   3   6  18   9   2   6   8   0   1   9  28   3  0.77 0.47
  166 L    -5  -6  -7  -7  -1  -6  -6  -7  -4   1   5  -6   2   4  -6  -6  -3  -5  -3   2    0   0   0   0   1   0   0   0   1   6  54   0   4  19   0   0   2   0   0  13  1.23 0.62
  167 F    -4  -5  -5  -6  -4  -5  -5  -6   8   0   1  -5   5   2  -6  -5  -5   4  -2   1    1   0   0   0   0   0   0   0  41   4  13   0  16   9   0   1   0   5   1   9  1.58 0.77
  168 L     1  -6  -6  -6   3  -5  -4  -6  -4   2   0  -5   0  -2  -6  -1   1  -6  -2   6   10   0   0   0   6   0   1   0   0   9   7   0   2   2   0   4   7   0   2  50  0.94 0.55
  169 D    -7  -7  -2   9  -2  -6  -4  -7  -6  -8  -9  -6  -8  -9  -7  -4  -6  -9  -8  -8    0   0   1  96   1   0   0   0   0   0   0   0   0   0   0   1   0   0   0   0  3.08 1.27
  170 G     4  -4  -3   0   0  -4   0   2  -5   0  -4  -4   6  -5  -5  -1  -4  -6  -5  -2   37   1   1   5   2   0   7  14   0   6   0   0  22   0   0   3   0   0   0   1  0.85 0.56
  171 A     7  -6  -6  -6   1  -5  -3  -4  -6  -3  -5  -5  -5  -6  -5  -1   0  -7  -6   0   80   0   0   0   2   0   1   0   0   1   1   0   0   0   0   3   5   0   0   6  1.70 0.87
  172 R    -3   2  -3  -3  -5   5  -2  -5   8  -3  -3  -3  -2   0  -3  -4  -3   3   1  -5    2  12   0   1   0  25   1   1  34   2   3   1   1   5   1   1   1   3   5   1  1.26 0.62
  173 L     1  -4  -4  -4  -1  -4  -4   2  -4   2   0  -4  -2   3  -4   0  -2  -1   1   1   15   0   0   0   1   0   0  19   0  15  10   0   0  14   0   9   1   1   5   8  0.36 0.28
  174 A     3  -4  -4  -3   1  -3  -2   1  -2   0   0  -3   0   2  -4   0  -1   2  -1   1   33   0   0   1   3   0   3  11   1   5   7   0   2   8   0   5   4   3   2  11  0.34 0.28
  175 S    -4  -4   0  -4  -6  -2   1   6  -2  -6  -4  -3   1   0  -2  -1  -1  -6  -5  -5    0   0   4   1   0   1   8  62   1   0   1   1   4   4   2   4   4   0   0   1  1.20 0.62
  176 A     1  -2  -1  -4  -2  -1  -2  -1   2   0   3   2   1  -3  -1  -1  -2  -4  -2   1   13   1   4   0   1   1   1   6   6   3  28  15   3   0   2   3   1   0   1  12  0.23 0.25
  177 L     0   0  -5  -5   0  -1  -4  -4  -2   3   2  -3   2   0  -3  -4  -2  -4   0   4    6   6   0   0   2   2   1   1   1  20  18   1   4   4   1   0   2   0   4  27  0.49 0.32
  178 S     3  -2  -3  -2  -4  -3  -1   2  -1  -1  -1  -2   0  -2   3  -2  -1  -3   0   0   29   2   0   2   0   0   5  16   1   3   6   1   3   1  17   1   3   0   4   6  0.40 0.32
  179 S     3  -1  -3  -1  -1  -1  -1  -1  -1   2   0  -1  -1   0   1   0   0  -4  -1   1   26   3   0   3   1   2   5   4   1  12   7   2   1   5   6   5   5   0   2  10  0.14 0.17
  180 P    -2  -1   1   3  -3  -3  -2   4  -4  -2  -2  -2  -2   0   3  -1  -1  -5  -4  -2    3   3   6  18   0   1   1  30   0   3   4   2   1   5  13   4   3   0   0   3  0.47 0.33
  181 V     0  -1  -2  -2  -3  -2   0   0   0   0   1  -1   0   1  -3  -2  -1  -4   0   3   10   4   1   3   0   0   6   9   3   4  16   5   1   5   1   1   2   0   3  27  0.17 0.20
  182 N    -1   1   0   0  -5   1   0   0   6  -3  -3   1  -2  -1  -2  -1  -1  -4   2  -3    6   7   4   6   0   7   6   8  22   1   1  10   1   2   2   3   4   0   8   1  0.42 0.31
  183 D    -1   1   0   1  -5   0   1   1   1  -4  -1   2  -4  -4   5  -2  -2  -5  -3  -4    5   7   4   9   0   4   8  10   4   1   6  12   0   1  25   1   1   0   1   0  0.48 0.33
  184 L     0  -1   2  -2   1  -1  -1  -2   0   1   1  -1   1  -1  -1   2   0   1   1   0    6   3  10   1   3   2   3   2   3   9  13   2   4   2   3  17   6   2   5   6  0.08 0.13
  185 T    -1  -2   0  -1  -4  -1  -1  -1  -2  -1  -2   1  -3  -1   5   0   0   1  -2  -2    5   2   4   3   0   3   3   5   1   3   4  11   0   3  35   8   4   2   1   3  0.56 0.34
  186 L    -2  -2  -3  -3  -2  -1  -1  -3  -2   2   1   0   0   2  -1  -3  -2   1  -2   4    3   1   1   2   1   3   3   2   1  13  14   6   2   8   3   1   1   2   1  33  0.38 0.27
  187 A     0   1   0   1  -2   0   1   0   1  -1  -1   1  -1   0   1   0  -1  -1  -1  -1   10   8   4   8   1   4   8   6   4   3   8  10   1   5   6   6   3   1   2   4  0.05 0.03
  188 D    -1  -1   0   1  -1   1   1   1   2  -1  -1  -1   0   1   0   0   0  -1  -1  -1    4   3   3   8   1   5  11  13   8   3   5   3   2   9   4   7   4   1   2   5  0.08 0.07
  189 I     0   0  -1  -1   0  -1   0   0  -1   1   0  -1   1   1  -1  -1  -1  -1   1   0    9   5   2   4   2   2   6   7   2  12  11   3   5   8   2   3   2   1   7   7  0.02 0.03
  190 A     0   0   0   0   1   0   0   1   2  -1   0   0   0   0   0   0   0  -1   0   0   11   5   4   4   5   3   4  11   7   3   7   6   2   6   4   3   4   1   3   8  0.02 0.03
  191 R     0   0  -1   0  -1   0   1   0   0  -1  -1   0  -2  -1   3   1  -1  -3  -1  -1    8   6   1   6   2   3  10   6   2   3   5   7   1   3  17  10   3   0   2   5  0.18 0.12
  192 L    -1  -1  -1   1  -2  -2  -1   2   3  -1   0  -2   0   0   1  -1  -1  -2   3   0    5   3   2   8   1   1   3  16   9   4   8   2   3   3   6   2   3   0  14   7  0.17 0.15
  193 T     3  -2  -2  -1   3  -2  -2  -1  -3   1  -2  -2  -1   0   0  -1   0  -3  -1   1   32   2   2   3   6   1   2   4   0   9   3   2   1   5   5   3   6   0   2  12  0.25 0.21
  194 D    -3  -5  -1   7  -7  -2  -1  -3   3  -7  -6  -4  -6  -7  -5  -1   0  -7  -6  -4    2   0   2  69   0   1   3   2   7   0   1   1   0   0   0   4   6   0   0   1  1.75 0.82
  195 M    -2  -4  -4  -5  -4  -4  -3  -1  -4   1   1  -4   3   3  -3   3   1  -4  -2   3    2   0   0   0   0   0   1   4   0   7  14   0   7  15   1  23   7   0   1  18  0.48 0.38
  196 F    -2  -5  -6  -6  -1  -5  -6  -6  -5   3   2  -5   4   2  -3  -5   0  -5   0   4    2   0   0   0   1   0   0   0   0  17  19   0  11   7   2   0   5   0   4  33  0.83 0.47
  197 Y     0  -5  -3  -4   2  -2  -4  -4   1  -2  -3  -4  -1  -5  -3   4   5  -6  -2   0    7   0   1   1   4   1   0   1   4   2   2   0   2   0   1  26  41   0   1   6  0.91 0.59
  198 I    -1  -3  -4  -5  -2  -4  -4  -3  -4   3   1  -2   4   3  -5   0   2   2  -3   2    4   1   0   0   1   0   0   2   0  18  10   3  11  14   0   9  14   3   0  11  0.45 0.34
  199 G    -1  -5   0   2   2  -4  -4  -1  -2  -5  -4  -4  -3  -6  -5   5   4  -6  -3  -2    3   0   4  10   5   0   0   4   1   0   1   0   1   0   0  39  28   0   1   3  0.92 0.60
  200 A     1  -4  -4  -4  -4  -4  -3   3  -5  -4   0  -2  -2   1   3  -1   3  -5  -4  -1   13   0   0   0   0   0   1  25   0   0  11   2   0   7  14   4  20   0   0   3  0.53 0.40
  201 T    -4  -3  -3  -4  -7  -4  -5   0  10  -8  -8   0  -6  -7  -7   2  -1  -7  -4  -8    2   1   1   1   0   0   0   7  66   0   0   7   0   0   0  13   3   0   0   0  2.41 1.04
  202 K    -5  -3  -5  -3  -7  -4  -4  -6  -5  -7  -4   8  -2  -7  -6  -5  -4  -7  -6  -7    0   0   0   1   0   0   0   0   0   0   2  93   1   0   0   0   1   0   0   0  2.59 1.12
  203 A     1  -4  -1   1  -4  -3  -4   0  -2   1   0  -4   5   1  -4   0   3   0  -2  -2   10   0   2   8   0   1   0   6   1   7   9   0  15   7   0   5  24   1   1   1  0.40 0.35
  204 G    -2  -5  -3  -5   0  -4  -4   1   2   0   4  -5   1   2  -3  -4  -4  -3   5  -2    3   0   2   0   2   0   1  13   5   4  37   0   4   8   1   0   0   0  19   2  0.71 0.44
  205 G     0   3  -3  -5  -6  -3  -5   6  -3  -4  -1  -3   2  -4  -3  -4  -5  -6  -2  -5    7  14   1   0   0   1   0  57   1   1   8   1   6   1   1   0   0   0   1   0  1.17 0.62
  206 M     2  -4  -4  -5   1  -3  -4   3  -5  -4  -1  -4  -1  -2   5   1  -2  -6  -5   1   16   0   0   0   3   1   0  21   0   0   5   0   1   2  29   9   2   0   0   9  0.74 0.47
  207 F    -3   1   1  -4  -6   0  -2  -4  -5  -5  -6   3  -4   0   6  -1   0  -6  -5  -4    2   7   6   1   0   4   1   1   0   1   0  16   0   5  44   5   5   0   0   1  1.09 0.60
  208 G    -2   3  -3  -5  -3  -1  -5   5  -3   3  -4  -3   2  -3  -4  -3  -4  -6  -5  -1    3  19   1   0   0   3   0  42   0  19   1   1   5   1   0   1   0   0   0   3  0.90 0.53
  209 E    -1  -6  -4  -5  -2  -2  -3   6  -6   2  -4  -5  -2  -6   0  -1  -3  -6  -6   1    3   0   0   0   1   2   2  55   0  14   1   0   1   0   4   5   1   0   0  10  1.05 0.57
  210 A     2  -4  -4  -4   1  -5  -5   6  -2  -3  -2  -5  -4  -6  -5   0  -4  -2  -3  -3   18   1   0   1   3   0   0  62   1   2   4   0   0   0   0   6   0   1   1   2  1.29 0.65
  211 L     2  -5  -5  -5  -1  -4  -5  -2  -5   4   2  -5   2   2  -3  -4  -2  -1   0   3   16   0   0   0   1   0   0   4   0  22  18   0   6   8   1   0   1   1   3  18  0.55 0.36
  212 I    -3  -6  -6  -3   1  -5  -6  -5  -6   4   4  -6   1  -3  -6  -4  -4  -5  -1   2    2   0   0   2   3   0   0   0   0  26  46   0   3   0   0   1   0   0   2  15  1.06 0.54
  213 I     2  -5  -5  -6   3  -4  -5  -3  -3   1   2  -5   0   2  -4  -3  -1   1   5   2   15   0   0   0   7   0   0   2   0   6  18   0   3   7   0   1   3   2  22  15  0.60 0.39
  214 L     1   1   0  -3   3  -3  -3   3  -3   1  -1  -2   0   0  -3   0  -1  -4  -2   1   11   8   5   0   6   0   0  22   0   7   5   2   3   5   1   5   3   0   1  14  0.21 0.20
  215 N    -1   4   3   2  -2  -1  -1  -3  -2  -5  -4   3  -4  -3  -1   1  -1  -5  -3  -4    4  22  12  14   1   2   3   1   0   0   1  19   0   1   3  12   3   0   1   0  0.55 0.37
  216 D     0   4  -1   2  -5   1   4  -4   1  -5  -4   2  -4  -3   0  -2  -3  -5  -4  -5    7  23   3  10   0   5  26   0   3   0   2  14   0   1   4   2   1   0   0   0  0.66 0.42
  217 A     0  -1  -1   3  -3   0   4  -1   2  -4  -3   3  -3  -3  -2   0  -1  -5  -2  -4    9   3   1  16   1   2  25   4   5   0   2  18   0   1   2   5   4   0   1   1  0.46 0.32
  218 L    -1  -3  -1  -2  -3  -3  -2  -4  -1   0   3  -1  -1   4  -3  -2  -2   1   3   0    4   1   4   2   0   1   2   1   2   5  35   4   1  17   1   2   1   2  11   5  0.44 0.28
  219 K     1   1  -2  -2  -3  -1  -2  -1  -2   3   1   0   0   1  -3  -2  -2  -3   1   1   16   9   1   2   0   2   2   4   1  20  14   7   2   5   1   1   1   0   5   9  0.15 0.16
  220 P     0   1   0   2  -5   2   2  -3  -1  -4  -3   3  -4  -3   3  -2  -1  -2  -3  -3    7   6   4  12   0   8  16   1   1   1   2  21   0   1  13   2   4   1   1   1  0.44 0.32
  221 N     0   4   1   0  -1   1   0  -3   0  -3  -3   4  -3  -1  -3  -1  -1  -1  -1  -3    8  21   5   6   1   6   6   1   2   1   2  25   0   3   0   4   3   1   2   1  0.40 0.30
  222 A     2  -4  -4  -5   1  -3  -4  -2  -3   2   2  -2   0   0  -2  -1  -1  -1  -1   2   23   0   0   0   3   0   0   2   0  14  21   2   1   4   1   5   4   1   2  15  0.34 0.27
  223 R    -2   5   3   2  -1   0  -1  -2  -2  -1  -4   0  -4  -2  -3   0  -1  -5  -3  -2    3  31  16  12   2   4   2   3   0   5   1   5   0   2   1   7   3   0   1   2  0.51 0.36
  224 H    -1  -1  -2  -2  -2   0  -1  -2   3   1   1   0   0   1   0   0  -1   1   1   2    2   3   1   1   1   5   3   2   8   8  12   5   2   6   5   8   3   2   6  19  0.12 0.15
  225 L     0   1  -2  -2  -4   0   1  -2   0   0   1  -1  -1   4   0   0  -1   1   0  -1    7   8   1   1   0   4  12   2   2   6  14   2   1  22   4   7   3   2   1   3  0.19 0.21
  226 I     2   2  -3  -4   2  -1  -2  -1  -3   2  -2  -1  -1  -4   4  -2  -2  -5  -4   1   17  13   1   0   5   3   2   4   0  11   2   2   1   0  22   2   2   0   0  11  0.44 0.32
  227 K    -2   1  -1  -1  -3   1  -1   1  -2   1   0   2   0   2   0  -1  -1  -3   0   0    1   7   1   4   0   8   2  13   0   9   9  14   2  11   4   3   1   0   3   7  0.10 0.15
  228 Q    -1  -1  -2  -1  -1   4  -1  -2  -1   1  -1  -1   3  -3   3   0   1  -2  -1  -1    4   3   1   3   1  21   2   2   1   8   5   2   8   0  16   7  11   1   2   3  0.34 0.31
  229 R    -1   0  -1  -3  -3   3  -1   1   3  -1  -1  -2   0   0  -4   1   2  -3   1  -2    3   5   2   0   0  17   2  13   9   3   7   1   3   4   0   9  12   0   6   2  0.24 0.25
  230 G     0  -5  -2  -4  -4  -2   0   6  -2   0  -4  -3  -5  -4  -5  -1  -1  -5  -3  -4    6   0   1   0   0   1   7  63   1   6   2   1   0   1   0   5   3   0   1   1  1.15 0.57
  231 A    -1  -2  -2  -4  -2   2  -4   6  -4  -4  -2  -4  -1  -3   1  -1  -1  -5   0  -4    3   2   2   0   1   9   0  54   0   1   4   0   1   1   8   5   4   0   3   1  0.90 0.49
  232 L    -2  -1  -2  -4  -4  -4  -3   4   0  -3   1  -2   0   1   3  -1   0  -4  -3  -3    3   4   1   0   0   0   1  39   2   1  14   2   2   7  14   3   7   0   0   1  0.59 0.38
  233 M     0  -3  -1  -3  -1   2  -1   0   2   0   1  -3   3   0   2  -1   0  -2  -2   0    7   0   3   0   1  11   2   9   7   4  16   0  10   4   9   4   5   0   0   7  0.18 0.22
  234 A    -1   2   1  -2  -5  -1   3  -1   3  -4  -4  -2   1  -3   2   0   1  -1  -3  -2    5  14   6   0   0   1  22   6   9   0   0   1   4   1  11   8   9   1   0   2  0.40 0.33
  235 K     0   3   0  -3  -4   2  -2  -1   4  -3   0   1  -3  -3  -1  -2  -1  -4   2   0    8  20   5   0   0  12   1   4  10   0   8   7   0   0   3   2   4   0   8   8  0.31 0.29
  236 G     1  -3  -3  -2  -4  -4  -3   4  -4   2  -2  -4   4  -3  -1  -1  -1  -5  -4   2   11   2   0   2   0   0   1  35   0  11   1   0  10   1   3   4   4   0   0  13  0.54 0.37
  237 W     1   0  -1  -2  -4  -2  -2   3   4   1  -1  -2   3  -2   0  -1  -1   0  -3  -1   14   7   2   1   0   1   1  21  12   9   5   0  10   2   4   3   3   2   0   4  0.28 0.26
  238 L     2   3  -3  -3  -3  -3  -2   0  -2   1   1  -2   1  -1  -3  -1   0  -4  -3   1   23  17   1   1   0   0   2   6   1   8  14   0   3   2   1   3   6   0   0  13  0.25 0.26
  239 L     3  -3  -3  -4  -2  -2  -2  -1  -4   2   0   0   1  -3  -1   2  -1  -5  -2   1   30   0   0   0   0   2   1   4   0  11   9   8   5   0   3  14   3   0   1  10  0.32 0.30
  240 G     4  -3  -3  -3   1  -1  -2   4  -1  -2  -2   1  -2  -2  -4  -1  -2  -3  -4  -3   36   1   0   1   3   2   2  29   2   2   4  10   1   2   0   3   2   0   0   1  0.60 0.41
  241 I     4   2  -4  -4   1  -3  -3  -1  -2   0   0  -3   1  -4  -3  -2   1  -2  -1   1   42  11   0   0   3   0   1   5   1   4   8   0   4   0   0   1   7   1   2  10  0.46 0.37
  242 Q     4  -3  -3  -1   2  -1  -2  -1   0  -2  -1   1   2  -4   0  -1  -1  -5  -4   1   38   0   0   3   4   2   2   5   3   1   6  10   6   0   4   1   4   0   0  13  0.37 0.33
  243 F     4  -4  -3  -4   0  -1  -3   0  -4  -2   0  -2   1   2  -4  -1  -1   4   0  -1   40   0   1   0   2   3   1   8   0   2   9   2   3  10   0   3   4   7   3   3  0.47 0.36
  244 E     2   0  -3  -2  -3  -1  -1  -1   1   1   1   0   1   2  -3  -1   0  -3  -1   1   18   4   0   2   0   1   3   5   4   9  17   5   3   9   0   2   5   0   1  12  0.11 0.15
  245 V     2  -1  -3  -3  -1  -1   0   2  -1   1  -1   0   0  -2  -2  -2  -1   2  -1   2   17   2   1   0   2   3   8  15   1   9   3   7   2   1   1   0   2   3   3  21  0.19 0.22
  246 L     3  -3  -2  -3  -1  -2   1   1  -4   1   1  -2  -1   0  -4   0  -2  -4  -3   0   28   0   1   0   1   1  11  13   0   9  16   2   1   5   0   5   0   0   0   6  0.28 0.27
  247 M     1   0  -4  -5  -3  -2  -3  -1  -2   0   3   0   3   1  -4  -2  -2  -2  -3   0   15   6   0   0   0   2   1   4   1   5  37   6   9   6   0   1   2   1   0   3  0.38 0.30
  248 K    -1   1  -1   0  -4   2   2   1   2  -2   0   2   0  -3  -3   0  -1  -4  -2  -1    4   6   1   4   0   8  17  12   5   1  11  12   2   1   0   8   3   0   1   4  0.18 0.19
  249 D     0  -1  -1   2  -5   2   4  -2   0  -2  -1  -1   1  -4   1  -1   0  -5  -2  -3   10   2   3  12   0   8  31   2   2   1   5   2   5   0   6   2   5   0   1   1  0.40 0.31
  250 N     1   0   1   2  -3   0   2   1   0  -2  -3  -2  -2  -4   3   0   0  -5  -4  -2   13   4   8  13   0   3  15   9   3   2   2   0   1   0  13   4   6   0   0   2  0.31 0.25
  251 L     1  -1  -1  -1  -2   0   1   0  -1   0   0  -2   1   2  -1  -1   0   4   0   0   11   2   2   4   0   4  14   6   1   4  11   0   6  11   3   4   4   6   2   5  0.11 0.14
  252 F     1   1  -2   0  -3  -1   0  -2  -2  -2  -1   0  -2   4  -2  -2  -2   5   3  -2   13   8   2   7   1   2   5   2   1   1   5   5   1  20   2   2   1  10  11   2  0.37 0.28
  253 F    -1   3  -2   0  -4   1   1  -1  -1  -1  -1   3  -2   0   0  -1   0  -1  -2  -1    5  15   0   5   0   5  11   4   1   4   8  20   1   4   4   2   5   1   1   3  0.19 0.19
  254 E     0   2  -1   1  -4   1   4  -1   0  -3  -3   1  -1  -3   0  -2   0   1  -2  -2    9  13   1   9   0   6  27   4   2   2   1   6   2   1   5   1   6   2   1   2  0.34 0.27
  255 L    -1   1  -2  -2  -5  -1   0  -2   1  -1   0   0   0   2  -5  -3  -2   0   6   0    4   9   1   2   0   2   6   3   3   2  10   7   2   7   0   1   1   1  31   6  0.50 0.35
  256 G     2  -1  -2  -2  -1   2  -1  -1  -3   1   1   0   1  -3  -3   0  -1  -1  -1   1   19   3   1   2   1  11   4   3   0   9  17   7   4   0   0   5   2   1   2   9  0.15 0.19
  257 A     1   2  -1   1  -2   3   2  -2  -2  -2  -2   2  -3  -3  -3  -1   0  -4  -2  -1   16  11   2   8   1  13  16   3   1   3   3  12   0   1   0   1   5   0   1   4  0.31 0.26
  258 H    -3   3  -1   0  -5   4   1  -2   5  -4  -2   0   0  -3  -4  -2  -3  -2   4  -4    2  18   3   5   0  20   7   2  14   1   5   3   3   0   0   2   1   1  15   1  0.62 0.41
  259 S     0   2  -1   0   1   1   0  -2  -2   1  -1  -1  -2  -3  -3   1   0  -4  -2   2    6  13   2   5   3   6   7   1   1  10   6   1   0   0   0  12   5   0   1  20  0.17 0.20
  260 N    -1  -1   2  -2  -3   1   0  -2   4   2   0  -2   2  -2  -4  -2  -1  -4  -1   2    5   3  12   1   0   6   5   2  13  16   7   2   6   1   0   2   3   0   2  16  0.26 0.24
  261 K     1   2   1   1  -4   0   1  -1   1  -3  -2   3  -3  -4  -3  -1   0  -4  -3  -2   15  13   5   6   0   4  10   5   3   1   3  24   0   0   0   4   4   0   0   2  0.33 0.25
  262 M    -1   1   4  -2  -1   2  -1   0  -1  -1   0   1   1  -3  -3  -1   0  -4  -2  -1    3   9  27   0   1   9   4   6   1   3  11   8   4   1   0   2   4   0   1   5  0.30 0.26
  263 A     5  -2  -3  -2   0  -3  -2  -1  -1   0  -3  -1  -1  -5  -4  -1   0  -5  -4   1   57   1   1   2   2   0   2   3   2   5   2   3   2   0   0   2   6   0   0  10  0.74 0.48
  264 A     1   4  -1  -2  -5   3   1  -2   3  -4  -3   3   0  -2  -4  -2  -3  -5  -1  -4   12  23   2   1   0  14   6   2   7   1   2  21   2   1   0   2   1   0   2   0  0.57 0.39
  265 I     1   0  -2  -1  -3   0   1  -4  -1   1   0   0   0   0  -4  -2   0   3   4   1   13   6   1   2   0   5  10   0   1   8   8   5   2   3   0   1   5   4  17  10  0.21 0.22
  266 L    -1  -2  -6  -6  -4  -5  -5  -6  -3   1   5  -5   4   3  -6  -5  -3  -4  -2   0    6   2   0   0   0   0   0   0   1   5  58   0   9  11   0   0   1   0   1   4  1.02 0.53
  267 K     4   1  -1  -2  -4  -2  -2   1  -4  -3  -4   0  -3  -3  -3   0  -1  -5  -4   1   45   9   3   1   0   1   2   9   0   1   0   7   0   1   1   7   3   0   0   9  0.54 0.39
  268 A     1   1   0   3  -5   0   5  -1   0  -5  -5   1  -4  -6  -4   0  -3  -6  -5  -5   10   8   4  14   0   2  39   4   2   0   1   9   0   0   0   8   1   0   0   0  0.72 0.44
  269 G    -1   3  -2  -2  -3   0   1   2  -2  -1   0   0   0   1  -3  -1   0  -2   0   0    5  17   1   2   0   2  11  17   0   2   9   6   2   7   0   2   6   0   3   8  0.16 0.18
  270 L     0  -5  -6  -6   4  -5  -5  -4  -5   0   5  -4   1   2  -5  -4  -3   1  -3   0    7   0   0   0   9   0   0   2   0   4  54   1   2  10   0   1   1   2   0   5  0.88 0.47
  271 E     0   1  -1   2  -4   2   3  -1  -2  -1  -2   1   0  -2  -3  -1  -1  -4  -3  -1    9   9   2  10   0  12  25   3   1   5   4   6   2   1   1   2   4   0   0   3  0.30 0.25
  272 A     2  -1  -1   0  -3   0   3  -3  -3   1  -1   1  -1  -4  -3   0  -1  -2  -3   0   22   3   3   4   0   2  22   1   0  10   5  10   1   0   0   7   3   1   0   6  0.26 0.25
  273 C     1   3  -1  -2   0   0   1  -2   1   0   0   1   0  -3   2  -1  -1  -3   0  -2   13  20   2   1   3   3   8   2   4   5   9   8   3   0   9   2   2   0   4   1  0.19 0.19
  274 G    -3  -5   0  -1  -6  -3  -2   7  -6  -7  -7  -2  -6  -4  -6  -4  -5  -6  -7  -7    1   0   4   3   0   1   3  84   0   0   0   2   0   1   0   0   0   0   0   0  1.98 0.82
  275 I    -2  -3  -3  -5  -4  -4  -3  -2  -1   5   1  -4  -2   3  -5  -2  -3  -3   2   3    2   1   1   0   0   0   1   3   2  33  15   0   0  11   0   3   1   0   8  19  0.63 0.38
  276 R    -1   3   0   0  -5   1   1  -2  -1  -4  -3   3  -4  -3   4  -1  -1  -5  -2  -3    6  17   4   6   0   5   8   2   1   0   2  19   0   1  21   4   4   0   1   1  0.51 0.32
  277 L    -1  -3  -4  -2   1  -1  -3  -4   1   3   3  -2   1  -1  -2  -3  -2  -4  -1   2    5   1   0   3   3   3   1   1   4  21  34   2   3   1   2   0   2   0   2  15  0.42 0.28
  278 A    -1  -1  -1  -2  -3   1   0  -3  -3   1  -1  -2   3  -1  -1  -1   1  -4  -3   4    4   3   4   2   0   9   5   2   0   5   4   1   7   3   2   4   7   0   0  38  0.33 0.29
  279 W    -1   0  -1  -1  -3  -1   1   0  -3  -1  -1   0  -2   1  -3   3  -1   1   0   1    3   4   2   2   0   2  10   7   0   3   4   6   0   6   0  33   3   2   3  11  0.23 0.25
  280 P    -1  -4  -3  -1  -5  -4   1   4  -4  -4  -5  -4  -5  -6   6  -1  -2  -6  -5  -3    4   0   1   4   0   0   8  32   0   1   1   0   0   0  40   4   2   0   0   1  1.15 0.54
  281 S     1  -2   1  -2  -3  -1  -2   3   0  -1  -3  -2  -3  -4   1   1   3  -4  -3   1   11   1   6   2   0   2   1  21   2   2   1   1   0   0   7   8  22   0   0  12  0.32 0.26
  282 A    -1  -3  -1   3  -2   0   1   2  -1  -3  -3  -2  -3  -4  -2   0   3  -4   0  -1    5   0   2  20   1   5   9  14   1   0   1   1   0   0   2   4  25   0   3   6  0.39 0.31
  283 S     0  -3   0   2   0  -2  -1   1  -1   1  -1  -2   0  -3  -2   0   2  -4  -3   1    6   0   4  16   2   1   4  14   2   8   6   0   2   0   1   7  15   0   0  12  0.17 0.18
  284 N    -3  -4   7   0  -5  -1  -2  -4   7  -3  -4  -3  -4  -2  -2  -1  -1  -6  -1  -2    1   0  49   4   0   2   1   0  25   2   2   0   0   2   2   3   3   0   1   3  1.34 0.63
  285 Q     0  -4  -3  -4  -4  -1  -3   0   6   1   2  -4   2   2  -1  -3  -3  -4   0   1   10   0   0   0   0   2   1   8  21   8  18   0   6   9   3   0   0   0   3   9  0.41 0.31
  286 L    -1  -4  -4  -5   0  -2  -4  -3  -4   2   2  -4   2  -1  -4  -2  -2  -4  -2   5    4   0   0   0   2   2   0   2   0   9  21   0   5   2   0   3   0   0   1  47  0.70 0.38
  287 F    -1  -4  -3  -3  -4  -4  -4  -4  -1  -1   2  -4   2   6  -2  -2  -2   4   1   0    5   0   1   2   0   0   0   0   1   3  20   0   6  41   2   3   2   6   2   5  0.81 0.40
  288 P    -2  -4  -4  -4  -3  -3  -2  -2  -4   2   3  -4   2   1   1  -3  -3  -3  -2   3    3   0   0   0   0   0   3   4   0  13  37   0   5   6   7   0   0   0   0  20  0.49 0.30
  289 I    -4  -1   1   7  -6  -1  -2  -2  -2   0  -4  -2  -3  -1  -5  -2  -4  -6  -2  -1    0   3   5  67   0   2   0   2   1   5   1   2   1   2   0   1   0   0   2   5  1.30 0.59
  290 L     0  -2  -4  -2   1  -3  -4  -3  -4   1   4  -3   2   1   0  -1  -1  -4  -3   1    8   1   0   3   4   0   0   1   0   4  50   1   4   5   4   4   3   0   0   7  0.44 0.29
  291 E    -1   3  -1   0  -4   2   4  -1  -1  -4  -3   2  -3  -5  -1   1  -1  -5  -4  -3    5  17   2   4   0   7  30   4   1   0   1  10   0   0   3  14   4   0   0   1  0.47 0.29
  292 N     0   1   2   2  -4   1   2  -1   2  -4  -2   2  -1  -4   2  -1  -2  -4  -1  -3    8   7  14  10   0   6  12   5   5   0   3  14   2   0  10   2   1   0   2   0  0.28 0.19
  293 T     1   2  -1   0  -3  -1   0  -1  -2  -2  -2   1   0  -3   2   2   1  -3   1  -1   14  14   1   4   0   0   6   4   0   0   2   7   4   0  10  17   9   0   5   3  0.19 0.16
  294 M     2   0  -1   0   1   1   2   0  -2  -1  -1   1   0  -2  -1   0   0  -3  -1   0   21   4   2   3   3   6  14   5   0   0   6  11   3   1   2   2   3   0   2  11  0.10 0.12
  295 I     0  -2  -3  -2   0  -2   0  -4  -2   3   2  -1   3  -1   1  -1   0  -3  -1   1    5   1   0   1   3   0   7   0   1  23  16   3  13   1   6   3   6   0   1   9  0.22 0.17
  296 A     2   0   0   1  -2   0   0   1   1  -2  -1   0  -2  -3  -1   1   0  -3  -2  -1   28   3   4   9   0   3   4   9   4   0   6   6   0   0   2  13   4   0   0   4  0.16 0.12
  297 E     0  -2   1   0   3   0   1  -1  -2  -1   2  -1  -1  -1  -1  -1  -1  -3  -2  -1    9   0   8   6   7   6  11   4   0   2  33   3   0   3   2   4   0   0   0   0  0.12 0.14
  298 L     0   2  -3  -3  -3  -2   0  -1  -3  -1   4  -1   0  -1  -3  -1  -1  -3  -2  -1    7  13   0   0   0   0   9   6   0   0  51   2   0   1   0   4   4   0   0   1  0.32 0.22
  299 N    -1   1   3   2  -3   0   2  -2  -1  -2  -1   0   0  -1  -2   0   0  -3  -2  -2    4  11  22  12   0   0  19   1   0   1   7   5   4   4   1   6   3   0   0   1  0.27 0.15
  300 N    -1   3   2   1  -3   0   0  -1  -1  -1  -1   0  -1  -3  -2   0  -1  -3  -2   1    5  28  16   7   0   2   6   3   0   4   7   2   0   0   1   4   3   0   0  12  0.21 0.14
  301 D    -1  -2   1   2  -3   0   0   4  -2  -4  -2  -1  -3  -1  -3   2  -2  -4  -3  -4    0   0   5  13   0   4   4  43   0   0   4   4   0   3   0  19   0   0   0   0  0.55 0.24
  302 F    -1  -4  -4  -4  -3   0  -2  -1  -3  -1  -1  -3  -2   5   0  -3  -3   9   0   0    4   0   0   0   0   4   3   4   0   4   2   0   0  34   4   0   0  29   0   8  1.03 0.34
  303 D    -1   4   2   3  -4   0  -1  -3   2  -3  -2   2  -2  -3  -3  -1  -2   2   0  -3    5  36  11  17   0   3   0   0   5   0   4  10   0   0   0   0   0   3   3   0  0.48 0.22
  304 M    -2  -3  -4  -4  -2  -3  -3  -4  -3   3   1  -2   3   3  -4  -3  -2  -2   2   4    0   0   0   0   0   0   0   0   0  15   7   3  10  18   0   0   0   0   6  37  0.50 0.23
  305 Y     0  -2  -2  -2  -2  -2  -2   1   1   1   0  -1  -1   1  -2   0   0  -1   3   2    4   0   0   0   0   0   0  15   4   8  10   4   0   4   0   9   4   0  14  21  0.13 0.10
  306 T     1   0  -2   0   4  -1   2  -2  -2   0  -1   0  -1  -3  -2   0   1  -3  -2   0   16   7   0   4  11   0  21   0   0   8   5   5   0   0   0   3  11   0   0   8  0.18 0.13
  307 V     0   0   1  -2  -2  -1  -1   2  -2   1  -1   0  -1   2  -3  -1   1  -2   1   0    8   3   8   0   0   0   4  18   0  11   4  10   0  15   0   0   9   0   4   3  0.10 0.10
  308 E    -1   3   0   1  -3   0   3  -1   1  -3  -2   2  -2  -3  -2   0  -2  -3  -2  -3    4  22   3   6   0   0  28   5   4   0   4  15   0   0   0   4   0   0   0   0  0.38 0.16
  309 P     0  -2   1  -2  -2  -1   0  -1  -2  -2  -1   0  -2  -3   5   2  -1  -4  -3   1    8   0   8   0   0   0   5   3   0   0   4   5   0   0  31  21   0   0   0  12  0.48 0.18
  310 L    -1  -2  -3  -1  -2  -2  -2  -1  -3   0   3   0   1  -1   0  -1  -1  -3  -2   2    1   0   0   4   0   0   1   4   0   0  42   9   4   0   5   4   0   0   0  25  0.26 0.16
  311 K    -1   0  -1  -2  -3  -1   0  -1  -2   0   0   3   1  -2   3  -1   1  -3  -2  -1    1   1   0   1   0   0   5   5   0  10   6  32   7   0  18   1  11   0   0   1  0.29 0.13
  312 D     1  -2   2   1  -2  -1   0  -2  -1   0  -1  -1  -1   1  -2   0   1  -1   2   0   18   1  15  10   0   1   5   1   0   7   1   1   0   5   1   1  11   0  13   7  0.13 0.09
  313 G     0  -3   0   0  -3  -2  -2   5  -2  -2  -3  -2  -2  -3   1  -1  -2  -3  -3   0    5   1   4   6   0   1   1  59   0   1   1   1   0   1   7   1   1   0   0  11  0.64 0.17
  314 T     1  -1  -1  -1   1  -1   0  -1  -2   1  -1   0  -1  -2   1   2   2  -3  -2   0   16   1   1   1   4   1   4   1   0  11   1   7   0   1   7  24  18   0   0   4  0.19 0.10
  315 C     1   1  -1  -2   3  -1  -2   3  -2  -3  -3   0  -2  -3   3   1   0  -3  -3  -2   10  12   0   0  10   0   1  28   0   0   1   7   0   0  15   9   5   0   0   1  0.37 0.12
  316 I     0   3  -1  -2  -2  -1   0   3   1   0  -1  -1  -1  -2  -2  -1   0  -3  -2   0    7  23   0   0   0   0   5  29   5   9   7   0   0   0   0   1   6   0   0   5  0.21 0.11
  317 M     1  -2   0   0  -2  -1   0  -2  -2   1   1  -2   4  -2  -3   1  -1  -3  -2   1   10   0   4   6   0   0   6   0   0  10  17   0  20   0   0  17   0   0   0   9  0.17 0.13
  318 R    -2   6  -2  -3  -4   0  -1   0  -2  -4  -4   2  -3  -4  -3   1  -2  -4  -3  -4    0  71   0   0   0   0   0   7   0   0   0  11   0   0   0  11   0   0   0   0  1.03 0.30
  319 L    -2  -3  -1  -4  -2  -3  -4  -4  -3   3   3  -3   2   4  -4  -3  -2  -2   0   1    0   0   5   0   0   0   0   0   0  25  32   0   6  27   0   0   0   0   0   5  0.48 0.16
  320 C    -1  -3   0  -3   2  -2  -3  -3   2   0   0  -2   5  -2  -3  -1   3  -3  -2   3    0   0   6   0   5   0   0   0   6   0   0   0  28   0   0   0  23   0   0  32  0.41 0.21
  321 T     1  -3  -3  -4   8  -3  -4  -3  -4   1   1  -3   1  -2  -3  -1   1  -3  -3  -1   12   0   0   0  45   0   0   0   0   7  19   0   5   0   0   0  11   0   0   0  0.79 0.21
  322 S    -1   2   1  -1  -2  -1  -1  -2   2  -2  -2  -1   3  -3   1   3   1  -3  -2  -2    0  14   7   0   0   0   0   0   6   0   0   0  13   0   8  45   7   0   0   0  0.36 0.16
  323 W     2  -3  -3  -4  -2  -2  -3  -2  -3  -2   1  -3  -1  -1   3  -2  -2   9   0  -2   31   0   0   0   0   0   0   0   0   0  18   0   0   0  16   0   0  36   0   0  0.94 0.18
  324 A     2  -1   2   3  -2   0   1  -1   4  -3  -3  -1  -2  -3  -2   1  -1  -4  -2  -2   25   0   8  27   0   0   7   0  16   0   0   0   0   0   0  16   0   0   0   0  0.40 0.11
  325 T    -1  -2  -2  -3  -2  -2  -2  -3   3   0   2  -2   0  -2   2  -1   3  -3  -1   2    0   0   0   0   0   0   0   0  15   0  24   0   0   0   9   0  28   0   0  24  0.27 0.11
  326 E    -1  -2   0   3  -2   0   3  -2  -2  -2  -1  -1  -2  -3  -2   2   2  -4  -3  -2    0   0   0  23   0   0  22   0   0   0  10   0   0   0   0  29  16   0   0   0  0.36 0.11
  327 E     0   2   0   4  -4   2   3  -2  -1  -4  -3   1  -2  -4  -2  -1  -1  -4  -3  -3    8  16   0  32   0  10  23   0   0   0   0  10   0   0   0   0   0   0   0   0  0.51 0.11
  328 K     1  -1   0   3  -3   2   3  -1  -1  -3  -3   1  -2  -3  -2   1  -1  -3  -3  -2   21   0   0  20   0   9  29   0   0   0   0  10   0   0   0  10   0   0   0   0  0.39 0.07
  329 E    -1  -1   2   2  -3   3   3   1  -1  -3  -2   0   1  -3  -2   0   1  -3  -2  -2    0   0  10   9   0  18  29  13   0   0   0   0  10   0   0   0  10   0   0   0  0.32 0.08
  330 C    -1  -2  -3  -3   4  -2  -3  -3  -3   1   3  -2   2   0  -2  -2  -1  -2  -1   2    1   1   1   1  12   1   1   1   0   1  48   1   8   1   1   1   1   0   0  22  0.29 0.06
  331 H     0   2   0   0  -3   1   4  -2   3  -3  -2   0  -2  -3  -1   1  -1  -3  -1  -2    9  14   1   1   0   1  44   1  12   1   1   1   0   1   1  12   1   0   0   1  0.36 0.06
  332 R    -1   4  -1  -1  -3   2   1  -2  -1  -2  -1   1  -1  -2  -2  -1   1  -2  -2  -2    1  46   1   1   0  10  12   1   0   1   9   1   0   1   1   1  13   0   0   1  0.35 0.07
  333 F     0  -2  -3  -3  -2  -2  -3  -3  -2   2   2  -2   1   4  -2  -2  -1  -1   1   1    9   1   1   1   0   1   1   1   0  27  21   1   0  34   1   1   1   0   0   1  0.27 0.06
  334 V    -1   1  -3  -3  -2  -1  -2  -4  -3   1   3   1   1  -1  -3  -2  -1  -3  -2   2    0   8   0   0   0   0   0   0   0   0  55  14   0   0   0   0   0   0   0  24  0.28 0.07
  335 E     1  -1   1   1  -3   1   5  -2  -1  -3  -3   0  -2  -4  -2   0   1  -3  -3  -2   14   0  10   0   0   0  65   0   0   0   0   0   0   0   0   0  11   0   0   0  0.57 0.11
  336 V     2  -2  -2   1  -1  -2  -2  -2  -3   1   1  -2   0  -2  -2  -1  -1  -3  -2   3   33   0   0  11   0   0   0   0   0   0  11   0   0   0   0   0   0   0   0  45  0.22 0.08
  337 L     0  -3  -3  -4  -2  -2  -3  -3  -2   1   4  -3   1   0  -3  -2  -1  -1   2   1   13   0   0   0   0   0   0   0   0   0  64   0   0   0   0   0   0   0  12  11  0.35 0.08
  338 K     1   3   0   2  -3   1   0  -2  -1  -3  -3   3  -2  -3  -2   0  -1  -3  -2  -2   17  25   0  18   0   0   0   0   0   0   0  39   0   0   0   0   0   0   0   0  0.37 0.04
  339 R    -2   6  -1  -2  -4   1   0  -3  -1  -3  -3   3  -2  -3  -2  -1  -1  -3  -2  -3    0  80   0   0   0   0   0   0   0   0   0  20   0   0   0   0   0   0   0   0  0.80 0.07
  340 L    -1  -3  -3  -4  -1  -3  -3  -4  -3   2   3  -3   1   3  -3  -2  -1  -2   0   3    0   0   0   0   0   0   0   0   0   0  37   0   0  20   0   0   0   0   0  43  0.33 0.04

                      K         Lambda
Standard Ungapped    0.1349     0.3204
Standard Gapped      0.0378     0.2670
PSI Ungapped         0.1236     0.3174
PSI Gapped           0.0378     0.2670
