
Last position-specific scoring matrix computed, weighted observed percentages rounded down, information per position, and relative weight of gapless real matches to pseudocounts
            A   R   N   D   C   Q   E   G   H   I   L   K   M   F   P   S   T   W   Y   V   A   R   N   D   C   Q   E   G   H   I   L   K   M   F   P   S   T   W   Y   V
    1 E    -3  -2  -2   4  -5   6   4  -4  -2  -5  -5  -1  -3  -5  -3  -2  -3  -5  -4  -5    0   0   0  21   0  48  31   0   0   0   0   0   0   0   0   0   0   0   0   0  1.25 0.42
    2 V     0  -4  -4  -4  -3  -2  -4  -4  -4   3   0  -3   0  -2  -1  -1   0  -4  -3   5    6   0   0   0   0   2   0   0   0  18   4   0   1   0   4   5   5   0   0  55  0.63 0.28
    3 K    -1  -2  -1  -3  -4   6   0  -4  -2  -2  -2   1   2  -4  -4  -2   0  -4  -3   3    3   0   2   0   0  45   4   0   0   0   2   7   6   0   0   1   5   0   0  26  0.74 0.39
    4 L    -3  -4  -5  -6  -3  -4  -5  -6  -5   0   5  -4   3  -2  -5  -4   0  -2  -3   2    0   0   0   0   0   0   0   0   0   2  68   0   9   0   0   0   6   0   0  15  1.04 0.42
    5 D    -2  -2  -3  -3  -4   5   0  -4  -3  -1  -2   1  -2  -4  -4  -2   4  -5  -4   2    2   0   0   0   0  28   5   0   0   3   2   7   0   0   0   0  34   0   0  19  0.68 0.40
    6 E    -4  -2  -3  -3  -6   7   4  -5  -3  -6  -5  -2  -4  -6  -4  -2   2  -5  -5  -5    0   0   0   0   0  63  25   0   0   0   0   0   0   0   0   1  11   0   0   0  1.61 0.64
    7 T    -2  -3  -1  -2  -4  -3   0  -3  -4  -5  -3  -3  -4  -5   5   5   1  -3  -4  -4    1   0   2   0   0   0   6   0   0   0   2   0   0   0  29  51   8   0   0   0  1.09 0.48
    8 G    -2  -3  -3  -1  -4  -3   1   5  -1  -5  -3  -3  -4  -5   5   1  -2  -5  -5  -4    1   0   0   3   0   0   9  41   1   0   2   0   0   0  28  12   1   0   0   0  0.94 0.38
    9 G     3  -1  -2  -3  -3  -3  -2   2  -3  -4  -2  -2  -3  -3   3   4  -1  -5  -4  -3   24   4   0   0   0   0   2  18   0   0   3   0   0   1  16  33   1   0   0   0  0.62 0.34
   10 G     0  -2  -2   0  -3  -1   1   2   0  -1   0  -1  -2  -1  -2   2  -1  -3  -1   1    6   1   0   4   0   0  13  21   2   1  12   2   0   2   0  19   2   0   2  13  0.17 0.17
   11 L    -2  -4  -4  -4  -3  -3  -3  -4  -4   1   4  -4   2  -2  -4   2   0  -4  -3   2    0   0   0   0   0   0   0   0   0   4  51   0   5   1   0  18   5   0   0  17  0.64 0.34
   12 V     1  -2  -4  -5  -3  -3  -3  -2  -5   1  -1   0  -2  -1  -4  -2   0  -5  -3   5   12   2   0   0   0   0   1   3   0   3   3   7   0   2   0   2   5   0   0  60  0.72 0.39
   13 Q     0   1  -2  -3  -4   4  -1  -3  -3  -4  -4   4  -3  -3  -2   3   1  -5  -4  -3    6   4   0   0   0  21   1   0   0   0   0  29   0   1   2  26   7   0   0   1  0.67 0.39
   14 P    -1  -4  -4  -4  -5  -4   0  -5  -5  -4   0  -4  -4  -5   7  -2   2  -6  -5  -1    5   0   0   0   0   0   6   0   0   0  10   0   0   0  58   1  14   0   0   5  1.41 0.54
   15 G    -3  -4   1  -2  -6  -4  -4   7  -5  -7  -7  -3  -3  -6  -5   0  -1  -6  -6  -6    0   1   7   2   0   0   1  78   0   0   0   1   1   0   0   6   4   0   0   0  1.67 0.63
   16 R     1  -1  -2   2  -4   4   3   2   0  -5  -5  -1  -3  -5  -2  -1  -1  -5  -4  -4   14   3   1  10   0  22  19  19   2   0   0   3   0   0   1   4   2   0   0   0  0.54 0.33
   17 P    -2   2   0  -3  -4  -1  -1  -3  -3  -2  -4   0   1  -5   0   4   3  -5  -4  -3    0  12   4   0   0   2   2   1   0   3   0   6   5   0   4  38  23   0   0   1  0.64 0.41
   18 M     2  -4  -5  -6  -3  -4  -5  -5  -3   0   3  -5  -1  -3  -5  -3  -2  -5  -4   5   19   0   0   0   0   0   0   0   1   3  25   0   1   0   0   1   1   0   0  49  0.90 0.46
   19 K    -2   3  -1  -3  -4   1  -3  -4  -3  -1  -3   3   0  -5  -4   2   5  -5  -4  -3    1  15   2   0   0   5   0   0   0   3   2  19   2   0   0  13  37   0   0   0  0.72 0.43
   20 L    -4  -5  -6  -6  -4  -5  -6  -7  -6   5   5  -5   3  -1  -6  -5  -4  -5  -4   0    0   0   0   0   0   0   0   0   0  32  54   0   8   1   0   0   0   0   0   5  1.27 0.52
   21 S    -2  -1   1  -2  -4  -3  -2  -4  -1  -5  -4  -1  -4  -5  -4   5   4  -1  -5  -4    0   2   7   1   0   0   2   0   2   0   1   3   0   0   0  51  31   1   0   0  1.08 0.57
   22 C    -5  -8  -7  -8  12  -8  -8  -7  -8  -6  -6  -8  -6  -7  -8  -5  -5  -7  -7  -5    0   0   0   0 100   0   0   0   0   0   0   0   0   0   0   0   0   0   0   0  4.34 1.21
   23 V     1   2  -2  -1  -3   1   1  -2  -1  -2  -3   3  -2  -4  -3   1   3  -2  -3  -2   11  13   0   2   0   7   8   2   1   3   1  19   0   0   0   8  21   0   0   2  0.35 0.25
   24 A     4  -3  -3  -3  -2  -1  -3   0  -3   0  -1  -3  -2  -1  -3   1   0  -3   0   2   40   0   0   0   0   3   0   5   0   4   6   0   0   3   0   9   6   0   4  15  0.38 0.27
   25 S    -1  -3  -1  -3  -4  -3  -3  -2  -4  -5  -5   0  -4  -5  -4   6   1  -5  -2  -4    2   1   1   0   0   0   0   1   0   0   1   5   0   0   0  77   7   0   1   0  1.41 0.63
   26 G    -2  -3  -1  -2  -4   3  -1   5  -3  -4  -2  -1  -3  -4  -1   1  -2  -4  -4  -4    1   0   3   2   0  17   3  51   0   0   4   2   0   0   3  11   2   0   0   1  0.84 0.39
   27 F    -1  -3  -1   1  -3  -1  -2  -1   2   0  -2  -2  -2   5   0   1  -1  -2   3  -2    4   1   3   7   0   3   1   6   5   7   1   1   0  26   4  13   2   0  13   2  0.33 0.22
   28 T    -1  -3   1   1  -3  -2  -1  -1  -3  -1  -1  -2  -1  -3   0   3   3  -4  -1   0    2   0   7   8   0   0   2   3   0   4   5   1   1   0   4  28  24   0   3   7  0.35 0.27
   29 F    -2  -2  -2  -2  -3  -3  -3  -3   0   2   2  -3   0   5  -4  -2   1  -2   1   0    3   2   2   2   0   0   1   2   3  13  19   1   2  28   0   2   9   0   5   7  0.40 0.23
   30 S    -1  -1   0  -1  -3  -3  -2   2  -1  -1  -4  -3  -3  -4  -2   5   3  -5  -3  -3    2   3   4   2   0   0   1  15   1   4   1   0   0   0   1  43  20   0   0   1  0.67 0.41
   31 D    -2  -1   3   2  -3  -1  -1   1   1   0  -4  -1  -3  -4  -1   3   0  -4  -2  -2    1   3  17  10   0   1   1   9   4   7   1   2   0   0   3  30   5   0   1   2  0.38 0.28
   32 Y    -3  -3   1  -1  -4  -3  -2  -3   1  -3  -2  -2  -1   1  -4   0   1  -2   7  -2    1   1   7   4   0   1   2   1   3   1   2   2   2   4   0   8   8   0  49   2  1.00 0.47
   33 W     1   0  -1   0  -1  -3  -2   1  -1  -3  -3  -2  -3   1  -3   0   0   7   5  -3   11   6   2   6   1   0   1   9   1   1   2   1   0   4   1   5   6  14  25   1  0.58 0.31
   34 M    -1  -5  -5  -6  -4  -4  -5  -5  -5   3   3  -4   7  -3  -2  -4  -3   3  -2   2    4   0   0   0   0   0   0   0   0  15  29   0  31   0   2   0   0   4   1  12  1.02 0.48
   35 N     0   1   3  -1  -3  -1  -1  -1   4  -4  -3  -1  -3   1  -3   2  -2  -1   4  -4    8   7  15   2   0   2   3   4  13   0   2   2   0   5   0  17   1   1  15   0  0.41 0.28
   36 W    -7  -7  -7  -7  -7  -6  -2  -7  -6  -7  -5  -7  -6  -4  -7  -5  -6  13  -2  -7    0   0   0   0   0   0   4   0   0   0   1   0   0   0   0   1   0  92   0   0  4.55 1.29
   37 V    -3  -2  -5  -6  -5  -5  -5  -6   1   1  -1  -5  -3   2  -6  -2  -4  -2   7   4    1   2   0   0   0   0   0   0   2   7   6   0   0   9   0   2   0   0  42  29  1.22 0.56
   38 R    -4   6  -3  -4  -6   6  -2  -6  -2  -6  -2   2  -4  -3  -5  -4  -4  -6  -5  -3    0  44   1   0   0  37   0   0   1   0   4   9   0   1   0   0   0   0   0   2  1.46 0.67
   39 Q    -5  -2  -4  -1  -6   9  -1  -5  -3  -6  -6  -1  -4  -6  -5  -4  -5  -6  -2  -6    0   1   0   4   0  86   2   0   0   0   0   2   0   0   0   0   0   0   1   0  2.39 0.94
   40 S     2   1  -2   0  -4  -1  -2  -2   1  -4  -2   4  -1  -2   2   0   0  -4   0  -2   20   8   0   4   0   1   1   2   3   0   2  27   1   2  12   7   5   0   3   2  0.36 0.27
   41 P    -1  -4  -2  -3  -6  -3  -4  -5  -1  -4  -3  -2  -2  -6   8   0  -1  -7  -6  -4    6   1   1   1   0   1   0   0   2   1   2   2   1   0  71   6   4   0   0   1  1.89 0.72
   42 E    -2  -2   0   0  -6  -3  -1   6  -1  -6  -6  -2  -2  -6  -5  -1  -4  -6  -6  -4    2   2   4   6   0   0   5  70   1   0   0   2   1   0   0   5   0   0   0   1  1.37 0.57
   43 K    -2   0  -1  -3  -5   5   0  -1   3  -5  -4   5  -4  -5   0  -1  -2  -5  -4  -5    2   3   2   0   0  27   6   4   7   0   1  37   0   0   4   4   2   0   0   0  0.84 0.47
   44 G     2  -1  -2  -1  -3  -1  -1   4   1  -4  -3  -1  -3  -4   2   1  -1  -4  -1  -3   17   3   0   2   0   2   2  38   4   0   2   3   0   0   9  10   3   0   2   1  0.53 0.30
   45 L    -3  -3  -4  -5  -5  -2  -3  -4   0  -2   4  -4  -2   1   6  -3  -4  -5  -4  -2    1   2   1   0   0   2   1   1   2   1  42   0   0   6  37   2   0   0   0   2  1.06 0.50
   46 E    -3   2  -2  -2  -5   2   5  -4   0  -4  -5   3  -4  -5  -4  -3  -2  -5  -4  -2    0  12   1   1   0  10  47   0   2   1   0  19   0   0   0   0   2   0   0   3  0.97 0.48
   47 W    -3  -3  -5  -3  -4  -4  -5  -3  -1  -2   3  -3  -2   3  -4  -4  -1   9   2  -3    2   1   0   2   0   0   0   2   1   1  28   2   0  14   1   1   4  33   7   1  1.33 0.52
   48 V    -3  -4  -5  -5  -4  -2  -3  -5  -5   4   4  -4   3  -2  -5  -4  -3  -4  -3   2    0   0   0   0   0   2   2   0   0  24  50   0   7   0   0   0   0   0   0  13  0.96 0.43
   49 A     1  -3  -3  -3   0  -3  -3   3   0   4   0  -3   1  -1  -3  -1  -1  -3   0   0   14   0   0   0   2   0   0  24   3  29   6   0   4   1   1   5   2   0   3   3  0.38 0.26
   50 Q    -2   1  -2  -2  -3  -1  -1  -2  -1   0  -1  -1  -2   0  -3   0  -1   3   6   0    3   9   1   2   0   2   5   2   1   5   6   4   1   2   1   7   3   3  37   6  0.52 0.30
   51 I    -1  -1  -2  -2  -3  -1  -2  -3  -2   4   0  -2   0   1  -3   0  -1   1   3   1    5   3   2   2   0   2   3   1   0  33   8   3   1   4   1   7   2   2  13   9  0.29 0.20
   52 R     1   1   2   0  -2   0  -1  -1   0  -2  -2   0  -1   1  -2   1   0   0   4  -1   12   8  11   6   0   3   2   4   2   1   2   5   1   6   2   9   5   1  17   3  0.17 0.14
   53 N     0   0   1   0  -2  -1  -1  -1  -2  -2  -1  -1  -2  -2  -2   4   1   1   0  -1    5   4   8   6   0   1   3   3   1   2   6   2   1   1   1  37  10   2   3   3  0.30 0.20
   54 K     0   0   1   2  -1   0   0   1  -1  -1  -1   0  -1  -2  -1   0   1   2   0  -1    7   6   9  12   1   3   4  10   1   3   4   7   1   1   3   7   9   3   3   4  0.09 0.05
   55 P     0   0  -1   0  -2   0   0   0  -2  -1   1  -1  -1  -2   3   1   0  -1  -2   0    7   4   1   7   1   3   4   9   1   2  17   4   1   1  15  11   6   1   1   5  0.14 0.08
   56 Y    -1  -1   1   0  -2   1   1   0   1   0  -1  -1  -1   0   1   1  -1   0   1  -1    3   3   8   5   1   5   9   7   5   8   5   3   1   5   5  14   2   1   6   4  0.06 0.06
   57 N     0  -1   2   2  -2  -1  -1   1   0  -2  -2   0  -2  -1   0   3   0  -1   0  -2    4   2  11  12   0   1   2  10   2   3   2   5   0   2   4  26   6   1   3   3  0.21 0.16
   58 Y    -1   0  -1   0  -4   0   0   4  -2  -4  -4   1  -3  -2  -3   1  -2  -3   2  -3    3   4   2   6   0   4   7  40   0   1   1   8   0   2   1  10   2   0   8   1  0.50 0.27
   59 E     0  -1   1   1  -2   0   0   1  -1  -1  -2   0  -1  -2  -2   1   2  -2   0  -1    6   3   8  10   0   3   6  11   0   3   2   6   1   1   1  15  13   0   3   5  0.14 0.10
   60 T    -1  -1   1   0  -2   0  -1  -1   0   0  -2   0   0  -1   0   1   3  -2   0   0    3   1   5   4   1   5   3   5   2   7   3   5   2   2   3  12  28   0   4   5  0.18 0.14
   61 Y    -1   1   3   1  -2   0   0  -1   1  -1  -2   0  -2  -1  -1   0   0   0   3  -2    3   6  18   7   0   3   7   5   3   5   4   6   1   1   2   6   7   1  13   2  0.17 0.13
   62 Y    -2   2  -2  -2  -3  -1  -1  -2   2   0   0  -2   0   0  -1  -2  -2   1   6  -1    2  13   1   2   0   2   4   3   4   4   9   2   3   1   3   2   1   1  38   3  0.60 0.28
   63 S     3  -2   2  -1  -2   0  -2   1  -2  -2  -2  -2  -1  -2   2   1  -1  -3  -2  -1   26   1  12   2   0   4   2  13   0   2   4   1   2   1  13  10   2   0   1   3  0.29 0.19
   64 D     0  -2  -1   2  -3   1   2  -1  -2  -3  -3  -1  -3  -3   3   2   0  -3  -3  -2    6   1   2  14   0   7  16   5   0   2   2   3   0   1  16  18   5   0   1   2  0.38 0.21
   65 S     0   0  -1  -1  -2  -1   0   3  -1  -3  -2   1  -2  -2  -2   2  -1   3  -2  -2    5   5   2   2   0   2   6  29   1   1   4  10   0   1   1  19   3   4   1   3  0.31 0.18
   66 V    -1  -4  -4  -4  -3  -2  -2  -5  -4   2   1  -2  -1   3  -3  -3  -1  -3   1   5    3   0   0   0   0   2   3   0   0  11  12   2   0  15   1   0   3   0   4  43  0.61 0.33
   67 K    -3   0  -1  -3  -5   2  -2  -4  -2  -4  -5   5  -4  -6   5   0  -3  -5  -5  -5    0   5   3   0   0   8   1   0   1   1   0  39   0   0  34   6   1   0   0   0  1.18 0.53
   68 G     0  -3  -1   3  -4  -2   1   4  -3  -4  -5   1  -4  -5  -2   2  -1  -5  -4  -3    7   0   2  17   0   0   8  32   0   0   0   7   0   0   2  20   2   0   0   1  0.58 0.33
   69 R    -4   8  -2  -2  -6  -2  -3  -5  -2  -5  -5   3  -4  -5  -5  -4  -4  -3  -4  -5    1  76   2   2   0   1   0   1   1   0   1  13   0   0   0   1   0   0   0   0  1.90 0.70
   70 F    -1  -4  -1  -5  -4  -4  -4  -4  -3   1   0  -4   0   7  -5  -1  -2  -2   1   1    5   0   3   0   0   0   0   0   0   7   7   0   1  56   0   4   2   0   2  10  1.05 0.43
   71 T    -1  -2  -2  -2  -3  -2  -1  -3   1   0  -3  -1  -1  -4  -3   4   5  -4  -3  -2    3   1   0   1   0   1   3   0   3   6   1   2   1   0   0  37  36   0   0   1  0.74 0.41
   72 I     1  -4  -3  -4  -3  -3  -2   4  -4   3   0  -3   1   0  -2  -2  -2   1  -3   0   13   0   0   0   0   0   2  30   0  26  10   0   3   4   2   2   0   2   0   6  0.43 0.27
   73 S    -1  -3  -1  -3  -4  -1  -1  -1  -2  -4  -3  -2  -3   0  -3   5   3  -5  -4  -2    2   0   2   0   0   2   4   3   1   0   3   1   0   4   0  58  18   0   0   2  0.85 0.48
   74 R    -1   4  -1  -2  -2  -1   0  -2  -2  -1   0   2   0   1   0  -1  -1  -2   0   0    5  27   2   1   0   1   4   2   1   3  10  14   3   7   4   3   2   0   3   9  0.21 0.14
   75 D    -2  -2   2   5  -2   0   0  -1  -1  -1  -2  -1  -2  -2   1   1   0  -3  -2  -2    3   2   8  40   1   3   2   3   2   3   5   2   1   1   7   9   4   0   1   3  0.46 0.19
   76 D     0  -1   2   0  -3  -2  -1   3  -2  -3  -3   2  -2  -2  -2   1   2  -4  -3  -3    7   2  12   4   0   0   2  23   0   0   1  16   1   2   1  12  13   0   0   1  0.34 0.22
   77 S     1  -3  -1   0  -4   0  -2  -2  -1  -4  -4   0  -2  -5  -2   6   0  -5  -2  -4    9   0   1   4   0   3   1   2   1   1   1   4   1   0   1  62   4   0   1   0  0.85 0.49
   78 K    -1   1   0  -1  -3   0   0   3   0  -3  -3   2  -2  -3  -1   1   1  -4  -3  -3    3   6   3   3   0   4   3  27   2   2   2  19   1   1   2  13   8   0   0   1  0.33 0.21
   79 S     0  -1   4  -1  -3  -1  -1  -1  -3  -4  -3  -1  -3  -4  -2   3   3  -5  -4  -2    5   3  22   2   0   1   3   4   0   0   2   2   0   0   2  30  21   0   0   2  0.54 0.33
   80 S     0   0   0   3  -3   2   0  -3   1  -1  -2  -1  -2  -2  -3   2   3  -4  -1  -2    6   3   3  17   0  10   3   0   4   4   2   2   1   2   0  14  23   0   1   1  0.30 0.24
   81 V     2  -1  -3  -4  -1  -3  -3  -1  -3  -1   1  -3  -1   5  -1  -1  -1  -2   2   1   17   3   0   0   1   0   0   4   0   0  15   0   0  30   3   5   3   0   7  10  0.40 0.26
   82 Y    -1  -3  -1  -2  -3  -3  -3  -3   2   0  -2  -3  -2   2  -3   2   3  -2   5  -1    4   0   3   2   0   0   0   0   4   6   2   0   0   8   0  17  23   0  26   3  0.56 0.34
   83 L    -4  -5  -6  -6  -4  -5  -5  -6  -5   0   6  -5   4   0  -5  -5  -3  -4  -4  -2    0   0   0   0   0   0   0   0   0   4  81   0  10   3   0   0   1   0   0   0  1.45 0.57
   84 Q    -2   0   1  -1  -4   4   1  -3   2  -1  -2   2  -3  -4  -3   0   4  -4  -3  -3    1   4   7   2   0  19   9   1   4   3   2  11   0   0   1   4  32   0   0   0  0.51 0.33
   85 M    -4  -5  -5  -6  -4  -4  -5  -6  -5   6   3  -2   6  -1  -5  -5  -3  -1  -4   0    0   0   0   0   0   0   0   0   0  50  22   3  20   1   0   0   0   1   0   2  1.19 0.50
   86 N    -1  -1   2   0  -1   1  -2  -2   1  -3  -3  -1   1  -4  -2   4   2  -5  -4  -3    4   3  12   4   1   5   0   1   3   1   1   2   5   0   1  41  15   0   0   1  0.54 0.37
   87 N     0   0   3   1  -3  -2  -1   2  -3  -5  -5  -2  -4  -5   1   4  -1  -5  -2  -4    4   6  14   6   0   0   2  13   0   0   0   1   0   0   6  42   2   0   2   0  0.59 0.37
   88 L     0  -4  -5  -5  -3  -4  -4  -5  -5   1   4  -4   2  -2  -3  -1  -1  -4  -3   3    9   0   0   0   0   0   0   0   0   3  50   0   4   0   1   5   3   0   0  25  0.74 0.38
   89 R    -3   3  -2  -1  -5   5   2  -4  -1  -5  -4   3  -3  -5  -2  -1   2  -5  -4  -4    0  15   1   2   0  31  14   0   1   0   0  15   0   0   1   2  14   0   0   0  0.77 0.43
   90 A     2  -3  -3  -3   2   0  -1  -2  -3  -3  -1  -1  -1  -3   4   2   1   0  -2  -1   20   0   0   0   4   3   3   1   0   0   5   4   1   1  24  17   9   1   1   5  0.44 0.28
   91 E    -1  -2   0   1  -5   1   6  -2  -3  -5  -5  -1  -3  -5  -4   0  -2  -5  -4  -2    6   1   4   7   0   4  56   3   0   0   0   2   0   0   0   7   2   0   0   4  0.85 0.44
   92 D    -5  -5  -1   8  -7  -2  -1  -5  -4  -6  -7  -4  -6  -7  -5  -4  -4  -7  -6  -6    0   0   1  91   0   2   2   0   0   0   0   0   0   0   0   0   0   0   0   0  2.41 0.82
   93 M     0  -2  -2  -1  -3  -2   2  -3  -3  -2  -3  -3   1   0  -3   3   4  -5  -3  -2    8   1   0   2   0   0  15   0   0   2   2   0   4   4   0  28  33   0   0   2  0.58 0.39
   94 G     6  -4  -4  -2  -4  -4  -4   2  -5  -5  -5  -4  -4  -5  -4   0  -1  -6  -5  -3   76   0   0   3   0   0   0  15   0   0   0   0   0   0   0   3   3   0   0   1  1.33 0.60
   95 I    -2  -3  -2   1  -3  -3  -2  -4  -2   1   0  -3   3   0  -4  -1   3  -4  -2   4    0   1   1  10   0   0   2   0   1   7   5   0   8   4   0   3  24   0   1  33  0.46 0.32
   96 Y    -6  -6  -6  -7  -6  -5  -6  -7  -2  -5  -3  -6  -5   1  -7  -6  -5  -1  10  -5    0   0   0   0   0   0   0   0   0   0   2   0   0   3   0   0   0   0  95   0  3.08 0.91
   97 Y    -5  -5  -5  -6  -5  -1  -5  -6   1  -4  -1  -5  -3   5  -6  -5  -2  -1   8  -4    0   0   0   0   0   3   0   0   3   0   6   0   0  27   0   0   2   0  58   0  1.87 0.64
   98 C    -4  -8  -7  -8  12  -7  -8  -7  -7  -5  -5  -7  -6  -7  -7  -5  -5  -6  -7  -5    0   0   0   0 100   0   0   0   0   0   0   0   0   0   0   0   0   0   0   0  4.13 1.03
   99 T     5  -3  -3  -4  -2   4  -2   0  -2  -4  -2  -3   1  -5  -4  -1  -2  -5  -4  -2   59   0   0   0   0  19   1   5   0   0   4   0   4   0   0   3   2   0   0   2  0.84 0.44
  100 S    -1   4  -2  -3  -4   3  -2  -1   0  -1  -1   0   0  -4  -3   2   1  -4  -3   0    5  30   0   0   0  15   0   4   2   2   5   1   2   0   0  15   7   0   0   9  0.39 0.27
  101 Y    -2   0  -1   1  -3  -1  -1   1   1  -1  -2  -2  -2  -1  -3   1  -1   6   4   0    2   5   2   9   0   2   2  11   3   2   2   1   0   1   1  14   3  13  18   7  0.36 0.22
  102 G     0  -1   1   0  -3  -1  -1   3   1  -2  -2  -1  -2  -1  -1   1   0   0   2  -2    8   2   7   6   0   1   2  27   5   2   3   2   0   1   3  12   5   1  10   2  0.23 0.15
  103 Y     0  -1   2  -1  -3  -1   1   0  -1  -3  -3  -1  -1   1  -2   2   1   1   3  -2    6   3   9   2   0   0  11   6   1   1   1   1   1   7   1  24  10   2  15   1  0.27 0.21
  104 H     0  -3   0  -1  -3  -1   0   0  -1  -1  -1  -2   0   1   2  -1  -1   3   4  -1    7   0   6   4   0   2   5   8   1   2   7   0   2   6  12   4   3   4  22   4  0.25 0.18
  105 G    -2  -3   0  -2  -4  -2   1   1   0  -3  -2   0   1   3   4   0   0  -3   0  -2    1   0   5   1   0   0   9  11   3   0   3   7   5  14  26   5   6   0   2   2  0.40 0.23
  106 A     0   0  -1   3  -3   0  -1  -3  -2   0   0  -1   0   0  -1   0  -1   3   2   0    9   5   1  20   0   5   2   0   0   4  13   2   3   5   3   5   1   4   9   7  0.14 0.14
  107 Y    -2  -4  -3  -4  -4  -3  -4  -3   1   1  -2  -2  -2   0  -4  -1   4  -2   6   2    2   0   0   0   0   0   0   2   3   6   1   2   1   2   0   3  29   0  32  18  0.78 0.40
  108 W    -5  -6  -6  -6  -5  -6  -6  -6  -5  -4  -2  -6  -3   8  -6  -3  -5   9   0  -4    0   0   0   0   0   0   0   0   0   0   2   0   0  63   0   3   0  31   0   0  2.42 0.64
  109 G    -1  -5  -3  -4  -6  -5  -5   7  -5  -7  -7  -5  -6  -6  -5  -3  -5  -6  -6  -6    3   0   0   0   0   0   0  97   0   0   0   0   0   0   0   0   0   0   0   0  2.30 0.63
  110 Q     0  -2  -2  -1  -4   3   0   3  -3  -4  -4   1  -3  -5   2   1   1  -4  -4  -3    8   0   0   1   0  20   5  21   0   0   0   7   0   0  12  12  11   0   0   0  0.47 0.26
  111 G    -3  -6  -4  -4  -6  -5  -5   7  -5  -7  -7  -5  -6  -6  -5  -3  -5  -6  -6  -4    0   0   0   0   0   0   0  98   0   0   0   0   0   0   0   0   0   0   0   2  2.34 0.64
  112 T    -3  -4  -3  -4  -4  -4  -4  -5  -5  -4  -5  -4  -4  -6  -4   0   8  -6  -5  -3    0   0   0   0   0   0   0   0   0   0   0   0   0   0   0   3  97   0   0   0  2.20 0.72
  113 L    -2   3  -2  -2  -4   0   1  -4   0  -2   1   4   1  -2  -2  -1   2  -4  -3  -3    0  18   0   1   0   3   8   0   2   1  17  29   3   1   1   2  14   0   0   0  0.42 0.25
  114 V    -3  -5  -6  -6  -4  -5  -5  -6  -6   0   5  -5  -1  -2  -5  -5  -3  -5  -4   4    0   0   0   0   0   0   0   0   0   0  63   0   0   0   0   0   0   0   0  37  1.25 0.46
  115 T    -2  -3  -2  -3  -3  -1   2  -4  -2   0  -1  -2  -3  -4  -3   1   6  -5  -4   1    0   0   0   0   0   1  15   0   1   4   4   2   0   0   0   8  54   0   0  10  0.74 0.37
  116 V    -3  -5  -6  -6  -3  -5  -5  -6  -6   4  -2  -5  -2  -2  -5  -4  -3  -5  -4   7    0   0   0   0   0   0   0   0   0  18   0   0   0   1   0   0   0   0   0  81  1.55 0.51
  117 S     0  -2  -1  -2  -2  -2  -2  -2  -3  -3  -4  -2  -3  -4  -2   6   3  -4  -3  -3    0   0   0   0   0   0   0   0   0   0   0   0   0   0   0  76  24   0   0   0  0.98 0.29
  118 A     3  -2  -1  -2  -2  -1  -1  -1  -2  -3  -3  -1  -2  -4  -2   5   0  -4  -3  -2   25   0   0   0   0   0   0   0   0   0   0   0   0   0   0  75   0   0   0   0  0.80 0.21

                      K         Lambda
Standard Ungapped    0.1333     0.3164
Standard Gapped      0.0517     0.2670
PSI Ungapped         0.1690     0.3177
PSI Gapped           0.0517     0.2670
