
Last position-specific scoring matrix computed, weighted observed percentages rounded down, information per position, and relative weight of gapless real matches to pseudocounts
           A  R  N  D  C  Q  E  G  H  I  L  K  M  F  P  S  T  W  Y  V   A   R   N   D   C   Q   E   G   H   I   L   K   M   F   P   S   T   W   Y   V
    1 M   -3 -3 -4 -4 -4  3 -3 -5 -3  0  2 -3  6  4 -4 -3 -3 -3 -1 -2    0   0   0   0   0  21   0   0   0   3  24   0  34  19   0   0   0   0   0   0  0.82 0.33
    2 K   -3  2  1 -3 -5  2 -2 -4  2 -5 -5  5 -4 -5 -4 -1  4 -6 -4 -4    0   9   6   0   0   8   1   0   6   0   0  36   0   0   0   2  32   0   0   0  0.94 0.48
    3 V   -3 -6 -6 -6 -4 -5 -6 -6 -6  6  0 -5 -2  0 -5 -5 -3 -5 -4  5    1   0   0   0   0   0   0   0   0  52   7   0   0   4   0   0   0   0   0  36  1.32 0.46
    4 G    4 -5 -4 -5  1 -4 -5  6 -5 -6 -6 -4 -5 -6 -5 -1 -2 -6 -6 -5   35   0   0   0   3   0   0  57   0   0   0   0   0   0   0   3   1   0   0   0  1.42 0.51
    5 F   -4 -5 -6 -6 -4 -2 -5 -6 -5  5  1 -5 -2  4 -5 -5 -3  0  0  4    0   0   0   0   0   2   0   0   0  38   8   0   0  18   0   0   0   1   3  30  1.02 0.41
    6 I   -2 -6 -6 -6 -4 -5 -6 -7 -6  7  2 -6  1 -2 -6 -5 -4 -5 -4  2    2   0   0   0   0   0   0   0   0  66  17   0   3   1   0   0   0   0   0  11  1.42 0.50
    7 G   -4 -6 -4 -5 -6 -6 -6  8 -6 -8 -8 -5 -7 -7 -6 -4 -5 -6 -7 -7    0   0   0   0   0   0   0 100   0   0   0   0   0   0   0   0   0   0   0   0  2.62 0.77
    8 L    1 -4 -5 -5 -1 -4 -5 -3 -3 -2  4 -4  2  2 -5 -2  0 -2  5 -2   12   0   0   0   1   0   0   1   0   0  41   0   5   7   0   2   8   0  23   0  0.73 0.36
    9 G    1 -6 -4 -2 -6 -5 -5  7 -6 -7 -7 -5 -6 -7 -6 -4 -5 -6 -7 -6   11   0   0   3   0   0   0  86   0   0   0   0   0   0   0   0   0   0   0   0  2.10 0.72
   10 I    0  1  2 -1 -3 -1 -1 -1  1  0 -2 -1 -1 -3 -3  2 -1 -4  1  2    7   8  12   2   0   1   3   3   4   5   2   3   2   0   0  23   1   0   5  19  0.21 0.22
   11 M   -3 -4 -5 -6 -5  4 -4 -6 -5  3  0 -4  8  0 -6 -5 -4  4 -4  0    2   0   0   0   0  22   0   0   0  17   8   0  36   4   0   0   0   6   0   5  1.24 0.59
   12 G   -2 -6 -4 -5 -6 -6 -6  7 -6 -8 -8 -5 -7 -7 -6 -1 -5 -7 -7 -7    3   0   0   0   0   0   0  93   0   0   0   0   0   0   0   4   0   0   0   0  2.39 0.82
   13 K    0  1  1 -3 -2  2  0 -2  5 -3 -1  1 -1  0 -3  2  0 -4 -2 -2    6   8   5   0   1  10   4   2  17   1   5   9   2   4   0  16   7   0   0   2  0.31 0.26
   14 P    3 -2  3 -3 -1  0 -2  0 -1 -3 -3 -1 -1 -2  3  0  0 -1 -4 -2   33   1  14   0   1   4   1   5   2   1   1   4   1   2  16   7   4   1   0   1  0.45 0.33
   15 M   -1 -4 -4 -5 -4  0 -4 -5  5  2  3 -4  5 -1 -5 -4 -1 -1 -3  1    6   0   0   0   0   5   0   0  16  11  27   0  17   2   0   0   5   1   0  10  0.68 0.40
   16 S    6 -5 -5 -5  0 -4 -4 -1 -5  0 -3 -4 -1 -5 -4  1 -3 -6 -5  0   69   0   0   0   2   0   0   4   0   5   2   0   1   0   0  10   0   0   0   7  1.18 0.61
   17 K   -2  2  0 -2 -2  3  0 -2 -2  0  2  2 -1 -2 -4  0 -1 -1 -3 -1    2   9   4   1   0  16   4   3   1   4  24  16   1   1   0   6   2   1   0   4  0.24 0.23
   18 N   -1  2  6 -1 -2 -1 -3 -2  0 -1 -1 -1  1 -1 -4  1  0 -5 -2 -2    4  10  41   1   1   1   0   2   2   4   7   3   4   2   0   8   5   0   1   2  0.57 0.36
   19 L   -1 -4 -5 -5  1 -4 -5 -4 -4  1  5 -4  3  2 -5 -4 -2 -3  0 -1    6   0   0   0   3   0   0   1   0   7  55   0   8   9   0   0   2   0   3   2  0.79 0.40
   20 L    1  2  0 -2 -3  0  1 -2 -1  1  0  3  1 -3 -3 -1 -1 -4 -2  0   14  11   4   1   0   3   9   1   1  11  11  19   3   0   0   2   2   0   1   5  0.18 0.18
   21 K    1  1  1  4 -4 -1  1  0 -1 -3 -4  1 -4 -4  0  0 -2 -5 -2 -3   13   7   7  29   0   2   9   7   1   1   0  10   0   0   3   6   1   0   1   1  0.42 0.27
   22 A    1  0  1 -2 -3  0 -2 -3  3 -2 -2  2  0  2 -3  3 -1  4  0 -3   11   4   7   1   0   3   1   0   8   3   4  13   2  10   0  23   2   6   3   0  0.30 0.26
   23 G   -3 -3 -2 -4  0 -3 -5  7 -5 -6 -6 -3 -5 -6 -3 -3 -4 -5 -6 -3    0   1   2   0   2   1   0  84   0   0   0   1   0   0   1   1   0   0   0   2  1.89 0.71
   24 Y   -2 -4 -3 -4  1 -3 -1 -2  5 -1  1 -3  2  4 -2 -3 -3 -2  4  1    2   0   1   0   4   1   4   4  15   2  13   1   5  21   2   1   0   0  13  11  0.52 0.31
   25 S   -2  0  2  3 -4  2  0 -2  0 -3 -3  2 -3 -4  2  0  1 -4 -2 -1    1   5  13  16   0   8   4   1   1   1   1  13   0   0   9   7  11   0   2   4  0.33 0.24
   26 L   -2 -1 -4 -4  0 -1 -4 -4 -4  2  1 -3  1 -3 -4 -3  0 -4 -3  5    0   4   0   0   2   3   0   0   0   7  13   0   2   0   0   0   5   0   0  60  0.76 0.40
   27 V   -1  2 -1 -3  1 -2 -2 -3  1  3  0 -1  0  0 -3  0  1  1  1  2    3  13   3   0   3   0   0   0   5  21   4   2   1   4   0   6  10   2   5  17  0.17 0.17
   28 V    0 -3 -3 -4  3 -3 -3  1 -3  2  1 -3  0 -1 -3 -2 -1 -3  0  4    7   0   0   0   6   0   0  14   0   9  10   0   2   2   0   0   2   0   3  41  0.40 0.26
   29 S   -1 -3 -3 -3  0 -2 -3  2  1 -1 -1 -3 -2  2 -3 -2 -1  6  5  0    5   0   0   0   2   2   1  18   4   3   5   0   0   9   0   2   3  11  26   6  0.54 0.28
   30 D   -1 -1  3  4 -1 -1 -1 -1 -2 -1  0  0 -2 -3 -3  1  1 -4 -3 -1    5   2  15  25   1   1   2   4   0   2  14   6   0   0   0  12   7   0   0   3  0.25 0.20
   31 R   -2  5 -2 -3 -4 -1 -1  0 -1  1  0  0 -1 -3  0 -2 -2 -3  0  0    2  44   0   0   0   0   3   9   2   9   8   4   2   0   4   1   2   0   3   7  0.47 0.30
   32 N   -1  0  3  0 -4 -1  1 -2 -2 -4 -3  0 -2 -3  1  2  3 -4 -1 -3    3   6  15   4   0   2   9   2   1   0   1   5   1   1   7  15  24   0   3   1  0.37 0.30
   33 P    0  2 -1 -1 -4  0  0  2 -3 -2 -2  0 -3 -2  4  0  0 -4 -1 -2    5  11   2   2   0   5   6  18   0   2   3   4   0   1  22   6   7   0   2   2  0.35 0.23
   34 E    0 -1  0  2 -3  0  3  0 -1 -4 -3  2 -2 -3 -1  3 -1 -4 -3 -2    7   2   3  10   0   2  19   6   1   0   2  14   1   1   2  26   2   0   0   2  0.37 0.29
   35 A    2  1 -1 -3 -3  0 -1 -2 -1 -2  0  4 -2 -4 -2  1 -1 -4 -1  0   16   8   3   0   0   4   1   1   1   2   8  32   0   0   1  12   2   0   2   6  0.34 0.29
   36 I    0 -2 -2 -3  3 -3 -2 -2 -3  1 -1 -2  0 -1 -2  2  2  3 -2  3    8   2   1   1   7   0   1   2   0   7   4   1   2   3   2  19  15   4   1  21  0.27 0.25
   37 A    0  1  1  4 -4  1  3 -3 -2 -3 -3  1 -3 -4 -1 -2 -1  4 -2 -3   10   7   5  23   0   6  18   1   0   1   2  11   0   0   3   1   3   5   1   1  0.42 0.29
   38 D    1  0 -1  1 -4  2  3  1 -1 -4 -3  2 -2 -4  0  0 -1 -1 -3 -3   12   5   2   6   0   9  23   9   1   0   2  14   1   0   4   5   2   1   0   1  0.32 0.25
   39 V    1 -1 -3 -3 -3 -2 -2 -4 -3  1  2  1  0  3 -4 -2 -1  0 -2  1   13   2   1   1   0   1   2   0   0  10  25  13   1  15   0   1   3   1   0  10  0.28 0.24
   40 I    2  0  0 -3 -3  1  0 -3 -2  0  1  2  1 -1 -2 -1 -1 -4 -3  2   22   4   4   0   0   8   6   0   1   4  12  13   3   2   1   2   2   0   0  15  0.17 0.20
   41 A    2 -1  0  1 -4  2  4 -3 -2 -4 -3  2 -3 -4 -1  1  0 -5 -4 -2   16   2   5   6   0   9  28   1   0   0   2  12   0   0   2   9   5   0   0   2  0.42 0.32
   42 A    1 -1  1  1 -3  1  2  0 -1 -2  0  2 -1 -1 -3 -1 -1 -3  1 -2   16   2   6   7   0   5  17   6   1   1   9  13   2   2   0   3   2   0   6   1  0.17 0.19
   43 G    1  0  0  0 -4  0  0  5  2 -3 -3 -2 -4 -3 -3 -1 -2 -4 -3 -4   10   5   4   5   0   4   7  47   6   2   2   0   0   1   0   2   2   0   1   1  0.65 0.36
   44 A    3 -1 -2 -3 -1 -2 -1  3 -1 -2 -2 -1 -2  2 -3 -2 -1 -3 -1  0   33   4   1   1   1   1   3  23   2   2   4   3   1  10   0   1   2   0   1   7  0.36 0.28
   45 E   -1  0  0  0 -2  1  2 -2  2  0  1  2 -1  0 -3  0  0 -3 -2 -1    5   5   5   3   1   8  14   1   7   5  15  14   1   4   0   5   5   0   0   3  0.13 0.15
   46 T    0 -1  0  0 -1  1  0  1 -2 -1 -1  0 -1  0  1  0  0 -2  0  1    9   2   4   4   1   6   5  11   0   3   3   6   1   5   7   4   8   0   4  16  0.06 0.09
   47 A    2 -1 -2 -3  1 -2 -3 -1 -3 -1 -1  0 -1  1 -1  0  1 -3  1  3   19   3   1   0   3   1   1   4   0   1   5   5   1   6   3   4   8   0   5  28  0.20 0.22
   48 S    1  0  1  2 -3  0  1 -1 -1 -3 -1  1  0 -1 -1  1  0 -3  2 -2   12   3   5  14   0   3  12   3   1   0   5   9   2   2   2  11   6   0   8   1  0.16 0.15
   49 T   -2 -3  3  1 -3 -2  0 -2  0 -2 -2 -1 -3 -4  1  3  3 -4 -3 -2    1   0  13   6   0   1   6   1   2   2   3   3   0   0   6  28  23   0   0   2  0.47 0.35
   50 A   -1 -4 -1 -2 -3 -2 -3 -3 -1  2  2 -3  0  0  4 -3 -2 -4 -1  3    6   0   4   3   0   2   0   2   2   9  17   0   2   4  19   0   2   0   1  27  0.41 0.29
   51 K    2  0 -1  1 -3  1  2 -1  0 -2 -2  1  0 -2  0  0 -1 -4 -1  0   23   5   2   6   0   6  12   4   2   2   1  12   3   2   4   7   2   0   1   6  0.17 0.17
   52 A    0 -3 -1  4 -5  1  5 -4 -3 -5 -3 -1 -4 -5  0 -1  0 -6 -5 -3    9   0   1  19   0   6  45   1   0   0   2   2   0   0   4   3   5   0   0   2  0.86 0.50
   53 I    4 -4 -4 -3 -2 -3 -3 -2 -4  0  1 -3  1  3 -4 -1 -2 -3  0  2   37   0   0   1   1   1   1   2   0   5  16   1   3  13   0   4   0   0   3  12  0.46 0.35
   54 A    3 -4 -4 -4  1 -3 -2 -2 -1  0  1 -3  0 -1 -1  0  0 -4 -1  3   30   0   0   0   3   0   2   1   2   5  15   0   1   2   3   6   4   0   2  23  0.34 0.29
   55 E    1  0  0  0 -4  2  3 -3 -1 -4 -4  4 -3 -5 -2  1 -1 -5 -4 -3   11   3   4   3   0  10  23   0   1   1   1  27   0   0   2  10   3   0   0   1  0.53 0.37
   56 Q    0  1  1  0 -4  2  2  1 -2 -2 -2  2  2 -3 -3  0 -1  3 -3 -2    6   6   6   4   0   9  15  10   0   2   3  17   6   0   0   7   3   5   0   1  0.25 0.22
   57 C    5 -2 -3 -4  3 -3 -2 -2  0 -4  0 -2 -3 -5  2  1  0 -5 -4 -3   50   1   1   0   6   0   2   2   2   0   9   2   0   0   9  12   4   0   0   1  0.67 0.47
   58 D   -3  2 -2  7 -7 -1  0 -4 -4 -7 -7  0 -6 -7 -3 -1 -4 -7 -6 -6    2  12   0  68   0   2   4   1   0   0   0   5   0   0   1   5   0   0   0   0  1.63 0.75
   59 V   -1  0 -5 -5 -4 -4 -3 -4 -4  3  0 -1 -2  3 -5 -3 -2  1 -1  4    5   6   0   0   0   0   1   1   0  21   9   4   0  14   0   1   1   2   2  34  0.56 0.37
   60 I   -3 -6 -6 -6 -2 -5 -6 -6 -6  6  1 -5 -2  1 -6 -5  0 -5 -2  4    1   0   0   0   1   0   0   0   0  46   9   0   0   5   0   0   6   0   1  33  1.18 0.57
   61 I   -2 -4 -5 -4 -2  0 -4 -5 -3  4  1 -4  6  2 -5  0 -1  0 -1  1    2   0   0   1   1   4   0   0   1  27  10   0  27   8   0   7   4   1   2   6  0.74 0.46
   62 T   -1 -4  0 -2 -2 -4 -4 -5 -2  4  2 -4  2 -1 -4  0  2 -4 -3  2    4   0   5   2   0   0   0   0   1  25  24   0   4   1   0   8  12   0   0  14  0.46 0.33
   63 M   -1 -4 -3 -5  4 -4 -5 -5  3 -1  4 -4  6 -3 -5 -1 -3 -5 -4  0    6   0   1   0   9   0   0   0   7   1  45   0  20   0   0   4   1   0   0   4  0.91 0.51
   64 L   -1 -4 -5 -5  2 -4 -3 -5 -5  2  3 -2  0 -3 -4 -3  0 -4 -3  5    6   0   0   0   5   0   1   0   0   7  28   2   2   0   0   0   5   0   0  41  0.69 0.40
   65 P   -3 -3 -3 -4 -5 -2 -3 -1 -4 -3 -4  2 -4 -4  7 -1 -2 -6 -5 -2    2   1   1   0   0   1   1   5   0   1   1  13   0   1  61   5   2   0   0   3  1.51 0.64
   66 N    2 -2  2  5 -4 -2 -1 -2  0 -3 -1 -2 -3 -4  1  1  0 -4 -2 -3   18   1  10  33   0   0   2   1   2   1   7   0   0   0   7   8   6   0   1   1  0.48 0.33
   67 S   -1  0  0 -1 -3  0  2  2  0 -2 -3 -2 -1 -3  2  1  3 -4 -3 -2    5   4   4   2   0   3  16  16   2   3   1   0   2   1  11   8  21   0   0   1  0.31 0.25
   68 P    1 -1 -1  0  0  1  0 -1  0  0 -1  1  0 -1  2  0  0 -3 -1 -1   15   2   3   4   3   8   4   3   2   5   5  13   4   3  12   6   4   0   1   4  0.13 0.12
   69 H    1 -2  0  0 -4  4  1 -2  2  0 -2 -1 -1 -4  1  0 -1 -4 -2  0   10   0   4   6   0  28   8   3   6   7   3   1   1   0   6   5   3   0   1   8  0.32 0.29
   70 V    2 -1 -2 -2 -3 -2 -2 -2 -3  0 -1 -1 -1 -1  0  0  3 -4 -3  3   20   3   2   1   0   2   1   2   0   4   5   3   1   3   4   4  18   0   0  25  0.27 0.25
   71 K   -2  2 -1  3 -4  0  2 -3 -1  0 -1  3  0 -2 -2 -1 -2 -4 -1 -1    2  14   2  16   0   3  16   0   1   5   6  18   2   2   1   3   1   0   3   3  0.30 0.23
   72 E    1 -1  0  2 -1  1  2  0  2 -2 -2  0  1 -2  0  0  0 -3 -1 -1   11   2   4  11   1   6  13   9   7   1   3   4   5   1   4   7   4   0   2   3  0.12 0.11
   73 V    0 -2 -3 -2  0 -2 -3 -3 -1  2  1 -2  2  0 -3 -2  0 -3 -1  4    8   1   1   2   2   2   1   1   2  11  13   2   6   4   1   2   6   0   2  33  0.31 0.21
   74 A    0 -2 -3 -2 -1 -1 -2 -3 -1  3  2 -2  1  0 -3 -2 -1 -1  4  1   10   1   1   2   1   2   2   2   1  19  19   2   3   3   1   2   3   1  16  10  0.27 0.21
   75 L    0 -1  0  0 -1  0 -1 -1 -1  0  1  0  0  1 -2  1  0 -2  0  0    6   2   6   5   1   4   3   5   0   7  15   5   1  10   1  11   7   0   2   9  0.03 0.06
   76 G    0 -1 -1  0 -3  0 -1  3 -1 -2 -2 -1 -1  0 -1  0 -1  0  4 -2    9   4   2   4   0   5   4  25   1   1   3   4   2   3   3   5   4   1  17   3  0.26 0.18
   77 E    0 -1  2  1 -3  0  3 -2 -1 -1 -1  2 -2 -3 -1  0 -1 -3 -2 -1   10   2   9   8   0   2  25   1   1   3   7  13   0   1   3   5   3   0   2   4  0.24 0.19
   78 N   -1 -1  4  2  1  1  2 -1  0 -3 -2  1 -3 -4 -2  0  0 -4 -3 -3    5   2  20  14   3   6  14   5   2   1   4   9   0   0   1   7   5   0   0   1  0.32 0.22
   79 G    1 -2  0  1 -3  2  1  3 -1 -3 -2  0  1 -3 -1  1 -1 -3 -2 -2   10   1   3   7   0  12  10  21   1   1   3   3   5   1   3  14   3   0   1   2  0.25 0.19
   80 I   -1 -4 -5 -5 -1 -4 -4 -5 -4  5  3 -4  1  0 -3 -4 -1 -4 -2  2    5   0   0   0   1   0   0   1   0  38  26   0   2   3   1   1   3   0   1  15  0.74 0.39
   81 I    2 -2 -3 -3 -1 -2  0 -3 -3  1  2  0  0  2 -3 -1 -1 -3 -2  1   20   1   0   0   1   0   9   1   0   9  25   7   2  10   0   2   2   0   0  11  0.24 0.24
   82 E    0 -3 -1  1 -5  1  2 -4 -2 -4 -3  1 -3 -4  6  0 -2 -5 -4 -3    8   0   3   7   0   7  11   0   1   1   2   9   0   1  41   6   2   0   0   2  0.87 0.46
   83 G    0  0  3 -1 -1  1 -1  1  4 -3  0  0 -2  0 -3 -1 -2  0  2 -2    8   4  16   2   1   7   2  10  13   0   9   6   0   4   0   3   2   1   9   2  0.25 0.23
   84 A   -1 -4 -3 -4 -2 -4 -5 -5 -5  2  5 -4  4 -1 -4 -3 -2 -4 -3  1    5   0   1   1   1   0   0   0   0   9  57   1  11   1   1   1   1   0   0   9  0.87 0.47
   85 K   -1  1 -1  1 -3  1  2 -2  0 -4 -3  5 -3 -5 -1  0  0 -5 -4 -4    5   7   2   6   1   4  13   2   2   0   2  39   0   0   2   8   6   0   0   1  0.56 0.38
   86 P    0  0 -2  1 -5  1  2 -3 -3 -3 -4  3 -4 -5  5 -1 -2 -5 -4 -3    9   4   1   8   0   6  14   2   0   1   0  20   0   0  28   4   1   0   0   1  0.68 0.40
   87 G   -1 -3  0 -1 -5 -3 -2  7 -5 -6 -4 -2 -5 -6 -3 -2 -2 -5 -5 -4    4   1   4   3   0   1   2  73   0   0   2   3   0   0   1   3   2   0   0   1  1.42 0.63
   88 T    2 -2  1  3 -2 -1 -2  0 -3 -3 -3  3 -3 -4 -1  0  1 -5 -4 -1   20   0   8  21   1   2   0   5   0   1   1  19   0   0   3   4  10   0   0   4  0.38 0.31
   89 V    1 -3 -3 -3  1 -2 -3 -2 -1  3  1 -3  1 -1 -3 -2  1 -3  2  2   14   1   0   1   3   1   0   3   1  24  15   0   4   1   1   1   9   0   7  13  0.29 0.24
   90 L   -3 -2 -5 -5 -2 -4 -5 -5 -3  4  4 -4 -1  1 -5 -4 -2 -4  1  2    0   3   0   0   1   0   0   0   1  26  44   0   0   4   0   0   1   0   5  12  0.81 0.42
   91 I   -1 -4 -3 -5 -1 -4 -4 -5 -2  5  1 -4  4 -3 -1 -3 -2 -5 -3  4    4   0   1   0   1   0   0   0   1  33   7   0  13   0   3   1   2   0   0  32  0.80 0.43
   92 D   -2 -2  4  6 -5 -2  0 -3  3 -1 -3 -3 -4 -4 -4 -2 -3 -5 -2 -1    4   1  22  43   0   0   5   0   9   4   2   0   0   0   0   1   0   0   1   6  0.87 0.45
   93 M    1 -3 -2 -3  2 -2  0  3 -1  0  1 -2  3 -2 -3  0  0 -3 -2  0   10   0   0   0   4   0   6  25   2   5  12   0  11   1   0   8   7   0   1   6  0.24 0.21
   94 S    2 -3  0 -3 -3 -3 -3  3 -3 -4 -4 -1 -3  1 -3  4  1 -4 -3 -3   16   0   4   0   0   0   0  26   0   0   0   3   0   6   0  34  10   0   0   0  0.61 0.39
   95 S   -2  3  5 -1 -4  0 -2 -1 -2 -4 -4 -1 -3 -5 -4  0  4 -5 -4 -2    2  19  32   1   0   4   0   5   0   0   0   2   0   0   0   7  25   0   0   2  0.73 0.43
   96 I   -1 -3 -2 -3 -3 -3 -1  3 -3  3  0 -3  0 -3 -2  1  1 -4 -3  2    2   0   0   0   0   0   5  24   0  21   6   0   2   0   2  15   8   0   0  14  0.32 0.26
   97 A    1 -1  0  1 -3 -1  1 -1  4 -3 -2  1 -2  0  1  0  0  2  1 -1   13   2   3   9   0   0   7   3  14   0   3   8   0   5   5   7   5   4   6   5  0.17 0.16
   98 P   -1 -3 -3 -3 -4 -1 -1 -4  3 -1 -1 -2 -3  1  5 -2 -2 -2  5  1    5   0   0   1   0   2   4   0   7   2   5   2   0   5  29   2   1   0  22  12  0.68 0.38
   99 L   -1  0  0  0 -3  1  1  0 -2  1  0  1  0 -2  0 -1  0 -3 -2  1    3   3   3   5   0  10  13   8   0  14   7   8   2   0   4   4   5   0   0  10  0.09 0.11
  100 A   -1 -2  2  4 -4  1  0 -2 -3 -2 -2 -2 -3 -2 -1 -1  3 -4 -3  0    4   1   9  30   0   5   5   1   0   2   5   0   0   2   2   2  22   0   0   9  0.42 0.30
  101 S    1 -3 -2 -1 -3  0  1 -2  0 -1 -3  0 -3 -4 -3  2  4  1 -3  0   12   0   0   3   0   3  11   1   2   4   0   5   0   0   0  20  31   2   0   6  0.41 0.33
  102 R   -1  1  0  1 -3  1  2 -2  0  0 -1  2 -1 -3  0 -1 -1 -4 -1 -1    3  10   4   7   0   7  19   1   3   9   7  15   1   0   4   1   4   0   2   5  0.18 0.16
  103 E    0  4 -1  2 -4  0  2 -2 -2 -3 -3  2 -2 -4  0 -1 -2 -4 -4 -2   10  27   1  15   0   3  14   2   0   1   2  13   1   0   5   1   1   0   0   2  0.45 0.29
  104 I   -3  4 -4 -5 -4 -3 -3 -5 -4  3  3 -2  0 -1 -4 -4 -3 -4 -3  1    1  30   0   0   0   0   1   0   0  19  35   0   2   2   0   0   0   0   0   9  0.70 0.40
  105 S    2 -2  0 -1  1  0  0 -1  0  1  0 -2  0 -1  0  1 -1 -2  2 -1   20   0   5   2   4   3   5   4   3  11   9   0   2   2   5  11   2   0  10   2  0.09 0.14
  106 D    1  0 -1  3 -4  2  3 -3 -1 -2 -2  3 -1 -2 -3 -1 -1 -4 -2 -2   12   3   1  15   0  11  22   0   1   2   4  19   1   1   0   4   2   0   1   2  0.39 0.28
  107 A    3 -1 -1  1 -3  1  2 -2  0 -1 -2  0 -2 -2 -3 -1 -1 -4 -1  1   32   2   2   7   0   7  18   1   3   4   1   4   0   1   0   3   2   0   2  11  0.28 0.25
  108 L    1 -4 -5 -5  0 -4 -4 -5  0  3  4 -4  2 -2 -4 -4 -3 -4 -3  2   11   0   0   0   2   0   0   0   3  19  47   0   4   0   0   0   0   0   0  13  0.71 0.38
  109 K    2  1  0  0 -3  0  2 -3 -2 -2 -2  3  0 -4 -1  1  1 -4 -3 -2   19   5   3   4   0   2  17   0   1   2   2  23   3   0   2   8   9   0   0   2  0.30 0.24
  110 A    2  0  0 -1 -4  1  3 -1 -2 -4 -2  3 -3 -3 -1  2 -2 -4 -3 -3   17   3   4   2   0   4  26   4   0   0   5  19   0   1   2  15   0   0   0   1  0.37 0.28
  111 K   -1  2 -1 -2  0  1  1 -2  2 -2  0  4  1 -2 -1  0 -1 -4 -2 -3    4   8   1   1   3   6   9   1   5   2  10  35   4   1   2   5   2   0   1   0  0.31 0.24
  112 G    0 -3  2 -1 -4 -1 -2  6 -3 -5 -5  0 -4 -5 -4 -1 -3 -5 -4 -5    6   0  12   3   0   2   1  64   0   0   0   7   0   0   0   2   0   0   0   0  1.13 0.45
  113 V    1 -3 -3 -4  1 -2 -3  0 -1  4  1 -2  0  0  0 -2 -2 -3 -2  1   16   0   0   0   3   1   0   9   2  34  16   2   1   3   4   1   0   0   0   6  0.30 0.23
  114 E    0  2  1  0 -2 -1  0  0  0  0  1  0  0  0 -2  0 -1  1 -1  0    5  17   7   5   0   0   6   7   3   3  18   3   1   3   0   4   2   2   2   9  0.06 0.09
  115 M   -1 -2 -4 -5 -4 -2 -4 -5 -2 -1 -1 -4  5  6 -5 -2 -3  1  5  0    4   2   0   0   0   1   0   0   0   1   3   0  17  33   0   3   0   1  24   8  0.93 0.42
  116 L   -2 -2 -5 -5 -3 -4 -5 -5 -5  3  4 -4  3 -2 -5 -4 -3 -4 -3  3    2   2   0   0   0   0   0   0   0  16  49   0   7   0   0   0   0   0   0  23  0.81 0.37
  117 D   -2 -3 -1  6 -5 -2  1  4 -1 -5 -4 -3 -4 -5 -4 -1 -1 -5 -2 -5    1   0   0  46   0   0   9  30   1   0   2   0   0   0   0   4   2   0   2   0  0.93 0.41
  118 A    4 -3 -3 -4  3 -3 -3  0 -4 -1 -1 -3  4 -3 -3  0  0 -4 -3  2   40   0   0   0   6   0   0   7   0   1   2   0  14   0   0   7   5   0   0  17  0.50 0.33
  119 P   -1 -4 -3 -2 -5 -1 -3  4 -4 -5 -3 -3 -4 -1  6 -2 -3 -5 -4 -3    2   0   0   2   0   3   0  35   0   0   2   0   0   3  47   2   0   0   0   2  1.27 0.47
  120 V   -2 -4 -4 -4 -3 -4 -4 -5 -4  3  0 -2 -1 -1 -2 -2  2 -4 -3  6    0   0   0   0   0   0   0   0   0  12   4   3   0   2   2   2  12   0   0  62  0.82 0.40
  121 S   -2 -3 -2 -3 -4 -1 -1 -2  2 -2 -3 -3 -1 -1 -3  6 -1 -5 -3 -4    0   0   0   0   0   2   3   2   6   2   2   0   2   3   0  76   2   0   0   0  1.10 0.54
  122 G    0 -2 -3 -4 -5 -4 -4  7  0 -3 -6 -4 -5 -5 -4 -3 -4 -5 -5 -5    7   2   0   0   0   0   0  85   2   2   0   0   0   0   0   0   0   0   0   0  1.72 0.57
  123 G   -1 -2 -2 -3 -4 -3 -1  6 -4 -5 -5  0 -4 -5 -1  1 -2 -4 -1 -5    4   2   1   0   0   0   5  68   0   0   0   5   0   0   2   8   2   0   3   0  1.11 0.43
  124 E    0 -1 -2  2 -4  1  4 -2 -2 -1 -3  0 -1 -4 -1  0 -1 -4 -2  1    6   1   0  10   0   5  38   3   0   2   0   5   1   0   2   6   3   0   2  15  0.39 0.26
  125 P    1 -2 -1  0 -3  1  3  0  0  0 -1  0 -2 -3  0 -1  0  0 -3  0   16   0   2   4   0   5  24   8   2   6   7   7   0   0   5   0   4   1   0  10  0.14 0.15
  126 K    2 -2 -1 -3 -4 -1 -2  5  0 -4 -3  0 -3 -2  0  0 -3 -4 -4 -2   18   1   2   0   0   2   1  52   2   0   2   5   0   2   5   4   0   0   0   2  0.72 0.32
  127 A    6 -4 -4 -4 -3 -3 -2 -3 -4 -2 -3 -3 -3 -5 -4 -1 -3 -5 -4 -1   90   0   0   0   0   0   2   0   0   2   1   0   0   0   0   2   0   0   0   3  1.43 0.60
  128 I    1  4  0 -2 -4  0  2 -3 -2  0  1  0 -2 -3 -3 -2 -2 -4 -3 -2   15  31   4   0   0   2  20   0   0   5  18   4   0   0   0   0   0   0   0   0  0.41 0.27
  129 D    0  0  2  2 -3  0  1 -2  1 -1 -1  2 -2 -1 -2  0  0 -3  0 -1    9   4  14  13   0   3   6   0   5   4   8  15   0   2   0   4   6   0   4   3  0.14 0.11
  130 G    0 -4 -3 -1 -4 -3 -2  6 -4 -2 -5 -3 -4 -5  0 -2 -3 -5 -5 -2    6   0   0   4   0   0   2  75   0   3   0   0   0   0   6   0   0   0   0   3  1.28 0.43
  131 T   -1 -3 -1 -2 -3 -1  1 -3 -3 -3 -3 -1  0 -4  5 -1  4 -4 -4 -1    5   0   2   2   0   3   8   0   0   0   0   3   4   0  34   3  32   0   0   4  0.78 0.32
  132 L   -1 -2 -2 -2 -1 -1 -2 -1 -2  0  3 -2  2  0 -2 -1  1 -1  1  0    5   2   1   2   1   1   2   5   1   2  39   2   6   2   2   5  10   0   6   7  0.17 0.10
  133 S    0 -2 -2 -1  1 -2 -2 -2 -3  1 -1 -2 -2 -3  0  4  3 -4 -3  0    6   2   0   2   3   0   0   1   0  12   5   0   0   0   4  36  21   0   0   7  0.37 0.25
  134 V   -2 -4 -4 -4 -3 -3 -4 -4 -4  4  2 -4  2  3 -4 -1  0 -3 -1  3    0   0   0   0   0   0   0   0   0  29  22   0   5  15   0   4   5   0   0  19  0.53 0.24
  135 M   -2 -4 -4 -5 -4 -3 -1 -5 -4  1  2 -4  8  1 -5 -2 -3 -3  0  1    3   0   0   0   0   0   4   0   0   6  15   0  56   5   0   2   0   0   3   6  1.12 0.46
  136 V    3 -4 -4 -4 -3 -3 -3 -2 -4 -2 -2 -3 -1 -2  5 -1  0 -5 -4  3   24   0   0   0   0   0   0   3   0   0   2   0   1   1  34   3   4   0   0  26  0.79 0.34
  137 G    1 -4 -3 -3  3 -4 -4  6 -4 -5 -5 -3 -4 -5 -4  1 -1 -5 -5 -4   14   0   0   0   8   0   0  65   0   0   0   0   0   0   0  11   3   0   0   0  1.20 0.42
  138 G    0 -5 -3 -4 -5 -4 -2  7 -4 -6 -6 -4 -5 -6 -4 -1 -4 -5 -5 -5    8   0   0   0   0   0   3  87   0   0   0   0   0   0   0   3   0   0   0   0  1.77 0.54
  139 D   -1 -2  3  5 -4  1  0 -3  0 -4 -4 -2 -3 -4  1  2  1 -5 -4 -2    2   2  13  36   0   6   2   0   3   0   0   0   0   0   7  15  11   0   0   2  0.59 0.28
  140 K    0  2 -1  1 -3  1  2 -1 -1 -1  0  2 -2 -1  0 -1 -2 -3 -2 -2   11  11   0   8   0   5  17   4   1   4  10  18   0   3   4   3   0   0   1   0  0.18 0.14
  141 A    1 -2 -2  2 -4  1  4 -2 -2 -3 -2  1  0 -4  0  0 -1 -1 -3 -3   15   0   0  12   0   5  37   1   0   1   4   9   3   0   4   6   3   1   0   0  0.43 0.25
  142 I    4 -2 -3 -1  1 -1 -1 -2 -1  1  0 -1 -1 -3 -3 -1  1 -4 -3  1   43   0   0   3   3   2   3   2   1   6  12   3   0   0   0   0   8   0   0  11  0.29 0.21
  143 F    1 -4 -4 -5 -4 -4 -4 -4 -1 -2 -1 -2 -2  5 -4 -3 -3  7  6  0   12   0   0   0   0   0   0   0   1   0   4   2   0  29   0   0   0  14  30   6  1.05 0.38
  144 D    0 -1  1  3  0  2  4 -3 -2 -4 -3  1 -3 -5  2 -1 -2 -5 -4 -4    8   2   8  15   2   7  38   0   0   0   1   9   0   0   8   1   0   0   0   0  0.60 0.28
  145 K    0  2  0  0 -4  0  3 -3  2 -2  0  2 -2 -2 -3 -1 -1  1  1 -2    9  13   5   2   0   0  25   0   5   1  11  14   0   1   0   3   3   2   6   1  0.25 0.18
  146 Y    2 -4 -4 -4  3 -3 -4 -4 -4  3  1 -2 -1  0 -4 -2 -2 -4 -1  3   20   0   0   0   7   0   0   0   0  22  12   2   0   4   0   1   0   0   2  30  0.46 0.25
  147 Y    1  1 -1 -1 -3  4  1 -2  0 -2 -2  2  0 -3 -3  0  0 -4 -1 -1   10   8   0   3   0  23  10   2   1   1   3  18   3   0   0   8   6   0   2   4  0.29 0.19
  148 D   -1 -4 -2  4 -5 -2  2 -4 -2 -5 -5 -3 -4 -5  6  0  0 -6 -5 -4    3   0   1  22   0   0  12   0   1   0   0   0   0   0  48   8   5   0   0   0  1.23 0.42
  149 L   -2 -4 -4 -5  3 -4 -4 -5  0  4  2 -4  1 -1 -2 -2 -2 -4 -1  4    1   0   0   0   6   0   0   0   3  34  17   0   2   1   2   4   0   0   1  30  0.60 0.28
  150 M   -4 -5 -5 -6 -4 -5 -5 -6 -4  0  4 -5  2  6 -5 -5 -4 -2 -1  0    0   0   0   0   0   0   0   0   0   4  51   0   4  38   0   0   0   0   0   3  1.12 0.41
  151 K   -1  0  0  2 -2  3  3 -2 -2 -3 -3  2  2 -4 -3  2  0 -4 -3 -3    1   2   4  10   1  14  20   1   0   0   1  15   8   0   0  17   6   0   0   0  0.39 0.23
  152 A    3 -1 -1 -1  2 -1 -2 -2 -3 -1  0  1 -2 -3 -1  2  1 -4 -3 -1   31   2   3   2   5   2   0   1   0   2  10  13   0   0   2  16  11   0   0   3  0.24 0.18
  153 M   -1 -4 -4 -5 -3 -3 -4 -5 -4  4  2 -4  6 -2 -4 -3 -1  4 -1  2    4   0   0   0   0   0   0   0   0  35  14   0  26   0   0   0   3   6   2   9  0.76 0.31
  154 A    4 -3 -2 -3  0 -3 -3  4 -4 -4 -4 -3 -3 -4 -3  1  0 -4 -4 -3   46   0   0   0   2   0   0  37   0   0   0   0   0   0   0  11   4   0   0   0  0.85 0.33
  155 G    3  1 -1 -2 -3  0  0  1 -2 -3 -3  2  0 -4 -2  1 -1 -4 -3 -2   36   8   2   0   0   2   3  12   0   0   0  18   4   0   0  13   0   0   0   0  0.38 0.20
  156 S   -2  0  3  0 -4  3  1 -3 -2 -4 -3  4 -3 -4 -3  1  1 -4 -3 -3    0   2  19   2   0  15   8   0   0   0   3  36   0   0   0   8   7   0   0   0  0.57 0.26
  157 V   -1 -3 -3 -4 -2 -3 -3 -4 -4  3  1  0  0 -2 -3  1  0 -4 -3  4    0   0   0   0   0   0   0   0   0  22  12   7   0   0   0  15   2   0   0  42  0.46 0.22
  158 V   -2 -1 -3 -4 -3 -1 -3 -4 -2  1 -1 -3 -1  4 -4 -2  3 -1  4  2    0   4   0   0   0   3   0   0   0  11   0   0   0  23   0   0  25   0  18  17  0.46 0.20
  159 H   -3  1  2  1 -4 -2 -2 -4  7 -3 -2 -2 -3  2 -4 -2 -3 -1  6 -3    0   8  10   8   0   0   0   0  31   0   3   0   0   7   0   0   0   0  33   0  0.88 0.27
  160 T    0 -3 -3 -4  6 -1 -3 -3 -3  3  2 -3  2 -2 -3 -1  0 -3 -3  1   10   0   0   0  23   3   0   0   0  21  18   0   5   0   0   4   6   0   0   9  0.42 0.16
  161 G   -2 -4 -2 -3 -4 -4 -4  7 -4 -6 -6 -3 -5 -5 -4 -2 -3 -4 -5 -5    0   0   0   0   0   0   0 100   0   0   0   0   0   0   0   0   0   0   0   0  1.88 0.36

                      K         Lambda
Standard Ungapped    0.1327     0.3140
Standard Gapped      0.0480     0.2670
PSI Ungapped         0.1569     0.3177
PSI Gapped           0.0480     0.2670
