
Last position-specific scoring matrix computed, weighted observed percentages rounded down, information per position, and relative weight of gapless real matches to pseudocounts
            A   R   N   D   C   Q   E   G   H   I   L   K   M   F   P   S   T   W   Y   V   A   R   N   D   C   Q   E   G   H   I   L   K   M   F   P   S   T   W   Y   V
    1 K    -1   4   3   1  -3   0   1  -2   0  -3  -3   1  -2  -3  -2   1   0  -4  -2  -3    0  36  27   5   0   0  10   0   0   0   0   3   0   0   0  18   0   0   0   0  0.43 0.04
    2 E    -2  -1  -1   0  -4   2   5   1   3  -3  -3   0  -2  -4  -2  -1  -2  -4  -2  -1    0   0   0   0   0   9  60  15   9   0   0   0   0   0   0   0   0   0   0   6  0.63 0.14
    3 P    -2  -4  -3  -3  -4  -1  -3  -2  -4  -3  -3  -2  -2  -3   8  -2  -1  -5  -4  -3    0   0   0   0   0   2   0   2   0   1   2   0   1   1  84   2   3   0   0   1  2.00 0.29
    4 L    -1  -3  -4  -5  -2  -3  -4  -4  -4   1   4  -3   4   0  -4  -3  -2  -3  -2   2    5   0   0   0   0   0   0   0   0   5  62   0  14   1   0   0   0   0   0  13  0.66 0.19
    5 I     1   1   0  -2  -2   0   0  -2  -2   1  -1   1  -1  -2  -2   1   2  -1   0   0   11   7   4   0   0   4   3   0   0  12   1  12   1   0   0  13  20   1   3   8  0.14 0.09
    6 N    -3  -2   5   5  -4  -1  -1  -2   1  -3  -2  -1  -3  -4  -3  -1  -2  -5  -3  -1    0   0  41  39   0   2   0   0   3   0   5   1   0   0   0   1   0   0   0   6  0.82 0.24
    7 Y    -3  -2   0   1  -4   1   1  -4  -1  -1  -2  -1  -2   3  -4  -2  -1  -1   6  -1    0   0   4   8   0   8   9   0   0   2   0   3   0  15   0   2   4   0  41   3  0.61 0.22
    8 L    -1  -1   0  -1  -3   1   0  -1  -2   0   2  -1   2   1  -1  -2  -2  -2   2  -1    5   3   5   3   0   9   5   4   0   3  33   2   9   4   3   1   0   0   9   1  0.13 0.10
    9 D    -3  -3   3   7  -5  -2   1  -3   1  -4  -3  -1  -4  -5  -3  -2  -1  -5  -4  -4    0   0  17  67   0   0   4   0   3   0   2   2   0   0   0   0   2   0   0   0  1.19 0.32
   10 M     1  -2   0  -1  -1  -1   0   1  -2   1   0  -2   1  -1  -2   0   1  -3  -1   1   12   0   4   1   1   0  10  11   0   9   6   0   7   2   0   7  14   0   2  14  0.09 0.08
   11 E     0  -2  -2   0  -4   3   4  -3  -2  -3  -1  -1   0   1  -3   1  -1  -3   0  -2    9   0   0   2   0  19  37   0   0   0   5   0   4   6   0  12   1   0   3   2  0.44 0.22
   12 Y    -5  -5  -1  -6  -5  -4  -5  -6  -1  -4  -4  -5  -4   4  -6  -4  -4   3   9  -4    0   0   4   0   0   0   0   0   0   0   0   0   0  12   0   0   0   2  82   0  2.29 0.58
   13 F     0  -3  -3  -4  -3  -2  -3  -3  -2   0   1  -3   1   4  -4  -1   0  -1   4   1    8   0   0   0   0   1   0   1   0   5  17   0   3  22   0   3   7   0  21  13  0.44 0.21
   14 G     1  -3  -1  -2   0  -2  -3   3  -3   0  -2  -2   1  -2  -3   0   3  -4  -3   1   12   0   2   2   2   0   0  27   0   4   2   0   4   1   0   6  25   0   0  13  0.35 0.20
   15 T    -2   0   2   1  -4   1   3  -3  -2  -2  -3   0  -3  -4   3  -1   1  -1  -3  -2    1   6  13   8   0   7  22   0   0   3   2   5   0   0  16   2  13   1   0   2  0.38 0.19
   16 I    -1  -4  -5  -5  -3  -4  -4  -5  -5   5   1  -4   2  -2  -4  -2  -1  -4  -3   4    4   0   0   0   0   0   0   0   0  45  10   0   5   0   0   2   2   0   0  33  0.82 0.31
   17 S     0  -1   1   0  -3  -1  -1   1   0  -3  -2   0  -2  -3  -3   2   4  -4  -1  -2    4   2   5   4   0   2   3  13   2   0   3   7   0   0   0  16  36   0   2   1  0.35 0.21
   18 I    -2  -5  -5  -5  -3  -4  -5  -5  -5   5   1  -4  -1   1  -5  -4  -2  -4  -3   4    2   0   0   0   0   0   0   0   0  48  11   0   0   5   0   0   0   0   0  34  0.95 0.34
   19 G    -2  -5  -3  -4  -5  -5  -5   7  -5  -7  -7  -4  -5  -6  -5  -3  -4  -5  -6  -6    0   0   0   0   0   0   0 100   0   0   0   0   0   0   0   0   0   0   0   0  2.26 0.57
   20 S    -1  -1   1   0  -3   0   0   1  -3  -3  -4  -1  -3  -4  -3   3   4  -4  -3  -3    0   3   5   5   0   4   5  13   0   0   0   3   0   0   0  26  34   0   0   0  0.51 0.31
   21 P    -2  -3   2   0  -4   0   0  -1  -3  -4  -4  -2  -4  -4   6   0   1  -5  -4  -4    1   0  13   5   0   4   4   5   0   0   1   0   0   0  49   6  11   0   0   0  1.07 0.40
   22 P     0  -1   1   0  -2   0   0   2  -2  -2  -1   1  -2  -3   3   0   0  -3  -2  -1    9   1   8   5   0   4   5  15   0   1   5  12   0   1  17   6   5   0   1   5  0.22 0.11
   23 Q    -2   1   1   1  -3   1   1  -3   2   0  -2   0   1   1  -2   0   0  -2   1   0    0   7   7   7   0   7   7   0   6   7   1   7   6   6   0   7   7   0   6   7  0.09 0.15
   24 N    -1  -1   3   0  -1   1   1  -2  -3  -4  -3   2  -2  -4   1   0   3   1  -1  -2    5   1  13   6   2   5   7   1   0   0   2  17   1   0   7   6  18   2   2   3  0.29 0.23
   25 F    -4  -5  -5  -6  -5   0  -5  -6  -4   1   3  -5   2   6  -6  -5  -1  -3   3   1    0   0   0   0   0   5   0   0   0   8  24   0   5  35   0   0   4   0  10  10  0.92 0.42
   26 T    -1   1   1   0  -3   0  -1  -2   1  -1  -1   0   1   1  -1   1   2   1   1  -1    2  10   5   5   0   4   1   1   4   3   6   7   4   6   2  14  15   2   5   2  0.12 0.14
   27 V     1  -4  -5  -5  -3  -4  -4  -5  -5   0   3  -4   4   0  -4  -4  -1  -4  -3   4   10   0   0   0   0   0   0   0   0   3  33   0  11   3   0   0   3   0   0  35  0.78 0.37
   28 I     0  -2   1   1  -2   1  -1  -2   2   1   0  -1   2   1  -2   0   1  -2  -1   0    8   0   8   8   0   8   0   1   8   8   8   0   8   8   0   8   8   0   0   8  0.08 0.11
   29 F    -1  -2  -2  -3  -2  -2  -2  -2  -2   2   1  -2   1   3  -2   0  -1   2   0   2    4   1   1   1   0   1   1   1   0  16  12   1   4  23   1   9   1   3   1  18  0.21 0.08
   30 D    -2  -2   0   7  -4  -1   0  -2  -2  -3  -4  -2  -3  -4  -2  -1  -2  -4  -3  -3    1   1   1  84   0   1   1   1   0   1   2   1   0   1   1   1   1   0   1   1  1.33 0.25
   31 T    -1  -1  -1  -2  -1  -1  -1  -2  -2   0   1  -1   2   0  -2   1   2   6   0   0    1   1   1   1   0   1   1   1   0   1  18   1  17   1   1  18  18  17   1   1  0.26 0.05
   32 G    -2  -5  -1  -2  -5  -4  -4   7  -4  -6  -6  -4  -5  -5  -5  -1   0  -5  -5  -4    2   0   3   2   0   0   0  79   0   0   0   0   0   0   0   3   7   0   0   1  1.65 0.60
   33 S    -1  -4  -1  -3  -4  -3  -3  -1  -4  -5  -5  -3  -1  -5  -4   7  -1   4  -4  -4    3   0   2   0   0   0   0   4   0   0   0   0   2   0   0  81   1   5   0   0  1.54 0.69
   34 S     1  -3   0   2   0  -2   0  -2  -3  -2  -4  -3   0  -4   0   5  -1  -5  -3  -3   12   0   4  13   2   0   4   2   0   2   0   0   3   0   4  50   3   0   1   0  0.67 0.41
   35 N    -1  -3   5   5  -4  -3  -2  -2   1  -1   1  -3  -1  -3  -4  -2  -2  -4   1  -1    6   1  27  32   0   0   0   3   3   3  14   0   1   0   0   0   1   0   5   3  0.62 0.36
   36 L    -2  -4  -3  -5  -3  -3  -4  -5  -4   1   4  -4   0   2  -1  -3   2  -4  -3   0    2   0   1   0   0   1   0   0   0   6  53   0   1   8   3   1  16   0   0   6  0.68 0.37
   37 W    -2  -6  -7  -7  -6  -6  -6  -6  -6  -1  -4  -6  -5   0  -7  -4  -6  12   0  -3    4   0   0   0   0   0   0   0   0   3   1   0   0   3   0   1   0  81   2   2  3.68 1.06
   38 V    -2  -5  -5  -5  -3  -2  -5  -5  -5   1   1  -4  -2  -1  -5  -4   1  -5  -4   6    2   0   0   0   0   2   0   0   0   5   9   0   0   3   0   0   9   0   0  67  1.11 0.51
   39 P    -1  -1   1  -2  -4   2  -3  -2  -1  -3  -3  -3   0   3   6  -1  -1  -4  -2  -2    6   4   7   1   0  13   0   3   1   1   1   0   3  12  38   3   4   0   1   3  0.77 0.39
   40 S     0  -3   1  -2   7  -3  -4   0  -1  -5  -5  -4  -4  -5  -4   5  -2  -5  -1  -4    5   1   6   2  21   0   0   5   1   0   0   0   0   0   0  53   0   0   2   0  1.13 0.58
   41 V     1  -1   0   0  -3   1   0  -1  -2   1  -2   0  -2  -2  -1   2   2  -4  -3   1   11   2   3   5   0   8   5   3   0  10   0   7   0   1   2  21  12   0   0  10  0.18 0.19
   42 Y    -1   0   1   0  -2   2   1  -1   1  -2  -1   1  -1   0   3  -1  -1  -2   3  -3    3   5   6   5   1  10  11   3   3   1   7   8   1   3  14   2   2   0  15   1  0.25 0.18
   43 C    -1  -5  -4  -5  10  -3  -5  -4  -5  -2   0  -4  -1  -4  -4  -3  -1  -4  -4  -2    4   1   1   1  66   2   1   1   0   2  10   1   1   0   1   2   4   0   0   2  2.11 0.69
   44 T     0  -1   0  -1  -3   1  -2  -1   1  -1  -1   0  -2   0   2   2   3  -3  -2   0    5   2   4   2   0   6   1   4   4   2   5   7   0   4  11  18  20   0   1   5  0.21 0.18
   45 S     0  -1   1   1  -2   1   0   0  -2  -2  -3  -1  -2  -4  -1   4   1  -4  -3  -3    5   2   7   6   1   6   4   8   0   2   2   3   1   0   2  41   8   0   0   1  0.42 0.29
   46 P    -1  -1   0   0   5   1   0  -1  -2   0  -1  -1  -1  -3   2   1   0  -3  -1  -1    3   3   4   4  16   9   4   6   0   8   5   3   1   0  10  11   5   0   2   4  0.20 0.17
   47 A     3  -2   0   0  -3   1   0   0   1  -3  -3  -2  -2   1  -1   1   0  -3   1  -2   36   1   5   5   0   6   7   6   4   0   1   1   0   8   2   8   4   0   6   1  0.29 0.23
   48 C    -3  -3  -1  -3  10   1  -4  -4  -2  -2  -3   0  -4  -5  -2   1  -1  -5  -4  -2    1   1   3   1  55   6   1   1   1   2   2   6   0   0   3  10   4   0   0   2  1.57 0.58
   49 K    -1   1  -1   0  -3   3   0  -1  -1  -2  -2   2  -2  -1   0   1   0   1   0   0    3   6   2   4   0  16   4   4   0   0   4  15   0   3   3  15   6   2   4   7  0.17 0.18
   50 T     0   0   1  -1  -2   0  -1   2  -1   0   0   0   0  -1   0   1   1  -3  -1  -1    8   4  10   3   0   3   1  16   1   6   8   6   2   3   3  12   9   0   1   4  0.08 0.09
   51 H    -2  -3   0   1  -5   1  -1  -2   9  -5  -3  -1  -3  -3  -4  -1  -2  -1   3  -5    3   0   4   9   0   7   2   3  49   0   2   3   1   0   0   4   2   1   9   0  1.28 0.54
   52 S    -1   0   3   0  -2   0   0   1   2  -4  -4   0  -3  -3   2   2   1  -4  -3  -2    3   6  17   4   0   3   3  12   6   0   0   4   0   1  11  18   8   0   0   2  0.31 0.21
   53 R    -2   2  -2  -3   0  -1  -1  -3  -2   1   1   1   2   0  -3  -1   2  -3   1   0    2  12   0   0   2   1   3   0   0  11  14  13   6   4   0   5  14   0   5   7  0.17 0.17
   54 F    -5  -5  -5  -6  -5  -5  -5  -6   1  -4  -2  -5  -3   7  -6  -5  -5  -2   8  -3    0   0   0   0   0   0   0   0   3   0   2   0   0  43   0   0   0   0  47   2  2.00 0.71
   55 Q    -2   0   5   4  -5   1   1  -2   1  -5  -5   2  -3  -5  -3   0  -1  -5  -4  -4    2   4  28  25   0   5   6   2   3   0   0  12   1   0   0   7   3   0   0   0  0.70 0.36
   56 P    -1  -1  -3  -2   2  -3   0  -4   1  -5  -4  -1  -2  -5   7   2  -1  -5  -1  -3    4   3   0   2   5   0   5   1   3   0   1   4   1   0  50  14   4   0   2   1  1.12 0.48
   57 S     0   0   1  -1  -3   1   1  -1   1  -3  -1   1  -3  -4  -3   4   1  -4  -3  -3    5   5   5   3   0   6   7   4   4   0   6   8   0   0   0  34  10   0   0   1  0.34 0.27
   58 Q     0   1   0   2  -3   2   0   0  -1  -3  -2   3  -2  -4  -1   2   0  -4  -3  -2    9   6   4  11   0   8   4   5   1   0   5  22   0   0   1  15   5   0   0   1  0.26 0.19
   59 S    -2  -4  -1  -2   2  -2  -3  -3  -4  -5  -4  -2  -4  -5  -4   7   1  -5  -5  -4    0   0   2   2   4   1   0   0   0   0   1   2   0   0   0  78   7   0   0   0  1.47 0.68
   60 S    -1  -2   0  -2  -4  -3  -3  -1  -3  -3  -5   0  -4  -3   0   6   2  -5  -2  -4    2   1   3   2   0   0   0   5   0   1   0   7   0   1   4  61  10   0   1   0  0.90 0.51
   61 T     0  -4  -3  -4  -3  -2  -3  -3  -1  -2  -2  -3  -3  -4  -4   3   6  -5  -4  -2    7   0   0   0   0   2   0   1   1   1   3   0   0   0   0  18  62   0   0   2  1.14 0.56
   62 Y    -1  -2  -4  -4  -1  -2  -4  -3  -2  -2  -2  -2  -3   5   0   0  -3   0   7  -2    4   2   0   0   1   1   1   1   0   2   4   3   0  22   4   9   0   1  41   3  0.97 0.44
   63 S     0   2  -2  -3  -4   2   0  -2   2  -2  -3   4  -1  -4  -3   1   0  -4  -2   0    5  12   1   0   0  10   5   1   4   2   2  31   2   0   0  11   4   0   1   9  0.39 0.28
   64 Q     0   0   2   1  -1  -1   1  -2  -1  -2   0   1  -1  -2  -1   2   1  -3  -1  -1    8   3  11   8   1   1   8   1   1   1  12  13   0   1   3  16   7   0   2   3  0.13 0.14
   65 P    -2  -2   4   1  -3  -1  -1  -2  -2  -2   0  -1  -2  -3   2   1   2  -4  -3   0    2   1  21  10   0   2   2   2   0   1  10   2   1   0  10  14  16   0   1   7  0.32 0.24
   66 G    -2  -1   2   0   1  -3  -1   5  -3  -4  -4  -1  -4  -4   0   1   0  -4  -4  -3    1   2   9   6   3   0   4  47   0   0   1   4   0   0   5   8   5   0   0   2  0.66 0.33
   67 Q     1   1   0  -1   4   2   0  -1   0  -3  -2   1  -2  -2  -2   1   2  -3   1  -2   10   6   4   2   9  11   7   3   2   0   2   9   0   2   1   9  15   0   6   1  0.21 0.18
   68 S    -1   0   0   1  -3  -1   0  -2  -2  -1  -3   0  -3  -2   2   3   4  -4  -2  -1    4   4   3   7   0   1   4   2   1   4   1   5   0   2   9  22  27   0   1   2  0.34 0.26
   69 F    -2  -4  -2  -5  -1  -2  -4  -4  -3  -1   0  -4  -3   6  -5  -4  -4   8   4   1    3   0   3   0   2   2   0   1   0   2   7   0   0  32   0   0   0  19  17   9  1.14 0.46
   70 S     0  -1   1   0  -3   1   1  -1  -1  -2  -2   0  -2  -2   1   3   1  -2   0  -1    6   1   8   5   0   6  11   3   1   1   2   5   0   2   6  25   8   1   4   3  0.21 0.18
   71 I    -2  -4  -3  -5  -1  -2  -4  -5  -4   6   0  -2   0  -2  -2  -3  -2  -4   1   2    2   0   1   0   1   2   0   0   0  58   7   3   1   0   2   2   1   0   5  12  0.89 0.42
   72 Q     0   1   0  -2  -3   2   0   0   2  -2  -3   0  -2  -1   0   2   2  -3  -1  -2    7   7   4   0   0  13   4   5   5   1   1   5   1   3   4  21  15   0   2   2  0.24 0.21
   73 Y    -3  -5  -5  -6  -6  -1  -5  -4  -2  -5  -4  -5  -4   2  -4  -5  -5  -2   9  -5    3   0   0   0   0   3   0   1   0   0   0   0   0   7   1   0   0   0  83   0  2.57 0.89
   74 G     0  -4  -3   0  -4  -1  -3   6  -2  -2  -3  -4  -1  -1  -4  -2  -1  -5  -3  -1    8   0   0   7   0   3   1  62   1   2   2   0   1   3   0   1   4   0   1   5  1.00 0.45
   75 T    -1  -4  -1   6  -3   0  -2  -2  -4  -5  -5  -2  -4  -4  -4   2   4  -5  -5  -4    3   0   1  47   1   4   0   2   0   0   0   1   0   1   0  14  24   0   0   0  1.03 0.51
   76 G    -1  -4  -1  -4  -5  -2  -2   6  -1  -6  -6  -1  -5  -5  -1   0  -2  -5  -5  -5    3   0   3   0   0   2   2  72   1   0   0   3   0   0   3   7   2   0   0   0  1.36 0.54
   77 S    -1   0   0  -1  -4  -2  -1  -2  -2  -4  -2   0  -4  -5  -3   5   2  -5  -4  -4    2   4   3   2   0   0   3   2   1   1   4   6   0   0   0  57  14   0   0   0  0.82 0.48
   78 L     3  -3  -3  -3  -2  -3  -2  -2  -3   0   1  -3   3   2  -3   1   0   3   0   1   26   0   0   0   0   0   1   1   0   5  13   0  10  10   0  11   6   4   3   8  0.29 0.23
   79 S     1  -1  -1  -2  -3   0   0  -2  -3  -2  -3   0  -1  -4  -3   4   3  -4  -3   1   10   2   2   2   0   4   5   1   0   2   1   6   1   0   0  36  18   0   0   9  0.44 0.32
   80 G    -1  -5  -2  -4  -5  -5  -5   7  -5  -5  -3  -4  -5  -6  -5  -3  -4  -5  -6  -2    5   0   2   0   0   0   0  85   0   0   3   0   0   0   0   0   0   0   0   3  1.85 0.68
   81 I    -2  -1   0   2  -3  -2   0  -3  -2   1  -1  -1  -2   3  -2  -1   1   2   2   1    2   3   5  13   0   1   5   1   0  11   3   3   0  15   2   4  12   3   6  13  0.17 0.17
   82 I    -3  -4  -2  -5  -3  -4  -3  -3  -4   1   4  -4   1   3  -4  -4  -2   3   2   3    0   0   2   0   0   0   1   2   0   5  39   0   3  11   0   0   1   4   6  24  0.61 0.33
   83 G     1  -4  -3  -2  -3  -3  -3   4  -3   0  -3  -3  -1   1  -3   1  -2  -3   4   1   15   0   0   1   0   0   0  31   0   5   0   0   1   5   0  14   2   0  14  10  0.48 0.31
   84 A    -1   0   0  -2  -2   3   1  -3   1  -1  -1   2  -2  -2  -3   0   3  -3   3  -1    3   5   3   0   1  19   8   0   3   3   5  12   0   0   0   5  19   0  11   4  0.31 0.26
   85 D    -5  -5  -2   8  -6  -3   2  -4  -4  -6  -6  -4  -6  -6  -5  -3  -4  -6  -6  -6    0   0   0  85   0   0  11   0   0   0   0   0   0   0   0   0   0   0   0   0  2.24 0.79
   86 Q    -2  -1   1  -1  -3  -1  -2  -3  -3  -1  -1   2   0  -3  -3   1   5  -4  -2   1    1   2   7   3   0   2   0   0   0   4   5  12   2   1   0  12  38   0   1   9  0.44 0.32
   87 V    -2  -4  -5  -5  -1  -4  -4  -5  -4   1   2  -4   2   3  -4  -4  -3  -4  -1   5    3   0   0   0   1   0   0   0   0   6  20   0   5  11   0   0   0   0   1  50  0.84 0.41
   88 S    -1   1   0  -1   1   0  -2  -1   1  -3  -3  -1  -3  -4  -3   2   4  -4  -1  -1    4   7   5   2   3   5   2   3   4   1   1   3   0   0   0  17  36   0   2   5  0.43 0.31
   89 V    -3  -4  -5  -5  -3  -4  -5  -5  -4   5   2  -4  -1   3  -5  -4  -3  -3   0   4    1   0   0   0   0   0   0   0   0  31  20   0   0  14   0   0   0   0   2  28  0.83 0.38
   90 E     1  -3   0  -2  -4   0  -1   5   1  -5  -5  -2  -4  -5  -2   0  -1  -4  -4  -3   12   1   3   1   0   4   3  54   4   0   1   2   0   0   2   8   4   0   0   1  0.83 0.38
   91 G    -1  -2   3   2  -4  -1  -1   5   0  -5  -5  -2  -4  -5  -2   1  -2  -5  -4  -4    3   2  14  13   0   2   3  43   2   0   0   2   0   0   1  11   1   0   0   0  0.74 0.36
   92 L    -1  -2  -2  -1  -1  -3  -3  -3  -4   3   3  -3   0   1   0  -1   0  -3  -1   2    6   1   2   3   1   0   0   1   0  18  29   0   1   5   4   5   6   0   2  15  0.29 0.21
   93 T     0  -2   1   0   0   1   0  -3  -2  -2  -2   1  -2  -4  -3   2   3  -4  -3   1    5   1   7   5   2   7   6   1   0   0   1   9   1   0   0  18  25   0   0  12  0.32 0.27
   94 V     1  -3  -1   1  -3  -2  -2  -1  -3   2   0  -2  -1  -1  -1   1  -1  -4  -2   3   10   0   3   8   0   1   2   3   0  15   7   1   0   2   3  10   2   0   1  32  0.25 0.22
   95 V    -2   1  -1  -2  -3   0   0  -3   0  -2  -3   3  -3  -3   3   2   3  -4  -3  -2    1   6   2   1   0   3   6   0   2   1   2  18   0   1  16  14  22   0   0   3  0.42 0.28
   96 G    -1  -1   4   2  -4  -1   1   2   0  -4  -4   0  -3  -1  -2   1   0  -4  -2  -3    3   2  25  13   0   1   7  16   2   0   1   6   0   3   1  13   5   0   1   2  0.40 0.25
   97 Q    -3  -1  -3  -3  -5   7  -2  -4  -1   1  -1  -2  -2   1  -5  -3  -2  -4  -2  -1    1   2   0   1   0  61   0   1   1   8   7   1   1   7   0   0   2   0   1   5  1.18 0.61
   98 Q     2  -2  -1   1  -3   2   0  -2  -3   0  -1  -1  -2  -2   0   0   2  -4  -2   0   24   1   1   8   0  11   6   1   0   6   7   3   0   2   3   5  15   0   1   7  0.18 0.19
   99 F    -4  -5   0  -3  -5  -5  -5  -6  -4   1   0  -5   1   8  -6  -5  -4  -3  -1   2    0   0   5   2   0   0   0   0   0   7   8   0   3  61   0   0   0   0   0  13  1.41 0.58
  100 G     1  -4  -3  -4  -5   0   1   5  -4   2  -4  -3  -4  -5  -4  -2  -3  -5  -5  -3   11   0   0   0   0   5  10  54   0  16   0   0   0   0   0   2   0   0   0   0  0.97 0.48
  101 E     0  -4  -2  -1   6  -3   2  -3  -4   0   2  -3  -1  -3  -2  -1  -2  -4  -2   1   10   0   1   3  22   0  18   1   0   5  19   0   1   0   2   5   0   0   1  11  0.46 0.30
  102 S     4  -3  -1  -3  -3  -3  -3   2  -3  -1  -2  -3  -1  -4   0   3   0  -4  -4   1   37   0   2   0   0   0   0  13   0   3   4   0   1   0   4  21   3   0   0  10  0.46 0.31
  103 V    -1  -1   0   0  -3   0   0  -2   2   0  -1   0  -1  -2  -3   1   3  -1   0   0    3   2   4   5   0   5   6   1   6   6   6   7   1   1   0   9  26   1   4   7  0.18 0.18
  104 T    -1   1   2   2  -3   0   1  -1  -1  -3  -2   2  -2  -1  -3   2   2   1  -3  -2    2   6   9  11   0   3  10   4   1   0   3  12   1   3   0  18  13   2   0   1  0.24 0.20
  105 E    -2  -2   1   0  -4   2   4  -4  -2   0  -2  -2  -2  -1  -1  -1   1  -4  -3   1    2   0   6   3   0  10  37   0   0   5   2   0   1   3   3   4  10   0   0  13  0.45 0.31
  106 P     0  -2   0  -1  -3  -1  -1  -3  -3  -2  -2  -1  -3  -4   5   3   1   0   0  -3    8   2   5   3   0   2   3   0   0   2   4   3   0   0  28  27   7   1   4   0  0.57 0.33
  107 G     0  -3   1   1  -4  -1  -1   5  -3  -4  -3  -1  -4  -4  -3   2  -2  -4  -2  -2    7   0   7   8   0   3   2  42   0   1   2   4   0   0   0  18   1   0   1   3  0.61 0.32
  108 Q    -1  -1   1   0  -3   2   0  -2  -1   0   0   0   0  -1   1   2   1  -3  -2  -1    3   1   9   5   0  14   4   2   1   6   9   4   2   3   6  18   7   0   1   5  0.13 0.15
  109 T    -1  -2  -1  -1  -3  -1  -1   0  -1  -1   0  -2  -1   4   1   0   1   0   0   1    5   2   2   4   0   2   4   6   1   2   7   2   1  23   6   8  11   1   2  12  0.15 0.15
  110 F    -1  -3   0  -3  -3  -2  -3  -4  -1  -1   0  -3  -1   6  -4  -1  -1   0   2   1    5   1   5   1   0   2   2   1   1   3   9   1   1  44   1   5   5   1   4   9  0.66 0.32
  111 V     0  -1  -1   0   0   1   0   0  -1   0   0   0   1   0   0   0   0  -2   0   0    6   2   2   5   2   8   8  10   1   6  11   4   4   3   5   6   6   0   4   8  0.03 0.04
  112 D     0  -2   1   3   1   0  -1   0   0  -1  -1  -1  -2   0   0   0  -1  -2   2  -1    9   1   8  19   4   5   2   6   3   3   6   2   0   4   5   8   2   0   9   5  0.12 0.12
  113 A     2   0  -2   0  -2   0  -2   2  -2   0  -1   0  -1  -2  -1   1   1  -3  -1  -1   26   5   1   5   1   4   1  16   0   6   5   5   1   0   2   9   9   0   2   3  0.16 0.14
  114 E     0   0   1  -1  -3   0   0   0  -1  -2  -2   2  -2  -2   4   0   0  -3   0  -1    8   4   7   2   0   4   5   6   1   2   3  14   0   1  23   6   4   0   3   6  0.30 0.17
  115 F    -1  -2   1  -3  -3  -2  -3  -1  -2  -1  -1  -3   0   5  -1   1   1   3   0   0    5   2   8   1   0   1   1   3   0   2   6   1   2  33   4  10   9   3   2   7  0.38 0.23
  116 D    -2  -3   1   6  -4   1   0  -1  -3  -4  -4  -2  -3  -4  -2   0  -2  -4  -3  -4    3   1   6  56   0   7   4   5   0   1   2   2   0   1   2   7   2   0   1   1  0.97 0.39
  117 G    -3  -5  -4  -4  -5  -5  -5   7  -5  -6  -4  -4  -2  -6  -5  -2  -4  -5  -5  -3    0   0   0   0   0   0   0  90   0   0   2   0   1   0   0   2   0   0   0   2  2.07 0.72
  118 I    -3  -4  -5  -5  -3  -4  -5  -5  -5   6   3  -4   0  -2  -4  -4  -3  -4  -3   3    1   0   0   0   0   0   0   1   0  47  26   0   1   0   0   1   0   0   0  21  1.06 0.44
  119 L    -2  -4  -5  -5  -3  -4  -4  -3  -4   0   5  -4   4   2  -4  -3  -3  -3  -3   1    3   0   0   0   0   0   0   2   0   3  62   0   9   9   0   1   0   0   0   7  0.90 0.41
  120 G    -3  -5  -4  -4  -5  -5  -5   7  -5  -6  -4  -5  -5  -6  -5  -3  -5  -5  -6  -6    0   0   0   0   0   0   0  93   0   0   2   0   0   0   0   0   0   0   0   0  2.26 0.76
  121 L    -3  -4  -5  -5  -4  -4  -5  -4  -5   3   5  -4   4   1  -5  -4  -3  -4  -3   0    2   0   0   0   0   0   0   2   0  14  59   0  13   5   0   0   0   0   0   3  1.00 0.44
  122 G     4  -4  -1  -2  -4  -4  -4   5  -4  -5  -4  -3  -4  -5  -2   1  -3  -5  -5  -4   31   0   3   2   0   0   0  49   0   0   2   0   0   0   2   9   0   0   0   0  1.03 0.47
  123 Y    -2   1  -4  -4  -4  -2  -2  -2   0  -2  -1  -3  -1   5   0  -3  -3   3   6  -2    3   9   0   0   0   1   2   3   2   2   5   1   2  28   4   1   1   4  29   2  0.80 0.38
  124 P     0  -3  -1   1  -4   1  -1   0  -3  -4  -3   0  -3  -4   5   2   0  -4  -4  -3    9   0   3   9   0   6   2   7   0   0   2   7   0   0  30  18   5   0   0   1  0.59 0.31
  125 S     0   0   0   0  -3  -1   1   0  -1  -2  -2   0  -1  -3   1   3   1  -4  -3  -2    8   6   4   6   0   2   9   7   1   2   3   5   1   0   7  26  11   0   0   1  0.23 0.19
  126 L    -2  -3   0  -1   0  -1  -3  -2  -3   4   3  -2   1   0  -4  -1  -1  -4  -3   0    1   0   5   4   2   3   1   3   0  35  28   1   3   3   0   5   2   0   0   2  0.42 0.28
  127 A     2  -3   3  -2  -3  -1   1   0  -3  -1  -3  -2  -3  -4  -2   4   0  -5  -4  -2   20   0  15   0   0   2   8   6   0   4   3   0   0   0   1  35   5   0   0   1  0.50 0.34
  128 V     0  -2  -1  -2   0  -1  -2  -1  -3   1   0  -1   0   0  -1   1   2  -3  -1   3    9   2   3   1   1   2   2   4   0   5   8   2   3   5   2   9  15   0   2  25  0.14 0.15
  129 G     0   0   0   1  -1   0   0   2  -2  -1  -1   0  -1  -1   1   0   0  -1  -2   0    6   6   6   7   1   3   6  16   0   3   5   3   0   3   6   9   6   1   0  12  0.07 0.07
  130 G    -1  -1   1  -1  -3   2  -1   3  -2  -4  -4   1  -3  -3  -3   3   0  -3  -1  -2    2   2   7   3   0   9   3  27   1   1   1  10   0   0   1  23   6   0   2   2  0.39 0.25
  131 V     1  -2  -1  -2  -1   1  -2   0  -2   0  -1   0  -1  -1   2   0   1  -3   0   2   10   1   2   1   1   9   1   7   0   7   6   4   0   2  12   7   9   0   3  16  0.13 0.13
  132 T    -1  -1  -1  -1  -2   0   0  -1  -2  -1  -1   1   0  -2   2   1   3  -3  -2   0    3   3   2   3   0   4   7   3   0   4   5  12   2   1   9   8  24   0   0   8  0.18 0.15
  133 P     0  -3  -2  -3  -4  -2  -3  -1  -3  -4  -4  -3  -3  -2   6   0   4  -4   1  -3    6   1   1   1   0   2   1   4   0   1   1   1   0   2  40   7  27   0   5   1  0.99 0.43
  134 V    -1  -3  -2  -3  -3  -2  -2  -2  -3   1  -1  -2  -1   4   2   0   0   1  -1   3    4   1   2   1   0   2   1   3   0   7   5   2   0  19  10   6   5   2   1  29  0.31 0.21
  135 F    -2  -3  -1  -4  -3  -3  -3  -4   2  -1   1  -3   1   6  -3  -3  -1   4   3   0    2   1   3   1   0   1   1   1   5   2  14   1   4  36   1   1   4   5  12   6  0.67 0.30
  136 D    -2  -3   0   5  -4   1   0  -1   0  -2  -2  -2  -3   0  -2   0  -1  -1   3  -2    3   1   3  41   0   6   5   5   2   2   3   1   0   5   2   6   2   1  10   3  0.53 0.28
  137 N    -2  -2   6  -2  -4   3  -1   0   1  -4  -2   0  -2  -4  -3   0   1  -4  -3  -3    2   1  43   1   0  15   2   6   3   1   4   4   1   0   1   8   8   0   0   1  0.75 0.38
  138 M    -1  -2  -4  -5  -3  -3  -4  -4  -4   1   4  -4   6  -1  -4  -3  -3  -4  -3   1    6   2   0   0   0   0   1   1   0   7  49   1  20   2   0   1   1   0   0   9  0.84 0.39
  139 M     0  -1  -3  -3  -3   0  -2  -3  -3   1   0   3   3   0  -1  -1  -2   4   0   2    7   2   0   0   0   4   1   1   0   9   9  24   8   3   2   3   1   6   2  15  0.25 0.21
  140 A     1  -1   3   1  -3   2   1  -1   0  -4  -3   2  -3  -4  -2   3  -1  -4  -3  -3   10   2  16   6   0   8   9   2   2   0   1  17   0   0   1  22   2   0   0   1  0.39 0.25
  141 Q    -1   1   0  -1  -5   7   1  -4  -1  -5  -4  -1  -3  -5  -4   0  -1  -4  -4  -4    6   5   5   3   0  59   8   1   1   0   1   1   0   0   0   7   3   0   0   1  1.18 0.55
  142 N    -1  -1   1   0  -3  -2  -2   5   0  -3  -2   1  -3  -3  -2   0  -1  -3  -3  -3    3   4   7   5   0   1   2  49   2   1   4   8   1   1   2   5   3   0   1   1  0.60 0.25
  143 L     0  -1   0  -1  -2   0  -1  -2   0   1   2   1   0  -1  -2   0  -1  -2  -2   1    9   1   4   3   0   4   2   3   2  10  31   9   1   1   1   7   3   0   1   7  0.11 0.10
  144 V    -3  -4  -4  -4  -3  -3  -4  -4  -4   5   3  -3   2   0  -4  -2  -2  -3  -2   2    1   1   1   1   0   1   1   1   0  38  29   1   4   3   1   3   1   0   0  15  0.70 0.31
  145 D     1  -1   0   3  -1  -1   1   0   0  -2  -3   1  -2  -3   0   2   0  -3  -2  -2   13   2   3  18   1   1  11   5   3   2   1   8   0   1   4  17   6   0   1   1  0.24 0.17
  146 L    -1   1   0  -1  -3   2   2  -1  -2  -3  -2   3  -2  -3  -2   2   0  -3  -1  -1    4   5   4   2   0  12  15   3   0   1   3  21   0   1   1  19   3   0   2   4  0.31 0.20
  147 P    -1  -1   4   1  -4  -2  -1  -1   0  -3  -4   0  -4  -4   6  -1  -1  -4  -4  -3    3   3  20   8   0   0   3   5   2   2   1   6   0   0  37   3   3   0   0   2  0.81 0.36
  148 M     1  -1  -3  -4  -2  -2  -3  -3  -3   2   2  -1   0  -2  -3  -1  -1  -3  -3   4   13   3   0   1   0   1   1   1   0  13  23   4   2   0   0   5   1   0   0  31  0.38 0.24
  149 F    -5  -5  -6  -6  -5  -6  -6  -6  -4  -1  -2  -6  -1   8  -6  -5  -3  -2   4  -1    0   0   0   0   0   0   0   0   0   2   2   0   1  72   0   0   2   0  15   4  2.02 0.71
  150 S     2  -4  -3  -3  -2  -3  -3   2  -4  -5  -5  -3  -4  -5  -4   6   1  -5  -4  -4   14   0   0   0   1   0   0  13   0   0   0   0   0   0   0  61   9   0   0   0  1.09 0.56
  151 V    -1  -4  -4  -5  -1  -4  -4  -4   1   0   2  -4   2   4  -4  -3  -2   2   4   3    6   0   0   0   1   0   0   0   3   3  17   0   5  23   0   0   2   2  14  21  0.57 0.31
  152 Y    -3  -4  -2  -2   7   0  -4  -5   2  -4  -4  -4  -4   2  -5  -2  -1   6   7  -3    1   1   1   3  24   5   0   0   4   0   0   0   0   6   0   2   5  10  36   1  1.33 0.56
  153 M    -4  -5  -6  -6   1  -5  -4  -6  -2  -1   6  -5   3   1  -6  -5  -4  -4  -1  -2    0   0   0   0   3   0   1   0   1   1  80   0   6   5   0   0   0   0   2   0  1.41 0.60
  154 S     0  -1   2   0  -3   0  -1   1  -2  -3  -3   2  -1  -3   2   2  -1  -3  -1  -1    6   2  13   3   0   3   2  12   0   1   2  14   1   1  10  21   2   0   2   4  0.25 0.17
  155 S    -1   3   0   0  -3  -1  -1  -1   4  -3  -2   1  -2  -2  -1   2   0  -3   0  -2    2  20   3   6   0   1   3   4  14   1   3   7   0   1   2  20   6   0   4   3  0.31 0.21
  156 N    -1   0   4   3   0   1   0  -1   2  -2  -3   0  -3  -1  -2  -1   0  -3   0  -3    6   5  24  20   2   7   5   3   5   2   2   3   0   3   2   1   6   0   4   1  0.34 0.22
  157 P     2  -1   0   2  -2   0   0   0  -2  -1  -2  -1  -2  -3   2   2  -1  -3  -3  -1   17   3   3  13   0   3   3   6   0   4   3   3   0   1  12  23   2   0   0   3  0.26 0.18
  158 E     0  -1   2   2  -3   0   1  -1  -2  -3  -2   1  -2  -2   3   1   0  -3  -3  -2    7   2  12  11   0   2   8   3   0   1   5   8   0   1  16  13   6   0   0   3  0.27 0.16
  159 G     0  -2   1   2   0  -1   1   3   1  -2  -3  -1  -2  -2  -1   1   0  -3  -1  -2    7   1   7  10   3   1  10  23   3   2   2   4   0   2   2  14   4   0   2   3  0.21 0.13
  160 G     1  -1   0  -1  -2   2   1   1  -2  -3  -2   1  -2  -3  -1   2   1  -3  -1  -1   13   2   3   2   0  10  10  13   0   1   3  10   0   1   2  18   7   0   3   3  0.21 0.16
  161 A     0  -1   1   1  -2   0   1   2   1  -2  -2   0  -1  -1   0   1   1  -3  -1  -1    5   3  10   7   0   4   8  18   3   2   2   5   1   3   4   8   8   0   2   5  0.12 0.09
  162 G    -1  -2   0   0  -1  -1  -2   4  -1  -2  -3  -1  -1  -1   1   1   1  -3  -3  -2    4   2   3   4   1   2   2  40   2   2   1   2   2   3   8  11   8   0   1   2  0.43 0.22
  163 S    -1  -4  -2  -3  -5  -4  -1   6  -1  -5  -5  -4  -5  -5  -4   2  -2  -1  -5  -5    3   0   2   0   0   0   4  66   1   0   0   0   0   0   0  19   2   1   0   0  1.34 0.55
  164 E    -1  -1  -1  -2  -3   1   2  -3   0  -1  -2   0   0   1  -2   2   1  -3   2   0    4   3   3   0   0   8  20   0   2   3   1   4   2   6   1  17   7   0   7   9  0.19 0.19
  165 L    -2  -5  -5  -6  -4  -2  -5  -6  -4   4   4  -5   1   0  -5  -4  -3  -3   4   2    2   0   0   0   0   2   0   0   0  26  36   0   2   3   0   0   0   0  14  15  0.80 0.40
  166 I    -1  -2  -1   1  -3  -2  -1  -4  -3   3   1  -2   2   1  -4  -1   2  -3  -1   2    3   2   3   9   0   1   3   0   0  19  13   1   7   5   0   2  14   0   2  16  0.24 0.20
  167 F    -5  -6  -3  -6  -5  -6  -6  -4  -5   0   3  -6  -2   8  -6  -5  -5  -3   0  -2    0   0   2   0   0   0   0   2   0   4  26   0   0  63   0   0   0   0   1   2  1.64 0.63
  168 G    -3  -6  -4  -5  -2  -5  -6   7  -5  -7  -4  -5  -1  -6  -6  -4  -5  -6  -6  -6    0   0   0   0   1   0   0  94   0   0   2   0   2   0   0   0   0   0   0   0  2.30 0.80
  169 G     1  -3  -2   1  -4  -3  -3   5  -3  -3  -3  -3  -4   1  -4   0  -2  -4   1  -2   14   1   1   7   0   0   0  52   0   1   2   0   0   6   0   5   1   0   5   2  0.79 0.37
  170 Y     0  -3  -3  -3  -2  -3  -3  -3  -3   4   0  -3   1  -1  -3   0   1  -3   1   3    6   1   0   1   0   0   1   2   0  30   7   1   2   1   1  10   9   0   6  24  0.42 0.25
  171 D    -2  -2   2   7  -6  -3   0  -2  -4  -5  -6  -3  -5  -6  -1  -3  -4  -6  -5  -5    3   2   7  76   0   0   3   3   0   0   1   0   0   0   3   0   0   0   0   0  1.75 0.65
  172 H     0  -2   2  -1  -3   0   0  -2   3  -4  -3   2  -3  -3   3   2   1  -1  -3  -3    5   1  10   2   0   3   4   2   8   0   2  13   0   1  16  20  11   1   0   1  0.37 0.25
  173 S     2   0   1  -1  -3   0  -2   0  -3  -4  -4   1  -3  -4  -1   4   2  -4  -4  -2   14   4   7   2   0   4   1   5   0   0   0   9   0   0   3  34  13   0   0   3  0.43 0.30
  174 H    -3   1  -1  -3  -4  -2  -2  -3   4  -2   0   5   1  -1  -2  -2  -3   0   4  -1    1   5   3   1   0   0   0   2  10   1   9  39   4   2   2   1   0   1  14   4  0.55 0.36
  175 F    -4  -2  -3  -2  -1  -3  -4  -5   2   0  -2  -4  -3   4  -1  -2  -2  -1   8  -1    0   2   1   2   1   1   0   0   5   6   2   0   0  15   4   2   2   0  49   5  1.15 0.50
  176 S     0  -1  -1  -1  -3   2   0  -1   2  -2  -3   1  -3  -4  -3   2   4  -4  -3  -1    6   3   2   3   0  10   4   3   6   2   1   9   0   0   0  17  29   0   0   4  0.38 0.28
  177 G    -1  -2  -3  -4  -5  -1  -2   7  -1  -6  -6  -3  -5  -5  -3  -2  -3  -5  -5  -5    5   3   0   0   0   3   3  77   2   0   0   1   0   0   1   3   1   0   0   0  1.54 0.58
  178 S    -1  -1   2   3  -4   1   2  -1  -1  -4  -3   0  -3  -2   0   3   0  -4  -3  -2    2   1  11  18   0   5  14   3   1   0   2   5   0   1   3  26   4   0   0   2  0.39 0.26
  179 L    -3  -2  -4  -5  -3  -4  -3  -5   1   3   4  -4   2   1   1  -4  -2  -4  -2   2    0   2   0   0   0   0   1   0   4  18  42   0   4   7   7   0   1   0   0  12  0.59 0.32
  180 N     0   0   1  -2  -1   0  -1  -2   2   0  -3   0  -2  -2  -1   1   4   1   0   0    8   4   9   0   1   4   2   2   5   5   0   5   0   1   2   7  29   2   4   8  0.23 0.23
  181 W    -1  -5  -2  -4  -5  -4  -3  -5  -3  -4  -4  -3  -4   2  -3  -3   3   8   6  -3    5   0   2   1   0   0   1   0   0   0   0   1   0   8   1   1  22  24  33   1  1.46 0.62
  182 V    -1  -4  -4  -4  -3  -2  -1  -4   0   2   1  -3  -2   0  -2  -1   4  -4  -3   3    5   0   0   0   0   1   3   0   2  11  15   0   0   3   2   2  28   0   0  28  0.49 0.33
  183 P    -3  -5   2   0  -6  -1  -4  -4  -5  -6  -2  -1  -5  -7   8  -2  -3  -7  -6  -6    2   0  10   6   0   3   0   0   0   0   4   3   0   0  69   2   1   0   0   0  1.86 0.71
  184 V    -2  -5  -5  -6  -3  -3  -5  -6  -5   4   2  -5   3  -3  -3  -2  -2  -5  -4   5    2   0   0   0   0   1   0   0   0  22  20   0   9   0   1   2   1   0   0  42  0.90 0.43
  185 T    -2   1   3   1  -3  -1  -2  -3  -3  -1  -1  -1  -1  -4  -2   2   4  -5  -4   0    0   8  14   9   0   3   0   0   0   4   7   3   1   0   2  14  28   0   0   8  0.36 0.29
  186 K    -2   4   2  -1  -4   2  -1  -2   2  -3  -3   1  -3  -4  -1   3  -1  -4  -1  -2    2  21  10   2   0   9   1   2   5   1   3   8   0   0   2  28   1   0   2   3  0.45 0.32
  187 Q    -1   1   0   2  -4   3   3  -2  -2  -4  -4   1  -3  -5   2   1   0  -5  -2  -4    4   6   4  13   0  18  20   2   0   0   1   8   0   0  10   9   5   0   2   0  0.46 0.29
  188 A     1  -1   1  -1  -3  -2  -2   4  -1  -3  -2   0  -1  -3  -3   0   1   2   0  -2   12   4   7   3   0   1   0  34   1   1   4   5   2   0   0   7  10   3   4   2  0.35 0.24
  189 Y    -3  -5  -3  -3  -5  -2  -1  -6   3  -4  -2  -4  -4   5  -2  -2  -3   4   7  -4    1   0   1   2   0   1   4   0   6   0   2   0   0  21   2   3   1   5  48   1  1.37 0.59
  190 W    -6  -6  -4  -7  -6  -1  -6  -6  -4  -5  -2  -6  -5   0  -4  -4  -3  11   7  -5    0   0   1   0   0   3   0   0   0   0   5   0   0   3   1   1   2  50  34   0  2.63 0.87
  191 Q    -1   0   0  -1  -4   5   1   0  -1  -1  -4  -1  -1  -3  -3   1   0  -3   3  -3    4   4   4   2   0  30  10   8   1   4   0   1   2   1   0  11   6   0  10   1  0.43 0.33
  192 I    -3  -5  -5  -5  -4  -5  -5  -6  -3   5   0  -5  -2   4  -2  -4  -1  -1  -2   4    1   0   0   0   0   0   0   0   1  34   5   0   0  18   2   0   3   1   0  35  0.95 0.45
  193 A     0   0   2   0  -3   0  -1   1   2  -2  -3   0  -1  -4   1   1   3  -4  -3  -2    7   4   9   4   0   5   3   9   5   2   0   4   2   0   7   9  28   0   0   1  0.30 0.24
  194 L     0  -4  -4  -5  -2  -2  -4  -4  -2   2   3  -2   4   1  -4  -2  -2  -4  -3   3    7   0   0   0   1   1   0   0   1  12  34   2  12   4   0   3   1   0   0  20  0.52 0.30
  195 D    -1  -1   1   4  -4   1   1   0  -2  -2  -2   0   0  -4  -3   0   2  -4  -2  -2    4   2   7  28   0   5  10   8   0   2   3   5   3   0   0   6  14   0   1   2  0.35 0.24
  196 N     0   0  -1   1  -4  -1  -1   4  -1  -5  -4   0  -2  -5  -2   3   0  -5  -4  -4    7   5   2   7   0   2   4  37   1   0   1   5   1   0   1  23   5   0   0   0  0.54 0.31
  197 I    -2  -4  -5  -5  -1  -4  -5  -3  -1   4   2  -4   1   2  -5  -4  -2  -3   3   3    2   0   0   0   1   0   0   2   2  30  15   0   3   8   0   0   1   0  12  23  0.62 0.33
  198 Q     0   0   0   0  -1   0   0   0   0  -2  -1   1  -2  -2  -3   3   1  -1  -1  -2    5   3   3   5   1   4   4   7   2   3   7  12   0   2   0  29   9   1   1   1  0.19 0.19
  199 V    -2  -4  -5  -5  -2  -2  -3  -5  -5   4   0  -4   2   1  -5  -3  -2  -2  -1   5    3   0   0   0   0   2   2   0   0  30   7   0   4   6   0   1   2   1   2  40  0.76 0.38
  200 G    -2  -1   3   1  -5  -2  -3   6  -4  -4  -4  -2  -2  -5  -4  -1  -3  -5  -5  -4    2   4  13   9   0   1   1  60   0   1   1   1   1   0   0   4   1   0   0   1  1.10 0.48
  201 G    -2  -1   2   2  -4  -2  -1   4  -3  -4  -4   0  -1  -5  -2   3  -1  -5  -4  -4    1   3  11  10   0   1   2  35   0   1   1   6   2   0   1  23   2   0   0   0  0.59 0.34
  202 T    -1   1   1   0  -3   2   1   0  -1  -2  -2   1  -2  -2  -1   1   1  -4  -2  -1    3   5   7   5   0  12   8   8   1   1   4  11   0   1   2  13  11   0   1   5  0.16 0.15
  203 V     1  -1   0   0  -1  -1  -1  -2  -3   0  -1   0  -1  -2  -1   2   2  -4  -1   0   12   2   4   7   1   2   2   1   0   7   4   6   1   1   2  22  18   0   1   7  0.18 0.19
  204 M    -1  -2  -1  -2  -1  -1  -2   0  -2   2   2  -1   1   0  -2   0   2   0  -1   1    4   0   3   1   1   4   0   7   1  14  21   2   2   5   2   5  15   1   1  12  0.12 0.13
  205 F     1  -2   1   2  -2  -1   0  -1  -1   0   0  -1  -1   2   0   0  -1   1   0   0   14   1  10  12   0   2   3   2   2   5  13   2   0  11   4   7   2   2   2   5  0.08 0.10
  206 C     1  -2  -2  -2   7   0  -2   0  -2   0   0  -1  -2  -2  -1   2   1  -3  -3  -1    9   1   1   1  24   4   2   6   1   5  10   3   0   2   3  16   8   0   0   3  0.39 0.24
  207 S     1  -2   2   1  -3   0   1  -1  -1  -2  -2   0  -2  -1   1   2   2  -4  -3  -2    9   0  11   6   0   2   9   4   1   1   3   6   0   3   7  22  12   0   0   3  0.24 0.19
  208 E     0   0   2   2  -2   1   1   1  -1  -3  -3   0  -2  -2  -1   1   1  -3   1  -2    7   4  10  10   1   6  10  13   0   1   0   6   0   1   2   9  11   0   6   2  0.19 0.15
  209 G    -1  -1   1  -2  -4  -2  -2   4  -3  -3  -4   0  -1  -4   0   2   0  -4  -1  -3    4   3   6   1   0   1   2  39   0   1   0   6   2   0   5  21   6   0   2   1  0.55 0.31
  210 C     0  -3  -1  -3   6  -3  -4   1  -1   2  -2  -3  -1   2  -2  -1   1  -3   0   1    6   1   2   1  23   0   0  11   1  13   2   0   1  11   2   4   9   0   3   9  0.41 0.26
  211 Q     0  -1   1   2  -3   3   1   2  -1  -3  -3   1   0  -4   0   1   0  -4  -3  -2    7   2   5  10   0  17   6  15   1   0   2   8   2   0   5  12   6   0   0   1  0.27 0.20
  212 A     4  -3  -4  -4  -1  -4  -4   2  -4   0  -3  -3  -3  -4  -3  -1   1  -5  -1   3   45   1   0   0   1   0   0  13   0   5   0   0   0   0   0   2  10   0   2  20  0.65 0.41
  213 I    -3  -5  -6  -6  -4  -5  -6  -6  -6   7   2  -5   1   1  -6  -5  -3  -5  -2   2    2   0   0   0   0   0   0   0   0  61  15   0   3   5   0   0   1   0   1  12  1.26 0.52
  214 V     1  -4  -5  -5  -2  -4  -4  -5  -5   3   3  -4   1   2  -4  -2  -3  -4  -3   4   13   0   0   0   1   0   0   0   0  16  26   0   2   8   0   2   0   0   0  32  0.65 0.35
  215 D    -6  -3  -3   8  -7  -2  -2  -3  -5  -7  -8  -4  -7  -8  -5  -3  -5  -8  -7  -7    0   1   0  95   0   1   0   1   0   0   0   0   0   0   0   1   0   0   0   0  2.62 0.92
  216 T    -3  -3  -3  -4  -2  -4  -3  -5  -1  -5  -5  -4  -5  -6  -5   5   6  -6  -5  -4    0   1   0   0   1   0   1   0   1   0   0   0   0   0   0  44  52   0   0   0  1.57 0.75
  217 G    -4  -4  -4  -5  -6  -6  -6   7  -6  -4  -7  -5  -6  -7  -6  -2  -3  -6  -7  -7    0   1   0   0   0   0   0  94   0   1   0   0   0   0   0   2   1   0   0   0  2.37 0.85
  218 T     0  -5  -4  -5  -5  -3  -3  -5  -5  -5  -5  -2  -5  -6  -5   1   7  -6  -5  -4    6   0   0   0   0   1   1   0   0   0   0   3   0   0   0   9  81   0   0   0  1.85 0.82
  219 S     0  -4  -2  -4  -4  -4  -3  -4  -5  -4  -5  -4  -2  -3  -3   5   5  -6  -5  -1    5   0   1   0   0   0   1   0   0   0   0   0   1   1   1  43  42   0   0   5  1.17 0.63
  220 L    -2  -5  -2  -5  -4  -4  -5  -4  -2   2   4  -3   1   3  -4  -4  -4  -3   2   0    2   0   2   0   0   0   0   1   1  10  51   1   3  14   1   1   0   0   9   4  0.78 0.40
  221 I    -2  -4  -3  -5  -4  -4  -4  -5  -5   3   3  -3   3  -1  -4   1   3  -5  -4  -1    2   0   1   0   0   0   0   0   0  18  32   1   7   2   0  11  24   0   0   2  0.63 0.39
  222 T    -1   1  -3  -4  -4  -3  -3  -3   0   0   1  -3   0  -1  -4  -1   1  -2   5   1    6  10   1   0   0   0   1   2   2   5  17   0   3   0   0   6  10   0  28  10  0.45 0.33
  223 G     0  -5  -5  -5  -4  -4  -5   3  -5  -1   4  -5   1   2  -5  -4  -3   0  -2   0    7   0   0   0   0   0   0  26   0   1  46   0   2  10   0   0   0   1   1   5  0.74 0.41
  224 P    -1  -5  -3   1  -6   0  -3  -5  -5  -4  -6  -3  -6  -5   8   0  -1  -7  -6  -4    4   0   1   7   0   4   1   0   0   1   0   1   0   1  69   7   4   0   0   1  1.88 0.74
  225 S     0   0   0   2  -4   3   0  -3  -3  -4  -4   1  -2  -4   0   1   3  -4  -1  -2    7   6   4  10   0  13   4   1   0   0   0   9   0   0   5  13  23   0   2   3  0.36 0.28
  226 D     2   0   1   2  -4   1   2  -1  -1  -4  -4   1  -3  -5   0   2   0  -5  -4  -2   16   4   5  13   0   7  11   3   1   0   0   9   0   0   4  21   5   0   0   2  0.33 0.25
  227 K     1  -2  -3  -1  -3  -1  -1  -3  -2   3   1  -2  -1   1  -1  -1   0  -1   1   2   14   1   0   5   0   2   4   1   1  20  10   1   0   6   2   2   4   1   5  20  0.21 0.19
  228 I     2  -5  -5  -5  -4  -4  -5  -4  -3   2   0  -4   0   2  -5  -3  -1  -3   5   4   18   0   0   0   0   0   0   0   0  13   7   0   1   7   0   0   3   0  21  30  0.71 0.40
  229 K     1   1   2   2  -3   2   2  -2  -2  -2  -2   1  -3  -3  -3   1   1  -4  -1  -2   12   6   9  13   0   9  13   1   0   3   4   7   0   0   0  11   9   0   2   2  0.24 0.20
  230 Q     2  -2   2   0  -4   2   1  -2  -3  -3  -2   2   1  -4  -2   2  -2  -5  -4  -3   23   0  12   5   0  12   6   1   0   0   5  13   4   0   1  15   0   0   0   1  0.36 0.29
  231 L    -3  -3  -5  -6  -4  -5  -5  -6  -4   5   3  -5   1   2  -5  -4  -2  -3   3   2    2   1   0   0   0   0   0   0   0  36  24   0   3   8   0   0   1   0  12  14  0.85 0.41
  232 Q     1   0   2  -3  -4   3  -1  -2   1   0  -1  -2   1  -2  -2  -1  -1  -1   3   1   12   4  10   0   0  17   2   3   4   5   5   1   4   1   1   2   3   1  14  12  0.23 0.24
  233 N     1   1   1   1  -4   2   2  -1   2  -4  -4   3  -3  -4  -3   1  -1  -4  -1  -3   11   6   7   9   0   9  11   3   6   0   0  19   0   0   0  13   3   0   2   1  0.36 0.25
  234 A     4  -3  -1  -1  -3   3  -1  -1   0  -2  -2   0  -1  -2  -3   1  -1  -4  -1  -2   38   0   2   3   0  18   3   4   2   2   5   6   2   1   0  10   3   0   2   1  0.42 0.33
  235 I    -1  -5  -5  -5  -3  -3  -5  -3  -4   5   1  -4  -1   2  -3  -2  -1  -4   1   3    4   0   0   0   0   1   0   2   0  37  12   0   1   7   1   2   4   0   5  23  0.65 0.35
  236 G    -1  -3   2   1  -4   0  -1   5  -3  -4  -3   1  -4  -5   0   0  -2  -5  -5  -4    3   0   9   7   0   5   3  44   0   1   3   9   0   0   6   8   2   0   0   0  0.65 0.35
  237 A     5  -2  -2  -3  -1  -3  -2   2  -4  -2  -3  -3  -3  -5  -2   1  -2  -5  -2   0   50   2   1   1   1   0   2  17   0   2   1   0   0   0   1  12   2   0   1   6  0.67 0.41
  238 A     1   1   1  -2  -3   1  -1  -3  -1  -1  -2   1  -2  -3  -2   2   2  -4   0   1   14   6   6   1   0   6   1   0   1   2   1   8   0   0   1  17  17   0   4  14  0.24 0.23
  239 P     0  -1  -1   0  -3   1   1  -2  -2  -2  -1   1  -2  -2   3   2   1  -3   2  -2    9   1   1   5   0   8   9   1   0   2   5   7   1   1  13  19   8   0   9   2  0.24 0.21
  240 V    -1  -1   2   1  -1  -1   0  -1  -1  -1  -1  -1  -1   1   0   2   1   1   1  -1    2   3  14   7   1   2   5   4   0   5   7   2   1   7   4  17   8   2   6   3  0.11 0.13
  241 D    -2  -1   3   4  -3   2   1  -1  -2  -2  -2   0  -3  -2  -3   2  -1  -5  -2  -3    2   3  16  24   1  10   9   4   0   2   4   4   0   2   0  16   2   0   1   1  0.43 0.29
  242 G    -1  -1  -1  -1  -5  -1  -1   6  -1  -5  -3  -1  -4   0   0  -1  -1  -5  -2  -4    3   3   3   3   0   2   4  56   2   0   3   4   0   4   5   5   3   0   1   1  0.78 0.40
  243 E     0  -2  -1   0   0   1   2   2  -2  -1   0  -1  -1   1  -3  -1  -1   2   1  -1    6   1   2   4   3   5  20  16   0   3  10   3   1   6   0   1   4   3   6   5  0.14 0.16
  244 Y    -3  -3  -4  -5   1  -4  -3  -2   1  -3  -3  -2   1   3  -1  -3  -3   5   7  -1    1   2   1   0   3   0   1   4   3   1   2   2   3  11   4   1   1   8  47   4  1.18 0.52
  245 A    -1  -2  -2   0  -1   0   0  -2  -3   1   0  -1   1   1  -3   0   1  -3   0   2    4   2   1   7   1   4   5   2   0  10   5   3   4   7   0   8  13   0   3  23  0.13 0.15
  246 V    -2  -3  -4  -3  -3  -1  -2  -3  -4   2   1  -4  -1   4  -4  -2   0  -3   1   3    2   1   0   2   0   3   2   2   0  14  14   0   1  19   0   2   5   0   4  29  0.46 0.28
  247 E    -2  -3   2   4  -5   0   1  -2  -3  -5  -4  -1  -4  -5   5   1   0  -5  -1  -4    1   1   9  23   0   4   7   2   0   0   1   2   0   0  26  13   6   0   2   0  0.70 0.37
  248 C    -4  -7  -6  -7  11  -7  -7  -4  -7  -5  -5  -7  -5  -2  -7   0  -3  -6  -6  -5    0   0   0   0  88   0   0   1   0   0   0   0   0   2   0   6   2   0   0   0  3.52 1.07
  249 A    -1  -3   3   3  -1  -2  -1  -2  -3  -4  -4   0  -4   1  -1   3  -2   4   1  -4    5   0  16  18   1   1   2   1   0   0   1   6   0   7   3  26   0   7   5   0  0.52 0.35
  250 N     2   0   1   0  -3   1   0  -1  -2  -2  -2   2  -1  -3  -2   1   2  -4  -2  -1   19   3   5   4   0   6   5   4   0   1   3  15   1   0   1  12  15   0   1   4  0.20 0.18
  251 L     0  -1  -2  -1  -1  -1  -1   0  -2   2   1  -1   0   0  -2   1   0   0   0   2    9   4   1   2   1   2   3   6   0  15  11   1   2   4   1  11   7   1   3  15  0.07 0.08
  252 N     0  -1   3   2  -3   0  -1   0  -1  -3  -3   0  -3  -3   2   2   0  -3  -2  -1    5   2  15  14   0   4   2   7   1   1   2   6   0   1   9  21   4   0   1   4  0.29 0.19
  253 V    -1  -1   1   1  -3   0   0  -1  -3  -2  -1   1  -1  -2   0   2   3  -4  -3  -2    4   1   5   7   0   3   7   3   0   1   5   9   2   2   4  21  23   0   0   2  0.26 0.23
  254 M    -2  -3  -1  -2  -3  -1  -2  -2  -2   0   3   0   3   1  -4  -1  -1  -3   0   1    2   0   2   2   0   3   3   2   1   3  39   7  10   6   0   4   3   0   3  10  0.32 0.24
  255 P    -2  -1  -3  -3  -5  -2  -2  -3  -2  -1  -3  -4  -4  -4   8  -2  -2  -5  -5  -2    3   3   1   1   0   1   2   2   1   5   3   0   0   1  69   2   2   0   0   3  1.71 0.63
  256 D     0  -2   2   4  -3  -1   0  -2  -2  -3  -3   0  -3  -4   0   2   2  -1  -1  -1    8   2  10  24   0   2   6   2   0   1   1   4   0   0   3  14  17   1   2   3  0.38 0.25
  257 V    -2  -5  -4  -5  -4  -5  -5  -5  -5   4   3  -5  -1   4  -5  -4  -3  -4  -1   4    2   0   1   0   0   0   0   0   0  26  24   0   0  18   0   0   1   0   1  26  0.85 0.40
  258 T     0  -3  -1  -1   0   0   0  -2  -3   0  -2   0  -2  -1  -3   2   3  -4  -2   2    8   0   3   3   2   3   5   3   0   6   1   5   0   2   0  15  26   0   1  17  0.28 0.25
  259 F    -4  -5  -5  -6  -4  -5  -5  -5  -4   0   2  -3   1   7  -5  -4  -3   1   2   1    0   0   0   0   0   0   0   0   0   4  17   1   3  53   0   1   1   2   6  10  1.24 0.51
  260 T    -1  -1   1   0  -3   1  -1  -2   4  -2  -3  -1   0  -4  -3   1   4  -4  -1   1    4   3   6   6   0   7   3   2  13   2   1   3   2   0   0   8  28   0   2  10  0.35 0.28
  261 I    -4  -4  -1  -1  -4  -4  -4  -5  -4   5   2  -3   2   5  -5  -3  -3  -3  -2   1    0   1   3   3   0   0   0   0   0  33  14   1   6  28   0   2   0   0   0   6  0.82 0.40
  262 N     0  -1   4   1  -4  -1  -1   4  -3  -5  -5  -2  -2  -5  -4   1  -1  -5  -5  -3    6   2  24   8   0   2   2  36   0   0   0   2   1   0   0  12   3   0   0   1  0.72 0.38
  263 G    -2  -4   2   1  -1  -4  -1   6  -3  -6  -6  -3  -5  -6  -5   2  -2  -6  -5  -6    1   0   8   7   1   0   4  61   1   0   0   1   0   0   0  13   2   0   0   0  1.21 0.53
  264 V     0   0   0  -1  -3   0  -1   0   0   0  -1   2  -1   0   0   0  -1  -3   2   1    9   5   5   2   0   3   1   6   2   5   6  16   0   5   4   7   2   0   8  14  0.07 0.12
  265 P    -1   0   2   2  -4   1   0  -2   1  -3  -3   3  -2  -4   0   0   2   1  -2   0    4   4  10  11   0   8   4   1   3   1   1  20   1   0   4   6  13   2   1   7  0.27 0.22
  266 Y     0  -3  -5  -3  -4  -3  -4  -5  -3   3   0  -4  -1   5  -5  -3  -2   4   5   0    8   1   0   1   0   1   0   0   0  17   8   0   1  24   0   1   2   5  24   5  0.77 0.38
  267 T     0  -1   0   0  -3  -1   0  -1  -1  -1  -2  -1  -2  -2   3   1   3  -4  -2   1    8   3   5   5   0   1   6   3   1   4   2   3   0   1  13  12  22   0   1   9  0.24 0.21
  268 L    -2  -4  -4  -5  -4  -4  -3  -6  -5   4   3  -2  -1  -3  -5  -4  -2  -5  -1   4    2   1   1   0   0   0   2   0   0  23  32   3   0   0   0   0   2   0   2  33  0.80 0.41
  269 S    -2  -3  -2  -2  -4  -1  -1  -1  -1  -2  -2  -2  -2  -2   5   2   2  -2  -1  -1    2   1   1   1   0   2   4   5   2   2   5   1   1   2  34  18  12   1   2   5  0.63 0.35
  270 P     2  -4  -3  -4  -5  -4  -4   2  -2  -2  -1  -3  -2  -5   6   0  -2  -6  -5  -3   17   0   1   0   0   0   0  15   1   2   6   1   1   0  46   6   1   0   0   2  1.09 0.50
  271 T    -1   1   0   1  -4   2   3   0   1  -3  -3   1   0  -3  -2   2   0  -4  -1  -2    2   6   2   8   0   9  19   6   4   1   1   9   3   1   1  21   5   0   2   2  0.29 0.23
  272 A     1  -1   1   4  -4   2   2  -2   2  -4  -3  -1  -3  -2  -1   1  -2  -4   1  -3   15   2   5  22   0   8  13   1   6   0   2   2   0   1   2  11   1   0   7   0  0.37 0.26
  273 Y    -3  -4   1  -4  -5  -3  -4  -4   0   2   1  -3   0   2  -5  -2  -4  -2   7  -3    1   0   7   1   0   1   0   1   2  11  13   2   2   8   0   2   0   0  48   0  1.10 0.51
  274 T    -2  -3   1  -3  -3  -2  -3  -3  -3   4   1  -3   0   0  -4  -1   1  -3   0   3    2   0   8   1   0   1   0   2   0  29  14   1   2   3   0   3   9   0   4  20  0.39 0.25
  275 L    -2  -1  -2  -4  -3  -1  -3  -2  -3   2   4  -3   0   2  -4  -1  -1  -2   3   0    3   4   2   0   0   2   0   3   0  11  40   0   1   9   0   5   3   0  10   6  0.40 0.25
  276 L     0   0  -1  -2  -3   2   0  -1  -1   1   0   2   1  -1   0   0  -1   1   0  -1    6   3   2   1   0  13   3   5   1  10   9  20   4   2   5   6   1   2   4   4  0.12 0.14
  277 D    -1   0   0   1  -2   0   0  -1   0   0  -1  -1  -1  -2   2   0   1  -3  -1   1    4   5   5   9   0   3   5   5   2   4   7   3   0   1  13   8   9   0   2  15  0.11 0.09
  278 F     0  -1   0  -1  -2   1   1   0  -1   0  -1  -1  -1   1   1   1   1  -2   2   0    5   1   3   2   0  10  10   6   1   4   3   3   1   7   6  11   8   0   7  10  0.08 0.10
  279 V     0   0   0   2  -2   2   1   0  -1  -1  -1   0   0  -2  -1   0   1  -3   0  -1    9   3   4  13   0  10  11   8   0   4   4   4   3   1   2   6   8   0   3   5  0.11 0.09
  280 D     0  -1   2   3  -3   1   1   1  -1  -3  -3  -1   0  -2   1   1   1  -3  -3  -2    8   1  11  17   0   7   8  11   1   1   1   3   3   1   6  12   7   0   0   1  0.25 0.17
  281 G     0  -2   1   1  -3  -2   0   4  -2  -2  -2  -2  -3  -3   1   1   0  -3  -3  -2    4   2   7   8   0   1   5  35   0   3   3   1   0   1   7  13   6   0   1   3  0.39 0.22
  282 M     0   0   1   0  -2   1   0   2  -2  -2  -2   1   0  -3  -1   2   0  -3  -2   0    4   4   6   6   0   7   5  16   0   2   1   8   2   1   2  17   7   0   1   8  0.15 0.12
  283 Q     0  -1   2   0  -1   1   0   2   0  -2  -2   1  -1  -3  -2   2   1  -3  -3  -1    5   3   9   5   1   6   4  16   2   1   4   8   1   0   1  16  11   0   0   5  0.17 0.14
  284 F    -1   0  -2  -2  -2   1  -1  -2  -1   1   0  -2  -1   2  -3   0   3  -2   2   1    4   4   1   2   0   8   2   2   1   7   8   1   1   9   1   7  20   0   8  14  0.16 0.17
  285 C    -3  -3  -6  -6  11  -6  -6  -5  -6  -5  -5  -6  -5  -6  -6  -1  -4  -6  -6  -5    2   2   0   0  87   0   0   1   0   0   1   0   0   0   0   5   0   0   0   0  3.40 1.00
  286 S    -3  -2  -2  -4  -3  -2  -4  -3  -3   2   3  -3   2   3  -4  -2   0  -2   3   1    0   2   1   0   0   2   0   2   0  15  26   0   6  14   0   3   6   0  13   7  0.43 0.26
  287 S     1  -2  -2  -1  -2  -2  -2   2  -3  -2   1  -2  -1   2  -3   3   0   0  -2  -1   10   2   1   2   0   1   1  16   0   1  16   1   1   9   1  28   6   1   0   5  0.26 0.22
  288 G     0  -3   1  -1   1  -3  -3   5  -3   1  -2  -3  -3  -3  -1  -1  -1   0  -3  -2    7   1   6   3   4   1   1  49   0   9   3   1   0   1   3   3   4   1   0   2  0.64 0.29
  289 F    -2  -3  -3  -3   0  -2  -3  -3  -3   3   1  -3   1   6  -3  -3  -2  -2   1   1    2   1   1   1   2   2   1   1   0  20  14   1   2  35   1   1   1   0   2  10  0.64 0.28
  290 Q    -1  -1   0   0  -1   4   1   0   0  -1  -1   0   3  -2   0  -1   0  -2  -1  -1    4   2   4   6   1  21   7   8   2   4   4   4  12   2   5   3   7   0   2   3  0.18 0.16
  291 G     1  -2   1  -1  -1  -1  -1   3  -2  -2  -3   0  -2  -2   1   1  -1  -2   1  -2   16   2   6   2   1   3   3  27   0   2   2   6   0   1   8   9   3   0   6   2  0.28 0.16
  292 L    -1  -1   1  -1   2  -1  -1   1  -2   0   1  -1   4   1  -2   0   0  -2  -2   0    2   2  10   2   5   2   4  13   0   5  14   2  14   5   1   7   4   0   1   7  0.12 0.12
  293 D     0   0   1   4  -3   1   0   0  -1  -2  -2   0  -1  -2  -2   0  -1  -2   1  -2    9   6   6  29   1   8   5   7   1   2   3   4   2   1   1   4   3   0   6   2  0.28 0.16
  294 I    -1  -1  -1   0  -2  -1   0  -2  -2   3   1  -2   1   1   0  -1   0  -2   0   1    4   4   3   5   0   2   6   2   0  23  11   1   4   7   4   5   5   0   2  12  0.10 0.09
  295 H     1   0   1   0  -2   1   0  -1   1  -1  -1  -1   0  -2   3   1   0  -1  -1  -1   11   4   7   4   0   8   3   3   4   5   6   1   2   2  17  13   3   1   1   3  0.19 0.13
  296 P     0  -2   1  -1  -3   0   0   0  -2  -2  -2   0  -2  -2   4   2   1  -3  -3  -1    5   1   6   3   0   4   5   7   0   2   5   4   0   2  26  15  10   0   1   4  0.38 0.19
  297 P     0   0   0   0  -3   1   0   1  -2  -3  -2  -2  -1  -3   4   2  -1  -3  -2  -2    6   4   3   5   0   7   5  13   0   1   5   1   2   1  22  19   3   0   1   2  0.36 0.21
  298 A     0   0   0   1  -3  -1  -1   2   0  -1  -1  -1   0  -2  -2   2   1  -3  -2  -1    7   5   5   7   0   1   3  21   2   3   7   2   2   1   1  16  11   0   1   3  0.16 0.14
  299 G     0  -2   0   0  -3  -2   0   4  -3  -2  -2  -2  -1  -2  -1   1   1  -4  -3  -3    7   2   3   6   0   1   5  38   0   3   4   1   2   2   3  13   8   0   0   1  0.42 0.24
  300 P    -1  -1   1   1  -3  -1   2   2  -1  -2  -3  -2  -3  -4   4   1  -1  -4  -3  -1    2   3   8   9   0   2  13  16   1   2   2   1   0   0  21  12   2   0   0   4  0.39 0.23
  301 L     0  -3  -2  -1  -3   0  -1  -3   0   1   2  -2   1   2  -2  -1   2  -3   0   1    6   0   1   3   0   5   3   1   3   7  26   1   3   9   1   4  15   0   2  10  0.18 0.17
  302 W     1  -4   3  -4  -4  -1  -4  -3  -3  -1  -3  -4  -1   1  -4   1  -2   9   1  -1   14   0  13   0   0   3   0   1   0   4   2   0   1   5   0  13   1  30   4   5  0.97 0.44
  303 I    -4  -6  -6  -6  -4  -5  -6  -6  -6   7   1  -5  -1  -2  -6  -5  -4  -5  -3   3    1   0   0   0   0   0   0   0   0  67  11   0   1   1   0   0   0   0   1  17  1.53 0.60
  304 L    -4  -5  -4  -6  -4  -5  -6  -7  -5   3   5  -5   0   4  -6  -5  -4  -4   0   0    0   0   1   0   0   0   0   0   0  16  61   0   2  14   0   0   0   0   2   3  1.18 0.52
  305 G    -2  -6  -4  -4  -7  -6  -6   8  -6  -8  -8  -6  -7  -7  -6  -4  -6  -7  -7  -7    2   0   0   1   0   0   0  97   0   0   0   0   0   0   0   0   0   0   0   0  2.57 0.89
  306 D     0  -3   3   7  -6  -1   0  -1  -1  -5  -4  -2  -5  -6  -4  -3  -3  -6  -5  -4    7   1  12  61   0   3   3   5   1   0   2   1   0   0   0   0   1   0   0   1  1.27 0.56
  307 V     0  -2   2  -3  -3  -4  -4  -4  -2   2   0  -4  -1  -2  -2  -1   1  -5  -1   5    6   2  12   1   0   0   0   0   1  12   6   0   0   1   2   3  10   0   2  42  0.52 0.35
  308 F    -2  -6  -6  -6  -6   2  -5  -6  -2   0  -3  -6  -3   8  -7  -4  -2  -3   0  -1    3   0   0   0   0  11   0   0   1   5   1   0   0  72   0   1   2   0   1   4  1.87 0.74
  309 I    -2  -4  -5  -6  -4   2  -5  -6  -5   3   4  -4   6   0  -5  -5  -4  -5  -4  -1    3   0   0   0   0  11   0   0   0  14  48   0  20   3   0   0   0   0   0   1  1.05 0.52
  310 R    -3   5  -3  -2  -6   3   1   0  -3  -5  -3   4  -2  -6  -4  -2  -1  -5  -5  -4    1  39   0   1   0  13   8   7   0   0   2  22   1   0   0   2   3   0   0   1  0.89 0.47
  311 Q     0   1   3   0  -2   1   0   1   0  -4  -2   0  -1  -2   0   2  -1  -4  -2  -3    5   8  16   4   0   8   5  12   2   0   4   6   1   1   4  18   2   0   1   0  0.24 0.20
  312 F     1  -3   0  -3  -4   2  -3  -4  -1   0  -1   0   0   3  -5  -3  -2   0   6   0   13   0   5   1   0  10   0   0   1   5   4   7   2  13   0   0   2   1  31   5  0.60 0.38
  313 Y    -5   0  -3  -4  -2  -2  -3  -6   3  -4  -1  -5   0   4  -6  -5  -5   0   8  -1    0   6   1   1   1   2   2   0   5   0   6   0   2  17   0   0   0   1  52   4  1.45 0.62
  314 S     0  -4  -1  -4  -3  -4  -4  -4  -5   2   0  -4   1  -4  -4   2   3  -5  -4   4    5   0   2   0   0   0   0   0   0   8   7   0   3   0   0  17  18   0   0  39  0.65 0.41
  315 V    -3  -5  -6  -6  -4  -5  -1  -3  -6   2  -1  -5  -2  -2  -5  -4  -3  -6  -3   7    1   0   0   0   0   0   6   2   0  10   4   0   0   1   0   1   1   0   1  74  1.37 0.62
  316 F    -6  -6  -6  -7  -6  -6  -7  -7  -1  -4  -2  -6  -1   8  -7  -6  -6   1   7  -5    0   0   0   0   0   0   0   0   1   0   2   0   1  58   0   0   0   1  36   0  2.32 0.82
  317 D    -6  -5   2   8  -7  -3  -2  -5  -1  -7  -8  -5  -7  -8  -6  -3  -5  -8  -7  -7    0   0   8  89   0   1   1   0   1   0   0   0   0   0   0   1   0   0   0   0  2.49 0.90
  318 R    -2   3  -2  -4  -4   0  -3  -2   0  -1   3  -2   1   2  -2  -1  -1   1   2   0    2  22   1   0   0   3   0   3   2   2  29   0   3   8   1   5   4   2   7   5  0.30 0.25
  319 G     2  -1  -2   3  -4   0   3   3  -1  -4  -4  -2  -2  -5  -2   0  -1  -5  -4  -2   18   3   0  19   0   4  20  22   1   0   1   1   1   0   1   5   2   0   0   2  0.49 0.32
  320 N    -1   1   6   1  -5   0  -2   1  -2  -5  -5   1  -4  -5  -3  -1  -2  -6  -4  -2    6   8  42   8   0   4   1  12   1   0   0   9   0   0   1   3   2   0   0   3  0.76 0.41
  321 N    -2   1   4   0  -5  -1  -1  -1   1  -4  -1   2   0  -4   3   1  -2  -5  -1  -4    2   7  27   5   0   1   2   4   3   0   6  12   3   0  15  10   0   0   3   0  0.46 0.31
  322 R    -2   6  -3  -3  -5   1   1  -5  -2  -3  -1   1  -1  -3  -4   0   2  -5  -4  -1    2  44   0   0   0   6   9   0   0   1   6   8   1   1   0   6  12   0   0   3  0.74 0.42
  323 V    -4  -6  -6  -6  -4  -5  -6  -6  -6   5   1  -5   2  -1  -6  -5  -3  -5  -4   5    0   0   0   0   0   0   0   0   0  35  13   0   4   2   0   0   0   0   0  45  1.26 0.54
  324 G    -1  -3  -4  -4  -6  -1  -5   7  -3  -7  -7  -4  -6  -6  -5   3  -4  -6  -6  -6    3   1   0   0   0   3   0  74   1   0   0   0   0   0   0  19   0   0   0   0  1.71 0.68
  325 L    -5  -6  -6  -7  -5  -6  -6  -6  -5   2   3  -6   1   7  -6  -5  -5   4  -1  -2    0   0   0   0   0   0   0   0   0  13  30   0   3  46   0   0   0   6   0   1  1.40 0.57
  326 A     7  -4  -5  -5  -4  -4  -4  -1  -5  -5  -5  -3  -5  -6  -4  -1  -4  -6  -5  -3   91   1   0   0   0   0   0   4   0   0   0   1   0   0   0   2   0   0   0   1  1.82 0.75
  327 P    -1   0  -3  -3  -5   4   0  -4  -3  -3  -2   1  -4  -5   6  -2   0  -5  -5  -2    3   6   0   0   0  19   6   0   0   1   5  10   0   0  41   1   5   0   0   2  0.96 0.43
  328 A     5  -4  -1  -4  -2  -3  -3  -2  -4  -3  -4  -3  -3  -4  -3   3  -1  -5  -4   1   61   0   3   0   1   0   0   0   0   0   0   0   0   0   0  25   1   0   0   9  0.94 0.43
  329 V     4  -4  -4  -4  -2  -3  -3  -3  -4   1  -1  -3   0  -3  -3  -1  -2  -4  -3   4   54   0   0   0   0   0   0   0   0   7   3   0   1   0   0   0   0   0   0  35  0.71 0.30

                      K         Lambda
Standard Ungapped    0.1371     0.3183
Standard Gapped      0.0480     0.2670
PSI Ungapped         0.1569     0.3176
PSI Gapped           0.0480     0.2670
