
Last position-specific scoring matrix computed, weighted observed percentages rounded down, information per position, and relative weight of gapless real matches to pseudocounts
            A   R   N   D   C   Q   E   G   H   I   L   K   M   F   P   S   T   W   Y   V   A   R   N   D   C   Q   E   G   H   I   L   K   M   F   P   S   T   W   Y   V
    1 Y    -3  -3  -4  -5  -4  -3  -4  -5   0  -3  -2  -3  -2   2  -5  -3  -3   6   8  -3    0   0   0   0   0   0   0   0   0   0   0   0   0   3   0   0   0  11  86   0  1.78 0.30
    2 D    -3  -3   1   7  -5  -2   1  -3  -3  -5  -5  -2  -5  -5   0  -2  -3  -6  -5  -5    0   0   6  87   0   0   3   0   0   0   0   0   0   0   5   0   0   0   0   0  1.55 0.32
    3 V    -2  -4  -4  -4  -3  -3  -2  -5  -2   2  -1  -3  -1   1   0  -3  -2  -1   5   4    0   0   0   0   0   0   2   0   0  13   0   0   0   3   5   0   0   0  30  47  0.69 0.24
    4 D    -1  -3  -1   7  -5  -2   2  -3  -3  -5  -5  -2  -5  -5  -1  -2  -3  -6  -5  -5    4   0   0  80   0   0  13   0   0   0   0   0   0   0   3   0   0   0   0   0  1.49 0.36
    5 D    -3  -3   1   6  -4  -2   1  -3  -3  -3   1  -1  -3  -4  -3  -2  -2  -4  -4  -1    1   0   6  61   0   0   6   1   0   0  15   3   0   0   0   1   1   0   0   5  0.93 0.30
    6 A     0  -1  -1   3  -4   1   4   3   0  -5  -4   1  -3  -2  -3  -2  -2  -4  -3  -4    8   1   1  18   0   6  30  23   2   0   0   8   0   2   0   0   0   0   0   0  0.55 0.24
    7 S    -2  -2  -2   3  -4   0   5  -2  -2  -4  -3  -1  -3  -4   1   0  -1  -4  -1  -2    0   1   0  18   0   2  46   2   0   0   2   2   0   0   8   8   3   0   3   3  0.69 0.29
    8 T    -1   1  -2  -2  -2  -2  -2  -2   0   2   0   0  -1   0  -3  -1   2   4   0   2    2  11   0   2   0   0   1   3   3  15   6   6   0   3   0   1  19   8   3  17  0.20 0.15
    9 V    -1  -3   1  -3  -3  -3  -2  -3  -1   2  -2  -3   0  -3   4  -2   1  -4  -3   3    4   0   9   0   0   0   1   0   2  15   1   0   2   0  24   1   9   0   0  29  0.53 0.24
   10 I    -2  -4  -4  -5  -3  -4  -4  -5  -4   5   3  -4   0   1  -4  -4  -2  -3  -1   2    2   0   0   0   0   0   0   0   0  41  32   0   1   6   0   0   0   0   1  13  0.74 0.27
   11 T    -2  -3  -3  -3  -3  -2  -3  -4  -3   3   2  -3   2   2   1  -1   3  -3  -2   1    2   0   0   0   0   1   0   0   0  22  18   0   7   9   6   3  23   0   0   7  0.36 0.20
   12 I    -3  -4  -5  -6  -3  -4  -5  -6  -5   3   5  -5   1   1  -5  -4  -3  -4  -3   1    0   0   0   0   0   0   0   0   0  21  64   0   3   6   0   0   0   0   0   6  1.02 0.36
   13 A     1  -3  -1  -1  -3   0  -1   4  -1  -4  -4  -2  -3  -4  -1   2   2  -4  -4  -3   14   0   1   2   0   4   2  40   1   0   0   0   0   0   3  19  13   0   0   1  0.61 0.26
   14 D    -4  -3   0   7  -6  -1   5  -4  -3  -6  -6  -3  -5  -6  -4  -3  -4  -6  -5  -6    0   0   3  59   0   2  37   0   0   0   0   0   0   0   0   0   0   0   0   0  1.61 0.50
   15 W    -6  -3  -3  -7  -6  -5  -6  -6   3  -6  -2  -6  -5  -1  -7  -6  -6  12   2  -6    0   2   1   0   0   0   0   0   8   0   4   0   0   2   0   0   0  78   5   0  3.42 0.79
   16 Y    -4  -5  -3  -6  -5  -4  -5  -6  -2  -4  -3  -5   1   1  -6  -2  -5   9   8  -3    1   0   1   0   0   0   0   0   0   0   2   0   4   3   0   3   0  32  53   1  2.21 0.61
   17 H    -2  -2   3   0  -5  -2  -1  -1   8  -3  -4   1  -4  -1  -4  -2   0  -4   3  -4    1   0  17   6   0   0   3   5  39   1   1   9   0   2   0   1   6   0   9   0  0.86 0.35
   18 S     0   1   1   2  -3   0   1  -2  -2  -1  -2   2   1  -3  -2   0   2  -4  -3   0    9   7   6  13   0   2   8   1   0   1   2  18   4   0   0   6  14   0   0   9  0.19 0.14
   19 L     0  -2   3   4  -4   1   0  -2  -2  -3  -1  -2  -1  -4   2   1   0  -4  -2  -2    6   0  19  28   0   6   4   2   0   0   8   0   1   0   9   9   6   0   1   2  0.40 0.21
   20 S     2  -3   0   1  -3  -2   0  -2   2  -1  -1  -2  -2  -2   2   0   0  -3   1   2   20   0   3   8   0   0   5   0   7   1   3   0   0   1  10   8   6   0   5  20  0.20 0.16
   21 T    -2   0  -1   2  -3   0   2  -1  -2  -1  -2   1  -1   2   0   0   1  -3  -1   0    0   5   2  14   0   2  16   3   0   4   0   9   2  11   5   3  13   0   1  11  0.16 0.14
   22 V     1  -1   0   2  -2   0   1  -1   0  -1   0  -1   1  -3   0   0   1  -3  -2   0   15   1   3  16   0   3   9   4   2   2   9   2   5   0   5   6  10   0   0   6  0.12 0.09
   23 L    -1  -4  -2  -4  -3  -3  -3  -3  -2   3   4  -3   1  -2  -4  -3  -1  -4  -3   3    3   0   2   0   0   0   2   1   1  17  43   0   1   0   0   0   3   0   0  24  0.56 0.24
   24 F    -1  -1  -2   0  -2  -1   0  -1  -2   2   1  -1   0   0  -3  -1  -1   2   0   2    3   2   1   5   0   2   8   4   0  19  15   3   1   5   0   5   3   3   3  17  0.10 0.09
   25 P     1   0   1   1  -2   0   0  -1   2  -1   0   0   0  -2   2   1   0  -3  -1  -1   12   4  10   8   0   2   5   2   6   3  10   5   3   0  10  10   4   0   2   3  0.12 0.08
   26 N    -2   1   3   2  -4   2   2  -3   1  -3  -3   1  -2  -3  -1   0   1  -4  -3  -2    1   7  15  11   0  13  18   0   4   0   2  10   0   1   1   4   8   0   0   3  0.33 0.17
   27 P     2  -3  -2   1  -3   0  -1   2   0  -2  -2  -2   0  -4   3   1   1  -4  -3  -2   19   0   0   7   0   4   2  16   3   1   3   0   3   0  18  11  12   0   0   1  0.37 0.19
   28 N    -1  -1   1   0  -3   0  -2   4  -1  -1  -1   0  -1  -1   1   0   1  -3  -3  -2    3   2   7   4   0   3   0  34   1   5   7   6   1   3   6   7  11   0   0   0  0.28 0.16
   29 K     1   2   1  -2  -3   0  -1   3  -2  -1  -2   1  -2  -4  -1  -1  -1  -4  -3  -1   15  17   9   0   0   5   1  25   0   5   2  10   1   0   3   2   1   0   0   4  0.29 0.16
   30 A     2  -2  -1  -1  -2  -1  -1   1  -3  -1  -1  -2  -2   2  -1  -1   2   4  -1   0   23   1   2   3   0   1   3  13   0   3   5   2   0  11   2   0  15   7   0   8  0.19 0.15
   31 P     0  -2  -3   0  -4  -1   1  -2  -3   1  -1  -2  -3  -4   6  -1  -1  -4  -1   0    7   1   0   5   0   2   9   3   0  10   5   1   0   0  44   2   2   0   2   6  0.77 0.27
   32 P     0  -2   2   0  -4  -1  -3   2  -2  -4  -3  -1  -4  -5   6  -2  -1  -5  -4  -4    8   2  13   4   0   3   0  19   1   1   3   2   0   0  42   1   2   0   0   0  0.91 0.31
   33 A     0   0   0  -2  -2   1   0   0  -1   2  -1   0   2   0   1  -1  -1  -3  -1   1    7   4   6   0   0   6   8   7   1  16   2   3   9   4   6   3   2   0   1  13  0.07 0.09
   34 P     0  -3  -3  -3  -3  -1  -3   1  -3  -4  -1  -3  -1  -2   5   3  -2  -4  -1  -3    7   0   0   0   0   2   0   9   0   0   6   0   1   2  36  31   0   0   3   0  0.80 0.31
   35 D    -1  -3   1   6  -5   2   1  -3  -3  -4  -2  -1  -4  -5  -3  -1  -3  -5  -4  -2    6   0   6  60   0  10   6   0   0   0   3   3   0   0   0   2   0   0   0   3  1.00 0.34
   36 T     3  -3   3  -2  -3  -2  -1   1  -3  -3  -4  -2  -3  -4  -3   3   2  -4  -3  -2   35   0  14   0   0   0   3  10   0   0   0   0   0   0   0  21  16   0   0   2  0.52 0.26
   37 T     0  -3   0  -3  -2  -2  -1   1   1   2   0  -2  -1   1  -1   0   1  -2   3   1    6   0   5   0   0   0   3  11   5  19   8   0   0   4   3   5   9   0  15   8  0.14 0.12
   38 L    -1  -3  -3  -4  -3  -3  -4  -4  -4   2   4  -3   0  -2  -4  -2   4  -4  -3   0    3   0   0   0   0   0   0   0   0   9  47   0   1   0   0   0  36   0   0   3  0.73 0.32
   39 I    -3  -4  -4  -2  -3  -4  -4  -5  -4   6   1  -4   2   2  -4  -2  -2  -4  -2   2    0   0   0   2   0   0   0   0   0  60  12   0   4   8   0   3   0   0   0  10  0.87 0.32
   40 N    -4  -3   8  -1  -5  -1  -3  -1  -2  -6  -6  -2  -5  -5  -1  -2  -1  -6  -5  -5    0   0  85   0   0   1   0   5   0   0   0   1   0   0   3   0   3   0   0   0  1.88 0.55
   41 G    -1  -4  -2  -3  -4  -3  -4   7  -4  -4  -3  -2  -4  -4  -1  -2  -3  -4  -4  -4    2   1   0   1   0   0   1  83   0   1   4   2   0   0   3   1   1   0   0   1  1.51 0.40
   42 L    -2   2  -1  -1  -3   2   0  -3   3  -2   0   4   0   0  -2  -1   0  -3  -2  -2    1   8   2   3   0  12   3   1   8   1  11  34   3   4   1   2   6   0   0   2  0.33 0.18
   43 G     1  -3   0  -2  -3  -2  -2   4  -3  -3  -1  -2  -1  -1   4   0  -1  -3  -3  -3   12   1   4   1   0   1   1  32   0   1   6   1   2   3  25   8   2   0   0   1  0.55 0.19
   44 R    -1   2  -1  -1  -3   2  -1   4  -2  -1  -3   0  -2  -3   1  -1  -1   3  -1  -2    3  12   1   3   0  10   1  36   0   4   2   5   0   1   8   1   3   5   2   3  0.37 0.15
   45 N    -1  -2   1   3  -3  -1  -1  -2   1  -2  -1  -2  -2   3   2  -1  -1   0   3  -1    4   1   7  21   0   1   2   2   3   1   4   1   0  14  11   4   4   1  13   3  0.28 0.13
   46 S    -1  -1   2   1  -2  -1   0  -1  -1   0   1   0   1  -1   1   0   0  -2  -2  -1    4   3  13   8   0   2   4   4   0   4  18   4   6   2   9   8   8   0   1   3  0.08 0.06
   47 A     0  -2   0  -2   5  -1  -2   0   0  -2  -2  -2   0   1   0   0  -1  -1   4  -2   10   2   5   1  18   3   1   8   2   1   2   1   3   4   5   7   3   0  23   2  0.34 0.15
   48 N    -1   0   3   1  -1  -1  -1   0   0  -2  -1   0  -2  -2   2   0   2   1  -1  -2    2   3  22   6   2   2   2   9   2   1   6   5   0   1  12   6  14   2   3   1  0.23 0.11
   49 P     0  -2  -2   0   7  -1  -2   0  -3  -1  -2  -2  -2  -3   4  -1   0  -3  -3  -1    7   1   1   5  27   3   1   6   0   3   3   1   1   1  22   3   8   0   1   5  0.60 0.19
   50 S     0  -2   0   1  -2  -1   0   2  -2  -3  -2  -1  -2  -3  -1   3   2  -3  -1  -2    7   1   4   6   0   1   5  13   0   1   2   2   0   1   3  35  15   0   2   1  0.33 0.17
   51 A     1   0   0   0  -2  -1   0   2  -1  -2  -1   0  -2  -2  -1   1   1  -3  -1  -2   12   4   5   3   0   1   8  22   1   0   7   6   0   1   3  12  11   0   2   2  0.16 0.08
   52 G     0  -1   1   0   0   1   0   1  -1  -1  -1   1  -1  -1  -1   1   1  -2  -2   0    8   2   6   4   3   8   6  14   1   4   3  10   0   3   3  10   8   0   0   6  0.08 0.05
   53 Q    -1   1   0   3  -3   2   2  -2   0  -2  -3   1   0  -3   0   0   0  -3  -2  -2    4   8   2  23   0  10  18   2   1   2   1   8   4   0   5   3   4   0   1   2  0.32 0.14
   54 L    -1  -2   2  -2  -3  -1  -1  -2  -1  -2   0  -1   1   0   0   1   2   3   2  -1    2   1  15   0   0   0   4   2   1   1  11   3   4   4   5  10  21   5   9   1  0.20 0.15
   55 A     1  -3  -2  -3   2  -2  -1  -2   0  -1  -1  -2  -1   3   3  -1   0   0   3  -1   16   0   0   0   5   0   5   2   3   3   4   1   1  19  14   3   7   1  12   2  0.28 0.15
   56 V    -1   1   0  -2  -3  -1   1  -3   0   1  -1   1  -1  -1  -3  -1   3  -3   0   2    2   9   3   0   0   1   9   1   2   7   4  12   0   3   0   1  24   0   4  18  0.18 0.15
   57 V    -2  -4  -3  -4  -3  -3  -4  -3  -4   4   3  -4   0   3  -4  -3  -1   3  -1   2    1   0   1   0   0   0   0   1   0  27  26   0   0  17   0   0   3   4   0  17  0.51 0.20
   58 S    -1   1   2   0  -3   1   1  -1   2  -2  -2   1  -1  -3   1   0   2  -3  -1  -2    3   7  13   4   0   5  11   2   7   0   4   8   1   0   7   4  19   0   2   2  0.20 0.11
   59 V    -1  -4  -5  -5  -3  -4  -4  -5  -5   1   1  -4   1   3  -4  -4  -2  -4  -2   6    3   0   0   0   0   0   0   0   0   4   9   0   3  12   0   0   0   0   0  69  0.95 0.33
   60 Q    -1   2   0   2  -3   2   2  -2  -1  -2  -3   2  -1  -3   0   0   1  -4  -3   0    3  11   3  12   0   9  19   1   1   0   0  15   1   1   3   2  11   0   0   8  0.28 0.14
   61 S     0   2  -2  -3  -4   2  -1  -3   1  -4  -4   0  -3  -4   6   0  -1  -5  -2  -2    9  14   1   0   0  10   1   0   4   0   0   6   0   0  43   4   2   0   1   4  0.90 0.28
   62 G    -1   1   2   0  -4  -3  -3   6  -3  -5  -5  -1  -4  -5  -4  -2  -3  -4  -4  -5    4   9  12   5   0   0   0  67   0   0   0   2   0   0   0   0   0   0   0   0  1.10 0.32
   63 K    -2   1   0  -1   0   0   2  -1   0  -4  -3   5  -3  -4  -3  -2   0  -4  -3  -3    0   6   4   2   3   2  12   3   2   0   1  56   0   0   0   0   6   0   0   1  0.66 0.26
   64 R    -2   4  -2  -3  -3   1  -2  -3  -2  -1  -3   1  -1  -1  -3   0   4   3  -1  -2    0  27   0   0   0   5   0   0   0   3   0  10   1   3   0   2  41   4   2   0  0.58 0.26
   65 Y    -3  -4  -3  -5  -2  -4  -4  -5   2   0  -2  -4  -3   0  -5  -3  -4   4   8   1    1   0   1   0   1   0   0   0   5   7   3   0   0   0   0   1   0   4  70   9  1.58 0.44
   66 R    -3   6  -3  -4  -4  -1  -2  -4  -3  -2   2   0   1  -2  -4   0  -3  -4  -3  -3    0  56   0   0   0   1   0   0   0   1  29   3   3   1   0   6   0   0   0   0  0.88 0.32
   67 F    -3  -4  -5  -5  -3  -4  -5  -5  -4   2   5  -4   2   4  -5  -4  -3  -3   0   0    0   0   0   0   0   0   0   0   0  10  63   0   4  18   0   0   0   0   2   3  0.88 0.28
   68 R    -3   8   0  -4  -6  -1  -2  -3   2  -5  -5   0  -4  -5  -5  -3  -2  -5  -4  -5    1  88   4   0   0   1   0   1   4   0   0   0   0   0   0   0   1   0   0   0  1.77 0.48
   69 I    -3  -4  -5  -5  -3  -4  -4  -5  -4   4   3  -4   0   3  -4  -4  -2  -3  -1   3    0   0   0   0   0   0   0   0   0  35  24   0   1  18   0   0   0   0   0  22  0.73 0.25
   70 V    -1  -4  -4  -5   1  -4  -4  -5  -1   6   1  -4  -1  -2  -4  -3  -1  -4  -3   3    4   0   0   0   3   0   0   0   2  58  11   0   0   0   0   1   1   0   0  18  0.81 0.28
   71 S    -2  -3   7  -1   0  -2  -3   0  -2  -5  -5  -2  -4  -5  -4   2  -2  -6  -4  -5    2   0  74   0   2   0   0   6   0   0   0   0   0   0   0  16   0   0   0   0  1.45 0.43
   72 T     4  -3  -2  -3  -2  -2  -3   1  -3   0  -1  -2   0  -3  -3   1   2  -4  -3   1   41   0   0   0   0   0   0   9   0   5   5   0   2   0   0   7  19   0   0  13  0.40 0.21
   73 S     3  -3  -2  -3  -3  -2  -2   3  -3  -4  -4  -2  -3  -4  -1   4   1  -4  -4  -2   30   0   0   0   0   0   0  26   0   0   0   0   0   0   2  35   6   0   0   1  0.67 0.27
   74 C     1  -3   2  -2   3  -2  -2  -1  -3   1   2  -2   2  -1  -3   0   0  -3  -2   1   18   0  12   0   9   0   1   5   0   5  21   0   8   1   0   4   7   0   0  10  0.18 0.13
   75 F     0   0   3   2  -3   0  -1  -2   1  -1   0  -1   0   2  -3   1   0   1  -1  -2    9   4  20  12   0   2   3   0   4   4  11   2   3  11   0   9   4   2   1   0  0.14 0.11
   76 P     0   2   1   0  -3   0   0  -1  -2  -2  -1   1  -1  -3   3   1   2  -3  -2  -1    7  13   9   6   0   3   3   4   0   1   4   6   1   0  13   7  16   0   1   5  0.20 0.10
   77 N     0  -1   1   0  -3   0   2  -1   2  -2  -2  -1   0   0   1   1   1  -2   1  -2    7   2   9   3   0   2  17   2   7   1   2   0   4   6   6  16   9   0   7   2  0.16 0.11
   78 Y    -3  -3  -4  -4  -3   1  -3  -5   1   1   3  -3   1   5  -4  -3  -2  -1   4   0    0   0   0   0   0   7   0   0   3   7  29   0   2  28   0   0   1   0  18   4  0.62 0.23
   79 A    -2   1   2   0  -3   0  -1  -3  -2  -2  -2  -1   0   4  -3  -1   1  -2   3   0    1   9  15   4   0   4   2   0   0   0   0   2   2  26   0   1  14   0  10  10  0.32 0.18
   80 F    -4  -5  -5  -5  -4  -5  -5  -5  -4   2   1  -5   1   7  -5  -4  -3  -2   0   1    0   0   0   0   0   0   0   0   0  12  13   0   3  62   0   0   0   0   0  10  1.21 0.35
   81 S     1   2  -1  -2  -3  -1  -2   0   1  -3  -3   1  -2  -1  -3   3   0   4  -1  -2   12  11   0   0   0   0   0   6   4   1   0  11   1   3   0  35   5   7   1   2  0.34 0.19
   82 I    -3  -4  -5  -5  -3  -4  -4  -5  -4   5   2  -4   1   2  -4  -3  -2  -4  -2   3    0   0   0   0   0   0   0   0   0  47  17   0   3   8   0   2   0   0   0  23  0.77 0.26
   83 D     3  -2   0   5  -3   2   1  -1  -2  -4  -4  -2  -3  -4   0   0  -2  -5  -4  -2   28   0   3  36   0  10   9   3   0   0   0   0   0   0   3   6   0   0   0   3  0.57 0.23
   84 G    -2  -3   5   2  -5  -2   0   5  -2  -5  -5  -2  -4  -5  -4  -2  -3  -5  -4  -5    1   0  40  10   0   1   4  43   0   0   0   1   0   0   0   0   0   0   0   0  1.07 0.33
   85 H    -4  -1  -2  -4  -5   0  -3  -3  10  -5   0  -3  -3  -2  -5  -4  -4  -5  -1  -5    0   2   0   0   0   3   0   2  83   0  10   0   0   2   0   0   0   0   0   0  2.25 0.55
   86 R    -1   1   2   1  -2   1   1  -2  -2  -3  -3   2  -3  -4   2   1   2  -4  -3  -3    4   6  14   9   1   6   9   0   0   0   0  14   0   0  12  11  13   0   0   0  0.35 0.14
   87 M    -3  -4  -5  -5  -1  -4  -5  -5  -4   0   3  -4   6   5  -5  -4  -3  -3  -1   0    0   0   0   0   1   0   0   0   0   3  35   0  32  26   0   0   0   0   0   3  1.00 0.33
   88 T    -2  -2  -1  -3  -3   0  -1  -3   0   0  -1   0  -1  -3  -3   0   5   3  -1  -1    0   0   1   0   0   4   4   0   3   6   5   6   1   0   0   5  55   4   2   4  0.58 0.27
   89 V    -2  -4  -5  -5  -3  -2  -4  -5  -5   3   1  -4  -1  -1  -4  -4  -2  -5  -3   6    0   0   0   0   0   2   0   0   0  16   7   0   0   2   0   0   0   0   0  73  1.08 0.35
   90 I    -1  -4  -5  -5  -3  -4  -4  -5  -4   4   0  -4   1  -2  -4  -3  -1  -4   1   5    4   0   0   0   0   0   0   0   0  28   2   0   4   0   0   0   2   0   6  55  0.84 0.30
   91 E     2  -2  -2   0  -4   0   5   2   0  -4  -4  -2  -3  -5  -3   0  -2  -4  -4  -3   25   0   0   1   0   1  50  15   2   0   0   0   0   0   0   5   1   0   0   0  0.75 0.30
   92 V     3  -3  -1  -3  -2  -2  -2  -1  -2   1  -1  -2   0  -3  -3   2   1  -4  -3   3   33   0   1   0   0   0   0   3   1   6   2   1   3   0   0  17   7   0   0  26  0.34 0.19
   93 D    -4  -4  -1   8  -6  -2   1  -4  -3  -5  -3  -3  -5  -6  -4  -3  -3  -7  -5  -5    0   0   0  89   0   0   8   0   0   0   3   0   0   0   0   0   0   0   0   0  1.95 0.49
   94 G     3  -4  -2  -3  -3  -3  -3   5  -3  -4  -3  -3  -1   1  -3   1  -2  -4  -3  -3   24   0   0   0   0   0   0  55   0   0   1   0   2   9   0   8   1   0   0   0  0.87 0.29
   95 V     0   0   1  -2   1   0  -1  -2   1   1  -1  -1  -1   0  -3   1   1  -3  -1   3    4   6   8   0   4   5   2   2   4   5   2   2   0   6   0  14   7   0   2  30  0.12 0.12
   96 S    -2  -3   0  -3  -4  -3  -2  -4   2  -3  -1  -3  -1   1   3  -2  -2   2   7  -3    3   0   6   1   0   0   2   0   4   0   5   0   2   3  14   2   1   2  52   0  0.97 0.32
   97 H    -2  -3  -3  -4  -2  -3  -3  -4   1   2   1  -3  -1  -2   0  -1   3  -4  -3   3    0   0   0   0   0   0   0   0   5  15  13   0   0   0   4   2  29   0   0  31  0.47 0.23
   98 Q    -1   0   0   1  -3   2   2  -3  -2  -2  -1   4  -2  -3  -2   0   0  -4  -1   0    4   2   3   6   0  12  15   0   0   2   5  33   0   0   0   3   4   0   3   9  0.30 0.17
   99 P    -1  -4  -2  -4  -5   1  -3  -2  -1  -5  -3  -1  -4  -6   8  -2  -3  -6  -5  -4    4   0   1   0   0   7   0   3   1   0   2   4   0   0  77   1   0   0   0   0  1.96 0.45
  100 L    -1  -1   1  -3  -3   1  -2  -4  -1   0   1  -2   1   4  -1  -2  -1  -1   4   1    4   4   8   0   0   8   0   0   1   4  11   0   4  18   3   0   2   0  22  13  0.31 0.17
  101 T    -1   0   0   0  -3   0   2  -3   0  -1  -1   1  -1  -2   0   1   3  -3  -1   0    2   2   5   3   0   3  13   0   2   4   4  11   2   1   4   7  30   0   1   7  0.21 0.13
  102 V     1  -3  -3  -4  -3  -1  -3  -4  -3   0  -2  -3  -2  -1  -3  -1   4  -4   1   4   10   0   0   0   0   3   0   0   0   3   0   0   0   2   0   1  36   0   5  40  0.59 0.28
  103 D    -2  -1   2   5  -4   1   1  -3   2  -4  -4   1  -4  -5  -3   0   0  -5  -3  -4    1   2   9  47   0   5   7   0   5   0   0  10   0   0   0   8   6   0   0   0  0.73 0.25
  104 S     0   0   1   1  -2  -1   0  -2   0  -1  -1  -1   1  -1  -2   2   1  -1   1   1    5   5   5   8   0   0   6   1   2   1   2   0   6   2   0  25  11   1   5  14  0.15 0.13
  105 L    -3  -4  -5  -5  -3  -4  -4  -5  -4   4   3  -4   1   2  -4  -4  -2  -3  -2   3    0   0   0   0   0   0   0   0   0  33  36   0   2   8   0   0   0   0   0  20  0.73 0.24
  106 T    -1   0   0   2  -3   1  -1  -2   0   0   1  -1   2   0  -3   0   0  -2   0   0    1   5   5  15   0   9   0   2   3   3  16   2   8   5   0   7   5   0   4   9  0.08 0.09
  107 I    -3  -4  -5  -5  -3  -4  -5  -5  -5   5   3  -4   1  -2  -4  -4  -2  -4  -3   3    0   0   0   0   0   0   0   0   0  48  31   0   2   0   0   0   0   0   0  19  0.90 0.29
  108 F     3  -3  -2  -3  -2  -2  -2   2   2  -3  -2  -2  -2   1  -3   2   1  -2   3  -2   34   0   0   0   0   0   0  14   7   0   3   0   0   6   0  15   8   0  13   1  0.38 0.20
  109 A     1  -3  -2  -3  -3  -3  -3  -3  -4   0  -2  -3   1  -4   6   0  -1  -5  -4   2   15   0   2   0   0   0   0   0   0   5   0   0   5   0  41   8   2   0   0  22  0.84 0.27
  110 G     2  -4  -3  -3  -4  -4  -4   6  -4  -5  -5  -3  -4  -5  -4  -1  -3  -5  -5  -4   22   0   0   0   0   0   0  75   0   0   0   0   0   0   0   3   0   0   0   0  1.44 0.38
  111 Q    -2  -2  -2  -2  -6   7   4  -4   0  -5  -5  -1  -3  -6  -4  -2  -3  -5  -4  -5    2   0   0   0   0  66  31   0   1   0   0   0   0   0   0   0   0   0   0   0  1.55 0.48
  112 R    -2   6  -2  -3   1  -2  -2  -4  -3   0  -3  -1  -3  -4  -4   1   4  -5  -4  -3    2  54   0   0   3   0   0   0   0   6   0   0   0   0   0   8  27   0   0   0  0.92 0.34
  113 Y    -1  -2  -4  -5  -3  -3  -4  -4  -1   0  -1  -3   3   3  -4  -2   1  -1   7   1    4   2   0   0   0   0   0   0   0   5   3   0  10  10   0   1   9   0  46  11  0.84 0.30
  114 S     0  -3   2   5  -4  -2   1  -1  -1  -4  -5  -2  -4  -5  -3   3   0  -5  -4  -4    5   0   7  42   0   0   7   3   1   0   0   0   0   0   0  30   4   0   0   0  0.77 0.28
  115 V     1  -4  -4  -5   0  -4  -4  -4  -4   3   0  -4   0   2  -4  -3  -1  -3  -1   5   10   0   0   0   2   0   0   0   0  13   2   0   1  12   0   0   2   0   1  57  0.70 0.27
  116 V    -3  -4  -5  -5  -3  -4  -4  -5  -4   4   4  -4   3  -1  -4  -4  -1  -4  -3   2    0   0   0   0   0   0   0   0   0  25  52   0   8   0   0   0   2   0   0  13  0.80 0.26
  117 V    -2  -4  -5  -5  -3  -4  -4  -5  -5   3   3  -4   3  -1  -4  -4  -2  -4  -3   4    0   0   0   0   0   0   0   0   0  19  29   0   7   1   0   0   0   0   0  43  0.77 0.26
  118 E    -2  -1   2   2  -4  -1   2  -3   3  -3  -3   2  -3  -2  -3  -1   3  -4  -3  -1    1   1  11  14   0   0  15   0   9   0   0  16   0   1   0   1  27   0   0   5  0.42 0.21
  119 A     4  -3  -3  -3  -2  -2  -3  -1  -3  -2   0  -2   2   2  -2  -1   3  -3  -2  -2   50   0   0   0   0   0   0   2   0   0   8   0   6   9   1   0  22   0   0   0  0.53 0.26
  120 N    -1  -2   5   4  -4  -1  -1  -2  -2  -4  -4   2  -3  -4  -3   1   0  -4  -2  -4    5   0  30  31   0   0   1   1   0   0   0  13   0   0   0  11   4   0   2   0  0.67 0.24
  121 Q     1   1   0   0  -4   5   0  -2  -2  -4  -4   1  -2  -4   0  -1   0  -4  -3  -3   15   5   5   5   0  44   3   2   0   0   0  10   0   0   5   2   4   0   0   0  0.60 0.25
  122 A     1  -1   1   2  -3  -1   1   1  -2  -3  -3  -1  -3  -3   3   2   1  -4  -1  -3   17   2   5  12   0   0   9   9   0   0   1   1   0   0  15  16  11   0   2   0  0.33 0.14
  123 V    -1  -3  -1  -2  -3  -1  -1  -1  -3   0  -2   0  -2  -1   5   0   2  -4  -3   1    4   0   2   1   0   1   3   4   0   3   3   6   0   2  34   5  17   0   0  15  0.55 0.20
  124 G     1  -1   0   3  -3  -1  -1   3  -2  -4  -4   1  -3  -4  -3   2  -1  -4  -4  -3   10   2   3  24   0   1   2  30   0   0   0   9   0   0   0  17   2   0   0   0  0.51 0.19
  125 N     0   3   4   2  -2   0   0  -2   1  -3  -4   1  -3  -4  -3   1   0  -4  -2  -3    8  19  27  13   1   2   5   0   4   1   0   5   0   0   0   9   5   0   1   0  0.41 0.17
  126 Y    -2  -4   0  -4  -4  -3  -2  -4   0  -3  -3  -4  -1   3  -5  -2  -1   2   8  -3    3   0   5   0   0   0   2   0   1   0   0   0   1  12   0   2   3   1  67   0  1.45 0.40
  127 W     0  -4  -4  -5  -4  -3  -4  -4   1  -2  -1  -2  -2   2  -5  -2   0   9   6  -2    8   0   0   0   0   0   0   0   3   2   6   3   0   7   0   1   6  32  30   2  1.24 0.34
  128 I    -2  -4  -4  -5  -3  -3  -3  -5  -4   5   2  -4   6   0  -4  -3  -1  -4  -3   2    1   0   0   0   0   0   1   0   0  38  12   0  31   4   0   0   2   0   0  10  0.82 0.29
  129 R     1   4   1  -3  -3   0  -2  -3   1   0   0  -1  -1   0  -3  -1  -1  -3  -1   1   19  32   7   0   0   2   0   0   4   6   7   0   1   5   0   3   2   0   1  10  0.25 0.16
  130 A     5  -3  -3  -3  -2  -2  -2  -2  -3   0  -2  -3   2   0  -3   0   0  -4  -1   1   60   0   0   0   0   0   2   1   0   5   0   0   8   5   0   2   5   0   1   9  0.57 0.27
  131 N     1   1   3  -1  -3   2   0  -1   1  -2  -2  -1  -1  -3   1   1   0  -3   0  -2   14  10  18   1   0  10   4   3   3   3   2   1   2   0   5  14   5   0   5   0  0.21 0.12
  132 P     0  -2  -2  -1  -3   1  -2  -3  -1  -1  -1  -1   1  -2   5   1   0   2   0   1   10   0   0   3   0   6   0   0   1   1   5   2   4   1  32  12   4   3   4  11  0.46 0.18
  133 S     0   2   2  -3   1  -1  -2  -2  -1  -1  -3  -2  -2   2   0   1   1  -2   4  -2    7  13  12   0   4   3   0   3   0   3   0   0   0  11   5  10   8   0  23   0  0.31 0.19
  134 N     0  -1   1   2  -3   0   0   1  -2  -1  -1  -1   0   2   1  -1   0  -2   0  -1    7   3  10  14   0   4   3  11   0   4   4   2   4  14   7   1   7   0   2   3  0.09 0.08
  135 G     0   0   0   1   0  -1  -1   2  -2  -1  -1  -1  -2   0   0   1   1  -3   0   0    8   6   2   8   2   2   2  22   0   2   4   0   0   4   4  14  11   0   3   6  0.13 0.09
  136 R     0   0   2   0   4  -1  -1   1  -1  -1  -2   0  -2  -3   3   0   0  -4  -3  -1    9   4  11   5  12   1   2  10   1   3   4   5   0   0  18   3   6   0   0   3  0.28 0.13
  137 N     0  -2   1   0  -1   1   0   0  -2  -1  -2   0  -2  -3   3   1   1  -3  -1   0    8   0   9   3   1   9   4   7   0   2   2   3   0   0  18   9  13   0   2   7  0.24 0.11
  138 G     0  -2   1   0  -3   0   0   3  -2  -2  -2   0  -2  -3   2   0   0  -3  -3  -1    7   0   6   5   0   5   4  30   0   0   2   7   0   0  13   3   8   0   0   7  0.31 0.13
  139 F    -2  -3   0  -1  -1  -3  -3  -2  -2   2   1  -3   2   4  -4  -1   0  -2   2   1    1   0   5   4   1   0   0   3   0  12  12   0   8  28   0   3   7   0   5  11  0.32 0.16
  140 T     0  -2   2   3   0  -2  -1  -1  -2  -2  -1  -1   1   0   2   0   0   2  -1  -1   10   0  13  18   2   0   0   3   0   1   4   1   4   5  12   8   7   4   2   4  0.21 0.13
  141 G    -1   0   5   0  -3   2  -1   2   0  -2  -3  -1  -3  -2   0   0  -2  -4  -3  -1    4   5  33   4   0  11   1  18   2   3   1   3   0   2   5   3   0   0   0   4  0.39 0.19
  142 G     0   0   1  -1  -3  -1  -1   2   0  -2  -2   0  -2  -2   0   1   2  -3   1  -1    4   5   6   3   0   2   3  21   2   0   3   8   0   1   5  10  15   0   7   6  0.16 0.10
  143 I    -1  -2   1   0  -2  -2  -2  -2  -1   2   0  -2  -1  -1   0   0   4  -3  -2   1    4   0   9   5   0   0   0   2   1  14   7   0   0   2   4   5  36   0   0   8  0.29 0.18
  144 N     1  -1   3   1  -2  -2  -2  -2  -2  -2  -2  -1  -1  -3  -1   1   4  -4  -3   0   16   2  15   6   0   0   0   1   0   0   2   3   2   0   2  12  30   0   0   8  0.34 0.20
  145 S     1   1  -2  -2  -2   1  -2  -2  -2  -1  -1   0  -2  -3  -2   1   4  -3  -1   1   13   7   0   0   0   7   0   1   0   2   4   6   0   0   1  11  32   0   2  13  0.29 0.19
  146 A     5  -3  -1  -4  -3  -1  -3   3  -4  -4  -4  -2  -3  -2  -3   0  -2  -4  -4  -3   64   0   3   0   0   3   0  24   0   0   0   1   0   2   0   3   0   0   0   0  0.96 0.39
  147 I    -3  -5  -5  -5  -3  -4  -5  -5  -5   6   2  -4  -1  -1  -3  -4   1   4  -3   2    0   0   0   0   0   0   0   0   0  53  17   0   0   1   1   0  10   6   0  12  0.89 0.34
  148 F    -3  -4  -5  -5  -3  -4  -5  -5  -5   2   4  -4   1   2  -5  -4  -2   2  -2   3    0   0   0   0   0   0   0   0   0  12  50   0   3   8   0   0   1   3   0  23  0.78 0.29
  149 R    -2   5  -1  -2  -4   3   1  -4   4  -3  -4   1  -3  -1  -3   0  -1  -4  -1  -1    0  35   2   1   0  14  10   0  12   1   0   4   0   3   0   8   3   0   1   5  0.57 0.27
  150 Y    -5  -5  -5  -6  -6  -5  -5  -6  -1  -5  -4  -5  -4   1  -2  -5  -5  -1  10  -4    0   0   0   0   0   0   0   0   0   0   0   0   0   3   3   0   0   0  95   0  2.82 0.73
  151 Q     0  -1   1   2  -3   1   2  -1  -1  -2  -2   2  -2  -3  -1   1   2  -4  -2  -2    9   0   8  15   0   8  12   2   1   2   2  15   0   0   2   7  14   0   1   2  0.24 0.13
  152 G    -2  -3   2   1  -4  -2   1   5  -3  -5  -5   0  -4  -5   0   0  -2  -4  -4  -4    0   0  12   8   0   0  10  53   0   0   0   5   0   0   4   5   1   0   0   0  0.79 0.26
  153 A     4  -2  -1   0  -2   0  -2   2  -1  -2  -2  -1  -2  -3   0   1  -1  -3  -3   0   42   0   2   5   0   3   0  17   1   2   3   2   0   0   3   9   3   0   0   7  0.33 0.17
  154 A     1  -1  -2   1  -1  -2   0  -1  -3  -3  -3   0  -3  -4   5   2   1  -4  -3  -2   13   2   0  10   1   0   4   2   0   0   2   4   0   0  31  16  12   0   0   1  0.56 0.20
  155 V     0  -1   1   0   0   0   1   0   1  -1  -1   0   0  -2   0   1   2  -3  -2   0    6   2   7   3   2   1   8   5   5   2   4   6   3   0   3  13  22   0   0   8  0.12 0.09
  156 A     1  -1  -1   0   1   0   0  -1  -2  -1  -1   0  -1  -2  -1   2   1  -3   0   1   14   1   0   5   3   2   3   2   0   1   7   8   0   0   2  24   9   0   3  15  0.13 0.11
  157 E    -1   0  -1   2  -3   1   2   1   0  -2  -1   0   0  -3   1   0  -1  -3  -3  -2    3   6   0  15   0   4  21  10   2   0   9   5   3   0   8   8   2   0   0   2  0.21 0.11
  158 P    -2  -4  -4  -3  -4  -3  -3  -3  -4  -4  -3  -3  -4  -5   8   0  -3  -5  -5  -4    2   0   0   0   0   0   0   2   0   0   3   0   0   0  82   8   0   0   0   0  2.16 0.46
  159 T     2   0  -1   0  -2   0   0  -2  -2  -2  -2  -1  -2  -3   2   0   4  -4  -3  -2   21   5   2   5   0   4   3   0   0   0   3   2   0   0   9   3  42   0   0   0  0.42 0.20
  160 T     0  -2   2  -1  -3  -2  -2  -3   1  -3  -3  -2   0  -3   0   2   5  -4  -1  -2    5   0  11   2   0   0   0   0   4   0   0   0   3   0   3  13  56   0   2   0  0.66 0.27
  161 S     0  -1   1   0  -2   0   1  -2  -2   0  -2   0  -2  -3   2   2   1  -3  -1   0    5   0   7   2   0   2  12   0   0   5   0   7   0   0   9  27  12   0   3  10  0.22 0.12
  162 Q     1   0   2  -1  -3   2   0   1   0  -3  -3   0  -2  -2   3   1   0  -3  -2  -3   16   2  11   0   0  16   5  12   3   0   0   3   0   2  14  11   6   0   0   0  0.31 0.12
  163 N     0  -2   0  -3  -2  -2  -2   0  -3  -1   0  -1  -1   0   0   0   2   5  -1   2    5   0   5   0   0   0   0   7   0   0  13   3   0   3   4   6  23  12   0  19  0.25 0.13
  164 S     0  -2   0  -2  -3  -2  -2  -1  -3  -3  -3   0   1  -4   5   3   3  -4  -3  -2    5   0   4   0   0   0   0   2   0   0   0   7   5   0  31  26  21   0   0   0  0.66 0.20
  165 G     0  -3  -1   4  -3  -2   0   2  -2  -2  -4  -2  -3  -4   4   1  -2  -4  -4  -3    5   0   0  29   0   0   4  20   0   3   0   0   0   0  25  14   0   0   0   0  0.64 0.17
  166 T    -1  -2  -2  -3  -2  -2  -2  -1   3   0   1  -2   0  -1   0  -1   2  -3   1   3    0   0   0   0   0   0   0   6  13   0  17   0   0   0   3   4  15   0   5  36  0.22 0.12
  167 A     3  -2  -2  -2  -3  -1  -1  -2   2  -3  -3   1  -2  -4   6  -1  -1  -4  -3  -2   37   0   0   0   0   0   0   0   8   0   0  13   0   0  42   0   0   0   0   0  0.86 0.15
  168 L    -1  -3  -4  -4  -2  -3  -3  -4  -3   2   4  -3   1   0  -3  -3  -1  -2  -2   2    0   0   0   0   0   0   0   0   0   9  65   0   0   0   0   0   0   0   0  26  0.46 0.06

                      K         Lambda
Standard Ungapped    0.1310     0.3159
Standard Gapped      0.0441     0.2670
PSI Ungapped         0.1440     0.3180
PSI Gapped           0.0441     0.2670
