
Last position-specific scoring matrix computed, weighted observed percentages rounded down, information per position, and relative weight of gapless real matches to pseudocounts
            A   R   N   D   C   Q   E   G   H   I   L   K   M   F   P   S   T   W   Y   V   A   R   N   D   C   Q   E   G   H   I   L   K   M   F   P   S   T   W   Y   V
    1 V     0  -3  -3  -4  -2  -2  -3  -4  -3   1   3  -3   6  -1  -3  -2  -1  -3  -2   2    8   0   0   0   0   0   0   0   0   0  27   0  49   0   0   0   0   0   0  17  0.58 0.14
    2 I    -1  -3  -4  -4  -3  -2  -2  -3  -3   1   3  -3   7  -2  -2  -2   0  -3  -3   1    3   0   0   0   0   0   3   1   0   5  23   0  51   0   2   1   4   0   0   6  0.77 0.25
    3 K    -2   2   2  -1  -2   2   1  -3  -2  -4  -4   4  -3  -4  -1   1  -1  -4  -3  -4    1  13  12   2   1   8   5   0   0   0   0  40   0   0   2  15   2   0   0   0  0.55 0.20
    4 M    -3  -2  -2  -2  -4  -1  -1   1  -4  -2  -1   0   9  -3   0  -3  -2  -5  -4  -3    1   1   1   3   0   2   5  11   0   0   3   7  60   0   5   1   1   0   0   0  1.20 0.45
    5 V     3  -3   0  -3  -2  -2  -2  -2  -3   2  -1  -2   5  -2  -2   1   0  -4  -1   1   29   0   5   0   0   1   2   2   0  11   2   2  19   0   1   9   5   0   2  10  0.36 0.24
    6 E     2  -1  -1   0  -2   0   0  -1   0  -1  -1   2  -2  -3   0   1   0  -4  -3  -1   19   2   2   5   1   3   6   4   3   5   6  20   0   1   5  12   5   0   0   3  0.15 0.12
    7 V    -4  -6  -6  -6  -4  -5  -6  -7  -6   6   3  -6   0  -2  -6  -5  -4  -5  -4   3    0   0   0   0   0   0   0   0   0  51  29   0   2   1   0   0   0   0   0  16  1.30 0.47
    8 K     0   1  -1   0  -4   2   4  -3   1  -3  -3   2  -3  -5  -3   1   1  -5  -3  -1    6   8   2   5   0   9  29   0   3   0   2  10   0   0   0  11  10   0   0   4  0.43 0.26
    9 L    -1  -4  -5  -5   0  -4  -5  -5  -5   4   3  -4   0   2  -5  -3  -1  -4  -2   3    6   0   0   0   2   0   0   0   0  21  31   0   1  10   0   1   3   0   1  24  0.67 0.30
   10 E    -2   4   1   1  -4   1   3  -4   1  -3  -4   3  -4  -5  -3   0  -1  -5  -3  -2    1  20   7   9   0   7  19   0   3   1   1  21   0   0   0   6   3   0   1   2  0.54 0.28
   11 N    -2  -1   6   3  -4   1  -2   2   3  -5  -6   0  -5  -6  -5  -1  -3  -6  -4  -5    3   2  38  17   0   5   1  14   7   0   0   6   0   0   0   4   0   0   0   0  0.90 0.39
   12 L    -2  -5  -6  -6  -3  -5  -6  -6  -6   3   4  -5  -1  -2  -6  -5  -3  -4  -4   5    2   0   0   0   0   0   0   0   0  16  40   0   1   1   0   0   0   0   0  39  1.10 0.43
   13 T    -1   1   3   0   0   0  -1  -1   2  -3  -4   0  -3  -3  -3   3   2  -1  -1  -1    2   7  17   6   2   3   3   4   4   0   0   4   0   1   0  25  15   1   2   4  0.36 0.24
   14 K    -3   0  -4  -4  -4  -1  -3  -5   0  -1   0   6  -1   3  -5  -4  -3  -4   1   1    1   4   0   0   0   1   0   0   2   3   8  51   1  11   0   0   0   0   6  10  0.84 0.41
   15 R    -1   3  -1  -2  -2   0  -1  -2   1   0  -2   0  -2   1  -4   1   1   3   3   0    4  16   3   2   1   4   3   1   4   6   1   4   0   7   0  12  10   4  13   6  0.23 0.18
   16 F    -6  -6  -7  -7  -6  -4  -6  -7  -3  -3  -3  -6  -5   6  -7  -6  -6   1   9  -5    0   0   0   0   0   1   0   0   0   1   2   0   0  35   0   0   0   1  60   0  2.47 0.75
   17 G    -1  -2   0   1  -5   0  -1   6   0  -6  -6  -1  -2  -6   0  -2  -3  -5  -5  -5    4   1   4   8   0   5   3  60   2   0   0   3   1   0   4   2   1   0   0   0  1.06 0.41
   18 N    -1  -1   2   3  -4   1   2   1  -1  -4  -4   1  -3  -5  -1   1   0  -3  -4  -4    4   2  10  19   0   7  16  12   1   0   1   7   0   0   3  10   7   0   0   0  0.40 0.22
   19 F    -2   1   1  -2  -3   0  -2  -1   2   0  -1   2  -1   3  -3  -1   0  -3   0   1    2   6   7   1   0   4   1   5   7   3   4  13   0  17   0   3   7   0   3  15  0.17 0.16
   20 T    -1   1  -1  -2  -2   3   1  -4   4  -2  -2   1  -2  -3   1  -2   2  -4  -2   0    3   6   2   1   1  17  10   0  12   2   4  10   0   0   6   1  14   0   1   6  0.34 0.23
   21 A     5  -5  -5  -4  -4  -4  -4  -3  -5   1  -2  -4  -2  -5  -4  -2  -2  -6  -5   4   59   0   0   1   0   0   1   1   0   6   2   0   0   0   0   1   2   0   0  26  1.08 0.47
   22 V    -4  -5  -6  -6  -4  -5  -6  -6  -6   2   6  -5   0  -3  -6  -3  -3  -5  -4   2    0   0   0   0   0   0   0   0   0   9  71   0   1   0   0   2   1   0   0  16  1.30 0.48
   23 N    -2   1   2   3  -4   0   1  -3   3  -5  -5   4  -3   0  -3  -1  -2  -5  -2  -4    3   8   8  19   0   4   6   1   9   0   0  31   0   4   1   4   1   0   1   0  0.60 0.30
   24 K    -3  -1   4   5  -4  -1  -1   3   1  -6  -6  -1  -5  -6  -2  -1  -3  -6  -5  -5    1   4  23  35   0   3   2  21   4   0   0   3   0   0   2   3   0   0   0   0  0.92 0.38
   25 L    -2  -6  -6  -6  -3  -5  -5  -6  -6   6   1  -5  -2   0  -6  -5  -3  -5  -4   5    2   0   0   0   0   0   0   0   0  42   9   0   0   4   0   0   1   0   0  41  1.25 0.45
   26 N    -3  -4   5   4  -4  -2  -2  -3  -2  -6  -6  -3  -5  -6  -4   4   1  -4  -5  -5    1   0  30  24   0   1   2   1   1   0   0   0   0   0   0  34   7   0   0   0  1.13 0.48
   27 L    -4  -5  -6  -7  -3  -5  -6  -6  -6   1   5  -6   3   4  -6  -5  -4  -4  -3  -1    1   0   0   0   0   0   0   0   0   6  67   0   7  16   0   0   1   0   0   2  1.32 0.48
   28 T    -1  -1   1   3  -3   1   2  -3   3  -4  -4   0  -3  -3  -1   1   2  -5  -2  -3    5   3   7  19   0   5  15   1   7   0   1   5   0   1   2  13  14   0   1   1  0.40 0.23
   29 I    -2  -6  -6  -6  -3  -6  -6  -7  -6   6   0  -6   0   0  -6  -5  -4  -6  -4   4    2   0   0   0   0   0   0   0   0  55   7   0   1   4   0   0   0   0   0  30  1.40 0.49
   30 K     1   1   0  -1  -3   1   3  -1   0  -4  -3   2  -2  -3   4  -2  -2  -4   1  -4   12   6   5   2   0   6  18   3   2   0   2  14   1   1  20   1   2   0   5   0  0.43 0.24
   31 D     1   2  -1   2  -5   1   3  -3  -1  -5  -5   3  -4  -5   2   0  -1  -5  -4  -4   11   9   2  10   0   7  19   1   1   0   0  21   0   0  10   6   3   0   0   0  0.49 0.26
   32 G    -3   0   2  -4  -6  -3  -4   7  -1  -7  -7  -1  -6  -5  -5  -3  -5  -6  -5  -6    0   5  11   0   0   1   1  74   2   0   0   5   0   0   0   1   0   0   0   0  1.64 0.56
   33 E    -2  -1  -2   1  -4   3   6  -3  -2  -6  -6   1  -4  -6  -4   1  -1  -6  -4  -5    2   3   1   6   0  12  54   1   1   0   0   6   0   0   0  10   4   0   1   0  1.04 0.45
   34 F    -4  -1  -5  -6  -3  -4  -5  -6  -2   4   0  -4   1   5  -5  -4  -2   2   0   3    0   4   0   0   0   1   0   0   1  21   7   0   3  29   0   0   3   3   2  25  0.84 0.35
   35 L    -3  -4  -4  -5   0  -4  -5  -5  -3   2   1  -4   0   3  -5  -3   3  -3   2   4    1   0   0   0   2   0   0   0   0  10  13   0   2  13   0   0  23   0   7  28  0.64 0.32
   36 V     4  -4  -4  -4   1  -4  -4   3  -5  -2  -4  -4  -3  -4  -4   1   1  -5  -5   1   45   0   0   0   2   0   0  19   0   1   0   0   0   1   0   9  10   0   0  13  0.75 0.37
   37 L    -2  -5  -6  -6  -4  -5  -6  -6  -6   5   4  -5   0   2  -6  -5  -4  -4  -3   2    2   0   0   0   0   0   0   0   0  36  37   0   2  10   0   0   0   0   0  13  1.05 0.40
   38 L    -4  -5  -6  -6  -2  -5  -6  -7  -6   6   3  -5   2  -3  -5  -5  -3  -5  -4   4    0   0   0   0   0   0   0   0   0  43  28   0   5   0   0   0   0   0   0  23  1.20 0.44
   39 G    -4  -7  -5  -6  -7  -6  -6   8  -6  -8  -8  -6  -7  -7  -6  -4  -6  -7  -7  -7    0   0   0   0   0   0   0 100   0   0   0   0   0   0   0   0   0   0   0   0  2.73 0.79
   40 P    -1   1  -5  -5  -6  -2  -2  -5   4  -6  -4  -2  -3  -3   7  -2  -3  -6   1  -6    5   8   0   0   0   1   3   0   9   0   1   2   1   1  60   3   1   0   4   0  1.62 0.56
   41 S    -3  -5   1  -4  -5  -4  -4  -4  -5  -7  -7  -4  -6  -7  -5   7  -1  -7  -6  -6    0   0   6   0   0   0   0   0   0   0   0   0   0   0   0  92   3   0   0   0  2.14 0.78
   42 G    -4  -7  -5  -6  -7  -6  -6   8  -6  -8  -8  -6  -7  -7  -6  -4  -6  -7  -7  -7    0   0   0   0   0   0   0 100   0   0   0   0   0   0   0   0   0   0   0   0  2.73 0.79
   43 C     3  -6  -5  -6   9  -5  -5  -4  -6  -5  -5  -5  -5  -6  -5   4  -3  -6  -6  -5   21   0   0   0  49   0   0   0   0   0   0   0   0   0   0  29   1   0   0   0  2.03 0.66
   44 G    -4  -7  -5  -6  -7  -6  -6   8  -6  -8  -8  -6  -7  -7  -6  -4  -6  -7  -7  -7    0   0   0   0   0   0   0 100   0   0   0   0   0   0   0   0   0   0   0   0  2.73 0.79
   45 K    -5  -2  -4  -5  -8  -3  -3  -6  -5  -7  -7   8  -6  -8  -5  -5  -5  -7  -6  -7    0   0   0   0   0   0   0   0   0   0   0 100   0   0   0   0   0   0   0   0  2.73 0.86
   46 T    -3  -5  -3  -4  -5  -4  -4  -4  -5  -6  -6  -4  -5  -6  -5   7   4  -7  -6  -5    0   0   0   0   0   0   0   0   0   0   0   0   0   0   0  75  25   0   0   0  1.87 0.71
   47 T    -4  -5  -4  -5  -5  -5  -5  -6  -6  -5  -6  -5  -5  -6  -5  -1   8  -7  -6  -3    0   0   0   0   0   0   0   0   0   0   0   0   0   0   0   4  94   0   0   2  2.46 0.83
   48 T    -4  -5  -6  -7  -3  -5  -6  -7  -6   1   6  -6   0   3  -6  -5   0  -4  -1  -1    1   0   0   0   0   0   0   0   0   5  70   0   2  12   0   0   5   0   1   3  1.24 0.47
   49 L    -2  -5  -6  -7  -1  -5  -6  -3  -6   2   6  -5   0  -1  -6  -4  -4  -5  -4   0    3   0   0   0   1   0   0   2   0  11  72   0   1   2   0   1   0   0   0   6  1.23 0.46
   50 R    -4   8   2  -5  -7   0  -2  -6  -1  -7  -4   1  -5  -7  -6  -3  -5  -7  -5  -6    1  74   9   0   0   3   1   0   1   0   2   7   0   0   0   2   0   0   0   0  1.86 0.63
   51 M     0  -4  -3  -5   6  -3  -5  -5   1   2   2  -4   4  -3  -5  -1   2  -4  -4   0    6   0   1   0  20   1   0   0   4  12  24   0  12   0   0   4  12   0   0   4  0.71 0.33
   52 I    -3  -6  -6  -6  -4  -5  -6  -6  -6   6   3  -5   1   2  -6  -5  -3  -5  -3   2    1   0   0   0   0   0   0   0   0  44  31   0   3   8   0   0   0   0   0  13  1.12 0.41
   53 A     4  -4   7  -1  -5  -4  -4  -1  -4  -3  -5  -4  -3  -6  -5  -1  -3  -7  -5  -5   41   0  48   2   0   0   0   3   0   1   1   0   1   0   0   3   0   0   0   0  1.39 0.56
   54 G    -2   4  -3  -4  -2  -3  -4   6  -2  -5   0  -2  -1  -2  -5  -4  -3  -5  -5  -5    2  25   0   0   1   0   0  55   1   0   9   1   2   2   0   0   1   0   0   0  1.16 0.46
   55 L    -5  -5  -6  -7  -5  -5  -6  -7  -6   0   5  -6   6   4  -6  -5  -5  -4  -3  -3    0   0   0   0   0   0   0   0   0   4  61   0  18  18   0   0   0   0   0   0  1.46 0.52
   56 E    -3  -3   2   2  -5   0   5  -5   2   1   0  -3  -2  -3  -4  -2  -2  -5  -1  -1    1   0  12  10   0   4  41   0   4   9  11   0   1   0   0   1   1   0   2   3  0.64 0.34
   57 E    -1   2   0   3  -4   2   2  -3   1  -3  -2   1  -2  -2   0   0   1  -2  -2  -2    5  12   2  16   0   9  15   1   3   1   3  10   1   1   3   4  11   1   1   2  0.28 0.18
   58 P     0   1  -5  -3  -4  -3  -4  -5   0   0  -1  -3  -3  -4   7  -4  -2  -6  -3  -1    7   7   0   2   0   1   0   0   2   6   7   0   0   1  57   0   3   0   1   5  1.32 0.48
   59 T    -1  -3   0   3  -3  -1  -1  -4  -2  -1  -3  -3  -3  -3  -4   2   4  -5  -2   0    4   1   3  21   0   3   3   0   1   4   1   1   0   1   0  17  33   0   1   7  0.58 0.32
   60 E     1  -1  -1   0  -4   1   3  -1  -1  -5  -5   0  -4  -4  -3   4   0  -5  -3  -4   13   3   2   4   0   5  23   5   1   0   0   5   0   1   0  32   5   0   1   0  0.53 0.30
   61 G    -4  -6  -4  -5  -7  -6  -6   8  -6  -8  -8  -6  -7  -7  -6  -4  -5  -7  -7  -7    0   0   0   0   0   0   0  99   0   0   0   0   0   0   0   0   0   0   0   0  2.68 0.77
   62 R    -1   2   0   1  -4   2   3  -2   0  -3  -3   1  -2  -5  -3   1   1  -5  -4  -2    3  11   4   9   0  11  23   1   2   1   1   9   1   0   0  12   9   0   0   2  0.41 0.23
   63 I    -4  -5  -6  -6  -4  -5  -6  -7  -6   6   1  -6  -1  -3  -6  -5  -4  -6  -4   5    0   0   0   0   0   0   0   0   0  48  12   0   1   0   0   0   0   0   0  37  1.40 0.49
   64 Y    -1   0  -1  -2  -2  -1  -1  -3  -1   1   2  -1   1   1  -3   0   1   3   1   0    4   7   2   1   0   2   4   0   1  11  25   4   3   6   0   6   9   5   5   5  0.15 0.12
   65 F    -3  -4  -5  -5  -3  -4  -5  -6  -4   4   3  -4   1   3  -5  -4  -3  -4   1   3    1   0   0   0   0   0   0   0   0  28  29   1   2  12   0   0   0   0   4  21  0.79 0.32
   66 G     0  -2   3   5  -4  -1   1   2   1  -5  -4  -1  -3  -2  -3  -1  -3  -5  -2  -5    7   2  15  38   0   2   8  14   3   0   1   3   1   2   0   3   0   0   1   0  0.69 0.31
   67 D    -3  -5   0   2  -6  -3  -2   7  -3  -7  -7  -4  -6  -6  -4  -2  -4  -6  -6  -6    1   0   5  11   0   1   3  75   0   0   0   1   0   0   1   2   0   0   0   0  1.67 0.55
   68 R    -1   2  -1   0  -4   3   3  -3   0  -1  -2   2  -1  -2  -3  -2   0  -4  -3   0    4  10   2   4   0  15  20   1   2   4   3  16   1   1   0   1   5   0   0   8  0.34 0.21
   69 D    -2   1   3   5  -4  -1   1  -3  -2  -3  -3  -1  -3  -5   1  -1  -1  -6  -4  -1    2   7  16  38   0   1  10   1   0   1   3   3   0   0   6   3   3   0   0   6  0.66 0.30
   70 V    -1  -4  -4  -5  -3  -3  -4  -3  -2   5   2  -4   2  -2  -4  -4  -1  -4  -3   3    3   1   1   0   0   1   1   2   1  37  19   0   5   1   1   0   4   0   0  24  0.72 0.30
   71 T     0  -1   2  -1  -2  -1  -1  -1  -1  -1  -1   0   0  -1  -3   1   4  -1   0  -1    8   3  13   3   0   1   2   3   2   3   4   4   2   2   1  12  28   1   3   5  0.26 0.19
   72 Y     0   0   2   4  -3   1   0   1   1  -3  -3   1  -2  -3  -1   0   0  -4  -2  -3    7   6  10  25   0   5   5  12   3   1   2   8   1   0   2   6   5   0   1   0  0.33 0.18
   73 L    -1  -1  -3  -3  -3  -2  -2  -4  -2   1   4  -2   2  -2  -1  -2   0  -4  -2   3    3   3   0   1   0   2   2   1   1   8  39   3   4   0   3   2   6   0   1  21  0.40 0.21
   74 P     0   0   1   1  -4  -1   0  -2  -1  -2  -3   0  -3  -4   4   2  -2   3  -3   0    6   6   6   9   0   1   5   3   1   1   1   7   0   0  25  15   1   4   0   8  0.42 0.22
   75 P     1  -2  -1   0  -4   0   2   0  -3  -1  -2   0  -3  -3   4  -1  -1  -5  -4   0   14   1   2   6   0   3  17   7   0   3   3   6   0   1  24   4   4   0   0   6  0.40 0.21
   76 K     1   1   0  -1  -3   1   0  -2   1   0   1   1  -1  -1  -1  -1  -1  -2   0   0   16  10   5   2   0   5   6   1   3   7  17   9   1   1   2   3   1   1   3   7  0.08 0.10
   77 D    -2   6  -1   1  -6   1   2  -4  -2  -5  -4   2  -3  -5  -3  -2  -3  -5  -3  -5    2  51   3   7   0   6  14   0   1   0   1  11   0   0   1   2   1   0   1   0  1.06 0.42
   78 R    -1   7  -3  -2  -5   2  -1  -4  -1  -4  -4   2   0  -5  -4  -2  -2  -5  -4  -5    5  58   0   2   0   8   3   0   1   1   1  12   2   0   0   2   3   0   0   0  1.23 0.46
   79 N    -1   3   2   2  -4   1   1   0   1  -4  -3   3  -1  -4   1  -1  -1  -4  -2  -4    3  19   9  11   0   7   7   6   4   0   2  17   1   0   7   4   2   0   1   0  0.36 0.18
   80 I    -2  -4  -5  -5  -2  -4  -5  -5  -5   5   0  -4   1  -1  -5  -4  -1  -5  -3   5    3   1   0   0   1   0   0   0   0  38   5   0   3   2   0   1   2   0   1  42  1.06 0.39
   81 S     1  -1   1  -4  -1  -1  -4   6  -1  -6  -6  -4  -5  -6  -5   1  -3  -5  -5  -5    9   4   7   0   1   2   0  64   1   0   0   0   0   0   0   9   1   0   0   0  1.25 0.45
   82 M    -4  -5  -5  -6  -5  -4  -5  -6  -5   0   0  -5   9   3  -6  -4   1  -4   2   0    1   0   0   0   0   0   0   0   0   4   5   0  58  11   0   0   8   0   6   6  1.71 0.60
   83 V    -3  -6  -6  -7  -4  -6  -6  -7  -7   4  -1  -6   2  -4  -6  -5  -4  -6  -5   7    1   0   0   0   0   0   0   0   0  21   3   0   5   0   0   0   0   0   0  69  1.62 0.56
   84 F    -6  -7  -7  -8  -7  -7  -7  -7  -5  -3  -4  -7  -4   9  -2  -4  -6  -3   0  -4    0   0   0   0   0   0   0   0   0   1   0   0   0  92   3   1   0   0   2   1  2.85 0.81
   85 Q    -6  -4  -5  -5  -8   9  -3  -7  -4  -8  -7  -3  -5  -8  -6  -5  -5  -7  -6  -7    0   0   0   0   0 100   0   0   0   0   0   0   0   0   0   0   0   0   0   0  3.19 1.00
   86 S    -3   0   3   2  -5   1   2  -3   5  -5  -5   2  -4  -1  -4   1  -2  -5  -2  -5    1   3  17  12   0   7  11   1  18   0   0  15   0   3   0   9   2   0   0   0  0.65 0.31
   87 Y    -1  -4  -2  -3  -3  -4  -4  -2   3  -3  -4  -5  -4   4   5  -3  -4  -3   6  -5    5   1   2   1   1   0   0   4   6   1   0   0   0  18  31   1   0   0  28   0  1.20 0.47
   88 A     3   1   6  -2  -5   0  -3  -1   1  -5  -5  -3  -4  -6  -4   0  -1  -6  -4  -3   30   8  41   1   0   3   0   3   3   0   0   0   0   0   0   5   3   0   0   1  0.96 0.43
   89 V    -4  -5  -6  -6  -5   1  -5  -7  -6  -2   6  -5  -2  -4   4  -5  -5  -5  -5  -3    1   0   0   0   0   7   0   0   0   0  71   0   0   0  20   0   0   0   0   1  1.45 0.56
   90 W    -5  -6  -3  -7  -5  -6  -6  -7  -5  -1   3  -6   2   8  -7  -5  -5   1   2  -3    0   0   2   0   0   0   0   0   0   2  25   0   4  58   0   0   0   2   6   1  1.65 0.55
   91 P    -1  -2  -2  -4  -6  -2  -1  -4  -2  -5  -5  -1  -5  -1   7   1  -4   0  -5  -1    4   2   2   0   0   1   4   1   1   0   1   4   0   3  62  10   0   1   0   4  1.53 0.54
   92 H    -1   0   0  -2  -4  -1   0  -1   7  -4  -3  -2  -3  -3  -3   1   0   7  -2  -4    6   5   5   1   0   2   6   5  33   1   2   1   0   1   1  10   5  14   1   1  0.89 0.32
   93 M    -1   2  -4  -5  -4  -2  -3  -5  -3  -2   2   3   7   0  -4  -3  -2  -3  -3  -3    6  12   0   0   0   1   1   0   0   0  22  20  30   4   0   1   1   0   0   0  0.80 0.38
   94 T    -3  -2   2  -1  -4  -4  -4  -4  -4  -4  -5  -2  -4  -6  -4   4   6  -6  -5  -4    0   2   8   3   0   0   0   0   0   1   0   2   0   0   0  31  53   0   0   0  1.30 0.55
   95 V     0  -6  -6  -7  -3  -6  -6  -6  -7   5  -2  -6  -2  -4  -6  -4  -4  -6  -5   6    8   0   0   0   0   0   0   0   0  27   2   0   0   0   0   0   0   0   0  63  1.52 0.54
   96 Y     1   1  -4  -3  -4  -1   1  -2  -2   0   1  -2   0   4  -5  -3  -3   1   5  -2   12   9   0   1   0   2   9   2   0   5  14   1   2  17   0   0   0   2  24   1  0.49 0.28
   97 E    -3  -2  -1   5  -6   3   5  -1  -2  -6  -6   0  -5  -6  -4  -3  -3  -6  -4  -6    2   2   1  36   0  11  37   5   1   0   0   4   0   0   0   1   1   0   1   0  1.15 0.46
   98 N    -6  -5   9   1  -7  -4  -3  -5  -4  -3  -8  -4  -6  -7  -6  -4  -4  -8  -6  -7    0   0  89   7   0   0   1   0   0   2   0   0   0   0   0   0   0   0   0   0  2.62 0.81
   99 I    -4  -6  -6  -7  -3  -6  -6  -7  -7   5  -1  -6   2  -4  -6  -5  -3  -6  -5   6    0   0   0   0   0   0   0   0   0  33   2   0   4   0   0   0   0   0   0  59  1.60 0.55
  100 A     5  -4  -4  -3  -2  -3   0   1  -4  -3  -3  -3   1  -5  -4   0   0  -5  -4  -1   62   0   0   1   1   0   6   9   0   1   1   0   4   0   0   6   4   0   0   5  0.90 0.43
  101 F    -2  -5  -6  -6  -5  -5  -1  -6  -3  -1   2  -5   0   6  -6  -3  -4  -1   6  -2    3   0   0   0   0   0   4   0   0   2  21   0   2  37   0   1   0   0  26   2  1.21 0.45
  102 P     0  -6  -4  -4  -6  -5  -5   6  -6  -7  -7  -5  -6  -7   4  -3  -5  -6  -6  -4    8   0   0   1   0   0   0  69   0   0   0   0   0   0  20   1   0   0   0   1  1.72 0.58
  103 L    -3  -3  -6  -5  -3  -4  -5  -6  -6   0   6  -5   2  -2   3  -5  -4  -5  -3   0    1   1   0   0   0   0   0   0   0   3  70   0   3   1  14   0   0   0   0   6  1.21 0.47
  104 K    -3   4  -1  -1  -5   0   2  -2   0  -3  -3   4  -2  -3  -3  -1  -1  -1  -3  -3    1  28   2   2   0   3  16   2   2   1   2  30   1   1   0   3   2   1   1   1  0.67 0.31
  105 I    -2  -1   2  -3  -2  -3  -3  -2   0   3   2  -3   2  -1   0  -2  -2  -4  -1   2    3   3  13   0   0   0   0   3   2  19  25   1   6   2   4   1   1   0   1  13  0.31 0.19
  106 K     1   3   1  -1  -4   2   0   0   4  -3  -1   1  -1  -2  -3   0  -1  -2  -2  -2   15  17   5   2   0  11   4   5  11   1   7   9   2   2   0   4   3   0   0   1  0.24 0.17
  107 K    -3   2  -1  -2  -5  -1  -2   5  -1  -5  -2   3  -4  -4  -4  -2  -3   0  -4  -5    1  10   2   2   0   1   2  49   1   0   5  21   0   0   0   1   0   1   0   0  0.90 0.37
  108 F    -1   1  -3  -3  -2  -1  -2  -3  -2   2   2   0   3   0  -1  -2   0   2  -1   2    4   8   1   0   1   2   2   1   1  12  17   7   9   3   3   1   5   3   2  19  0.20 0.14
  109 P     0   0   1   1  -4  -2  -1  -1  -2  -4  -2   1  -3  -4   4   3   0  -5  -3  -3    6   4   6  10   0   1   3   4   0   0   5  10   0   0  23  23   4   0   1   1  0.48 0.25
  110 K    -1   3   0   0  -5   0   1  -2  -2  -4  -4   5  -3  -5   0  -1  -1  -5  -3  -4    4  18   5   6   0   2   8   3   0   1   1  42   0   0   4   2   2   0   1   1  0.69 0.32
  111 D     3   0   0   2  -4   1   2  -1  -2  -3  -3   2  -2  -4  -1   1  -1  -5  -4  -2   26   5   3  12   0   4  14   2   0   0   1  14   0   0   2  11   3   0   0   2  0.35 0.22
  112 E    -1  -1  -2   2  -5   2   6  -4  -2  -4  -3   1  -4  -4  -3  -2  -1  -5  -3  -2    5   3   1   9   0   7  52   1   0   1   3   7   0   1   0   1   3   0   1   4  0.86 0.38
  113 I     1   2  -4  -2  -2   0  -2  -4  -3   4   0  -1   3  -3  -3  -3  -2  -1  -3   1   11  15   0   2   1   4   1   1   0  33   9   2   7   0   1   0   1   1   0   9  0.42 0.25
  114 D    -1   3   0   3  -4   1   3  -2  -1  -3  -2   2  -2  -4  -2  -1  -2  -1  -3  -2    6  17   5  16   0   6  19   2   1   1   3  14   1   0   1   3   2   1   1   3  0.38 0.21
  115 K     1   3  -1   0  -5   2   4  -3  -2  -4  -4   3  -3  -5  -2  -1  -1  -5  -4  -3   13  14   1   5   0   9  29   1   1   0   0  16   0   0   2   4   3   0   0   1  0.54 0.28
  116 R    -1   6  -3  -3  -5   0  -1  -4  -3   1  -2   3  -3  -5  -4  -1  -1  -3  -4  -2    4  49   1   1   0   2   2   0   0   8   3  18   0   0   0   5   3   0   0   2  0.93 0.39
  117 V     3  -4  -5  -5  -3  -5  -5  -4  -5   2   0  -5  -1  -4  -5  -3  -3  -5  -4   6   23   0   0   0   0   0   0   1   0   9   7   0   1   0   0   1   0   0   0  57  1.09 0.44
  118 R     0   3   0   1  -4   1   3  -3   1  -3  -1   2   0  -2  -3  -1   0  -4  -2  -2    8  16   4   8   0   5  21   1   3   1   7  11   3   2   1   2   4   0   1   2  0.26 0.17
  119 W     0   0   0   1  -5   2   5  -1   1  -5  -5   1  -4  -4  -2  -1  -2   3  -2  -4    7   4   3   8   0   9  39   4   4   0   0  10   0   0   1   3   2   5   1   1  0.62 0.31
  120 A     4  -4  -3  -5  -1  -3  -4  -3  -2   0   3  -3   2  -2  -4   0  -2  -1   0   0   41   0   1   0   1   0   0   0   1   4  29   1   5   1   0   5   1   1   3   5  0.57 0.32
  121 A     2  -5  -4  -6  -4  -5  -6  -6  -6   0   6  -5   2  -3  -6  -3  -4  -5  -4  -1   17   0   1   0   0   0   0   0   0   4  71   0   4   0   0   1   0   0   0   2  1.23 0.48
  122 E     1   2   0   2  -4   1   3  -3   0  -3  -1   3  -3  -4  -3  -1  -1  -5  -3  -3   12  12   3  11   0   4  22   1   2   1   8  17   0   0   0   3   3   0   0   0  0.38 0.23
  123 L    -2   1  -4  -3  -2   1  -1  -5  -4   0   3   0   3   0  -5  -2  -2   7  -2  -1    3   9   0   1   1   6   5   0   0   6  28   6   8   4   0   2   2  16   0   4  0.53 0.27
  124 L    -2  -5  -2   2  -4  -4  -2  -5  -4  -1   1  -5   0  -3  -5  -4  -2  -6  -4   6    3   0   2  10   0   0   2   0   0   1  10   0   2   0   0   0   2   0   0  67  1.13 0.47
  125 Q    -1   0   0   0  -6   2   3   5  -2  -6  -6  -1  -5  -6  -5  -2  -4  -6  -5  -6    4   5   4   4   0   8  20  51   1   0   0   3   0   0   0   1   0   0   0   0  1.02 0.41
  126 I    -4  -5  -6  -7  -4  -5  -6  -7  -6   2   5  -6   4  -3  -6  -5  -4  -5  -4   3    0   0   0   0   0   0   0   0   0   8  66   0   8   0   0   0   0   0   0  17  1.34 0.49
  127 E     1  -1  -1   2  -3   0   2   0  -2  -3  -3   3  -3  -2   0   1   0   0  -1  -3   14   1   1  10   0   4  15   6   0   1   2  21   0   1   3  11   6   1   2   1  0.28 0.19
  128 E    -2  -2   0   6  -6  -1   2   2   3  -6  -6  -1  -5  -5  -2  -1  -3   0  -4  -5    3   1   4  42   0   2  14  16   8   0   0   2   0   0   2   3   1   1   0   0  0.87 0.37
  129 L    -2   4  -3  -4  -4  -1  -3  -5   2  -2   1   3   1   3  -5  -3  -3  -3   3  -3    2  27   1   0   0   2   0   0   5   1  13  20   3  15   0   0   1   0   9   1  0.61 0.31
  130 L     3   0  -3  -3  -4  -1   1  -1   0  -2   3   0   0  -3  -3  -1  -2  -4  -3  -1   27   4   0   0   0   1  11   4   2   1  36   6   1   0   0   2   0   0   1   2  0.38 0.27
  131 N    -2   0   3   4  -5   1   1   0   4  -5  -5   2  -4  -4  -3  -1  -1  -4  -2  -5    3   4  15  26   0   5   8   6  13   0   0  11   0   0   0   4   4   0   1   0  0.59 0.28
  132 R     1   5  -1   0  -4   1   1  -4   2  -4  -4   2  -4  -3  -4   0  -2  -5  -2  -4   13  38   1   6   0   6   7   0   5   0   1  12   0   1   0   6   2   0   1   1  0.66 0.32
  133 Y    -2   0   0  -3  -5  -2  -1  -4  -1  -4  -1   1  -2   1   1   1  -3   5   6  -4    2   6   5   1   0   1   4   0   1   0   6  11   1   5   7  13   0   8  30   0  0.62 0.32
  134 P     1  -5  -6  -5  -6  -5  -5   0  -6  -1  -6  -5  -6  -7   8  -4  -4  -7  -6  -2   14   1   0   0   0   0   0   7   0   5   0   0   0   0  69   0   1   0   0   3  1.98 0.65
  135 A     2   0   0   0  -2  -1   0   0   3  -2   0   0  -1   0  -2   1   0  -1   1  -2   19   6   4   5   0   1   4   6  10   1   9   5   1   5   1  15   4   1   4   1  0.13 0.13
  136 Q     0   0   0  -1  -4   5   3   1   0  -4  -4  -1  -3  -5  -4   0  -1  -5  -4  -3    8   5   5   1   0  32  21   9   2   0   1   2   0   0   0   8   4   0   0   1  0.63 0.34
  137 L    -5  -6  -7  -7  -5  -6  -7  -7  -6   1   6  -6   1  -1  -7  -6  -5  -5  -5  -2    0   0   0   0   0   0   0   0   0   5  90   0   3   2   0   0   0   0   0   0  1.84 0.61
  138 S    -3  -5  -4  -5  -5  -4  -4  -5  -5  -7  -7  -5  -6  -7  -5   8  -3  -7  -6  -6    0   0   0   0   0   0   0   0   0   0   0   0   0   0   0 100   0   0   0   0  2.44 0.85
  139 G    -3  -7  -5  -5  -7  -6  -6   8  -6  -8  -8  -6  -7  -7  -6  -4  -6  -7  -7  -7    1   0   0   0   0   0   0  99   0   0   0   0   0   0   0   0   0   0   0   0  2.67 0.78
  140 G    -4  -7  -5  -6  -7  -6  -6   8  -6  -8  -8  -6  -7  -7  -6  -4  -6  -7  -7  -7    0   0   0   0   0   0   0 100   0   0   0   0   0   0   0   0   0   0   0   0  2.73 0.79
  141 Q    -5  -3  -4  -4  -7   9   1  -6  -4  -7  -6  -3   2  -7  -6  -4  -5  -6  -6  -6    0   0   0   0   0  85   9   0   0   0   0   0   6   0   0   0   0   0   0   0  2.56 0.86
  142 R    -2   4  -4  -4  -4   6  -2  -5  -4  -6  -6   5  -1  -7  -5  -3  -4  -6  -5  -6    2  23   0   0   0  40   0   0   0   0   0  32   1   0   0   1   0   0   0   0  1.50 0.58
  143 Q    -5  -1  -5  -5  -8   9  -3  -6  -4  -7  -7  -2  -5  -8  -4  -4  -5  -7  -6  -7    0   2   0   0   0  96   0   0   0   0   0   1   0   0   1   0   0   0   0   0  2.94 0.94
  144 R    -6   9  -5  -6  -8  -3  -4  -5  -5  -8  -7  -1  -6  -7  -7  -5  -6  -7  -6  -7    0  98   0   0   0   0   0   1   0   0   0   1   0   0   0   0   0   0   0   0  2.90 0.86
  145 V    -3  -6  -6  -7  -3  -6  -6  -7  -7   2   2  -6  -1  -4  -6  -5  -3  -6  -5   6    2   0   0   0   0   0   0   0   0   7  20   0   1   0   0   0   0   0   0  69  1.50 0.54
  146 A     6  -5  -5  -5   6  -5  -5   2  -5  -5  -5  -5  -5  -6  -5  -1  -3  -6  -6  -2   60   0   0   0  18   0   0  17   0   0   0   0   0   0   0   2   0   0   0   2  1.43 0.55
  147 V    -5  -6  -7  -7  -5  -6  -7  -7  -7   7   3  -6   2  -3  -6  -6  -4  -6  -5   0    0   0   0   0   0   0   0   0   0  66  27   0   4   0   0   0   0   0   0   3  1.66 0.55
  148 A     7  -5  -5  -6  -4  -5  -5   0  -6  -5  -5  -5  -5  -6  -5  -3  -4  -6  -6  -4   93   0   0   0   0   0   0   5   0   0   1   0   0   0   0   0   0   0   0   0  2.03 0.71
  149 R    -5   8  -5  -6  -8  -3  -4   0  -4  -4  -6  -2  -6  -7  -6  -3  -5  -7  -6  -7    0  90   0   0   0   0   0   7   0   1   0   0   0   0   0   2   0   0   0   0  2.48 0.78
  150 A     6  -5  -5  -5   2  -4  -4  -2  -5  -1  -4  -4  -2  -5  -4  -1   0  -6  -5   0   73   0   0   0   4   0   0   3   0   3   0   0   1   0   0   3   6   0   0   7  1.29 0.53
  151 I    -5  -6  -7  -7  -5  -6  -6  -7  -6   4   6  -6   0  -2  -6  -6  -4  -5  -3   0    0   0   0   0   0   0   0   0   0  20  73   0   1   1   0   0   0   0   0   5  1.49 0.52
  152 V     6  -5  -5  -5  -1  -4  -5  -3  -5   0  -3  -4  -2  -5  -5  -2  -2  -6  -4   4   61   0   0   0   1   0   0   1   0   5   2   0   0   0   0   2   2   0   0  26  1.17 0.50
  153 V    -1   1   3  -3  -1   0  -3  -3   1   1   0  -2   4  -3  -1   0   0  -4  -3   2    5  11  16   0   1   4   0   1   4   8   7   0  13   0   3   5   6   0   0  15  0.25 0.20
  154 E    -3   3   2   3  -5   2   4  -3   1  -6  -5   2  -4  -6  -3  -1  -3  -5  -4  -5    1  15  10  15   0  10  25   1   4   0   0  14   0   0   1   4   0   0   0   0  0.70 0.32
  155 P    -5  -4  -5  -6  -7  -2  -5  -7  -4  -7  -7  -3  -7  -8   9  -5  -6  -8  -7  -7    0   1   1   0   0   2   0   0   0   0   0   1   0   0  95   0   0   0   0   0  3.15 0.90
  156 D     0   2  -1   2  -5   2   4  -3  -1  -5  -4   3  -4  -5   0   0  -2  -5  -4  -4    6  12   1  12   0   7  25   1   1   0   0  22   0   0   5   5   1   0   0   1  0.58 0.29
  157 V    -2  -6  -6  -6  -2  -5  -6  -6  -6   4   2  -5   0   0  -6  -5  -3  -5  -3   6    2   0   0   0   1   0   0   0   0  20  17   0   1   3   0   0   0   0   1  54  1.18 0.44
  158 L    -4  -5  -6  -7  -4  -5  -6  -7  -6   3   5  -6   3   1  -6  -5  -4  -1  -4   0    0   0   0   0   0   0   0   0   0  17  67   0   6   6   0   0   0   1   0   3  1.31 0.47
  159 L    -4  -6  -7  -7  -5  -6  -6  -7  -6   2   6  -6   0  -2  -6  -6  -5  -5  -5   0    1   0   0   0   0   0   0   0   0   9  84   0   1   0   0   0   0   0   0   4  1.66 0.57
  160 M     0  -5  -5  -6   4  -5  -5  -6  -5  -2   4  -5   5   3  -6  -1  -4  -4  -3  -2    6   0   0   0   9   0   0   0   0   0  48   0  18  12   0   6   0   0   0   1  1.02 0.43
  161 D    -6  -6  -3   9  -8  -5  -3  -6  -6  -8  -8  -5  -8  -8  -6  -5  -5  -9  -8  -6    0   0   0  99   0   0   0   0   0   0   0   0   0   0   0   0   0   0   0   1  2.99 0.87
  162 E    -5  -4  -5  -3  -8  -2   8  -7  -4  -8  -7  -4  -6  -8  -6  -4  -5  -7  -7  -7    0   0   0   0   0   0 100   0   0   0   0   0   0   0   0   0   0   0   0   0  2.74 0.87
  163 P     2  -6  -6  -6  -4  -5  -5  -5  -6  -4  -7  -5  -5  -7   8  -2  -5  -8  -7  -5   16   0   0   0   0   0   0   0   0   1   0   0   0   0  79   3   0   0   0   0  2.47 0.76
  164 L    -2  -5  -4  -5   3  -5  -5  -5  -5  -2   2  -5  -1   4  -5  -2   5  -4  -3  -2    3   0   0   0   7   0   0   0   0   1  22   0   1  21   0   1  43   0   0   1  1.02 0.45
  165 S     1  -5  -3  -4  -5  -4  -4   3  -5  -6  -6  -4  -5  -6  -5   6  -3  -6  -6  -4   11   0   0   0   0   0   0  23   0   0   0   0   0   0   0  66   0   0   0   1  1.46 0.60
  166 N     6  -5   2  -4  -4  -2  -4  -1  -5  -5  -5  -4   2  -6  -5  -1  -3  -6  -5  -4   75   0  12   0   0   1   0   3   0   0   0   0   5   0   0   4   1   0   0   0  1.42 0.57
  167 L    -5  -6  -7  -8  -5  -6  -7  -8  -7  -1   7  -6  -2  -3  -7  -6  -5  -6  -5  -2    0   0   0   0   0   0   0   0   0   1  98   0   0   0   0   0   0   0   0   1  2.11 0.68
  168 D    -6  -6  -3   9  -8  -5  -3  -4  -6  -8  -8  -5  -8  -8  -6  -5  -5  -9  -8  -8    0   0   0  99   0   0   0   1   0   0   0   0   0   0   0   0   0   0   0   0  2.96 0.86
  169 A     3  -4  -5  -5  -5  -4  -4  -4  -3  -4  -2  -4  -4  -4   7  -2  -2  -6  -2  -1   27   0   0   0   0   0   1   1   0   1   4   1   0   0  55   1   2   0   2   4  1.51 0.55
  170 K     0   1  -2  -2  -4   1   1  -2  -1   3   1   3  -1  -1  -3  -1  -2  -4  -3   0    7   5   2   0   0   6  12   2   1  19  13  22   0   2   0   4   1   0   0   4  0.25 0.20
  171 L     0  -4  -1  -4  -3  -3  -4   0  -4  -1   2  -3   0  -4  -4   2   4  -5  -4   0    7   0   3   0   0   0   0   9   0   3  25   0   2   0   0  15  31   0   0   6  0.51 0.31
  172 R    -2   6  -3  -5  -5  -1  -4  -4  -4  -3  -5   0  -4  -6  -5  -1   5  -6  -5  -2    2  50   0   0   0   2   0   1   0   1   0   3   0   0   0   3  35   0   0   3  1.37 0.55
  173 V     1   1  -1   0  -3   1   1   0   0   0   0   1  -1  -3  -3   0  -1  -4  -2   0   15   9   2   5   0   7  12   6   2   6   8  12   1   0   0   6   2   0   0   6  0.12 0.11
  174 A     0   1  -1   1  -5   3   4  -3   1  -4  -5   2  -3  -5  -3   1  -1  -5  -4  -3    8   6   2   5   0  15  26   1   3   1   0  15   0   0   0  13   3   0   0   1  0.53 0.28
  175 M    -4  -5  -6  -7  -4  -5  -6  -7  -6   5   2  -5   7  -3  -6  -5  -2  -5  -4   3    0   0   0   0   0   0   0   0   0  36  13   0  31   0   0   0   1   0   0  18  1.40 0.50
  176 R    -4   3  -3  -3  -4   4   3  -5   1  -1   3  -2   1  -2  -4  -3  -3  -5  -4  -1    0  15   0   0   0  20  21   0   3   3  27   0   4   1   0   1   1   0   0   3  0.60 0.34
  177 A     0   1   1   2  -4   2   3  -1  -2  -2  -2   1  -2  -3  -3   0  -1  -4  -1  -2    9   6   6  14   0   7  27   3   0   3   4   6   0   1   0   6   3   0   2   3  0.32 0.20
  178 E    -2  -3  -5  -4  -4  -1   3  -6  -5  -1   5  -2   0  -3  -5  -4   0   3  -3  -1    3   0   0   0   0   2  20   0   0   1  56   2   1   0   0   0   5   5   0   4  0.82 0.39
  179 I    -4  -5  -6  -6  -4  -5  -5  -6  -6   5   4  -5   4   0  -6  -5  -3  -5  -4   2    0   0   0   0   0   0   0   0   0  32  44   0   9   3   0   0   0   0   0  11  1.12 0.42
  180 K     0   3  -1  -1  -3   1   1  -2   1  -2   0   3   0  -2  -3   0  -1  -4  -1  -2    7  19   2   3   0   5   7   2   3   2  12  21   2   1   0   5   3   0   2   2  0.26 0.18
  181 K    -2   3   0   2  -5   2   4  -2  -1  -4  -4   2  -3  -4  -4  -1  -1  -5  -4  -4    3  14   4  14   0   8  30   3   1   1   1  14   0   0   0   4   2   0   0   0  0.60 0.29
  182 L    -3  -5  -6  -6  -4  -5  -5  -7  -6   4   5  -5   0  -2  -6  -5  -4  -1  -3   0    1   0   0   0   0   0   1   0   0  21  68   0   1   1   0   0   0   1   1   6  1.31 0.47
  183 Q     0   1   4  -3   1   3  -2  -3   4  -4  -2   2  -3  -3  -4  -2  -3   6  -3  -3    7   7  19   0   3  17   1   1  12   1   3  13   0   1   0   2   0  11   0   1  0.67 0.32
  184 Q     0   4  -1   1  -5   3   2  -2   0  -4  -3   3  -3  -5  -3  -1  -2  -4  -4  -4    7  22   2   7   0  16  15   2   2   0   2  18   0   0   0   3   1   0   0   0  0.57 0.27
  185 K    -2   3  -2   2  -5   3   5  -4  -3  -5  -4   3  -4  -5  -4  -1  -2  -5  -4  -4    2  18   1   9   0  11  36   0   0   0   1  15   0   0   0   3   2   0   0   1  0.81 0.36
  186 L    -1   0  -1  -3  -3   0  -1  -3   2   0   3  -1   0   1  -3  -1   1  -2   3  -1    3   6   3   1   0   5   4   1   6   3  31   2   2   4   1   4   9   0  12   3  0.21 0.15
  187 K    -1   0   2   0  -3   0  -2   5   1  -4  -4   1  -2  -4  -3  -1  -2  -3  -4  -4    3   5  11   4   0   4   2  48   4   1   1  10   1   0   1   2   1   0   0   1  0.74 0.28
  188 V    -2  -1  -3  -4  -1  -2  -3  -4  -2   3   2   0   2   3  -2  -2   0  -1   1   1    2   3   1   0   1   2   1   1   1  23  17   6   7  12   2   1   7   0   6   8  0.28 0.16
  189 T    -1  -5  -4  -5  -4  -4  -5  -4  -6  -4  -5  -4  -3  -6  -3   0   8  -7  -6  -4    5   0   0   0   0   0   0   1   0   0   0   0   0   0   1   4  86   0   0   0  2.06 0.74
  190 T     0  -5  -5  -5  -2  -2  -5  -5  -5   5   0  -4   3   2  -5   0   0  -4  -1   3    6   0   0   0   0   1   0   0   0  35   3   0   7  10   0   7   5   0   2  22  0.67 0.32
  191 I    -2  -5  -6  -6  -4  -5  -6  -6  -6   5   3  -5   0  -1  -6  -5  -3  -5  -4   5    3   0   0   0   0   0   0   0   0  31  24   0   2   3   0   0   0   0   0  38  1.10 0.41
  192 Y    -3  -5  -5  -6  -2  -4  -5  -6  -1   3   3  -5   4   4  -5  -2  -3  -2   3   0    0   0   0   0   1   0   0   0   2  21  29   0  10  19   0   3   0   0   9   5  0.78 0.33
  193 V    -3  -6  -4  -7  -4  -6  -6  -7  -7   5  -2  -6  -3  -4  -6  -4  -4  -6  -5   7    2   0   1   0   0   0   0   0   0  26   0   0   0   0   0   1   0   0   0  70  1.73 0.60
  194 T    -3  -5  -4  -5  -5  -5  -4  -6  -6  -3  -5  -5  -5  -6  -5   0   8  -7  -6  -4    1   0   0   0   0   0   1   0   0   1   0   0   0   0   0   6  91   0   0   0  2.29 0.79
  195 H    -7  -4  -4  -6  -8  -4  -5  -7  11  -8  -8  -6  -6  -6  -7  -6  -7  -7  -3  -8    0   0   0   0   0   0   0   0 100   0   0   0   0   0   0   0   0   0   0   0  4.09 1.06
  196 D    -4  -4   4   6  -6   0   3  -4  -1  -6  -5  -3  -5  -4  -5   1  -3  -7  -4  -6    0   0  17  48   0   3  18   0   1   0   1   0   0   1   0  10   1   0   0   0  1.27 0.49
  197 Q    -4  -3  -5  -5  -5   4  -3  -6  -5   1   1  -4   8  -2  -1  -4  -3  -5  -4   2    0   1   0   0   0  23   1   0   0   6  10   0  41   1   3   0   1   0   0  14  1.27 0.53
  198 V    -1  -2  -1   3  -5   4   4  -1   0  -4  -4  -1  -3  -5  -2   0  -2  -5  -4  -2    5   1   2  19   0  23  25   4   2   1   1   1   0   0   1   8   1   0   0   3  0.62 0.32
  199 E    -3  -3  -4   1  -6   4   5  -5  -4  -2  -2  -3  -2   0  -5  -3  -3  -5  -4   2    1   0   0   6   0  21  45   0   0   1   4   0   1   5   0   0   0   0   0  16  0.98 0.46
  200 A     6  -5  -5  -6  -4  -5  -5  -4  -6   1  -3  -5  -4  -5  -5  -3  -4  -6  -5   2   76   0   0   0   0   0   0   0   0   7   1   0   0   0   0   0   0   0   0  16  1.50 0.59
  201 M     2   2  -3  -3  -3  -1  -2  -3  -3   0   2   2   3  -1  -2  -1  -2  -4  -3   1   21  11   0   0   0   2   2   1   0   4  21  13   8   2   1   3   1   0   0   9  0.26 0.20
  202 T     1   4  -1  -1  -4   0   1  -3   0  -4  -2   1  -1   0  -3   1   1  -4   0  -3   13  29   1   4   0   3   9   1   2   0   3   8   1   4   0   9  11   0   3   1  0.37 0.23
  203 M    -3  -5  -5  -5   0  -4  -5  -5  -2   4   3  -4   4   0  -5  -4  -3  -4   0   4    1   0   0   0   2   0   0   0   1  24  27   0  10   4   0   0   1   0   3  25  0.79 0.32
  204 G     5  -5  -4  -4   5  -4  -4   0  -5  -5  -5  -4  -3  -6  -4   4  -2  -6  -5  -4   43   0   0   0  12   0   0   5   0   0   0   0   0   0   0  37   1   0   0   0  1.18 0.50
  205 D    -4  -4   1   7  -3   0  -1  -4   1  -6  -7  -3  -6  -7  -4  -1  -1  -7  -6  -6    1   0   6  72   1   5   3   1   3   0   0   1   0   0   0   4   4   0   0   0  1.73 0.59
  206 R    -4   7  -3  -3  -4   2   0  -5   2  -5  -4   2  -3  -3  -5  -3  -2   0   2  -4    0  57   1   1   0   7   5   0   4   0   1   9   0   1   0   1   2   1   8   1  1.24 0.48
  207 I    -3  -5  -5  -5  -2  -4  -5  -6  -6   4   0  -5   0  -3  -5  -3   3  -5  -4   5    1   0   0   0   0   1   0   0   0  26   7   0   1   1   0   1  22   0   0  40  1.00 0.41
  208 A     4  -5  -5  -5  -2  -4  -4  -1  -5   3   1  -4  -1  -1  -4  -2  -3  -5  -1   3   40   0   0   0   0   0   0   4   0  15  11   0   1   2   0   1   0   0   2  23  0.66 0.34
  209 V    -3  -4  -6  -6  -4  -5  -5  -5  -3   1   0  -4   0   5  -6  -5  -4  -4   0   6    1   1   0   0   0   0   1   1   1   6   7   1   2  23   0   0   0   0   3  54  1.15 0.45
  210 M    -5  -5  -6  -7  -5  -5  -6  -7  -6   3   3  -6   8   4  -6  -5  -4  -5  -3  -2    0   0   0   0   0   0   0   0   0  13  25   0  46  14   0   0   0   0   0   1  1.64 0.57
  211 N    -1   1   3   2  -3  -1   2  -3   3  -4  -1   0  -2  -2  -4   0  -1  -3   3  -3    3   9  18  13   0   2  13   0   7   0   7   5   1   0   0   6   3   0  11   1  0.35 0.22
  212 R     0   0   2   2  -4   2   1   0   1  -3  -1   1   1  -3   0   0  -2  -3  -3  -3    9   4  11  16   0  10   9   7   3   0   8  10   4   1   5   4   1   0   0   0  0.21 0.15
  213 G    -4  -6  -4  -5  -7  -5  -6   8  -6  -8  -8  -6  -7  -7  -6  -4  -6  -7  -7  -7    0   0   0   0   0   0   0  99   0   0   0   0   0   0   0   0   0   0   0   0  2.65 0.77
  214 Q    -2   5   0  -1  -4   1   3  -3   1  -4  -4   3  -3  -4  -2  -2  -1  -4  -2  -1    2  29   4   3   0   6  20   1   3   1   1  19   0   0   2   1   3   0   1   4  0.62 0.30
  215 L    -2  -5  -6  -6  -1  -5  -5  -6  -4   6   3  -5   0  -2  -5  -5  -3  -5  -4   3    2   0   0   0   1   0   0   0   0  45  27   0   1   1   0   0   0   0   0  21  1.12 0.41
  216 L     1  -3  -3  -3  -3   0   2  -5  -1   3  -1  -2   0  -3  -4  -2  -2  -4  -3   4   11   1   0   1   0   4  17   0   1  19   4   1   3   1   0   2   1   0   1  35  0.53 0.29
  217 Q    -1  -2  -2  -2  -6   5   6  -5   0  -5  -2  -1   0  -4  -4  -2  -3  -1  -2  -4    6   1   1   1   0  28  48   0   2   0   4   2   2   1   0   2   1   1   1   1  1.10 0.48
  218 I    -2  -2  -2   1  -1   1   1  -3   0   2  -1  -1   0   2  -3   0  -1  -1   2   1    2   1   1   7   1   9  11   0   2  15   4   3   2   8   1   9   3   1   7  14  0.14 0.14
  219 G     0  -5   0   1  -5  -4  -4   7  -5  -5  -5  -4  -5  -5  -5  -1  -3  -6  -6  -5    6   0   5   7   0   1   1  73   0   1   1   0   0   0   0   4   1   0   0   0  1.52 0.51
  220 S     0   0   0   2  -3   0   1  -2  -2  -3  -4   1  -3  -5   3   2   3  -5  -4  -3    7   4   3  11   0   3   9   2   1   0   1   7   0   0  14  13  23   0   0   1  0.41 0.23
  221 P    -1  -4  -4  -5  -3  -4  -4  -5  -5   0  -2  -3  -4  -5   6  -2   4  -6  -5   2    4   0   0   0   0   0   0   0   0   6   3   1   0   0  40   2  29   0   0  16  1.17 0.47
  222 T     0   2   0   2  -3   1   2  -1  -1  -1  -1   1  -1  -1  -3   0   0   0  -1  -1    7  10   3  13   0   6  17   3   1   3   8  10   1   2   0   6   4   2   2   4  0.16 0.12
  223 E    -1  -1   0   4  -4   2   5  -4  -2  -4  -5   1  -4  -5  -3  -1   0  -5  -4  -3    5   3   3  20   0   8  39   0   0   1   0   8   0   0   0   4   5   0   0   1  0.78 0.35
  224 V    -3  -5  -4  -6  -2  -5  -5  -6  -5   5   3  -5   1   0  -4  -4  -3  -5  -3   4    1   0   1   0   1   0   0   0   0  35  26   0   3   3   1   0   1   0   0  27  0.95 0.36
  225 Y    -5  -6  -5  -7  -5  -6  -6  -7  -3  -2   1  -6  -3   8  -7  -5  -4   0   6  -3    0   0   0   0   0   0   0   0   0   1  10   0   0  57   0   0   1   1  26   1  1.93 0.60
  226 L     1   0   1   2  -3   0   2  -2   0  -2  -1   0  -1  -3   0   2   2  -2  -3  -2   11   5   5  10   0   2  13   2   3   2   7   3   2   0   3  15  14   0   0   1  0.18 0.15
  227 R    -1   3   4   0  -3   1   1  -3   3  -4  -4   1  -3  -4  -4   0   0  -5   0  -4    4  18  27   5   1   6   8   1   8   0   1   8   0   0   0   5   5   0   3   0  0.54 0.27
  228 P    -4  -5  -4  -5  -7  -3  -4  -6  -1  -7  -5  -5  -6  -8   9  -4  -5  -8  -7  -6    1   1   1   0   0   1   1   0   2   0   1   0   0   0  92   1   0   0   0   0  2.98 0.84
  229 N     2   2   0  -1  -4   2   1  -1  -1  -1  -3   3  -2  -4  -1   0  -1  -3  -2  -1   18  14   4   2   0  12   8   3   1   4   1  19   0   0   2   4   3   0   1   4  0.29 0.19
  230 S    -2  -1   4   2  -4   1   1  -3   5  -4  -4   0  -3  -5  -1   2   1  -5  -3  -3    2   2  19  14   0   5   7   0  14   0   1   5   0   0   2  15  10   0   0   2  0.51 0.27
  231 V     0   2  -2   1  -4   1   2  -3   0  -3  -1   2  -2  -4   3  -1  -1  -5  -3  -2    7  13   1   6   0   6  18   1   2   0   6  15   0   0  15   4   3   0   0   2  0.37 0.20
  232 F    -1   2  -3  -3  -4   0   0  -3  -2   0   0  -1  -1   5  -3  -2   0  -1   1   0    5  15   0   1   0   5   6   2   0   4  11   3   1  29   1   1   6   1   5   5  0.35 0.22
  233 V     1  -4  -3  -4  -3  -4  -4  -4  -5  -1  -1  -4  -1  -1  -4  -1   5  -5  -4   4   10   0   1   0   0   0   0   1   0   2   4   0   1   2   0   4  46   0   0  30  0.92 0.43
  234 A     3   3  -3  -2  -2   2   3  -2  -2  -4  -4   2  -1  -3  -2  -2  -2  -5  -1  -3   28  15   0   1   1  11  22   1   1   1   1  11   2   1   1   1   1   0   2   1  0.54 0.30
  235 T     0   2   0   4  -4   2   2   0   0  -4  -3   0  -3  -5  -3   1  -1  -5  -4  -4    7  10   4  27   0   8  11   8   2   1   2   6   0   0   0  10   4   0   0   0  0.42 0.22
  236 F    -6  -6  -7  -7  -6  -6  -7  -7  -4  -4   1  -6  -2   8  -7  -6  -6  -2   6  -4    0   0   0   0   0   0   0   0   0   0  10   0   1  60   0   0   0   0  29   0  2.15 0.64
  237 I    -4  -6  -6  -6  -4  -5  -6  -6  -6   6   3  -5   1  -2  -6  -4  -3  -5  -4   3    0   0   0   0   0   0   0   0   0  51  26   0   3   1   0   0   0   0   0  18  1.25 0.43
  238 G     0  -1   0  -3  -5  -3  -4   6  -4  -6  -6  -2  -5  -6  -4   3  -3  -5  -5  -5    4   3   5   0   0   0   0  59   0   0   0   2   0   0   0  27   0   0   0   0  1.23 0.41
  239 A     3  -3  -2  -3  -3  -3  -3   4  -3  -5  -5  -3  -4  -5  -3   4  -2  -5  -4  -4   23   0   0   0   0   0   0  40   0   0   0   0   0   0   0  37   0   0   0   0  0.94 0.31

                      K         Lambda
Standard Ungapped    0.1374     0.3212
Standard Gapped      0.0641     0.2670
PSI Ungapped         0.2094     0.3176
PSI Gapped           0.0641     0.2670
