
Last position-specific scoring matrix computed, weighted observed percentages rounded down, information per position, and relative weight of gapless real matches to pseudocounts
           A  R  N  D  C  Q  E  G  H  I  L  K  M  F  P  S  T  W  Y  V   A   R   N   D   C   Q   E   G   H   I   L   K   M   F   P   S   T   W   Y   V
    1 V    0 -3 -3 -3 -1 -2 -3 -3 -3  3  1 -2  1 -1 -3 -2  0 -3 -1  4    0   0   0   0   0   0   0   0   0   0   0   0   0   0   0   0   0   0   0 100  0.34 0.00
    2 M   -1 -1  3  0 -2  0 -1 -1 -1  0  0 -1  3 -2 -2  0  2 -3 -2  0    0   0  34   0   0   0   0   0   0   0   0   0  33   0   0   0  33   0   0   0  0.21 0.00
    3 V    0 -3 -3 -3 -1 -2 -3 -3 -3  3  1 -2  1 -1 -3 -2  0 -3 -1  4    0   0   0   0   0   0   0   0   0   0   0   0   0   0   0   0   0   0   0 100  0.34 0.00
    4 F   -2 -3 -3 -4 -3 -3 -3 -3 -1  0  0 -3  0  7 -4 -3 -2  1  3 -1    0   0   0   0   0   0   0   0   0   0   0   0   0 100   0   0   0   0   0   0  0.73 0.00
    5 I   -1 -3 -3 -3 -1 -3 -3 -4 -4  4  2 -3  1  0 -3 -3 -1 -3 -1  3    0   0   0   0   0   0   0   0   0 100   0   0   0   0   0   0   0   0   0   0  0.40 0.01
    6 S    1 -1  0 -1 -1  0  0 -1 -1 -2 -2  0 -1 -2 -1  3  3 -3 -2 -1    0   0   0   0   0   0   0   0   0   0   0   0   0   0   0  60  40   0   0   0  0.39 0.00
    7 S    2 -1  0 -1 -1 -1 -1 -1 -1 -2 -2 -1 -1 -2 -1  3  3 -3 -2 -1   28   0   0   0   0   0   0   0   0   0   0   0   0   0   0  44  28   0   0   0  0.34 0.01
    8 S    0 -1  5  1 -2  0  0  0  0 -3 -3  0 -2 -3 -2  3  1 -4 -2 -3    0   0  56   0   0   0   0   0   0   0   0   0   0   0   0  44   0   0   0   0  0.50 0.02
    9 L    1 -2 -3 -3 -1 -2 -2 -2 -3  1  3 -2  1  0 -2 -1 -1 -2 -1  1   28   0   0   0   0   0   0   0   0   0  72   0   0   0   0   0   0   0   0   0  0.27 0.01
   10 N   -1  0  4  0 -2  0  0 -1  0 -2 -3  2 -2 -3 -2  1  2 -3 -2 -2    0   0  44   0   0   0   0   0   0   0   0  28   0   0   0   0  28   0   0   0  0.37 0.01
   11 S    0 -1  1  3 -2  0  0 -1 -1 -2 -3 -1 -2 -3 -1  3  2 -3 -2 -2    0   0   0  28   0   0   0   0   0   0   0   0   0   0   0  57  15   0   0   0  0.40 0.01
   12 F   -3 -3 -3 -4 -3 -4 -4 -3 -1  0  0 -3  0  7 -4 -3 -2  1  3 -1    0   0   0   0   0   0   0   0   0   0   0   0   0 100   0   0   0   0   0   0  0.83 0.03
   13 R    0  4 -1 -1 -3  0  0 -2 -1 -3 -3  1 -2 -3  4  2  0 -3 -2 -2    0  44   0   0   0   0   0   0   0   0   0   0   0   0  28  28   0   0   0   0  0.58 0.01
   14 S    2 -1 -1 -1 -1  0 -1 -1 -1 -1  0 -1  3 -2 -1  3  1 -3 -2 -1   28   0   0   0   0   0   0   0   0   0   0   0  28   0   0  44   0   0   0   0  0.22 0.01
   15 E   -1  0  0  4 -4  3  4 -2  0 -3 -3  0 -2 -4 -1  0 -1 -3 -2 -3    0   0   0  28   0  15  57   0   0   0   0   0   0   0   0   0   0   0   0   0  0.63 0.01
   16 K    1  2 -1 -1 -3  1  0 -1 -1 -3 -3  5 -1 -3 -1  0 -1 -3 -2 -2   22   0   0   0   0   0   0   0   0   0   0  78   0   0   0   0   0   0   0   0  0.43 0.03
   17 R   -1  5  3 -1 -4  1  0 -2  0 -3 -3  3 -2 -3 -2  0 -1 -3 -2 -3    0  57  21   0   0   0   0   0   0   0   0  23   0   0   0   0   0   0   0   0  0.55 0.02
   18 Y   -2 -2 -3 -4 -3 -2 -3 -3  1 -1 -1 -3 -1  5 -4 -2 -2  2  6 -1    0   0   0   0   0   0   0   0   0   0   0   0   0  43   0   0   0   0  57   0  0.81 0.03
   19 S    1 -1  0 -1 -1 -1 -1 -1 -1 -3 -3 -1 -2 -3  4  4  1 -3 -2 -2    0   0   0   0   0   0   0   0   0   0   0   0   0   0  23  77   0   0   0   0  0.59 0.03
   20 R    1  3 -2 -2 -2  0 -1 -2 -2 -1  1  0  0 -2  4 -1 -1 -3 -2 -1   23  34   0   0   0   0   0   0   0   0  21   0   0   0  22   0   0   0   0   0  0.34 0.02
   21 S    0 -1  0  3 -2  2  0  2 -1 -3 -3  0 -2 -3 -1  2  0 -3 -2 -3    0   0   0  21   0  22   0  23   0   0   0   0   0   0   0  34   0   0   0   0  0.36 0.02
   22 L   -1 -2 -3 -4 -2 -1 -3 -4 -2  1  4 -2  5  0 -3 -2 -1 -2 -1  1    0   0   0   0   0   0   0   0   0   0  55   0  45   0   0   0   0   0   0   0  0.42 0.03
   23 T    0  0  0 -1 -1  0  0 -1 -1 -2 -2  2 -1 -3 -1  3  3 -3 -2 -1    0   0   0   0   0   0   0   0   0   0   0  21   0   0   0  45  34   0   0   0  0.34 0.02
   24 I   -1 -3 -3 -4 -1 -3 -3 -4 -3  4  2 -3  1  0 -3 -2 -1 -3 -1  3    0   0   0   0   0   0   0   0   0  44  23   0   0   0   0   0   0   0   0  34  0.36 0.02
   25 A    2  0  3  0 -2  1  2 -1 -1 -3 -3  2 -2 -3 -1  0  0 -3 -2 -2   34   0  23   0   0   0  22   0   0   0   0  21   0   0   0   0   0   0   0   0  0.28 0.02
   26 E    1 -1  0  4 -3  0  3 -1 -1 -3 -3  0 -2 -3 -1  0 -1 -4 -3 -2   22   0   0  43   0   0  34   0   0   0   0   0   0   0   0   0   0   0   0   0  0.51 0.02
   27 F   -2 -3 -3 -4 -2 -3 -3 -4 -2  1  2 -3  1  5 -3 -2 -2  0  2  1    0   0   0   0   0   0   0   0   0   0  23   0   0  55   0   0   0   0   0  22  0.43 0.02
   28 K   -1  2  0 -1 -3  1  1 -2 -1 -3 -3  5 -2 -4 -1  0 -1 -3 -2 -3    0   0   0   0   0   0   0   0   0   0   0 100   0   0   0   0   0   0   0   0  0.62 0.04
   29 C   -1  0 -1  0  6  1  3 -2 -1 -3 -2  2 -2 -3 -2 -1 -1 -3 -2 -2    0   0   0   0  34   0  43   0   0   0   0  23   0   0   0   0   0   0   0   0  0.49 0.03
   30 K   -1  2  0 -1 -3  1  1 -2 -1 -3 -3  5 -2 -4 -1  0 -1 -3 -2 -3    0   0   0   0   0   0   0   0   0   0   0 100   0   0   0   0   0   0   0   0  0.62 0.04
   31 L   -2 -2 -4 -4 -2 -2 -3 -4 -3  1  4 -3  2  0 -3 -3 -1 -2 -1  1    0   0   0   0   0   0   0   0   0   0 100   0   0   0   0   0   0   0   0   0  0.53 0.03
   32 E   -2 -1 -1  0 -3  2  3 -3  0 -3 -2  0 -2  0 -2 -1 -2  7  3 -2    0   0   0   0   0  12  45   0   0   0   0   0   0   0   0   0   0  22  21   0  0.62 0.03
   33 L   -1  2 -2 -3 -2  0 -1 -3 -2  0  3  2  1 -1 -2 -2 -1 -2 -2  0    0  21   0   0   0   0   0   0   0   0  57  22   0   0   0   0   0   0   0   0  0.23 0.02
   34 V   -1 -1 -2 -3 -2 -1 -2 -3 -2  1  1  1  0  3 -2 -2 -1 -2  0  2    0   0   0   0   0   0   0   0   0   0  12  22   0  21   0   0   0   0   0  46  0.15 0.02
   35 V    0 -3 -3 -4  5 -3 -3 -3 -3  2  0 -3  0 -1 -3 -2  0 -3 -2  4    0   0   0   0  22   0   0   0   0   0   0   0   0   0   0   0   0   0   0  78  0.42 0.03
   36 G    0 -3 -1 -2 -3 -2 -2  6 -2 -4 -4 -2 -3 -4 -2  0 -2 -3 -3 -4    0   0   0   0   0   0   0 100   0   0   0   0   0   0   0   0   0   0   0   0  1.13 0.03
   37 S    0 -1  0 -1 -1 -1 -1 -1 -2 -1 -2 -1 -1 -3 -1  3  4 -3 -2 -1    0   0   0   0   0   0   0   0   0   0   0   0   0   0   0  34  66   0   0   0  0.45 0.03
   38 P    0 -1 -1  0 -2  0  2 -2 -1 -2 -3  0 -2 -3  5  2  2 -3 -2 -2    0   0   0   0   0   0  21   0   0   0   0   0   0   0  34  22  23   0   0   0  0.62 0.02
   39 A    2 -2 -2 -2 -1 -2 -2 -2 -3  1 -1 -2  0 -2  4  0  0 -3 -2  2   34   0   0   0   0   0   0   0   0   0   0   0   0   0  21   0   0   0   0  45  0.33 0.02
   40 S    0  0  3  3 -2  0  0 -1 -1 -3 -3  2 -2 -3 -1  2  0 -4 -2 -3    0   0  22  23   0   0   0   0   0   0   0  21   0   0   0  34   0   0   0   0  0.37 0.02
   41 C    0 -2 -1 -2  6 -1 -2 -2 -1 -2 -2 -1 -2  0 -2  3  0 -1  3 -1    0   0   0   0  34   0   0   0   0   0   0   0   0   0   0  45   0   0  21   0  0.43 0.03
   42 M   -1 -2 -3 -4 -2 -1 -2 -3 -2  1  2 -2  7  0 -3 -2 -1 -2 -1  0    0   0   0   0   0   0   0   0   0   0   0   0 100   0   0   0   0   0   0   0  0.56 0.05
   43 E    1  3 -1  0 -3  1  4 -2 -1 -3 -3  1 -2 -3 -1  0 -1 -3 -2 -2   22  23   0   0   0   0  55   0   0   0   0   0   0   0   0   0   0   0   0   0  0.43 0.02
   44 L   -2 -3 -4 -4 -1 -3 -3 -4 -3  3  4 -3  2  0 -3 -3 -1 -2 -1  1    0   0   0   0   0   0   0   0   0  23  77   0   0   0   0   0   0   0   0   0  0.45 0.02
   45 E   -1  0 -1  1 -3  3  4 -3 -1  1 -1  0 -1 -3 -2 -1 -1 -3 -2 -1    0   0   0   0   0  23  57   0   0  21   0   0   0   0   0   0   0   0   0   0  0.40 0.02
   46 L   -2 -2 -4 -4 -2 -2 -3 -4 -3  1  4 -3  2  0 -3 -3 -1 -2 -1  1    0   0   0   0   0   0   0   0   0   0 100   0   0   0   0   0   0   0   0   0  0.53 0.03
   47 Y   -2  2 -2 -3 -3 -1 -2 -3  1 -2 -1 -1 -1  4 -3 -2 -2  1  6 -2    0  21   0   0   0   0   0   0   0   0   0   0   0  23   0   0   0   0  57   0  0.60 0.03
   48 G   -1 -2  1  5 -3 -1  1  3 -2 -4 -4 -1 -3 -4 -2  0 -1 -4 -3 -4    0   0   0  66   0   0   0  34   0   0   0   0   0   0   0   0   0   0   0   0  0.73 0.03
   49 A    0 -2  0  3 -3  0  2  2 -2 -2 -2 -1 -2 -3  2  0 -1 -3 -3 -1   11   0   0  22   0   0  21  23   0   0   0   0   0   0  12   0   0   0   0  12  0.30 0.01
   50 D   -1 -1  3  5 -3  0  1 -1 -1 -3 -4 -1 -3 -3 -2  2  0 -4 -3 -3    0   0  21  57   0   0   0   0   0   0   0   0   0   0   0  22   0   0   0   0  0.61 0.02
   51 D   -1 -2  3  5 -3 -1  1  2 -1 -4 -4 -1 -3 -4 -2  0 -1 -4 -3 -3    0   0  21  57   0   0   0  22   0   0   0   0   0   0   0   0   0   0   0   0  0.64 0.02
   52 K    0  1  0  3 -3  3  1 -1 -1 -3 -3  3 -2 -3 -1  2  0 -3 -2 -3    0   0   0  21   0  23   0   0   0   0   0  34   0   0   0  22   0   0   0   0  0.37 0.02
   53 F   -2 -1 -2 -3 -2 -1 -2 -3 -2  2  2  1  1  4 -3 -2 -1 -1  1  0    0   0   0   0   0   0   0   0   0  21  23  22   0  34   0   0   0   0   0   0  0.21 0.01
   54 Y   -1 -1 -2 -3  6 -1 -2 -3 -1  0 -1  1 -1  0 -3 -1 -1 -1  3  1    0   0   0   0  32   0   0   0   0   0   0  23   0   0   0   0   0   0  23  22  0.31 0.02
   55 S    2  0 -1 -1  3  0 -1  2 -2 -2 -2  1 -2 -3 -1  2  0 -3 -2 -2   22   0   0   0  12   0   0  23   0   0   0  21   0   0   0  23   0   0   0   0  0.27 0.01
   56 K   -1  0 -1 -1 -2  0  2 -3 -2  2  0  2  0 -2 -2 -1 -1 -3 -2  1    0   0   0   0   0   0  23   0   0  21   0  34   0   0   0   0   0   0   0  22  0.16 0.01
   57 L   -2 -2 -2  2 -2 -2 -1 -3 -3  1  4 -2  1  0 -3 -2 -1 -2 -2  0    0   0   0  21   0   0   0   0   0   0  79   0   0   0   0   0   0   0   0   0  0.32 0.02
   58 D   -1 -2  1  5 -2  0  1 -1 -1 -3 -3 -1 -2 -3 -1  2  2 -4 -3 -2    0   0   0  55   0   0   0   0   0   0   0   0   0   0   0  22  23   0   0   0  0.52 0.02
   59 Q   -2 -1  1  5 -4  3  2 -2 -1 -3 -3  0 -2 -4 -2  0 -1 -4 -3 -3    0   0   0  66   0  34   0   0   0   0   0   0   0   0   0   0   0   0   0   0  0.71 0.03
   60 E   -1 -2  1  5 -4  0  3  2 -1 -4 -4 -1 -3 -4 -2  0 -1 -4 -3 -3    0   0   0  55   0   0  23  23   0   0   0   0   0   0   0   0   0   0   0   0  0.62 0.02
   61 D    1 -2  1  5 -2 -1  1 -1 -1 -3 -3 -1 -2 -3 -1  2  0 -4 -3 -2   23   0   0  55   0   0   0   0   0   0   0   0   0   0   0  22   0   0   0   0  0.49 0.02
   62 A    2  3 -1 -1 -2  1  0 -1 -1 -2 -2  3 -1 -3 -1  0 -1 -3 -2 -2   34  22   0   0   0   0   0   0   0   0   0  43   0   0   0   0   0   0   0   0  0.34 0.02
   63 L    0 -2 -1 -2 -2 -1 -1 -2 -2  0  2 -1  0 -1  4  1  2 -3 -2  0    0   0   0   0   0   0   0   0   0   0  34   0   0   0  22  23  21   0   0   0  0.32 0.01
   64 L   -2 -2 -4 -4 -2 -2 -3 -4 -3  1  4 -3  2  0 -3 -3 -1 -2 -1  1    0   0   0   0   0   0   0   0   0   0 100   0   0   0   0   0   0   0   0   0  0.53 0.03
   65 G    0 -1 -1 -1 -3 -1 -1  5 -2 -4 -4  2 -3 -3 -2  0 -2 -3 -3 -3    0   0   0   0   0   0   0  77   0   0   0  23   0   0   0   0   0   0   0   0  0.77 0.03
   66 S    0 -2  0  3 -2 -1  0 -1 -1 -2 -2 -1 -2  3 -2  3  0 -2  0 -2    0   0   0  23   0   0   0   0   0   0   0   0   0  22   0  55   0   0   0   0  0.28 0.02
   67 Y   -2 -2 -3 -4 -2 -2 -3 -4  0  0  1 -3  0  4 -3 -2 -2  1  6 -1    0   0   0   0   0   0   0   0   0   0  23   0   0  22   0   0   0   0  55   0  0.60 0.03
   68 P    0 -1 -1  0 -3  0  2  2 -1 -3 -3 -1 -2 -3  5  1  0 -3 -3 -3    0   0   0   0   0   0  21  23   0   0   0   0   0   0  34  22   0   0   0   0  0.64 0.02
   69 V   -1 -3 -3 -3 -2 -2 -2 -3 -3  1  0 -2  0 -2  5 -1 -1 -4 -2  3    0   0   0   0   0   0   0   0   0   0   0   0   0   0  43   0   0   0   0  57  0.71 0.03
   70 D   -2  3  0  3 -3  0  0 -2 -1 -2 -2  2 -2  2 -2 -1 -1 -2  0 -2    0  23   0  34   0   0   0   0   0   0   0  21   0  22   0   0   0   0   0   0  0.31 0.02
   71 D   -2 -2  1  7 -4 -1  1 -2 -1 -4 -4 -1 -3 -4 -2  0 -1 -5 -4 -4    0   0   0 100   0   0   0   0   0   0   0   0   0   0   0   0   0   0   0   0  1.05 0.04
   72 G    0 -3 -1 -2 -3 -2 -2  6 -2 -4 -4 -2 -3 -4 -2  0 -2 -3 -3 -4    0   0   0   0   0   0   0 100   0   0   0   0   0   0   0   0   0   0   0   0  1.13 0.03
   73 C   -1 -3 -3 -4  6 -2 -3 -3 -1 -1  0 -3  3  3 -3 -2 -1  0  4 -1    0   0   0   0  34   0   0   0   0   0   0   0  21  22   0   0   0   0  23   0  0.48 0.03
   74 R   -2  6  3 -1 -4  1  0 -2  0 -3 -3  2 -2 -3 -2 -1 -1 -3 -2 -3    0  79  21   0   0   0   0   0   0   0   0   0   0   0   0   0   0   0   0   0  0.67 0.03
   75 I   -1 -3 -4 -4 -1 -3 -3 -4 -3  4  2 -3  1  0 -3 -2 -1 -3 -1  3    0   0   0   0   0   0   0   0   0  57  22   0   0   0   0   0   0   0   0  21  0.38 0.02
   76 H   -2 -1  0 -1 -3  0  0 -2  9 -4 -3 -1 -2 -2 -3 -1 -2 -3  2 -4    0   0   0   0   0   0   0   0 100   0   0   0   0   0   0   0   0   0   0   0  1.10 0.05
   77 V    1 -3 -3 -3 -1 -2 -3 -2 -3  3  1 -2  1 -1 -2 -1  0 -3 -2  3   23   0   0   0   0   0   0   0   0  43   0   0   0   0   0   0   0   0   0  34  0.26 0.02
   78 I   -1 -3 -4 -4 -1 -3 -3 -4 -4  4  1 -3  1  0 -3 -2 -1 -3 -2  3    0   0   0   0   0   0   0   0   0  77   0   0   0   0   0   0   0   0   0  23  0.43 0.03
   79 D   -2 -2  1  7 -4 -1  1 -2 -1 -4 -4 -1 -3 -4 -2  0 -1 -5 -4 -4    0   0   0 100   0   0   0   0   0   0   0   0   0   0   0   0   0   0   0   0  1.05 0.04
   80 H   -1 -1  0 -2 -2  0 -1 -3  7  0 -1 -1 -1 -1 -2 -1 -1 -3  1  2    0   0   0   0   0   0   0   0  60   0   0   0   0   0   0   0   0   0   0  40  0.38 0.01
   81 S    1 -1  0 -1 -1  0  0 -1 -1 -2 -2  0 -1 -2 -1  3  3 -3 -2 -1    0   0   0   0   0   0   0   0   0   0   0   0   0   0   0  60  40   0   0   0  0.39 0.00
   82 G    0 -3  0 -1 -3 -2 -2  6 -2 -4 -4 -2 -3 -3 -2  0 -2 -3 -3 -3    0   0   0   0   0   0   0 100   0   0   0   0   0   0   0   0   0   0   0   0  1.05 0.01

                      K         Lambda
Standard Ungapped    0.1360     0.3196
Standard Gapped      0.0416     0.2670
PSI Ungapped         0.1359     0.3180
PSI Gapped           0.0416     0.2670
