
Last position-specific scoring matrix computed, weighted observed percentages rounded down, information per position, and relative weight of gapless real matches to pseudocounts
            A   R   N   D   C   Q   E   G   H   I   L   K   M   F   P   S   T   W   Y   V   A   R   N   D   C   Q   E   G   H   I   L   K   M   F   P   S   T   W   Y   V
    1 M    -1  -1  -2  -3  -1   0  -2  -3  -2   1   2  -1   5   0  -2  -1  -1  -1  -1   1    0   0   0   0   0   0   0   0   0   0   0   0   0   0   0   0   0   0   0   0  0.00     0.00
    2 T     0  -1   0  -1  -1  -1  -1  -2  -2  -1  -1  -1  -1  -2  -1   1   5  -3  -2   0    0   0   0   0   0   0   0   0   0   0   0   0   0   0   0   0 100   0   0   0  0.48 0.00
    3 S     0  -1   1  -1  -2   0   0  -1   5  -3  -3   0  -2  -2  -1   3   1  -3   0  -2    0   0   0   0   0   0   0   0  33   0   0   0   0   0   0  67   0   0   0   0  0.42 0.02
    4 F    -2   0  -1  -2  -3  -1  -1  -3   3  -2  -2   2  -1   3  -3  -2  -2   0   5  -2    0   0   0   0   0   0   0   0  13   0   0  28   0  17   0   0   0   0  42   0  0.51 0.06
    5 T    -1  -2   2  -1  -2  -1  -1  -2  -2  -2  -2  -1  -2  -3  -2   2   5  -3  -2  -1    0   0  13   0   0   0   0   0   0   0   0   0   0   0   0  11  76   0   0   0  0.69 0.14
    6 I     0   4  -2  -3  -2  -1  -1  -3  -2   1   0   1   0  -2  -3   0  -1  -3  -2   2    8  36   0   0   0   0   0   0   0   6  10   5   0   0   0   9   0   0   0  25  0.24 0.08
    7 P    -2  -3   4  -2  -3  -2  -2  -3  -2   2   0  -2  -1  -3   5  -1   0  -4  -3  -1    0   0  28   0   0   0   0   0   0  25   8   0   0   0  33   0   6   0   0   0  0.61 0.15
    8 G     1  -3   0   3  -3  -2  -1   5  -2  -4  -4  -2  -3  -4  -2   0  -2  -4  -4  -3   14   0   4  24   0   0   0  51   0   0   0   0   0   0   0   7   0   0   0   0  0.69 0.14
    9 L     0  -3  -4  -4  -2  -3  -4  -4  -4   1   4  -3   4  -1  -4  -3  -2  -3  -2   2    7   0   0   0   0   0   0   0   0   5  56   0  15   0   0   0   0   0   0  18  0.58 0.17
   10 S     0  -1   0   3  -3  -1   2   0  -2  -3  -3   1  -3  -4   3   1   1  -4  -3  -3    9   0   0  25   0   0  11   7   0   0   0  14   0   0  13  12   9   0   0   0  0.39 0.11
   11 D    -1   0   0   4  -3   0   3  -2   1  -3  -3   0  -2  -4   0   0   2  -4  -3  -1    4   5   0  26   0   0  24   0   5   0   0   5   0   0   3   3  20   0   0   5  0.38 0.13
   12 K     1  -1   0   2  -2   1   2  -2   1  -1  -3   1  -2  -3  -2   2   0  -4  -2  -1   17   0   3  10   0   5  12   0   4   5   0  11   0   0   0  28   0   0   0   5  0.24 0.10
   13 K     0   1   0   2  -3   2   1  -2  -2   0  -2   1  -1  -3  -2  -1   1  -4  -2   1    8   9   5  15   0  14   6   0   0   3   0  10   0   0   0   0  12   0   0  18  0.18 0.09
   14 A     1   2  -1  -2  -2   0  -1   0  -2  -2  -1   3  -1   0  -2   1   1  -3  -2  -1   18  12   0   0   0   3   0   5   0   0   6  24   0   5   0  13   9   0   0   5  0.18 0.09
   15 S     1   0  -1  -1  -2   2   2  -2   1  -1  -2   2  -1  -3  -2   1   1  -3  -2   0   18   0   0   0   0  15  13   0   4   4   2  15   0   0   0  11  11   0   0   6  0.21 0.10
   16 D     1  -1   0   1  -2   2   0  -1  -1  -2   0   2  -1  -2   1   1   1  -3   0  -2   11   0   2   9   0  13   4   3   0   0  11  16   0   0   8   9   8   0   4   0  0.15 0.08
   17 V    -1  -3  -2  -3   1  -2  -3  -3  -3   2   0  -2   0  -2  -3   1   3  -3  -2   3    2   0   0   0   3   0   0   0   0  15   7   0   0   0   0   9  25   0   0  36  0.37 0.16
   18 A     2  -2  -3  -3   4  -2  -1  -3  -3   3  -1   0  -1   0  -3  -1   1  -3  -2   2   21   0   0   0  12   0   3   0   0  24   0   7   0   4   0   0   9   0   0  19  0.25 0.13
   19 D    -1  -1   1   2  -4   3   4  -1  -1  -3  -3   2  -2  -4  -2  -1  -2  -4  -3  -2    5   0   6  11   0  13  40   3   0   0   0  15   0   0   0   0   0   0   0   4  0.52 0.17
   20 L     1   0  -2  -2  -2   1  -1   1  -2   1   1   0   0   0  -2   0   0  -3  -2   1   17   5   0   0   0   8   0  12   0   9  17   4   0   3   0   6   5   0   0  13  0.08 0.06
   21 L    -3  -4  -5  -5  -3  -4  -5  -5  -5   0   6  -4   1  -1  -5  -4  -3  -3  -3   0    0   0   0   0   0   0   0   0   0   0  97   0   0   0   0   0   0   0   0   3  1.21 0.32
   22 Q    -3   0   7  -1  -4   3  -1  -2  -1  -4  -2   1  -3  -4  -3   0  -2  -5  -3  -4    0   4  64   0   0  17   0   0   0   0   4   7   0   0   0   4   0   0   0   0  1.00 0.29
   23 K    -1   4   1  -1  -4   3   1  -1   2  -3  -3   2   0  -4  -3  -1  -1  -4  -2  -1    3  26   5   0   0  20   8   4   7   0   0  15   4   0   0   0   3   0   0   4  0.40 0.15
   24 Q     0   0   0   0  -3   3  -1  -3   1   0   2  -1   2  -2  -3  -1   0  -3  -2   0   11   4   4   7   0  26   0   0   4   4  24   0   6   0   0   3   5   0   0   4  0.18 0.12
   25 L    -2  -3  -4  -4  -2   1  -3  -5  -4   1   4  -3   0  -1  -4  -3  -2  -3  -2   4    0   0   0   0   0   8   0   0   0   0  54   0   0   0   0   0   0   0   0  37  0.67 0.23
   26 S     5  -3  -3  -3  -2   0  -2  -2  -3   1  -2  -2  -2  -3  -2   1   1  -4  -3   0   71   0   0   0   0   4   0   0   0   9   0   0   0   0   0   7   7   0   0   3  0.67 0.25
   27 T    -2  -2   4   5  -4   1   1  -1  -2  -4  -4  -1  -3  -4  -3   1   1  -5  -3  -3    0   0  21  37   0   7   8   4   0   0   0   0   0   0   0  11  12   0   0   0  0.63 0.19
   28 Y     0  -3  -3  -4  -2  -3  -3  -3  -3  -1   2  -3   0   3  -4  -1   1   6   2   0    8   0   0   0   0   0   0   0   0   0  32   0   0  19   0   3  11  13   8   6  0.46 0.16
   29 N    -2  -2   2  -2  -3   3  -1  -1   1   3  -2  -1  -1   0  -3   0   0  -2   2   0    0   0  13   0   0  25   0   4   4  25   0   0   0   3   0   9   3   0  10   4  0.25 0.16
   30 D     0  -2  -2   3  -2  -2   0  -3   1   0   0  -1  -1   0  -3  -1   0  -4  -2   3   10   0   0  22   0   0   4   0   4   0   6   3   0   4   0   4   3   0   0  40  0.24 0.15
   31 L    -1  -4  -5  -5  -3  -3  -4  -5  -4   0   5  -4   2   2  -4  -3  -3  -2   1  -1    7   0   0   0   0   0   0   0   0   0  79   0   3   7   0   0   0   0   4   0  0.82 0.25
   32 H     1  -3  -2  -3  -3   0  -2  -3   3  -3  -2  -2  -2   2  -3   1  -1   3   6  -2   11   0   0   0   0   5   0   0   7   0   3   0   0   6   0  14   3   4  45   0  0.70 0.23
   33 L    -1  -3  -3  -3  -2  -2  -3  -3   0   1   3  -3   2  -1  -3   1   0  -3  -2   2    4   0   0   0   0   0   0   0   3   4  47   0   4   0   0  13   6   0   0  19  0.35 0.15
   34 T    -2   0   1  -2  -3   3  -1  -3  -2   3   0   4  -1  -3  -3  -2   0  -4  -3   0    0   0   8   0   0  20   0   0   0  24   6  36   0   0   0   0   4   0   0   3  0.39 0.19
   35 L    -2  -3  -3  -4  -2  -3  -3  -4  -2   1   3  -3   0   2  -3  -2   3  -2   3   1    0   0   0   0   0   0   0   0   0   3  35   0   0   8   0   0  30   0  12  11  0.42 0.18
   36 K    -3   2  -1  -2  -5   2  -1  -3   7  -5  -4   5  -3  -4  -3  -2  -3  -4  -1  -4    0   8   0   0   0   8   0   0  38   0   0  46   0   0   0   0   0   0   0   0  1.10 0.30
   37 H    -2   0   4  -1  -4   5   0   0   3  -4  -4   3  -3  -4  -3  -1  -2  -4  -3  -4    0   3  26   0   0  34   0   8   7   0   0  23   0   0   0   0   0   0   0   0  0.69 0.23
   38 V     2  -3  -3  -4   1  -2  -3  -3   4   0  -2  -3  -2   4  -3  -2  -2  -1   5   1   28   0   0   0   4   0   0   0  12   3   0   0   0  19   0   0   0   0  25  10  0.51 0.19
   39 H    -4  -3  -2  -3  -5  -2  -2  -4  11  -6  -5  -3  -4  -4  -5  -3  -4  -5   0  -6    0   0   0   0   0   0   0   0 100   0   0   0   0   0   0   0   0   0   0   0  2.78 0.52
   40 W    -5  -5  -6  -7  -5  -5  -6  -5  -5  -5  -4  -6  -4   2  -6  -5  -5  12   0  -5    0   0   0   0   0   0   0   0   0   0   0   0   0   8   0   0   0  92   0   0  3.75 0.57
   41 N    -3  -2   6   1  -4  -2  -2  -1   2  -4  -4  -2  -3  -2  -4  -1   0  -3   4  -2    0   0  56   7   0   0   0   4   4   0   0   0   0   0   0   0   4   0  21   4  0.87 0.27
   42 V    -2  -4  -4  -5  -3  -3  -4  -5  -4   3   0  -4   6  -2  -4  -3  -2  -4  -3   5    0   0   0   0   0   0   0   0   0  15   3   0  30   0   0   0   0   0   0  52  0.88 0.27
   43 V    -2   5   0  -2  -4   1   1  -3  -1  -2  -3   3  -2  -3  -3   0   0  -3   0   0    0  37   2   0   0   4   8   0   0   0   0  24   0   0   0   5   6   0   4  11  0.48 0.17
   44 G    -2  -4  -2  -3  -4  -4  -4   7  -4  -6  -6  -3  -5  -5  -4  -2  -3  -4  -5  -5    0   0   0   0   0   0   0 100   0   0   0   0   0   0   0   0   0   0   0   0  1.92 0.37
   45 P     2   0  -1  -2  -2  -2  -2  -2   0  -1  -1   0  -2  -3   5   0   1  -4  -3  -1   27   7   2   0   0   0   0   0   3   4   4   3   0   0  30   5   9   0   0   4  0.50 0.15
   46 N    -2  -1   4   1  -4   3   3   0   2  -3  -2  -1  -2  -1  -3  -1   0  -4  -2  -3    0   0  29   7   0  20  19   7   5   0   5   0   0   4   0   0   4   0   0   0  0.44 0.17
   47 F    -2  -5  -5  -6  -4  -5  -5  -5  -3  -2  -2  -5  -2   8  -6  -4  -4   4   1  -3    4   0   0   0   0   0   0   0   0   0   0   0   0  91   0   0   0   5   0   0  1.88 0.40
   48 I    -3   2  -3  -4  -3  -3  -3  -4  -2   3   0  -1   1   5  -4  -3  -2  -1   4   0    0  14   0   0   0   0   0   0   0  24   3   4   3  33   0   0   0   0  17   1  0.57 0.20
   49 G     2  -2   0   1  -2   1  -1   1  -2  -1  -2  -1  -2  -3  -2   2   2  -3  -1  -1   22   0   4  10   0   8   0   8   0   3   0   0   0   0   0  16  22   0   3   4  0.24 0.12
   50 V    -2  -4  -5  -5  -2  -4  -4  -5  -4   2   4  -4   0  -1  -4  -4  -2   2  -2   4    0   0   0   0   0   0   0   0   0   4  58   0   0   0   0   0   0   3   0  34  0.75 0.23
   51 H    -4  -3  -2  -3  -5  -2  -2  -4  11  -6  -5  -3  -4  -4  -5  -3  -4  -5   0  -6    0   0   0   0   0   0   0   0 100   0   0   0   0   0   0   0   0   0   0   0  2.78 0.52
   52 E    -1  -2  -2  -1  -4   1   6  -4  -2  -3   0   0  -2  -4   1  -2  -2  -4  -3  -3    4   0   0   0   0   3  68   0   0   0  14   4   0   0   7   0   0   0   0   0  0.84 0.27
   53 M     0  -1  -3  -3  -3   0  -2  -3  -2  -1   2   3   5   2  -3  -2  -2  -2   1  -1    8   0   0   0   0   4   0   0   0   0  19  27  26  12   0   0   0   0   4   0  0.39 0.19
   54 I    -3  -3  -4  -4  -3  -3  -4  -4  -3   0   3  -3   3   5  -4  -3   0   2   2  -1    0   0   0   0   0   0   0   0   0   4  35   0  10  32   0   0   8   3   8   0  0.61 0.19
   55 D    -3  -2   1   5  -5   1   5  -1  -2  -5  -5  -1  -4  -5  -3  -2  -2  -5  -4  -4    0   0   4  44   0   5  44   3   0   0   0   0   0   0   0   0   0   0   0   0  1.04 0.27
   56 P    -2  -1  -1   2  -4   0   4   1  -2  -4  -4   2  -3  -4   0   0   0  -4  -3  -4    0   0   0  13   0   0  45  13   0   0   0  12   0   0   4   8   5   0   0   0  0.57 0.19
   57 Q     0  -2  -2  -3  -3   1  -2  -3   3   1   1  -2   1   4  -3   0  -2  -1   2  -1    8   0   0   0   0  11   0   0  12   8  17   0   4  25   0   8   0   0   7   0  0.29 0.14
   58 V     0   3  -3  -4  -4  -2  -3  -4  -1  -1  -2  -2   2   0  -4  -3  -3   0   7   0    7  18   0   0   0   0   0   0   0   4   0   0   7   0   0   0   0   0  56   7  0.94 0.29
   59 E    -1  -2   2   2  -3   1   3  -1  -2  -3  -3  -1  -2  -4  -2   0   3  -4  -3  -1    4   0  13  14   0   4  27   4   0   0   0   0   0   0   0   3  27   0   0   4  0.42 0.16
   60 L     1  -1   0   1  -3   1   4   0   1  -3  -2   0  -2  -4  -2   1   0  -4  -3  -3   13   0   4   4   0   3  44   5   3   0   4   3   0   0   0  12   5   0   0   0  0.42 0.16
   61 V     0  -3  -3  -4  -2  -1  -3  -3  -3   3   2  -3   2   1  -3  -1   0  -3  -1   2   11   0   0   0   0   4   0   0   0  21  28   0   4   7   0   2   3   0   0  19  0.29 0.11
   62 R     2   1   0   0  -2   0   0   0  -2   0  -1   0  -1  -1  -2   1   1  -3  -2   0   24   7   5   6   0   4   3   6   0   5   6   4   0   4   0   8  13   0   0   5  0.09 0.06
   63 G    -1  -2   0   4  -4  -1   3   2  -2  -3  -2   0  -3  -4   0  -1   1  -4  -3  -3    4   0   3  25   0   0  27  18   0   0   3   5   0   0   4   0  12   0   0   0  0.42 0.15
   64 Y     0   0   0  -3  -3   0  -2  -3   6  -2   0  -1   1   2  -3  -1  -1  -2   3  -1    7   4   3   0   0   3   0   0  34   0   8   4   4   9   0   4   3   0  13   3  0.45 0.17
   65 A     1  -3  -3  -4  -2   0  -3  -2  -3   3   2  -3   2   2  -3  -2  -1  -3  -1   2   12   0   0   0   0   6   0   3   0  25  15   0   5  12   0   0   0   0   0  22  0.28 0.12
   66 D    -4  -3  -1   8  -6  -2   0  -3   3  -5  -6  -3  -5  -5  -3  -2  -3  -6  -4  -5    0   0   0  92   0   0   0   0   8   0   0   0   0   0   0   0   0   0   0   0  1.81 0.39
   67 E     0  -2   0   3  -4   0   4  -3  -2  -3  -4  -1  -3  -4  -2   0   3  -4  -3  -3    7   0   2  20   0   0  41   0   0   0   0   0   0   0   0   4  25   0   0   0  0.65 0.22
   68 V    -2  -3  -4  -4   2  -1  -4  -4  -4   4   2  -3   2   1  -4  -3  -2  -3  -2   3    0   0   0   0   4   4   0   0   0  35  23   0   6   5   0   0   0   0   0  23  0.50 0.16
   69 A     6  -3  -3  -3  -2  -2  -2   1  -3  -3  -3  -2  -3  -4  -2   1  -2  -4  -4  -2   85   0   0   0   0   0   0   8   0   0   0   0   0   0   0   7   0   0   0   0  1.02 0.31
   70 E    -3  -2  -2   0  -6   0   7  -4  -2  -5  -5  -1  -4  -5  -3  -2  -3  -5  -4  -5    0   0   0   0   0   0 100   0   0   0   0   0   0   0   0   0   0   0   0   0  1.76 0.42
   71 R    -3   8  -2  -4  -6  -1  -2  -4  -2  -5  -4   0  -3  -5  -4  -3  -3  -5  -4  -5    0 100   0   0   0   0   0   0   0   0   0   0   0   0   0   0   0   0   0   0  1.94 0.43
   72 I     0  -3  -4  -4  -2   0  -3  -4  -4   3   3  -3   2  -1  -3  -2  -1  -3  -2   3   10   0   0   0   0   5   0   0   0  25  32   0   4   0   0   0   0   0   0  25  0.43 0.15
   73 A     0   0   1  -3  -2   0  -2  -3  -3   1   3  -2   0  -1  -3  -2  -1  -3  -2   3    7   6   8   0   0   7   0   0   0   7  38   0   0   0   0   0   0   0   0  26  0.28 0.14
   74 T     2  -1  -1  -2  -3   5  -1   1  -2  -3  -3  -1  -2  -4  -2   1   3  -4  -3  -2   21   0   0   0   0  34   0   8   0   0   0   0   0   0   0  11  25   0   0   0  0.53 0.22
   75 L    -3  -4  -5  -5  -3  -4  -4  -5  -4   3   5  -4   1  -1  -4  -4  -2  -3  -3   1    0   0   0   0   0   0   0   0   0  18  77   0   0   0   0   0   0   0   0   5  0.92 0.25
   76 G    -2  -4   0  -1  -4  -3  -2   7  -4  -6  -5  -3  -4  -5  -4  -2  -3  -4  -5  -5    0   0   3   3   0   0   2  91   0   0   0   0   0   0   0   0   0   0   0   0  1.61 0.33
   77 K     1  -3  -2  -3  -4  -2  -1   6   1  -3  -4  -1  -3  -3  -3  -1  -3  -3   0  -1    9   0   0   0   0   0   4  68   4   0   0   4   0   0   0   0   0   0   4   7  0.89 0.23
   78 S     1  -1  -1  -2  -2   1  -1  -2   1   0  -2   2  -1  -1  -2   2   1  -3   0   2   10   0   0   0   0   7   0   0   4   2   0  16   0   3   0  19   9   0   3  27  0.17 0.13
   79 P     3  -3  -3  -3  -3  -3  -3  -3  -4  -4  -4  -3  -4  -5   7   0  -2  -5  -4  -3   34   0   0   0   0   0   0   0   0   0   0   0   0   0  61   5   0   0   0   0  1.53 0.32
   80 K    -1  -2   0   0  -2  -2  -1  -3   0   2   2  -1   0   2   1  -2  -1  -3  -1   1    4   0   8   5   0   0   4   0   3  13  28   4   0  10   7   0   0   0   0  13  0.14 0.09
   81 G     3  -3   1  -2  -2  -2  -2   4  -3  -3  -3  -2  -3  -4  -3   1   0  -4  -3  -1   32   0   8   0   0   0   0  42   0   0   0   0   0   0   0  10   4   0   0   4  0.61 0.19
   82 T     0   1  -1   0   2  -2  -2  -2   1  -2  -2  -1  -2  -3  -2   2   5  -4  -3  -2    8   9   0   4   4   0   0   0   4   0   4   0   0   0   0  17  50   0   0   0  0.50 0.21
   83 P     0  -2  -3  -3  -2   0  -2  -3  -2  -1   1  -2   3   1   3  -1   0  -2   1   0   10   0   0   0   0   4   0   0   0   0  19   0  15   8  19   4   6   0   7   8  0.30 0.12
   84 G     1   1  -1  -1  -3   3   1   0  -1  -1  -3   3  -2  -3  -2   1  -1  -3  -3  -2   10   4   0   0   0  19   7   8   0   6   0  29   0   0   0  16   0   0   0   0  0.32 0.14
   85 A     0  -1   0   0  -3   1   4  -1   1  -1  -2   0  -2  -3  -2  -1   1  -3  -2   1    9   0   4   4   0   4  36   3   4   2   2   4   0   0   0   0  11   0   0  15  0.25 0.12
   86 I     0  -3  -3  -3  -2  -3  -3  -3  -2   2   2  -3   0   3  -3  -1  -1  -1   4   1    8   0   0   0   0   0   0   0   0  15  20   0   0  17   0   6   2   0  19  12  0.32 0.12
   87 I     1  -2   1  -1  -2  -1  -2  -2  -2   1   2  -2   1  -1  -3   0   0  -3  -2   1   15   0  10   3   0   3   0   2   0   8  32   0   4   0   0   9   5   0   0   9  0.15 0.09
   88 K     1   1  -1   1  -4   1   4  -2  -2  -4  -4   3  -3  -4  -2   0  -1  -4  -3  -3   15   8   0   6   0   3  35   0   0   0   0  24   0   0   0   7   2   0   0   0  0.49 0.17
   89 D    -1  -1   2   0  -2   0   0  -2   0   1   1   1   0  -1  -2  -1   1  -3   0   0    5   1  14   4   0   2   6   0   3  10  22  10   0   0   0   0  14   0   4   4  0.09 0.08
   90 R     3   1  -1  -2  -2  -2  -2  -2  -3  -3  -3  -1  -2  -4  -2   3   3  -4  -3  -2   31   7   0   0   0   0   0   0   0   0   0   0   0   0   0  34  28   0   0   0  0.58 0.22
   91 T    -1   2  -1  -1   1   2   1   0  -2  -3  -3   1  -2  -4   2   2   1  -4  -3  -3    1  16   0   0   4  10   8   8   0   0   0   7   0   0  10  25  11   0   0   0  0.33 0.13
   92 W    -2  -3  -4  -4  -2  -3  -4  -4  -4   3   3  -3   0   1  -4   0  -1   2  -2   3    0   0   0   0   0   0   0   0   0  15  38   0   0   4   0   8   0   4   0  31  0.46 0.16
   93 D    -1   0   0   1  -4   2   2  -3  -2  -4  -4   4  -3  -4   3   0   0  -4  -3  -3    4   0   2   7   0   9  12   0   0   0   0  38   0   0  18   2   7   0   0   0  0.55 0.18
   94 D     0   0  -1   1   1   1   5  -3  -2  -3  -3   0  -3  -4  -2   1  -1  -4  -3  -1    5   4   0   7   4   4  51   0   0   0   0   4   0   0   0  13   0   0   0   7  0.55 0.20
   95 Y     0  -2  -2  -2  -2  -1   2  -3   1   0  -1  -2  -1   1   1  -1  -1  -1   5   1   10   1   1   1   0   0  20   1   3   6   1   1   0   5   8   1   1   0  26  15  0.29 0.13
   96 S     2  -2  -2   1  -3   0  -1   1  -3  -3  -2  -2  -2  -4   5   1   1  -4  -3  -2   20   0   0  11   0   4   0   9   0   0   4   0   0   0  35   8   8   0   0   0  0.62 0.16
   97 V    -1  -2  -1   1  -3  -1   1   2   1   0   0   0  -1  -2  -2  -1   2  -3   1   0    0   0   0   8   0   0  11  21   4   8   9   8   0   0   0   0  18   0   6   6  0.13 0.10
   98 E    -1  -1   2   3  -3  -1   2   2  -2  -3  -4   0  -3  -3  -2   0   1   2  -3  -3    4   2  14  22   0   0  14  22   0   0   0   4   0   0   0   3  11   3   0   0  0.38 0.12
   99 R    -1   0  -1  -1   1  -1   1  -2  -2   3   0   0   0   0  -3  -1  -1  -3  -2   2    0   8   4   3   5   0  11   3   0  26   4   6   0   6   0   4   0   0   0  19  0.10 0.08
  100 D    -1   0  -1   1  -3  -1   1  -3   4  -1  -1  -1  -1   1   2  -1  -1  -2   2   0    4   4   0   8   0   0  14   0  16   4   5   3   0   8  10   4   3   0  10   7  0.18 0.09
  101 T    -1  -2   0   2   1  -1   0  -1   1  -3  -3   0  -3  -4  -2   3   3  -4  -3  -2    0   0   2  16   4   0   4   4   4   0   0   6   0   0   0  30  30   0   0   0  0.43 0.18
  102 V     3  -3  -2   0  -2  -2  -2  -2  -3   2  -1  -2  -1  -2   0   1   0  -4  -3   3   32   0   0   5   0   0   0   0   0  16   0   0   0   0   4  11   3   0   0  27  0.30 0.15
  103 Q     1   2  -1  -1  -3   4   2  -3   2  -2  -1   1   0  -3  -2   0   0  -3  -2  -1   12  15   0   0   0  27  11   0   7   0   4   7   3   0   0   3   6   0   0   4  0.32 0.14
  104 A    -1  -1   0   4  -4   2   3   0  -2  -4  -4   0  -3  -4  -2   1   1  -4  -3  -3    4   0   0  30   0   9  26   6   0   0   0   4   0   0   0  11  11   0   0   0  0.51 0.16
  105 H    -1  -2  -2  -3   1   2  -2  -4   6   0  -1  -2   6  -2  -3  -1  -1  -3  -1   1    4   0   0   0   4  11   0   0  29   4   0   0  32   0   0   3   4   0   0  10  0.63 0.25
  106 L    -2  -4  -5  -5  -2  -4  -4  -5  -4   2   4  -4   1   1  -4  -3  -2  -3  -2   3    0   0   0   0   0   0   0   0   0  10  59   0   0   4   0   0   0   0   0  27  0.71 0.21
  107 A     2   0  -1   1  -3   3   2  -2  -2  -3  -3   3   0  -4  -2   1  -1  -4  -3  -3   21   0   0   6   0  14  15   0   0   0   0  30   3   0   0  10   0   0   0   0  0.41 0.17
  108 A     1   2   2   0  -3   0   2  -1   1  -1  -1  -1  -1   0  -2   0  -1  -3  -2  -2   19  14  15   4   0   0  15   4   4   3   8   0   0   5   0   6   2   0   0   0  0.14 0.09
  109 L    -2  -3  -3   1  -2  -3  -3  -4  -4   2   4  -3   0   1  -4  -3  -1  -3  -2   2    0   0   0  12   0   0   0   0   0  15  48   0   0   5   0   0   4   0   0  17  0.43 0.16
  110 D     1  -2  -2   0  -2  -2  -2  -3  -3   1   2   0   2  -1  -3  -1   1  -3   0   2   16   0   0   7   0   0   0   0   0   3  20   8   6   0   0   0  12   0   3  25  0.16 0.11
  111 L     0   0   1   3  -3   3   2  -1  -1  -3  -1   1  -2  -3  -2  -1  -2  -3   0  -3   12   4   8  24   0  19  13   3   0   0   7   6   0   0   0   0   0   0   5   0  0.31 0.13
  112 V     1   2  -1   4  -3   1  -1   0  -2  -1  -3  -1  -2  -3  -3  -1   0  -4   0   0   12  18   0  32   0   5   0   7   0   3   0   0   0   0   0   0   7   0   4  10  0.29 0.14
  113 Y    -3  -3  -3  -4  -4  -2   0  -5   4  -2   1  -3  -2   3  -4  -3  -3   0   7  -2    0   0   0   0   0   0   8   0  10   0  15   0   0  13   0   0   0   0  54   0  1.03 0.28
  114 N     0   0   0   0  -3   2   3   2  -1  -3  -3   1  -2  -4  -2   1   0  -4  -3  -2    6   3   4   3   0  12  30  15   0   0   0  11   0   0   0  11   3   0   0   2  0.35 0.13
  115 G     1  -1  -2   0  -2   0  -1  -1   1   1  -1  -1   0  -1  -3  -1   2  -2   3   1   12   4   0   6   0   6   3   4   4  14   3   0   2   0   0   0  16   0  19   8  0.13 0.10
  116 V    -2  -4  -1  -4  -2  -3  -4  -5  -4   4   3  -3   1  -1  -4  -3  -2  -3  -2   3    0   0   4   0   0   0   0   0   0  29  34   0   2   0   0   0   0   0   0  31  0.59 0.18
  117 I     2  -1  -2  -3  -2  -2  -1   1  -3   2   1  -2   1  -2  -3   0  -1  -3  -2   1   25   3   0   0   0   0   4   9   0  20  19   0   4   0   0  10   0   0   0   6  0.16 0.10
  118 E     1   0   3   1  -3   2   2  -1  -1  -3  -3   1  -2  -4  -2   1   0  -4  -3  -2   16   3  23   7   0  11  14   2   0   0   0   8   0   0   0  10   4   0   0   2  0.32 0.12
  119 D     0   1   1   3  -3   1   3  -1   0  -2   0   0   0  -2  -2   0  -1  -3  -2  -1    7   9   5  18   0   4  25   4   2   0  11   4   3   2   0   3   0   0   0   4  0.21 0.09
  120 T    -2  -3  -3  -3   1  -1  -1  -4   1   2   2  -2   0   3  -3  -1   0  -1   2   1    0   0   0   0   3   4   4   0   4  15  20   0   1  16   0   3   7   0  10  13  0.21 0.10
  121 R    -3   6  -2  -3  -5   3  -1  -4   2  -5  -4   3  -3  -4  -3  -2  -2  -4  -3  -4    0  59   0   0   0  14   0   0   5   0   0  21   0   0   0   0   0   0   0   0  1.09 0.28
  122 K    -1   2   0   2  -4   2   2  -3  -2  -2  -3   3  -2  -1  -2  -1   0  -4  -2   0    4   8   3  16   0   9  14   0   0   0   0  30   0   3   0   0   4   0   0   9  0.34 0.13
  123 S     2   0  -2  -1  -2   1  -1   2   2   0   0  -1  -1  -2  -2   0  -1  -3  -2   1   22   5   0   4   0   8   0  18   7   8  12   0   0   0   0   4   2   0   0  10  0.11 0.08
  124 I     1  -1  -1  -3  -2  -2  -3  -3  -3   3   1  -2   2   0  -3   0   1  -3  -2   2   12   2   4   0   0   0   0   0   0  28  14   0   8   3   0   8   7   0   0  12  0.20 0.10
  125 E     1  -2   0   3  -3   1   3   1  -2  -3  -2   0  -2  -4  -2   0   1  -4  -3  -3   12   0   4  18   0   4  29  13   0   0   4   3   0   0   0   3  10   0   0   0  0.35 0.13
  126 K     0   1  -1   1   1   1   1  -2   1   0   0   0  -1   0  -2  -1   0  -3  -2   1   12   7   0   8   3   8  14   0   4   2  13   5   0   4   0   0   4   0   0  15  0.08 0.06
  127 L     4  -3   0  -1  -2  -2  -2  -2  -3   0  -1  -2  -1  -3  -2   1   1  -4  -3   2   45   0   4   4   0   0   0   0   0   2   4   0   0   0   0  13   8   0   0  21  0.34 0.16
  128 E    -2  -1   0   2  -5   2   5   0  -1  -5  -4   0  -3  -5  -3  -1  -2  -4  -3  -4    2   0   4  11   0  10  61   7   0   0   0   5   0   0   0   0   0   0   0   0  0.85 0.23
  129 D     1  -1   2   3  -3   0   3  -2   1  -3  -3   1  -3  -3  -2   1  -1  -4  -2  -3   14   0  11  18   0   0  30   0   4   0   1   6   0   0   0  13   0   0   0   0  0.42 0.13
  130 L    -1  -2   1   2  -3   0   1   4  -2  -2  -1  -1  -2  -3  -2   0  -2  -3  -3  -1    0   0   8  13   0   3  13  40   0   0   8   0   0   0   0   5   0   0   0   6  0.39 0.12
  131 D    -4  -4   0   8  -6  -2   0  -3  -3  -5  -6  -3  -5  -6  -3  -2  -3  -6  -5  -5    0   0   0 100   0   0   0   0   0   0   0   0   0   0   0   0   0   0   0   0  2.00 0.40
  132 L     0   1   1  -1  -3   1   3  -2   1  -3  -2   0  -2  -3   3   0   0  -3  -2  -2   10   9   7   1   0   4  24   1   4   1   5   5   0   0  19   4   5   0   0   1  0.33 0.09
  133 V     1  -2  -1  -2  -2  -2  -2   1  -2   1  -1  -2   0  -2  -2   0   2  -3  -2   3   16   1   2   1   0   0   1  13   0   7   1   1   3   0   1   4  19   0   0  30  0.20 0.10
  134 S    -1  -3  -2  -3  -3  -2  -2  -3  -3  -3  -3  -2  -2  -4  -3   3   6  -4  -3  -2    0   0   0   0   0   0   0   0   0   0   0   0   0   0   0  21  79   0   0   0  1.18 0.33
  135 Q     4   1   1   0  -2   0   0   0  -2  -1  -2  -1  -2  -3  -2   0  -1  -4  -3   0   50   9  10   4   0   4   6   3   0   3   0   0   0   0   0   3   0   0   0   8  0.31 0.15
  136 D     0  -3   1   6  -4  -2   0  -1   1  -4  -4  -2  -4  -3  -3   0  -1  -4   2  -4    8   0   6  61   0   0   0   4   4   0   0   0   0   0   0   4   4   0   9   0  0.82 0.23
  137 L    -2  -3  -4  -4  -3  -1  -3  -4  -3   3   3  -3   5   2  -4  -3  -2  -2   1   0    0   0   0   0   0   4   0   0   0  25  35   0  24   8   0   0   0   0   4   0  0.57 0.19
  138 L     0  -3  -4  -4  -2  -3  -4  -4  -2   1   3  -3   3   4  -4  -3  -2  -1   2   0   12   0   0   0   0   0   0   0   0   7  42   0   8  23   0   0   0   0   8   0  0.49 0.16
  139 I    -1   0   1   1  -2   1   1  -3   0   1   0  -1  -1  -2  -2   1   3  -3  -2   0    0   4   7   6   0  10   9   0   3  11   8   0   0   0   0   8  27   0   0   7  0.17 0.10
  140 A     3  -2  -1   2  -3  -1   2   3  -2  -3  -3   0  -3  -4  -2  -1  -2  -4  -3  -1   41   0   0  16   0   0  14  21   0   0   0   5   0   0   0   0   0   0   0   3  0.44 0.16
  141 H     2  -1   0  -3  -2   1  -2  -1   1   2   0  -2  -1   1  -3  -1  -1  -2   2   1   26   3   5   0   0   8   0   4   4  23   6   0   0   7   0   0   0   0   8   6  0.12 0.10
  142 A     0  -1  -2  -2  -2   0   0  -3   1   1   2   0   2  -1  -2   1   0  -3   0   0    8   0   0   0   0   3   8   0   6  12  27   7   7   0   0  17   4   0   3   0  0.12 0.09
  143 G     2   3  -1  -2  -3   0   1  -1   2  -1   0   1  -1  -3  -2   0   0  -3  -2  -2   21  28   0   0   0   3   9   4   6   4   9   4   0   0   0   4   8   0   0   0  0.22 0.11
  144 E    -1  -1   0   3  -3   0   3  -1  -2  -1  -3   2  -2  -4  -2   1   1  -4  -3  -1    0   0   3  19   0   0  28   2   0   6   0  17   0   0   0  10  10   0   0   3  0.36 0.14
  145 L    -1  -3  -3  -4  -2   1  -3  -4   2   3   3  -2   0  -1  -3  -2   0  -3   1   1    3   0   0   0   0   8   0   0   7  20  46   0   0   0   0   0   9   0   5   3  0.35 0.15
  146 E    -2  -2  -1   4  -5   2   6  -1  -2  -5  -5  -1  -4  -5  -3  -2  -2  -5  -4  -4    0   0   0  26   0   7  63   4   0   0   0   0   0   0   0   0   0   0   0   0  1.07 0.27
  147 K    -2   0  -2   0  -5   2   2  -3  -2  -4  -4   6  -3  -5  -3  -2  -2  -5  -3  -4    0   0   0   4   0   8  12   0   0   0   0  76   0   0   0   0   0   0   0   0  1.05 0.29
  148 F    -1   1  -1  -1  -3   0  -2  -3   4   0   0  -1  -1   3  -3   0   0  -2   2  -1    4   9   0   4   0   3   0   0  17   7  12   0   0  18   0  11   7   0   8   0  0.20 0.11
  149 Q     2  -1  -1  -3  -2   2  -2  -3  -2   2   2  -2   0  -2  -3  -1  -1  -3  -2   2   22   4   3   0   0  13   0   0   0  18  24   0   0   0   0   0   0   0   0  16  0.22 0.12
  150 W    -5  -5  -6  -6  -5  -4  -5  -5   1  -5  -4  -5  -4  -1  -6  -5  -5  12   3  -5    0   0   0   0   0   0   0   0   4   0   0   0   0   0   0   0   0  87   9   0  3.46 0.52
  151 F    -3  -3  -3  -4  -4   1  -3  -4   4  -1   0  -3   8   5  -4  -3  -3  -2  -1  -2    0   0   0   0   0   6   0   0  13   0   0   0  55  27   0   0   0   0   0   0  1.12 0.33
  152 V    -3  -4  -4  -5  -2  -3  -4  -5  -4   4   4  -4   2   2  -4  -4  -2  -3  -2   1    0   0   0   0   0   0   0   0   0  29  54   0   6   8   0   0   0   0   0   4  0.68 0.19
  153 R     0   3  -1  -1  -4   3   3   0  -1  -4  -3   1  -2  -4  -2   1  -1  -4  -3  -3    9  23   0   0   0  19  26   9   0   0   0   7   0   0   0   9   0   0   0   0  0.47 0.16
  154 A     5  -3  -2  -3  -2  -2  -2  -1   4  -3  -3  -2  -3  -4  -2   2  -1  -4  -2  -2   70   0   0   0   0   0   0   0  13   0   0   0   0   0   0  17   0   0   0   0  0.82 0.27
  155 H    -3  -2   3  -2  -3  -2   0  -3   4  -1  -2  -2  -2   5  -4  -2   0  -1   4  -2    0   0  17   0   0   0   7   0  15   4   0   0   0  31   0   0   9   0  16   0  0.52 0.18
  156 L    -2  -3  -5  -5  -2  -3  -4  -5  -4   3   5  -4   2  -1  -4  -4  -2  -3  -2   1    0   0   0   0   0   0   0   0   0  20  72   0   5   0   0   0   0   0   0   3  0.78 0.20
  157 E     0  -1   0   2  -4   3   4   2  -1  -4  -4   1  -3  -4  -2  -1  -2  -4  -3  -3    7   0   3  10   0  16  36  20   0   0   0   8   0   0   0   0   0   0   0   0  0.49 0.13
  158 S    -1   0   3   2  -3   3   1   1  -1  -4  -4   2  -2  -4  -2   0  -1  -4  -3  -3    0   0  21  14   0  24   5  14   0   0   0  15   0   0   0   6   0   0   0   0  0.42 0.10
  159 A     4  -1  -1  -2  -1   2  -1   1  -2  -2  -2  -1  -1  -3  -1   1   1  -3  -2  -1   59   0   0   0   0  14   0  12   0   0   0   0   0   0   0   0  15   0   0   0  0.35 0.06
  160 G    -1  -2   2  -1  -3  -2  -2   1  -2  -4  -4  -1  -3  -4   7  -1  -1  -4  -3  -3    0   0  14   0   0   0   0  14   0   0   0   0   0   0  72   0   0   0   0   0  1.43 0.08
  161 G     0  -3  -1  -1  -3  -2  -2   6  -2  -4  -4  -2  -3  -3  -2   0  -2  -3  -3  -3    0   0   0   0   0   0   0 100   0   0   0   0   0   0   0   0   0   0   0   0  1.07 0.01
  162 Q    -1   0   4   1  -3   4   1  -1   1  -3  -3   1  -1  -3  -2   0   0  -3  -2  -3    0   0  50   0   0  50   0   0   0   0   0   0   0   0   0   0   0   0   0   0  0.51 0.00
  163 L    -2  -3  -4  -4  -1  -3  -3  -4  -3   3   3  -3   2   0  -3  -3  -1  -2  -1   2    0   0   0   0   0   0   0   0   0  50  50   0   0   0   0   0   0   0   0   0  0.37 0.00
  164 T     0  -1   0  -1  -1  -1  -1  -2  -2  -1  -1  -1  -1  -2  -1   1   4  -2  -2   0    0   0   0   0   0   0   0   0   0   0   0   0   0   0   0   0   0   0   0   0  0.00     0.00
  165 H    -2   0   1  -1  -3   0   0  -2   7  -3  -3  -1  -2  -1  -2  -1  -2  -2   2  -3    0   0   0   0   0   0   0   0   0   0   0   0   0   0   0   0   0   0   0   0  0.00     0.00
  166 E    -1   0   0   1  -4   2   5  -2   0  -3  -3   1  -2  -3  -1   0  -1  -3  -2  -2    0   0   0   0   0   0   0   0   0   0   0   0   0   0   0   0   0   0   0   0  0.00     0.00
  167 G     0  -2   0  -1  -2  -2  -2   6  -2  -4  -4  -2  -3  -3  -2   0  -2  -2  -3  -3    0   0   0   0   0   0   0   0   0   0   0   0   0   0   0   0   0   0   0   0  0.00     0.00
  168 Q    -1   1   0   0  -3   5   2  -2   0  -3  -2   1   0  -3  -1   0  -1  -2  -1  -2    0   0   0   0   0   0   0   0   0   0   0   0   0   0   0   0   0   0   0   0  0.00     0.00
  169 S     1  -1   1   0  -1   0   0   0  -1  -2  -2   0  -1  -2  -1   4   1  -3  -2  -2    0   0   0   0   0   0   0   0   0   0   0   0   0   0   0   0   0   0   0   0  0.00     0.00
  170 T     0  -1   0  -1  -1  -1  -1  -2  -2  -1  -1  -1  -1  -2  -1   1   4  -2  -2   0    0   0   0   0   0   0   0   0   0   0   0   0   0   0   0   0   0   0   0   0  0.00     0.00
  171 E    -1   0   0   1  -4   2   5  -2   0  -3  -3   1  -2  -3  -1   0  -1  -3  -2  -2    0   0   0   0   0   0   0   0   0   0   0   0   0   0   0   0   0   0   0   0  0.00     0.00
  172 K    -1   2   0  -1  -3   1   1  -2  -1  -3  -2   4  -1  -3  -1   0  -1  -3  -2  -2    0   0   0   0   0   0   0   0   0   0   0   0   0   0   0   0   0   0   0   0  0.00     0.00
  173 G     0  -2   0  -1  -2  -2  -2   6  -2  -4  -4  -2  -3  -3  -2   0  -2  -2  -3  -3    0   0   0   0   0   0   0   0   0   0   0   0   0   0   0   0   0   0   0   0  0.00     0.00
  174 A     4  -1  -2  -2   0  -1  -1   0  -2  -1  -1  -1  -1  -2  -1   1   0  -2  -2   0    0   0   0   0   0   0   0   0   0   0   0   0   0   0   0   0   0   0   0   0  0.00     0.00
  175 A     4  -1  -2  -2   0  -1  -1   0  -2  -1  -1  -1  -1  -2  -1   1   0  -2  -2   0    0   0   0   0   0   0   0   0   0   0   0   0   0   0   0   0   0   0   0   0  0.00     0.00

                      K         Lambda
Standard Ungapped    0.1331     0.3151
Standard Gapped      0.0403     0.2670
PSI Ungapped         0.1317     0.3168
PSI Gapped           0.0403     0.2670
