
Last position-specific scoring matrix computed, weighted observed percentages rounded down, information per position, and relative weight of gapless real matches to pseudocounts
            A   R   N   D   C   Q   E   G   H   I   L   K   M   F   P   S   T   W   Y   V   A   R   N   D   C   Q   E   G   H   I   L   K   M   F   P   S   T   W   Y   V
    1 P    -1  -3  -2  -2  -3  -2  -1  -3  -3  -3  -3  -1  -3  -4   8  -1  -1  -4  -3  -3    0   0   0   0   0   0   0   0   0   0   0   0   0   0 100   0   0   0   0   0  2.16 0.06
    2 E    -3   4  -3  -1  -5  -2  -1   6   0  -6  -6   0  -5  -6  -4  -3  -4  -5  -5  -5    0  22   0   4   0   1   5  60   2   0   0   6   0   0   0   0   0   0   0   0  1.19 0.43
    3 I    -3  -5  -6  -6  -4  -5  -5  -6  -6   4   3  -5  -1  -3  -5  -5  -3  -5  -4   4    0   0   0   0   0   0   0   0   0  29  34   0   0   0   0   0   0   0   0  37  1.10 0.42
    4 I    -3  -5  -5  -5  -4  -4  -5  -5  -4   5   2  -5   3   2  -5  -4  -3   3   4   1    1   0   0   0   0   0   0   0   0  39  16   0   9   9   0   1   0   3  14   9  0.82 0.34
    5 T     1  -4  -4  -4  -1  -4  -4  -4  -5  -1  -3  -4  -3  -4   3   0   5  -5  -4   4   10   0   0   0   1   0   0   1   0   1   0   0   0   0  14   6  36   0   0  30  0.83 0.42
    6 P     6  -5  -5  -5  -4  -4  -4  -3  -5  -3  -5  -4  -4  -6   3  -2  -3  -6  -5  -2   83   0   0   0   0   0   0   0   0   1   0   0   0   0  13   0   0   0   0   2  1.66 0.64
    7 I    -2  -4  -5  -5   1  -3  -5  -5  -5   3   4  -4   5  -1  -5  -3   1  -4  -3   1    1   0   0   0   3   1   0   0   0  16  44   0  16   1   0   1   9   0   0   7  0.81 0.36
    8 I    -1  -5  -5  -6  -3  -5  -5  -6  -6   5   0  -3   0  -1  -1  -3  -2  -5  -4   5    3   0   0   0   0   0   0   0   0  29   5   2   2   2   3   1   2   0   0  50  1.00 0.43
    9 T    -3  -5  -4  -5  -5  -5  -5  -6  -6  -5  -5  -5  -3  -6  -5  -2   8  -7  -6  -1    1   0   0   0   0   0   0   0   0   0   0   0   1   0   0   1  94   0   0   3  2.35 0.86
   10 P    -2  -6  -5  -1  -7  -5  -5  -6   1  -5  -7  -5  -6  -2   8  -2  -1  -7  -6  -6    3   0   0   3   0   0   0   0   4   1   0   0   0   2  82   3   3   0   0   0  2.45 0.80
   11 F    -4  -6  -7  -7  -6  -6  -7  -7  -5  -3  -2  -6   6   8  -7  -5  -5  -3   1  -4    1   0   0   0   0   0   0   0   0   0   2   0  17  75   0   1   0   0   3   0  2.33 0.76
   12 T    -1   1   2   3  -3  -1  -1  -1   3  -3  -1   2  -2  -1  -3  -1   2  -3  -2  -3    4   6  10  21   0   2   1   3   7   1   5  14   0   2   1   2  17   0   1   1  0.31 0.20
   13 K     1   1  -1   2  -1   0   3  -2  -1  -4  -4   3  -3  -4   2   0  -1  -5  -4  -3   15   6   2  11   1   4  18   1   1   0   0  19   0   0  11   5   2   0   0   1  0.41 0.25
   14 D    -3  -3   4   6  -6   1   1  -3   0  -6  -6  -1  -5  -6  -3  -1   0  -6  -3  -5    1   1  20  48   0   5   7   1   2   0   0   4   0   0   0   3   5   0   1   0  1.09 0.45
   15 N    -2  -4   0  -1  -4  -2  -1   6  -1  -5  -1  -3  -2  -2  -5  -2  -4  -5   0  -5    2   0   5   4   0   2   5  65   2   0   6   0   1   2   0   2   0   0   3   0  1.10 0.46
   16 R     1   1   1   1  -3   1   3  -2  -2  -4  -4   2  -3  -5  -2   3   1  -5  -4  -3    9   7   6   7   0   5  17   2   1   0   0  11   0   0   1  27   7   0   0   0  0.43 0.27
   17 I    -4  -6  -6  -6  -4  -5  -6  -6  -6   5   2  -5  -1   3  -6  -5  -3  -4  -2   4    0   0   0   0   0   0   0   0   0  34  20   0   0  13   0   0   0   0   0  32  1.10 0.45
   18 D    -4  -4   4   8  -1  -4  -2  -5  -2  -7  -7  -3  -7  -7  -5  -3  -5  -8  -7  -7    1   1  17  76   2   0   1   0   1   0   0   1   0   0   0   1   0   0   0   0  2.10 0.74
   19 K    -1   0  -3  -3  -4  -2   2  -5  -1  -1   2  -1  -1   4  -2  -3  -1   2   4  -1    4   5   0   0   0   0  18   0   1   2  18   3   0  16   2   1   3   3  19   4  0.44 0.28
   20 E     2  -1  -1   3  -4   0   3  -1  -1  -3  -2   1  -3  -4   1   0  -1  -5  -2  -2   18   2   2  16   0   4  24   4   1   2   3   7   0   0   8   5   2   0   1   2  0.36 0.24
   21 K     3  -1  -2  -3  -2  -2  -1   2  -3  -3  -2   0  -2  -4  -3   3   1  -2  -4   0   33   3   1   0   0   1   3  13   0   0   3   5   0   0   1  20   7   1   0   8  0.41 0.29
   22 L    -1  -4  -5  -6  -3  -2  -5  -4  -3   1   4  -4   0   3  -5  -4   0   1   4  -1    6   0   0   0   0   2   0   1   0   8  45   0   1  11   0   0   5   1  17   2  0.72 0.37
   23 K     1   4  -2   0  -2   1   3  -1   0  -2  -4   2  -3  -3  -1  -1  -3  -5  -3  -2   11  26   1   4   1   5  20   4   2   2   0  15   0   1   2   2   0   0   0   2  0.47 0.29
   24 I     1   4   1   0  -4   2   2  -2  -1  -2  -4   3  -3  -4  -3   0  -1   0  -3  -4   11  22   5   5   0   8  12   1   1   3   1  21   0   0   0   5   3   1   1   0  0.44 0.27
   25 H    -3  -1   1  -5  -3  -4  -5  -6   4   1   5  -4   0  -1  -5  -4  -4  -4   1  -1    2   3   8   0   0   0   0   0  13   7  55   0   1   2   0   0   0   0   5   4  0.84 0.42
   26 A     1  -5  -5  -6  -4  -5  -5  -5  -5   4   2  -5  -1  -3  -5  -3  -2  -5  -3   5   14   0   0   0   0   0   0   0   0  27  19   0   1   0   0   1   1   0   0  37  0.89 0.41
   27 E    -1   2   2   4  -5   1   4  -2   0  -4  -5   1  -4  -5  -4  -1  -2  -5  -3  -3    4  11  10  24   0   4  26   2   2   0   0   9   0   0   0   4   1   0   1   1  0.64 0.33
   28 N    -3   1   0  -3  -5  -2  -3  -4   4  -3  -2  -1   0   4  -5  -2  -2   7   5  -4    1   8   4   1   0   2   2   1  10   1   2   3   2  20   0   2   3  18  20   0  0.98 0.43
   29 L    -3  -3  -1  -4  -5   5  -3  -4   5  -1   4  -3   0  -3  -5  -4  -4  -5  -1  -2    1   1   3   0   0  28   0   1  15   3  41   0   2   0   0   0   0   0   2   2  0.89 0.47
   30 I     1  -4  -4  -3  -1  -3  -1  -3  -5   5   1  -3  -1  -2  -4  -1  -2  -5  -3   3   10   1   0   1   1   1   6   2   0  41  13   1   0   1   0   4   1   0   0  18  0.61 0.32
   31 R     2  -1   1   3  -4   1   3   0   0  -4  -4   2  -4  -5  -1   0  -1  -5  -2  -3   17   3   5  16   0   4  24   5   2   0   1  11   0   0   3   6   2   0   1   1  0.40 0.25
   32 K     1  -1   3  -2  -3   2   1   0   2  -3  -3   1  -3   0  -3   0  -1  -3   2  -3   16   1  17   1   0  12  11   6   6   1   1   7   0   4   0   7   1   0   8   1  0.30 0.23
   33 G    -3  -4   0  -1  -6  -3  -1   7   1  -7  -7  -1  -3  -6  -1  -3  -5  -6  -6  -6    0   0   5   3   0   1   5  74   3   0   0   5   1   0   3   0   0   0   0   0  1.56 0.59
   34 I     1  -4  -2  -4   1  -3  -3  -4  -3   2   0  -3  -1  -1  -2   1   3  -4  -1   3   12   0   1   0   3   0   0   0   0  11   5   0   1   2   1  11  23   0   2  27  0.44 0.28
   35 D     0  -1   2   5  -5   0   1  -3   4  -5  -5   0  -4  -5  -2   1  -1  -6  -4  -4    8   3  10  38   0   4   6   1  10   0   0   5   0   0   1   8   3   0   0   1  0.72 0.36
   36 K     3  -5  -1  -4  -2  -4  -5   6  -5  -2  -5  -4  -5  -3  -5  -1  -3  -3   0  -2   26   0   3   0   1   0   0  56   0   2   0   0   0   1   0   2   1   0   3   3  1.13 0.49
   37 L    -4  -5  -6  -6  -2  -5  -6  -7  -6   5   4  -5  -1   0  -6  -5  -4  -5  -4   3    0   0   0   0   1   0   0   0   0  31  45   0   0   4   0   0   0   0   0  19  1.15 0.47
   38 F    -4  -5  -6  -6   1  -5  -6  -5  -5   2   1  -5  -1   5  -6  -4  -4  -4   1   5    0   0   0   0   3   0   0   1   0   9  10   0   1  26   0   1   0   0   5  46  1.07 0.47
   39 V     2  -5  -5  -5  -2  -4  -4  -4  -5   2   0  -4  -2  -3   4  -1  -2  -5  -3   4   19   0   0   0   1   0   0   0   0  12   9   0   0   0  21   4   1   0   1  31  0.68 0.36
   40 N     2  -4   2  -4   6  -2  -4   0  -4  -1   1  -3   2  -2  -4  -1  -1  -5  -4   2   22   0  11   0  16   2   0   7   0   1  14   0   5   1   0   2   3   0   0  16  0.45 0.29
   41 G    -1  -6  -4  -5   2  -6  -6   7  -6  -7  -7  -5  -6  -7  -6  -2  -5  -6  -7  -7    4   0   0   0   4   0   0  89   0   0   0   0   0   0   0   3   0   0   0   0  2.24 0.75
   42 T    -3  -5  -1  -4  -5  -4  -4   2  -5  -5  -5  -4  -5  -6  -5   3   7  -6  -5  -4    0   0   2   0   0   0   0  13   0   0   0   0   0   0   0  22  64   0   0   0  1.52 0.67
   43 T    -3  -5   0  -5  -5  -5  -5  -4  -6  -5  -4  -5  -5  -1  -5  -1   8  -6  -5  -4    1   0   4   0   0   0   0   1   0   0   1   0   0   3   0   4  87   0   0   0  2.07 0.82
   44 G     0  -6  -4  -5  -6  -6  -6   7  -6  -8  -7  -5  -6  -7  -6  -2  -5  -6  -7  -7    6   0   0   0   0   0   0  93   0   0   0   0   0   0   0   2   0   0   0   0  2.37 0.78
   45 L    -5  -4  -4  -3  -8  -2   8  -6  -4  -7  -3  -3  -6  -7  -5  -4  -5  -7  -6  -5    0   0   0   0   0   0  96   0   0   0   3   0   0   0   0   0   0   0   0   1  2.49 0.91
   46 G     1  -4   0  -3  -1  -2  -3   1  -4  -4  -3  -3  -2   3  -3   4   0  -1   0  -2   12   0   4   0   1   2   0  12   0   0   1   0   1  16   1  41   5   1   2   2  0.60 0.38
   47 P     2  -4  -4  -4  -2  -2  -4  -3   0  -4  -1  -4   0   4   5   0  -1  -4  -2  -2   19   0   0   0   1   2   0   1   3   0   7   0   2  18  34   7   4   0   1   3  0.80 0.40
   48 S     0  -4  -2  -4  -4  -2  -3  -4   0  -4  -2  -2   0  -3  -4   3   6  -5  -1  -2    6   0   1   0   0   1   0   0   2   0   5   2   2   1   0  25  51   0   2   1  0.97 0.51
   49 L    -5  -5  -6  -7  -2  -2  -6  -7  -6   1   6  -5   3  -1  -6  -5  -1  -5  -4  -1    0   0   0   0   1   2   0   0   0   5  78   0   8   2   0   0   3   0   0   3  1.41 0.57
   50 S    -1  -4   1   0  -3  -3  -2  -3  -3  -5  -5  -3  -4  -6  -2   5   5  -6  -4  -4    3   0   5   6   0   0   2   1   1   0   0   1   0   0   1  40  40   0   0   0  1.07 0.54
   51 P    -1  -1  -1   1  -3  -1   0  -3   5  -1  -1  -1   0   1   2  -1   0   4   1   0    6   3   2   8   0   2   4   1  16   4   6   4   2   7   9   1   6   6   4   8  0.21 0.17
   52 E     1  -3  -1   5  -3   0   4  -3  -2  -5  -4   0  -5  -6  -3   0  -2  -6  -3  -5   12   0   1  30   0   4  34   1   0   0   1   6   0   0   1   8   1   0   1   0  0.82 0.41
   53 E    -5  -4  -4  -3  -8  -1   8  -6  -4  -8  -7  -3  -6  -8  -5  -4  -4  -7  -6  -7    0   0   0   0   0   2  98   0   0   0   0   0   0   0   0   0   1   0   0   0  2.60 0.93
   54 K    -3   4  -2  -4  -6   1   0  -5   7  -2  -4   4  -4  -2  -5  -3  -3  -1   3  -2    1  21   1   0   0   6   4   0  25   3   1  24   0   1   0   0   1   1  10   2  0.93 0.44
   55 L     0   1  -1   0   2   0   1  -2   0   1   0   2   0  -1   0  -1  -1  -3  -1   0    6   7   1   7   5   2  10   2   2  10  11  17   3   1   4   3   1   0   1   7  0.08 0.10
   56 E     1   2   0   1  -4   3   3  -3  -1  -3  -2   1  -1  -3  -3  -1   0  -4  -3  -2   10  12   3   8   0  14  21   1   1   1   5  10   2   1   0   3   6   0   0   2  0.33 0.23
   57 N    -2  -5  -3  -6   1  -5  -4  -6  -5   3   3  -5   0   0  -5  -4  -2   0  -2   4    2   0   1   0   3   0   0   0   0  16  30   0   2   3   0   0   2   1   1  37  0.80 0.37
   58 L    -1  -5  -4  -5  -4  -5  -5  -5  -5   5   2  -4   1   2  -5  -4   0  -1  -1   4    4   0   1   0   0   0   0   1   0  32  16   0   3   9   0   0   5   1   2  28  0.73 0.34
   59 K     0   4  -1  -1  -1   1   3  -1  -2  -3  -4   2   0  -5  -3   0  -1  -5  -4  -3    9  22   3   3   1   6  23   3   0   1   1  15   2   0   1   6   3   0   0   1  0.46 0.28
   60 A     2   0  -3  -2  -1   0  -1  -3   1   2   0   0  -1   2  -3  -1   2  -1   0   1   18   4   0   1   1   4   3   0   4  12   6   7   1  10   0   1  15   1   3  10  0.15 0.17
   61 V     3  -4  -4  -4   3  -4  -4  -1  -5   1  -2  -4  -1  -2  -4  -1   2  -2  -3   4   31   0   0   0   5   0   0   3   0   6   2   0   1   2   0   2  13   1   0  34  0.63 0.37
   62 Y    -1   2  -4  -5   0  -2  -3  -4  -4   2   1   2  -1  -2  -4  -3  -2  -5  -1   4    4  12   0   0   2   1   1   1   0   9  13  12   1   1   0   0   1   0   2  39  0.50 0.31
   63 D    -1  -1   1   4  -6   1   5  -2  -2  -6  -6   1  -5  -6  -3  -1  -2  -6  -5  -4    4   2   7  20   0   6  42   2   0   0   0  10   0   0   0   5   2   0   0   0  0.87 0.42
   64 V     2  -1  -2  -2   1   1   1  -3   2   0   0   0  -1   0  -3  -1   1  -3  -1   1   18   2   1   0   3   8  12   0   5   6  10   4   0   5   0   2   9   0   1  11  0.12 0.15
   65 T     3  -3   0  -2   3  -2  -3  -3  -4   0  -1  -3   0  -2  -3   0   1  -5  -3   4   26   1   6   1   6   1   0   1   0   3   4   1   2   2   0   8   8   0   0  31  0.42 0.29
   66 N     2   0   3   2  -3  -1  -1   2  -1  -3  -4   2  -3  -4  -1  -1  -1  -5  -4  -1   17   5  14  14   0   2   1  18   1   1   1  13   0   0   2   3   2   0   0   5  0.34 0.23
   67 K    -3  -1   0  -1  -6  -1  -2   5  -3  -6  -5   4  -5  -6   3  -2  -3  -6  -5  -6    0   2   4   3   0   2   2  47   0   0   0  24   0   0  13   1   1   0   0   0  1.02 0.46
   68 I    -3   3  -5  -5  -3  -3  -4  -5  -5   3   0  -1  -1  -4  -5  -3  -2  -5  -4   5    1  21   0   0   0   1   0   0   0  16   8   3   1   0   0   1   2   0   0  47  0.88 0.43
   69 I    -1  -6  -6  -6  -4  -5  -6  -6  -6   7   1  -5   2  -2  -1  -5  -3  -5  -2   3    4   0   0   0   0   0   0   0   0  59   9   0   5   1   3   0   0   0   1  17  1.24 0.50
   70 F     5  -5  -5  -5  -4  -4  -4  -2  -5   0  -2  -4  -2  -2   4  -2  -3  -6  -5   2   55   0   0   0   0   0   0   2   0   5   3   0   0   2  19   1   0   0   0  12  0.99 0.49
   71 Q    -3  -5  -1  -5  -6   0  -5   6   2  -1  -5  -5  -5  -4  -5  -3  -4  -6  -5   1    0   0   3   0   0   5   0  71   6   4   1   0   0   1   0   0   0   0   0  11  1.46 0.58
   72 V     2  -4  -3  -4   0  -4  -4  -4  -5   2  -2  -4  -2  -3  -4   0   4  -3  -4   4   18   0   1   0   2   0   0   0   0  10   1   0   0   1   0   5  33   0   0  28  0.72 0.41
   73 G     1  -6  -4  -5  -6  -5  -5   7  -5  -5  -6  -5  -6  -6  -2   0  -2  -6  -6  -3    9   0   0   0   0   0   0  78   0   1   0   0   0   0   2   6   3   0   0   2  1.73 0.63
   74 G     2  -4  -3  -4   3  -3  -2   3  -4  -5  -4  -3  -3  -5  -4   4   2  -5  -5  -4   15   0   0   0   5   0   1  25   0   0   1   0   0   0   0  39  13   0   0   0  0.85 0.45
   75 L    -2  -3   7  -2  -3  -2  -2  -2  -1  -3   0  -3  -2  -2  -1   0   1  -5   1  -1    2   0  53   0   0   1   2   2   1   1   9   0   1   2   3   5   9   0   6   4  0.90 0.46
   76 N     1  -3   4   1   1  -2  -3   2  -3  -5  -5  -3  -4  -5  -4   4  -2  -5  -2  -4    9   0  25   8   3   1   0  14   0   0   0   0   0   0   0  36   0   0   1   0  0.79 0.42
   77 L    -3  -5  -4  -5  -5  -5  -5  -6  -3   0   1  -5  -4  -5  -5  -2   7  -6  -2  -2    1   0   0   0   0   0   0   0   1   4  13   0   0   0   0   2  78   0   1   1  1.69 0.72
   78 D     2   3   0  -1  -4   1   1  -2   2  -3  -3   1  -1  -3  -3   1  -1  -3  -2  -2   21  20   5   3   0   8   7   2   5   1   2   8   1   1   0  10   2   0   1   2  0.30 0.22
   79 D    -1  -2  -1   2  -4   2   5  -3   2  -2  -3   0  -3  -3  -4  -2  -2  -5  -2  -1    4   1   1  11   0   7  49   2   5   2   2   5   1   1   0   2   2   0   1   5  0.74 0.40
   80 A     5  -4  -4  -4   0  -2  -4  -3  -5  -2  -4  -4  -2  -5  -4   2   3  -6  -5   0   54   0   0   0   2   1   0   1   0   1   0   0   1   0   0  14  18   0   0   8  0.95 0.49
   81 I    -2  -2  -4  -5  -3  -1  -4  -6  -5   6   1  -2   1  -3  -5  -3  -2  -5  -4   3    3   2   1   0   0   3   1   0   0  47  12   3   2   0   0   1   1   0   0  24  0.91 0.41
   82 R     1   1  -2   1  -4   2   5  -3   1  -4  -3   0  -4  -5  -4  -1  -2  -4  -3  -4   13   7   1   7   0   6  47   1   4   0   3   4   0   0   0   4   1   0   1   1  0.74 0.39
   83 L    -1  -1  -2  -3  -1  -1  -3  -5   0   0   4  -2   3   2  -5  -4  -2   4   0  -2    7   4   2   1   1   3   1   0   2   5  47   2   6   8   0   0   1   6   3   0  0.55 0.31
   84 A     4  -4  -3  -4   0  -3  -4  -1  -4   0  -2  -3   0  -4  -4   2   4  -5  -4   0   33   0   0   0   2   0   0   3   0   7   4   0   2   0   0  14  30   0   0   6  0.66 0.39
   85 K    -1   4   0  -2  -4   3   1  -4   0  -3  -2   5  -3  -5  -4  -2  -2  -5  -4  -2    4  22   3   1   0  15   7   0   2   1   5  33   0   0   0   1   1   0   0   2  0.72 0.38
   86 L     1   1   0  -1  -2   1   1  -2   4  -1  -1   0  -1   2  -3   0  -1  -1   2  -2   13   8   4   1   1   6  12   2  11   3   5   6   1  12   0   5   4   1   6   0  0.19 0.17
   87 S     5  -3  -4  -4   2  -4  -4  -2  -4  -3  -1  -4   0   0  -4   1  -2  -5  -1   0   62   1   0   1   5   0   0   2   0   1   5   0   3   4   0   8   2   0   2   6  0.87 0.46
   88 K     2  -1   0   0  -2   3   3  -3  -1  -3  -3   2   0  -2  -3  -1   0  -4  -1  -3   19   2   4   3   1  12  25   1   1   1   1  16   3   2   0   3   5   0   2   0  0.41 0.28
   89 D     1   1  -1   3  -5   2   2  -2  -2  -4  -4   3  -2  -3  -3   0  -1  -5  -4  -3   12   6   2  20   0   7  16   3   0   0   1  22   1   1   0   6   2   0   0   1  0.47 0.28
   90 F     2  -3  -2  -2   0  -2  -2  -3  -1   2   2  -2   1   0  -3   0  -1   0   1   2   26   0   2   1   2   1   1   0   1  14  18   1   2   3   0   6   2   1   5  13  0.24 0.19
   91 D    -3  -3  -1  -2  -6  -5  -5   7  -6  -7  -7  -3  -6  -7   0  -4  -5  -6  -7  -7    1   1   2   2   0   0   0  87   0   0   0   2   0   0   5   0   0   0   0   0  2.07 0.71
   92 I     5  -5  -5  -5  -1  -4  -4  -2  -5   2  -2  -4   0  -1  -4  -3  -3  -5   0   3   55   0   0   0   1   0   0   2   0  14   1   0   2   2   0   0   0   0   4  19  0.93 0.48
   93 V    -1  -4   0   7  -6  -1   0  -4   3  -4  -5  -1  -5  -4  -4  -1  -3  -7  -4  -2    6   0   3  62   0   2   5   0   8   1   1   3   0   1   0   4   1   0   1   3  1.30 0.54
   94 G     4  -4  -4  -4   1  -4  -4   5  -3  -5  -4  -4   0  -5  -4  -2  -4  -5   0  -3   39   0   0   0   3   0   0  46   0   0   1   1   2   0   0   2   0   0   3   1  1.14 0.50
   95 I     2  -4  -4  -5   3  -3  -4  -3  -4   4   1  -4   0   1  -4  -2  -1  -4   0   2   19   0   0   0   7   1   0   2   0  24  14   0   1   7   0   2   3   0   3  18  0.44 0.26
   96 A    -2  -4  -6  -6  -4  -5  -5  -6  -5  -2   6  -5   4  -1  -6   0  -4  -5  -4  -1    4   1   0   0   0   0   0   0   0   0  73   0  10   2   0   7   0   0   0   4  1.26 0.54
   97 S     1  -4  -2  -4  -1  -1  -3  -3   0   2   2  -3   0  -3  -4   1  -1  -4  -3   3   13   0   1   0   1   2   0   1   2   8  24   0   2   0   0  14   2   0   0  28  0.41 0.27
   98 Y    -3  -5  -5  -6  -4  -5  -5  -3  -3   3   1  -5   2  -3  -2  -2  -1  -5  -2   6    1   0   0   0   0   0   0   2   1  16  12   0   5   0   2   2   3   0   1  55  0.98 0.44
   99 A     1  -2   0  -3   1  -3  -3  -3  -3  -2  -2  -3   0  -3   2   1   5  -4  -3   2   10   1   4   1   3   0   1   1   0   1   2   1   3   0  10   8  38   0   0  15  0.54 0.31
  100 P    -5  -7  -7  -6  -7  -6  -6  -5  -7  -7  -8  -6  -7  -8   9  -5  -6  -8  -8  -7    0   0   0   0   0   0   0   1   0   0   0   0   0   0  99   0   0   0   0   0  3.43 1.05
  101 Y    -3  -5  -5  -6  -6  -4  -5  -6   3  -1  -3  -5   0   2   2  -1  -4  -2   8  -4    2   0   0   0   0   0   0   0   6   3   2   0   2   8  11   5   1   0  59   0  1.67 0.65
  102 Y    -6  -6  -6  -7  -6  -5  -6  -7   0  -5  -5  -6  -5   1  -7  -6  -6  -2  10  -5    0   0   0   0   0   0   0   0   2   0   0   0   0   3   0   0   0   0  93   0  3.19 0.98
  103 Y    -3  -1   6  -2  -4  -2  -3  -3  -2  -2   1  -3  -2   1  -3  -2  -1   3   3  -3    1   3  47   1   0   1   1   1   0   1  16   1   1   5   1   2   3   3  10   1  0.84 0.37
  104 P     0  -1  -1  -1   1  -1  -1   0  -1   1   0   0   0   0   1   0   1  -1  -1   0    7   3   3   3   4   2   3   7   1  10   5   7   2   4   7   6  13   1   2   9  0.04 0.03
  105 R    -2   3  -2  -2  -5   0   0  -4  -1  -5  -4   6  -4  -2   0  -2  -3  -5  -4  -4    2  14   1   2   0   3   6   1   2   0   1  58   0   2   5   1   1   0   0   1  1.07 0.48
  106 M     1  -5  -5  -5  -2  -4  -4  -2  -5  -3  -1  -4   0  -1   7  -1   0  -1  -2  -1   10   0   0   0   1   0   0   2   0   1   6   0   3   3  58   4   6   1   2   4  1.37 0.54
  107 S    -2  -3   2   2  -4  -2  -1   0  -3  -4  -5  -2  -3  -3   2   3   4  -5  -4  -4    1   1  11   9   0   1   4   6   0   0   0   2   0   1  12  25  27   0   0   0  0.63 0.37
  108 E    -2  -2  -4  -1  -6   7   1  -5  -3  -3  -2  -1  -4  -1   0  -2  -3   1  -4  -3    2   1   0   3   0  63   9   0   0   2   4   2   0   3   5   3   1   2   0   2  1.31 0.61
  109 K     1   1  -1   2  -3   0   5  -2   0  -4  -5   0  -2  -5  -2  -1  -2  -5  -2  -4   13   7   2  11   1   3  46   2   2   1   0   5   1   0   2   2   2   0   1   0  0.72 0.39
  110 H     1  -4  -2  -4  -5  -1  -2   7  -1  -5  -6  -4  -5  -3  -5  -2  -3  -2  -6  -3    9   1   1   0   0   3   3  73   2   0   0   0   0   1   0   2   1   1   0   2  1.47 0.57
  111 L    -3  -5  -6  -6  -1   0  -5  -6  -5   4   5  -5   4  -1  -5  -5  -4  -5  -2   0    2   0   0   0   1   5   0   0   0  22  56   0   9   1   0   0   0   0   1   3  1.05 0.45
  112 V    -1  -2  -4  -4  -4  -3  -2  -5  -2   2  -1   0  -2   3  -5  -4  -2  -2   7   1    6   1   0   1   0   0   3   0   0  14   5   6   0  12   0   0   3   0  38  11  0.82 0.39
  113 K     3   1   0   0  -3   4   1  -2   2  -3   0   1  -3  -4  -3   0  -2  -4  -3  -2   26   8   3   4   0  21  10   1   5   0   9   7   0   0   0   4   1   0   0   1  0.39 0.28
  114 Y    -6  -5  -4  -6  -7  -2  -5  -7  10  -7  -5  -5  -5   2  -7  -5  -6   4   4  -7    0   0   0   0   0   1   0   0  71   0   0   0   0   8   0   0   0   5  14   0  2.75 0.88
  115 F    -4  -6  -6  -7  -6  -6  -6  -7  -2  -2  -2  -6  -1   7  -7  -6  -4  -2   6   1    1   0   0   0   0   0   0   0   0   2   3   0   1  52   0   0   1   0  32   9  1.87 0.66
  116 K    -1   3  -2  -1  -4   1   2  -3  -1  -4  -3   4  -2  -3  -3   0   1  -5  -4  -3    5  15   1   2   0   4  15   1   1   0   2  35   1   1   0   7  10   0   0   1  0.58 0.32
  117 T     4   1  -3   0  -3   0   1  -3   0  -3  -3   1  -1  -4  -3   0   2  -5  -1  -3   42   6   0   4   0   4   9   0   2   0   1   8   2   0   0   6  13   0   2   0  0.49 0.32
  118 L    -4  -6  -6  -6  -2  -6  -6  -7  -6   6   1  -6  -2  -3  -6  -5  -3  -6  -4   5    0   0   0   0   0   0   0   0   0  45  12   0   0   0   0   0   0   0   0  42  1.43 0.54
  119 C     5  -4  -1  -4   5  -4  -4  -3   0   0   0  -4  -3  -4  -4   0  -3  -3  -4  -2   58   0   3   0  11   0   0   0   3   5  10   0   0   0   0   7   0   0   0   0  0.92 0.46
  120 E     0   0   1   4  -3   1   4  -4  -2  -5  -5   1  -4  -4  -2   0  -2  -5  -4  -5    8   5   7  28   1   4  32   0   1   0   0   7   0   0   1   6   1   0   0   0  0.74 0.36
  121 V     4  -1  -1  -3  -1  -1  -1  -1   0  -3  -4   0  -1  -4  -3   3  -2  -5  -2  -2   46   2   3   1   1   2   4   2   3   1   0   6   2   0   0  22   1   0   1   3  0.59 0.35
  122 S     1  -4  -2  -4   2  -4  -4  -2  -4   1  -2  -4  -2  -4  -3   1   4  -5  -4   4   12   0   1   0   4   0   0   3   0   5   1   0   0   0   1  13  27   0   0  31  0.61 0.36
  123 P    -1  -1   1   5  -5  -1   1   1  -1  -5  -5   0  -4  -5   3   1  -1  -5  -4  -4    5   3   7  33   0   2   6   9   2   0   0   6   0   0  15  10   3   0   0   0  0.61 0.30
  124 H    -3  -2  -1  -5  -2  -4  -3  -5   0   4   4  -1   2   1  -5  -4  -3  -4  -3   1    1   2   4   0   1   0   1   0   2  26  42   5   5   5   0   0   1   0   0   7  0.63 0.31
  125 P    -3  -6   0  -1  -7  -5  -3   1  -4  -7  -7  -3  -6  -7   8  -3  -5  -7  -4  -6    1   0   4   3   0   0   2   9   0   0   0   2   0   0  77   2   0   0   1   0  2.23 0.74
  126 V    -1  -4  -4  -5  -1   2  -4  -5  -4   4   1  -4   3   0  -5  -4  -1  -4  -3   4    4   0   0   0   1  10   0   0   0  28  12   0   6   4   0   0   4   0   0  30  0.66 0.34
  127 Y    -3  -5  -6  -6  -1  -5  -6  -6  -5   6   0  -5   5  -1  -6  -5  -3  -5   1   3    1   0   0   0   1   0   0   0   0  50   6   0  17   2   0   0   1   0   6  16  1.20 0.49
  128 L    -2  -5  -6  -6  -4  -5  -5  -6  -5   4   5  -5   0  -1  -5  -5  -3  -4   0   3    3   0   0   0   0   0   0   0   0  22  50   0   1   1   0   0   0   0   4  19  1.00 0.42
  129 Y    -6  -6  -7  -8  -7  -2  -6  -8  -3  -6  -6  -6  -5  -1  -7  -6  -6  -2  10  -6    0   0   0   0   0   2   0   0   0   0   0   0   0   0   0   0   0   0  98   0  3.45 1.04
  130 N    -2  -4   8   1  -4  -1  -3  -4   2  -6  -6  -4  -5  -6  -5   0  -2  -6  -5  -6    3   0  74   5   0   2   0   0   4   0   0   0   0   0   0   7   2   0   0   0  1.85 0.67
  131 Y    -1   0  -1  -4  -3  -4  -4  -5  -4   5  -1  -4  -2   0  -4  -4  -3  -4   0   5    4   7   4   0   0   0   0   1   0  35   1   0   0   3   0   1   0   0   3  39  0.81 0.37
  132 P    -2  -5  -5  -1  -5  -3  -4  -4  -5  -5  -6  -4  -5  -6   8  -3  -4  -6  -6  -5    2   0   0   4   0   1   0   1   0   0   1   0   0   0  87   1   0   0   0   0  2.63 0.77
  133 T     1  -2   0  -2  -4   1  -2   5  -2  -3  -3  -2  -4  -2  -2   3  -1  -5  -3  -4   10   1   5   2   0   6   2  40   1   1   2   2   0   2   2  22   2   0   1   0  0.62 0.34
  134 A     1   7  -2  -5   0  -3  -4  -6  -4  -5   0  -2  -2  -3  -6  -3  -4  -6  -5  -3   10  71   2   0   2   0   0   0   0   0   9   1   1   1   0   1   1   0   0   2  1.65 0.69
  135 T     0  -5  -1  -2  -5  -4  -4  -3  -5  -2  -4  -4  -4  -2  -5   2   7  -6  -5   0    7   0   2   2   0   0   0   1   0   2   0   0   0   2   0  14  64   0   0   5  1.35 0.65
  136 G     0  -5   2  -4  -2  -3  -5   6  -5  -3  -3  -3  -4  -5  -5  -1  -3  -6  -2   1    8   0   9   0   1   1   0  56   0   1   2   2   0   0   0   5   1   0   2  13  1.01 0.47
  137 K     0  -2  -3  -4   5   1  -4  -4  -4   1  -1  -3   0  -1  -4   0   1  -4  -1   4    7   1   0   0  12   8   0   1   0   8   5   1   2   2   0   6   8   0   3  35  0.50 0.32
  138 D    -1  -1   4   5  -4  -2   0  -3  -3  -4  -5   0  -5  -4   0  -1  -2  -2  -5  -2    5   3  23  38   0   1   6   1   0   1   1   5   0   0   5   4   2   1   0   4  0.83 0.42
  139 I    -3  -5  -6  -6  -4  -5  -3  -6  -5   5   3  -5   6   1  -6  -4  -1  -5  -2   0    1   0   0   0   0   0   2   0   0  32  32   0  20   5   0   1   4   0   1   3  1.06 0.48
  140 D     0  -1  -1   1  -2   0   1  -2   0  -1   1  -1  -2  -3   2   2   2  -4  -1  -2    7   2   2   7   1   4  11   1   2   2  19   2   0   0   8  16  12   0   2   2  0.17 0.19
  141 A     2  -1  -1  -2  -5  -2  -2  -3  -4  -1  -1  -3  -4  -5   6  -1  -1  -4  -5   1   17   3   3   2   0   1   3   1   0   3   7   1   0   0  40   3   3   0   0  12  0.80 0.41
  142 K     0   2  -3   4  -6   0   6  -4  -2  -5  -6   0  -5  -6  -3  -2  -2  -6  -5  -6    7  10   0  22   0   2  47   0   1   1   0   6   0   0   1   2   1   0   0   0  1.08 0.52
  143 V    -2  -2  -4  -3  -4   1  -4  -5  -5   0   1  -4   1  -5  -5  -2   6  -6  -5   1    2   2   0   1   0   6   0   0   0   4  14   0   3   0   0   1  57   0   0   9  1.08 0.56
  144 A     2  -4  -5  -5  -1  -3  -5  -5  -5   3   1  -3   2   0  -5  -3  -1  -5  -3   4   16   0   0   0   1   1   0   0   0  19  12   1   5   3   0   0   3   0   0  37  0.72 0.38
  145 K     3   2   0   0  -2  -1   1  -1  -2  -1  -1   1  -2  -3  -3   0  -1  -4  -3  -1   29  12   4   5   0   1  10   4   0   4   6   9   0   1   0   6   3   0   1   4  0.22 0.20
  146 E     0   4  -1   1  -6   1   5  -4  -3  -5  -5   1  -3  -6  -4  -1  -1  -6  -5  -5    7  27   2   8   0   5  35   1   0   1   1   7   0   0   0   2   4   0   0   0  0.84 0.44
  147 I    -4  -5  -5  -6   4  -5  -6  -7   2   3   5  -6   0   0  -6  -5  -4  -5   0  -1    0   0   0   0  10   0   0   0   6  18  55   0   1   4   0   0   0   0   4   2  1.13 0.50
  148 G     2  -4  -3  -1  -5  -3   0  -3  -5  -5  -5   0  -5  -3   6   2  -3  -6  -5  -3   17   0   1   3   0   0   7   1   0   0   0   6   0   1  44  17   1   0   0   2  1.13 0.53
  149 C    -4   0   7  -2  -2   2  -2  -2   0  -7  -7   0  -4  -6  -5   0  -1  -7  -5  -6    1   5  61   1   1   9   1   3   2   0   0   5   0   0   0   7   3   0   0   0  1.45 0.63
  150 F    -5  -6  -7  -7  -5  -6  -6  -7  -2   7   2  -6   0   2  -6  -6  -4  -6  -4   3    0   0   0   0   0   0   0   0   1  57  14   0   1   7   0   0   0   0   0  19  1.43 0.57
  151 T     0  -2  -4  -5  -3  -1  -4  -5  -5   4  -1  -1  -2  -3  -2  -3  -1   0   0   5    9   2   1   0   0   3   0   0   0  25   4   4   0   1   2   0   2   2   4  41  0.71 0.39
  152 G     3  -6  -4  -5  -6  -5  -6   7  -6  -7  -7  -5  -6  -7  -6  -1  -4  -6  -2  -6   23   0   0   0   0   0   0  72   0   0   0   0   0   0   0   3   0   0   2   0  1.82 0.70
  153 V    -4  -6  -5  -6  -4  -5  -6  -6  -6   5   1  -6   0   3  -6  -5  -2  -5   0   4    0   0   0   0   0   0   0   0   0  33  14   0   1  13   0   0   2   0   3  34  1.06 0.46
  154 K    -3  -2  -5  -5  -8  -3  -4  -6  -5  -7  -7   8  -6  -8  -6  -5  -5  -8  -7  -7    2   0   0   0   0   0   0   0   0   0   0  98   0   0   0   0   0   0   0   0  2.76 1.00
  155 D    -2  -4  -3   6  -7   0   5  -5   0  -6  -5  -4  -6   1  -5  -4  -5  -6  -1  -6    4   0   0  44   0   3  38   0   2   0   1   0   0   6   0   0   0   0   2   0  1.41 0.63
  156 T     5  -5  -4  -5   4  -4  -4   2  -5  -4  -3  -4  -4  -6  -4   2   2  -6  -5  -4   47   0   0   0   8   0   0  13   0   1   2   0   0   0   0  16  14   0   0   0  0.96 0.51
  157 I     0  -3   1  -1   1  -3  -3   0   0  -1  -2  -1  -2  -4  -2   3   4  -5  -4   0    5   0   5   3   3   0   0   6   2   4   4   3   0   0   2  26  27   0   0   8  0.42 0.31
  158 E     0  -4  -2  -1  -5  -3  -2   6  -5  -5  -6  -3  -5  -6   0  -1  -2  -6  -5  -3    8   1   1   4   0   1   3  66   0   0   0   1   0   0   4   4   3   0   0   3  1.26 0.53
  159 N    -3  -3   5   6  -5  -1  -1  -4  -3  -6  -5  -1  -5  -6  -5   2  -1  -7  -3  -5    2   1  24  46   0   2   2   0   0   0   1   2   0   0   0  15   3   0   1   0  1.22 0.55
  160 I    -2  -4  -5  -4  -4  -4  -5  -5  -5   4   4  -5   3   2  -4  -4  -1  -1  -2   2    3   0   0   1   0   0   0   0   0  23  38   0   9   8   1   0   5   1   0  10  0.75 0.36
  161 I     1  -1   1   3  -4   0   3   1  -2  -3  -3  -1  -1  -1  -2   1   0  -3   0  -2   11   3   7  15   0   3  21   9   0   1   1   2   1   3   2   8   6   0   3   2  0.26 0.20
  162 H    -1   5  -3  -2  -5   4  -1  -2   3  -3   0   1  -2  -2  -4  -3  -2  -2   2  -3    6  29   0   2   0  20   3   2   8   1  11   6   1   1   0   1   2   0   7   1  0.58 0.36
  163 T     0  -4  -3  -4   3  -3  -3  -2  -1   2   2  -4   4   0  -2  -1  -1  -4  -2   3   10   0   1   1   6   0   1   2   2  14  16   0  11   5   2   3   3   0   0  23  0.37 0.25
  164 L     1   1  -1  -1  -1   1   1  -1  -1   0   0   0   1  -3  -3   2   1  -4  -2   0   11  10   2   2   1   7   8   4   1   5   7   3   4   0   0  16  11   0   1   8  0.12 0.14
  165 D    -1   3  -1   2  -3   3   4  -4  -1  -3  -1   1  -2  -4  -3  -1  -2   0  -3  -2    6  18   2  11   1  13  26   0   1   1   5   6   1   0   0   4   2   1   0   2  0.48 0.31
  166 Y    -3  -3  -4  -5  -1   0  -4  -6   0   5   3  -3   2   0  -5  -4  -2  -4   2   2    1   1   1   0   1   4   0   0   3  32  28   1   5   2   0   0   1   0   8  11  0.68 0.35
  167 K    -1   3  -2  -3  -2  -1  -1  -4   0   2   1   3   0  -2  -4  -2   0  -4   0   0    4  18   1   0   1   2   3   0   2  16  12  20   2   1   0   2   7   0   3   5  0.30 0.24
  168 R     2   3  -1  -1  -4   2   2  -2   1  -3  -2   1  -1  -3  -3   0   0  -4   0  -3   19  16   2   3   0   9  13   1   4   1   5   9   1   1   1   8   4   0   3   0  0.29 0.22
  169 L     1   0  -1  -2   3   0   0  -2  -1   0   2   0   1  -2  -2   0   0  -3  -2   0   13   5   4   1   9   3   7   2   1   4  23   5   4   0   1   5   6   0   1   6  0.12 0.13
  170 N     0   1   0   0   2  -1  -1   2   1  -1  -1   0   0  -1   1  -1  -1  -3   0  -1    6  12   4   6   5   0   3  20   3   3   8   5   3   2   7   3   3   0   3   3  0.11 0.11
  171 P    -3  -2  -3   2  -5   0   1   2  -2  -3  -5   2  -5  -6   5   0  -1  -6  -5  -5    1   1   0  12   0   3  10  14   1   2   0  15   0   0  31   5   4   0   0   0  0.75 0.38
  172 N    -3   1   2   6  -6  -1   2   1   0  -6  -6  -1  -5  -6  -3  -2  -4  -2  -5  -6    1   6  10  49   0   3  10  12   2   0   0   3   0   0   1   2   0   1   0   0  1.05 0.48
  173 M    -2   1  -6  -6  -6  -5  -6  -6  -2   0   2  -1  -1   8  -6  -4  -5  -2   0  -2    3   8   0   0   0   0   0   0   1   5  15   4   1  57   0   1   0   0   1   2  1.37 0.57
  174 L     2  -1  -1   0   0   0  -2  -3  -2   1   2  -1   0  -2  -3   0   0  -4  -2   1   18   3   3   6   2   4   1   0   1   9  21   4   2   1   0   8   5   0   1  11  0.13 0.15
  175 V    -2  -5  -5  -5   0   0  -3  -6  -4   3   1  -4  -1   1  -5  -3  -1   3   2   4    2   0   0   0   2   5   2   0   0  17  14   0   1   5   0   1   4   4   7  38  0.67 0.36
  176 Y    -5  -6  -6  -7  -6  -6  -6  -7  -4   0   3  -6  -1   4  -7  -6  -4   5   7  -3    0   0   0   0   0   0   0   0   0   4  33   0   1  17   0   0   0   6  38   1  1.51 0.61
  177 S    -1  -4   1  -2   3  -1  -3   0  -4  -2  -2  -3  -4  -3  -4   5   2  -5  -2  -3    4   0   7   2   6   3   0   6   0   2   4   0   0   1   0  50  12   0   2   2  0.74 0.46
  178 G    -3  -7  -5  -6  -7  -6  -7   8  -7  -8  -8  -6  -7  -8  -7  -5  -6  -7  -8  -8    2   0   0   0   0   0   0  98   0   0   0   0   0   0   0   0   0   0   0   0  2.72 0.92
  179 S    -3  -4   2   5  -3  -1   2   0  -3  -3  -1  -3   1  -1  -4  -1  -3  -5  -1  -2    1   0   9  39   0   2  14   7   0   1   8   0   4   3   0   5   0   0   3   4  0.65 0.37
  180 D    -3  -6  -2   8  -2  -4   2  -6  -5  -7  -8  -5  -7  -8  -2  -4  -5  -8  -7  -7    2   0   1  80   1   0  14   0   0   0   0   0   0   0   2   1   0   0   0   0  2.24 0.83
  181 M     2  -2   0   2  -2   0   2   1  -2  -2  -2  -2   1  -1   0   1   0  -4  -3  -1   17   1   3  11   0   3  15  11   1   2   4   0   5   3   4   9   6   0   0   5  0.17 0.17
  182 L    -2  -3  -1  -3   0   1  -3  -5  -1   1   3  -3   3   3  -4  -1   2  -3   1  -1    1   0   2   1   2   9   1   0   2   8  27   0   7  11   0   5  16   0   5   2  0.37 0.28
  183 I     3  -4   0  -3  -1  -3  -3  -2   0   1   1  -3   1   1  -4  -1   2   2  -2   0   29   0   4   1   1   0   1   2   2   8  13   0   3   5   0   3  17   3   1   6  0.31 0.26
  184 A     0  -2  -5  -1  -2  -3  -3  -5  -3  -1   4  -4   1   2   0  -3  -3  -4   0   1    8   2   0   4   1   1   2   0   0   2  52   0   3   8   5   2   0   0   3   8  0.58 0.35
  185 T     2  -2  -1   0  -5   1   0   0   0  -5  -4  -3  -4  -5   6   1  -1  -5  -2  -4   17   2   2   6   0   5   7   8   2   0   1   0   0   0  35   9   4   0   1   0  0.74 0.38
  186 V     1  -2  -3  -5  -4  -4  -4  -1  -2   1   1  -3   3   4  -4   0   0   1   4  -1   12   2   1   0   0   0   0   4   0   7  12   0  10  19   0   7   5   2  14   4  0.42 0.27
  187 A     0  -2   0  -5  -4  -4  -4  -5  -2   1   4  -1   5  -1  -4  -4  -2   3   1  -1    7   2   5   0   0   0   0   0   1   8  41   5  16   2   1   0   1   4   4   3  0.62 0.36
  188 S     4  -2  -2   0  -1   0  -1  -1  -4  -1   0  -1  -1  -3  -1   2  -1  -5  -4   0   36   1   1   5   1   4   2   3   0   3  12   3   1   1   2  16   3   0   0   5  0.32 0.26
  189 T     0  -2  -2  -4   1  -1  -3  -3   1   1   3  -3   3  -1  -4   0  -2  -2   0   2    8   2   2   0   3   4   1   1   4   6  33   0  10   1   0   7   0   0   3  13  0.33 0.24
  190 G    -4  -3  -3  -5  -7  -6  -6   8  -1  -8  -8  -6  -7  -7  -6  -4  -6  -7  -7  -7    0   1   1   0   0   0   0  95   2   0   0   0   0   0   0   0   0   0   0   0  2.52 0.86
  191 L     4  -5  -4  -5  -1  -5  -5   5  -5  -4  -3  -4  -2  -1  -5  -2  -2  -6  -5   1   35   0   0   0   1   0   0  44   0   0   3   0   1   3   0   1   1   0   0  10  1.03 0.50
  192 D     0  -1   0   3  -1   1  -1  -2   4  -2  -3   1  -2  -4   0   0   1  -5  -2   1    6   2   5  16   2   5   1   2  12   2   1   9   1   0   5   7  11   0   1  13  0.26 0.22
  193 G    -1  -6  -4  -5  -6  -5  -6   7  -6  -6  -6  -5  -6  -7  -6  -2   0  -6  -6  -2    4   0   0   0   0   0   0  84   0   0   1   0   0   0   0   2   6   0   0   4  1.99 0.73
  194 N     0  -5  -2  -4   3  -4  -4   0  -4   1   0  -4  -2  -1  -5  -3  -1   0   4   5    9   0   2   1   7   0   0   8   0   5   6   0   0   2   0   1   4   1  13  40  0.59 0.35
  195 V    -4  -6  -5  -6  -4  -5  -6  -3  -6   7  -2  -5  -3  -4  -6   1  -2  -6  -5   4    0   0   0   0   0   0   0   2   0  58   1   0   0   0   0  14   1   0   0  23  1.41 0.60
  196 A     0  -5  -3  -4   1  -4  -4   1  -5  -6  -4  -4   0  -6  -5   7  -1  -6  -6  -5    6   0   0   0   3   0   0   9   0   0   2   0   3   0   0  75   2   0   0   0  1.53 0.72
  197 A     3  -6  -5  -6  -4  -5  -5  -2  -6  -2  -3  -5   0  -5  -5   1  -2  -6  -5   6   23   0   0   0   0   0   0   3   0   0   0   0   2   0   0   9   2   0   0  61  1.25 0.60
  198 G     2  -4  -4  -5   1  -4  -4  -1  -5   2   0  -4  -1  -2  -4  -1   4  -3  -4   2   20   0   0   0   3   0   0   4   0  12   8   0   1   1   0   4  32   0   0  15  0.57 0.36
  199 S     4  -4  -1  -2  -4  -4  -4   0  -1  -5  -5  -4  -4   3  -2   4  -1  -4   2  -4   34   0   2   2   0   0   0   7   1   0   0   0   0  11   1  32   3   0   8   0  0.76 0.46
  200 N    -4  -5   8  -3  -3  -3  -4  -3   5  -8  -8  -5  -6  -7  -3  -3  -5  -8  -6  -7    2   0  78   0   1   1   0   2  14   0   0   0   0   0   2   1   0   0   0   0  2.40 0.89
  201 Y    -1  -5  -5  -6  -4  -2  -4  -3  -4   4   1  -5  -2   4  -5  -3  -2  -2   2   4    5   0   0   0   0   2   0   3   0  21  13   0   0  18   0   1   2   0   7  28  0.68 0.35
  202 L     3  -4   0  -4  -1  -4  -3  -4  -4   2   1  -4   1   1  -4  -2  -2   3   1   3   26   0   5   1   1   0   1   0   0  13  14   0   4   5   0   1   1   4   5  21  0.44 0.29
  203 P     0  -6  -6  -5  -6  -5  -5   3  -6  -7  -7  -5  -6  -7   8  -4  -2  -7  -7  -5    8   0   0   0   0   0   0  20   0   0   0   0   0   0  68   0   3   0   0   0  2.14 0.80
  204 E     0   3   0   1  -5   1   2   0   1  -4  -3   3  -3  -4  -1  -1  -1   0  -1  -3    8  14   4   8   0   4  13   6   4   1   1  25   0   0   2   3   2   1   2   1  0.37 0.24
  205 V     0   1  -2  -1  -3   2   2  -2  -2   1   1   0   0  -1  -2  -2   0  -1  -2  -1    8   7   1   3   0  10  16   2   0   9  20   6   1   3   1   1   7   1   0   3  0.15 0.16
  206 T     2  -4  -2  -5   4  -4  -4  -4   0   1   0  -3   6   1  -4  -1   1  -4   0   1   18   0   2   0   8   0   0   0   2   8   8   1  22   7   0   4   8   0   3   8  0.52 0.33
  207 V     1   3   0  -2   0   1  -2  -2   2  -2   0   1   1  -2  -3   1  -2  -4  -2   1   13  19   3   1   2   7   0   2   7   0   7  10   4   1   0  11   1   0   0  12  0.23 0.22
  208 T     1   1   0   3  -4   3   4  -1  -2  -5  -4   1  -1  -4  -2   0  -1  -5  -4  -4   13   6   3  15   0  12  28   4   0   0   1   7   1   0   2   5   2   0   0   0  0.50 0.31
  209 I    -4  -5  -6  -6  -5  -2  -5  -6  -5   2   3  -5   7   4  -6  -5  -4  -1   1  -1    0   0   0   0   0   2   0   0   0  12  29   0  30  17   0   0   0   1   5   3  1.16 0.51
  210 K    -2  -2  -5  -5   5  -1  -3  -5   1   1   0  -3   1   2  -5  -4  -2   1   5   2    2   2   0   0  13   4   1   0   3   8   8   1   4   7   0   0   2   2  23  19  0.65 0.35
  211 K     1   2   2   3  -4   1   3  -3   1  -4  -3   1  -3  -3  -3   0  -1  -5  -4  -3   12  12   8  16   0   5  19   1   4   0   1  10   0   1   0   6   4   0   0   1  0.41 0.26
  212 L     5  -3  -2  -3  -1  -1  -2  -3  -2  -3   2  -1  -3  -1  -3   0  -2  -3  -1  -3   55   1   2   1   1   3   2   1   1   0  19   4   0   2   0   5   1   0   2   0  0.71 0.43
  213 A     3  -4  -4  -4   2  -3  -4  -2  -2   0   1  -4   1   4  -3  -2  -1   4   2   1   25   0   0   0   5   0   0   2   1   6  10   0   3  18   1   2   3   6   8  10  0.45 0.28
  214 M     0   3   0  -1  -2   0   0  -3   0  -1   2   1   1   0  -3  -1  -1  -3  -1  -1    9  17   4   4   0   4   6   1   2   2  24   9   3   4   0   3   2   0   2   3  0.16 0.16
  215 E     3   1   2   0  -3   2   3  -2  -2  -4  -4   1  -3  -5  -3   1  -1  -5  -4  -3   25   6  12   4   0   9  18   2   1   0   1   6   0   0   0  12   2   0   0   1  0.45 0.30
  216 R    -3  -1   1  -1  -6  -2  -3   7  -2  -5  -7  -1  -6  -5  -4  -2  -5  -6  -3  -6    1   4   7   4   0   1   2  73   1   1   0   4   0   0   1   2   0   0   1   0  1.52 0.60
  217 K    -4   2   3   6  -6   1   0  -4  -1  -6  -6   2  -5  -6  -5  -3  -3  -6  -5  -6    1   9  16  48   0   6   5   0   1   0   0  12   0   0   0   1   0   0   0   0  1.21 0.53
  218 I    -1  -1   0  -2  -3  -1  -2  -3   2   2   1  -2   0   3  -3  -2   0   3   2   1    3   4   6   2   0   2   1   1   6  11  15   1   2  12   1   2   5   5   8  12  0.21 0.16
  219 D     3  -1  -1   2  -3   1   2  -2  -2  -2  -3   1  -2  -4  -1   0   0  -4  -2  -2   25   2   3  13   0   7  17   1   0   2   1   9   1   0   3   7   6   0   1   2  0.33 0.23
  220 E     0   1  -1   0  -4   1   3  -1  -2  -3  -2   2  -2  -4  -2   0   2  -4  -3  -2    7   8   2   5   0   4  22   4   0   1   4  15   1   0   1   5  18   0   0   2  0.34 0.24
  221 A     6  -4  -4  -4   1  -2  -3  -2  -5  -4  -3  -4  -3  -5  -4  -1  -1  -5  -5   0   77   0   1   1   2   1   2   1   0   0   2   1   0   0   0   2   2   0   0   5  1.38 0.60
  222 L     0   4  -1  -1  -4   1   0  -2   0  -1   1   0   1  -1  -3  -2  -2  -2   1  -1    9  27   2   3   0   5   5   3   2   3  17   5   5   2   0   1   2   1   6   3  0.25 0.20
  223 K     2   2   0   0  -4   1   3  -2  -2  -2  -3   3  -2  -4  -2   0  -1  -4  -3  -2   16  12   3   3   0   6  19   2   0   2   2  20   0   0   1   5   4   0   0   3  0.34 0.23
  224 L    -2  -1  -3  -4  -4  -4  -3  -5   0   5   3  -3   0  -2  -4  -3  -2   3   1   0    3   3   1   1   0   0   1   0   2  33  34   2   2   0   0   1   2   4   4   4  0.65 0.33
  225 Q    -2  -1   3   1  -4   5  -1  -2   5  -3  -2   0  -1  -2  -3  -1  -2   0   1  -4    3   2  13   7   0  31   2   2  15   1   5   4   2   1   1   3   1   1   4   1  0.62 0.34
  226 F     0   1   0   1  -1   1   0  -2   2  -1  -1   0  -1   3  -1  -1  -1  -2   2  -1    8  10   3   8   2   6   7   2   6   3   6   5   1  14   3   3   2   0   8   3  0.12 0.11
  227 L     0   1  -1  -1  -1   1   0  -2  -1   0   1   1   0   1  -2   0   0   0   0   0    6  10   2   3   2   6   8   2   1   6  15  11   1   8   1   4   6   1   3   4  0.05 0.06
  228 H    -1  -2   0  -2   1  -1  -2  -3   3   1   3  -2   1   1  -3  -2   0   2   2   0    3   1   5   1   3   2   2   1  10  10  30   2   3   6   1   2   5   3   7   4  0.27 0.18
  229 D     0   0   2   1  -2   1   0  -2  -1  -1   0  -1   1  -1   1   0   0  -2   0  -1    9   5  13   9   1   8   7   2   0   2  12   2   4   3   8   4   5   0   3   2  0.10 0.11
  230 E    -2   2  -1   2  -5   0   1  -4  -3  -4  -3   2  -3   1   5  -2  -3   0   0  -4    3  12   3  10   0   4   9   1   0   0   2  13   0   7  28   2   1   1   3   0  0.61 0.34
  231 V    -3  -2  -3  -6  -3  -4  -5  -6  -5   1   5  -2   2   1  -2  -4  -3  -5  -4   2    2   2   1   0   0   0   0   0   0   7  59   3   4   4   2   1   0   0   0  14  0.89 0.42
  232 I     0  -3  -2  -2   0  -3  -2  -3   2   3   1  -3   3   3  -3  -2  -1   0   1   1    7   0   2   2   2   1   2   1   6  22  13   0  10  14   1   3   2   1   4   7  0.32 0.22
  233 E     0   1   2   1  -4   0   1  -3   0  -1  -1   1  -3  -3   4  -1   0  -2  -1  -3    6   6   9   6   0   4  11   1   2   4   6  11   0   1  20   4   4   1   2   1  0.31 0.20
  234 A     2   1  -2  -2  -3  -2  -2  -1  -1   1   2  -2   0   0  -1  -1  -1   1  -1   1   23   9   2   2   0   0   2   3   2   7  23   1   2   4   3   4   3   2   1   8  0.15 0.16
  235 S    -1  -2   2  -2  -3  -2  -2  -3   2   1   3  -3   3   0  -2  -2  -1   0   1   0    3   2  13   1   0   2   2   2   6   8  29   0  11   3   2   2   2   2   5   5  0.28 0.22
  236 R    -2   3   2  -1  -2  -1  -2  -3   0  -1  -1   2  -2   5  -3  -1  -1  -3  -1  -2    3  19  10   4   1   2   1   1   2   3   5  11   0  26   1   4   3   0   1   1  0.41 0.26
  237 I     1   1  -1  -1  -1   0   0  -1  -1   1   0   1   1   0  -1   0   0   0  -1   0   14   9   2   2   1   2   4   4   1  14   5  12   4   3   2   7   3   1   1   5  0.05 0.08
  238 F     0   0  -1   0  -2   0   0  -2  -1   0   2   0   1   0   0   0  -1   0   0   0    8   3   3   5   0   4   7   3   1   4  25   7   4   5   3   5   3   1   4   3  0.05 0.07
  239 G     0  -1  -1  -1   1  -1  -1   4  -2  -2  -1  -2  -1   0   2   0   0   0  -2  -2    7   3   1   2   3   2   4  35   1   2   5   2   2   4  10   7   6   1   1   3  0.32 0.14
  240 S    -1  -2   1  -3  -3  -2  -3   1  -1  -1  -1  -1  -2   5  -3   1  -2  -2   4  -1    4   1   6   1   0   2   1  11   1   4   5   3   0  27   1  14   2   0  14   3  0.41 0.24
  241 L     1  -3  -3  -3   2  -1  -2  -2  -3   1   0  -2   0   0   4  -1  -2  -2   1   2   12   1   1   1   6   3   2   3   0   9  10   1   2   5  20   4   1   1   5  16  0.30 0.18
  242 S     1  -2  -3  -1  -3  -1   4  -1  -3  -2  -2  -2  -2  -4   0   0   2  -5  -4   2   14   2   0   3   0   2  30   5   0   1   3   0   0   0   4   8  11   0   0  15  0.37 0.29
  243 S     1  -4  -2  -3  -4  -1  -2   0  -4  -3  -2  -2  -2  -3   3   3   3  -5  -2  -1   10   0   1   0   0   2   1   8   0   0   4   2   1   1  15  28  21   0   2   3  0.52 0.35
  244 N     0  -4   6  -3  -4  -3  -4  -2  -3   3  -1  -2  -1  -2  -3  -1  -1  -5  -1   1    7   0  43   0   0   0   0   2   0  16   5   2   1   1   1   3   4   0   2  10  0.74 0.42
  245 Y    -3  -3  -3  -5  -6  -3  -4  -6  -5   0  -4   5  -5  -5   6  -4  -3  -6   1   1    1   0   1   0   0   0   0   0   0   7   0  33   0   0  41   0   1   0   5  10  1.33 0.60
  246 V     3  -3  -4  -3  -4  -2  -1  -3  -3   4  -2   2  -2  -3  -4  -1  -1  -2   1   1   23   0   0   1   0   1   3   1   0  32   2  15   0   0   0   3   4   1   5   8  0.50 0.34
  247 L     3  -5  -5  -5  -2  -4  -4  -2  -5   0   1  -3   0  -3   6  -3  -3  -5  -3   0   26   0   0   0   1   0   1   3   0   6  12   1   3   1  37   0   1   0   1   7  0.90 0.44
  248 T     0  -4  -4  -3  -2  -4  -2   1  -4   2   2  -4   3  -1  -4  -2  -1  -4  -2   4    6   0   0   1   1   0   2  12   0  13  19   0   8   1   0   2   4   0   1  29  0.43 0.27
  249 K     0   0   1  -3  -5   0  -1  -4  -1  -3  -1   5   1  -4  -4   0  -1   1  -2  -1    9   3   7   0   0   4   2   0   1   1   6  47   4   0   0   5   3   2   1   4  0.65 0.39
  250 Y     2   1  -3  -2  -3   0   0  -3   0  -1  -1   1  -2   0  -3  -1   0   6   3  -2   19   9   0   1   0   3   7   1   2   3   6   9   1   2   0   3   7  11  12   2  0.32 0.23
  251 F     2  -2  -4  -4  -3  -2  -3  -2  -3   1   3  -1   2   0  -3  -2  -2  -1  -1   1   22   2   0   0   0   1   0   2   0   7  34   4   5   3   0   1   2   1   2  10  0.37 0.24
  252 Q     0   1  -1  -2  -2   2  -2  -1  -1   0   1   0   5  -2  -3   0  -2  -3  -1   0   10   8   2   2   1  11   1   5   1   4  11   6  23   1   0   6   1   0   2   5  0.29 0.23
  253 G    -2  -3   0  -2  -2  -5  -5   7  -2  -5  -4  -4  -2  -6  -5  -3  -5  -6  -6  -2    2   1   4   3   1   0   0  78   1   1   1   1   1   0   0   1   0   0   0   4  1.67 0.63
  254 Y    -3   1  -4  -4  -2  -3  -4  -5   2   4   2  -1   3   3  -5  -4  -3   3   3   0    1   8   0   1   1   0   0   0   5  23  17   4   9  11   0   0   0   5  10   6  0.55 0.31
  255 D     0  -2   1   2   3  -1   1  -1  -1   1  -2  -1   0  -3   3   0  -1  -5  -3  -1   10   1   7  15   7   2   9   5   1  10   2   2   3   1  14   6   2   0   1   2  0.25 0.19
  256 L     2  -1  -1  -2   0  -1   1   0   0   0  -1  -2   1  -3  -1   1   0  -4  -2   2   19   3   3   2   2   1   9   8   3   4   3   1   4   0   3  12   4   0   0  19  0.14 0.17
  257 G    -1  -4   2   0  -5  -2   1   6  -4  -6  -5  -1  -5  -5   0  -2  -2  -6  -3  -5    4   1   9   4   0   1   9  56   0   0   1   4   0   0   6   2   2   0   1   0  0.99 0.46
  258 Y    -1  -1  -1   0  -4  -2   2   0   1  -2  -1  -1  -3  -2   4  -1   0  -4   2  -1    5   3   2   4   0   1  15   6   3   2   8   3   0   1  24   4   7   0   8   5  0.35 0.24
  259 P    -2  -4  -5  -5   4  -4  -5  -5  -5   2   2  -4   0   0   3  -3  -2  -3   0   4    1   1   0   0   8   0   0   0   0   9  23   0   2   3  17   1   2   0   4  29  0.68 0.36
  260 R    -6   9  -5  -6  -8  -4  -5  -7  -5  -7  -3  -1  -6  -7  -7  -5  -6  -7  -6  -7    0  96   0   0   0   0   0   0   0   0   3   2   0   0   0   0   0   0   0   0  2.85 1.00
  261 P     0   0  -4  -5  -4  -3  -2  -4  -1  -2   5  -2  -1  -3   3  -1  -2  -5  -4  -3    8   5   1   0   0   1   2   1   2   0  56   2   0   0  15   5   2   0   0   0  0.77 0.44
  262 P    -6  -7  -7  -6  -3  -6  -6  -7  -7  -8  -8  -6  -8  -9   9  -6  -6  -9  -8  -7    0   0   0   0   1   0   0   0   0   0   0   0   0   0  99   0   0   0   0   0  3.50 1.14
  263 I    -4  -5  -5  -7  -5  -3  -6  -7  -3   1   6  -6   4   0  -3  -6  -4  -5   0  -1    1   0   0   0   0   1   0   0   1   7  69   0  12   3   2   0   0   0   3   2  1.31 0.56
  264 F     0  -2  -3  -2   3  -1  -3  -3  -2   0   0  -2   0  -1  -1   0   3  -4   1   3    6   2   1   2   6   3   0   2   1   2   8   2   1   2   3   6  26   0   5  23  0.31 0.26
  265 P    -1  -1  -2   2  -5  -2   3  -2  -3  -2  -5  -1  -2  -6   6   0  -1   0  -5  -3    5   2   2  11   0   0  17   3   1   3   0   4   1   0  40   6   3   1   0   1  0.91 0.44
  266 L     1  -3  -4  -5   0  -3  -4  -4  -5   1   4  -3   3  -2   2  -2  -3  -4  -4   1   13   1   1   0   2   1   1   0   0   5  47   1   7   1  10   2   1   0   0   8  0.61 0.35
  267 D    -1  -3   1   2  -3  -1   1  -2   0  -4  -3  -1  -2  -5  -1   4   3  -5  -4  -3    4   1   7  14   0   2   7   1   2   0   2   3   1   0   3  33  19   0   0   1  0.54 0.35
  268 D     1  -1  -1   3  -5   0   4  -1  -3  -4  -2   1  -4  -4   3  -1  -2  -5  -4  -3   10   2   2  15   0   4  28   3   0   1   5   8   0   1  14   3   2   0   0   2  0.47 0.29
  269 E     2  -1  -1   2  -4   2   4  -3  -2  -4  -4   1  -4  -3  -2   1  -1  -5  -4  -2   18   2   2   9   0  10  32   1   1   0   0   7   0   1   2  10   3   0   0   2  0.52 0.32
  270 E    -1  -2   2   2  -1   1   3  -2   3  -3  -2   0   0  -1  -3  -1   1  -3   0  -2    6   1  13   9   1   6  22   2   8   0   3   5   2   3   0   3   9   0   3   2  0.30 0.22
  271 E    -1   3  -2  -3  -1   1   1  -3   2   0   0   2   1  -2  -3  -1   0  -3   0   0    6  18   1   0   1   7   7   1   7   5  10  16   4   1   0   3   5   0   3   6  0.22 0.18
  272 R     2   0  -1   1  -3   1   3  -1  -1  -2  -1   2  -2  -2   0  -1  -1  -4  -3  -2   22   5   2   9   0   6  19   3   1   2   5  13   0   1   4   3   3   0   0   2  0.26 0.20
  273 Q     1   1   0   0  -3   2   2  -2   0   0  -1   2   1  -3  -2  -1   0  -2  -2  -1   13   6   3   4   0  11  14   2   2   7   5  17   3   0   1   3   4   1   1   3  0.18 0.15
  274 L    -2  -4  -5  -5  -3  -3  -3  -5  -4   3   5  -4   0   1  -4  -4  -3  -4  -3   2    3   1   0   1   0   1   1   1   0  13  56   1   1   5   0   1   1   0   0  14  0.85 0.37
  275 I     1   2  -1   1  -3   0   2  -2  -1   0  -1   1  -1  -2  -1   0   0  -3  -2  -1   15  11   2   8   0   3  17   1   1   7   7  11   1   2   2   6   4   0   0   4  0.15 0.13
  276 K     2   1   1   1  -3   2   2  -1   0  -3  -3   2  -3  -3  -2   0  -1  -4  -3  -2   21   6   6   6   0   9  16   3   2   1   2  16   0   1   2   5   3   0   0   2  0.31 0.21
  277 K     2  -2  -2  -1  -1  -2   0  -3  -3   3   2  -1   0  -1  -3  -1   0  -3  -3   1   22   1   1   3   1   1   8   1   0  19  19   4   1   2   0   2   5   0   0   9  0.22 0.18
  278 V    -2  -4  -5  -5  -3  -4  -3  -5  -3   4   4  -4   4  -1  -4  -4  -3  -4  -1   2    4   1   0   0   0   0   2   1   0  21  42   0  13   1   0   0   1   0   2  11  0.78 0.35
  279 E     0   1  -1   0  -4   2   4  -2  -3  -4  -4   4  -3  -4  -3  -1   0  -4  -4  -3   10   6   1   5   0   7  26   2   0   0   1  29   0   0   0   3   6   0   0   1  0.58 0.32
  280 G     1   0   1   0  -3   1   1   0  -1  -2  -3   2  -2  -3   0   1   0  -4  -2  -2   16   5   8   5   0   7   9   6   1   1   2  16   0   0   4  12   5   0   1   3  0.21 0.15
  281 I     1  -3  -4  -5   0  -4  -4  -3  -2   2   4  -4   2  -1  -3  -3  -3   1   0   1   15   1   0   0   2   0   0   2   1  11  42   0   5   2   1   1   0   2   4  10  0.51 0.28
  282 R    -2   4   1  -2  -4   0   1  -1   1  -4  -2   4   2  -4  -1   0  -2  -4  -2  -3    2  28   6   1   0   2   7   3   3   0   5  26   6   0   3   7   1   0   1   0  0.49 0.26
  283 A     3   1  -2  -2  -3   2   1  -1  -2   1  -1   1  -2  -3  -3   0   0  -4  -3  -1   35   6   1   1   0  11   9   3   1  11   4   7   0   0   0   4   4   0   0   2  0.27 0.21
  284 K     1  -1  -1   1  -3   0   1  -2  -2  -1  -1   3  -1  -3  -2   0   0  -4  -2   1   14   0   2   8   0   3   9   2   0   3   6  31   1   0   1   4   4   0   1  12  0.22 0.17
  285 L    -2  -4  -4  -3  -3  -3  -2  -5  -4   2   4  -4   5   1  -4  -3  -2  -3  -2   1    2   0   0   1   0   0   2   0   0  10  51   0  17   5   0   1   1   0   0   8  0.66 0.26
  286 V     0   3  -1  -1  -3   3   1  -2  -1   0   0   2  -1  -3  -3  -1  -1  -3  -2  -1    8  18   2   1   0  16   7   1   1   5  14  18   0   0   0   3   2   0   1   3  0.24 0.15
  287 E    -1   0   1   3  -4   1   4  -2   3  -4  -4   3  -3  -4  -3   1  -2  -4  -3  -4    3   2   4  15   0   6  30   1   8   0   0  19   0   0   0  12   0   0   0   0  0.53 0.21
  288 L     3  -3  -1  -3   0  -2  -2  -2  -3   0   3  -2   1  -1  -3   0   0  -3   1   0   32   0   3   0   2   0   2   0   0   2  34   0   2   1   0   6   4   0   5   7  0.26 0.16
  289 K    -1  -3  -1   1  -4  -1  -1   6  -3  -5  -5   1  -4  -5   1   0  -2  -4  -4  -4    3   0   1   8   0   1   3  64   0   0   0   9   0   0   6   5   0   0   0   0  0.89 0.23
  290 I    -2  -4  -5  -5  -2  -4  -4  -5  -4   2   4  -4   0  -1  -4  -4  -2   3  -2   3    0   0   0   0   0   0   0   0   0   8  61   0   0   0   0   0   0   4   0  27  0.76 0.22
  291 L    -3  -4  -5  -5  -3  -4  -4  -5  -4   3   5  -4   1  -1  -4  -4  -3  -3  -3   0    0   0   0   0   0   0   0   0   0  17  83   0   0   0   0   0   0   0   0   0  1.02 0.26
  292 K     1   2  -1  -2  -3   1  -1  -2  -2  -3  -3   3  -2  -3   2   2  -1  -4  -3  -1   18  11   0   0   0   3   0   0   0   0   0  35   0   0  12  18   0   0   0   4  0.37 0.10
  293 E    -1  -1  -1   1  -4   1   6  -3  -1  -4  -3   0  -3  -4  -2   0  -1  -4  -3  -3    0   0   0   0   0   0  92   0   0   0   0   0   0   0   0   8   0   0   0   0  0.89 0.10

                      K         Lambda
Standard Ungapped    0.1388     0.3177
Standard Gapped      0.0541     0.2670
PSI Ungapped         0.1766     0.3176
PSI Gapped           0.0541     0.2670
