
Last position-specific scoring matrix computed, weighted observed percentages rounded down, information per position, and relative weight of gapless real matches to pseudocounts
            A   R   N   D   C   Q   E   G   H   I   L   K   M   F   P   S   T   W   Y   V   A   R   N   D   C   Q   E   G   H   I   L   K   M   F   P   S   T   W   Y   V
    1 V    -1  -3  -3  -3  -1  -2  -3  -3  -3   2   2  -2   2  -1  -3  -1   2  -3  -2   3    0   0   0   0   0   0   0   0   0  15  26   0   7   0   0   0  21   0   0  32  0.32 0.07
    2 P    -4  -5  -5  -4  -6  -4  -4  -5  -5  -6  -6  -4  -5  -6   9  -4  -4  -7  -6  -5    0   0   0   0   0   0   0   0   0   0   0   0   0   0 100   0   0   0   0   0  3.06 0.60
    3 Q    -2   4   3  -2  -4   1  -1  -3   3  -4  -4   3  -1  -3  -3  -1  -2  -4   1  -2    1  30  17   0   0   4   0   0  10   0   0  25   1   0   0   4   0   0   5   3  0.64 0.25
    4 L    -2   2  -3  -4  -3  -2  -2  -4  -1   2   2   1   1   0  -4  -3  -1   3  -1   1    0  16   0   0   0   0   1   0   2  16  28   9   3   2   0   0   3   5   2  12  0.30 0.16
    5 P     0  -5  -5  -4  -5  -4  -4  -5  -5  -3  -1  -4  -4  -6   8  -3  -4  -6  -5  -4    8   0   0   0   0   0   0   0   0   2   6   0   0   0  84   0   0   0   0   0  2.31 0.54
    6 N     0   0   2   2  -2   1   1   0   2  -4  -3   0  -2  -4   3   1   0  -4  -3  -3    6   4  11  12   1   5  11   7   6   0   1   4   1   0  16  14   3   0   0   0  0.34 0.14
    7 F    -2  -4  -5  -5  -3  -4  -5  -5  -4   5   2  -4  -1   5  -5  -4  -2  -3   0   2    3   0   0   0   0   0   0   0   0  38  16   0   0  27   0   0   2   0   2  13  0.78 0.28
    8 P    -1  -3  -1   1  -5  -3   0  -3  -2  -5  -5   1  -4  -6   7  -1  -2  -6  -5  -4    5   0   3   9   0   0   7   1   1   0   0   8   0   0  63   3   1   0   0   0  1.53 0.41
    9 G    -1  -4   1  -3  -5  -4  -3   7  -4  -6  -6  -3  -5  -6  -4  -2  -4  -5  -5  -5    4   0   8   0   0   0   1  86   0   0   0   1   0   0   0   0   0   0   0   0  1.75 0.46
   10 L    -1  -3  -4  -4  -3  -1  -1  -4  -4   5   3  -3   1  -2  -1  -2  -2  -4  -3   1    5   1   0   0   0   3   4   0   0  42  29   1   3   0   4   3   1   0   0   5  0.51 0.23
   11 K    -2  -1   1   3  -5   1   5  -3   2  -4  -4   1  -2  -3  -2   0  -1  -1  -3  -4    1   2   5  17   0   4  47   1   5   0   1   7   1   1   1   4   2   1   0   0  0.70 0.27
   12 D     1   1   1   3  -3   1   1  -2   1  -2  -2   1  -1  -3  -1   1   1  -4  -3  -2   11   6   4  20   0   6   9   0   3   2   2   8   2   0   1  15  10   0   0   0  0.26 0.13
   13 F    -4  -5  -5  -6  -5  -5  -5  -5  -3  -3  -1  -5  -3   8  -6  -5  -4   6   5  -3    0   0   0   0   0   0   0   0   0   0   3   0   0  65   0   0   0  11  19   0  1.85 0.47
   14 A     0   0  -2   0  -4   2   3   0  -2  -4  -4   4  -3  -4   2  -1  -1  -4  -3  -3    7   3   0   2   0   7  23   7   0   0   0  34   0   0  10   1   3   0   0   1  0.53 0.23
   15 G    -2  -1  -2  -2  -5  -4  -4   7  -4  -6  -6  -4  -5  -6  -5  -1  -4  -5  -5  -6    0   3   1   2   0   0   0  91   0   0   0   0   0   0   0   3   0   0   0   0  1.89 0.49
   16 N    -2   2   0  -1  -4   3   1  -2   2  -4  -4   4  -3  -4   1  -1   0  -4  -3  -2    1  12   3   2   0  13   9   1   6   0   0  38   0   0   6   2   4   0   0   2  0.55 0.23
   17 L    -1  -2  -1  -3   1   1  -1  -1   0   2  -1  -2   0   0  -3   1   0   0   2   3    0   0   4   0   4  10   2   5   3  11   3   0   1   3   0  11   3   1   8  30  0.18 0.15
   18 Y    -3  -4  -4  -4  -3  -4  -3  -5  -2   3   2  -3   2   5  -4  -3  -2  -2   1   2    0   0   0   0   0   0   1   0   1  23  15   1   6  31   0   0   1   0   4  15  0.63 0.23
   19 H    -4  -3  -2  -4  -5  -1  -3  -4  10  -5  -5  -3  -4  -1  -4  -3  -4  -4   2  -5    0   0   0   0   0   2   0   0  84   0   1   0   0   2   0   0   0   0   7   0  2.57 0.60
   20 T     1  -2  -1  -2   0  -2  -2  -2  -2  -3  -3  -2  -2  -3   1   4   3  -3   1  -2    8   1   0   1   2   0   1   1   0   1   2   1   0   0   6  49  20   0   6   2  0.58 0.26
   21 G     2   2  -1  -2   1   1  -1   0   3  -2  -2   0   1  -3  -2   2  -1  -3  -2  -1   22  13   0   0   4   9   0   5  11   0   1   3   5   0   0  19   0   0   0   6  0.26 0.16
   22 N     0   3   1   2  -3   1   1  -2   2  -2  -2   0  -2  -1  -3  -1  -1  -2   2  -1    6  20   8  13   0   7  10   2   6   1   4   1   0   1   0   3   1   0  10   7  0.21 0.13
   23 W    -3  -4  -4  -4   0  -3  -4  -4  -2  -3  -3  -4  -3   3  -4  -3  -3   9   7  -3    1   1   1   1   2   1   1   1   0   1   1   1   0  10   1   1   1  32  45   1  1.84 0.42
   24 P    -1  -1  -1   3  -2  -1   0  -2  -2   0  -2   3  -2  -2   3   0  -1  -3  -2  -1    4   1   1  20   1   1   4   2   1   7   2  26   1   1  17   4   2   0   1   4  0.35 0.13
   25 H    -1   3   2  -1  -3   0   0  -2   4  -3  -2   1  -2   0  -1   1  -1   0   3  -2    2  24  12   1   0   3   3   1  11   1   2   7   0   3   2  10   3   1  12   1  0.32 0.14
   26 E    -1   0   0   3  -1   0   2   1   0  -1  -2   1  -2  -3  -2  -1   0  -3  -2   0    3   3   3  20   2   2  18  14   3   5   3   8   0   0   0   2   6   0   0   8  0.20 0.10
   27 P    -1  -1  -1   0  -3   0   1   0  -2  -2  -1   0   3  -3   5   0  -2  -3   0  -2    4   3   2   6   0   3  11   8   0   0   3   6  13   0  29   5   0   0   4   3  0.43 0.17
   28 V     0  -2   0   2  -2   0   2   0  -2  -1  -1   0  -1  -1  -1   0   1  -3  -1   0    5   0   3  12   0   1  22   8   0   3   6   3   0   3   1   8  10   0   3  10  0.13 0.09
   29 D    -1   0   0   3  -3   1   1   1  -2  -1  -2   1  -2  -3   2   0  -1  -4  -3  -1    3   6   3  23   0   9   8  10   0   4   4  10   0   0  11   3   3   0   0   4  0.25 0.10
   30 F    -4  -4  -5  -5  -4  -4  -5  -5  -3  -1   2  -5   0   7  -1  -4  -4   4   4  -2    0   0   0   0   0   0   0   0   0   1  17   0   1  60   3   0   0   6  11   0  1.28 0.33
   31 S     1   3   0  -1  -1   1   0  -2   0  -3  -2   3  -2  -3  -2   1   0  -4  -3  -2   16  23   3   2   1   3   6   0   3   0   2  21   0   0   0  11   6   0   0   2  0.32 0.15
   32 G    -2  -3   2   3  -4  -3  -1   5   0  -5  -5  -3  -4  -5  -4  -1  -2  -5  -4  -5    1   1   9  23   0   0   1  60   2   0   0   0   0   0   0   2   1   0   0   0  1.08 0.29
   33 Q    -3   1  -2   0  -5   2   1  -4   0  -5  -4   6  -3  -5  -3  -2  -3  -5  -4  -4    0   4   0   4   0  10   9   0   2   0   0  72   0   0   0   0   0   0   0   0  1.16 0.35
   34 R    -3   6   2   0  -4  -1  -2  -3  -1  -3  -3   2  -3  -4  -3  -1  -1  -5  -3   0    0  52   9   6   0   0   0   0   1   0   0  15   0   0   0   3   3   0   0  11  0.77 0.27
   35 V    -2  -5  -5  -5  -3  -4  -5  -5  -5   4   0  -4  -1  -3  -4  -4  -2  -5  -3   6    0   0   0   0   0   0   0   0   0  19   3   0   0   0   0   0   0   0   0  78  1.25 0.36
   36 G     2  -3  -3  -4  -2  -3  -3   1  -4   1   3  -3   1  -2  -3  -2  -2  -3  -3   3   23   0   0   0   0   0   0  14   0   5  32   0   2   0   0   0   0   0   0  24  0.38 0.18
   37 V    -2  -4  -5  -5  -3  -4  -4  -5  -5   4   0  -4   2  -2  -4  -4  -2  -5  -3   6    0   0   0   0   0   0   0   0   0  24   3   0   4   0   0   0   0   0   0  69  1.12 0.33
   38 I     0  -4  -5  -5  -1  -4  -4  -5  -5   6   0  -4  -1  -2  -4  -3  -2  -4  -3   4    6   0   0   0   1   0   0   0   0  55   4   0   0   0   0   0   0   0   0  34  0.96 0.29
   39 G    -2  -5  -3  -4  -5  -4  -4   7  -4  -6  -6  -4  -5  -5  -4  -3  -4  -5  -5  -6    0   0   0   0   0   0   0 100   0   0   0   0   0   0   0   0   0   0   0   0  2.13 0.46
   40 T    -1  -3   1  -2   4  -2  -3   3  -3  -1  -1  -2   1   0  -3   1   3  -3  -1  -2    2   0   8   0  11   0   0  28   0   4   5   0   4   4   0  11  23   0   1   0  0.36 0.17
   41 G    -1  -4  -2  -1  -4  -1  -3   6  -4  -5  -5  -1  -4  -2  -4   0  -3  -4  -3  -5    1   0   0   3   0   2   0  81   0   0   0   3   0   2   0   5   0   0   1   0  1.40 0.35
   42 S     3  -2   4   3  -3  -2  -1  -2  -2  -3  -4  -1  -1  -4  -1   1  -1  -5  -3  -1   31   0  27  20   0   0   0   0   0   0   0   3   2   0   2  12   0   0   0   3  0.53 0.22
   43 S     0  -3  -2  -2  -3  -2  -2  -3  -3  -4  -4  -2  -3  -4  -3   6   3  -5  -4  -3    4   0   0   0   0   0   0   0   0   0   0   0   0   0   0  76  19   0   0   0  1.19 0.40
   44 G     4  -3  -2  -3  -3  -3  -3   5  -3  -4  -4  -3  -3  -4  -3   1  -1  -4  -4  -3   49   0   0   0   0   0   0  42   0   0   0   0   0   0   0   7   2   0   0   0  0.96 0.30
   45 I     0  -3  -1  -2   1  -1  -2  -1  -3   2   1  -3   3  -2  -3  -1   0  -3  -2   3    9   0   3   1   3   2   1   4   0  17  12   0  13   0   0   4   4   0   0  28  0.26 0.14
   46 Q    -3  -2  -1   6  -5   4   2  -3   1  -5  -5  -2  -4  -5  -3  -2   0  -5  -4  -4    0   0   0  55   0  25  12   0   3   0   0   0   0   0   0   0   5   0   0   0  1.16 0.34
   47 V    -1  -4  -4  -5  -1  -3  -4  -4  -4   4   2  -4   1   0  -4  -3  -1   7   0   2    4   0   0   0   1   0   0   0   0  31  15   0   4   2   0   0   2  19   3  19  0.74 0.22
   48 S     3  -3  -2  -3   1  -2  -2  -2  -3   2  -1  -2  -1  -3  -3   2   1  -4  -3   2   37   0   0   0   3   0   0   0   0  12   2   0   0   0   0  20   7   0   0  20  0.42 0.20
   49 P    -1   1  -2  -3  -1  -1  -2  -3  -3   1   2  -2   1  -1   4  -1   0  -3  -2   1    3  11   2   0   1   2   0   0   0   7  27   0   3   1  23   4   6   0   1  10  0.35 0.14
   50 Q     0   0   1   3  -4   1   3   0   1  -3  -3   0   0  -2  -2   0  -1  -4  -1  -3    7   3   8  24   0   7  23   5   5   1   0   2   5   2   0   5   1   0   1   0  0.36 0.15
   51 I    -1  -4  -4  -5  -3  -3  -4  -5  -4   3   5  -4   2  -1  -4  -2  -2  -3  -3   0    5   0   0   0   0   0   0   0   0  18  66   0   5   0   0   3   1   0   0   2  0.78 0.25
   52 A     3  -2  -1  -2   2   1   0  -1   1  -3  -2  -2  -2  -3  -2   3   0  -4  -2  -1   39   1   2   0   5   7   5   2   4   0   1   0   0   0   0  26   2   0   1   5  0.40 0.20
   53 K    -2   1   2   1  -4   0   2  -1   2  -3  -3   2  -3  -4   4  -1  -1  -4  -3  -3    0   9  12   6   0   3  16   5   7   1   1  15   0   0  23   0   1   0   0   0  0.51 0.17
   54 Q    -1  -2  -1  -1  -1  -2  -1  -1   2   2   0  -1  -1   1  -3   0   1   2   0   2    0   1   1   4   1   1   2   4   8  16   8   2   0   6   0   9   9   4   2  23  0.12 0.10
   55 A     5  -3   0  -2   0  -3  -3   0  -3  -2  -3  -3  -3  -3  -3   0  -1  -4  -3   1   72   0   6   1   1   0   0   6   0   0   0   0   0   1   0   2   2   0   0   9  0.79 0.30
   56 A     3   0   0  -1  -3   0   1   0  -2  -4  -4   4  -3  -4  -2   0  -1  -4  -3  -3   29   1   5   3   0   1   8   6   0   0   0  43   0   0   0   4   1   0   0   0  0.54 0.23
   57 E    -1   1   0  -1  -4   3   3  -3   4  -3  -2   2  -1  -4  -3   1   0  -4  -2  -3    3   8   4   0   0  17  20   0  15   1   2  13   2   0   0  12   3   0   0   0  0.43 0.18
   58 L    -2  -4  -4  -4   1  -3  -4  -5  -4   2   2  -4   1  -2   1  -3  -1  -4  -3   4    1   0   0   0   3   0   0   0   0  12  22   0   2   0   8   0   2   0   0  50  0.63 0.23
   59 F    -1  -2  -2   0  -3  -2  -2  -3   4   0  -1  -2  -1   2  -3   1   4  -2   3  -1    1   0   0   5   0   0   0   0  14   7   3   1   1  10   0  10  34   0  11   3  0.40 0.20
   60 V    -2  -3  -4  -4  -3  -1  -4  -5  -1   3   3  -3   4  -1  -4  -3  -2  -3  -2   3    0   0   0   0   0   4   0   0   2  21  34   0  15   0   0   0   0   0   0  24  0.61 0.21
   61 F     0  -3  -3  -3  -2  -3  -3  -3  -3   1   0  -3  -1   4  -3   2  -1  -2   1   3    8   0   0   0   0   0   0   0   0   4   9   0   0  25   0  23   0   0   3  27  0.39 0.19
   62 Q    -1  -2  -2  -2   0   4  -1  -3   5  -1  -3  -1  -2  -3  -3   1   2  -4  -2   1    4   0   0   0   2  28   1   0  21   1   0   0   0   0   0   9  18   0   0  16  0.52 0.24
   63 R    -3   7  -2  -4  -5   0  -2  -4  -2  -5  -3   1  -3  -3  -4  -3  -1  -5  -4  -4    1  85   0   0   0   3   0   0   0   0   1   5   0   1   0   0   3   0   0   0  1.58 0.40
   64 T     0   2   1  -1  -3  -1  -1  -1   1  -3  -3  -1  -2  -4  -2   3   4  -4  -3  -2    6  16   7   2   0   0   0   4   4   0   0   1   0   0   0  28  33   0   0   0  0.46 0.20
   65 P     0  -2  -1   0  -3  -1  -1   3  -1  -4  -4  -2  -3  -4   5   1   0  -4  -4  -3    9   1   2   5   0   1   1  24   1   0   0   0   0   0  39  11   6   0   0   0  0.83 0.20
   66 H     2   0   0   0  -2   1   1  -1   1  -1  -2   0  -1  -3  -1   1   1  -3  -2   1   21   5   4   3   0   6   8   2   4   1   1   4   0   0   1  16   7   0   0  15  0.14 0.09
   67 F     0  -1  -3  -4  -4  -3  -3  -3   4  -2  -2  -3  -1   4  -2  -1  -2   9   3  -2    8   4   0   0   0   0   0   1  13   2   2   0   2  18   2   3   2  31  11   1  1.01 0.26
   68 A     0  -3  -3   0  -1  -3  -2  -1  -4   2   0  -3  -1  -2  -3  -2  -1  -4  -3   5    6   0   0   7   1   0   2   6   0  14   3   0   0   0   0   1   3   0   0  56  0.50 0.22
   69 V    -1  -1  -1   0  -2  -2  -2  -2  -3   2   2  -2   3  -1  -1  -1  -1  -3  -2   2    2   4   2   6   0   1   0   2   0  13  27   0  12   0   3   4   1   0   0  23  0.24 0.13
   70 P     0  -2  -2  -2  -3   0  -2  -1  -3  -2  -1  -2  -2  -2   6   1  -1  -3  -3   1    5   1   1   1   0   6   1   3   0   1   7   1   0   2  44  14   2   0   0  12  0.75 0.20
   71 A     0   5  -2  -2  -3   1   0  -2  -1  -1  -1   1   0  -3  -2  -1  -1   0  -2  -2   11  50   1   1   0   5   6   1   0   3   6   4   3   1   1   2   2   2   0   1  0.51 0.17
   72 R    -1   1   1   1  -2   1   1   1   1  -1  -1   0   0  -2   1   1  -1   1  -2   0    2   8  11   6   0   6   8  11   4   2   4   4   3   0   7  10   1   3   0   9  0.10 0.05
   73 N    -1   0   5   2  -3   0  -1   1  -1   0  -1  -1   1  -1  -2   0  -1  -3  -2  -1    3   4  37  10   0   4   1  11   0   6   6   1   6   3   1   4   1   0   0   4  0.30 0.13
   74 A     0   2  -1   0   0   0   0  -1  -1  -1   0   1   0   0  -2   0   0  -1   2  -1    5  19   1   7   3   5   4   3   0   1  12   8   3   2   1   4   6   0  12   2  0.10 0.06
   75 P     0  -2  -2  -2  -3  -1  -1   2   1  -2  -2   0  -2  -3   5   0  -1  -3   0  -1    8   1   1   1   0   3   2  18   3   1   3   5   0   1  37   7   2   0   3   4  0.60 0.14
   76 L     0  -1  -1   0  -2  -1   0   0  -2   1   0   0   0  -1  -2  -1   2   4   0   0    5   1   1   4   0   2   6   6   0  12  11   9   2   1   1   1  21   6   5   6  0.10 0.07
   77 D     1  -2   1   4  -2  -1  -1   0  -2  -3  -3  -1  -2  -2   3   2  -1  -3   1  -2   12   1   8  27   0   1   1   5   0   1   1   1   0   1  15  17   1   0   6   1  0.40 0.14
   78 P     1   0  -1   0  -2  -1   2  -2  -2  -1  -1   0   1  -2   3   0   0  -3  -2   1   12   4   1   4   0   1  16   1   0   2   4   4   7   1  20   4   6   0   1  11  0.24 0.09
   79 E     0   0  -1   1  -2   0   1   0  -1  -1  -1   1   0   0   1   0   0   2  -1   0    9   3   1  12   0   1  13   9   0   3   6  10   2   6   5   3   5   3   1   8  0.06 0.04
   80 F    -1   0  -1   1  -2  -1   0   0   0  -1   0  -1   0   2  -2  -1   0   6   0  -1    5   5   1   8   0   1   7   7   3   3  13   4   2  10   1   1   5  14   2   5  0.17 0.08
   81 L     0   0   1  -1   0  -1  -1  -1  -2   1   0   0   2  -1  -1  -1  -1   5   0   1    9   4  10   3   2   2   1   4   0   9   8   6  10   1   3   4   1  10   3  10  0.12 0.08
   82 A     1   1   0   1  -2   0   0  -2  -1  -1  -1   2   0  -2  -2   1   1  -3  -2  -1   10   7   2  11   0   2   4   1   0   5   4  19   2   1   1  15  11   0   0   3  0.15 0.09
   83 D    -1   1  -1   0  -2   1   1   0  -1  -1  -1   0   1   2  -2   0   1   1   0   0    1  10   1   6   0   6  12   6   0   1   2   2   5  15   1   6  15   2   2   8  0.10 0.08
   84 L    -1   0  -2  -3  -2   0  -2  -3   0   2   3  -2   3   0  -2  -2  -1  -2   0   1    4   7   1   1   0   4   1   1   2  12  32   1  14   3   1   1   3   0   4   7  0.21 0.10
   85 K     1   1  -1  -1  -2   1   1  -1  -1  -1  -1   2   0  -2   2   0   1  -2  -2   0   13   8   1   2   0   5   9   3   0   3   5  17   3   1   9   3   9   0   1   8  0.13 0.06
   86 K     0   1   0   0  -3   0   1   0  -2  -2  -2   2   1  -3   3   0   1  -3  -1  -2    7   7   4   3   0   1  10   6   0   1   1  18   8   0  16   7   9   0   2   1  0.25 0.11
   87 R    -1   3   0   0  -3   0  -1   2  -1  -1  -2   1   1   0  -2  -1   0   1   0  -1    1  28   5   4   0   2   3  19   0   3   1   7   5   5   1   1   7   2   4   3  0.23 0.12
   88 Y    -2  -3  -3  -4  -3  -1  -3  -2  -2   0   1  -3   0   2  -1  -1  -1   8   4  -2    2   1   0   1   0   4   1   4   0   5  14   1   2  10   3   4   5  26  18   1  0.74 0.22
   89 A     1   0   0   0  -2   3   0   0  -1  -2  -1  -1  -1  -1   1   1  -1  -3  -2  -1   14   5   4   5   0  21   4   8   0   0   8   0   0   3   6  13   2   0   0   5  0.16 0.11
   90 E     0   1   0  -1  -2   1   1  -2   1  -1  -1   0   0  -1   1   0   1   0   1  -1    8   9   6   0   0   5  11   1   3   4   6   6   4   0   8   4  11   2   8   3  0.11 0.07
   91 F    -1   1   0   0   0   0   1  -3  -2   0   1   0   1   2  -2  -1  -1   2  -1  -1    3  12   4   7   2   5   9   1   0   7  17   4   3  16   0   4   2   3   0   1  0.10 0.08
   92 R    -2   4   1  -1  -3   0  -2  -1  -2  -1   2   0  -1   1  -3  -2  -2   4  -2  -1    3  32   7   2   0   2   1   5   0   3  24   5   0   5   0   1   1   7   0   2  0.35 0.19
   93 E    -1   0   1   0  -1  -1   0  -1   0   0   1   0   2   0  -2  -1   1   3   1   0    4   5   7   4   2   0   7   5   1   3  13   7   9   2   0   1  11   5   7   7  0.05 0.07
   94 E    -1   1   2   1  -3   1   1  -1  -1  -1   0   0   0  -1   0   0   0   0  -1   0    3  12  12  10   0   5  13   5   0   2   9   1   3   2   5   3   4   2   2   6  0.10 0.07
   95 S     0   0   3   1   0  -1  -1   0   1  -1  -1  -1  -1   1  -2   0  -1   4   0   0    6   6  19   8   2   2   1   8   4   2   7   2   0   6   1   7   1   8   2   8  0.14 0.10
   96 R    -1   3  -2   0  -3   0   0  -2   1  -2   1   2   0   2   0  -1  -2  -2  -1  -2    6  20   0   5   0   4   6   3   4   0  15  15   2  13   4   2   1   0   0   1  0.18 0.13
   97 N     0   0   4   0  -3  -1   0  -2   3  -1  -2   0   0  -2   1   0   0  -3   0  -1    8   6  25   4   0   0   6   1   9   3   4   4   3   0   9   5   6   0   3   3  0.22 0.13
   98 T     0  -2   0  -2   0  -2  -2   0  -2   1   0  -1  -1   0   1   0   2  -3  -2   1    6   1   5   1   2   0   1   8   0   7  10   4   0   5   8   8  17   0   0  16  0.10 0.09
   99 P     1  -2  -2  -1  -2  -2  -1  -2  -3   1   0  -1   0   2   4  -1  -1  -2  -1   0   16   1   1   3   0   1   4   3   0   9   9   2   2  13  26   1   2   0   0   8  0.35 0.15
  100 G     0  -1  -1  -2   0  -2  -2   1   3   2   1  -2  -1   0  -2   0  -1  -2   1   1    5   3   2   1   2   1   1  12  10  22  11   1   0   2   1   6   3   0   7  12  0.12 0.10
  101 G     1   0  -1  -2  -2   1  -1   1   0  -1   0  -1  -1  -2  -2   1   2   2   0  -1   10   4   2   1   0   8   1  11   2   2  10   1   0   1   1  13  20   3   5   4  0.13 0.10
  102 T     0   1   0   1  -2   0   1   0  -2  -2  -1  -1  -1   1  -2   0   0   5   0  -1    8   9   3   9   0   2   9   6   0   1   6   1   0   9   1   9   8  12   2   3  0.19 0.10
  103 H     1  -2  -2   0  -2   0  -1  -1   2  -1   0   0   0   1   0  -1  -1   6   0   0   16   1   1   5   0   4   1   5   6   1   7   7   2   8   6   1   3  16   1  10  0.26 0.12
  104 R    -1   0  -1  -2  -2   0   0  -1  -1   1   1   0   0   1  -2  -1  -1   4   0   0    3   7   2   1   0   6   8   4   0  13  20   4   2   6   1   3   1   7   4   6  0.08 0.06
  105 Y    -1   1  -1   0  -2   0   0  -1   2   0   0  -1   0   1  -2   0  -1   1   4   1    4   8   3   4   0   3   5   3   6   4   7   1   2   3   1   7   1   2  22  14  0.14 0.10
  106 Q    -1   2   0   0  -2   2   2  -1  -1  -1   0   1   1  -1  -2   0   0  -2  -2  -1    2  17   2   3   0  10  13   3   0   2   9   7   6   3   1   7   8   0   1   4  0.14 0.09
  107 G     0  -1   0   1  -2   0   0   2  -1  -1   0   1   0  -1  -1   0   0  -2  -2  -1    8   2   3  11   0   3   6  16   0   3  15  10   2   3   1   8   5   0   1   1  0.08 0.06
  108 P     1   2   1  -1   2   0   0  -2  -1  -2   0  -1   1  -2   1   0   0  -2  -1  -1   12  16  11   3   5   4   6   2   0   1  11   1   4   1   8   6   4   0   2   1  0.12 0.09
  109 K    -1   1   2   0   0   1   0  -1   0   0   0   1   1   0   0  -1  -1  -2   0   0    1  10  13   4   2  10   4   3   2   8  11   8   5   4   3   3   1   0   2   5  0.06 0.06
  110 S     0   0   2   1  -1  -1   0   0  -1  -1  -2   1  -2  -2   0   2   0   1  -1   0    6   4  11  10   2   1   3   7   0   4   3  11   0   1   4  18   4   2   2   8  0.11 0.08
  111 A     3  -2   1  -2  -2  -1  -2   0   0  -2  -1  -1  -2   2  -2   0   0   5  -1  -1   37   1   7   1   0   2   1   6   2   1   6   4   0  10   1   4   6   9   0   3  0.31 0.18
  112 L    -2  -2  -2  -3  -3  -2  -1  -3  -2   1   2  -2   1   2   4  -1   1  -2   2  -1    1   2   1   1   0   0   4   1   0   8  20   1   5   8  21   5  11   0   8   3  0.33 0.17
  113 E     0   1   1   0  -2   0   2   0  -1  -1  -2   1   0  -2  -2   1   1  -3  -2   0    9  11   6   3   0   1  16   7   0   3   1   8   2   2   1  10  12   0   0   8  0.13 0.10
  114 V     0   0  -2  -1   0  -1  -1   0  -2   0   2   0   1   0  -2   0   0  -2  -1   1    9   4   1   3   2   1   5   6   0   4  25   6   3   2   1   8   6   0   2  13  0.05 0.07
  115 S     0   0   0  -1  -2   0  -1   1   2  -1   0   0   1  -2   1   2   0  -2   0   0    7   4   4   1   0   2   1   9   6   3   8   8   5   1   6  21   4   0   3   6  0.08 0.08
  116 D     1   2   0   1  -2   0   1   0  -1  -1  -1   0   0  -1   2   0   0  -3  -2   0   12  16   3   8   0   2   9   6   0   2   5   3   4   2  10   4   5   0   0   7  0.12 0.08
  117 E     0   0   0   0  -3   1   3  -1  -2  -1  -3   3  -2  -2   2   0  -2  -3  -1  -3    6   2   4   5   0   6  25   3   0   4   1  21   0   2  12   5   1   0   2   1  0.35 0.18
  118 E    -1   0   0   1  -3   1   2  -2   0  -2   0   0   0  -1   1  -1   0   4  -1  -1    3   5   4   9   0   6  20   1   2   1  10   7   2   2   5   3   7   7   2   4  0.18 0.11
  119 L    -2   2  -2  -1  -1  -1  -2  -3  -2   2   2  -1   3   1  -3  -1   1   1  -2   0    1  19   0   4   2   2   1   1   0  13  19   2  11   6   0   3  10   2   0   5  0.20 0.15
  120 V    -1  -2  -2  -1   0   0   2  -1   1   0   1  -1   4  -1  -3   0   0   1  -2   2    2   0   0   2   2   2  15   6   4   4  11   2  16   2   0   6   7   2   0  16  0.15 0.15
  121 E     1   1   0   2  -3   1   2  -1  -2  -3  -2   1  -2  -3   2   0   0   1  -3  -2   16  10   5  14   0   6  13   2   0   0   4   9   0   0  11   2   4   2   0   2  0.24 0.14
  122 T     1  -2  -2  -2  -2   2  -1  -1  -2   0   1   0   2   0   0   1   0  -3  -2   1   12   0   0   0   0  12   3   4   0   2  21   5   7   4   4  10   6   0   0   9  0.11 0.12
  123 L    -1   0  -3  -3  -2   0   0  -3  -2   1   1  -2   2   3  -2  -2  -1  -2   1   2    2   6   0   0   0   5   6   1   0   8  17   0   9  14   2   1   2   0   5  20  0.22 0.15
  124 E    -2   0   3   0  -3   3   3  -3  -1  -1   0  -1   1   0  -1   0  -1  -3  -2  -2    1   4  15   3   0  15  27   1   0   3  10   1   4   4   2   5   2   0   0   2  0.31 0.19
  125 R     0   1   1   2  -3   0   0   2   1  -2  -3   2  -2  -3   0  -1  -2  -3  -3  -2    5   7   9  16   0   4   5  18   4   2   1  19   0   0   5   2   1   0   0   3  0.28 0.15
  126 Y    -1   2  -1  -1  -2   0   1   1   1   0   1   0   1  -1   0  -1  -1   0   0   0    4  14   1   3   0   2  11  11   4   3  18   3   5   0   4   3   1   1   4   7  0.06 0.08
  127 W    -2  -3  -4  -4  -3  -3  -3  -4  -3  -2   2  -1   2   2   1  -2  -1   9   0   1    3   1   1   1   0   0   1   1   0   1  18   4   7   7   6   3   3  32   2  10  0.91 0.31
  128 Q     0   0   2   0  -2   2   0   0  -1  -2  -2   0  -1  -1   2   1   2  -3  -2  -1    5   4  10   6   0  12   2   5   0   1   1   7   2   4  12   9  15   0   0   6  0.19 0.11
  129 E     0   1   0   2  -3   1   2   1   3  -3  -3   0  -2  -3  -2   0   0   1  -2  -2    7  10   4  13   0   5  15  10  10   1   2   5   0   1   1   8   5   2   1   1  0.22 0.11
  130 G     0  -1   0   0  -2  -1   1   2   1   0   0   0  -1  -2   1  -1  -1  -2  -2  -1    5   1   4   5   0   1  11  22   4   9  12   7   0   1   8   3   3   0   1   3  0.12 0.08
  131 G    -1  -2   0  -1   0  -1  -1   3   1   0  -1  -1   0   0   0  -1   1  -2   0  -1    1   1   5   3   2   1   4  28   5   6   7   3   2   5   5   1  13   0   5   1  0.16 0.11
  132 P     0  -1   0  -2  -3  -1  -2  -2  -1  -2  -2  -2  -2   3   5  -1  -2  -1   4  -1    8   3   4   1   0   2   1   3   0   1   2   1   0  12  30   4   1   0  21   3  0.63 0.23
  133 D     0   0   0   2  -2   0   0   2   0  -1  -1   0  -1   1   0   0  -1  -2   0   0    5   5   3  14   0   3   3  19   2   1   5   6   0   7   3   7   3   0   4   9  0.09 0.06
  134 I     0   0  -2   0  -2  -1  -2   0  -2   0   2  -1   1   1  -2  -1   0  -2   1   0    7   7   1   7   0   1   1   9   0   5  29   1   4   6   1   3   5   0   5   7  0.07 0.07
  135 L     0  -1   0  -2  -1   0  -1   0  -2   1   1   0   1   0   0   0  -1  -2  -1   1    9   1   5   1   1   3   2   6   1  10  22   6   4   5   4   9   2   0   1   9  0.04 0.05
  136 A     2  -2  -2  -2  -2   0   0   1   0  -2  -1  -1  -1   0   3   0  -1   2  -1  -1   23   1   1   1   0   5   6  10   3   1   6   1   1   5  19   4   3   4   1   5  0.25 0.12
  137 A     1  -1   0   1  -2  -1   1   1  -1  -1  -1   0  -1   0   1   0   0  -2  -1  -1   16   1   4   8   1   1  13  13   1   5   8   5   1   5   8   2   7   0   1   2  0.10 0.06
  138 Y    -2  -2   0  -1  -2   0  -1  -1   0   1   0  -2  -1   4  -2  -2  -1   2   3   0    2   1   6   3   1   6   3   4   2  14  10   2   1  24   1   2   2   3  10   4  0.21 0.11
  139 R     0   2   1   0   1   1   1   2  -1  -1  -2   0  -2  -2   1   0  -1  -2   0  -1    7  15  10   3   4   5  10  16   0   3   2   3   1   1   7   4   1   0   4   3  0.14 0.08
  140 D     1   1   0   3  -2   0   0   0   0  -2  -2   1  -2  -1   0  -1   1  -3  -2  -1   12   7   3  27   0   4   1   6   2   1   1  11   0   3   3   1   9   0   1   6  0.21 0.13
  141 I     0   0  -2  -2  -2   1   0  -2  -1   1   2  -1   1   0  -2   0   0  -2   1   0   11   7   1   1   0   7   9   1   0  11  23   1   2   3   1   9   3   0   7   3  0.08 0.08
  142 L     0   0   0  -2   0  -1  -1  -2  -2   0   2  -1   2   0  -2   0  -1  -2   1   1    7   6   6   1   2   3   4   1   0   1  30   1   7   4   1   9   3   0   5   9  0.10 0.09
  143 R     1   1   0  -1  -2   1   0   1  -1  -1   0   1   2  -1  -2   0   1  -2  -1  -1   12   8   3   1   0   6   5  10   0   1  10  11  10   3   1   5   9   0   2   1  0.08 0.08
  144 D     0   0   1   3  -2   1   1   0   2  -1  -1  -1  -1  -1  -2   0  -1  -2  -1   0    6   6   8  18   0   9  12   5   6   4   4   1   1   4   1   4   1   0   1   8  0.14 0.08
  145 R     0   1  -1   0  -2   1   0  -2  -1   0   0   1   1  -1   2   0   0  -2  -1   0    5   9   2   4   0   7   6   2   1   5   9   9   6   3  12   8   7   0   1   5  0.11 0.06
  146 D     0   0  -1   2  -2   0   1   0   1  -1  -1   0   0  -1  -1   0   0  -2  -1   0    4   4   1  16   0   1  13   7   4   3   4   8   2   3   1   7   7   0   1  13  0.09 0.07
  147 A     3   0  -2  -2  -1  -1  -1   0  -2  -1   0  -1   0   1   1   0  -1  -2  -1   0   33   6   1   1   1   1   3   7   1   1   8   2   3   8   6   6   2   0   1   9  0.13 0.10
  148 N    -1   0   5   3  -3   1  -1  -2   0   0  -2  -1  -2  -2  -1  -1  -1  -3  -2  -1    4   4  33  21   0   6   2   2   3   7   4   1   1   1   3   2   1   0   1   5  0.40 0.18
  149 E     0   1   1   2  -2   0   1   0  -1   0  -2   0  -1   1   0   0  -1  -2   0  -1    9  11   6  19   0   3   7   5   0   6   2   5   1   9   3   3   1   0   2   6  0.10 0.07
  150 R     0   1  -1   0  -2   2   2  -1   0  -1  -1   0   0   0  -1   0  -1  -1   2  -1   10  11   1   3   0  12  15   5   2   1   7   3   3   5   1   3   3   0   9   5  0.10 0.08
  151 V     0  -1  -2  -2  -2  -1  -2   0  -2   1   2   0   1   0  -2  -1  -1   2   2   1    9   3   1   1   0   1   2  10   1   6  27   5   4   1   1   2   4   4   8  11  0.10 0.08
  152 A     0   0   0  -1  -2   0   0   0  -1  -1  -1   0   3  -1   1   0   0  -1   2  -1    9   6   4   1   0   5   7   8   1   1   4   7  14   1   6   8   4   0   9   5  0.08 0.08
  153 E     0   1   1   2  -2   2   2  -2  -1  -2  -1   1   0  -2   0  -1  -1  -2  -2  -1   10   7   7  11   0  14  16   2   1   1   7   7   2   1   4   2   1   0   1   5  0.17 0.09
  154 F    -1   0  -1   0   1   0   0   0  -1   0  -1   1  -1   3  -2  -1   0  -1   1  -1    5   6   1   6   3   5   6   8   1   7   2  10   1  21   1   2   7   0   3   4  0.08 0.07
  155 I    -1  -2  -2  -1  -2  -1  -2  -3  -2   5   1  -2   2   1  -2  -2  -1   3  -1   1    6   1   1   3   0   3   1   2   1  44   8   1   6   5   1   2   1   5   1   7  0.37 0.17
  156 R    -1   5   0   0  -3   0   1  -2  -1  -3  -1   2  -2  -3  -2   0  -1  -3  -2  -2    4  41   5   5   0   1   7   2   1   1   5  15   1   1   1   4   3   0   1   2  0.47 0.18
  157 N     1   1   0   1   1   3   0   1  -1  -2  -1   0  -1  -2  -1   0  -1  -2  -2  -2   14  10   3   8   3  20   1  14   0   1   6   5   0   1   3   7   1   0   1   1  0.19 0.11
  158 K    -1   4   1  -1  -3   2  -1   0   2  -3  -2   3  -2  -2  -2  -1  -1   2  -2  -2    4  28   7   1   0   8   2   7   5   1   2  22   1   1   1   2   1   3   1   2  0.37 0.14
  159 I    -1  -2  -1  -2  -2  -2  -1  -2  -2   3   1  -2   2   0  -2  -1   0  -2  -1   2    4   1   3   1   0   1   4   2   1  24  13   1   7   4   1   2   7   0   1  22  0.20 0.10
  160 R     1   2   0   3  -2   0   0   0   2  -2  -2   1  -2  -2  -1  -1  -1  -2  -2   0   13  16   1  22   1   1   5   6   5   2   3  10   1   1   2   2   2   0   1   7  0.19 0.09
  161 N     1   0   1   0  -2   1   1   1   2  -2  -2  -1   0  -2   0   2   0  -2  -1  -2   13   3   8   3   1   7  11   9   6   1   2   2   3   1   4  20   2   0   3   2  0.15 0.08
  162 T     0   1  -2  -2  -2   0  -1  -2  -2   3   1  -1   0  -1  -2  -1   1  -2  -2   1    6  10   1   1   0   4   3   2   1  32  13   4   1   1   1   3  10   0   1   6  0.16 0.11
  163 V     0  -2  -2  -2  -1  -2  -2  -2  -2   3   0  -2   2   0   0  -2  -1  -2  -1   4    6   2   1   2   1   1   2   2   1  17   3   2   7   4   4   2   2   0   1  42  0.32 0.14
  164 R    -1   1  -1   1  -2   0   0  -2   2  -2  -2   4  -2   0   0  -1   0  -2  -1  -1    5   7   1   7   0   4   2   2   7   1   2  35   1   4   4   2   8   0   1   6  0.25 0.13
  165 D    -2  -1   1   6  -2  -1   1  -1  -1  -2  -2   0  -2  -2  -1   0  -1  -2  -2  -2    3   2   6  51   1   1   9   3   1   2   3   4   1   1   2   5   2   0   1   2  0.63 0.17
  166 P    -2  -2  -2   0  -3   0   0  -1  -2  -3  -3  -1  -2  -3   7  -1  -2  -3  -2  -2    2   2   1   6   1   4   7   5   1   2   3   3   1   1  56   2   2   0   1   2  1.11 0.24
  167 E     2   0  -1   2  -2  -1   1   0  -2  -1  -2   0  -1  -2  -1   0   0  -2  -2   1   30   6   1  14   0   1  10   4   1   3   2   6   1   1   1   2   4   0   1  11  0.16 0.10
  168 V    -1  -1  -1  -2  -1  -1  -1  -2  -2   0   2  -1   0  -1  -1   0   3  -2  -1   1    2   4   1   2   1   1   2   2   1   4  27   2   1   1   2   5  27   0   1  14  0.20 0.11
  169 A     3   2   1  -2  -2   0  -1   0  -1  -1  -2  -1   1  -2  -1   0  -1   1  -2  -1   41  14   8   1   1   3   2   6   1   4   2   2   5   1   1   2   2   2   1   2  0.25 0.14
  170 E     1   0  -1   3  -2   0   3  -1  -1  -2  -2   1  -2  -3  -1   0  -1  -3  -2  -2   17   3   1  23   0   3  23   2   1   1   2  12   1   1   1   4   1   0   1   2  0.34 0.14
  171 R     1   0   0   1  -2   0  -1   1   2  -1  -1   2  -1  -2  -1   0   0  -2  -1   0   12   5   3   8   0   3   1  11   8   3   4  21   0   1   1   3   7   0   1   6  0.11 0.08
  172 L    -2  -3  -3  -1  -2  -3  -3  -3  -3   0   4  -3   0   3  -3  -3  -2  -2  -1   1    1   1   1   5   0   1   1   1   0   1  59   1   0  15   1   1   1   0   1   8  0.55 0.22
  173 V     1  -1   0  -1   1  -1  -1   0  -2   1  -1   2   0  -2  -1   0   2  -2  -2   0   10   1   3   3   3   1   2   6   1  11   4  19   3   1   1   4  22   0   1   3  0.12 0.10
  174 P    -2  -3   0  -3  -4  -3  -2  -3  -3  -4  -4  -2  -3  -4   8  -2  -2  -4  -4  -3    1   1   5   1   0   1   1   1   0   1   2   1   0   1  79   1   1   0   1   1  2.01 0.44
  175 K    -1   0   1   1  -2   0   0   0   0  -2  -1   1   0  -2   0   2   0   1  -1  -2    3   4   8  11   1   4   2   6   3   2   5  14   3   1   4  20   7   2   1   2  0.12 0.06
  176 G    -1   0   0   0  -2  -1  -1  -1   0   0  -1  -1  -1   0   1   0   0   6   4  -1    3   5   4   4   1   2   3   5   1   6   4   3   1   2   7   6   5  12  24   3  0.30 0.09
  177 Y    -2  -2   2  -2  -2  -1  -1  -2   4  -1  -1  -2  -2   2   1  -2  -2  -1   6  -2    2   1  13   1   0   1   4   2  13   3   5   1   1   7   7   2   1   0  33   2  0.50 0.19
  178 P     1   2  -2   0  -3  -1  -1   0  -2  -3  -2  -1  -2  -3   5   0  -1  -3  -3  -2   12  13   1   5   0   2   1   8   0   1   5   1   0   1  36   8   3   0   1   1  0.58 0.18
  179 F     0  -2  -2  -2  -2  -2  -2   0  -2   1   0  -2  -1   4  -2  -1  -1   6   3   0    9   1   1   1   0   1   2   7   1  10   8   1   1  20   1   2   4  12  10   7  0.31 0.12
  180 G    -1  -2  -1   2  -3  -2  -2   4  -2  -1  -1  -2   2  -1  -2  -1  -1   5   2  -2    3   1   1  13   0   1   1  37   0   3   5   1   7   2   1   1   4   9   7   1  0.44 0.18
  181 T     1  -2   0  -2   7   0  -2  -1  -2  -1  -2  -2  -2  -2  -2   0   0  -2  -2  -1   17   2   5   2  38   4   2   5   1   4   3   2   1   1   2   6   4   0   1   4  0.58 0.16
  182 K    -2   2  -1  -2  -3   3   1  -2  -1  -3  -3   5  -2  -3  -2  -1  -2  -3  -2  -3    2  11   1   1   0  14   5   1   0   1   2  55   0   1   1   1   1   0   1   1  0.73 0.24
  183 R    -3   7  -2  -3  -4  -1  -2  -3   1  -4  -2   0  -3  -4  -3  -2  -3  -4  -3  -4    1  82   1   1   0   1   1   1   4   1   4   1   0   0   1   1   1   0   0   1  1.46 0.40
  184 L    -2  -3  -3  -3   1  -2  -2  -3  -3   2   1  -2   1  -2   6  -2  -2  -3  -3   0    1   1   1   1   3   1   1   1   0  17  19   1   3   1  43   1   1   0   0   5  0.81 0.22
  185 I    -1  -3  -2  -3   7  -2  -3  -3  -3   0   2  -3  -1  -2   0   0   2  -3  -2   1    1   1   1   1  30   1   1   1   0   3  25   1   0   1   6   6  13   0   0   9  0.54 0.20
  186 L    -2  -1  -3  -3   4  -2  -3  -3  -2   0   2  -2   2   4   2  -2  -2  -2   0   1    1   4   1   1  13   1   1   1   0   3  19   1   7  24  12   1   1   0   1   9  0.35 0.15
  187 E    -1  -1   2   2  -3  -1   1   1   5  -3  -3  -1  -2  -3   0   1  -1  -3  -1  -3    4   1  14  11   0   1  12  14  20   1   2   1   0   1   4  12   1   0   1   1  0.35 0.14
  188 I    -1  -1   2   4  -3   2   0   1   0  -2  -3  -1  -2  -3  -2   0   0  -3  -2  -2    2   1  11  37   0  10   1  12   3   3   2   1   1   1   1   6   5   0   1   1  0.42 0.15
  189 D    -1  -2   1   3  -3  -1   1   3  -2  -2  -2  -1  -2  -2   1  -1  -1   3  -2  -2    2   1   7  25   0   1  11  25   0   1   4   1   1   1   6   2   4   5   1   3  0.35 0.12
  190 Y    -2  -2  -2  -1  -2  -2  -2  -3   0  -2   1  -2  -1   2  -2  -1  -2   4   7  -2    2   1   1   4   1   1   2   2   1   1  14   2   1   6   1   3   2   6  49   2  0.76 0.22
  191 Y    -2  -2  -2  -3  -2  -2  -2  -3  -1   1   2  -2   2   3  -2  -2  -2   0   5  -1    2   1   1   1   0   1   1   2   1   9  24   1   7  11   1   2   1   0  31   2  0.47 0.16
  192 E     0   1   0   0  -2   1   3  -1   1  -2  -2   1  -2  -1   2   0  -1  -2  -1  -1    9   8   3   3   0   7  25   3   3   1   2   8   1   4   9   7   1   0   1   3  0.22 0.08
  193 M     3  -2  -1  -2   1  -1  -1  -1  -2  -1  -2   0   0  -2  -1   1   3  -2  -2   0   37   1   1   1   3   1   2   2   1   4   2   4   3   1   1   5  27   0   1   3  0.31 0.15
  194 F    -2  -3  -3  -3  -2  -3  -3  -3  -2   2   2  -3   0   5  -3  -3  -2  -1   3  -1    1   1   1   1   0   1   1   1   0  17  21   1   0  37   1   1   1   0  10   1  0.59 0.19
  195 N     0   0   5  -1  -3   1   0  -2  -1  -2  -1   0  -2  -3  -2   1  -1  -3  -2  -2    8   5  42   1   0   8   4   1   0   3   7   5   0   1   1   9   1   0   1   1  0.41 0.17
  196 R     0   5   0  -2  -3   2   0  -3   1  -3   0   2  -2  -3  -2  -1  -2  -3  -2  -2    9  37   3   0   0   7   5   1   4   0  11  17   0   0   0   3   1   0   0   1  0.44 0.19
  197 D     0  -3   0   3  -3  -2  -1   1   0  -4  -4  -2  -3  -4   6   1  -2  -4  -3  -3    5   0   3  18   0   0   3  12   3   0   1   1   0   0  40  11   1   0   0   1  0.83 0.24
  198 N    -2  -2   7   0  -4   0  -2  -1   5  -4  -4  -1  -3  -4  -3   0  -2  -4  -2  -4    3   0  60   3   0   3   1   3  15   0   1   3   0   0   0   6   1   0   0   1  1.06 0.34
  199 V     0  -2  -3  -3  -2  -1  -3  -2  -3   1  -1  -3  -1  -2  -3  -1  -1  -3  -2   5    5   3   1   1   0   3   1   3   0   4   1   1   0   1   1   5   1   0   0  70  0.69 0.27
  200 H     0   1   0   1  -2   0   2  -1   1  -1  -2   1  -2  -2  -1   1   2  -2  -2  -2    4   8   1   8   0   1  16   4   5   3   2  12   1   1   1  11  21   0   1   1  0.19 0.09
  201 L    -1  -2  -2  -2  -2  -2  -2  -2  -2   1   4  -2   2  -1  -2  -1  -1  -2  -1   1    5   1   1   2   1   1   2   2   1   3  56   2   3   1   1   5   2   0   1  10  0.35 0.13
  202 V     1  -2  -2  -3  -2  -2  -1  -2  -3   2   0  -2  -1  -2  -2  -2  -1  -3  -2   5   10   1   1   1   0   1   4   2   1  12   2   1   1   1   1   2   1   0   1  57  0.49 0.19
  203 D    -1  -1   0   6  -3  -1   1  -2  -2  -3  -3   2  -2  -3  -2  -1  -1  -3  -2  -2    6   1   3  54   1   1   4   2   1   1   2  13   1   1   1   2   2   0   1   2  0.68 0.19
  204 T    -1  -2  -2  -2  -1  -2  -2  -1  -2   2   0  -2   0  -1  -2   0   3  -2  -2   3    2   1   1   1   0   1   2   5   1  16   7   1   1   1   1   6  23   0   1  29  0.23 0.12
  205 L     0   2   1   2  -2   1   0  -1   1  -2  -1   2  -1  -2  -1   0  -1  -2  -1  -1    7  12   6  12   1   8   4   4   5   1   4  17   1   1   1   5   2   0   1   7  0.14 0.06
  206 S     1  -1  -1  -1  -2   0   1   2   0  -2  -2  -1  -2   0  -1   1   3  -2  -2  -2   10   3   1   1   0   3  10  22   3   1   3   2   0   5   3   7  24   0   0   1  0.21 0.12
  207 A     1   1   2   2  -2   1   1  -1   2  -2  -2   0   0  -3  -2   0   1  -3  -2  -2   14   9  11  16   0   8   5   1   7   1   1   6   3   1   1   3  11   0   1   1  0.21 0.10
  208 P     0   0  -1  -1  -2   0   0   3   0  -2  -2  -1  -2  -3   4  -1   0  -2  -2  -2    5   6   1   1   1   5   7  33   3   1   2   2   1   1  22   2   5   0   1   2  0.45 0.13
  209 I    -2  -3  -4  -4  -2  -3  -3  -4  -4   5   0  -3   0  -2  -3  -2  -2  -3  -2   4    1   1   1   1   0   0   1   1   0  44   4   1   0   0   1   3   1   0   0  40  0.76 0.26
  210 E     0   0  -1   1  -3   1   3  -2  -1  -1  -2   2  -2  -3  -2   0   0  -3  -2   0   10   5   1   9   0   5  28   1   0   3   3  14   0   0   1   5   6   0   0   7  0.24 0.12
  211 T     0   3  -1  -1  -3   0   3   1   1  -3  -3   1  -2  -3  -2   0   0  -3  -1  -2    6  21   0   0   0   2  27  10   5   0   1   9   0   0   0   8   4   0   2   3  0.32 0.15
  212 I    -2  -2  -4  -4   2  -3  -4  -4  -3   3   2  -3   1   5  -4  -2  -2  -2   0   2    0   3   0   0   5   0   0   0   0  22  18   0   2  31   0   3   0   0   0  13  0.50 0.20
  213 T    -2  -3  -1  -1  -3  -2  -1  -3  -3  -3  -3  -1  -3  -3  -3   1   6  -4  -1  -1    0   0   2   4   0   0   3   0   0   0   0   2   0   0   0   5  76   0   3   3  1.08 0.39
  214 P     1  -1  -2   0  -4  -1   5  -3   0  -2  -2  -1  -3  -4   3  -1  -1  -4  -3  -3   15   2   0   3   0   0  48   0   2   3   3   0   0   0  16   2   2   0   0   0  0.65 0.26
  215 R    -1   1   3   0  -3   0   0  -1   2  -3  -3   2  -2  -3  -2   0   3  -3  -2  -2    2   7  17   5   0   3   5   3   5   0   1  14   0   0   0   5  32   0   0   1  0.37 0.18
  216 G     2  -3  -2  -2  -3  -3  -3   5  -3  -4  -4  -2  -3  -4  -3   1  -1  -4  -4  -3   19   0   0   0   0   0   0  60   0   0   1   0   0   0   0  11   4   0   0   1  0.95 0.28
  217 V     1  -4  -4  -4  -2  -3  -4  -4  -4   5   0  -3  -1  -2  -3  -3  -2  -4  -3   4   12   0   0   0   0   0   0   0   0  39   5   0   0   0   0   0   0   0   0  40  0.72 0.27
  218 R     0   0  -2  -3   1   1  -1  -3  -2   2   1   0   0   1  -3  -2  -1  -3  -1   3    5   6   0   0   3   8   4   1   0  10  16   7   0   6   0   1   0   0   0  30  0.17 0.12
  219 T     1  -2  -2  -2   2  -2   0   0  -2  -1   1  -2  -1   2  -2  -1   2  -2  -1   1   14   0   0   0   5   0   6   7   0   0  16   0   0  15   0   1  21   0   0  11  0.17 0.13
  220 S     1  -2   2   3  -3   0   2   1  -2  -4  -4  -1  -3  -4  -2   2  -1  -4  -3  -3   14   0  14  23   0   2  15   8   0   0   0   0   0   0   0  21   0   0   0   0  0.45 0.19
  221 E    -2  -4   1   5  -5  -3   0   5  -3  -5  -6  -3  -5  -5  -4  -2  -3  -5  -5  -5    0   0   4  41   0   0   4  50   0   0   0   0   0   0   0   0   0   0   0   0  1.22 0.37
  222 R     0   2  -1  -1  -3   1   0   3  -2  -2  -3   2  -3  -4  -3  -1   2  -4  -3  -3    5  15   0   2   0   6   7  30   0   2   0  13   0   0   0   0  21   0   0   0  0.42 0.20
  223 E    -1   0  -2   0  -4   1   5  -3   2  -3  -1   0   0  -4  -3   0   1  -4  -3  -2    2   3   0   2   0   6  48   0   7   0   6   3   4   0   0   6  11   0   0   3  0.54 0.25
  224 Y    -1   2  -3  -4  -3  -1  -2  -4   4  -1   1  -2  -1   2  -4  -3  -3  -1   5   0    5  12   0   0   0   2   2   0  12   2  17   0   0   8   0   0   0   0  31   9  0.51 0.24
  225 E    -3  -2  -2   2  -5   0   6  -4   0  -5  -3  -1  -4  -5   2  -2  -2  -5  -4  -4    0   0   0  10   0   0  71   0   2   0   2   2   0   0  10   0   2   0   0   0  1.19 0.40
  226 L     2  -3  -4  -4  -2  -3  -4  -4  -4   3   2  -3   0   1  -3  -2  -2  -3   0   3   20   0   0   0   0   0   0   0   0  22  25   0   0   5   0   0   0   0   2  25  0.45 0.21
  227 D    -4  -4  -1   8  -6  -3  -1  -4  -4  -6  -6  -3  -6  -6  -4  -3  -4  -7  -6  -6    0   0   0 100   0   0   0   0   0   0   0   0   0   0   0   0   0   0   0   0  2.34 0.59
  228 S     2  -3  -3  -4   5  -3  -3  -3  -4   3   2  -3   2  -2  -3  -1   0  -3  -3   2   19   0   0   0  16   0   0   0   0  18  17   0   7   0   0   2   5   0   0  17  0.43 0.19
  229 L    -3  -4  -5  -5  -3  -4  -5  -5  -5   6   2  -4   0  -2  -4  -4  -2  -4  -3   4    0   0   0   0   0   0   0   0   0  53  19   0   0   0   0   0   0   0   0  28  0.99 0.33
  230 V    -3  -5  -5  -5  -3  -4  -5  -5  -5   5   0  -4  -1  -2  -4  -4  -2  -5  -3   5    0   0   0   0   0   0   0   0   0  47   3   0   0   0   0   0   0   0   0  50  1.16 0.38
  231 L    -3  -4  -4  -5   3  -4  -4  -4  -3  -1   2  -4  -1   6  -4  -1   0  -1   3   0    0   0   0   0   7   0   0   0   0   0  23   0   0  43   0   5   8   0   9   5  0.74 0.28
  232 A     6  -3  -3  -4   3  -3  -3   1  -4  -3  -4  -3  -3  -4  -3   1  -2  -5  -4  -2   79   0   0   0   6   0   0   7   0   0   0   0   0   0   0   9   0   0   0   0  1.09 0.40
  233 T    -2  -3  -2  -3  -3  -3  -3  -4  -4  -3  -2  -3  -3  -4  -3   1   7  -5  -4  -2    0   0   0   0   0   0   0   0   0   0   3   0   0   0   0   7  91   0   0   0  1.63 0.53
  234 G    -2  -5  -3  -4  -5  -4  -5   7  -4  -6  -6  -4  -5  -6  -5  -3  -4  -5  -5  -6    0   0   0   0   0   0   0 100   0   0   0   0   0   0   0   0   0   0   0   0  2.16 0.52
  235 F    -4  -4  -5  -5  -5  -4  -5  -5  -1  -3  -2  -5  -3   7  -5  -4  -4   0   7  -3    0   0   0   0   0   0   0   0   0   0   0   0   0  50   0   0   0   0  50   0  1.87 0.46

                      K         Lambda
Standard Ungapped    0.1379     0.3177
Standard Gapped      0.0411     0.2670
PSI Ungapped         0.1342     0.3171
PSI Gapped           0.0411     0.2670
