
Last position-specific scoring matrix computed, weighted observed percentages rounded down, information per position, and relative weight of gapless real matches to pseudocounts
            A   R   N   D   C   Q   E   G   H   I   L   K   M   F   P   S   T   W   Y   V   A   R   N   D   C   Q   E   G   H   I   L   K   M   F   P   S   T   W   Y   V
    1 E    -2   2   2   1  -5   1   4  -3  -2  -4  -4   4  -3  -5  -3  -1  -2  -4  -3  -4    0  12  12   6   0   5  31   0   0   0   0  34   0   0   0   0   0   0   0   0  0.71 0.24
    2 V    -3  -4  -5  -5  -2  -4  -5  -5  -2   1   2  -4   3   4  -5  -4  -3  -1   6   2    1   0   0   0   1   0   0   0   0   7  16   0   8  21   0   0   0   0  31  15  0.88 0.33
    3 V    -3  -5  -5  -6  -3  -5  -5  -6  -5   4   1  -5  -1   1  -5  -4  -2  -4   0   5    0   0   0   0   0   0   0   0   0  19  13   0   0   7   0   0   2   0   3  56  0.99 0.39
    4 A     4  -4  -4  -4   0  -4  -4   0  -4   2  -2  -4  -2  -4  -4   0  -2  -5  -4   4   44   0   0   0   2   0   0   7   0  12   0   0   0   0   0   6   0   0   0  29  0.71 0.36
    5 M    -3  -5  -5  -6  -4  -4  -5  -6  -4   4   3  -5   3   5  -5  -4  -3  -3   0   1    0   0   0   0   0   0   0   0   0  27  33   0   7  25   0   0   0   0   1   7  0.87 0.32
    6 D    -5  -5  -2   8  -7  -4  -2  -5  -5  -7  -7  -4  -7  -7  -5  -4  -4  -8  -7  -7    0   0   0 100   0   0   0   0   0   0   0   0   0   0   0   0   0   0   0   0  2.65 0.71
    7 C     1  -5  -4  -5   8  -4  -5  -4  -5   1   0  -4  -2  -2  -4  -2   2  -5  -4   2   13   0   0   0  40   0   0   0   0   9   6   0   0   1   0   1  16   0   0  14  1.10 0.39
    8 E    -4  -3  -4  -2  -7  -1   8  -5  -3  -7  -6  -1  -5  -7  -4  -3  -4  -6  -5  -6    0   0   0   0   0   0  98   0   0   0   0   2   0   0   0   0   0   0   0   0  2.26 0.69
    9 M    -2  -4  -4  -5  -4  -4  -4  -5  -4  -1  -1  -4   7   4  -5  -3   5  -4  -2  -2    2   0   0   0   0   0   0   0   0   2   1   0  32  21   0   0  41   0   0   1  1.21 0.48
   10 V    -1  -4  -3  -4   3  -4  -4  -1  -5   1  -2  -4  -2  -4  -4  -1   5  -5  -4   4    3   0   0   0   6   0   0   4   0   6   1   0   0   0   0   1  42   0   0  36  0.83 0.38
   11 G    -1  -1  -2  -2  -4  -3  -2   5  -3  -3  -2  -2  -2   0  -4  -1  -1  -3   2  -3    4   3   1   2   0   0   3  57   0   1   4   2   1   5   0   3   3   0   9   2  0.75 0.28
   12 L    -3  -4   0  -4  -3  -3  -4  -5  -4   1   4  -4   2   0  -4  -2   3  -4  -3   1    0   0   5   0   0   0   0   0   0   6  48   0   4   3   0   2  23   0   0  10  0.62 0.30
   13 G    -1  -1   1   1   2   1   0   2   0  -3  -4   1  -3  -2  -3   3   1  -4  -3  -3    1   1   8   6   5   7   5  17   3   1   0   9   0   2   0  27   9   0   0   0  0.31 0.19
   14 P     1  -2   1   0  -2   0   1  -1  -1  -3  -1   1   0  -4   5  -1  -1  -4  -2  -2   14   0   8   4   1   5  11   4   1   0   8   7   2   0  27   3   2   0   1   2  0.40 0.19
   15 H    -1   0   0   3  -4   1   2   3   0  -1  -3   0  -1  -3  -2  -2  -2  -4   0  -1    3   5   3  18   0   5  13  30   2   4   0   5   2   0   1   0   1   0   3   6  0.34 0.18
   16 R    -1   1   1  -2  -3   0   1   1   0  -1   0   1   1   0  -3  -2  -2  -2   4  -2    4   8   6   0   0   3  10  11   2   2   9  11   5   3   0   1   1   0  21   2  0.20 0.16
   17 E    -2  -1   2   3  -4   0   4   0  -2  -3  -2   1  -2  -4  -3  -1   0  -4  -3  -1    1   2  11  20   0   1  31   8   0   0   3   8   1   0   0   3   6   0   0   4  0.46 0.21
   18 S    -1  -1   0   2  -3   0   2  -1   3  -3  -2   1  -2  -3  -1   2   0  -3  -2  -2    2   2   2  13   0   2  19   4  10   1   5   8   0   1   2  20   6   0   1   1  0.27 0.13
   19 G     1   0  -1  -1   0  -1   0   1  -2   1  -1   0   0  -2  -1   1   0  -2  -2   1   16   7   1   1   2   1   6   9   1  12   5   6   1   1   1  12   6   0   1  11  0.07 0.06
   20 L    -4  -5  -6  -6  -3  -5  -5  -6  -5   5   4  -5   2  -2  -5  -5  -3  -4  -3   2    0   0   0   0   0   0   0   0   0  40  48   0   4   0   0   0   0   0   0   8  1.10 0.38
   21 A     3  -3  -3  -3  -1   0   2  -1  -3   3  -2  -3  -1  -3  -3  -2   1  -4  -3   2   33   0   0   0   1   3  15   5   0  22   0   0   1   0   0   0   8   0   0  12  0.39 0.25
   22 R    -3   6  -3  -2  -5   2   2  -3  -3  -2  -1   0  -3   0  -4  -3  -3  -4  -3  -3    0  56   0   2   0   7  15   1   0   3   7   3   0   5   0   0   0   0   0   1  0.92 0.36
   23 C     1  -4  -4  -5   2  -4  -4  -1  -5   4   1  -4  -1  -2  -4  -2  -2  -4  -3   4   11   0   0   0   5   0   0   4   0  33  13   0   0   0   0   2   0   0   0  32  0.63 0.27
   24 S     2  -3  -2  -3   2  -3  -3   3  -4  -4  -4  -3  -3  -5  -3   4   3  -5  -4  -3   21   0   0   0   5   0   0  20   0   0   0   0   0   0   0  36  18   0   0   0  0.74 0.34
   25 L     3  -4  -4  -4   2  -4  -4  -4  -4   3   1  -4   0  -2  -4  -1  -2  -4  -3   3   31   0   0   0   5   0   0   0   0  22  10   0   1   1   0   3   0   0   0  27  0.57 0.28
   26 V    -1  -2  -4  -5  -2  -4  -4  -5  -5   2   1   1  -1  -3  -4  -2  -1  -5  -3   5    2   1   0   0   1   0   0   0   0  12   9  11   0   0   0   2   3   0   0  59  0.79 0.34
   27 N    -1   3   3   3  -4  -1   1  -3  -2  -1  -3   1   2  -1  -3  -1  -1  -4  -3  -1    4  18  16  22   0   0   9   0   0   3   1  10   7   2   0   3   1   0   0   4  0.39 0.21
   28 V    -2   1  -2  -3  -3   0   0   1  -2   1  -1   1   3   2  -3  -1  -1   1   2   1    1   8   0   0   0   5   6  11   0   8   1   9  12  11   0   4   1   2  10  10  0.16 0.15
   29 H    -2  -1   3   2  -2   1   2  -1   4  -1  -3   1  -3   0  -3  -1  -1   1   1  -1    2   2  14  14   1   5  16   3  12   3   0   7   0   5   0   1   2   2   4   4  0.28 0.17
   30 G    -2  -1   3  -2  -5  -2  -4   6  -2  -5  -2  -2  -1  -5  -4  -1  -3  -5  -5  -4    0   3  17   1   0   1   0  64   1   0   5   1   2   0   0   4   0   0   0   1  1.13 0.39
   31 A    -1   1   2   0  -2   1   2   0   2  -2  -3   3  -2  -2  -2  -1  -2  -4  -2   0    4   8  14   3   1   5  14   8   5   2   0  22   0   2   1   1   0   0   1  11  0.24 0.16
   32 V    -1   0  -2  -3   2   1  -1  -3  -3   3  -1  -1  -1  -3   2  -2   0  -4  -3   3    4   4   1   0   6   7   4   1   0  19   1   4   0   0  13   1   4   0   0  30  0.33 0.20
   33 L    -3  -5  -5  -5  -3  -4  -3  -5  -5   4   2  -4   1   4  -5  -4  -1  -3  -2   3    0   0   0   0   0   0   1   0   0  32  17   0   2  18   0   0   3   0   0  26  0.76 0.30
   34 Y    -4  -4  -5  -5  -4  -4  -5  -5  -1   3   2  -4   2   5  -5  -4  -2  -2   5   0    0   0   0   0   0   0   0   0   1  22  20   0   6  26   0   0   1   0  20   3  0.85 0.32
   35 D    -3  -4   0   7  -6  -1   1  -3   4  -6  -6  -3  -5  -6  -4  -1  -4  -6  -4  -6    2   0   3  68   0   3   9   1  12   0   0   0   0   0   0   3   0   0   0   0  1.53 0.49
   36 K    -2   0  -1   3  -4  -1   3  -3   0  -1  -2   2  -3   1  -3   0   1  -4  -2  -1    1   5   0  17   0   1  24   0   2   4   1  14   0   7   0   7  12   0   0   6  0.33 0.20
   37 F    -4  -5  -5  -6  -5  -5  -5  -6   0  -1   0  -5   0   7  -6  -5  -4  -1   7  -1    0   0   0   0   0   0   0   0   2   3  10   0   2  42   0   0   0   0  38   4  1.50 0.47
   38 I    -2  -5  -5  -6  -3  -5  -4  -6  -6   6   0  -5  -1  -3  -5  -3  -3  -5  -4   5    3   0   0   0   0   0   1   0   0  48   4   0   0   0   0   1   0   0   0  42  1.19 0.42
   39 R    -1   3   3   1  -4   1  -1  -3   0  -2  -3   4  -2  -2  -3  -1  -2  -4  -2  -1    3  16  14   9   0   6   0   0   1   2   1  37   1   2   0   2   1   0   1   4  0.51 0.26
   40 P    -4  -5  -2  -2  -6  -4  -4  -5   0   1  -5  -4  -5  -6   8  -4   0  -2  -5  -3    0   0   2   2   0   0   0   0   2   8   0   0   0   0  78   0   6   1   0   1  2.13 0.59
   41 E    -2   0   1   3  -4   1   1   1   3  -1  -2   1  -1  -4  -1  -1   1  -4  -3  -3    0   4   8  18   0   5   8  11   8   5   3  11   2   0   3   2  12   0   0   0  0.23 0.15
   42 G    -1   1   0   0   1   0   2   1   2  -2  -2   1   0   0  -3  -1  -1  -3   0  -2    1  10   5   2   3   3  21  14   6   1   3  11   4   4   0   4   1   0   2   3  0.18 0.13
   43 E    -1   1  -1   0  -5   0   2  -4   2  -3  -3   1  -2  -1   6  -1  -2  -5  -2  -4    3   8   2   3   0   3  16   0   6   1   2  11   1   3  37   3   1   0   1   0  0.74 0.28
   44 I    -3  -5  -6  -6  -3  -5  -5  -6  -5   6   2  -5  -1   0  -5  -5  -3  -5  -3   4    0   0   0   0   0   0   0   0   0  51  18   0   0   3   0   0   0   0   0  28  1.11 0.38
   45 T    -2  -3  -2   0  -3  -2   0  -4  -3   0   0  -3  -2  -3   3   1   2  -4  -1   3    0   0   1   6   0   0   7   0   0   4   7   0   0   0  16  15  15   0   2  27  0.36 0.23
   46 D     1  -2   0   6  -5  -1   2  -3  -3  -5  -5  -1  -5  -5   1   0  -3  -6  -3  -5   14   1   2  56   0   2  10   0   0   0   0   2   0   0   7   5   0   0   1   0  1.02 0.38
   47 Y    -2  -2  -2  -1  -4   0  -2  -4  -2  -3   0  -2  -3   3  -2  -3   1   5   7  -3    2   1   1   3   0   4   2   1   0   0   8   3   0  13   2   0   8   7  42   0  0.86 0.35
   48 R    -1   3   2  -3  -3  -2  -2  -3  -3   2   1  -1  -1  -2  -3  -1   1  -4  -3   0    5  24  14   0   0   0   1   0   0  14  17   1   0   1   0   3  12   0   0   7  0.29 0.20
   49 T    -2  -3  -3  -3  -3  -1  -2  -4  -4   1  -3  -1  -3  -2  -4   1   7  -5  -4  -2    2   0   0   0   0   3   1   0   0   9   1   2   0   1   0   8  69   0   0   1  1.11 0.45
   50 R     1   3   1   0  -4   2   2  -3   0  -4  -3   2  -3  -1  -3   0  -2   4  -2  -3   14  16   8   5   0  10  14   0   2   0   2  14   0   3   0   4   0   7   0   0  0.37 0.20
   51 V    -3  -5  -5  -5  -3  -4  -5  -5  -4   3   2  -5  -1   5  -5  -4  -3   3   3   2    0   0   0   0   0   0   0   0   0  20  22   0   0  25   0   0   0   4  11  18  0.78 0.30
   52 S    -2  -4  -1  -3  -4  -3  -3  -4   4  -5  -5  -3  -4  -5  -4   5   5  -5  -4  -4    0   0   1   0   0   0   0   0  11   0   0   0   0   0   0  52  36   0   0   0  1.23 0.50
   53 G    -3  -5  -2  -4  -5  -4  -5   7   1  -7  -7  -2  -5  -6  -5   0  -4  -5  -5  -6    0   0   1   0   0   0   0  86   4   0   0   2   0   0   0   8   0   0   0   0  1.84 0.54
   54 V    -4  -6  -6  -6  -4  -6  -6  -7  -6   7   0  -5  -1  -3  -6  -5  -3  -5  -4   3    0   0   0   0   0   0   0   0   0  78   5   0   0   0   0   0   0   0   0  17  1.67 0.52
   55 T    -2   0  -2  -2  -3  -1   1  -4   2  -2  -3   1  -3  -1  -3   1   6  -4  -3  -2    1   5   0   1   0   1   8   0   6   2   1   7   0   2   0  10  54   0   0   2  0.72 0.35
   56 P     1  -1   0   3  -4   1   2  -1  -2  -4  -3   1  -2  -4   4  -1  -1  -4  -4  -3   11   3   4  22   0   7  11   3   0   0   2   7   1   0  24   3   2   0   0   0  0.53 0.22
   57 Q     0  -1   0   3  -2   1   4   1   0  -3  -4   1  -3  -3  -3  -1  -1  -4  -2  -3    9   1   4  15   1   7  32  12   2   2   0   7   0   1   0   2   2   0   1   1  0.42 0.22
   58 H    -4  -3  -1   5  -5  -1  -1  -4   6  -1  -2  -1   6   1  -4  -3  -3  -5  -2  -3    0   0   1  31   0   2   2   0  21   3   2   3  27   6   0   1   0   0   0   0  0.98 0.41
   59 M    -3  -2  -5  -5  -3  -4  -4  -5  -4   1   4  -3   4  -2  -4  -4  -2  -4  -1   3    0   2   0   0   0   0   0   0   0   5  49   1  13   0   0   0   2   0   2  25  0.79 0.32
   60 V     0   1   1   2   0   2   2  -2   0  -2  -1   2   0  -3  -2  -1   0  -4  -3   0    8   6   8  15   2  10  12   2   2   0   5  13   3   0   0   1   4   0   0   8  0.19 0.13
   61 G    -2   0   3   3  -4   0  -1   2  -2  -4  -4   1  -3  -3   3  -1  -2  -4   0  -3    1   4  19  21   0   5   1  14   0   0   0  10   0   1  13   3   1   0   4   2  0.45 0.21
   62 A     4   0  -2  -2  -1  -1  -1   1  -3  -3  -2   2  -2  -2  -3   1   0  -4  -3  -1   42   3   1   1   1   2   3  10   0   0   3  13   0   2   0  10   4   0   0   5  0.36 0.22
   63 T    -2  -1  -3  -3  -3  -1  -1  -4  -3   1  -1   1   0  -3   5  -1   3  -4  -2   0    2   3   0   1   0   1   2   0   0  12   4  11   2   0  27   1  26   0   1   7  0.55 0.26
   64 P    -1  -2  -2   0  -3  -1   0  -3  -3  -2   0  -1  -1  -3   4   2   3  -4  -1  -2    2   1   0   6   0   1   7   0   0   2   9   3   1   0  20  19  25   0   3   0  0.45 0.25
   65 F    -3  -2  -4  -4  -3  -1   0  -4  -3   1   2  -1   0   5  -3   0  -1   3   1   0    0   1   0   0   0   3   7   0   0   8  21   3   1  32   1   8   2   4   4   4  0.43 0.23
   66 A    -1   1   0   0  -1   2   3  -3   1  -2   0   3  -2  -4  -2  -1  -2  -4  -2  -1    5   4   3   5   1   8  20   1   5   2   9  28   0   0   1   3   0   0   1   5  0.31 0.19
   67 V    -1  -2  -2   2  -4   2   4  -3   0  -2  -3  -1  -2  -2  -3   0   2  -4  -1   2    5   0   0  11   0  11  28   0   2   1   1   3   0   2   0   5  12   0   2  17  0.36 0.23
   68 A     3  -4  -3   1   0  -3  -2  -2  -4   2  -1  -3  -1  -3  -4  -1  -1  -4  -1   4   26   0   0  11   2   0   2   2   0  12   1   0   1   0   0   3   1   0   2  37  0.46 0.27
   69 R     1   1  -2  -3  -3   3  -2  -3   2   1   1  -1   0   1  -3  -2  -1  -2   3   0   12   9   1   0   0  17   0   1   5   8  18   3   2   5   0   1   1   0  13   5  0.21 0.17
   70 L     0   2  -1   0  -4   3   2  -1  -2  -3  -2   3  -2  -4   0  -1   0  -4  -3  -2    7  10   2   5   0  18  13   4   0   1   5  21   0   0   4   2   5   0   0   1  0.33 0.19
   71 E    -1   0  -2   2  -5   1   4  -4  -1  -3  -1   4   1  -4  -3  -1  -2  -5  -4  -2    3   3   0  10   0   6  29   0   1   1   7  31   4   0   0   2   1   0   0   3  0.53 0.27
   72 I    -3  -2  -4  -5  -3  -4  -4  -5  -4   2   2   1  -1   5  -2  -3  -1   1   0   2    0   1   0   0   0   0   0   0   0  15  22  10   0  29   2   0   3   2   1  15  0.55 0.26
   73 L     0   1  -3  -3  -3   0  -2  -2   0  -1   3   0   1   1  -4   0  -2   5   0  -2    9   8   0   1   0   4   2   2   2   2  36   7   2   6   0   7   0  10   3   0  0.30 0.20
   74 Q     0   1   1   1  -3   1   2  -2  -2  -2   1   2   0  -2  -3   0  -1  -4  -2  -2    6   8   6   6   0   5  20   2   0   0  16  17   3   1   0   7   1   0   1   2  0.21 0.15
   75 L    -4  -4  -5  -5  -4  -3  -5  -5  -4   3   4  -4   2   4  -5  -4  -3   4   2   0    0   0   0   0   0   1   0   0   0  16  42   1   6  20   0   0   0   5   7   3  0.78 0.30
   76 L    -2  -3   1  -3   3  -2  -3  -4  -3   2   3  -3   2   2  -2  -1  -2  -3  -1   1    2   0   8   1   8   1   0   0   0  16  34   0   4  10   1   6   1   0   1   6  0.34 0.19
   77 K     0   1   2   2  -4   2   1   1  -1  -4  -3   3  -3  -1  -1   0   0  -4  -3  -3    6   7  12  11   0   9   7   9   1   0   2  21   0   3   3   4   4   0   0   1  0.27 0.15
   78 G    -2  -2   3   4  -5  -2   0   5  -1  -6  -6  -3  -5  -5  -1  -2  -3  -5  -5  -5    2   2  13  27   0   1   5  45   1   0   0   0   0   0   2   1   0   0   0   0  0.96 0.35
   79 K     2   2  -1  -1   5  -2  -2  -3  -1  -3  -3   1  -3  -4  -3   2   2  -4  -1  -1   19  10   1   4  17   0   0   0   2   0   0   9   0   0   0  15  16   0   3   5  0.42 0.24
   80 L    -3  -4  -4  -3  -3  -4  -2  -2  -5   6  -1  -1  -1  -3  -5  -4   1  -5  -2   4    0   0   0   1   0   0   3   3   0  52   2   5   0   0   0   0   7   0   1  25  0.84 0.36
   81 V    -4  -5  -6  -6  -4  -5  -5  -6  -5   0   5  -5   2   5  -5  -5  -4  -3  -2   1    0   0   0   0   0   0   0   0   0   3  62   0   4  24   0   0   0   0   0   6  1.12 0.40
   82 V    -2  -5  -6  -6  -4  -5  -5  -6  -6   4   0  -5  -2  -3  -5  -4  -3  -5  -4   6    2   0   0   0   0   0   0   0   0  24   4   0   0   0   0   0   0   0   0  69  1.38 0.47
   83 G     2  -5  -3  -1  -4  -4  -4   6  -5   1  -5  -4  -4  -5  -4  -2  -4  -5  -5  -4   22   0   0   4   0   0   0  64   0  10   0   0   0   0   0   0   0   0   0   0  1.24 0.43
   84 H    -5  -4  -3  -5  -7  -1  -4  -6  11  -7  -7  -4  -5  -5  -6  -5  -5  -6   1  -7    0   0   0   0   0   2   0   0  95   0   0   0   0   0   0   0   0   0   3   0  3.39 0.85
   85 D     1  -3   5   0  -1  -3  -3   3  -3  -5  -5  -3  -4  -3   0   1  -2  -5  -4  -4   15   0  36   5   1   0   0  27   0   0   0   0   0   1   4  12   0   0   0   0  0.77 0.33
   86 L     3  -4  -5  -5  -3  -4  -4  -4  -5   2   4  -4  -1  -2  -4  -3  -3  -4  -3   2   27   0   0   0   0   0   0   0   0  14  46   0   0   0   0   0   0   0   0  13  0.72 0.32
   87 K     0  -1   2   2  -3   1   2  -2   4  -3  -3   1  -3  -3   0   1   1  -4   0  -2    7   2  11  12   0   5  12   1  13   1   0   8   0   0   5  12   7   0   2   2  0.30 0.16
   88 H    -3  -2   5  -3  -4   0  -3  -4   4  -3  -2  -2  -3   6  -4   0  -2  -3   1  -4    0   1  31   0   0   3   0   0  10   0   3   2   0  36   0   7   1   0   3   0  0.88 0.36
   89 D    -5  -5  -2   8  -6  -3  -1  -4  -4  -6  -6  -4  -6  -6  -4  -3  -4  -7  -6  -6    0   0   0  96   0   0   0   0   0   0   0   0   0   0   0   0   0   0   0   0  2.45 0.66
   90 F    -3  -4  -4  -5  -3  -4  -4  -5  -2   1   4  -4   3   4  -4  -4  -1  -3   0   2    0   0   0   0   0   0   0   0   1   6  43   0   8  21   0   0   3   0   2  13  0.69 0.27
   91 Q    -2   3   3   0  -4   0   1   2  -2  -3  -2   2  -3  -4  -1  -1  -1  -4  -3  -3    1  22  16   3   0   3   7  19   0   1   3  16   0   0   2   3   2   0   0   0  0.41 0.20
   92 A     2  -4  -2  -4   0  -2  -4  -3  -1   0  -1  -2  -1   6  -4  -2  -1  -2  -1   2   21   0   2   0   2   1   0   1   1   3   4   2   1  36   0   1   3   0   0  21  0.54 0.27
   93 L    -3  -4  -5  -5   0  -4  -5  -5  -5   4   4  -4   5  -2  -5  -4  -3  -4  -3   0    0   0   0   0   2   0   0   0   0  29  47   0  17   0   0   0   0   0   0   2  0.98 0.36
   94 K    -3   3   6   0  -5   0  -2  -2  -2  -3  -3   3   1   0  -4  -2  -3  -5  -4  -4    0  15  41   4   0   4   0   2   0   1   2  22   3   4   0   0   0   0   0   0  0.86 0.41
   95 E     0  -1  -3  -3  -3   0  -1  -3   0   3   2  -1   1   0  -3  -2   0  -3   1   1    8   3   0   0   0   6   4   0   3  19  28   4   3   2   0   1   6   0   7   6  0.21 0.16
   96 D     0   0   1   2  -3   2   2   0   1  -1  -2   0  -1   0  -2   1   0   0  -1  -1    5   5   6  11   0  12  13   7   3   5   2   4   1   4   1   9   4   1   2   4  0.12 0.09
   97 M    -3  -3  -3  -4  -4  -3  -3  -4   8   0   1  -2   0   2  -4  -3  -3   1   3   3    2   0   0   0   0   0   1   1  36   3  12   2   2   8   0   1   1   2   8  20  0.84 0.36
   98 S     0  -1   0  -1  -3  -2   0  -2  -1   1  -2   1  -2  -2   6   0  -2  -4  -3  -2    7   2   5   2   0   0   7   3   1   9   2   9   1   1  40   7   1   0   0   2  0.67 0.28
   99 G    -2   3  -1  -1  -3   0   0   0   3  -3  -1   4   0  -3   0  -1  -2  -3  -1  -3    1  17   2   2   0   4   4   8  10   1   6  31   3   1   5   4   1   0   2   1  0.39 0.21
  100 Y     0   0   2   0   0  -1   1  -1   1  -2  -1   2  -2  -2   1   1   0   0   0  -1    9   5  11   5   2   1   9   2   4   1   5  14   0   1   7  10   4   1   5   3  0.12 0.09
  101 T    -1   0   2   0  -3   4   0  -1   0  -1   0   1   1  -3  -1  -1   1  -3  -1  -2    3   5  12   6   0  23   3   4   2   3   9  11   5   0   3   1   8   0   3   1  0.22 0.18
  102 I    -3  -3  -5  -5  -3  -4  -3  -4  -5   5   0  -3  -1  -1  -5  -4   1  -5  -3   4    0   1   0   0   0   0   1   2   0  42   7   1   0   2   0   0   9   0   0  34  0.89 0.39
  103 Y    -2   3  -4  -2  -4  -2  -2  -5  -1   5   0  -1   0  -1  -2  -2  -1  -4  -1   1    1  23   0   2   0   1   2   0   2  42   7   2   1   1   2   2   2   0   2   8  0.56 0.31
  104 D    -5  -4   2   8   1   0  -1  -4  -4  -6  -6  -2  -6  -6  -4  -2  -4  -7  -6  -6    0   0   8  78   3   4   2   0   0   0   0   2   0   0   0   2   0   0   0   0  1.86 0.64
  105 T    -2  -4  -1  -4  -4  -4  -3  -5  -5  -4  -5  -2  -4  -6   2  -2   7   0  -5  -4    1   0   2   0   0   0   1   0   0   0   0   2   0   0  11   0  81   1   0   0  1.74 0.71
  106 S     2  -1  -2  -3  -1   1  -1  -2  -3   0  -2  -2   0  -3  -3   3   0  -1  -1   3   21   3   0   1   1   7   2   1   0   4   2   1   2   0   1  24   4   1   2  23  0.30 0.23
  107 T    -1   0  -1   0  -2   0  -1  -2   0   2   1   1   1  -1  -1  -1   1  -2   0   0    4   6   3   5   1   5   2   2   2  18  17   9   4   1   2   2  10   0   3   4  0.07 0.07
  108 D    -1  -2   0   3  -1  -1  -1  -2   0   1   1  -2   1   1   0  -1  -1  -2   2   0    5   1   4  23   2   1   2   2   3   9  15   2   3   6   4   2   2   0   8   6  0.13 0.09
  109 R    -1   0  -2  -1  -1  -1  -1  -2  -1  -2  -2   0   0   2   1   0   3  -1   4  -2    4   5   1   2   1   3   2   3   1   1   2   5   3  11   8   6  22   0  17   2  0.26 0.16
  110 L    -2  -1  -2  -3  -3  -1  -2  -1   0   1   3   0   0  -1   2  -2  -1  -2   1   0    2   2   2   1   0   2   1   4   3   6  38   7   1   2  11   2   2   0   7   7  0.23 0.16
  111 L    -1  -1  -3  -2  -3  -1   2  -3  -2   0   2  -2   0   4  -1  -2  -1  -2   1   1    4   3   1   2   0   1  16   1   0   2  25   2   1  19   3   1   3   0   4  12  0.25 0.18
  112 W    -1  -1   0  -2  -2  -1  -2  -2  -2  -1   2   0   1   3   2  -1  -2   2   1   0    4   3   6   1   0   2   1   2   0   2  28   7   2  13  10   3   1   3   4   6  0.18 0.13
  113 R     1   0   0  -2  -2  -1   0  -1   1  -1  -1   0   0   2   1   2  -1  -2   1  -1   17   6   3   1   0   1   5   3   4   3   4   6   3  10   6  19   1   0   4   2  0.11 0.10
  114 E     0   4  -1  -1  -3   0   0  -2   2  -2  -2   2  -2   0   2  -1  -1  -2   1  -2   10  29   3   3   0   2   6   1   6   3   2  10   0   6   9   1   2   0   6   1  0.33 0.18
  115 A     0   2   0  -1  -2   0  -1   0   3  -1  -2   1   0   0   1  -1   0   1   0   0    8  14   5   2   0   3   2   8  10   4   2   7   2   6   7   3   6   2   2   6  0.09 0.08
  116 K    -1   0   1   0  -2   1   0  -1  -2  -1   1   2   0  -2  -1   0   0  -3  -1  -1    5   4   7   4   0   5   4   3   0   2  22  22   2   1   3   6   4   0   1   4  0.11 0.11
  117 L    -1   1  -1  -3   0  -2  -2   0   1  -1   1  -2   0   3  -1   1  -1  -1   4  -1    4   8   2   1   2   1   1   8   3   3  14   1   3  12   3  11   3   0  19   2  0.20 0.15
  118 D     0   1  -1   0  -1   0  -1   2  -1  -3  -2  -1  -2   1   5   0  -1  -3  -2  -3    6   7   3   5   1   4   3  18   1   1   3   3   0   7  27   5   4   0   0   1  0.41 0.19
  119 H    -1   0   0   0  -2   0   1   0   1  -1  -1   1  -1   0   2   0   1  -2  -1  -1    3   3   2   5   0   3  14   9   5   5   5   9   1   4  12   5   9   0   1   4  0.12 0.08
  120 C    -1  -1   0   0   2   0  -2   2  -2  -2   1   0   0   1   1  -1  -1  -2   1  -1    3   3   6   5   6   5   1  17   0   1  16   7   3   6   8   2   3   0   6   2  0.10 0.10
  121 R    -1   5  -2  -1  -4  -1  -1  -2  -2  -3  -4   4  -3  -2  -2   0  -2  -4   2  -3    5  34   0   3   0   1   3   2   0   1   1  29   0   2   1   8   1   0   7   1  0.65 0.33
  122 R    -3   5   1  -3  -5   0  -1  -1  -3  -4  -3   4   0  -4  -4   0   1  -4   0  -4    0  30   7   0   0   2   2   6   0   0   2  31   3   0   0   6   8   0   3   0  0.66 0.34
  123 V    -2  -1   0  -2  -3  -3  -3  -4   4  -1   1  -3   0   1   4  -2  -1   1   4   1    2   3   4   2   0   0   0   0  11   2  17   0   3   4  19   2   2   1  17  10  0.43 0.25
  124 S     0   1   0  -3  -4   0  -2   1  -3  -5  -5   2  -4  -5  -3   5   0  -5  -4  -4    4   7   2   0   0   3   1   8   0   0   0  11   0   0   0  57   4   0   0   0  0.83 0.43
  125 L    -5  -6  -7  -7  -5  -5  -6  -7  -6  -1   7  -6  -1  -1  -6  -6  -4  -5  -4  -1    0   0   0   0   0   0   0   0   0   0  97   0   0   2   0   0   0   0   0   2  1.85 0.65
  126 R     0   3   3   3  -5   0  -1  -1  -3  -5  -5   4  -4  -5  -4  -1  -1  -5  -4  -4    7  17  16  16   0   3   1   4   0   0   0  32   0   0   0   3   2   0   0   0  0.66 0.33
  127 V     0  -1   1  -1  -3  -1   0  -2   1  -1  -1   0  -2   3  -1   0   1   0   2  -1   11   2   9   3   0   1   5   2   3   2   3   7   0  17   3   4  13   1   9   5  0.14 0.14
  128 L    -4  -5  -6  -6  -4  -5  -5  -6  -5   0   6  -5   2  -2  -5  -5  -4  -4  -4   0    0   0   0   0   0   0   0   0   0   3  85   0   3   0   0   0   0   0   0   5  1.45 0.52
  129 S     5  -4  -3  -4   6  -3  -3  -3  -4  -2  -3  -3   0  -2  -3   1   1  -4  -4  -1   49   0   0   0  19   0   0   0   0   1   0   0   3   2   0  10  11   0   0   4  0.88 0.40
  130 E     0  -1  -2  -2  -4  -1   2  -4  -1  -3  -1   5   1   1  -3  -2  -1   5   2  -3    7   1   1   1   0   1  14   0   1   0   5  39   3   6   0   2   2   8   7   0  0.54 0.30
  131 R     0   3  -1  -1   0   1   2  -3   2  -2  -2   3  -2  -2  -3   0  -1  -3   0   0    7  18   2   3   3   5  12   0   5   1   2  21   0   1   0   5   3   0   4   7  0.27 0.18
  132 L    -2  -3  -3  -4  -1  -3  -2  -4  -1   2   2  -3   0   4  -3  -3  -2   1   3   2    1   1   1   1   2   1   3   1   1  13  21   1   1  22   1   1   1   1  13  15  0.47 0.21
  133 L    -2  -2  -3  -3  -2  -2  -3  -2  -3   0   5  -2   0   0  -2  -2  -2  -2  -2   0    2   2   1   2   1   1   2   4   1   3  67   2   1   3   2   2   2   0   1   3  0.69 0.25
  134 H     0   0   2   1  -3   0  -1   3   2  -3  -3   1  -2  -2  -2   0  -1  -3  -2  -3    5   6   9   8   0   3   1  30   7   1   2  12   1   2   1   8   1   0   1   1  0.31 0.14
  135 K    -2   2  -1  -2  -2   1   1  -2   2   1   0   2   0  -2  -2  -1  -1  -2   1   0    2  16   1   1   0   5  12   2   5  12   9  14   2   1   1   1   3   0   5   9  0.15 0.11
  136 S    -1   0   1   3  -3   0   2  -2  -1  -1  -3   2  -2  -3  -2   0   1  -3  -1  -1    4   5   8  19   0   3  16   2   1   3   1  15   0   1   1   5   8   0   2   4  0.27 0.15
  137 I    -2  -3  -3  -1  -3  -3  -3  -4  -4   6   0  -3  -1  -2  -3  -3  -2  -3  -3   3    1   1   1   4   0   1   1   1   0  55   6   1   0   1   1   1   1   0   1  21  0.87 0.32
  138 Q    -2   0   1  -1  -3   7   0  -2   0  -3  -3   0  -2  -3  -2  -2  -2  -3  -2  -3    2   3   7   3   1  60   3   2   2   2   3   3   1   1   2   2   2   0   1   2  1.03 0.34
  139 N    -1  -1   2   1  -2   1   1   0  -1  -1  -2   1  -1  -3   1   1   2  -3  -2  -1    4   1  12   9   0   5   7   8   0   4   3   9   1   1   7  10  13   0   0   5  0.15 0.10
  140 S     0  -2   0   1  -3  -2   0   4   1  -3   0  -1  -2  -3  -1   1  -1  -3  -3  -2    8   1   5   9   0   1   6  33   3   1  11   2   0   1   2  12   2   0   0   2  0.30 0.16
  141 L     0   1   1  -1  -2   1   1   1   1  -1   0   0   0  -1  -1   0   1  -2  -1  -1    8   9   8   2   0   6  14  10   4   1  10   5   2   2   1   3  10   0   1   4  0.08 0.06
  142 L     0   1   1   1  -2   2   1  -1   2  -1   0   0  -1  -2   0   0   0  -2  -1   0    6   8   5   8   1  13   9   4   7   2   9   3   1   1   3   7   4   0   1   8  0.10 0.06
  143 G     1  -1   1  -2  -3  -1   2   2   5  -3  -1  -2  -2  -2   0   0   0  -3  -2  -2   14   2   7   1   0   0  15  17  16   0   9   1   0   2   4   4   5   0   0   2  0.27 0.18
  144 H    -6  -4  -3  -5  -7  -4  -4  -6  11  -8  -7  -5  -6  -5  -6  -5  -6  -7  -2  -7    0   0   0   0   0   0   0   0 100   0   0   0   0   0   0   0   0   0   0   0  3.78 1.00
  145 S    -3   4   0   5   0  -2  -2   0   3  -5  -5  -2  -3  -5  -4   2  -2  -6  -4  -5    0  27   4  31   2   0   0   7   7   0   0   0   1   0   0  21   1   0   0   0  0.79 0.39
  146 S     5  -4  -3  -4   3  -3  -3  -2  -1  -5  -5  -3  -2  -5  -4   5  -2  -6  -5  -4   44   0   0   0   6   0   0   1   1   0   0   0   1   0   0  47   0   0   0   0  1.15 0.52
  147 V    -1  -4   0   0  -1  -3  -1  -4  -4   4   1  -3   1  -2  -4  -1  -1  -4  -3   4    3   0   5   7   1   0   4   0   0  25  13   1   3   0   0   6   2   0   0  30  0.39 0.24
  148 E    -2  -3  -2   1  -5   1   5  -3   2  -2  -2   0  -3  -2  -4  -2  -3  -3   4  -2    3   0   1   5   0   5  47   1   6   2   3   5   0   1   0   1   0   0  17   3  0.75 0.38
  149 D    -6  -5  -2   8  -7  -4  -2  -5  -5  -7  -8  -4  -7  -7  -5  -4  -5  -8  -7  -7    0   0   0 100   0   0   0   0   0   0   0   0   0   0   0   0   0   0   0   0  2.77 0.82
  150 A     7  -5  -4  -5  -4  -4  -4  -3  -5  -5  -5  -4  -4  -5  -4   0   1  -6  -5  -3   88   0   0   0   0   0   0   0   0   0   0   0   0   0   0   5   7   0   0   0  1.64 0.62
  151 R     0   3   0  -2  -4   2   3  -3   1   0  -1   1  -1  -2  -3  -1   0  -4   0  -2    6  23   3   0   0   9  23   1   3   7   5   6   1   1   0   2   4   0   3   2  0.32 0.21
  152 A     5  -4  -3  -4  -3  -3  -3  -3  -4  -1   0  -2   0  -3  -3   0   3  -5  -2   1   50   0   0   0   0   0   0   0   0   2   8   2   2   1   0   3  22   0   1   8  0.67 0.36
  153 T     4  -4  -4  -4   3  -4  -4  -4  -5  -2   1  -4  -3  -4  -4  -2   5  -5  -4  -3   34   0   0   0   7   0   0   0   0   1  13   0   0   0   0   0  44   0   0   0  0.96 0.46
  154 M     3  -4  -4  -5  -3  -2  -4   2  -4  -1   2  -2   6  -3  -4  -3  -3  -4  -4   0   23   0   0   0   0   1   0  18   0   1  23   3  27   0   0   0   0   0   0   4  0.67 0.35
  155 E    -2   2  -2   3  -4   1   3  -4   2  -2   1   2  -1  -2  -3  -2  -3  -4   0  -2    2   9   0  16   0   6  20   0   6   1  20  15   1   1   0   0   0   0   3   1  0.37 0.24
  156 L    -3  -5  -6  -6  -4  -5  -5  -6  -6   2   5  -5   0  -2  -5  -5  -3  -5  -4   3    1   0   0   0   0   0   0   0   0  10  70   0   1   0   0   0   0   0   0  18  1.18 0.44
  157 Y    -2  -5  -4  -6  -2  -4  -5  -5  -2  -1   0  -5  -2   5  -5  -4  -3   5   7   2    3   0   1   0   1   0   0   0   0   1   9   0   0  24   0   0   1   7  39  14  1.15 0.41
  158 Q    -2   4  -2  -1  -4   1  -1  -4  -1  -3  -1   5  -1   2  -3  -2  -2   0  -2  -2    1  23   0   3   0   5   0   0   1   0   7  43   1  10   0   0   2   1   0   2  0.65 0.29
  159 I    -1   0  -3  -3   1  -2  -2  -3  -1   1   2   3   3   1  -3  -1  -2   1   2   1    4   3   0   0   4   0   0   0   1   9  19  23  10   4   0   3   0   2  10   8  0.23 0.16
  160 S    -2  -1  -3  -1  -3  -2   0  -4   2   0   0   1   0   4  -4  -2  -2   1   4   1    1   2   0   4   0   0   6   0   5   3   9  11   2  25   0   2   0   1  17  10  0.36 0.19
  161 Q    -2  -1  -2  -1  -4   2   2  -3  -2  -1   1   4   0  -3  -1  -2  -1  -4  -3   0    2   0   0   1   0  10  14   0   0   2  19  38   1   0   2   0   2   0   0   8  0.40 0.22
  162 R    -1   2   0   3  -4   1   3  -3  -1  -4  -4   4  -2  -4  -3   0  -2  -4  -3  -4    3   9   3  19   0   4  25   0   1   0   0  28   1   0   0   4   0   0   0   0  0.60 0.23
  163 I     1  -2  -1  -3  -2   1  -2  -3  -1   2   3  -1   2   0  -3  -2  -2  -3  -2   1   20   0   3   0   0   8   1   0   2  14  33   3   8   2   0   0   0   0   0   5  0.24 0.14
  164 R     0   3  -1  -2  -3   1   0   0  -2  -1  -1   3   1  -1  -2  -1  -1  -3  -1  -1    7  17   2   0   0   4   5   6   0   2   5  32   5   3   0   2   3   0   2   5  0.24 0.13
  165 A     2  -1  -1   0  -3   1   4  -2   0  -3  -2   1  -3  -4  -1   0   1  -4  -3  -3   22   1   2   2   0   3  42   0   2   0   3   8   0   0   2   6   7   0   0   0  0.46 0.20
  166 R    -2   3   0  -1  -4   3   2  -2  -2  -4  -2   4  -1  -4  -3  -1  -1  -4  -3  -3    0  17   4   2   0  15  12   2   0   0   3  38   2   0   0   2   2   0   0   0  0.55 0.20
  167 R    -2   1   2  -2  -3  -1  -1   4   2  -1  -1  -1   2  -1  -3  -1  -1  -3   1  -2    0  10  13   0   0   0   3  35   8   4   3   2  11   3   0   0   4   0   6   0  0.31 0.14
  168 G    -1   1  -1   0  -3  -1  -2   5   1  -4  -4   1  -3  -4  -3   1  -2  -4  -3  -4    0  11   0   5   0   0   0  57   4   0   0  12   0   0   0  10   0   0   0   0  0.69 0.15
  169 L    -2  -3  -3  -3  -2  -2  -1  -4  -3   4   2  -1   2  -1  -3  -1  -1  -3  -2   2    0   0   0   0   0   0   5   0   0  39  28   4   4   0   0   5   0   0   0  14  0.34 0.11
  170 P     0  -2   1  -2  -3  -1  -1  -2  -2  -3  -3   1  -2  -4   6   0   3  -4  -3  -2    6   0   9   0   0   0   0   0   0   0   0   9   0   0  45   0  31   0   0   0  0.89 0.14
  171 R    -1   3   4   1  -3   0   0  -2  -1  -3  -3   2  -2  -3  -2   0   2  -4  -2  -2    0  26  30   5   0   0   0   0   0   0   0  21   0   0   0   0  18   0   0   0  0.40 0.06
  172 L    -2  -3  -4  -4  -2  -3  -3  -4  -3   1   5  -3   2   0  -3  -3  -2  -2  -2   0    0   0   0   0   0   0   0   0   0   0 100   0   0   0   0   0   0   0   0   0  0.65 0.08
  173 A     4  -1  -1  -2  -1  -1  -1   0  -2  -2  -2  -1  -1  -3  -1   2   0  -3  -2  -1   75   0   0   0   0   0   0   0   0   0   0   0   0   0   0  25   0   0   0   0  0.40 0.03

                      K         Lambda
Standard Ungapped    0.1370     0.3226
Standard Gapped      0.0499     0.2670
PSI Ungapped         0.1629     0.3175
PSI Gapped           0.0499     0.2670
