
Last position-specific scoring matrix computed, weighted observed percentages rounded down, information per position, and relative weight of gapless real matches to pseudocounts
            A   R   N   D   C   Q   E   G   H   I   L   K   M   F   P   S   T   W   Y   V   A   R   N   D   C   Q   E   G   H   I   L   K   M   F   P   S   T   W   Y   V
    1 M    -3  -4  -5  -5  -4  -3  -4  -5  -4   1   1  -4  10  -2  -5  -4  -3  -4  -3  -1    0   0   0   0   0   0   0   0   0   7   7   0  86   0   0   0   0   0   0   0  1.97 0.50
    2 W    -1  -1   0  -1  -4   4   2  -3  -2   0  -1   2  -2   0  -3  -1   0   5  -2  -2    3   0   5   1   0  34  12   0   0   6   5  12   0   4   0   3   6  10   0   0  0.45 0.21
    3 I    -1  -4  -5  -5  -3  -4  -4  -5  -5   4   3  -4   0  -2  -4  -4  -2  -4  -3   4    3   0   0   0   0   0   0   0   0  29  34   0   0   0   0   0   0   0   0  35  0.79 0.28
    4 Q    -2   0   0  -1  -3   1  -2  -3  -2   0  -2   1  -2   4  -3  -1   3  -2   0  -1    0   5   4   3   0   8   0   0   0   5   1  13   0  23   0   3  31   0   3   2  0.36 0.22
    5 V    -2  -5  -5  -5  -3  -4  -5  -5  -5   3   0  -4  -1  -1  -5  -4  -2  -5  -3   6    0   0   0   0   0   0   0   0   0  13   7   0   0   1   0   0   0   0   0  79  1.25 0.42
    6 R    -3   4  -2  -1  -5   0   1  -4   0  -4  -4   6   0  -5  -3  -2  -1  -5  -4  -4    0  24   0   2   0   3   6   0   2   0   0  58   2   0   0   0   2   0   0   0  1.03 0.37
    7 T     0  -3   1  -3   0  -2  -3  -3  -3  -1   1  -2   2  -3  -2   1   5  -4  -3  -1    6   0   8   0   2   0   0   0   0   2  14   0   5   0   1   6  52   0   0   3  0.57 0.28
    8 I    -2  -2  -3  -3  -3  -2  -2  -2  -3   0   4   0   3   0   2   0  -1  -3  -2  -1    0   0   0   0   0   0   3   2   0   4  48   7   8   2  12  10   4   0   0   0  0.38 0.21
    9 D    -2  -2   1   3   1   1  -1   1  -2  -3  -2   1  -2  -1  -2   0   3  -4  -3  -2    0   0   7  20   3   5   0   9   0   0   4  12   0   2   0   5  29   0   0   0  0.34 0.20
   10 G    -1  -3  -2   0  -4  -2   0   6  -3  -4  -3  -3  -3  -4  -3   0  -2  -4  -4  -4    1   1   0   5   0   0   7  70   0   1   3   1   0   0   1   8   1   0   0   1  1.11 0.32
   11 S    -1   2   0  -2  -3   3  -1   1   0  -4  -3   4  -2  -4  -2   1  -1  -3  -3  -3    3  11   3   0   0  16   1   9   2   0   1  38   0   0   0  10   3   0   0   1  0.51 0.23
   12 K    -2   2  -1   2  -3   2   3   0   1  -3  -3   2  -2  -3  -2   1   0  -3  -2  -2    1  10   0  13   0   9  20   8   5   0   1  15   0   0   0   9   6   0   0   2  0.34 0.16
   13 T    -1   1  -1  -1   1   0   1  -2   1   1   0   0  -1  -1  -2   0   3  -2  -1   0    3   8   1   3   3   3   9   3   3   9   9   3   0   2   1   5  28   0   2   5  0.12 0.11
   14 C    -1   1  -2  -2   4  -1   0  -3   3   2  -1   0  -1   2  -3  -1   1   1  -1  -1    5  11   0   2  11   0   6   0  11  16   3   6   0  10   0   4  12   2   0   0  0.20 0.16
   15 T    -1  -1  -2  -3  -3  -1  -2  -3  -2   1   1  -2  -1   4   0   0   1  -2   2   1    4   3   2   0   0   2   2   0   0   7  16   1   0  22   4   9  14   0   8   9  0.23 0.16
   16 I    -1  -1  -2  -2  -1  -1   0  -2  -2   2   2  -1   1   0  -2  -1   0  -2  -1   2    2   2   1   2   1   1   7   2   1  16  24   5   2   3   2   2   4   0   1  21  0.15 0.08
   17 E    -1   0   0   1   0   1   2  -1   1   0   0   0  -1  -1  -1   0   0  -1  -1   0    3   2   4   8   2  10  17   3   4   6   9   7   1   3   2   4   7   1   1   6  0.08 0.04
   18 D     1   1   1   3  -2   0   1  -1   1  -2  -2   0  -2  -1  -1   1   1  -2  -2  -2   11  10   6  18   1   2  11   2   5   1   2   2   1   3   1  14   9   0   1   2  0.20 0.09
   19 V    -1  -4  -4  -4  -3  -4  -4  -4  -4   3   1  -4   0  -1  -4  -3   0  -4  -3   5    5   0   0   0   0   0   0   0   0  13  12   0   1   2   0   0   5   0   0  59  0.80 0.32
   20 S     0   1   1   2   0   1   2   0   1  -3  -2   0  -1  -4   0   2   0  -4  -3  -3    4   9   5  10   2   4  20   5   3   0   2   3   2   0   4  21   5   0   0   0  0.26 0.15
   21 R     0   2  -1  -2  -3  -1   2   0  -2  -2  -2   0  -1  -3   5   0  -1  -4  -3  -3   10  12   2   0   0   0  14   7   0   2   5   6   1   0  28   8   2   0   0   0  0.45 0.19
   22 K     0  -2   2   2  -3   1   2   0  -2  -3  -1   0  -2  -1  -1   2   1  -3   0  -2    4   0  10  12   0   5  13   6   0   0   7   3   0   3   1  18  13   0   3   0  0.20 0.14
   23 A    -1  -1   0   4  -1   0   3  -3  -2  -1  -3  -2   1  -4  -3   1   0  -1  -4  -3    4   2   2  31   1   3  26   0   0   3   2   0   4   0   0  13   7   1   0   0  0.54 0.26
   24 T    -1  -2   0  -1  -3   0  -2  -3  -3  -3  -2   2  -3  -1  -3   3   5  -4  -1  -3    2   1   5   2   0   3   0   0   0   0   3  13   0   3   0  22  46   0   1   0  0.68 0.35
   25 I    -2  -5  -5  -6  -3  -5  -5  -3  -6   4  -1  -5  -2  -3  -2  -4  -3  -5  -4   6    1   0   0   0   0   0   0   2   0  28   0   0   0   0   2   0   0   0   0  67  1.30 0.46
   26 E     1  -1  -2   0  -3   1   2   0  -2  -1   1   1   0   0  -2   1  -1  -3   0  -2   16   1   0   3   0   7  15   6   0   3  15   8   2   5   0  14   0   0   3   0  0.13 0.14
   27 E     0   0   0   1  -3   3   2  -2   1  -3  -2   0  -1  -2  -3   2   0  -3  -1  -2    5   5   4   8   0  17  19   2   4   0   4   3   1   2   0  17   6   0   2   3  0.27 0.17
   28 L    -3  -4  -5  -5  -3  -4  -5  -5  -5   3   4  -4   2   2  -5  -4  -2  -3  -2   3    0   0   0   0   0   0   0   0   0  17  46   0   4  10   0   0   2   0   0  21  0.79 0.30
   29 R    -4   2  -3  -4  -6  -2  -2  -5   1  -6  -5   7  -4  -6  -4  -3  -4  -6  -5  -5    0   7   0   0   0   0   0   0   3   0   0  90   0   0   0   0   0   0   0   0  1.93 0.62
   30 E     1   2   0  -1  -4   3   4  -2   1  -3  -2   2  -2  -4  -3   0  -1  -4  -3  -2   11  13   3   1   0  13  29   2   3   0   3  10   0   0   0   7   2   0   0   3  0.41 0.22
   31 R    -1   3  -1  -3  -4   3   0  -4   2  -1   0   4   1  -3  -3  -1  -2  -4  -3  -1    3  18   2   0   0  13   3   0   6   4  12  31   4   0   0   2   0   0   0   4  0.44 0.24
   32 V    -1  -5  -5  -5  -3  -5  -5  -6  -5   6   1  -5  -1  -2  -5  -4  -3  -5  -4   3    6   0   0   0   0   0   0   0   0  62  13   0   0   0   0   0   0   0   0  20  1.16 0.41
   33 W     2   0   0  -2  -4   3   4  -3   2  -4  -4  -1  -3  -4  -3   2  -2   1  -1  -4   18   3   3   0   0  15  31   0   6   0   0   0   0   0   0  21   0   2   2   0  0.60 0.31
   34 A     1   1  -1   1  -3   1   2   0  -1  -3  -3   1  -2  -2   0   1   0   1  -3  -3   11   8   1  10   0   8  17   5   1   2   0  11   0   1   4  12   6   3   0   0  0.25 0.14
   35 L     0   2  -1  -1  -1   1   1  -3  -1   0   1   3   0  -3  -3   0  -1  -4  -3  -1    8  12   1   1   1   6   7   0   1   5  16  30   2   0   0   5   2   0   0   4  0.26 0.18
   36 F    -2  -1   0  -1  -1   2   3  -3  -1   0   1   0  -1   2  -3  -1   2  -3  -2  -1    1   2   4   2   1  10  25   0   1   5  13   4   0  11   0   1  16   0   0   4  0.23 0.18
   37 D    -1  -3   2   1  -4   1  -1   5   1  -5  -5   1  -4  -5  -4   0  -2  -5  -4  -5    1   0   9   9   0   6   3  50   3   0   0  10   0   0   0   8   1   0   0   0  0.78 0.30
   38 V    -1  -3  -4  -5   0  -2  -4  -5  -4   5   0  -4   1   2  -4  -2  -1  -3   0   4    3   1   0   0   2   1   0   0   0  37   4   0   2  11   0   2   2   0   3  32  0.65 0.28
   39 R    -1  -1  -2  -1  -5   0   1  -4   0  -2  -2  -1  -4  -1   7  -1  -2  -5  -4  -4    3   4   1   3   0   4  10   0   2   3   3   2   0   3  56   3   2   0   0   0  1.19 0.39
   40 P     2  -3  -3  -3   1  -2   0  -3  -4   0  -2  -1  -3  -4   6   0  -1  -5  -4   2   18   0   0   0   3   1   5   0   0   5   1   3   0   0  40   5   3   0   0  16  0.79 0.31
   41 E     0   0   1   2   1   1   3   0  -2  -3  -3   1  -3  -2  -2   1  -1  -4  -3  -2    5   4   6  15   3   6  27   6   0   0   2   7   0   2   1  12   1   0   0   2  0.33 0.18
   42 C    -1   1  -1  -1  -1   5   2  -1   1  -4  -2   3  -3  -4  -3   0  -1   1  -3  -4    4   6   2   3   1  33  12   4   3   0   4  17   0   0   0   6   2   2   0   0  0.52 0.27
   43 Q    -4  -2  -3  -4  -6   8  -1  -5  -3   0  -1  -2  -3  -5  -4  -3  -4  -5  -4  -1    0   0   0   0   0  82   0   0   0   7   7   0   0   0   0   0   0   0   0   4  1.82 0.65
   44 R    -3   5  -2  -2  -5   0  -1  -4   3   0  -3   3  -1  -4  -4  -3  -2  -5  -3   0    0  45   0   2   0   3   2   0   7   5   1  22   1   0   0   0   1   0   0  10  0.80 0.35
   45 L    -3  -4  -5  -6  -3  -4  -5  -6  -5   1   5  -5   2  -2  -2  -4  -3   4  -3   2    0   0   0   0   0   0   0   0   0   5  71   0   4   0   2   0   0   5   0  12  1.08 0.40
   46 F    -2  -4  -2  -4  -1  -1  -1  -4  -3   5   1  -3  -1   3  -4  -2  -1  -3   2   1    2   0   3   0   1   2   5   0   0  41  13   0   0  16   0   3   3   0   6   5  0.49 0.25
   47 Y    -4  -4  -5  -5   3  -4  -5  -2   2  -1  -1  -3  -3   6  -5  -4  -4   3   7  -2    0   0   0   0   6   0   0   3   5   2   6   1   0  33   0   0   0   3  39   1  1.26 0.43
   48 R     2   1   2   1   0   2   0  -2  -2  -4  -3   2  -1  -4  -3   1  -1  -4  -3  -3   23   8  11   8   2  13   5   1   0   0   0  13   2   0   0  13   2   0   0   0  0.34 0.20
   49 G    -1  -5   0  -2  -5  -2  -4   7  -4  -6  -6  -4  -5  -6  -5  -3  -2  -5  -6  -6    3   0   3   2   0   2   0  88   0   0   0   0   0   0   0   0   2   0   0   0  1.85 0.54
   50 K    -2   4  -2  -3  -5   2  -1  -1   1  -2  -4   5   0  -5  -3  -2  -2  -5  -4  -4    2  19   0   0   0   7   2   4   4   2   0  53   3   0   0   1   1   0   0   0  0.88 0.37
   51 Q     0   0  -3  -2  -3   3   2  -4  -2   2   0   0  -1   0   1  -2  -2  -4  -2   2    6   3   0   0   0  20  15   0   0  13   7   5   0   5   6   1   0   0   0  18  0.27 0.20
   52 L    -4  -5  -6  -6  -4  -4  -5  -6  -5   1   6  -5   4  -2  -5  -5  -4  -4  -4   0    0   0   0   0   0   0   0   0   0   4  84   0   9   0   0   0   0   0   0   3  1.42 0.48
   53 E     0   0   0   1  -4   3   4  -2  -2  -4  -4   3  -3  -5  -3   0   0  -4  -4  -3    9   2   3   6   0  13  32   3   0   0   0  22   0   0   0   4   5   0   0   1  0.56 0.27
   54 N    -4  -2   3   7  -6  -3   0  -4  -4  -6  -6  -3  -6  -6  -4  -3  -4  -7  -6  -6    0   2  12  82   0   0   4   0   0   0   0   0   0   0   0   0   0   0   0   0  1.96 0.59
   55 G    -1  -2   0   4  -4   0   2   2   0  -4  -4   0  -4  -4  -1   0  -1   3  -3  -4    2   1   3  31   0   4  16  19   2   0   0   7   0   0   2   4   2   5   0   0  0.55 0.24
   56 Y    -1   0   0   0  -3   1  -1  -3   1  -1   0   3   1   0  -2   0   1   0   1  -1    4   4   5   5   0   5   1   0   5   2  10  25   6   3   0   8   8   2   5   2  0.14 0.13
   57 T    -1   1  -1  -1   2   0  -2  -2   0  -1  -2   0  -1  -3  -1   2   4  -4  -2  -2    1   7   1   3   4   3   0   2   3   3   4   6   2   0   2  17  41   0   1   0  0.42 0.26
   58 L    -1  -4  -5  -5  -3  -4  -4  -5  -4   2   5  -2   2   0  -4  -4  -3  -3  -3   1    6   0   0   0   0   0   0   0   0   9  67   2   5   3   0   0   0   0   0   7  0.84 0.33
   59 F     2   0   1   0  -3   1   1   0  -2  -2  -2   1  -1   0  -2   2   0  -3  -2  -2   20   4   6   4   0   6   7   8   0   2   1  12   1   5   0  20   4   0   0   1  0.19 0.14
   60 D    -2  -3   0   5  -5   2   3  -3   2  -3  -4  -2  -1  -2  -3   1  -2  -4   1  -4    2   0   3  39   0  10  18   0   5   2   0   0   1   2   0  12   1   0   5   0  0.69 0.31
   61 Y    -3  -4  -1  -5   4   0  -4  -5   1  -1  -1  -4  -1   0  -5  -2  -2  -1   8  -1    2   0   3   0  11   6   0   0   3   4   6   0   1   0   0   2   2   0  59   3  1.27 0.46
   62 D    -2  -1   4   1   2   0  -1   3   1  -4  -4   2  -1  -4  -3   1  -2  -5  -4  -4    0   2  27   7   4   4   1  29   3   0   0  13   3   0   0   8   0   0   0   0  0.57 0.26
   63 V    -3  -2  -5  -5  -3  -4  -5  -6  -5   6   2  -4   1  -2  -5  -4  -3  -4  -3   4    0   3   0   0   0   0   0   0   0  52  14   0   3   0   0   0   0   0   0  28  1.01 0.37
   64 G     0   1   0   1  -3   3   1   2   0  -3  -1   1  -2  -4  -1   0   0  -4  -3  -1    5   7   3   7   0  20  11  17   2   0   5   8   0   0   3   4   4   0   0   5  0.23 0.14
   65 L     0   0  -1   3  -3   1   2   0  -2  -3  -2   1  -2  -1   3   0  -2  -4  -3  -3    8   3   2  20   0   5  12   6   0   0   6  11   0   3  16   8   0   0   0   0  0.33 0.16
   66 N    -2  -3   3   2  -4   0   1   5  -3  -5  -3  -2  -4  -5  -4   0  -3  -5  -4  -4    0   0  18  12   0   4  11  45   0   0   3   0   0   0   0   8   0   0   0   0  0.80 0.31
   67 D     1  -2  -1   2   1  -2  -1  -1   1  -2  -1   0  -1   0  -3   4  -1  -3   0  -2   13   0   2  11   3   0   2   3   4   1   5   6   2   4   0  38   2   0   3   2  0.28 0.21
   68 I    -2  -1  -3  -3  -3  -1  -3  -4  -3   2   1   0   0   0  -3   0   4  -4  -2   3    0   2   0   0   0   3   0   0   0  10  11   7   2   5   0   6  31   0   0  23  0.37 0.23
   69 I    -3  -4  -5  -5  -3  -4  -5  -6  -5   4   4  -4   0  -2  -5  -4  -3  -4  -3   4    0   0   0   0   0   0   0   0   0  24  47   0   0   0   0   0   0   0   0  28  0.97 0.35
   70 Q    -3  -2   1  -3  -2   3  -1  -4   8  -1  -2  -1   1   0  -4  -2  -1  -4   0   0    0   0   5   0   1  15   3   0  42   4   3   3   5   4   0   2   2   0   2   7  0.81 0.34
   71 L    -3  -4  -5  -6  -3  -4  -5  -6  -5   1   5  -4   3  -1  -5  -4  -3  -4  -3   3    0   0   0   0   0   0   0   0   0   4  63   0   8   2   0   0   0   0   0  23  1.02 0.37
   72 L     0   0  -4  -4  -3  -3  -4  -4  -4   2   1  -3   4  -2  -4  -1   0  -4  -3   4    6   6   0   0   0   0   0   0   0  11  13   0  12   0   0   3   5   0   0  45  0.54 0.25
   73 V    -1  -2  -3  -3  -2   0  -1  -2  -3   3   3  -3   1  -1  -3  -2  -1  -3  -2   3    2   2   0   0   0   4   5   4   0  17  32   0   3   0   0   1   2   0   0  27  0.33 0.16
   74 R    -2   6  -2  -3  -5   1  -1  -3  -2  -4  -4   4  -3  -4  -3   0  -2  -4  -3  -4    0  58   0   0   0   5   0   0   0   0   0  31   0   0   0   5   0   0   0   0  1.11 0.30
   75 P    -2  -3  -3  -2  -4  -2  -2  -3  -3  -4  -4  -2  -3  -5   8  -2  -2  -5  -4  -3    0   0   0   0   0   0   0   0   0   0   0   0   0   0 100   0   0   0   0   0  2.34 0.15
   76 D    -2  -2   1   6  -4   0   2  -1  -1  -3  -4  -1  -3  -4  -2   0  -1  -5  -3  -3    0   0   0 100   0   0   0   0   0   0   0   0   0   0   0   0   0   0   0   0  0.96 0.01

                      K         Lambda
Standard Ungapped    0.1424     0.3250
Standard Gapped      0.0438     0.2670
PSI Ungapped         0.1430     0.3184
PSI Gapped           0.0438     0.2670
