
Last position-specific scoring matrix computed, weighted observed percentages rounded down, information per position, and relative weight of gapless real matches to pseudocounts
            A   R   N   D   C   Q   E   G   H   I   L   K   M   F   P   S   T   W   Y   V   A   R   N   D   C   Q   E   G   H   I   L   K   M   F   P   S   T   W   Y   V
    1 I    -3  -4  -5  -5  -3  -4  -5  -5  -5   3   4  -4   0  -2  -4  -4  -2  -4  -3   4    0   0   0   0   0   0   0   0   0  15  43   0   0   0   0   0   0   0   0  42  0.88 0.31
    2 M     0  -1  -1  -2   0   1   1  -3  -3  -2   0   3   1  -3  -3   2   2  -4  -3  -2    8   2   1   1   2   6  12   0   0   2   9  20   4   1   0  22  11   0   0   1  0.29 0.25
    3 V    -3  -6  -6  -6  -4  -6  -6  -6  -5   6   1  -6  -1   5  -6  -4  -4  -4  -2   3    1   0   0   0   0   0   0   0   0  44  10   0   1  25   0   1   0   0   0  18  1.20 0.51
    4 T    -2  -4  -4  -3  -3  -4  -2  -5  -5   2   3  -2   1  -1  -4   0   3  -5  -3   3    1   0   0   1   0   0   2   0   0  12  26   2   2   3   0   6  21   0   0  25  0.54 0.34
    5 K    -1   1  -1   0  -4   3   1   1   0  -2  -3   2  -3  -3  -2   1   0  -4  -1  -1    2   9   1   4   0  15  10  13   3   3   1  16   0   1   2   9   7   0   2   4  0.26 0.22
    6 Q    -3  -3   0  -2  -5   2   1   2  -1  -4  -5   1  -5  -6   6  -1  -1  -6  -5  -5    1   1   5   1   0   8   9  18   1   1   0   9   0   0  37   3   4   0   0   0  0.89 0.46
    7 L    -3  -5  -5  -5  -2  -3  -3  -4  -2  -1   4  -3   2   0   4  -3  -2  -5  -4  -1    1   0   0   0   1   1   2   1   1   3  51   1   5   4  23   2   2   0   0   3  0.87 0.46
    8 E    -2   1   0   0  -5   3   4  -3   0  -5  -3   2  -2  -5  -1   2   0  -5  -4  -3    2   8   4   4   0  12  29   1   2   0   3  11   1   0   3  14   6   0   0   1  0.51 0.35
    9 D    -2  -2   4   5  -6  -3   0  -2  -1  -6  -5  -2  -5  -6  -1   3   0  -6  -3  -5    2   2  20  38   0   0   4   3   1   0   1   2   0   0   3  19   5   0   1   0  0.94 0.51
   10 T     0   1  -2  -4  -4   4  -2  -4   0   1   0  -1   1  -3  -4  -2   1  -4   2   2    6   8   2   0   0  22   1   1   2   6  10   3   4   0   0   1  11   0   7  15  0.35 0.31
   11 T     0  -1   0  -1  -4   0   1  -3  -1  -1  -1   0   0  -3  -4   2   4   0  -2   0    6   2   3   2   0   5  11   1   1   4   6   6   3   1   0  15  27   1   1   5  0.29 0.28
   12 A     2  -3  -3  -6   0  -5  -3  -3  -6   1  -2  -3  -1  -3  -4  -3  -1  -6  -3   6   15   2   1   0   2   0   2   2   0   7   3   2   1   1   0   1   3   0   1  57  0.96 0.53
   13 Y     0   0   0  -1  -3   1   0  -2   0  -1   0   0   2  -1   2   1   1  -2  -1   0    7   6   4   3   0   6   6   1   2   3   8   6   6   3   9  10   9   0   2   9  0.09 0.11
   14 C     0   1  -2  -2  -3   0   3  -3  -2   0   1   0  -1  -4   1  -1   0  -5  -3   2    7   7   1   2   0   3  21   1   1   6  12   5   1   0   6   4   5   0   1  19  0.22 0.22
   15 G    -3  -5  -2  -1  -7  -6  -2   7  -6  -8  -8  -2  -7  -8  -7  -1  -6  -7  -7  -8    2   1   2   3   0   0   2  84   0   0   0   2   0   0   0   5   0   0   0   0  2.09 0.85
   16 E    -1  -1   0   3  -2   2   3  -1   1  -5  -4   1   0  -5  -4   2   0  -5  -1  -3    5   3   3  14   1   8  22   4   4   0   1   8   2   0   0  17   5   0   2   1  0.43 0.32
   17 R     0   2   1   2  -1   0   1  -3  -3  -4  -2   1  -1  -5  -1   2   4  -5  -4  -2    5  10   6  13   1   4   7   1   0   0   3   7   1   0   2  15  24   0   0   2  0.40 0.32
   18 V     3  -6  -6  -6  -2  -4  -5  -3  -6   1   1  -3  -2  -3  -4  -4  -1  -6  -2   5   26   0   0   0   1   1   0   1   0   7  10   1   1   1   0   0   3   0   1  46  0.95 0.52
   19 E    -2   1  -1  -1  -1   0   2  -4  -1   0  -1   1   0  -1  -4   0   3  -4  -1   2    1   8   2   3   1   4  15   0   1   4   6   8   2   3   0   7  18   0   2  15  0.22 0.23
   20 L    -6  -7  -7  -8  -6  -6  -7  -8  -6   0   5  -7   3   5  -7  -7  -5   1  -3  -1    0   0   0   0   0   0   0   0   0   4  59   0   6  26   0   0   0   2   0   3  1.57 0.69
   21 E    -2   2  -1   0  -3   2   3  -4   3  -3  -3   0  -2  -2   0   1   2  -1  -3  -1    2  11   2   4   0   8  19   0   6   1   2   5   1   2   5  11  16   1   0   4  0.33 0.29
   22 C    -4  -9  -9  -9  12  -5  -9  -8  -9  -7  -7  -9  -7  -8  -5  -7  -7  -8  -8  -2    1   0   0   0  94   1   0   0   0   0   0   0   0   0   1   0   0   0   0   4  4.31 1.40
   23 E    -1   1  -1   0  -5   2   4  -2   0  -1  -3   2  -2  -3   0   0   0  -3  -4  -1    4   9   3   5   0  10  26   3   2   4   1  12   1   1   4   6   6   0   0   3  0.35 0.28
   24 V     3  -5  -5  -5  -4  -2  -1  -5  -5   2   0  -4  -2  -3  -1  -2   0  -6  -2   5   24   0   0   0   0   1   4   0   0  10   8   1   1   1   3   2   4   0   1  41  0.75 0.45
   25 S     1  -1   0  -2  -4   1  -1   1   0  -3  -4   0  -4  -5  -1   4   2  -5  -3  -3    9   3   4   2   0   6   4   9   2   2   1   4   0   0   3  36  14   0   1   1  0.50 0.38
   26 E     0  -1   2   2  -4  -1   1   3   1  -3  -5   0  -4  -4  -2   1   0  -5  -3  -3    9   3   8  12   0   2   9  24   4   2   0   6   0   1   1  13   5   0   1   1  0.37 0.27
   27 D    -1  -3   1   1  -6  -2   1  -3  -5  -1  -4  -1  -5  -2   6   0  -3  -7  -3  -2    6   1   6   8   0   1   9   2   0   4   1   3   0   2  45   6   1   0   1   3  0.97 0.52
   28 D    -2   1   0   1  -5   1   1  -1   0  -5  -3   0  -3  -5   5   0  -1  -6  -3  -2    2   8   4   9   0   7   9   5   2   0   3   6   0   0  31   6   3   0   1   3  0.60 0.37
   29 A     2  -4  -5  -4  -5  -1  -4  -2  -3  -3  -3  -1  -2  -6   6  -1   1  -7  -6  -1   20   0   0   1   0   3   1   3   0   1   3   5   1   0  45   5  10   0   0   4  1.11 0.58
   30 N    -2  -1  -1  -1  -5   2   3  -4   2  -3  -4   0  -3  -3   3   0   3  -6  -3   0    3   3   3   2   0   9  20   0   5   1   0   5   1   1  16   8  17   0   0   6  0.48 0.36
   31 V    -3  -6  -4  -7  -3  -6  -6  -3  -6   5   1  -3  -1  -1  -6  -5  -3  -5   3   5    1   0   1   0   0   0   0   2   0  35  10   1   1   2   0   0   1   0   9  37  1.12 0.55
   32 K    -2   3   0  -1  -4   2   0  -3   0  -1  -1   1   1  -3  -4   1   2  -5  -1  -1    1  18   4   3   0  10   5   0   3   4   5   7   4   0   0  13  15   0   2   5  0.29 0.26
   33 W    -9  -9 -10 -11  -9  -4  -9  -9  -9  -9  -8  -9  -8  -2 -10  -9  -5  13  -4  -9    0   0   0   0   0   1   0   0   0   0   0   0   0   1   0   0   1  97   0   0  5.25 1.68
   34 F    -3  -1  -1  -5  -2  -1  -1  -5  -2  -1   3  -1   1   4  -5  -4   0   3   4  -2    2   3   3   0   1   3   5   0   1   2  25   5   3  20   0   0   7   4  14   2  0.55 0.35
   35 K    -3   2  -3  -5  -2  -2  -4  -4   2  -5  -1   7  -4  -2  -6  -3  -4  -7  -6  -4    1  10   1   0   1   1   0   1   4   0   5  69   0   2   0   1   1   0   0   1  1.61 0.77
   36 N    -5  -2   6   6  -7  -2  -1   0  -4  -7  -7  -1  -7  -7  -3  -3  -5  -8  -4  -7    0   2  36  42   0   2   4   8   0   0   0   3   0   0   1   1   0   0   1   0  1.54 0.71
   37 G    -2  -2   1   2  -2  -4  -1   6  -4  -7  -6  -2  -6  -7  -3  -2  -3  -3  -6  -5    2   2   6  12   1   1   3  63   0   0   1   3   0   0   1   2   1   0   0   1  1.33 0.62
   38 E    -1   1   0   0  -4   2   2  -1   0  -1  -2   2  -1  -4  -4   0   0  -5  -4   2    5   8   4   4   0  12  11   4   2   4   2  16   1   0   0   7   5   0   0  15  0.24 0.23
   39 E    -1   0  -1   0  -5   1   3  -4   0  -1  -1   1  -2  -5   4   0  -1  -5  -4  -1    5   5   2   4   0   5  23   1   2   4   6   7   1   0  21   5   4   0   0   4  0.44 0.31
   40 I    -4  -5  -4  -7  -5  -4  -6  -5  -6   5   4  -5   2   0  -6  -4  -4  -5  -3   2    0   0   1   0   0   0   0   1   0  30  45   0   5   3   0   1   0   0   1  11  1.12 0.53
   41 I    -1   1   1   0  -3   1   0   0   0   0  -1   0  -1  -2   1  -1   2  -2  -1   0    4  10   6   4   0   8   4   7   2   5   7   6   1   1   7   3  14   1   2   9  0.08 0.10
   42 P     0   0   0   0  -3   1   0  -2   0  -2  -1   0  -1  -1   5   0   0  -4  -1  -2    7   5   5   5   0   5   7   3   2   2   6   4   1   2  26   8   5   0   2   3  0.34 0.20
   43 G     0  -1   1   2  -2   0   1   2  -1  -4  -3  -1  -3  -1  -1   2  -1  -4  -3  -3    6   2   8  14   1   4  11  16   1   0   3   4   0   3   2  19   4   0   1   1  0.28 0.21
   44 P    -2  -1   2   2  -4   1   2   0   0  -2  -2   0  -2  -2   2   1   0  -2  -1  -3    2   3  12  13   0   6  16   6   2   2   4   6   0   2  10   9   4   0   2   1  0.27 0.20
   45 K    -1   2   2   1  -3   1   0   0   1  -2  -2   2  -2  -2  -2   1   1   0  -1  -2    4  11  10   9   0   5   4   7   4   3   3  11   1   1   1  10  12   1   1   2  0.19 0.15
   46 S     0   0   0   1  -1   0   1   1   0  -1  -1   0  -1   1   1   0   0  -2  -1  -1    9   6   3   7   1   2   9  11   2   4   5   4   2   7   8   9   7   0   2   3  0.07 0.06
   47 R    -3   5   2  -1  -4   1  -1  -1   1  -2  -3   3  -3  -2  -2  -1  -2  -4   0  -3    2  36   9   3   0   4   3   5   4   3   3  15   0   1   1   4   3   0   3   1  0.57 0.31
   48 Y    -2  -2  -4  -2  -1  -3  -3  -3   1   3   0  -2  -1   1   0  -3  -1   0   5   2    2   2   1   2   1   1   1   3   4  19   7   2   1   5   4   2   3   1  23  17  0.50 0.29
   49 R    -1   3  -1   0  -3   2   0  -1   1  -1  -2   1  -2  -2  -2   1   1  -3  -1   0    4  22   2   5   0   9   4   4   3   3   4   8   0   2   2  10  10   0   2   6  0.21 0.18
   50 I    -2  -3  -3  -4  -3  -3  -2  -4   0   4   2  -3   1   4  -4  -2  -2   0   1   3    2   1   1   1   0   0   2   1   2  24  15   1   4  16   1   3   2   1   3  18  0.50 0.27
   51 R    -1   2  -1  -1  -3   1   0  -1   1  -1   0   1  -1  -1  -2   0   0  -1   1  -1    3  14   2   4   0   8   7   3   3   4  12  10   1   2   1   9   7   1   5   4  0.10 0.11
   52 V     0   0   1  -1  -1   1   1  -1   0   0  -1   1  -1  -2   0   0   0  -1  -2   0    7   4   8   2   2   8   9   4   3   9   5  12   0   1   5   7   5   1   1   7  0.07 0.08
   53 E    -2   0   2   5  -4   0   2  -2  -1  -3  -3   0  -3  -2  -2   0   0  -4  -2  -4    2   4   9  37   0   3  14   2   1   1   3   5   1   2   1   6   5   0   1   1  0.63 0.33
   54 G    -1  -1   2  -2  -4  -1  -2   6   0  -3  -4  -1  -2  -4  -2   0  -1  -2  -3  -3    5   3   8   2   0   3   2  52   3   1   2   4   1   1   2   6   3   1   1   2  0.80 0.37
   55 K    -1   0   2   1  -2   1   1   0   0  -2  -2   2  -2  -2  -2   0   0  -1   0  -1    4   4  11   7   0   8   9   9   1   3   3  14   1   1   1   8   7   1   3   4  0.15 0.11
   56 K    -1   2   1  -1  -2   0   1   0   0  -1  -1   2   0  -2   0   0   0  -2  -1  -1    4  14   7   2   1   4   8   6   2   4   8  15   3   1   4   6   6   0   2   4  0.12 0.08
   57 H     1   0  -1  -1   1   1   0   1   5  -2  -2  -1  -1  -1  -2   1  -1   1   1  -1   10   5   2   3   3   5   6  11  16   1   2   3   2   2   1  14   2   2   4   6  0.22 0.15
   58 I    -1   0   1  -2  -2  -1   0  -3   1   0  -1  -1   1  -1  -2   2   3  -1  -1   1    3   5   7   1   1   2   6   1   4   6   5   2   4   3   1  15  20   1   2  10  0.17 0.18
   59 L    -6  -5  -7  -8  -6  -5  -7  -8  -7  -1   7  -7   0  -3  -7  -7  -4  -6  -5  -2    0   1   0   0   0   1   0   0   0   2  91   0   2   1   0   0   1   0   0   2  2.04 0.84
   60 I    -2   2  -1  -3  -3   1  -1  -4   1   3   0   0   0  -1  -4  -1   2   0  -2   2    1  12   2   0   0   7   4   0   4  16   9   5   2   2   0   3  15   1   1  13  0.25 0.23
   61 I    -5  -7  -7  -7  -5  -7  -7  -8  -7   7   2  -7   1   2  -7  -6  -5  -6  -3   1    0   0   0   0   0   0   0   0   0  66  15   0   3   7   0   0   0   0   1   8  1.75 0.72
   62 E    -1   2   1   1  -2   1   0  -3   2  -2  -3   2  -3  -2  -1   2   1  -4   1  -2    2  14   8   6   1   7   6   0   5   3   2  12   0   2   3  16   7   0   4   2  0.25 0.22
   63 G    -1   1   4   3   0   1   1   1   1  -5  -4   1  -4  -4   0   0  -2  -5  -4  -5    4   7  18  16   3   6   8  10   4   0   1   9   0   1   6   6   1   0   0   0  0.42 0.29
   64 A     3  -6  -6  -6   1  -5  -5  -5  -6   0   1  -5  -1  -3  -2  -2   0  -6  -5   5   21   0   0   0   3   0   0   0   0   4  13   0   1   1   2   2   6   0   0  46  0.91 0.51
   65 T    -1   2   1   1  -1   1   0  -1   0  -3  -3   0  -1  -1  -4   1   3   1  -3  -1    4  11   6   8   1   8   5   4   2   1   1   5   2   3   0  13  21   2   0   4  0.26 0.24
   66 K     0   0  -2  -1  -4   0   1  -2  -2  -1   0   2   0  -1   2   0   0  -2  -1   0    8   3   0   3   0   3  11   2   0   3  11  16   3   2  10   9   6   1   2   6  0.15 0.17
   67 A     0  -2  -1   2  -6   0   5  -2   0  -6  -4  -1  -5  -2  -2   3  -1  -2  -5  -4    6   2   2  10   0   3  37   3   2   0   1   3   0   2   1  22   3   1   0   1  0.69 0.45
   68 D    -7  -7  -2   9  -3  -1  -4  -7   1  -9  -9  -6  -8  -9  -7  -5  -6 -10  -8  -9    0   0   1  93   1   3   0   0   3   0   0   0   0   0   0   0   0   0   0   0  2.93 1.13
   69 A     4  -2  -1   0  -4   0   0  -1  -4  -1  -4  -3  -1  -3  -4   3   1  -6  -3  -2   30   1   2   6   0   5   7   5   0   5   0   1   2   1   0  26   8   0   1   2  0.50 0.38
   70 A     0  -7  -5  -4  -7  -7  -7   7  -7  -9  -9  -6  -8  -8  -7  -5  -6  -8  -8  -8    9   0   0   1   0   0   0  91   0   0   0   0   0   0   0   0   0   0   0   0  2.54 0.99
   71 E    -1   1   1  -1  -2   0   3  -4   0   1  -1   1   0  -1  -2   0   1   0  -1   0    2   7   6   2   1   3  20   0   2   8   6   9   3   2   1   7  10   1   2   7  0.14 0.17
   72 Y    -8  -8  -8  -9  -8  -7  -8  -9  -4  -7  -7  -8  -7  -1  -9  -8  -7   0  10  -4    0   0   0   0   0   0   0   0   0   0   0   0   0   1   0   0   0   1  97   1  3.78 1.36
   73 S    -1  -1  -2  -4   0   3   1  -2  -2  -2  -3  -1  -1  -2  -5   1   5  -2  -1  -2    4   3   1   0   2  13   8   3   1   2   1   3   1   1   0  11  39   1   3   2  0.62 0.45
   74 V    -4  -9  -6  -9  11  -8  -9  -8  -9  -1  -4  -9  -3  -2  -8  -7  -6  -8  -5  -1    1   0   0   0  85   0   0   0   0   3   1   0   1   2   0   0   0   0   0   5  3.71 1.25
   75 M    -3   1  -3  -3  -3   2   2  -5  -2   2   0   0   2   0  -4  -1  -1  -1   0   3    0   8   0   1   0   9  14   0   1  14   7   6   5   3   0   4   2   1   3  21  0.30 0.26
   76 T     6  -6  -6  -6  -2  -5  -5  -3  -3  -2  -2  -5  -1  -1  -4  -3   0  -6  -5   3   61   0   0   0   1   0   0   1   1   2   3   0   1   2   1   1   5   0   0  22  1.21 0.65
   77 T    -2   1   1  -1  -2   0   1   3  -1  -5  -5   0  -3  -3  -4   2   3  -1  -3  -3    1   7   6   2   1   3   9  22   1   0   0   6   0   1   0  16  20   1   1   1  0.45 0.34
   78 G    -4  -3   8   0  -3  -2   1  -1  -4  -5  -7  -2  -2  -7  -3  -1   0  -8  -6  -4    1   1  63   4   1   1   8   5   0   1   0   3   1   0   1   4   5   0   0   1  1.50 0.71
   79 G     2  -3  -2   2  -2   0  -1   3  -3  -4  -4   0  -3  -5  -1   2   1   0  -3  -3   17   1   0  14   1   4   3  21   0   0   1   5   0   0   3  17   8   2   0   1  0.40 0.30
   80 Q     0  -1  -1  -1  -2   3   1  -1   1  -2  -2   2  -1  -1  -3   2   1  -4   1  -1    9   3   2   3   1  14   9   3   4   2   3  11   1   2   0  15   9   0   5   5  0.20 0.21
   81 S     1   0  -2  -1   3  -2  -3   4  -4  -3  -3  -1  -2  -2  -4   3   0  -5  -5  -2   12   5   1   3   7   1   1  30   0   1   2   3   1   2   0  26   4   0   0   2  0.56 0.37
   82 S    -1   0   0  -1  -1   1   1  -1  -3  -3  -2  -1  -1  -4  -3   4   3  -5   0  -3    4   5   3   2   1   5  10   4   0   1   3   3   2   0   1  35  16   0   3   1  0.43 0.35
   83 A     5  -1  -3  -1   1  -1   0   1  -4   0  -4  -3  -4  -5  -2  -1  -1  -6  -3  -2   56   3   1   4   3   2   5   9   0   5   0   1   0   0   2   3   4   0   1   2  0.74 0.46
   84 K    -1   3   1  -2  -5   2   2  -4   0  -3  -4   2  -2  -4  -4   2   0  -4   1  -2    4  17   7   1   0  10  16   0   2   2   1  11   1   0   0  15   6   0   5   2  0.41 0.30
   85 L     1  -3  -5  -3  -2  -4  -5  -4   0   1   5  -3  -1  -1  -5  -3   0  -5  -4   1   11   1   0   1   1   0   0   1   3   5  56   1   0   2   0   1   7   0   0  10  0.71 0.41
   86 S    -1   0   0   1  -2   0   1  -4   1   1  -1  -2  -2  -2  -3   2   3   1   0  -1    2   5   4   9   1   3   8   0   4  12   4   0   0   1   0  15  23   2   3   4  0.24 0.24
   87 V     1  -6  -6  -6  -4  -5  -4  -6  -6   3  -1  -5  -1  -2  -6  -3  -3  -6  -5   6   10   0   0   0   0   0   1   0   0  14   3   0   1   1   0   2   1   0   0  68  1.38 0.62
   88 D    -3  -1   2   1  -5   5   4  -4   0  -3  -2   1  -3  -2  -4  -1  -1  -5  -4  -1    1   2   8   5   0  26  29   0   2   1   3   9   0   2   0   2   3   0   0   5  0.65 0.39
   89 L     1  -4  -4  -1  -4  -1   3  -5  -4  -1   3  -3   0  -3  -3  -2  -2  -5  -4   3   10   0   0   3   0   2  23   0   0   0  30   0   2   0   1   1   2   0   0  26  0.50 0.34
   90 K    -4   6  -3  -4  -6   2  -1  -5  -3  -6  -5   6  -4  -6  -4  -3  -4  -6  -5  -5    0  42   0   0   0   8   3   0   0   0   0  47   0   0   0   0   0   0   0   0  1.49 0.55

                      K         Lambda
Standard Ungapped    0.1299     0.3115
Standard Gapped      0.0408     0.2670
PSI Ungapped         0.1332     0.3174
PSI Gapped           0.0408     0.2670
