
Last position-specific scoring matrix computed, weighted observed percentages rounded down, information per position, and relative weight of gapless real matches to pseudocounts
            A   R   N   D   C   Q   E   G   H   I   L   K   M   F   P   S   T   W   Y   V   A   R   N   D   C   Q   E   G   H   I   L   K   M   F   P   S   T   W   Y   V
    1 M    -5  -5  -6  -7  -5  -4  -6  -7  -6  -3  -2  -5  11  -4  -7  -5  -5  -5  -5  -3    0   0   0   0   0   0   0   0   0   0   0   0 100   0   0   0   0   0   0   0  3.38 0.88
    2 E    -2  -2   5  -1  -4  -2   0  -2  -2  -4  -5  -3  -4  -5  -4   5   3  -6  -4  -4    0   1  27   2   0   0   6   2   0   0   0   0   0   0   0  44  17   0   0   0  0.94 0.41
    3 R    -2   7  -3  -3  -3  -1  -3  -4  -2  -4  -3   3  -4  -4  -2  -1  -2  -5  -3  -4    3  65   0   1   0   2   0   1   1   1   3  14   0   1   2   4   2   0   1   1  1.26 0.44
    4 Y    -4  -5  -5  -6  -4  -5  -5  -6  -4   6   3  -5   1   0  -5  -4  -3  -3   4   0    0   0   0   0   0   0   0   0   0  48  27   0   3   2   0   1   0   0  15   4  1.05 0.39
    5 E     1  -1   0   2  -4   3   2  -1  -2  -4  -4   1  -3  -4  -3   1   2  -4  -3  -3   13   2   4  14   0  14  16   4   0   0   0   7   0   0   0  12  13   0   1   0  0.38 0.21
    6 S     0   1   2   1  -3   3   2  -2  -1  -3  -2   1  -2  -3  -1   1   2  -4  -3  -2    8   7  12   8   0  14  12   1   1   0   3   8   0   0   2   8  13   0   0   1  0.28 0.17
    7 L     0   2  -3  -3   2  -1  -2  -3  -1   0   2   1   1  -2  -3  -1   2  -4  -2   1    8  16   0   0   4   1   0   0   2   4  20   9   5   1   0   2  19   0   1   9  0.24 0.18
    8 F    -5  -6  -4  -6  -3  -3  -6  -6  -4   0   1  -6   0   8  -6  -5  -3  -3  -1  -3    0   0   1   0   1   1   0   0   0   6  12   0   2  76   0   0   1   0   0   1  1.92 0.57
    9 A     3   1   0   1  -3   1   2  -2  -2  -3  -3   2  -2  -3  -2   1   0  -4  -3  -2   29   6   4   7   0   6  16   1   0   1   2  13   1   1   0   7   6   0   0   1  0.33 0.20
   10 Q     1   3   0   0  -2   3   2  -2  -1  -3  -3   2  -2  -4  -2   0   0  -4  -2  -2   15  16   5   3   1  13  13   1   1   1   2  14   0   0   1   8   4   0   1   2  0.33 0.17
   11 L     0  -2  -4  -4   2  -3  -3  -3  -4   0   5  -1   0   0  -3  -3   0  -3  -3   0   10   2   0   1   4   0   1   1   0   3  59   3   1   3   1   1   5   0   0   4  0.59 0.26
   12 K     0   3   0  -1  -4   1   0  -2  -2  -2  -2   5   0  -3  -3   0  -2  -4  -3  -2    9  18   3   2   0   5   3   1   1   2   3  40   3   1   1   6   1   0   0   3  0.52 0.24
   13 E     3   0   0   0  -2   1   1   0  -1  -3  -3   1  -2  -2   0   1   0  -3  -2  -2   29   4   5   4   1   6  11   4   1   1   1  10   0   2   5   9   3   0   1   1  0.23 0.14
   14 R     0   1   1   0  -4   4   3  -3   0  -4  -3   3  -3  -2  -2  -1  -2  -4  -1  -3    7   8   6   4   0  19  25   1   2   0   1  18   0   1   1   2   1   0   2   1  0.49 0.24
   15 K    -2   0   4   1  -4   0  -1   4  -1  -5  -5   3  -4  -5  -2  -1  -3  -5  -4  -4    1   3  20   8   0   5   3  33   1   0   0  19   0   0   2   3   0   0   0   0  0.65 0.27
   16 E    -3   5  -2  -1  -5   2   2  -3   1  -5  -4   4  -4  -5  -3  -2  -3  -5  -4  -4    1  36   1   2   0   6  16   2   4   0   1  26   0   0   1   2   1   0   0   0  0.88 0.36
   17 G     1  -1   0  -2   2  -2  -2   2  -3  -2  -3   4  -1  -4   2   0  -1  -4  -4  -3   12   2   4   1   5   0   0  18   0   3   2  32   2   0  11   4   3   0   0   1  0.43 0.25
   18 A     5  -4  -4  -4   1  -3  -4   1  -4   0   1  -4   1  -3  -4  -1  -3  -5  -2   0   59   0   0   0   2   1   0   8   0   5  13   0   3   1   0   2   0   0   1   4  0.74 0.37
   19 F    -5  -5  -4  -7   0  -6  -6  -7  -5  -2   5  -6   0   6  -6  -5  -5  -3  -1  -2    0   0   1   0   2   0   0   0   0   0  55   0   1  39   0   0   0   0   1   1  1.47 0.52
   20 V    -3  -5  -4  -6  -4  -5  -6  -5  -6   6  -1  -5   2  -3  -5  -1  -3  -6  -4   5    0   0   1   0   0   0   0   1   0  49   3   0   6   0   0   5   0   0   0  36  1.25 0.47
   21 P     1  -5  -4  -4  -4  -4  -4   1  -5  -1  -4  -4  -4  -6   7  -1   2  -6  -5  -1   14   0   0   0   0   0   0  11   0   3   1   0   0   0  51   3  14   0   0   4  1.27 0.47
   22 F    -6  -6  -6  -7  -2  -6  -6  -7   0  -4  -4  -6  -4   7  -7  -6  -6  -2   8  -5    0   0   0   0   1   0   0   0   2   0   0   0   0  45   0   0   0   0  51   0  2.38 0.72
   23 V    -3  -5  -5  -6  -4  -5  -5  -6  -5   5   3  -5   2   1  -5  -4  -1  -4   0   3    0   0   0   0   0   0   0   0   0  33  23   0   6   7   0   0   3   0   3  25  0.83 0.34
   24 T    -2  -4  -4  -5   0  -3  -4  -5  -5  -2  -3  -4   6  -5   1  -1   6  -5  -5   1    2   0   0   0   2   1   1   0   0   1   0   0  21   0   8   2  54   0   0  10  1.20 0.53
   25 L     5  -4  -3  -3   0  -3  -3   0  -4   0   1  -3  -2  -2  -1  -1  -1  -4  -3  -1   55   0   0   1   2   0   0   7   0   5  16   0   1   1   3   3   3   0   1   2  0.64 0.34
   26 G    -1  -5  -3  -4   1  -5  -2   7  -5  -7  -7  -5  -6  -5  -5  -3  -5  -6  -6  -6    4   0   0   0   4   0   3  87   0   0   0   0   0   0   0   1   0   0   0   0  2.02 0.62
   27 D    -3  -5  -2   7  -6  -4  -2  -5  -2  -5  -4  -4  -5   3  -5  -4  -4   1   4  -4    1   0   0  62   0   0   0   0   0   0   1   0   0  13   0   0   1   2  17   1  1.56 0.56
   28 L    -4  -6  -5  -5  -6  -5  -5  -1   0  -6  -5  -4  -6  -5   8  -3  -5  -7  -6  -6    0   0   0   0   0   0   0   6   2   0   1   1   0   1  87   2   0   0   0   0  2.67 0.77
   29 G    -2  -3   4   5  -5  -2  -1   1  -1  -4  -4  -3  -4  -3  -4   2   1  -5  -3  -2    1   0  18  35   0   1   2  12   1   0   1   0   0   1   0  13  10   0   1   3  0.69 0.33
   30 I    -1  -1  -2  -4  -3  -3  -3  -4  -3   1   2  -1  -1   2   4  -3  -1  -3   2   1    6   3   2   0   0   0   1   0   0   8  26   4   1   9  23   0   3   0   7   9  0.43 0.23
   31 E     0  -2   1   4  -5   1   5   0  -3  -5  -5  -1  -4  -5  -2   0  -1  -5  -4  -4   10   1   5  26   0   4  36   6   0   0   0   3   0   0   1   4   3   0   0   1  0.73 0.33
   32 Q     0   0   0   0  -2   0  -1   0  -1  -1  -1  -1   0  -1  -3   1   3  -2   0  -1    8   4   3   5   0   4   3   6   1   4   7   3   2   2   0  13  28   0   3   3  0.18 0.17
   33 S    -2  -4  -2  -4   0  -4  -4  -3  -4  -4  -1  -4  -1   3  -4   4   5  -5  -3  -3    2   0   1   0   2   0   0   1   0   0   5   0   1  11   0  32  44   0   0   0  1.00 0.49
   34 L     0  -1  -3  -3  -3  -2  -1  -3  -3   2   3  -1   0   1  -1  -2  -2   0   0   2   11   3   1   0   0   1   5   1   0  13  29   5   1   6   3   1   0   1   3  16  0.24 0.17
   35 K     1  -1  -1   2  -5   1   4  -2  -1  -4  -4   2  -4  -5   1  -1  -2  -3  -3  -4   12   2   1  10   0   7  35   2   1   0   1  16   0   0   8   4   0   0   1   0  0.58 0.31
   36 I     1  -3  -1  -4  -1  -2  -3  -4  -3   4   2  -4  -1   2  -4  -3  -1  -1  -1   2   15   1   3   0   1   1   1   0   1  29  18   0   0   8   0   0   3   1   2  15  0.41 0.24
   37 I     1  -5  -5  -6  -1  -4  -5  -4  -5   4   3  -4   5  -1  -5  -4  -3  -4  -3   2   12   0   0   0   1   0   0   0   0  27  27   0  18   2   0   0   0   0   0  14  0.80 0.36
   38 D    -2   1  -1   1  -1   1   2  -3   4  -1   0   3  -1  -2  -1  -1  -1  -4  -1  -2    2   8   1   9   1   6  13   0  11   4  11  20   1   1   2   3   2   0   1   2  0.24 0.18
   39 T     4  -2  -1  -1  -3  -1   0   0  -3  -1  -2  -1  -2  -1  -3   0   2  -4  -3  -1   42   2   2   2   0   2   6   7   0   2   4   3   0   3   0   5  17   0   0   4  0.40 0.27
   40 L     0  -5  -6  -6  -3  -4  -5  -6  -5   0   6  -4   4  -2  -5  -4  -4  -5  -4  -1    8   0   0   0   0   1   0   0   0   3  74   1   9   0   0   1   0   0   0   2  1.24 0.48
   41 I     0  -2  -1   2   0   1   2  -4  -3   3  -1  -2  -2  -3   1  -1  -2  -4  -3   3    6   1   3  11   2   8  14   0   0  17   3   0   0   0   7   3   1   0   0  24  0.29 0.22
   42 E     1   2   0   2  -5   2   4  -2  -2  -4  -4   3  -4  -5  -3  -1  -2  -5  -3  -4   16  12   4   9   0   9  25   2   0   1   0  18   0   0   0   2   1   0   1   0  0.54 0.29
   43 A     3  -3   2  -1  -1  -1  -2   3   1  -4  -2  -1  -3  -2  -3   2  -2  -4  -3  -3   28   0  12   2   1   2   2  26   4   0   4   3   0   1   0  14   0   0   0   0  0.48 0.28
   44 G    -3  -4  -3  -5   0  -5  -6   7  -5  -7  -7  -3  -6  -6  -4  -4  -5  -6   0  -6    0   1   1   0   2   0   0  90   0   0   0   1   0   0   1   0   0   0   3   0  2.14 0.67
   45 A     5  -5  -5  -5   2  -4  -4  -4  -5   0  -3  -4  -2  -5  -4  -1  -1  -6  -5   3   60   0   0   0   4   0   0   0   0   6   0   0   0   0   0   3   2   0   0  25  1.10 0.49
   46 D    -5  -5  -1   8  -7  -4  -2  -2  -3  -7  -7  -4  -7  -7  -5   0  -2  -8  -7  -7    0   0   2  84   0   0   0   3   1   0   0   0   0   0   0   8   2   0   0   0  2.17 0.71
   47 A     2  -5  -5  -5  -2  -4  -5  -2  -5   5   1  -4   2  -2  -5  -3  -3  -4   0   3   17   0   0   0   1   0   0   3   0  41  12   0   4   1   0   1   0   0   3  18  0.73 0.34
   48 L    -4  -5  -6  -6   0  -5  -6  -6  -6   6   4  -5   0  -2  -6  -5  -4  -5  -4   2    0   0   0   0   2   0   0   0   0  46  35   0   2   1   0   0   0   0   0  15  1.20 0.45
   49 E    -4  -4  -4  -2  -7  -2   8  -5  -4  -6  -6  -3  -5  -6  -5  -4  -4  -6  -5  -6    0   0   0   0   0   0  96   0   0   0   0   0   0   0   0   0   0   0   0   0  2.40 0.78
   50 L    -4  -5  -5  -6  -4  -5  -5  -6  -5   4   5  -5   0  -1  -5  -5  -3  -4  -4   2    0   0   0   0   0   0   0   0   0  21  62   0   1   1   0   0   0   0   0  12  1.14 0.42
   51 G    -3  -5  -4  -4  -6  -2  -4   7  -5  -6  -6  -5  -6  -6  -5  -3  -5  -5  -6  -6    0   0   0   0   0   2   1  93   0   0   0   0   0   0   0   1   0   0   0   0  2.25 0.67
   52 I    -3  -5  -5  -5  -3  -4  -5  -5  -5   5   1  -4   4   3  -5  -4  -3  -4  -3   4    0   0   0   0   0   0   0   0   0  32  11   0  10  11   0   0   0   0   0  33  0.93 0.37
   53 P    -2  -6  -5  -5  -6  -5  -5  -5  -6  -6  -6  -5  -6  -7   9  -4  -5  -7  -6  -6    3   0   0   0   0   0   0   0   0   0   0   0   0   0  93   0   0   0   0   0  2.99 0.84
   54 F    -5  -5  -5  -6  -2  -5  -6  -6   0  -4  -3  -5  -3   8  -1  -5  -2   0   5  -4    0   0   0   0   1   0   0   0   2   0   0   0   0  68   3   0   2   1  20   0  2.01 0.62
   55 S    -2  -3  -2  -3  -4  -3  -3  -4  -4  -5  -5  -1  -4  -5  -1   7   1  -6  -5  -5    0   1   1   0   0   0   0   0   0   0   0   3   0   0   2  81   8   0   0   0  1.59 0.63
   56 D    -5  -5  -2   8  -6  -4   0  -5  -4  -6  -6  -2  -6  -6  -5  -4  -3  -6   0  -6    0   0   0  87   0   0   3   0   0   0   0   2   0   0   0   0   1   0   3   0  2.22 0.69
   57 P    -1  -5  -5  -5  -6  -5  -5  -5  -6  -6  -6  -5  -6  -7   9  -4  -5  -7  -6  -6    5   0   0   0   0   0   0   0   0   0   0   0   0   0  91   0   0   0   0   0  2.88 0.82
   58 L    -3  -4  -3  -5  -3  -4  -4  -3  -4   2   3  -2   6  -2  -4  -3  -2  -4  -2   4    0   0   1   0   0   0   0   2   0  11  28   3  22   0   0   1   2   0   1  28  0.78 0.35
   59 A     6  -4  -4  -5  -4  -4  -4  -1  -4  -3  -2  -4   1  -4  -4  -2  -3  -5   1  -3   79   0   0   0   0   0   0   3   0   1   3   0   4   0   0   1   0   0   5   0  1.37 0.55
   60 D    -5  -5  -2   8  -6  -4   0  -5  -4  -6  -7  -4  -6  -6  -5  -4  -4  -7  -6  -6    0   0   0  93   0   0   3   0   0   0   0   0   0   0   0   0   0   0   0   0  2.53 0.76
   61 G    -3  -5  -1  -4  -6  -5  -5   7  -5  -6  -6  -5  -6  -6  -5  -4  -5  -6  -6  -6    0   0   2   0   0   0   0  94   0   0   0   0   0   0   0   0   0   0   0   0  2.31 0.68
   62 P    -2  -3  -3  -4  -6  -4  -2  -4  -5  -4  -5  -2  -2  -6   8  -2  -2  -6  -6  -3    3   1   1   0   0   0   3   1   0   1   1   3   1   0  80   2   2   0   0   2  2.24 0.68
   63 T     0  -4  -4  -4  -3  -2  -2  -4  -5   2  -2  -4  -1  -4  -3  -2   4  -5  -4   5    6   0   0   0   0   1   3   0   0  12   0   0   1   0   1   2  31   0   0  42  0.83 0.39
   64 I    -4  -6  -5  -6  -4  -6  -6  -6  -6   8  -1  -6  -2  -3  -6  -5  -4  -6  -4   1    0   0   1   0   0   0   0   0   0  89   3   0   0   0   0   0   0   0   0   4  2.09 0.65
   65 Q    -1   1  -4  -4  -4   8   1  -6  -3  -6  -4  -3   0  -7  -5  -3  -4  -6  -5  -5    4   5   0   0   0  80   6   0   0   0   1   0   2   0   0   0   0   0   0   0  2.08 0.77
   66 N     2   3   0   0  -4   0   1  -1   0  -2   1   2  -2  -3  -3  -1  -2  -4  -3  -1   17  18   5   4   0   3   9   4   2   0  16  15   0   0   0   2   1   0   0   3  0.24 0.19
   67 A     6   0  -4  -4  -4  -4  -4  -3  -4  -3  -4  -3  -4  -4  -4   3  -1  -6  -5  -3   70   4   0   0   0   0   0   1   0   1   0   0   0   1   0  20   2   0   0   1  1.26 0.54
   68 T     2  -3   3   1   0  -2  -2   2   4  -3  -4  -3  -2  -3  -3   2   0  -4   0  -2   16   0  14   7   2   0   0  14  11   1   0   0   1   1   0  21   5   0   4   3  0.41 0.26
   69 L    -1  -1   0   1  -4   2   2  -3   1   0   1   1  -1  -2  -3  -1   0  -3   1  -1    3   2   4   7   0  12  16   0   3   4  19   9   0   1   0   4   8   0   5   3  0.18 0.16
   70 R    -3   7  -3  -3  -6   0  -2  -5  -4  -1  -4   2  -4  -6  -5  -3   0  -2  -5  -2    2  63   1   1   0   4   1   0   0   4   1  13   0   0   0   0   6   1   0   4  1.30 0.52
   71 A     7  -5  -5  -5  -1  -4  -4  -2  -5  -3  -5  -4  -4  -6  -4   1  -3  -6  -5  -4   87   0   0   0   1   0   0   1   0   1   0   0   0   0   0   8   1   0   0   0  1.72 0.65
   72 F    -4  -5  -5  -6  -4  -5  -5  -6  -5   1   6  -5   0   1  -5  -5  -4  -4  -3   0    0   0   0   0   0   0   0   0   0   7  76   0   1   5   0   0   0   0   0   6  1.27 0.46
   73 A     2   1   1   1  -3   1   1  -1  -1  -3  -3   2  -2  -4  -3   1  -1  -4  -3  -2   26   9   5   7   0   6  10   3   1   0   1  17   1   0   0   8   2   0   1   2  0.30 0.19
   74 A     2   0   4  -1  -3   1   0   1   2  -4  -3   0  -3  -3  -3   1  -1  -4  -2  -3   18   5  21   2   0   6   6  10   7   0   2   6   0   1   0  13   1   0   1   0  0.36 0.22
   75 G    -3  -3   1  -2  -3  -2  -3   7   0  -5  -5   0  -4  -5  -3  -2  -4  -5  -5  -5    1   1   6   2   0   1   1  74   2   0   1   6   0   0   1   2   1   0   0   1  1.43 0.47
   76 V     0  -3  -2  -4  -1   0  -3  -3  -3   2   0  -3   4   1  -3  -1   3  -3   0   3    6   0   1   0   1   4   1   1   0   9   4   0  14   7   0   2  19   0   3  26  0.40 0.25
   77 T    -3   1   3  -1  -3  -3  -3  -1  -1  -4  -5   1  -4  -5  -4   2   5  -1  -2  -4    0   8  13   3   0   0   0   3   2   0   0  10   0   0   0  18  41   1   1   0  0.75 0.40
   78 P    -1  -4  -4  -5  -2  -4  -4  -2  -4   3   3  -4   2  -1   2  -2   0  -4  -2   1    6   0   0   0   0   0   0   3   0  15  38   0   4   2  10   3   7   0   1  10  0.46 0.25
   79 A     1   2   0   2  -3   1   2  -2   1  -3  -2   2  -3  -3   0   0   0  -2  -2  -2   13  14   3  10   0   5  12   2   4   1   2  16   0   1   5   5   4   0   0   2  0.24 0.16
   80 Q    -1   1   0   3  -4   2   1  -1   1  -2  -3   3  -2  -3  -3   0   0   0  -1  -2    5   8   3  20   0   8   6   4   5   2   2  19   0   1   0   8   4   1   2   2  0.28 0.18
   81 C     0  -1  -3  -4   5  -4  -4  -3  -4   3   1  -3  -1  -2  -4  -1   2  -4   0   3    6   4   1   0  13   0   0   2   0  17  10   0   0   1   0   3  13   0   4  25  0.45 0.25
   82 F    -4  -5  -6  -6  -4  -5  -6  -6  -4   1   4  -5   1   6  -6  -5  -4   2   2  -2    0   0   0   0   0   0   0   0   0   6  47   0   3  34   0   0   0   3   6   0  1.23 0.45
   83 E     0   0   0   3  -5   2   5  -2   0  -5  -5   0  -3  -5  -2   0  -1  -3  -2  -4    9   6   3  15   0   7  39   2   2   0   0   4   0   0   1   6   4   0   2   0  0.62 0.31
   84 M    -1  -3  -4  -3  -2   0  -2  -4  -4   2   3  -2   5   0  -3  -2   0   1  -2   1    4   0   0   1   1   5   2   1   0  15  27   1  20   4   1   1   6   2   1   9  0.45 0.25
   85 L     0  -5  -5  -5  -3  -4  -5  -1  -5   2   3  -4  -1  -3  -5  -3  -1  -5  -4   4    9   0   0   0   0   0   0   6   0  11  31   0   1   0   0   0   3   0   0  39  0.71 0.34
   86 A     1   3  -2  -2  -4   0   2  -1   0  -3  -4   3  -2  -3  -2   0   1  -4  -2  -3   16  21   1   1   0   2  18   4   2   1   0  17   1   1   1   6   9   0   1   0  0.41 0.25
   87 I     1   2   0   1  -4   1   4  -1  -2  -3  -3   2  -3  -5  -3  -1   0  -5  -4  -3   11  10   4   5   0   5  32   4   0   1   2  15   0   0   0   3   6   0   0   1  0.45 0.26
   88 I     0  -4  -4  -5  -3  -4  -4  -5  -2   4   2  -4   1   4  -4  -4  -3  -3  -2   3    8   0   1   0   0   0   1   0   1  27  17   0   3  23   0   0   0   0   0  18  0.69 0.30
   89 R    -2   7  -1  -4  -5  -1  -3  -4   1  -4  -4   2  -4  -5  -4   0   0  -5  -4  -4    3  65   2   0   0   2   0   1   3   1   1   8   0   0   0   7   5   0   0   1  1.31 0.48
   90 E     2   0   0   0  -3   3   2  -1  -2  -3  -3   3  -2  -4  -1   0   1  -3  -3  -2   17   3   4   3   0  14  14   4   0   1   2  18   0   0   3   5   8   0   0   2  0.29 0.18
   91 K     0   2  -1   0  -3   1   1   0  -1  -3  -2   4  -2  -1  -2   0   1  -3  -1  -3    8  11   2   5   0   6   9   6   1   0   3  28   1   3   1   4   9   0   1   1  0.29 0.18
   92 H    -2  -1   2   4  -1  -1   0   1   2  -2  -3   0  -3   0  -2   0  -1  -2   2  -2    2   2  11  23   1   2   6  11   6   2   2   7   0   4   1   7   2   0  10   2  0.29 0.16
   93 P     1  -1  -1  -1  -2   1  -1  -1  -2   1   0  -1  -1  -2   3   0   1  -3  -2   1   14   2   3   3   0   7   1   5   1  10   8   2   0   0  14   6   8   0   1  14  0.16 0.12
   94 T    -1   0   1   2  -4   2   2   0   1  -4  -4   1  -3  -4  -2   1   2  -4  -3  -3    4   4   6  12   0  11  14   8   4   0   0   9   0   0   1  10  15   0   0   1  0.32 0.19
   95 I     1  -4  -4  -4   1  -3  -4  -4  -4   4   0  -2   0  -3  -4  -1   3  -4  -2   3   10   0   0   0   3   1   0   0   0  28   6   2   2   0   0   2  22   0   1  22  0.55 0.29
   96 P    -3  -5  -5  -2  -6  -4  -4  -3  -5  -6  -6  -3  -6  -6   9  -4  -4  -6  -6  -5    1   0   0   3   0   1   0   2   0   0   0   2   0   0  88   0   0   0   0   1  2.72 0.78
   97 I    -3  -4  -5  -5  -4  -5  -5  -6  -5   5   3  -4  -1   0  -5  -4  -2  -4   1   3    0   1   0   0   0   0   0   0   0  38  29   0   1   3   0   0   1   0   4  22  0.91 0.36
   98 G    -3  -5  -5  -6  -4  -5  -5   1  -5   4   0  -5  -1  -3  -5  -3  -3  -5  -1   5    1   0   0   0   0   0   0  12   0  28   8   0   0   0   0   2   0   0   2  48  0.97 0.42
   99 L    -2  -4  -5  -5   0  -4  -5  -5  -4   2   5  -4   1   1  -4  -4  -2  -1   0   1    2   0   0   0   2   0   0   0   0  12  61   0   2   5   1   0   2   1   3   7  0.86 0.35
  100 L    -4  -5  -5  -6  -5  -4  -5  -6  -5  -2   3  -5   9   3  -6  -5  -4  -4   0  -3    0   0   0   0   0   0   0   0   0   0  23   0  59  12   0   0   0   0   3   0  1.85 0.63
  101 M    -1  -4  -3  -3  -2  -3  -3   4  -4  -1  -1  -3   1  -4  -3   1   4  -4  -4  -1    4   0   0   0   0   0   0  32   0   3   7   0   4   0   1  10  31   0   0   5  0.62 0.32
  102 Y    -5  -5  -6  -6   0  -5  -6  -6  -2  -5  -5  -5  -5  -1  -6  -4  -5  -2  10  -5    0   0   0   0   2   0   0   0   0   0   0   0   0   0   0   1   0   0  93   0  3.08 0.88
  103 A     2  -4  -4  -5   0  -4  -4  -3  -2  -1   1  -4  -2   2  -4  -2  -3   4   7  -2   21   0   0   0   2   0   0   1   0   2  17   0   0   9   0   2   0   5  37   1  0.91 0.39
  104 N    -5  -4   9  -2  -6  -3  -1  -3  -3  -6  -6  -3  -5  -6  -5  -2  -2  -6  -5  -6    0   0  88   0   0   0   3   1   0   0   0   1   0   0   0   2   2   0   0   0  2.36 0.75
  105 L    -4  -5  -5  -2  -3  -2  -3  -5  -5   0   2  -4  -2  -5   7  -3  -2  -6  -5  -3    0   0   0   2   1   2   1   0   0   5  18   0   1   0  65   2   2   0   0   2  1.71 0.61
  106 V    -3  -5  -5  -5  -4  -5  -5  -5  -5   5   1  -5   1   0  -3  -4  -3  -1  -1   4    1   0   0   0   0   0   0   0   0  41  14   0   2   3   1   0   0   1   2  33  1.00 0.40
  107 F    -3  -4  -3  -3  -2  -2   1  -5   1   0   2  -4   1   5  -4  -3  -3   0   5   0    0   0   1   1   1   1  12   0   4   4  23   0   3  22   0   1   1   1  20   5  0.63 0.31
  108 N     2   2   2  -1  -3   3  -1  -3   3  -1  -3   2  -3  -3  -3   0  -1  -4  -1  -2   17  12   9   2   0  19   0   0   8   5   1  11   0   1   0   8   3   0   2   3  0.34 0.24
  109 K    -3   2   0  -5  -3   0  -3  -5   0  -1  -1   0   3   1  -3  -4  -3   2   7  -2    1  13   4   0   0   5   0   0   2   3   5   4   8   5   1   0   1   3  42   2  0.93 0.43
  110 G    -3  -5  -3  -1  -5  -5  -4   7  -1  -6  -6  -4  -5  -6  -5  -1  -3  -5  -5  -6    1   0   1   3   0   0   1  85   2   0   0   1   0   0   0   3   2   0   0   0  1.93 0.64
  111 I    -1  -3  -4  -2  -3  -2  -1  -2  -3   3   1  -1   0   1  -1  -2  -2  -3   1   3    4   0   0   2   0   1   6   3   0  23  15   4   1   6   3   1   1   0   6  23  0.29 0.20
  112 D    -2   0   1   5  -4   0   5  -3  -3  -4  -5  -1  -5  -6  -2  -1  -2  -6  -5  -4    4   5   5  29   0   2  42   1   0   1   1   3   0   0   1   3   2   0   0   0  0.95 0.44
  113 E     1   3   3   1   0   0   1  -2  -1  -4  -3   2  -3  -1  -1  -1  -1  -1  -2  -3   14  17  16   8   2   3   8   2   1   0   1  15   0   3   2   3   3   1   1   1  0.30 0.21
  114 F    -4  -2  -5  -7  -6  -6  -7  -7  -5  -1   0  -5  -3   9  -7  -6  -4   0   2  -2    1   2   0   0   0   0   0   0   0   4   6   0   0  78   0   0   1   1   4   2  2.13 0.72
  115 Y     2  -4  -5  -5   4  -4  -5  -4  -4   2   2  -4   0   1  -5  -3  -2  -3   4   2   19   0   0   0  10   0   0   0   0  10  25   0   1   4   0   0   2   0  14  13  0.56 0.32
  116 A     2   2   0   1  -3   2   2  -2   0  -3  -2   2  -3  -3  -3   0   0  -4  -2  -3   18  14   5   8   1  12  16   1   2   1   3  10   0   1   0   4   4   0   1   0  0.32 0.23
  117 R     0   3  -1   4  -5   2   2  -4  -1  -3  -1   2  -1  -5  -3  -1  -1  -5  -4  -3    9  15   1  25   0   9  13   0   1   2   7  12   1   0   0   2   4   0   0   0  0.46 0.28
  118 C     4  -5  -5  -5   7  -4  -5  -4  -5   1   2  -5   0  -1  -5  -2  -3  -5  -4  -1   43   0   0   0  21   0   0   0   0   9  18   0   2   3   0   1   0   0   0   2  0.98 0.46
  119 E     3   1  -3  -3  -3   1   0  -3  -1  -1  -2   4  -2  -1  -3   1  -2  -4  -2  -1   28   6   0   0   0   5   4   1   2   4   2  29   1   4   0   9   0   0   1   5  0.41 0.29
  120 K     2   0   0   2  -5   2   4  -3  -2  -5  -4   1  -4  -5  -1   0  -1  -5  -4  -4   20   5   4  12   0   7  31   0   0   0   1  10   0   0   3   5   2   0   0   0  0.57 0.33
  121 V     5  -4  -1  -4   3  -3  -4  -3  -3   0   0  -2  -2  -3  -4   1   0  -5  -3   1   52   0   2   0   5   0   0   0   1   6   7   3   1   0   0   8   6   0   1   9  0.64 0.38
  122 G    -3  -4  -2  -1  -6  -4  -4   7  -3  -7  -7  -3  -6  -7  -3  -3  -5  -6  -7  -7    1   1   1   4   0   1   1  87   1   0   0   1   0   0   2   1   0   0   0   0  2.03 0.70
  123 V     1  -5  -6  -6  -1  -5  -5  -1  -6   4  -1  -5  -2  -2  -5  -4  -3  -6  -3   6   12   0   0   0   1   0   0   5   0  24   2   0   0   1   0   0   0   0   1  54  1.10 0.49
  124 D    -2  -2   1   7  -1  -1  -1  -4   0  -5  -3   2  -5  -5  -4   0  -2  -2  -1  -4    3   1   6  57   2   2   1   0   2   0   3  11   0   0   0   7   2   1   2   1  1.07 0.47
  125 S     0  -2  -3  -4  -5  -4  -5   7  -5  -6  -6  -4  -5  -6  -5   2  -4  -6  -6  -6    5   3   0   0   0   0   0  77   0   0   0   0   0   0   0  13   0   0   0   0  1.73 0.62
  126 V    -2  -5  -5  -5   0  -4  -5  -5  -5   2   4  -5   0   0  -5  -3  -2  -2  -3   4    2   0   0   0   2   0   0   0   0  10  39   0   1   4   0   2   2   1   0  36  0.83 0.37
  127 L    -4  -5  -6  -6   0  -5  -5  -6   0   6   4  -5  -1  -3  -5  -5  -4  -5  -4   1    0   0   0   0   2   0   0   0   2  45  41   0   0   0   0   0   0   0   0   7  1.20 0.48
  128 V    -2  -5  -5  -5  -1  -5  -5  -5  -5   5   1  -5   0   1  -2  -4   0  -5  -3   4    1   0   0   0   1   0   0   0   0  40   9   0   1   5   2   0   7   0   0  31  0.91 0.40
  129 A     2  -5  -5  -5  -5  -4  -4  -1  -5  -1  -4  -4  -4  -5   7  -4  -3  -6  -5   3   15   0   0   0   0   0   0   5   0   2   1   0   0   0  49   0   1   0   0  25  1.38 0.55
  130 D    -5  -5  -2   8  -7  -4  -2  -5  -5  -7  -7  -4  -6  -7  -5  -4  -2  -7  -7  -7    0   0   1  94   0   0   1   0   0   0   0   0   0   0   0   0   3   0   0   0  2.63 0.85
  131 V    -3  -5  -6  -6  -2  -5  -5  -6  -5   2   5  -5   2  -2  -5  -4  -4  -4   1   2    1   0   0   0   1   0   0   0   0   9  68   0   4   0   0   1   0   0   4  11  1.14 0.47
  132 P    -2  -5  -5  -5  -6  -5  -4  -5  -5  -1  -2  -4  -5  -6   8  -2  -4  -6  -6  -5    3   0   0   0   0   0   0   0   0   4   4   0   0   0  83   2   1   0   0   0  2.46 0.78
  133 V    -2  -4  -4  -4  -4  -4  -4  -4  -1   2   1  -3  -1   2   5  -3  -2  -4   2   2    3   0   0   0   0   0   0   1   2  13  15   1   1  10  31   0   2   0   7  13  0.69 0.33
  134 E    -3   0  -1   2  -6   0   7  -4  -3  -4  -4  -2  -4  -4  -1  -1  -4  -6  -5  -4    1   4   2  12   0   2  66   1   0   1   1   1   0   1   3   4   0   0   0   1  1.31 0.56
  135 E    -2  -1  -4  -2  -6  -1   7  -5   3  -5  -3  -3   0  -5  -4  -3  -1  -5   0  -2    3   3   0   0   0   1  71   0   7   0   2   0   2   0   0   1   3   0   3   3  1.41 0.60
  136 S     3   0  -1   1   1  -1  -1  -1  -2  -2  -3  -1  -2  -4  -3   3  -1  -4  -1   0   31   6   2   7   4   2   2   4   1   2   2   3   1   0   0  23   2   0   3   7  0.32 0.24
  137 A     1   0   0   3  -4   1   4   1  -1  -3  -3   0  -3  -3  -3   0  -1  -4  -2  -2   13   4   3  15   0   5  28   9   1   1   1   5   0   1   0   8   2   0   1   3  0.38 0.24
  138 P    -1  -1   0   2  -5   0   4  -2  -2  -2  -2   0  -3  -2   3   0  -1   1  -1  -3    4   3   5  12   0   3  32   2   0   3   4   4   0   2  13   4   2   2   2   1  0.41 0.26
  139 F    -3  -5  -5  -6  -3  -5  -4  -6  -2   1   3  -5  -2   5  -5  -4  -3   4   3   1    1   0   0   0   0   0   1   0   1   8  32   0   0  28   0   0   1   5  11  12  0.90 0.39
  140 R     0   3  -2  -2   2   0  -1  -2  -1   1   0   1  -1   0  -3  -1  -1  -1   0   0    9  18   0   2   6   2   3   2   2  11  11  11   0   5   0   4   4   1   3   8  0.12 0.13
  141 Q     2   0   0   0  -3   2   2  -2  -1  -1  -2   1  -2  -3   2   0   0  -4  -3  -1   19   3   5   5   0  10  18   1   1   4   3   9   0   1   9   5   4   0   0   3  0.25 0.19
  142 A     2   0  -2  -1  -1   0   0  -2   0   1   0   0  -1   0   1   0  -1  -3   0   0   22   4   0   3   1   3   7   0   2  12  10   8   1   4   7   4   2   0   3   6  0.09 0.11
  143 A     4  -4  -4  -3   6  -4  -4  -3  -3   0   1  -4   1   1  -4   0  -2   0  -3  -2   39   0   0   1  17   0   0   1   1   4  16   0   4   6   0   7   2   1   0   0  0.68 0.37
  144 L     0   2   0   1  -4   1   2  -3  -1  -1  -1   3   0  -4  -1  -1  -1  -4  -3  -2    7  13   5   9   0   6  12   0   1   3   6  26   3   0   2   2   3   0   1   1  0.32 0.21
  145 R     2   2   0   0  -4   2   2  -1  -1  -3  -3   3  -3  -4  -3   0  -2  -5  -3  -3   17  12   5   6   0  11  12   5   1   1   2  23   0   0   0   4   1   0   1   1  0.39 0.25
  146 H     1   0   2  -3  -3   0  -1  -3   6  -2  -1   1  -2   1  -4  -1  -2   2   4  -1   12   4   9   1   0   3   3   0  21   1   7   9   0   5   0   2   2   2  14   5  0.40 0.26
  147 N    -3  -2   2   2  -3   0  -1   5  -1  -6  -6   1  -5  -6  -3  -1  -4  -6  -5  -5    1   1  11  14   0   4   3  52   2   0   0   9   0   0   1   2   0   0   0   1  0.98 0.43
  148 V    -4  -5  -6  -6  -4  -5  -5  -3  -5   5   4  -4   3  -1  -5  -3  -3  -5  -4   1    0   0   0   0   0   0   0   2   0  40  37   0   7   1   0   2   1   0   0   8  1.02 0.43
  149 A     2   0   1   5  -2   0   2  -2   0  -4  -4   0  -4  -3  -2   0  -1  -4   0  -3   17   4   6  32   1   3  11   1   3   0   1   7   0   1   1   6   2   0   5   0  0.48 0.28
  150 P     0  -1  -2  -4  -2  -1  -3  -4  -2   0   2  -3   0   2   4  -1   0  -3   0   1    6   4   2   0   0   2   1   0   1   5  25   0   2   9  21   5   5   0   3   8  0.35 0.22
  151 I    -4  -6  -6  -6  -4  -6  -6  -7  -6   7  -2  -6   1  -4  -6  -3  -2  -6  -5   3    0   0   0   0   0   0   0   0   0  70   0   0   2   0   0   2   2   0   0  21  1.70 0.62
  152 F    -3   1  -4  -3  -4  -2  -4  -5  -1  -2   1  -3   0   6   2  -1  -3   0   1   0    1   9   0   1   0   2   0   0   1   1  14   0   2  39  11   6   1   1   3   6  0.70 0.35
  153 I    -4  -5  -6  -6  -1  -5  -5  -3  -5   3   5  -5   0   3  -5  -5  -4  -4  -3  -1    0   0   0   0   1   0   0   3   0  14  66   0   1  10   0   0   0   0   0   2  1.14 0.46
  154 C     2  -2  -5  -5   4  -4  -4  -4  -5   3   1  -4  -2  -3  -4  -3   0  -5  -2   4   16   2   0   0  10   0   0   1   0  17  13   0   0   0   0   0   5   0   1  34  0.63 0.33
  155 P     4  -4  -3  -1  -4  -3  -3  -2  -4  -4  -5  -3  -4  -5   2   3   3  -5  -5  -2   42   0   0   3   0   0   0   2   0   0   0   0   0   0  12  23  15   0   0   2  0.85 0.45
  156 P    -2  -5  -5  -5  -1  -4  -5  -6  -3  -2  -2  -5  -1  -6   8  -4  -1  -7  -6  -1    3   0   0   0   1   1   0   0   1   3   5   0   2   0  76   0   4   0   0   4  2.13 0.72
  157 N    -2  -3   3   0  -4  -1  -2  -2  -4  -3  -4  -1  -4  -5  -4   2   6  -6  -5  -2    2   1  14   6   0   2   2   2   0   1   1   3   0   0   0  14  50   0   0   2  0.91 0.48
  158 A     2  -4  -1  -4  -4  -4  -4  -4  -5  -3  -3  -4  -2  -2  -4   4   6  -6  -5  -2   16   0   3   0   0   0   0   0   0   1   1   0   1   2   0  28  47   0   0   1  1.07 0.54
  159 D    -2  -1   0   2  -3  -2  -2  -1  -3  -4  -3   0   0  -5   4   3   3  -5  -4  -4    1   3   4  14   0   1   1   5   0   0   1   5   3   0  21  21  18   0   0   0  0.56 0.32
  160 D    -1  -1   0   4  -5   0   3  -2   0   0  -2   1  -2  -4   2  -2  -2  -5  -4  -3    6   2   2  28   0   2  19   2   3   7   4  10   1   0  10   2   2   0   0   0  0.46 0.28
  161 D     1   0   0   3  -5   0   4  -1  -2  -5  -4   2  -4  -5  -3   0  -1  -5  -4  -3   12   4   4  14   0   3  36   4   0   0   1  11   0   0   0   7   3   0   0   1  0.59 0.33
  162 L    -5   8  -4  -3  -6  -3  -3  -6  -4  -5  -1  -2  -4  -3  -5  -2   0   2  -5  -4    0  75   0   2   0   0   1   0   0   0   7   0   0   1   0   3   7   3   0   1  1.69 0.65
  163 L    -1  -3  -5  -6  -4  -1  -5  -6  -5   5   4  -5   5  -2  -5  -3  -3  -5  -4   1    4   1   0   0   0   3   0   0   0  30  39   0  15   0   0   2   0   0   0   5  0.93 0.41
  164 R     0   3  -1   0  -3   2   2  -3   0  -3  -4   3  -2  -4   1   0  -2  -5  -2  -3   10  14   2   5   0   9  16   1   2   2   1  24   1   0   8   4   1   0   1   1  0.42 0.25
  165 Q     1   2  -1   0  -3   2   2  -2  -1  -2   0   2   1   0  -3  -1   0  -2  -2  -2   13  12   1   4   0   8  13   2   1   1  10  15   5   5   0   2   4   0   1   2  0.18 0.16
  166 I    -1  -5  -5  -6  -4  -5  -5  -6  -5   6   1  -5   1  -3  -5  -3  -1  -5   2   4    5   0   0   0   0   0   0   0   0  47   9   0   2   0   0   1   4   0   7  25  1.00 0.43
  167 A     3  -1  -1   1   0   0  -1   0  -3  -1   0  -2  -1  -3  -3   1   0  -4  -3   0   33   4   2   8   2   4   2   5   0   3  11   1   1   0   0  11   4   0   0   8  0.24 0.21
  168 S     1   2  -1   0  -3   2   3  -2  -1  -3  -3   2  -2  -5  -2   1   0  -5  -4  -3   12  10   2   3   0   9  22   2   1   1   2  15   0   0   1  13   4   0   0   0  0.39 0.25
  169 Y     0   0   1  -1  -3   1  -1  -1   4   0   1  -1   0  -1  -3  -1  -1  -3   1   0   10   5   8   3   0   9   2   4  12   6  16   3   2   2   0   2   1   0   6   7  0.12 0.14
  170 G     3  -3  -3  -1   2  -2  -3   2  -4  -4  -5  -1  -4  -5  -4   3   2  -5  -5  -2   30   1   0   3   4   1   0  18   0   0   0   2   0   0   0  28  11   0   0   1  0.67 0.38
  171 R     0   2   0   1  -3   1   1  -2  -1  -4  -4   0  -3  -5   3   3   1  -5  -4  -4    8  15   3   6   0   6   9   3   1   1   0   5   0   0  12  22   8   0   0   0  0.40 0.25
  172 G    -3  -5  -3   2  -6  -4  -2   7  -5  -4  -2  -3  -5  -6  -3  -1  -4  -6  -3  -6    1   0   0  11   0   0   3  72   0   1   4   1   0   0   1   4   0   0   1   0  1.48 0.56
  173 F    -5  -6  -6  -7   0  -6  -6  -6  -4  -3  -2  -6   0   8  -7  -6  -5   0   6  -2    0   0   0   0   2   0   0   0   0   1   3   0   2  65   0   0   0   1  23   3  2.05 0.68
  174 T    -3  -5  -5  -5  -2  -5  -5  -6  -3   5   2  -5  -1  -3  -5  -2   1  -5  -4   4    0   0   0   0   1   0   0   0   1  35  23   0   0   0   0   3   9   0   0  29  0.89 0.39
  175 Y    -5  -5  -5  -6  -6  -5  -5  -3   2  -5  -5  -5  -5  -1  -6  -5  -5  -2  10  -5    0   0   0   0   0   0   0   2   5   0   0   0   0   0   0   0   0   0  89   0  2.91 0.89
  176 L     1  -4  -5  -5   4  -4  -5  -5  -3  -1   3  -4   1   0  -5  -3  -1  -2   6   1   12   0   0   0  10   0   0   0   0   1  32   0   3   2   0   0   4   0  27   8  0.76 0.38
  177 L    -1  -5  -5  -5  -3  -2  -3  -2  -5   3   1  -4  -1  -3  -4  -4  -2  -5  -4   6    4   0   0   0   0   2   2   4   0  12  12   0   1   1   0   0   1   0   0  60  0.96 0.42
  178 S     2  -4  -3   1  -2  -3  -2  -1  -4  -5  -5  -3  -4  -5  -1   6   0  -6  -5  -3   16   0   0   7   1   0   1   3   0   0   0   0   0   0   3  62   4   0   0   2  1.05 0.52
  179 R    -2   3  -3  -4   1  -2  -3  -3  -2   2   2  -1   2  -2  -4   0   0  -4  -2   2    0  22   0   0   3   1   0   1   1  10  19   1   5   1   0   9   5   0   1  20  0.35 0.25
  180 A     1  -1   1  -1  -1   1   0  -2  -2  -1  -1   1   2  -1   0   0   2  -3   0  -2   15   2   9   3   1   6   4   0   0   2   6  10   8   2   4   6  17   0   5   1  0.16 0.16
  181 G     1  -5  -3  -4  -5  -4  -4   7  -5  -6  -5  -4  -5  -5  -1  -1  -4  -5  -5  -5    9   0   0   0   0   0   0  80   0   0   1   0   0   0   3   4   0   0   0   0  1.72 0.57
  182 V    -2  -4  -4  -5  -3  -4  -4  -5  -5   3  -2  -4  -2  -3  -4  -3   3  -5  -4   6    3   0   0   0   0   0   0   1   0  12   2   0   0   0   0   1  18   0   0  60  1.14 0.49
  183 T    -4  -5  -4  -4  -4  -4  -4  -5  -5  -4  -3  -4  -4  -5  -4  -1   8  -6  -5  -4    0   0   0   0   0   0   0   0   0   0   3   0   0   0   0   3  90   0   0   0  2.18 0.83
  184 G    -3  -5  -4  -1  -6  -5  -5   7  -5  -6  -6  -5  -6  -6  -5  -2  -5  -6  -6  -6    0   0   0   3   0   0   0  91   0   0   0   0   0   0   0   2   0   0   0   0  2.25 0.77
  185 A     4  -3  -2  -2  -3  -1   1  -1  -3   0  -2  -1   0  -3  -3   2   1  -4  -3   1   34   0   1   1   0   1   8   4   0   7   2   4   3   1   1  16   6   0   0  11  0.35 0.28
  186 E     0   5  -1   0  -4   1   2   0  -2  -4  -4   2  -3  -4  -3   0  -1  -4  -4  -4   10  33   3   5   0   5  12   9   0   0   1  11   0   0   1   7   3   0   0   1  0.53 0.31
  187 N     1   1   2   2  -3   1   1   0   0  -3  -2   0  -2  -4  -2   1   1  -4  -3  -3   12   9  10  12   0   6   9   6   2   0   4   6   0   0   0  10  12   0   1   1  0.23 0.19
  188 R     1   0   0   1  -3   1   1  -1   0  -2   0   1  -2  -3   2   0   1  -4  -3  -1   13   6   4   9   0   6   8   4   2   2  10  10   0   0  10   5   8   0   0   3  0.15 0.14
  189 A     0  -3  -1   2  -2  -1  -1  -2  -2   1   1  -2   0   2  -2   0  -1  -3   0   1   10   0   2  15   1   1   2   2   0  11  14   1   2  10   2   8   3   0   2  12  0.13 0.14
  190 A     1  -1   0   1  -3   0   1  -1   0  -1  -2  -1  -1  -2   3   1   0  -2  -2  -1   14   3   5  10   0   3  13   3   2   2   4   2   2   2  13  11   7   1   1   4  0.18 0.14
  191 L     1   0   1   1  -3   0   2  -1  -1  -1  -1   0   0  -1   1   1   0  -3  -2   0   11   4   7   9   0   3  16   4   1   3   4   4   3   2   6   8   7   0   0   9  0.11 0.10
  192 P     0   1   0   2  -3   2   1   0   1  -2  -2   0  -1  -4   2   0  -1  -4  -3  -2    9   7   4  12   0  11   9   6   3   3   4   6   1   0  12   8   2   0   0   2  0.21 0.15
  193 L     0  -2  -4  -4  -3  -2  -4  -3  -4   3   2  -2  -1  -1  -2  -1   0  -4  -3   4    7   3   0   0   0   1   0   2   0  20  20   2   0   2   2   3   6   0   0  31  0.44 0.27
  194 N     1   0   1   1  -3   1   2  -1   0  -3  -2   2  -2  -1   2   0   0  -4  -1  -2   12   4   6   7   0   5  15   4   3   1   3  12   1   3  11   6   4   0   1   2  0.20 0.14
  195 H     0   0   0   3  -4   1   3  -1   2  -3  -3   0  -2  -3  -1   1   0  -4  -3  -2    9   5   3  15   0   5  27   3   5   1   1   3   1   1   3   9   5   0   0   3  0.34 0.22
  196 L    -1   0  -2  -3  -3  -1  -1  -4   1   0   3   0   2   1  -4  -2  -2  -1   3   0    6   6   1   1   0   2   5   1   4   3  35   6   5   7   0   1   2   0  11   5  0.26 0.21
  197 V    -3  -5  -4  -5  -2  -5  -5  -4  -5   4   3  -5   1   1  -5  -3  -1  -4  -3   4    1   0   1   0   1   0   0   1   0  31  25   0   2   6   0   1   4   0   0  27  0.76 0.37
  198 A     2   2   1   0  -4   1   2  -1  -1  -4  -3   2  -2  -4   0   1   0  -4  -2  -3   21  14   5   3   0   7  12   2   1   0   1  14   1   0   3   8   6   0   1   0  0.32 0.23
  199 K     0   5   0  -2  -4   1   1  -3   0  -2  -2   3  -2  -3  -3  -1  -1  -1  -1  -3    8  35   3   1   0   5   9   1   2   2   4  16   1   1   1   3   4   1   2   1  0.48 0.29
  200 L    -1  -4  -5  -5  -1  -4  -5  -5  -5   4   3  -3   0  -2  -4  -4  -2  -4  -2   4    4   0   0   0   1   0   0   0   0  26  30   2   1   1   0   0   2   0   1  32  0.79 0.37
  201 K    -3   6  -1  -4  -4   0  -2  -4  -1  -5  -3   5  -4  -6  -4  -2  -2  -6  -5  -3    2  40   3   0   0   3   1   1   1   0   2  41   0   0   0   3   1   0   0   1  1.21 0.54
  202 E     1   2   0   1  -3   2   3  -1  -1  -2  -3   2  -3  -4  -3   1  -1  -4  -3  -3   14   9   4   6   0  11  19   3   1   2   2  16   0   0   0   9   3   0   0   0  0.34 0.23
  203 Y     0  -1  -1  -3   0  -1  -1  -2   4   1   0  -1   1   1  -3  -1  -1  -1   3   1   10   4   2   1   2   2   3   3  16   8   8   3   5   5   0   2   4   0  10  12  0.17 0.16
  204 N     0  -3   2  -2   1  -2  -2   0   0  -1  -2  -1  -2   0  -3   1   4  -4  -3   1    6   0   9   1   4   1   1   7   2   4   2   2   1   6   0  11  34   0   0  10  0.35 0.27
  205 A     1   0   2   4  -4   1   0   0  -1  -4  -4   1  -3  -4   0   1   0  -5  -4  -4   10   5  13  25   0   7   4   6   1   1   0   8   0   0   4  11   4   0   0   0  0.40 0.24
  206 A    -1  -2   0  -4  -3  -2  -3  -3  -4   2   3   1   1  -2   0  -2  -1  -4  -3   2    6   1   5   0   0   1   1   1   0  14  32  11   2   0   4   1   3   0   0  19  0.33 0.24
  207 P    -4  -5  -1  -5  -7  -5  -5  -4  -6  -5  -5   0  -3  -4   8  -4  -5  -7   0  -6    1   0   3   0   0   0   0   1   0   1   1   6   1   1  83   1   0   0   3   0  2.45 0.84
  208 P    -1  -2  -5  -5  -3  -2  -4  -5  -5   4   2  -1   1   0  -2  -4  -2  -5  -3   5    4   2   0   0   0   1   0   0   0  23  16   4   2   4   2   0   1   0   0  40  0.68 0.36
  209 L     2  -3  -4  -4   4   0  -3   1  -3   2   2  -3   1  -1  -4  -2  -2  -3  -1   2   19   1   0   0   9   5   1  11   0  10  18   0   3   2   0   1   0   0   2  17  0.29 0.22
  210 Q     0  -5  -5  -1  -1   1  -4  -5  -5   2   1  -4  -1  -3  -5  -4  -1  -1  -4   6    9   0   0   3   1   7   0   0   0   8  11   0   1   0   0   0   2   1   0  56  0.84 0.44
  211 G    -2  -1  -4  -5  -6  -5  -6   7  -6  -7  -7  -5  -6  -7  -6  -3  -5  -6  -7  -7    2   3   0   0   0   0   0  93   0   0   0   0   0   0   0   1   0   0   0   0  2.32 0.79
  212 F    -3  -1  -5  -6  -5  -6  -6   2  -5  -1  -1  -5  -3   8  -6  -3  -5  -3  -1  -4    2   4   0   0   0   0   0  15   0   3   4   0   0  70   0   1   0   0   0   0  1.75 0.66
  213 G    -3  -6  -4  -1  -6  -5  -6   7  -6  -7  -7  -5  -6  -3  -6  -2  -5  -6  -7  -7    0   0   0   3   0   0   0  93   0   0   0   0   0   1   0   2   0   0   0   0  2.31 0.79
  214 I    -4  -6  -7  -7  -5  -6  -6  -4  -7   7   0  -6  -2  -4  -6  -6  -3  -6  -5   3    0   0   0   0   0   0   0   2   0  76   4   0   0   0   0   0   1   0   0  17  1.79 0.67
  215 S    -1   4   0  -2   2  -1  -2  -2  -1  -5  -5   2  -4  -5  -4   4   0  -5  -3  -3    4  24   4   1   4   1   1   2   1   0   0  10   0   0   0  41   3   0   1   2  0.71 0.42
  216 A    -2  -1   2   3  -4  -1   1  -2  -2  -4  -4   0  -4  -5  -3   3   4  -5  -3  -4    1   2  12  17   0   2   8   3   1   0   1   4   0   0   0  20  29   0   1   0  0.60 0.37
  217 P     1   0  -2  -3  -4  -2   0   1  -1  -2  -3   1  -2  -4   6  -1  -2  -5  -3  -3   14   5   1   0   0   1   5  10   1   3   2  11   1   1  37   4   1   0   1   1  0.69 0.34
  218 D     2  -1  -1   2  -5   1   5  -2  -3  -4  -5   1  -4  -5  -3  -1  -1  -2  -2  -4   18   2   1   8   0   5  46   2   0   1   0   7   0   0   0   3   3   0   1   1  0.74 0.40
  219 Q    -3  -1   0   4  -5   5   0  -4   5  -5  -4  -1   0  -5  -4  -1   1  -5  -3  -3    1   2   3  21   0  35   4   1  14   0   1   2   2   0   0   5   8   0   0   1  0.85 0.44
  220 V     4  -4  -3  -5  -3  -3  -4  -3  -3   2  -1  -4  -1   0  -4  -2  -2  -5  -4   4   40   0   1   0   0   1   0   1   1  12   4   0   1   3   0   1   1   0   0  33  0.74 0.42
  221 K     2   3   0  -1  -3   1   1  -1  -1  -2  -2   3  -1  -3  -3   0  -1  -3  -1  -2   20  17   3   3   0   5  11   3   1   2   4  18   1   1   0   4   4   0   2   1  0.27 0.20
  222 A     2   1  -1   0  -3   3   2  -2   1  -2  -2   2  -1  -2  -1   0  -1  -3  -1  -2   19   7   2   5   0  14  13   2   4   3   4  11   1   2   2   4   4   0   2   1  0.21 0.17
  223 A     3  -1  -3  -3  -2  -2  -1  -3  -3   1   0  -2   2  -1  -2  -1  -1  -3   0   2   33   3   1   1   1   1   4   1   0   7  10   2   6   2   1   3   2   0   3  19  0.30 0.22
  224 I     0  -1  -3  -4  -1  -3  -4  -4  -4   4   3   0   2   0  -3  -2  -2   2  -2   2    7   4   1   0   1   0   0   0   0  26  25   6   6   3   1   2   2   3   1  11  0.39 0.24
  225 D     2   0   1   1  -3   0   2   1  -1  -4  -2   2  -3  -4  -3   1  -1  -4  -3  -2   22   3   7   7   0   2  16   9   1   0   5  14   0   0   0   9   2   0   0   1  0.29 0.22
  226 A     3   1  -1  -1  -2   0   0   0  -1  -2  -1   0  -1  -3  -1   1  -1   4  -2  -1   30   9   2   3   0   5   5   6   1   1   5   4   1   0   2  11   2   6   1   5  0.22 0.19
  227 G    -1  -3  -1  -4  -3  -2  -3   5   1  -1  -1  -2  -2   0  -4  -2  -3  -3   3   1    3   1   3   0   0   1   1  44   4   4   6   2   0   4   1   1   0   0  11  11  0.59 0.34
  228 A     6  -4  -4  -1   2  -3  -4  -3  -5   0  -4  -4  -4  -5  -2   1  -1  -6  -5   0   66   0   0   3   4   1   0   0   0   6   1   0   0   0   1  10   3   0   0   5  1.05 0.54
  229 A     1  -5   0   7  -6  -3  -1  -3  -5  -6  -6  -2  -6  -5  -5  -1  -3  -7  -6  -4   12   0   4  71   0   1   2   1   0   0   0   2   0   0   0   5   1   0   0   1  1.66 0.67
  230 G     2   0  -4  -5  -5  -5  -5   6  -5  -1  -5  -4  -2  -6  -5  -3  -4  -6  -4  -2   14   6   0   0   0   0   0  71   0   4   1   0   1   0   0   0   0   0   1   3  1.50 0.62
  231 A     3  -5  -6  -6   0  -5  -5  -5  -6   3  -2  -5  -3   1  -5  -4  -3  -6  -4   6   23   0   0   0   2   0   0   0   0  13   2   0   0   5   0   0   0   0   0  56  1.15 0.55
  232 I    -2  -6  -6  -6  -4  -6  -6  -4  -6   6  -1  -6  -2  -1  -6  -5  -3  -6  -4   5    4   0   0   0   0   0   0   2   0  48   1   0   0   2   0   0   0   0   0  43  1.43 0.56
  233 S    -2  -5  -5  -6   1  -5  -5  -4  -6   4  -1  -5  -2  -1  -5   0   0  -5  -4   6    1   0   0   0   3   0   0   2   0  19   2   0   0   2   0   8   4   0   0  58  1.07 0.48
  234 G    -1  -6  -4  -5  -6  -5  -5   7  -6  -3  -7  -2  -6  -6  -6  -4  -5  -6  -6  -6    4   0   0   0   0   0   0  89   0   2   0   3   0   0   0   0   0   0   0   0  2.15 0.72
  235 S    -2  -5  -2  -4  -5  -4  -4  -4  -5  -6  -6  -4  -5  -6  -5   7   2  -6  -5  -5    1   0   1   0   0   0   0   0   0   0   0   0   0   0   0  84  13   0   0   0  1.88 0.78
  236 A     6   0  -4  -4  -2  -2  -1  -1  -2  -3  -4   0  -1  -5  -3  -1  -1  -5  -3  -2   69   5   0   0   1   1   3   3   1   1   1   5   1   0   1   1   3   0   1   3  0.98 0.49
  237 I    -1  -4  -5  -5   0  -4  -5  -4  -4   4   3  -4   0   4  -5  -4  -2   0  -1   2    5   0   0   0   2   0   0   1   0  26  32   0   1  16   0   0   2   1   1  10  0.67 0.31
  238 V    -1  -4  -4  -5   0  -3  -3  -4  -5   3   0  -4   1  -1  -4  -4  -2  -4  -3   6    4   0   0   0   2   1   2   1   0  19   4   0   2   2   0   1   1   0   0  58  0.94 0.40
  239 K    -2   2   2   2  -4   2   1  -2   0  -4  -4   5  -3  -4  -3  -1  -1  -4  -3  -4    2  12   8  10   0  11   7   2   1   1   1  37   0   0   1   3   4   0   0   1  0.60 0.29
  240 I     0   1  -1  -1   0   0   0  -2   2   2   1   0   0  -1  -2  -1  -1  -3  -1   0   12  11   2   2   2   4   8   2   6  18  17   4   1   2   1   2   3   0   1   3  0.09 0.11
  241 I    -2  -3  -4  -4  -2  -3  -4  -3  -4   5   3  -3   1   0  -2  -3  -2  -3  -2   2    2   1   1   1   1   1   1   2   0  41  26   1   3   4   2   1   1   0   0  12  0.66 0.28
  242 E     2  -1  -1   1  -2   0   4   0   1  -3  -2   0  -3  -3  -2   1  -1  -3  -3  -2   19   2   2   5   1   2  36   6   3   2   4   4   0   1   1   8   2   0   0   2  0.41 0.24
  243 Q     0   1   2   1  -3   2   4  -1  -1  -3  -3   2  -1  -4  -2   0   0  -3  -3  -3    8   6  10   7   0   8  28   3   1   1   2  11   1   1   1   6   5   0   0   1  0.37 0.20
  244 H     1  -1   3  -1  -2  -1   0   2   4  -3  -2  -1  -2  -2  -2   1   0  -3   0  -3   14   2  18   3   1   1   5  16  11   1   4   3   0   2   1  10   5   0   4   1  0.27 0.17
  245 I     0   0  -1  -1  -2   0   0   0   1   0   1   0   0  -1   0   0   0  -1   0   0   11   3   2   3   0   6   4   7   4   6  19   7   0   2   5   6   4   1   3   6  0.03 0.04
  246 N    -1  -1   2   3  -3   1   1   0  -1  -3  -3   0  -2  -3   0   1   1  -3  -2  -2    3   3  11  21   0   5   7   7   1   1   2   6   0   1   5  11  12   0   1   2  0.29 0.16
  247 E     0   0   2   3  -3   0   1  -1  -2  -2  -1   0  -2  -2   1   1   1  -3  -2  -2   10   3  12  16   0   4   8   3   0   2   5   7   1   2   6   8   9   0   1   3  0.18 0.12
  248 P     0   1   0   0  -2  -1   1  -2   0  -1  -2   0   1  -3   5  -1  -1  -3  -3   0    8   8   4   4   1   2   9   2   2   4   4   4   4   1  31   2   4   0   1   6  0.45 0.21
  249 E     0  -1   0   3  -4   2   4   0  -2  -3  -3   1  -3  -4  -1   0  -2  -4  -2  -3    7   3   3  14   0   8  34   8   0   1   2   6   0   0   2   5   2   0   1   2  0.45 0.25
  250 K     1   1  -1   1  -3   1   2  -1   0  -2  -2   2  -2   0  -2   0   0  -3  -2  -1   13   6   2   6   0   7  17   3   2   2   2  17   1   5   1   6   4   0   0   4  0.19 0.15
  251 M     2   0  -3  -3   1  -2  -2   1  -3   1   1  -1   4  -1   0  -1  -1  -3  -2   1   17   6   0   0   3   1   1  10   0   6  15   3  15   1   4   4   3   0   1   9  0.18 0.17
  252 L     1   0  -2  -3  -1  -2  -2  -3  -2   2   2  -1   0  -2  -1  -2   1  -3  -1   2   13   7   1   1   1   1   2   1   1  10  25   3   1   0   3   1   9   0   1  18  0.20 0.17
  253 A     2   1   0   1  -3   1   2  -1  -1  -3  -3   2  -3  -4   0   0   1  -4  -3  -3   19   8   3   8   0   6  17   4   1   1   2  11   0   0   3   6   9   0   0   1  0.27 0.20
  254 A     2   2   0   0  -3   1   2  -1  -2  -2  -2   2  -1  -3  -2   0   0  -4  -1  -1   22  10   4   4   0   4  16   4   0   1   4  14   2   1   1   6   4   0   2   3  0.22 0.18
  255 L     0  -5  -6  -6  -4  -4  -5  -6  -6   3   4  -5  -1  -3  -5  -3  -2  -5  -4   4    9   0   0   0   0   0   0   0   0  17  42   0   0   0   0   1   1   0   0  30  0.92 0.43
  256 K     2   2  -2  -1  -1   1   1   1  -1  -2  -1   2  -2  -3  -3   0   1  -4  -3  -1   18  11   1   2   1   7  10  11   1   2   5  12   0   1   0   4  11   0   0   3  0.19 0.17
  257 V     2   0   0   2  -4   0   3   0   0  -4  -4   1  -3  -3  -2   0   1  -4  -2  -3   21   4   4  12   0   3  22   6   2   0   1  10   0   1   1   6   8   0   1   0  0.34 0.24
  258 F    -2  -4  -6  -6  -5  -4  -5  -4  -2  -1   3  -2  -1   7  -6  -5  -4   0   3  -1    4   1   0   0   0   1   0   1   1   3  29   3   1  46   0   0   0   1   7   3  1.14 0.49
  259 V     2  -2  -2  -4   4  -3  -4  -2  -4   2   0  -2  -1  -2  -4  -1   0   1  -3   4   17   2   2   0   8   0   0   3   0  11   9   2   1   1   0   3   7   2   0  32  0.41 0.28
  260 Q     1   3  -1  -1  -1   3   1  -1   0  -4  -3   3  -3  -5  -2   1  -1  -5  -4  -4   12  17   2   2   2  15   9   5   3   0   1  16   0   0   1  12   3   0   0   0  0.41 0.28
  261 P     0  -1   0   0  -4   0   3   0  -1  -4  -3   1  -2  -4  -1   2   1  -5  -3  -2    9   1   3   5   0   4  27   8   1   0   1   8   1   0   3  19   8   0   1   2  0.36 0.26
  262 M    -2  -5  -6  -6  -4  -5  -5  -6  -5   3   5  -5   5  -1  -5  -5  -3  -4  -2   1    4   0   0   0   0   0   0   0   0  15  52   0  17   1   0   0   1   0   1   9  1.07 0.47
  263 K     2   5  -2  -3  -5  -2  -2  -4  -2  -3  -4   5  -4  -5  -4   0  -3  -5  -2  -2   16  27   1   1   0   0   0   0   1   1   1  41   0   0   0   5   1   0   2   3  0.91 0.47
  264 A     3   0  -1   0  -4   2   2  -3  -3  -2  -3   2  -3  -4  -3   1   0  -5  -3  -2   32   4   2   6   0  11  14   0   0   2   1  14   0   0   0   7   5   0   1   1  0.41 0.28
  265 A     5  -4  -4  -4  -4  -4  -4   4  -5  -4  -4  -4  -4  -5  -4   1  -2  -5  -5  -4   60   0   0   0   0   0   0  30   0   1   1   0   0   0   0   7   1   0   0   0  1.21 0.53
  266 T    -2  -4  -3  -4  -2  -4  -4  -5  -4   4   0  -4   2  -3  -4  -1   4  -5  -3   3    2   0   0   0   1   0   0   0   0  24   4   0   6   0   0   4  33   0   0  25  0.71 0.35
  267 R    -3   6  -2  -3  -6   2  -2  -4   3  -5  -5   4  -4  -5  -4  -3  -3  -5  -3  -5    0  51   0   0   0  10   0   0   9   0   0  30   0   0   0   0   0   0   0   0  1.27 0.41

                      K         Lambda
Standard Ungapped    0.1372     0.3203
Standard Gapped      0.0577     0.2670
PSI Ungapped         0.1886     0.3176
PSI Gapped           0.0577     0.2670
