
Last position-specific scoring matrix computed, weighted observed percentages rounded down, information per position, and relative weight of gapless real matches to pseudocounts
            A   R   N   D   C   Q   E   G   H   I   L   K   M   F   P   S   T   W   Y   V   A   R   N   D   C   Q   E   G   H   I   L   K   M   F   P   S   T   W   Y   V
    1 A     4  -1  -1  -2   0  -1  -1   0  -2  -1  -1  -1  -1  -2  -1   1   0  -2  -2   0    0   0   0   0   0   0   0   0   0   0   0   0   0   0   0   0   0   0   0   0  0.00     0.00
    2 L    -1  -3  -4  -4  -1  -3  -3  -4  -3   3   3  -3   1   0  -3  -3  -1  -2  -1   2    0   0   0   0   0   0   0   0   0  45  43   0   0   0   0   0   0   0   0  12  0.39 0.02
    3 E    -1   0   2   0  -3   2   3  -2   0  -3  -3   1  -2  -4   4   0  -1  -3  -2  -3    0   0  19   0   0  13  35   0   0   0   0  13   0   0  21   0   0   0   0   0  0.53 0.02
    4 V    -1  -3  -3  -4  -1  -2  -3  -4  -3   3   1  -2   2  -1  -3  -2   0  -3  -1   4    0   0   0   0   0   0   0   0   0  11   0   0  12   0   0   0   0   0   0  77  0.38 0.03
    5 L    -1  -1  -1  -1  -2   0   2  -3  -1   0   1  -1   0   0  -2  -1   1  -1   3   0    0   0   0   0   0   0  33   0   0   0  24   0   0   0   0   0  13   0  19  12  0.17 0.02
    6 E    -1   0   2   1  -4   3   5  -2   0  -4  -3   1  -2  -4  -2   0  -1  -3  -2  -3    0   0  12   0   0  25  64   0   0   0   0   0   0   0   0   0   0   0   0   0  0.66 0.05
    7 A     0  -1  -2  -2  -2   1   1   1  -1  -1   1  -1   0   0   2  -1  -1  -1   3  -1    8   0   0   0   0  12  12  13   0   0  26   0   0   0  10   0   0   0  19   0  0.14 0.02
    8 E    -1  -1   0   4  -4   1   5  -2  -1  -4  -4   0  -3  -4  -2   0  -1  -4  -3  -3    0   0   0  25   0   0  75   0   0   0   0   0   0   0   0   0   0   0   0   0  0.79 0.05
    9 D    -2  -2   1   6  -4  -1   1   2  -2  -4  -4  -1  -4  -4  -2  -1  -2  -4  -4  -4    0   0   0  80   0   0   0  20   0   0   0   0   0   0   0   0   0   0   0   0  0.89 0.06
   10 K     0   3   0  -1  -3   1   0  -2  -1  -3  -3   4  -2  -3  -1   2   0  -3  -2  -2    0  16   0   0   0   0   0   0   0   0   0  55   0   0   0  30   0   0   0   0  0.45 0.05
   11 V    -1  -3  -3  -3  -1  -2  -3  -3  -3   2   0  -3   0  -1  -3  -1   1  -3  -2   5    0   0   0   0   0   0   0   0   0   0   0   0   0   0   0   0  12   0   0  88  0.46 0.07
   12 I    -2  -3  -4  -4  -2  -3  -3  -4  -2   3   2  -3   2   4  -3  -3  -2  -1   1   1    0   0   0   0   0   0   0   0   0  28  25   0   8  39   0   0   0   0   0   0  0.42 0.04
   13 L    -1  -3  -4  -4  -1  -3  -3  -4  -3   2   4  -3   1   0  -3  -3  -1  -2  -1   3    0   0   0   0   0   0   0   0   0   0  61   0   0   0   0   0   0   0   0  39  0.43 0.05
   14 K    -1   0   2   0  -2   0   1  -2  -1   0  -2   2  -1  -3  -2   1   3  -3  -2  -1    0   0  15   0   0   0   8   0   0   9   0  26   0   0   0   8  34   0   0   0  0.24 0.04
   15 C    -1  -4  -2   1  10  -3  -3  -3  -3  -2  -2  -3  -2  -3  -3  -1  -1  -3  -3  -2    0   0   0  12  88   0   0   0   0   0   0   0   0   0   0   0   0   0   0   0  1.44 0.11
   16 N    -2  -1   5   4  -3  -1   0   1   0  -4  -4  -1  -3  -4  -2   0  -1  -4  -3  -4    0   0  61  27   0   0   0  12   0   0   0   0   0   0   0   0   0   0   0   0  0.70 0.06
   17 S     1  -1   0  -1  -1  -1  -1  -1  -2  -2  -2   1  -1  -3  -1   3   4  -3  -2  -1    8   0   0   0   0   0   0   0   0   0   0   9   0   0   0  27  56   0   0   0  0.41 0.05
   18 S     0  -1   2  -1  -1  -1  -1  -1  -1   0  -2  -1  -1  -2  -2   3   2  -3  -2  -1    0   0  16   0   0   0   0   0   0  12   0   0   0   0   0  53  19   0   0   0  0.32 0.05
   19 I    -2  -3  -4  -4  -2  -3  -4  -4  -4   5   1  -3   1  -1  -3  -3  -1  -3  -2   3    0   0   0   0   0   0   0   0   0  84   0   0   0   0   0   0   0   0   0  16  0.56 0.07
   20 T     0   1  -1  -2  -1  -1  -1  -2  -2   0  -1  -1   1  -2  -2   2   4  -3  -2   0    0   8   0   0   0   0   0   0   0   8   0   0   9   0   0  12  63   0   0   0  0.36 0.06
   21 L    -3  -3  -3  -4  -3  -2  -3  -3   4  -2   0  -3  -1   0   2  -3  -2  10   1  -3    0   0   0   0   0   0   0   0  17   0  14   0   0   0  12   0   0  57   0   0  1.37 0.09
   22 L    -2  -3  -4  -4  -2  -3  -3  -4  -3   1   4  -3   1   3  -3  -3  -1  -1   0   1    0   0   0   0   0   0   0   0   0   0  70   0   0  16   0   0   0   0   0  14  0.44 0.05
   23 Q    -1   1   2   2  -4   3   2  -2   0  -3  -3   3  -2  -4  -2   0  -1  -3  -2  -3    0   0  12  17   0  22  14   0   0   0   0  35   0   0   0   0   0   0   0   0  0.45 0.04
   24 G     1  -2   0   2  -2  -1   1   4  -2  -3  -3  -1  -2  -3  -2   0  -1  -3  -3  -2   13   0   0  18   0   0   9  54   0   0   1   1   0   0   0   1   1   0   0   1  0.51 0.04
   25 T     0  -1  -1  -1  -1  -1  -1   0  -2   0  -1  -1   1  -2  -1   1   4  -2  -2   1    1   0   0   1   0   0   1   9   0   0   1   1   8   0   0   9  58   0   0  10  0.29 0.04
   26 A     0  -1  -1   1  -2   0   2  -2  -1   1  -1   0  -1  -2  -1  -1  -1  -3  -2   2    7   1   1  10   0   1  26   1   0   9   1   9   0   0   1   1   1   0   0  32  0.13 0.02
   27 G     0  -1  -1  -1  -3   1   1   4  -1  -2  -2  -1   1  -3  -2   0  -1  -2  -2  -2    1   1   1   1   0  10  17  54   0   1   1   1   8   0   1   1   1   0   0   1  0.46 0.04
   28 Q    -1   1  -1  -1  -2   2   1   0   2   1  -1   0  -1   1  -2   0   1  -2   0   0    1   9   1   1   0  15   8  10  10  18   1   1   0   8   1   1  15   0   0   1  0.07 0.02
   29 E    -1   1  -1   1  -2  -1   1   0  -2  -1   1  -1   0  -1  -2  -1  -1   6  -1  -1    1  10   1   9   0   1  15  10   0   1  31   1   0   0   1   1   1  17   0   1  0.23 0.03
   30 V    -1  -2  -2  -2  -1  -2  -2  -2  -2   2   2  -2   1   1  -2   0   1  -2  -1   2    1   1   1   1   0   1   1   1   0  18  31   1   0   9   1  10   9   0   0  15  0.14 0.02
   31 S     2  -1   0  -1  -1   0   1   1  -1  -2  -2   0  -1  -2  -1   3   2  -2  -2  -1   18   1   1   1   0   1   9  10   0   1   1   1   0   0   1  39  16   0   0   1  0.26 0.03
   32 D    -1   0   2   4  -3   0   1  -1   2  -3  -3   1  -2  -3   2   0  -1  -3  -2  -3    1   1  16  39   0   1   1   1   8   1   1  17   0   0  10   1   1   0   0   1  0.41 0.03
   33 N    -1   1   4   0  -3   0   0  -2  -1  -1  -2   3  -2  -3  -2   0   1  -4  -2  -2    0   0  38   0   0   0   0   0   0   7   0  45   0   0   0   0   9   0   0   0  0.39 0.05
   34 K    -1   1   3   0  -3   0   0  -1  -1  -3  -3   4  -2  -3  -2   1   1  -3  -2  -2    0   0  20   0   0   0   0   0   0   0   0  56   0   0   0   9  14   0   0   0  0.41 0.05
   35 T     0   2   0  -1  -2   0  -1  -2  -1  -2  -2   1  -1  -2  -1   1   4  -3  -2  -1    1  14   0   0   0   0   1   1   0   0   1  12   0   0   0   8  59   0   0   1  0.36 0.04
   36 L    -2   0  -4  -4   2  -2  -3  -3  -3   1   2  -2   0   0  -4  -3  -2   9   0  -1    0   8   0   0   7   0   0   0   0   8  35   0   0   0   0   0   0  41   0   0  0.88 0.05
   37 N    -2  -1   5   4  -3  -1   0  -1   0  -1  -3  -1  -2  -3  -2   0  -1  -4  -3  -2    0   0  55  37   0   0   0   0   0   8   0   0   0   0   0   0   0   0   0   0  0.67 0.05
   38 L    -2  -3  -4  -4  -2  -3  -3  -4  -3   1   5  -3   2   0  -3  -3  -2  -2  -2   0    0   0   0   0   0   0   0   0   0   0 100   0   0   0   0   0   0   0   0   0  0.65 0.06
   39 G     0  -3  -1  -2  -3  -2  -3   6  -3  -4  -4  -2  -3  -4  -3  -1  -2  -3  -4  -4    0   0   0   0   0   0   0 100   0   0   0   0   0   0   0   0   0   0   0   0  1.27 0.07
   40 K     0   1   2   0  -3   0   0  -1  -1  -3  -3   4  -2  -3  -1   2   0  -3  -2  -3    0   0  15   0   0   0   0   0   0   0   0  52   0   0   0  33   0   0   0   0  0.42 0.05
   41 R    -1   4   3  -1  -3   0  -1   2  -1  -3  -3   0  -2  -3  -2   2  -1  -3  -2  -3    0  36  19   0   0   0   0  24   0   0   0   0   0   0   0  21   0   0   0   0  0.41 0.04
   42 I     1  -2  -2  -2  -1  -2  -2  -2  -3   3   0  -2   0  -1  -2   0   2  -3  -2   2   21   0   0   0   0   0   0   0   0  44   0   0   0   0   0   7  19   0   0   8  0.21 0.03
   43 E    -1   1  -1  -2  -3   1   1  -3  -1  -1   2   3   0  -2  -2  -1  -1  -3  -2  -1    0   0   0   0   0   8   6   0   0   0  38  48   0   0   0   0   0   0   0   0  0.26 0.04
   44 D    -2  -2   1   7  -4  -1   1  -2  -2  -4  -4  -1  -4  -4  -2  -1  -2  -5  -4  -4    0   0   0 100   0   0   0   0   0   0   0   0   0   0   0   0   0   0   0   0  1.22 0.08
   45 P    -1  -3  -3  -2  -4  -2  -2  -3  -3  -3  -4  -2  -3  -4   8  -1  -2  -4  -4  -3    0   0   0   0   0   0   0   0   0   0   0   0   0   0 100   0   0   0   0   0  2.27 0.09
   46 R    -2   7  -1  -2  -4   1  -1  -3  -1  -4  -3   2  -2  -3  -3  -1  -2  -3  -2  -3    0 100   0   0   0   0   0   0   0   0   0   0   0   0   0   0   0   0   0   0  1.06 0.08
   47 G     0  -3  -1  -2  -3  -2  -3   6  -3  -4  -4  -2  -3  -4  -3  -1  -2  -3  -4  -4    0   0   0   0   0   0   0 100   0   0   0   0   0   0   0   0   0   0   0   0  1.27 0.07
   48 M    -1  -3  -3  -3  -2  -2  -3  -4  -3   3   2  -2   5   0  -3  -2   0  -2  -2   2    0   0   0   0   0   0   0   0   0  43   8   0  36   0   0   0   7   0   0   6  0.37 0.05
   49 Y    -2  -2  -3  -4  -3  -2  -3  -4   1  -2  -2  -3  -2   3  -4  -2  -2   2   8  -2    0   0   0   0   0   0   0   0   0   0   0   0   0   0   0   0   0   0 100   0  1.31 0.10
   50 Q    -1   3  -1  -1  -3   4   1  -2  -1  -2   0   2   1  -2  -2  -1  -1   4  -1  -2    0  22   0   0   0  33   7   0   0   0   8  14   8   0   0   0   0   7   0   0  0.36 0.04
   51 C    -1  -4  -3  -4  10  -4  -4  -3  -4  -2  -2  -4  -2  -3  -4  -2  -2  -3  -3  -1    0   0   0   0 100   0   0   0   0   0   0   0   0   0   0   0   0   0   0   0  1.82 0.10
   52 G    -1  -2   4   0  -3  -1  -2   5  -1  -4  -4  -1  -3  -4  -3   0  -1  -3  -3  -4    0   0  38   0   0   0   0  62   0   0   0   0   0   0   0   0   0   0   0   0  0.82 0.05
   53 E     1  -1   0   0  -2   1   2   2  -1  -3  -3   0  -2  -3  -1   3   0  -3  -2  -2   15   0   0   0   0   8  22  14   0   0   0   0   0   0   0  41   0   0   0   0  0.34 0.03
   54 N    -1   0   3   0  -2   1   0  -2  -1  -2   0   2  -1  -2  -2   1   1  -3  -2  -2    0   0  28   0   0   6   0   0   0   0  16  29   0   0   0   7  14   0   0   0  0.22 0.03
   55 A     1  -1   3   3  -2   0   2  -1  -1  -3  -3   1  -2  -3  -1   1   1  -3  -2  -2   22   0  19  20   0   0  15   0   0   0   0   8   0   0   0   8   8   0   0   0  0.30 0.02
   56 K    -1   1   1  -1  -3   3   1  -2  -1  -3  -3   4  -2  -4  -1   0   0  -3  -2  -3    0   0   7   0   0  14   7   0   0   0   0  64   0   0   0   0   7   0   0   0  0.48 0.05
   57 S     0  -1   0   0  -2   1   2  -1  -1   0  -2   0  -1  -3  -1   3   0  -3  -2   0    0   0   0   0   0   8  22   0   0   8   0   0   0   0   0  54   0   0   0   8  0.29 0.04
   58 F    -1   0   1  -1  -2   1   0  -2  -1   0   0   2   0   2  -2   1   0  -2  -1   0    0   0   7   0   0   8   0   0   0   0   8  33   0  14   0  14   0   0   0  16  0.11 0.02
   59 T     0   0  -1  -1  -1  -1  -1  -1  -2   0   0  -1  -1  -2   3   2   2  -3  -2   0    8   8   0   0   0   0   1   1   0   9   9   0   0   0  14  22  27   0   0   1  0.22 0.02
   60 L    -1  -3  -4  -4  -1  -3  -3  -4  -3   2   4  -3   2   0  -3  -3  -1  -2  -1   2    0   0   0   0   0   0   0   0   0   0  70   0   0   0   0   0   0   0   0  30  0.46 0.04
   61 Q    -1   0  -1  -1  -4   7   1  -2   0  -4  -3   1  -1  -4  -2  -1  -1  -3  -2  -3    0   0   0   0   0 100   0   0   0   0   0   0   0   0   0   0   0   0   0   0  1.01 0.09
   62 V    -1  -3  -3  -4  -1  -3  -3  -4  -4   3   1  -3   0  -1  -3  -2  -1  -3  -2   5    0   0   0   0   0   0   0   0   0  14   0   0   0   0   0   0   0   0   0  86  0.53 0.06
   63 Y    -2  -2  -2  -3  -3  -1  -2  -3   5  -2  -2  -2  -2   2  -3  -2  -2   1   7  -2    0   0   0   0   0   0   0   0  22   0   0   0   0   0   0   0   0   0  78   0  1.05 0.08
   64 Y    -2  -2  -3  -4  -3  -2  -3  -4   1  -2  -2  -3  -2   3  -4  -2  -2   2   8  -2    0   0   0   0   0   0   0   0   0   0   0   0   0   0   0   0   0   0 100   0  1.31 0.10
   65 R    -2   7  -1  -2  -4   1  -1  -3  -1  -4  -3   2  -2  -3  -3  -1  -2  -3  -2  -3    0 100   0   0   0   0   0   0   0   0   0   0   0   0   0   0   0   0   0   0  1.06 0.08
   66 M    -2  -2  -3  -4  -2  -1  -3  -4  -2   1   2  -2   8  -1  -3  -2  -1  -2  -2   0    0   0   0   0   0   0   0   0   0   0   8   0  92   0   0   0   0   0   0   0  0.79 0.09

                      K         Lambda
Standard Ungapped    0.1317     0.3143
Standard Gapped      0.0410     0.2670
PSI Ungapped         0.1317     0.3143
PSI Gapped           0.0410     0.2670
