
Last position-specific scoring matrix computed, weighted observed percentages rounded down, information per position, and relative weight of gapless real matches to pseudocounts
            A   R   N   D   C   Q   E   G   H   I   L   K   M   F   P   S   T   W   Y   V   A   R   N   D   C   Q   E   G   H   I   L   K   M   F   P   S   T   W   Y   V
    1 S     3  -1  -1  -1  -1  -1  -1   0  -1  -2  -2  -1  -1  -2  -1   3   1  -3  -2  -1   61   0   0   0   0   0   0   0   0   0   0   0   0   0   0  39   0   0   0   0  0.37 0.02
    2 N     4  -2   1  -2  -1  -1  -1   0  -2  -2  -2  -1  -1  -3  -1   1   0  -3  -2  -1   90   0  10   0   0   0   0   0   0   0   0   0   0   0   0   0   0   0   0   0  0.49 0.08
    3 D    -1   0   4   3  -3   2   3  -2   0  -3  -3   0  -2  -4  -2   0  -1  -3  -2  -3    0   0  32  20   0  17  31   0   0   0   0   0   0   0   0   0   0   0   0   0  0.56 0.05
    4 S    -1   0   2   2  -3   3   1   1   0  -3  -3   0  -2  -3  -2   2   0  -3  -2  -3    0   0  15  15   0  35   0  11   0   0   0   0   0   0   0  24   0   0   0   0  0.39 0.06
    5 G     0  -1  -1   0  -2   0   2   2  -1  -1  -2   1  -1  -3  -2   1   1  -3  -2   0    0   0   0   0   0   0  22  18   0   0   0  15   0   0   0  16  15   0   0  15  0.19 0.03
    6 I    -1  -3  -4  -4  -2  -3  -3  -4  -4   4   2  -3   1  -1  -3  -3  -1  -3  -2   3    0   0   0   0   0   0   0   0   0  35  26   0   0   0   0   0   0   0   0  38  0.51 0.11
    7 V    -1  -2   3  -1  -2  -1  -2  -2  -1   0  -2  -2  -1  -1  -3   0   3  -2   3   2    0   0  29   0   0   0   0   0   0   0   0   0   0   0   0   0  28   0  18  24  0.34 0.12
    8 V    -1  -3  -4  -4  -2  -3  -3  -4  -4   2   2  -3   0  -1  -3  -3  -1  -3  -2   5    0   0   0   0   0   0   0   0   0   4  22   0   0   0   0   0   0   0   0  73  0.63 0.17
    9 Y    -3  -3  -3  -4  -3  -3  -3  -4   0  -2  -2  -3  -2   2  -4  -2   0   1   8  -2    0   0   0   0   0   0   0   0   0   0   0   0   0   0   0   0   9   0  91   0  1.53 0.28
   10 N     0  -1   4  -1   3   1  -1  -1  -1  -3  -3  -1  -2  -3  -2   4   1  -4  -3  -2    0   0  27   0   8   9   0   0   0   0   0   0   0   0   0  48   9   0   0   0  0.51 0.15
   11 A     2  -2  -1  -2  -2  -1  -2   3  -2  -3  -2  -1  -2  -2   1   2  -1   6  -1  -2   23   0   0   0   0   0   1  23   0   0   1   0   0   0   8  23   1  17   0   1  0.48 0.10
   12 Q     1   3  -1  -2  -2   3   0  -2  -1  -2   0   0  -1  -2  -2   0   2  -2  -2  -1   18  24   0   0   0  27   1   1   0   0   9   0   0   0   0   1  17   0   0   1  0.28 0.10
   13 H    -2  -1   0   1  -3   0   1   0   7  -1  -2  -1  -2  -1  -2  -1   0  -2   2  -2    1   0   0   8   0   0   9   8  45   6   1   0   0   0   0   1   8   0  10   1  0.50 0.13
   14 E    -2  -1   1   0  -3   0   2   0   0  -2  -2   2  -2   0  -2  -1  -1   0   5  -2    1   1   7   5   0   1  15   7   0   1   1  16   0   1   1   1   1   0  40   1  0.39 0.13
   15 N    -1  -1   4   2  -3   1   3  -1   0  -1  -2   0  -2  -2  -1   0  -1  -3  -2  -2    2   1  30  11   0   8  28   2   0   8   2   1   0   1   1   1   1   0   1   1  0.36 0.09
   16 L     0   0  -1  -2  -2  -1  -2   2  -2   1   1  -1   0  -1  -2   0   1  -2  -2   1    9   7   0   0   0   0   0  18   0   8  19   0   0   0   0   8  15   0   0  14  0.11 0.05
   17 V     0  -2  -1   2   2  -1  -1  -2  -2   1   1  -2   1  -2   3  -1  -1  -3  -2   0    9   1   1  22   7   1   1   1   0  13  12   1   8   1  15   1   1   0   0   8  0.19 0.07
   18 K     0   0   2   2  -2   1   1   0  -1  -3  -3   1  -2  -3   1   1   0  -3  -2  -2   11   0  14  19   0   4   7   7   0   0   1  16   0   0   8   7   4   0   0   0  0.27 0.06
   19 S     2  -1  -1   1  -2   1   2   0  -1  -2  -2   1  -2  -3   1   1   1  -3  -2  -2   23   0   0   7   0   4  22   8   0   0   1   8   0   0   5  14   7   0   0   0  0.25 0.07
   20 W     0  -3  -3  -3  -2  -2  -3  -3  -3   1   2  -3   0   1  -3  -2   0   6   0   2    7   0   0   0   0   0   0   0   0   4  28   0   0   7   0   0   6  18   0  27  0.45 0.13
   21 V     1  -2  -2  -3  -2  -2  -2   1  -1   0   0  -1  -1   1  -3  -1   0  -1   4   1   21   0   0   0   0   0   0  10   0   6  11   5   0   4   0   0   6   0  25  12  0.19 0.10
   22 D     1   0   0   4  -3   0   1  -2  -2  -3  -3   3  -2  -4  -2   0   0  -4  -3  -2   21   3   3  35   0   0   5   0   0   0   0  25   0   0   0   0   7   0   0   0  0.45 0.15
   23 G     3  -1  -1  -1  -2   3   2   0  -1  -3  -3   2  -2  -3  -2   1   0  -3  -2  -2   39   0   0   0   0  18  15   6   0   0   0  13   0   0   0   6   3   0   0   0  0.36 0.14
   24 F    -3  -4  -4  -5  -4   0  -4  -4  -2  -2  -1  -4  -1   7  -5  -3  -3   4   4  -2    0   0   0   0   0   6   0   0   0   0   0   0   0  78   0   0   0   6  10   0  1.38 0.31
   25 T     0  -1  -1  -1  -3   0   3   1  -2  -3  -3   0  -2  -3  -2   1   4  -4  -3  -2    6   0   0   0   0   0  29   9   0   0   0   6   0   0   0   5  44   0   0   0  0.48 0.19
   26 K     0   1  -1  -1  -3   3   2  -2  -1  -3  -3   4  -2  -4  -2   1  -1  -3  -2  -3    8   4   0   0   0  13  12   0   0   0   0  51   0   0   0   9   0   0   0   0  0.55 0.17
   27 D     2  -1  -1   3  -3   1   3  -2  -1  -3  -3   2  -2  -4  -2  -1  -1  -4  -3  -2   22   0   0  21   0   3  33   0   0   0   0  19   0   0   0   0   0   0   0   0  0.48 0.15
   28 T     1  -2  -1  -2   3  -2  -2  -2  -2  -2  -2  -2  -2  -2  -2   0   6  -3   1  -1   11   0   0   0   9   0   0   0   0   0   0   0   0   0   0   0  71   0   6   0  0.77 0.25
   29 G    -1  -3   0   1  -4  -2  -2   6  -3  -4  -4  -2  -4  -4  -3  -1  -2  -4  -4  -4    0   0   5  10   0   0   0  82   0   0   0   0   0   0   0   0   0   0   0   0  1.23 0.25
   30 I    -2  -3  -3  -3   3   0  -3  -4   1   5   0  -3   0  -2   0  -2   0  -3  -2   2    0   0   0   0   9   6   0   0   5  57   0   0   0   0   5   0   6   0   0   9  0.46 0.19
   31 K    -2   2  -1  -1  -4   0   3  -3  -2  -4  -4   5  -3  -4   1  -1   0  -4  -3  -3    0   9   0   0   0   0  28   0   0   0   0  52   0   0   6   0   5   0   0   0  0.71 0.23
   32 V    -1  -4  -4  -4  -2  -3  -3  -4  -4   2   0  -3   0  -2  -3  -2   1  -4  -2   5    0   0   0   0   0   0   0   0   0   5   4   0   0   0   0   0  11   0   0  80  0.82 0.27
   33 T    -1   2   2  -1  -3  -1  -1  -2  -1   1  -1   2  -1  -3  -2   1   2  -3  -2  -1    0  18  16   0   0   0   0   0   0  15   6  21   0   0   0   8  15   0   0   0  0.25 0.13
   34 L    -2  -3   0  -3  -2   0  -3  -4  -2   1   2  -3   0   3  -3  -2  -2  -1   3   2    0   0   6   0   0   5   0   0   0   3  31   0   0  19   0   0   0   0  15  21  0.36 0.15
   35 R    -1   1   2   0  -2  -1   1  -2  -2   2   0  -1  -1  -2  -2   2  -1  -3  -2   1    0  11  13   5   0   0   9   0   0  21   5   0   0   0   0  22   0   0   0  14  0.15 0.11
   36 N     0   0   2  -1  -3   1   2  -2   3  -3  -3  -1  -2   0  -2   2   2  -2   1  -2    4   5  11   0   0   6  17   0   9   0   0   0   0   5   0  17  19   0   6   0  0.26 0.12
   37 G     2  -2   0   2  -2  -1   0   2  -2  -2  -1  -1  -2   0  -2   1  -1  -2   0  -2   25   0   5  13   0   0   5  20   0   0  10   0   0   5   0  12   0   0   5   0  0.20 0.10
   38 G     0  -1  -1   0  -3   0   3   3  -1  -4  -4   3  -3  -3  -2   0  -2  -3   1  -3    6   0   0   4   0   0  26  27   0   0   0  27   0   0   0   3   0   0   6   0  0.43 0.16
   39 D     2  -2  -1   1  -2  -1   0   3  -2  -3  -1  -1  -2  -3  -2   3  -1  -3  -3  -2   17   0   0  10   0   0   4  24   0   0   9   0   0   0   0  36   0   0   0   0  0.37 0.15
   40 S     0  -2   2   2  -3  -1   2   3   1  -3  -2  -1  -2  -3  -2   1  -1  -3  -2  -1    4   0  10  12   0   0  21  26   5   0   6   0   0   0   0  12   0   0   0   4  0.30 0.11
   41 E     1  -1  -1   0  -3   1   4  -2  -2  -3  -3  -1  -2  -4   2   1  -1  -4  -3  -1   17   0   0   0   0   7  47   0   0   0   0   0   0   0   9  15   0   0   0   5  0.53 0.19
   42 L    -2  -2  -3  -3  -2  -2  -2  -3  -2   0   4   0   4  -1  -2  -2   0  -2  -2   1    1   1   1   1   0   0   1   1   0   1  54  10  16   0   1   1   6   0   0   6  0.38 0.14
   43 G     1  -2  -3  -3  -2  -2  -3   1  -1   1   1  -2   1   3  -3  -2  -2  -1   4   0   13   0   0   0   0   0   0  12   0   6  20   0   4  15   0   0   0   0  21   6  0.24 0.10
   44 N     2   0   3   1  -2   0   2   0  -1  -3  -3  -1  -2  -3   2   1  -1  -3  -3  -2   28   6  20   5   0   0  15   7   0   0   1   0   0   0  10   6   0   0   0   0  0.30 0.11
   45 Q    -2   5  -1  -2  -4   5   0  -3  -1  -4  -3   3  -2  -4  -3  -2  -2  -4  -3  -4    0  40   0   0   0  40   0   0   0   0   0  21   0   0   0   0   0   0   0   0  0.96 0.27
   46 L    -2  -3  -4  -4  -2  -3  -4  -4  -4   3   4  -3   1  -1  -3  -3   0  -3  -2   2    0   0   0   0   0   0   0   0   0  22  52   0   0   0   0   0   6   0   0  19  0.57 0.18
   47 V     1   3  -1  -2  -3   1   1  -2  -2  -1  -1   4  -1  -3  -2  -1  -1  -3  -2   0   15  18   0   0   0   3  11   0   0   5   6  36   0   0   0   0   0   0   0   6  0.33 0.14
   48 Q     2  -1  -1   0  -2   2   1  -1  -2  -1   0   0   1  -2  -2   1   0  -3  -2  -1   30   0   0   6   0  12   7   0   0   0  15   6   4   0   0  12   6   0   0   0  0.17 0.10
   49 E    -1  -1  -1   0  -3   1   5  -3  -1  -2  -3   0  -2  -3  -2  -1   2  -3  -2   0    1   1   0   1   0   6  58   1   0   1   1   1   0   0   1   1  21   0   0   7  0.63 0.20
   50 G     0   0  -1  -2  -3   0   0   5  -2  -1  -3   0  -2  -3  -2  -1  -2  -3  -3  -2    7   6   0   1   0   6   6  57   0   7   1   6   0   0   1   1   1   0   0   1  0.57 0.15
   51 S     1  -1   3   3  -2   0   1  -1  -1  -3  -3   1  -2  -3  -2   2   1  -3  -2  -2   11   1  22  19   0   0   6   1   0   1   1  10   0   0   1  20   6   0   0   1  0.33 0.11
   52 A     1   1   4  -1  -3  -1  -1   2  -1  -3  -3   1  -2  -3  -2   0   0  -3  -3  -3   12  10  30   0   0   0   0  22   0   0   0  13   0   0   0   6   5   0   0   0  0.38 0.13
   53 S     0  -2  -1  -2  -2  -1   0   1  -2  -2  -1  -1  -2  -3   4   2   3  -4  -3  -2    6   0   0   0   0   0   6  11   0   0   6   0   0   0  25  23  24   0   0   0  0.49 0.16
   54 P     0  -1   0  -1  -3   2   1   0  -1  -3  -3   1  -2  -3   5   0  -1  -3   0  -3    5   0   6   0   0  16   7   6   0   0   1  10   0   0  35   6   1   0   5   1  0.58 0.14
   55 A     4  -2  -2  -2  -2  -2  -2   1  -2  -2  -2   0  -2  -2  -2   0  -1  -2   1   0   67   0   0   0   0   0   1   9   0   0   1   5   0   0   0   1   1   0   6   6  0.49 0.19
   56 D    -3  -3   0   7  -5  -2   0  -3  -2  -5  -5  -2  -5  -4  -3  -2  -3  -5   0  -5    0   0   0  95   0   0   0   0   0   0   0   0   0   0   0   0   0   0   5   0  1.69 0.37
   57 V    -1  -3  -3  -1  -2  -3  -3  -1  -4   3   1  -3   0  -2  -3  -3  -1  -4  -2   4    0   0   0   5   0   0   0   5   0  22   9   0   0   0   0   0   0   0   0  59  0.55 0.20
   58 F    -1  -3  -4  -4  -2  -3  -4  -4  -3   3   2  -3   0   3  -4  -3  -2   3   0   3    5   0   0   0   0   0   0   0   0  20  23   0   0  22   0   0   0   5   0  25  0.44 0.15
   59 L     0  -3  -4  -4  -2  -3  -3  -3  -2   1   3  -3   0   4  -3  -2  -2  -1   3   1   12   0   0   0   0   0   0   0   0   6  37   0   0  24   0   0   0   0  11  11  0.42 0.15
   60 T    -1  -2  -1   0  -2  -2  -2   3  -2  -2  -1  -2  -2   0   1   1   3  -2   2  -2    0   0   0   5   0   0   0  24   0   0   6   0   0   5   6  10  36   0   9   0  0.32 0.15
   61 E     2  -2  -2  -2  -2  -1   1   0  -2   0   1  -1   1  -2   1   1  -1  -3  -2   1   27   0   0   0   0   0  12   5   0   0  18   0   5   0   5  11   0   0   0  16  0.15 0.10
   62 N    -1  -1   2   4  -3   2   0  -2  -1  -2  -1  -1  -2  -3  -2   1   0  -3  -3   0    0   0  11  36   0  16   0   0   0   0   6   0   0   0   0  11   5   0   0  10  0.38 0.14
   63 S     1  -2   1   0  -2  -1   1  -2  -2  -1   0  -1  -1   0   2   2   1  -3  -2   0   13   0   9   5   0   0  12   0   0   3   9   0   0   5  11  20   8   0   0   5  0.16 0.08
   64 P     0  -2   1   0  -3  -1   0   3  -2  -3  -2  -1   0   0   3   0   0  -3   0  -2    6   0   9   5   0   0   6  28   0   0   0   0   6   5  19   6   5   0   5   0  0.35 0.11
   65 A     0   0   0   0  -2  -1  -2  -2  -2  -1   1  -1   2   2   0   0   0   3   1  -1    9   9   4   6   0   0   0   0   0   0  24   0   9  10   5  10   3   6   5   0  0.12 0.08
   66 M    -2  -3  -3  -4  -2   0  -3  -4  -3   2   3  -3   4   0  -3  -2   1  -3  -2   1    0   0   0   0   0   5   0   0   0  11  49   0  17   3   0   0   9   0   0   5  0.45 0.17
   67 V     2  -1   2   1  -2   2   0  -2  -1  -2  -2   0  -2  -2  -2  -1   0   6   1  -1   26   0  11  10   0  11   5   0   0   0   0   6   0   0   0   0   4  16   5   6  0.35 0.14
   68 L    -1   2  -1   0  -3   3   2  -3   2  -2   0   1  -1  -2  -2  -1  -1  -2   2  -2    4  14   0   3   0  23  19   0   6   0  11   5   0   0   0   0   3   0  11   0  0.31 0.13
   69 V     3  -3  -3  -3  -2  -2  -3  -2  -3   2   2  -2   2  -1  -3  -1  -1  -3  -2   2   40   0   0   0   0   0   0   0   0  12  29   0   5   0   0   0   0   0   0  14  0.35 0.16
   70 D     1   0  -1   2  -3   2   2  -2  -1  -1  -3   1  -2  -3  -2   1   1  -3  -2  -2   11   4   0  16   0  15  21   0   0   5   0   5   0   0   0  11  12   0   0   0  0.31 0.12
   71 N     1   0   1  -1  -3   3   2  -2   2  -3  -3   3  -2  -4   2  -1  -1  -4  -2  -3   13   0   6   0   0  16  20   0   6   0   0  30   0   0   9   0   0   0   0   0  0.45 0.16
   72 A     2  -2  -1   2  -2   0   2  -2   3  -2  -1  -1   0  -3  -2   1   1  -3  -2  -2   27   0   0  12   0   0  21   0  12   0   5   0   4   0   0  10   9   0   0   0  0.28 0.13
   73 K    -1  -1   1  -2  -4   1  -1   5  -2  -4  -4   3  -3  -4  -3  -1  -2  -4  -4  -4    0   0   6   0   0   6   0  57   0   0   0  31   0   0   0   0   0   0   0   0  0.85 0.23
   74 L     0  -2  -4  -4  -2  -2  -3  -4  -3   2   4  -1   3   1  -3  -2  -2  -3  -2   0    9   0   0   0   0   0   0   0   0  11  60   6  10   4   0   0   0   0   0   0  0.48 0.18
   75 F    -3  -4  -4  -4  -3  -4  -4  -4  -3   2   3  -4   0   5  -4  -3  -2  -1   0   1    0   0   0   0   0   0   0   0   0  16  38   0   0  40   0   0   0   0   0   6  0.69 0.20
   76 A     3   0  -2  -2  -3   5   1  -2  -1  -3  -1   1  -2  -3  -2  -1  -1  -3  -3  -2   34   3   0   0   0  43   9   0   0   0   6   6   0   0   0   0   0   0   0   0  0.55 0.22
   77 P    -2  -2   0  -2  -4  -2   0  -3  -3  -3  -1   2  -3  -4   7  -2  -2  -4  -3  -3    0   0   6   0   0   0   6   0   0   0   6  14   0   0  65   0   0   0   0   0  1.38 0.26
   78 L     0  -2   0  -3  -2  -2  -2  -3  -2   2   2  -2   0   2  -2  -1  -1  -1   2   1    7   1   5   1   0   0   1   1   0  17  34   1   0   9   1   5   1   0  11   7  0.19 0.08
   79 D    -1   0   2   3  -3   2   0   0  -1  -3  -3   1  -2  -2   0   1   0  -2   1  -2    1   4  11  27   0  12   1   5   0   1   1   9   0   0   4   9   4   0  10   1  0.29 0.10
   80 A     1   1  -1   1  -2   1   0  -1  -1  -3  -3   0  -2  -3   4   2   0  -3  -2  -2   10   7   0  10   0   6   4   1   0   1   1   5   0   0  24  24   6   0   0   1  0.41 0.11
   81 V     1  -1  -1   1  -2   1   0   0   1  -1  -1   1  -1   1  -2   1  -1  -2  -1   0   13   0   0  11   0   8   0   6   6   3   5  12   0   9   0  19   0   0   0   6  0.09 0.07
   82 T    -2  -2   1  -2  -2  -1  -2  -3   1  -2   0   1  -1  -2   1  -1   4   6  -1  -2    0   0   6   0   0   0   0   0   5   0  12  10   0   0   6   0  40  17   0   0  0.49 0.19
   83 Q     1  -1   1  -2  -2   2   0  -2  -2   1   2   0   0  -1  -3  -1  -1   5   0  -1   16   0  10   0   0  14   7   0   0  12  24   4   0   0   0   0   0   9   3   0  0.19 0.12
   84 A     1   0   1   2  -2   2   0  -2  -1  -1   0   0  -1  -3  -2   1   1  -3  -2  -1   11   4   9  14   0  12   3   0   0   0  11   5   0   0   0  13  13   0   0   4  0.16 0.08
   85 Q     1   1   2   1  -3   1   1   1  -1  -3  -3   1  -2  -3  -2   0  -1  -3  -2  -2   18   9  17  10   0   9   9  11   0   0   1  10   0   0   0   0   0   0   0   3  0.24 0.09
   86 V    -1  -3   0  -3  -2  -2  -3  -3  -3   3   1  -2   0   0   0  -2   0  -3  -1   3    0   0   6   0   0   0   0   0   0  23  11   0   0   5   6   0   7   0   0  39  0.30 0.13
   87 A     1   1  -2  -2  -3  -1  -1  -2   1  -3  -3  -1  -2  -3   5   1   0  -3   1  -1   10  13   0   0   0   0   3   0   5   0   0   0   0   0  42  10   6   0   6   5  0.72 0.18
   88 Q     1  -1   1   1  -2   2   1   0  -1  -2  -1   0  -1  -2   0   0   0  -2   1  -2   16   0   6   6   0  17  11   8   0   0   7   5   0   0   3   4   5   0   9   0  0.15 0.07
   89 E    -2   1   4   1  -3   2   1  -2  -1  -3  -3   3  -2  -3   0  -1  -1  -3  -1  -1    0   5  29   5   0  12   8   0   0   0   0  23   0   0   5   0   0   0   3   7  0.36 0.13
   90 Y    -1  -2  -2  -3  -2  -2  -3   2  -1  -1   2  -2   0   3  -3  -2  -2   3   3  -1    5   1   0   1   0   0   1  23   0   1  25   1   0  20   1   1   1   5  15   1  0.33 0.12
   91 R     0   3  -1   1  -2   0  -1  -2  -2   0  -1   2  -1  -2  -2  -1  -1  -3  -2   2    6  27   0  11   0   0   1   1   0   7   1  19   0   0   1   1   1   0   0  24  0.24 0.12
   92 P     0  -2   1   3  -3  -1   1  -2   1  -2  -1  -1  -2  -3   4   0  -1  -3  -2  -2    7   1  10  19   0   0   9   1   3   1  10   1   0   0  29   7   1   0   0   1  0.46 0.11
   93 E     1   0   0  -1  -2  -1   1  -2  -2   0  -1   0  -1  -2   4   0  -1  -3  -2   0   12   7   6   1   0   1   9   1   0  10   5   6   0   1  24   8   1   0   1   9  0.27 0.07
   94 H     2  -1   2   1  -2   1   0  -1   2  -2  -2  -1  -2  -2   1   1   1  -3  -2  -1   28   1  16   7   0   7   6   1   6   1   1   1   0   1   5   7  10   0   1   1  0.21 0.08
   95 G     0  -2   1   2  -2  -1  -1   4  -2  -1  -2   0  -2   0   0   0  -1  -2  -2  -2    5   1   6  14   0   1   1  39   0   6   1   6   0   6   4   7   1   0   0   1  0.30 0.09
   96 R    -1   2   0  -1  -2   0  -1  -1   2   0   1   1   0   0  -2   0  -1  -1   2  -1    2  16   6   1   0   1   1   6   8   6  21   8   3   1   1   5   1   0  11   1  0.08 0.05
   97 W    -1  -2  -2  -2  -2  -1  -2  -2  -1  -2  -2   0  -2   1   1   1  -1   8   3  -1    2   1   1   1   0   1   1   2   0   1   2   7   0   5   6  17   1  33  11   7  0.73 0.15
   98 T    -1  -2  -2  -2  -2  -2  -2  -3   1   1   0  -2   0   3  -2   0   1  -1   3   2    1   1   1   1   0   1   1   1   5  11   6   1   0  14   1   6  13   0  18  18  0.21 0.09
   99 G     1  -2  -1   0  -2  -1  -1   2  -2  -3  -3   0  -2  -3   5   1  -1  -3  -3  -2   11   1   1   6   0   1   1  19   0   1   1   6   0   0  34  17   1   0   0   1  0.61 0.13
  100 I    -2  -2  -3  -3  -2  -2  -3  -3  -2   2   2  -3   0   3  -3  -2  -2  -1   3   1    1   1   1   1   0   1   1   1   0  18  28   1   0  21   1   1   1   0  15  10  0.36 0.11
  101 A     2  -2  -1   1  -1  -1  -1   0  -2   0  -1  -1  -1  -1   1   1   1   3   1   0   22   1   1   9   0   1   1   6   0   5   1   1   0   0   6  17   7   5   6  11  0.14 0.07
  102 A     0   0   0  -2  -2   2  -1   0  -1   0   0   1   1  -1  -2  -1  -1   3   2   1    6   3   5   0   0  14   0   7   0   6   4  12   5   0   0   0   0   5  14  15  0.11 0.08
  103 R     0   3   1  -1  -3  -1   1   3  -1  -3  -3   0  -2  -2  -2  -1   1  -3   0  -2    6  28   6   0   0   0  10  30   0   0   1   0   0   0   0   0  12   0   5   0  0.36 0.13
  104 S     3  -2   0  -2  -2  -1  -2  -1  -1   0  -1  -2  -1  -1   1   1  -1  -2   3   0   38   0   6   0   0   0   0   0   0   5   6   0   0   0   5  13   0   0  14   9  0.21 0.12
  105 T    -1   3  -1  -2  -2  -1  -1  -2  -2   0   1   0   0   1   1   1   2  -2  -1  -1    1  23   0   1   0   0   1   1   0   6  21   1   0   9   6  12  16   0   0   1  0.16 0.10
  106 V     1  -2  -1  -2  -2  -2  -2   2  -2   0  -1  -2  -1  -2  -2   1   0  -3  -2   3   14   1   0   1   0   0   1  22   0   1   1   1   0   0   1  15   4   0   0  36  0.25 0.12
  107 F    -2  -3  -3  -4  -2  -3  -3  -4  -3   3   2  -3   0   4  -3  -3  -2  -1   0   2    0   0   0   0   0   0   0   0   0  25  21   0   0  31   0   0   0   0   0  17  0.49 0.15
  108 V     1  -2  -2  -2  -2  -2  -1   1  -2   2   0  -2   1  -1  -2  -1  -1  -2   0   3   17   0   0   0   0   0   6  10   0  18   6   0   6   0   0   0   0   0   3  30  0.18 0.10
  109 Y    -2  -3  -3  -4  -3  -3  -3  -4   0   1   0  -3  -1   2  -4  -3  -2   0   7   1    0   0   0   0   0   0   0   0   0   6   7   0   0   6   0   0   0   0  62  15  0.96 0.25
  110 N    -2  -2   6   3  -3  -1  -1  -2  -1  -3  -4  -2  -3  -3  -3   1  -1  -4   0  -1    0   0  56  20   0   0   0   0   0   0   0   0   0   0   0  13   0   0   5   6  0.79 0.25
  111 P     0   2  -1  -2  -3   0  -1   0   0  -3  -3   3  -2  -3   2   1   2  -4  -2  -2    5  12   0   0   0   0   0   5   3   0   0  30   0   0  11  10  24   0   0   0  0.38 0.15
  112 E    -1   0   2   4  -3   1   2  -1  -1  -3  -1   0  -2  -3  -2   1   1  -4  -3  -2    3   3  10  31   0   6  16   3   0   0   6   5   0   0   0   9   8   0   0   0  0.36 0.11
  113 K     0   4  -1  -2  -3   0   1  -3  -2  -2   0   3  -1  -3  -2  -1   0  -3  -2  -2   10  29   0   0   0   0  11   0   0   0  15  29   0   0   0   0   6   0   0   0  0.38 0.16
  114 I    -2  -3  -4  -4  -2  -3  -4  -1  -3   2   3  -3   1  -1  -4  -3  -2  -2   1   3    0   0   0   0   0   0   0   6   0   8  47   0   0   0   0   0   0   0   6  33  0.47 0.17
  115 S     1  -1   2   2  -3   1   0  -2  -1  -3  -3   2  -2  -4   3   1  -1  -4  -3  -3   16   0  15  16   0   5   0   0   0   0   0  22   0   0  14  12   0   0   0   0  0.40 0.14
  116 E     0  -2   3   1  -3  -1   1   0  -2  -4  -4   0  -3  -4   5  -1   0  -4  -3  -3    9   0  23   8   0   0  10   6   0   0   0   5   0   0  35   0   5   0   0   0  0.69 0.17
  117 A     1   2  -2  -1  -3   0   1  -2  -2  -3  -3   3  -2  -4   4   0  -1  -4  -3  -3   14  12   0   0   0   0  12   0   0   0   0  28   0   0  28   6   0   0   0   0  0.62 0.17
  118 E     0  -1   0   2  -2   2   2   0   2  -2  -2   0  -1  -2  -1   0   0  -2  -1  -2    8   1   1  16   1  16  16   8   6   1   3   2   1   1   1   7   7   0   1   2  0.21 0.06
  119 L     0  -2  -2  -2  -1  -1  -2  -2  -2   2   2  -2   1   1   1  -1  -1  -1  -1   1    7   1   1   2   1   1   2   2   1  13  33   2   4   7   8   2   2   0   1  12  0.14 0.05
  120 P    -1  -1  -1  -1  -2  -1   1   0  -1  -2  -2  -1  -2  -2   6  -1  -1  -2  -2  -2    3   2   2   2   1   2   9   9   1   2   3   2   1   1  52   3   2   0   1   2  0.88 0.12
  121 K     1   0  -1  -2  -3   1  -1  -2  -2  -3  -3   4  -2  -4   1   2   2  -4  -3  -2   12   0   0   0   0   4   0   0   0   0   0  47   0   0   6  16  15   0   0   0  0.48 0.19
  122 S     0  -2  -1   0   2  -2  -1  -2  -2   0  -3  -2  -2  -3   1   4   3  -4  -3  -2    0   0   0   6   5   0   0   0   0   6   0   0   0   0   6  52  25   0   0   0  0.53 0.22
  123 I    -1  -4  -5  -5  -3  -3  -4  -4  -3  -1   1  -4  -2   0  -4  -3  -3  10   4   0    6   0   0   0   0   0   0   0   0   3  17   0   0   0   0   0   0  52  16   7  1.62 0.32
  124 M     1   0  -1  -1  -3   2   3  -2  -1  -2   0   3   0  -3  -2  -1   0  -3  -2  -2   15   0   0   0   0  11  25   0   0   0  15  25   3   0   0   0   6   0   0   0  0.29 0.14
  125 D     1  -2   2   6  -4  -1   3  -2  -2  -4  -4  -1  -4  -4  -2  -1  -2  -5  -4  -4   13   0   9  58   0   0  20   0   0   0   0   0   0   0   0   0   0   0   0   0  0.91 0.24
  126 L    -3  -3  -4  -5  -2  -3  -4  -5  -3   1   5  -4   2   0  -4  -3  -2  -2   1   0    0   0   0   0   0   0   0   0   0   3  84   0   6   0   0   0   0   0   7   0  0.87 0.25
  127 A     2  -2  -2  -2  -2   0  -2   1  -2  -1  -1  -2  -1  -2  -2   0   2   6  -1   0   28   0   0   0   0   6   0  12   0   0   6   0   0   0   0   5  16  15   0  10  0.35 0.14
  128 K    -2   0   1   3  -4   0   3  -2  -1  -3  -1   3  -2  -3  -2  -1   0  -4  -3  -3    0   0   6  25   0   0  22   0   0   0   6  33   0   0   0   0   7   0   0   0  0.47 0.16
  129 P    -2   0  -2   0  -4   0  -2   1  -3  -4  -4   0  -3  -4   7  -2  -2  -4  -4  -3    0   5   0   5   0   5   0  10   0   0   1   4   0   0  66   0   0   0   0   0  1.40 0.25
  130 E    -1   1   1   2  -3   2   3   0  -1  -3  -3   2  -2  -2  -2   0  -1  -2   1  -3    4   5   5  10   0  12  22   6   0   0   1  21   0   0   0   6   0   0   6   0  0.30 0.10
  131 W    -3  -3  -3  -1  -3  -3  -3  -3  -2  -2   0  -3  -1   4   0  -3  -3   8   4   0    0   0   0   5   0   0   0   0   0   0   9   0   0  22   5   0   0  32  16   6  0.98 0.22
  132 K     0   3   1   0  -3   1   1  -2  -1  -3  -2   4  -2  -3  -2  -1   0  -3  -2  -2   10  19   6   3   0   6   9   0   0   0   5  36   0   0   0   0   6   0   0   0  0.38 0.14
  133 G    -1  -1   3  -1  -3   0  -2   5  -2  -4  -4  -1  -3  -3  -3   0  -2   3  -3  -2    0   3  23   0   0   4   0  51   0   0   0   3   0   0   0   5   0   6   0   4  0.69 0.19
  134 R    -1   3  -1  -2  -3   1   1  -3  -2  -1  -1   3  -2  -3   2   0  -1  -4  -2  -1    0  22   0   0   0   6   8   0   0   4   6  32   0   0  12   5   0   0   0   5  0.39 0.14
  135 W    -2  -3  -4  -4  -2  -3  -3  -4  -3   3   3  -1   0   0  -3  -3  -2   3   2   2    0   0   0   0   0   0   0   0   0  25  40   6   0   0   0   0   0   6   9  13  0.44 0.15
  136 A     1  -1  -2  -2   1   2  -1   0  -2   1   1   0   2  -1  -2  -1   0  -2   0   1   12   0   0   0   4  20   0   7   0   9  14   3  11   0   0   0   6   0   5  10  0.12 0.10
  137 A     1  -2  -2  -1  -2   0  -2  -2  -2   2   1  -2   0  -1  -2   1   1  -2   2   1   12   0   0   4   0   5   0   0   0  13  18   0   0   0   0  12   8   0  12  16  0.13 0.09
  138 S     1   2  -1   0  -2   0  -1   2  -2  -2  -1   0  -2  -3   0   2   0  -3  -2  -1   15  16   0   5   0   4   0  17   0   0   6   3   0   0   4  22   5   0   0   3  0.20 0.09
  139 P    -1   0  -1   3  -3   1  -1   1  -2  -3  -4  -1  -3  -4   4   2   1  -4  -3  -3    0   4   0  26   0   6   0   9   0   0   0   0   0   0  23  22   9   0   0   0  0.55 0.16
  140 S     2  -2  -1   1  -2  -1  -1   0  -2  -3  -3   0  -2  -3   2   2   3  -4  -3  -2   20   0   0  10   0   0   0   6   0   0   0   3   0   0  10  23  27   0   0   0  0.38 0.15
  141 G     2   3  -1  -2  -2  -1  -1   3  -2  -3  -3   0  -2  -3  -2   3  -1  -4  -3  -3   22  21   0   0   0   0   0  22   0   0   0   4   0   0   0  31   0   0   0   0  0.45 0.17
  142 A     1   1   2  -1  -2   1   0   0  -1  -3  -3   0  -2  -2  -2   2   1   3   1  -2   14  10  12   0   0   5   5   7   0   0   0   4   0   0   0  17  14   6   6   0  0.22 0.10
  143 D     2  -2   0   1  -2   0   1  -2  -2   1  -1  -1  -1  -3   0  -1  -1  -4  -2   2   28   0   6  11   0   5  13   0   0   6   0   0   0   0   4   0   0   0   0  26  0.20 0.12
  144 F    -1  -3  -3  -3  -3  -3  -3   0  -1  -1   0  -3   0   4   1  -2   1  -1   4   0    5   0   0   0   0   0   0   9   0   0   5   0   3  29   6   0  10   0  21  10  0.37 0.15
  145 Q     0   0   0   0  -3   2  -1  -2   3  -1   1   0   0   2  -2  -1   0  -2   0  -1   11   5   6   5   0  15   0   0  11   0  21   6   0  14   0   0   5   0   0   0  0.13 0.10
  146 A     1  -2   1  -1  -2   0   0   4  -1  -3  -1  -1  -2  -1  -2   1  -1  -2   0  -2   11   0   9   0   0   5   7  37   0   0   6   0   0   3   0  16   0   0   3   0  0.32 0.11
  147 I     0  -2  -2  -2  -2   1   0  -3  -2   2   3   0   3  -1  -2  -2   0  -2  -2   0    6   0   0   0   0   7   6   0   0  17  34   6  15   0   0   0   6   0   0   0  0.22 0.11
  148 V     1  -2   0  -2  -2  -2  -2  -2  -2   0   1  -2   0  -1  -2  -1   2   3   1   2   16   0   6   0   0   0   0   0   0   0  19   0   0   0   0   0  16   6   6  26  0.20 0.11
  149 S     2  -2  -2  -2  -2  -2  -1   2  -3   0   1  -2  -1  -2  -2   0  -1   2  -2   2   22   0   0   0   0   0   6  22   0   0  19   0   0   0   0   6   0   3   0  22  0.21 0.12
  150 A     1   1  -2  -2  -2  -1  -1  -2  -2  -2   0   0   1  -2   0   2   1   6  -1  -2   19  10   0   0   0   0   3   0   0   0  11   6   5   0   3  21   9  14   0   0  0.28 0.13
  151 M    -2   0  -3  -3  -2  -2  -2  -3  -2   1   3   0   4   2  -3  -2  -2  -1   1   1    0   3   0   0   0   0   0   0   0   4  36  11  20  11   0   0   0   0   6   6  0.30 0.13
  152 L    -1  -2   0  -2  -2   1  -2  -3  -2   2   2  -1   0  -1  -2  -1   0  -3  -2   2    0   0   5   0   0  10   0   0   0  19  30   5   0   0   0   4   6   0   0  18  0.19 0.09
  153 E     2  -1  -1   2  -2   2   1   1  -1  -2  -3   1  -2  -3  -2   0  -1  -3  -2  -1   23   0   0  17   0  17  10  11   0   0   1  11   0   0   0   5   0   0   0   3  0.27 0.11
  154 L     1  -2  -1  -2  -2   1  -1   0  -1   1   1  -1   1   1  -2   0   1  -2   1   1   15   0   3   0   0  11   0   6   0   6  15   0   3   6   0   4  10   0   5  14  0.06 0.05
  155 K     0  -1  -1   3  -3  -1   0   0   4  -3  -3   2  -2  -1  -2   0  -2   3   3  -3    6   0   0  20   0   0   0   6  15   0   1  24   0   0   0   5   0   5  14   0  0.34 0.14
  156 G     1  -3  -2  -2  -3  -3  -3   6  -3  -4  -4  -2  -3  -4   0   1  -2  -4  -4  -4   11   0   0   0   0   0   0  73   0   0   0   0   0   0   6  11   0   0   0   0  1.07 0.24
  157 E     2  -1   2   3  -3   0   3  -2  -2  -3  -3   0  -3  -3   1  -1  -1   3  -2  -3   25   0  10  17   0   0  31   0   0   0   0   5   0   0   5   0   0   6   0   0  0.45 0.16
  158 K     0   0  -1   1  -3   1   2  -2  -2  -2  -1   3  -1  -3   0  -1   2  -3  -2  -1    6   0   0  10   0   7  13   0   0   0   6  33   0   0   3   0  16   0   0   5  0.27 0.13
  159 A     3   1  -1  -2  -2   2   1  -1  -2  -1  -2   1  -1  -3  -2   1   0  -3  -2  -1   43   6   0   0   0  12   8   0   0   5   0  10   0   0   0   8   5   0   0   3  0.29 0.14
  160 T     2  -2  -1   1  -2   0  -1   3  -2  -3  -3   0  -2  -3   0   0   2  -3  -3  -2   28   0   0  11   0   5   0  25   0   0   0   6   0   0   4   0  21   0   0   0  0.35 0.14
  161 L    -1  -1  -2  -2  -3   0   1  -3  -2  -1   2  -2   0   2   0  -1  -2   3   2  -1    4   3   0   0   0   4  15   0   0   0  37   0   0  11   6   5   0   6  10   0  0.23 0.12
  162 E     3   0   1   0  -2   1   1   1  -2  -3  -3   0  -2  -3  -2   0   1  -3  -3  -2   39   3   8   5   0   9  12  11   0   0   0   3   0   0   0   0   9   0   0   0  0.29 0.13
  163 W    -3   0  -4  -4  -3   0  -1  -4  -2   0  -2  -3  -2   4  -4  -3  -1   9   2  -2    0   5   0   0   0   6   5   0   0   9   0   0   0  20   0   0   6  43   5   0  1.25 0.27
  164 L     0  -2  -3  -3  -2   1  -2  -3  -3   1   4  -1   0  -1  -3  -2   0   4  -2   0    9   0   0   0   0   9   0   0   0   6  60   5   0   0   0   0   6   6   0   0  0.41 0.17
  165 K    -1   1  -1   1  -3   1   1  -1  -2  -1  -1   4  -2  -3  -2  -1   0  -3  -3  -1    0   6   0  11   0   7  10   5   0   3   6  39   0   0   0   0   6   0   0   6  0.29 0.13
  166 A     1   0  -1   2  -3   1   0   2  -2  -2   0   1  -1  -3  -2   0  -1  -3  -3  -2   11   5   0  15   0   6   5  22   0   0  14  15   0   0   0   6   0   0   0   0  0.20 0.09
  167 M     0  -3  -3  -1  -2  -1  -2  -3  -3   2   3  -2   2   1  -3  -2  -2   2  -1   1   10   0   0   5   0   4   0   0   0  12  42   0   9   8   0   0   0   4   0   6  0.28 0.12
  168 K    -1  -1  -2  -2  -3   1  -1  -3   1   1   0   2   1  -1  -2   0  -1  -2   3   1    0   0   0   0   0   5   0   0   5   9   5  26   5   0   0  12   0   0  17  16  0.19 0.13
  169 T     0   1   1  -1  -3   1   1   1   1  -3  -3   2  -2  -3   3   0   0  -3  -2  -2   11   4  10   0   0   6  12   9   5   0   0  20   0   0  15   3   6   0   0   0  0.32 0.10
  170 N    -2   1   6   0  -4  -1   1  -2  -1  -3  -4  -1  -3  -3  -3  -1   1  -4   0  -1    0   6  66   0   0   0  11   0   0   0   0   0   0   0   0   0   9   0   3   4  0.86 0.27
  171 F    -1  -2   0  -3  -2  -2  -3   1  -3   0   2   0   0   3  -3  -2  -1  -2  -1   2    0   0   5   0   0   0   0  12   0   0  26   9   0  18   0   0   0   0   0  30  0.22 0.13
  172 T     2  -2   0  -2  -2  -1  -2  -2   1   1   0   0  -1  -2  -2   0   2  -3  -2   1   32   0   3   0   0   0   0   0   6  11   6   7   0   0   0   5  19   0   0  11  0.19 0.12
  173 A     0   1  -2  -2  -2   0   0  -1  -2   0   0   0   2  -2   0  -1   1  -3  -2   1   11  12   0   0   0   5   6   5   0   5   9   6   9   0   3   0  15   0   0  14  0.08 0.07
  174 Y     0  -2   0  -2  -2   0  -2  -1  -1   0  -1  -2  -1   2   2   0   1  -1   3  -1   11   0   6   0   0   6   0   5   0   6   6   0   0  14  11   9   9   0  18   0  0.19 0.10
  175 K     1   1   2  -1  -3   1   1  -1  -1  -3  -3   2  -2  -3   0   1   0  -3  -2  -2   20   6  15   0   0   6  12   0   0   0   0  21   0   0   4  11   5   0   0   0  0.30 0.11
  176 G     0  -2   0   3  -3  -1  -1   3  -2  -4  -4   1  -3  -4   1   2  -1  -4  -3  -3    5   0   0  24   0   0   0  31   0   0   0  12   0   0   6  22   0   0   0   0  0.49 0.16
  177 N     0   0   4   2  -3  -1  -1  -1  -2  -2  -3  -1  -2  -3  -2   1   1   6  -2  -1   11   6  27  14   0   0   0   3   0   0   0   0   0   0   0  11   9  14   0   6  0.40 0.15
  178 S    -1   1   2   4  -3  -1   0   0  -2  -4  -4  -1  -3  -4  -2   3   1  -4  -3  -3    0  12   8  32   0   0   0   5   0   0   0   0   0   0   0  37   5   0   0   0  0.53 0.19
  179 T     0  -2   0   0  -2  -1   1   0  -1  -2  -2  -1  -2   0   2   0   2  -2   2   0   10   0   6   5   0   0  15   5   0   0   0   0   0   6  10   5  23   0   9   7  0.18 0.10
  180 V     3  -1  -2  -2  -2   1   0  -2  -2  -1  -2   0  -1  -3   2   1   0  -3  -2   1   35   0   0   0   0   8   5   0   0   0   0   5   0   0  11  15   5   0   0  15  0.29 0.13
  181 M     0  -2  -3  -3  -2  -2  -2  -3  -2   3   2  -2   2   0  -3  -1   0  -1   2   1   12   0   0   0   0   0   0   0   0  25  24   0   6   0   0   5   6   0  14   5  0.22 0.10
  182 K     0   1   1   2  -3   1   1   1  -1  -2  -2   1   0  -3   1   0   0  -3  -2  -2    9  11  10  12   0  10   8  14   0   0   3   6   6   0   5   0   5   0   0   0  0.19 0.07
  183 A     4  -2   0  -2  -2  -2  -2  -1  -2  -1   1   0  -1  -2   0   0  -1  -3   0   0   53   0   5   0   0   0   0   0   0   0  15   6   0   0   5   6   0   0   5   6  0.29 0.16
  184 V    -2  -4  -4  -4   2  -3  -4  -4  -3   2   0  -3  -1   5  -4  -1  -2  -1   2   3    0   0   0   0   6   0   0   0   0   9   0   0   0  40   0   5   0   0   5  36  0.59 0.20
  185 N     1  -1   3   0  -2   1   0  -2  -1   0   0   1   1  -2  -2   1   1  -3  -2  -1   14   0  20   4   0   5   7   0   0   6   9  11   5   0   0   9  10   0   0   0  0.15 0.08
  186 A     1   2   1  -1  -3   0   1  -2  -1  -3  -3   3  -2  -3  -2   2  -1  -3  -2  -2   16  12   7   0   0   0   8   0   0   0   0  35   0   0   0  20   0   0   0   0  0.37 0.14
  187 G    -1  -4  -2  -3  -4  -3  -4   7  -4  -5  -5  -3  -4  -5  -4  -2  -3  -4  -5  -5    0   0   0   0   0   0   0 100   0   0   0   0   0   0   0   0   0   0   0   0  1.78 0.35
  188 Q    -2   0  -2   0  -4   3   5  -3  -1  -1  -1   0  -2  -4  -2  -1  -2  -4  -3  -1    0   5   0   0   0  15  65   0   0   3   6   0   0   0   0   0   0   0   0   6  0.77 0.25
  189 I     2  -2  -2  -2   1  -2  -2   1  -3   1  -1  -2  -1  -2  -2   0   1  -3  -2   2   30   0   0   0   4   0   0  10   0  12   0   0   0   0   0   5  10   0   0  28  0.23 0.12
  190 D     1  -2   1   4  -3  -1   1  -2  -2  -3  -3  -1  -2  -3   3   0   0  -3   0  -2   21   0   5  34   0   0   6   0   0   0   0   0   0   0  14   6   5   0   6   0  0.43 0.14
  191 G     0  -3  -3  -3  -2  -2  -3   0  -3   2   2  -2   3  -1  -3  -1  -1  -3  -2   2    7   0   0   0   0   0   0   9   0  11  27   0  14   0   0   3   0   0   0  27  0.26 0.11
  192 G     2  -2  -2  -2  -2  -2  -2   4  -3  -1  -2  -2  -2  -3   1   0   1  -3  -3   1   27   0   0   0   0   0   0  37   0   0   1   0   0   0   6   0  12   0   0  14  0.41 0.14
  193 V    -2  -3   0  -3  -2   0  -3  -4  -3   3   2  -2   3  -1  -3  -1  -1  -3  -2   2    0   0   5   0   0   6   0   0   0  28  29   0  10   0   0   5   0   0   0  17  0.33 0.14
  194 I     1  -2   1  -2  -2  -2  -2   0  -2   3   1  -2   0  -1  -2   1  -1  -3  -2   1   12   0  10   0   0   0   0   6   0  33  12   0   0   0   0  14   0   0   0  10  0.17 0.10
  195 Y    -2  -2   4   2  -3  -2  -1   1  -1  -3  -3  -2  -3   0  -3  -1  -2   6   4  -3    0   0  29  17   0   0   0  10   0   0   0   0   0   0   0   0   0  16  26   0  0.72 0.21
  196 H    -1  -1   4  -1  -2  -1  -1  -1   3  -2  -1  -1  -1  -2   2   1   2  -2   1  -2    1   1  29   1   0   1   1   1   9   1   7   1   0   1  10   9  19   0   7   1  0.30 0.11
  197 Y    -1  -2   0  -2  -2  -1   0   1   0  -2  -2  -1  -2   0  -2  -1   1   5   5  -2    2   1   6   1   0   1   7  12   0   1   2   1   0   1   1   2  15  10  34   1  0.41 0.13
  198 Y     1  -2   1  -2  -2  -1  -1   1   0  -2  -2  -1  -2   0  -2   2  -1   3   4  -2   11   1   7   1   0   1   1  11   0   1   2   1   0   1   1  26   1   5  29   1  0.34 0.13
  199 R     0   0  -2  -2  -2  -1   0  -2  -1  -1   0  -1   0   1   3   0  -1   6   2   0    6   7   1   1   0   1   7   1   0   1  10   1   3   6  17   6   1  16   7   7  0.34 0.09
  200 F     1   0  -2  -2  -2  -1  -2   1   1   0   1  -1   0   1  -2   0  -1  -1   2  -1   13   6   1   1   0   1   1  13   4   4  26   1   0   6   1  10   1   0  13   1  0.10 0.07
  201 V    -1   1   2  -1  -2   0  -1   0   3   1   0  -1  -1   1  -2  -1  -1  -1   2   0    4  13  13   1   0   6   1   6  10  12   6   1   0   8   1   1   1   0  10   6  0.09 0.06
  202 D     1  -2  -1   1  -2  -1  -1  -2   2   1   2  -1   1   0  -2  -1  -1  -2  -1   1   17   1   1  12   0   1   1   1  10  14  23   4   6   4   1   1   1   0   0   6  0.09 0.07
  203 Q     1  -1   1   1  -2   2   0  -1   1  -1   0   0   1  -1  -2   0  -1  -2   1  -1   18   1   6  10   0  17   1   4   4   3  13   6   5   0   1   4   1   0   6   1  0.08 0.07
  204 A     1   2  -1  -2  -3   1   1   0  -2  -2   0   3  -1  -3  -2  -1  -1  -3  -2  -1   19   8   0   0   0   6   7   6   0   0  10  35   0   0   0   0   3   0   0   4  0.24 0.12
  205 K     0   1   1   0  -3   2   3  -2  -1  -2  -1   1  -2  -3  -2   2  -1  -3  -2  -1    5   5   6   0   0  14  27   0   0   0   5   9   0   0   0  24   0   0   0   4  0.32 0.14
  206 T     1   0  -1   1  -3   1   2  -2  -1  -2  -1   3  -1  -3  -2   0   1  -3  -2  -2   14   0   0  10   0   6  13   1   0   0   7  37   0   0   0   1   9   0   0   1  0.29 0.12
  207 G     1   0  -1   1  -2   0   0   3  -1  -2  -1   2   1  -2  -1   0  -1  -2  -2  -2   13   1   1  12   0   1   4  24   0   1   7  23   6   1   1   1   1   0   1   1  0.19 0.08
  208 E    -1   1   0   2  -3   0   3  -2  -1  -1  -1   0  -1  -3   1  -1   1  -3  -2   1    3  12   4  15   0   0  27   0   0   0   6   0   0   0   6   0  10   0   0  16  0.22 0.10
  209 N     0   1   4  -1  -3   1   0  -2  -1  -1   0   1  -1  -3   1  -1  -1  -3  -2  -1    7   9  40   0   0   7   4   0   0   3  11   6   0   0   9   0   0   0   0   4  0.32 0.13
  210 S    -1   0   4   3  -3  -1   0   0   0  -2  -3  -1  -2  -1  -2   0  -1  -2   3  -1    4   5  27  21   0   0   4   6   0   1   1   1   0   0   1   6   1   0  19   4  0.33 0.13
  211 G     2  -1   0  -1  -2   0   0   1  -1  -1  -1  -1  -1  -2   2   0  -1  -2   0  -1   33   1   4   1   0   6   7  13   0   1   8   1   0   1  12   1   1   0   5   4  0.19 0.08
  212 K     0   1   2  -1  -2   0   0  -1   1  -2  -2   3  -1  -2   1   0  -1  -3  -2   0   10   5  18   1   0   1   1   1   4   1   1  32   0   1   6   6   1   0   1  10  0.22 0.10
  213 T     0  -2  -2  -2  -1  -2  -2  -2  -2   2   1  -2   0  -1  -2   0   2  -2  -2   3    6   1   1   1   0   1   1   1   0  12  17   1   0   1   1   4  21   0   1  30  0.21 0.09
  214 Q     0   2   0   1  -2   2   1   0  -1  -2  -1   2  -1  -2  -1   0  -1  -3  -2  -1   11  13   5  10   0  14   6   7   0   1   7  16   0   0   1   4   1   0   0   4  0.17 0.06
  215 L    -2  -3  -3  -3  -2  -3  -3  -3  -3   1   3  -3   1   3  -3  -2  -1  -2   0   2    1   1   1   1   0   0   1   1   0   6  42   1   0  21   1   1   1   0   0  23  0.40 0.13
  216 H     0  -2  -1  -2  -2  -2  -2  -2   0   1   0  -2   1   3   2  -1   0  -1   2   2   10   1   4   1   0   0   1   1   3   6   1   1   6  21  10   1   6   0   6  22  0.18 0.09
  217 Y    -1  -2  -2  -2  -2  -2  -2  -2  -1  -1  -1  -2  -1   3  -2  -1   2   6   4   1    2   1   1   1   0   1   1   2   0   1   2   1   0  19   1   1  17  14  22  12  0.48 0.13
  218 F    -2  -3  -3  -3  -3  -2  -2  -3  -2  -1  -1  -2  -1   5   5  -2  -2  -2   0   1    1   1   1   1   0   1   1   1   0   1   1   1   0  33  41   1   1   0   0  14  0.87 0.19
  219 K     0   1   2   1   2   0   0  -1  -1  -2  -2   3  -2  -3   2   0  -1  -3  -2  -2    7   8  17   7   6   1   6   1   0   1   2  26   0   1  13   1   1   0   1   1  0.28 0.08
  220 H    -1   0   1   2  -3   2   2   1   3  -3  -2   1  -2  -2  -1   0  -1  -2   1  -2    2   1   6  12   0  13  16  11  13   1   2   7   0   1   1   5   1   0   7   1  0.24 0.08
  221 Q     1   1   0   2  -2   2   1   0  -1  -2  -2   1  -1  -2  -1   0   0  -2  -1  -1   12   8   2  13   1  13  11   6   1   2   3  11   1   1   2   2   7   0   1   2  0.15 0.04
  222 D    -1  -1   0   3  -2   0   1   1  -1  -1  -2  -1  -2  -2   2   1  -1  -2  -2  -1    2   2   1  26   1   1  11  14   1   8   3   2   1   1  11  13   2   0   1   2  0.24 0.06
  223 P    -1   3  -1  -1  -3   0   1   0   2  -3  -2   0  -2  -3   5   1  -1  -3  -2  -2    2  22   1   1   0   1  10   7   7   1   2   1   0   1  31  11   1   0   1   1  0.52 0.12
  224 G    -1  -2  -1   0  -3  -2  -2   5  -2  -3  -4   0  -3  -3   1   0  -2  -3   0  -1    0   0   0   6   0   0   0  62   0   0   0   9   0   0   6   5   0   0   6   6  0.71 0.20
  225 A     2  -2   0  -2  -2  -1  -2   0   2  -1  -1  -2  -1  -3   2   1   2  -3  -2   0   32   0   4   0   0   0   0   5   9   0   6   0   0   0   9   6  19   0   0  10  0.24 0.12
  226 F    -1  -2   0  -3  -3  -2  -2  -1   4   2   1  -2  -1   3   0  -2  -2   3   2   0    6   0   6   0   0   0   0   5  16  21  12   0   0  15   5   0   0   6   9   0  0.24 0.12
  227 V     0  -3  -4  -4  -2  -3  -3  -4  -3   2   1  -3   0   2  -3  -2   0  -2   1   4    5   0   0   0   0   0   0   0   0   6   9   0   0  10   0   0   5   0   5  60  0.49 0.19
  228 S    -1  -1   3   1  -3   2   0   1  -1   0  -2  -1  -2  -2  -2   1   0   5   1  -2    0   0  22   6   0  14   5   9   0  11   0   0   0   0   0  15   3  10   6   0  0.28 0.13
  229 I    -1  -3  -3  -3  -2  -2  -3  -3  -3   3   1  -2   2  -1   3  -1   0  -3   1   2    0   0   0   0   0   0   0   0   0  22   9   0  10   0  17   5   6   0   7  25  0.36 0.13
  230 S    -1  -1   0   2  -2   1   2   0  -1  -2   0  -1  -1  -2  -2   2   1  -2   1  -2    1   1   1  11   0   6  20   6   0   1  10   1   0   0   1  29   6   0   6   1  0.21 0.10
  231 G    -1  -2   0  -2  -2  -2  -2   4  -2  -1   0  -2  -1  -2  -2   1  -1  -2   1   0    1   1   6   1   0   0   1  45   0   1  10   1   0   0   1  15   1   0   6  10  0.37 0.12
  232 G     3  -3  -3  -3  -2  -2  -3   0  -3   1   1  -2   0  -1  -3  -1  -1  -3   0   3   39   0   0   0   0   0   0   6   0   9  10   0   0   0   0   0   0   0   5  31  0.31 0.15
  233 G     4  -3  -2  -3  -2  -2  -2   4  -3  -3  -3  -2  -3  -4  -2   1  -1  -4  -3  -2   59   0   0   0   0   0   0  36   0   0   0   0   0   0   0   5   0   0   0   0  0.79 0.24
  234 V     0   1  -3  -4  -2   0  -3  -4  -3   4   1  -2   0  -1  -3  -2  -1  -3  -2   3    6   9   0   0   0   4   0   0   0  38   9   0   0   0   0   0   0   0   0  33  0.41 0.16
  235 L    -1  -3   1  -3  -2  -2  -3  -3  -3   0   2  -2   2  -2   3  -2   1  -3  -2   2    0   0   9   0   0   0   0   0   0   0  33   0   5   0  15   0  12   0   0  25  0.34 0.15
  236 A     3   1  -1   0  -2   1  -1  -2  -2  -3  -3   3  -2  -3  -2   0   1  -4  -3  -2   43   7   0   6   0   5   0   0   0   0   0  30   0   0   0   0  10   0   0   0  0.41 0.18
  237 S     1  -2   3  -1  -2  -1  -2   2   1  -3  -3  -1  -2  -3  -2   1   3  -4  -3  -2   17   0  25   0   0   0   0  19   4   0   0   0   0   0   0   9  27   0   0   0  0.43 0.16
  238 S     3  -2  -1  -2  -2  -1  -2   0   1  -3  -3  -2  -2  -2  -2   3   1  -3   1  -2   42   0   0   0   0   0   0   4   5   0   0   0   0   0   0  38   5   0   6   0  0.49 0.20
  239 K    -1   2   1   0  -4   0  -1  -2  -2  -3  -3   3  -3  -4   5  -1   0  -4  -3  -3    4  11   6   5   0   3   0   0   0   0   0  29   0   0  35   0   6   0   0   0  0.73 0.18
  240 H    -3  -1   6   1  -4   3  -1  -2   4  -4  -4   0  -3  -4  -3  -1  -2  -4  -2  -4    0   0  60   6   0  15   0   0  15   0   0   4   0   0   0   0   0   0   0   0  0.98 0.28
  241 P     0   1   0  -1  -2   1  -1  -2  -2  -1  -1   2  -1  -3   4   1  -1  -3  -2  -1    6   9   5   0   0   6   0   0   0   5   6  24   0   0  20  11   0   0   0   5  0.31 0.10
  242 K     0   0  -1   3  -4   2   4  -2   2  -4  -4   0  -3  -4   0  -1  -2  -4  -3  -3    9   3   0  23   0  11  41   0   6   0   0   3   0   0   4   0   0   0   0   0  0.60 0.18
  243 E     0  -2   1  -1   1   0   2   3  -2  -2   0  -1  -1  -3  -2  -1   0  -3  -3  -2   10   0  11   0   5   3  20  27   0   0  18   0   0   0   0   0   6   0   0   0  0.23 0.12
  244 A     5  -3  -3  -3  -2  -2  -2   0  -3  -3  -3  -2  -2  -4  -2   0   0  -4  -3  -2   89   0   0   0   0   0   0   5   0   0   0   0   0   0   0   0   6   0   0   0  0.93 0.30
  245 Q    -2   2  -1   0  -3   3   0  -2   3   0  -1   4  -1  -3  -2  -1  -1  -3  -2  -1    0  12   0   5   0  17   0   0  11   6   5  37   0   0   0   0   0   0   0   3  0.37 0.15
  246 E     3   1  -1   0  -3   0   1  -2  -2  -2  -1   4  -2  -3  -2  -1  -1  -4  -3  -2   33   3   0   5   0   0  12   0   0   0   8  39   0   0   0   0   0   0   0   0  0.38 0.18
  247 F    -3  -4  -5  -5  -3  -4  -5  -5  -3  -1   2  -4  -1   7  -5  -4  -3  -1   1  -2    0   0   0   0   0   0   0   0   0   0  22   0   0  78   0   0   0   0   0   0  1.35 0.32
  248 V    -2  -3  -4  -4  -2  -3  -4  -4  -4   4   3  -3   2  -1  -4  -3  -1  -3  -2   4    0   0   0   0   0   0   0   0   0  32  27   0   5   0   0   0   0   0   0  36  0.60 0.18
  249 K     1  -1   2   3  -3   2   3  -2   2  -3  -3   1  -2  -4  -2   0  -1  -4  -2  -3   13   0  16  19   0  10  25   0   6   0   0   6   0   0   0   6   0   0   0   0  0.44 0.14
  250 W    -4  -4  -4  -5  -4  -4  -4  -4  -2  -2  -2  -4  -2   6  -5  -4  -3   8   6  -3    0   0   0   0   0   0   0   0   0   0   0   0   0  45   0   0   0  26  30   0  1.59 0.33
  251 I    -1  -3  -4  -4  -2  -3  -4  -4  -4   1   4  -3   4  -1  -4  -3  -2   3  -2   0    5   0   0   0   0   0   0   0   0   6  66   0  18   0   0   0   0   5   0   0  0.71 0.22
  252 T     0  -3  -3  -3  -2  -2  -3   1  -3   1   3  -2   1   1  -3  -1   1  -2  -1   1   10   0   0   0   0   0   0  11   0   5  41   0   3   6   0   0  14   0   0  10  0.23 0.11
  253 G     0   1  -1  -2  -2  -1  -2   2  -2  -3  -3  -1  -3  -4  -2   4   2  -4  -3  -3    0  10   0   0   0   0   0  19   0   0   0   0   0   0   0  55  15   0   0   0  0.60 0.23
  254 K    -1  -1  -2   2  -4  -1   0  -3  -2  -4  -4   4  -3  -4   6  -1  -2  -4  -3  -3    5   0   0  12   0   0   3   0   0   0   0  35   0   0  42   3   0   0   0   0  0.96 0.23
  255 S    -1  -1  -1   3  -4   2   3  -1  -1  -3  -3   2  -2  -4   2   0   0  -4  -3  -3    4   0   0  17   0   9  28   4   0   0   0  17   0   0  12   3   5   0   0   0  0.46 0.14
  256 G     3  -3   0  -2  -2  -2  -2   3  -2  -2  -2  -2  -2   1  -2   0   0  -3  -2   0   38   0   5   0   0   0   0  32   0   0   0   0   0   9   0   0   6   0   0  10  0.41 0.16
  257 Q     1  -1  -2  -2  -3   6   0  -3  -1  -3  -1   1   1  -3  -2  -1  -2  -3  -3  -2   16   0   0   0   0  64   0   0   0   0   6   6   5   0   0   0   0   0   0   0  0.79 0.27
  258 D     2   2   0   1  -3   0   3  -2  -1  -3  -3   2  -2  -3  -2   0   0  -3  -3  -2   27  12   4   7   0   0  26   0   0   0   0  15   0   0   0   0   6   0   0   0  0.34 0.13
  259 I     1   0  -2  -2  -2   0   0  -2   1   2   1   0   1   0  -2  -1  -1  -2   0   1   23   6   0   0   0   5   6   0   5  23   9   6   3   3   0   0   0   0   3   8  0.09 0.08
  260 L    -2  -3  -4  -4  -2  -3  -4  -4  -3   2   3  -3   0   4  -4  -3  -2  -1   2   2    0   0   0   0   0   0   0   0   0  14  31   0   0  26   0   0   0   0   6  23  0.49 0.15
  261 R     3   0   0  -2  -2  -1  -1  -1  -2   0  -2  -1  -1  -3   2   1   1  -3  -2   0   46   6   7   0   0   0   3   0   0   5   0   0   0   0   9   6   9   0   0   8  0.28 0.13
  262 T     0   1  -1   1  -2   1   3  -1  -1  -2  -1   1   0  -3  -2   0   1  -3  -2  -2   11  10   0   6   0   3  25   4   0   0   6  13   3   0   0   0  16   0   0   0  0.21 0.09
  263 N     2   0   1   0  -2  -1  -1   1  -2   0  -1  -1  -1  -2  -2   0   1  -3  -2   1   31   6  10   7   0   0   0  12   0   4   6   0   0   0   0   0  10   0   0  14  0.14 0.08
  264 N    -2   1   5   0  -3  -1  -1  -2  -1   1  -2   1   1  -3  -2   0  -1  -3  -2  -2    1   8  50   0   0   0   0   0   0  12   1  13   6   0   0   7   0   0   0   0  0.46 0.16
  265 A     1  -1   1  -1  -1   0  -1   2  -1   0  -1  -1  -1   0  -1   0   0   3  -1  -1   17   2   8   2   1   6   2  20   1   7   3   2   1   7   2   2   8   7   1   2  0.12 0.04
  266 F    -1  -2  -1  -1  -2  -2  -2   3  -1  -2  -1  -2   1   3  -2  -1  -2   5   3  -2    2   1   1   5   0   1   1  30   0   1   2   1   6  16   1   2   1  10  16   1  0.37 0.09
  267 E    -1   0  -1   0  -2   1   3  -2  -1  -2  -1   2   2   0   1   0  -1  -2  -1  -2    1   1   1   1   0   7  33   1   0   1   2  17  10   7   6   7   1   0   1   1  0.26 0.09
  268 Y    -2   0  -2  -3  -2  -1  -2  -3   0  -1   0   0   3   2  -3  -2   0   0   5   0    1   7   0   1   0   0   1   1   0   1   6   7  12  10   1   1   6   0  39   7  0.41 0.14
  269 A     1  -3  -3  -3  -4  -3  -2  -3  -4  -4  -4  -2  -4  -5   8  -2  -2  -5  -4  -3   13   0   0   0   0   0   0   0   0   0   0   0   0   0  87   0   0   0   0   0  2.17 0.34
  270 V     1  -3  -3  -4  -2  -3  -3  -3  -3   1   3  -3   0  -1  -3  -2  -1  -3  -2   4   11   0   0   0   0   0   0   0   0   0  36   0   0   0   0   0   0   0   0  49  0.44 0.16
  271 G     0   1   2  -1  -2  -1  -1   2  -2   0   1  -1  -1  -2   1   1  -1  -3  -2  -1    7  13  13   0   0   0   0  17   0   9  20   0   0   0   6  12   0   0   0   0  0.12 0.07
  272 V     2  -1  -2  -2  -2   0  -1  -2  -2  -2  -2   0  -2  -3   5   0  -1  -4  -3   0   31   3   0   0   0   6   0   0   0   0   0   6   0   0  36   6   0   0   0  11  0.66 0.16
  273 D    -1  -2  -1   2  -3   1   3   3   1  -2  -1  -1  -2  -3  -2  -1   0  -3  -2   0    0   0   0  13   0   4  30  27   4   0   7   0   0   0   0   0   5   0   0  10  0.31 0.12
  274 A     2  -2  -2  -3  -1  -2  -2   0  -3   1   0  -1   0  -2  -2   0  -1  -3  -2   3   23   0   0   0   0   0   0   7   0   7   5   5   0   0   0   7   0   0   0  43  0.22 0.11
  275 A     2  -2  -2  -2  -2  -1   0  -2  -2   0   0  -1  -1  -2   3   0   1  -3  -2   1   32   0   0   0   0   0   6   0   0   0   8   0   0   0  17   4  13   0   0  20  0.30 0.11
  276 S     0  -1   2   2  -2   0   1  -2  -1   0  -1   1  -1  -2   1   2   0  -3  -2  -1    6   0  13  15   0   0   7   0   0  10   8  12   0   0   5  21   0   0   0   4  0.16 0.07
  277 N    -1  -1   3   3  -3  -1   1   0   1  -3  -4   0  -3  -4   2   1   0  -4  -3  -3    0   0  18  28   0   0   6   6   4   0   0   6   0   0  12  17   4   0   0   0  0.44 0.11
  278 P    -1  -2  -3  -3  -3   1  -2  -3  -2  -3  -2   1  -2   3   6  -2  -2  -2   1  -3    5   0   0   0   0   8   0   0   0   0   0  10   0  22  52   0   0   0   4   0  1.03 0.19
  279 K     0   1   1  -1  -2   1   1  -2   2   0   0   1  -1  -2  -2   0   0  -3  -2   0    7   8   8   0   0   8  14   0   6   8  13  14   0   0   0   4   6   0   0   4  0.11 0.05
  280 L     0  -2  -3  -3  -1  -2  -2  -3  -2   1   3  -2   1   1   1  -1   0  -2  -1   1    8   1   1   1   0   0   1   1   0   8  45   1   0   7   6   1   6   0   0  13  0.22 0.07
  281 V     3  -1  -1   0  -2  -1   1  -1  -1  -1  -2   1  -1   1  -2   0  -1  -1   2   0   38   1   1   7   0   0   9   1   0   1   1  10   0   7   1   1   1   0  14   8  0.17 0.09
  282 P     1  -2  -2  -2  -2   2  -1   0  -2  -3  -3  -1  -2  -3   6   1  -1  -3  -3  -2   17   1   1   1   0  12   1   5   0   1   1   1   0   0  49  10   1   0   0   1  0.90 0.15
  283 L     0  -2  -1   0  -2   0  -1  -2   1   0   1  -1   0   3   1   0  -1   3   1  -1    7   1   1   7   0   8   1   1   4   5  15   1   0  25   7   8   1   5   4   1  0.15 0.06
  284 K     2  -1  -1   1  -2   1   2   2  -2  -3  -3   1  -2  -3   1   0   0  -3  -3  -2   24   0   0   6   0   8  16  20   0   0   0  14   0   0   8   0   6   0   0   0  0.30 0.09
  285 D     0   1   0   2  -3   2   2  -2  -1  -2  -3   2  -2  -3  -2   0   0  -3  -2  -1    6   8   4  14   0  12  20   0   0   0   0  20   0   0   0   5   6   0   0   6  0.31 0.08
  286 L    -2  -3  -4  -4  -2   0  -3  -4  -3   2   4  -3   1   3  -3  -3  -2  -2   0   0    0   0   0   0   0   7   0   0   0  18  56   0   0  19   0   0   0   0   0   0  0.47 0.13
  287 D     0   1  -1   1  -3   3   3  -2  -1  -2  -2   2   1  -3   1  -1  -1  -3  -2  -2    9   5   0   9   0  17  22   0   0   0   0  21  10   0   7   0   0   0   0   0  0.34 0.08
  288 A     3   0  -1  -2  -2   0   0   1  -2  -2  -2   3  -2   0  -2   1  -1  -3  -2  -2   39   0   0   0   0   0   5  10   0   0   0  32   0   8   0   5   0   0   0   0  0.27 0.09
  289 P    -1  -2   0   4  -3   2   0  -2  -2  -3  -3  -1  -2  -4   4   0   1  -4  -3  -3    0   0   0  33   0  16   0   0   0   0   0   0   0   0  29   5  16   0   0   0  0.69 0.11
  290 K    -1  -1   0  -2  -3   2  -1  -2  -2  -2  -3   2  -2  -4   6  -1   0  -4  -3  -1    0   0   5   0   0  16   0   0   0   0   0  16   0   0  51   0   6   0   0   6  0.93 0.11
  291 V     0   2  -2  -3  -1  -1  -2  -3  -2   1   0  -1   0  -2  -2  -1   2  -3  -2   3   10  18   0   0   0   0   0   0   0   6   7   0   0   0   0   0  17   0   0  41  0.20 0.06
  292 E     0  -1   2   1  -2   0   2  -2  -1   1  -2  -1  -1  -3  -2   3   0  -3  -2  -1    0   0  13   6   0   0  25   0   0  18   0   0   0   0   0  37   0   0   0   0  0.27 0.07
  293 P     3  -2  -3  -3  -1  -2  -2  -1  -3   1   0  -2   0  -2   1   0  -1  -3  -2   2   51   0   0   0   0   0   0   0   0  11   6   0   0   0   6   0   0   0   0  26  0.28 0.07
  294 S     3  -2   1   1  -1  -1  -1  -1  -2  -2  -2  -1  -2  -3  -1   2   2  -3  -2  -1   50   0  11   6   0   0   0   0   0   0   0   0   0   0   0  19  14   0   0   0  0.34 0.07
  295 K     1  -1   1  -1  -2   0  -1   0  -2  -1  -2   1  -1  -3   2   0   3  -3  -2   0   10   0   7   0   0   6   0   9   0   0   0  13   0   0  11   0  32   0   0  13  0.21 0.05
  296 L     0  -1  -2  -3  -2   1  -2  -3  -2   0   2   0   4   2  -3  -2  -1  -2  -1   1    7   0   0   0   0  10   0   0   0   0  26   9  29  13   0   0   0   0   0   7  0.21 0.07
  297 N     0   2   3   1  -3   1   0   1  -1  -2  -2   0  -2  -3  -2   0  -1  -3  -2  -1    6  19  25   6   0   7   6  13   0   0   0   0   0   0   0   7   0   0   0  11  0.23 0.04
  298 S    -1   1   4   1  -3   3   1  -1   0  -3  -3   0  -2  -3   1   1  -1  -4  -2  -3    0   7  42   7   0  19   7   0   0   0   0   0   0   0   6  12   0   0   0   0  0.47 0.08
  299 K     3   0  -1  -2  -2  -1  -1  -1  -1  -2  -2   2  -1  -2  -1   0   1  -2   1  -1   56   0   0   0   0   0   0   0   0   0   0  26   0   0   0   0  11   0   7   0  0.33 0.09
  300 K    -1   0  -1   0  -4   4   4  -2   0  -3  -3   2  -2  -4   1  -1  -1  -3  -2  -3    0   0   0   0   0  34  45   0   0   0   0  14   0   0   7   0   0   0   0   0  0.65 0.09
  301 V     3   0  -1  -2  -1   2   0  -1  -1  -1  -2   2  -1  -3  -1   1   0  -3  -2   1   46   0   0   0   0  14   0   0   0   0   0  20   0   0   0   8   0   0   0  14  0.25 0.06
  302 V     0  -2  -2  -3  -1  -2  -2   2  -3   2   2  -2   0  -1  -2  -1   1  -3  -2   1    8   0   0   0   0   0   0  20   0  17  27   0   0   0   0   0  15   0   0  14  0.17 0.04
  303 E    -1   4  -1   0  -4   2   3  -2  -1  -3  -3   3  -2  -3  -2  -1  -1  -3  -2  -3    0  32   0   0   0   7  33   0   0   0   0  28   0   0   0   0   0   0   0   0  0.58 0.08
  304 L    -2  -3  -4  -4  -2  -3  -3  -4  -3   3   4  -3   1   0  -3  -3  -1  -2  -2   1    0   0   0   0   0   0   0   0   0  39  61   0   0   0   0   0   0   0   0   0  0.50 0.06
  305 M    -2  -2  -3  -4  -2  -1  -3  -3  -2   2   2  -2   7   0  -3  -2  -1  -2  -2   0    0   0   0   0   0   0   0   0   0   9   9   0  82   0   0   0   0   0   0   0  0.71 0.12
  306 T    -1  -1   3   4  -3   0   3  -2  -1  -3  -3   0  -2  -3  -2   0   2  -4  -3  -2    0   0  22  34   0   0  24   0   0   0   0   0   0   0   0   0  21   0   0   0  0.49 0.04
  307 E    -1   4  -1   0  -4   2   4  -2   0  -3  -3   1  -2  -3  -2  -1  -1  -3  -2  -3    0  34   0   0   0  12  54   0   0   0   0   0   0   0   0   0   0   0   0   0  0.62 0.05
  308 A     4  -2  -2  -2  -1  -1  -1   0  -2  -1  -1  -1  -1  -2  -1   1   0  -3  -2   1   89   0   0   0   0   0   0   0   0   0   0   0   0   0   0   0   0   0   0  11  0.46 0.06
  309 G     0  -3  -1  -2  -3  -2  -3   6  -2  -4  -4  -2  -3  -4  -3  -1  -2  -3  -3  -4    0   0   0   0   0   0   0 100   0   0   0   0   0   0   0   0   0   0   0   0  1.22 0.07
  310 L    -1  -2  -3  -4  -1  -2  -3  -4  -3   1   4  -2   4   0  -3  -2  -1  -2  -1   1    0   0   0   0   0   0   0   0   0   0  73   0  27   0   0   0   0   0   0   0  0.40 0.01
  311 L    -2  -2  -4  -4  -1  -2  -3  -4  -3   2   4  -3   2   0  -3  -3  -1  -2  -1   1    0   0   0   0   0   0   0   0   0   0 100   0   0   0   0   0   0   0   0   0  0.45 0.00

                      K         Lambda
Standard Ungapped    0.1293     0.3122
Standard Gapped      0.0376     0.2670
PSI Ungapped         0.1228     0.3175
PSI Gapped           0.0376     0.2670
