
Last position-specific scoring matrix computed, weighted observed percentages rounded down, information per position, and relative weight of gapless real matches to pseudocounts
            A   R   N   D   C   Q   E   G   H   I   L   K   M   F   P   S   T   W   Y   V   A   R   N   D   C   Q   E   G   H   I   L   K   M   F   P   S   T   W   Y   V
    1 L    -2  -2  -4  -4  -1  -2  -3  -4  -3   2   4  -3   2   0  -3  -3  -1  -2  -1   1    0   0   0   0   0   0   0   0   0   0 100   0   0   0   0   0   0   0   0   0  0.48 0.01
    2 G     0  -3  -1  -2  -3  -2  -2   6  -2  -4  -4  -2  -3  -4  -2  -1  -2  -3  -3  -4    0   0   0   0   0   0   0 100   0   0   0   0   0   0   0   0   0   0   0   0  1.15 0.04
    3 L     1  -2  -3  -3  -1  -2  -2  -2  -3   2   2  -2   1  -1   3  -1  -1  -3  -2   2   17   0   0   0   0   0   0   0   0   6  30   0   0   0  17   0   0   0   0  30  0.28 0.02
    4 R    -1   4  -1  -2  -3   0  -1  -3  -1  -1  -1   2   2  -2  -2  -1   1  -3  -2   0    0  47   0   0   0   0   0   0   0   0   0  17  11   0   0   0  12   0   0  12  0.38 0.07
    5 R    -1   4  -1  -2  -3   0  -1  -2  -1   0  -2   2  -1  -3  -2   2   0  -3  -2   0    0  37   0   0   0   0   0   0   0   9   0  17   0   0   0  30   0   0   0   6  0.35 0.09
    6 A     0   4  -1  -2   0   2   1  -2  -1  -3  -3   0  -2  -3  -2   1   0   3  -2  -2    9  37   0   0   2  15   7   0   0   0   0   0   0   0   0  18   2   6   0   3  0.39 0.10
    7 G     1  -2   5   0  -3  -1   0   1  -1   1  -2  -1  -2  -3  -3  -1  -1  -4  -3  -1   13   0  43   0   0   0   9  13   0  19   0   0   0   0   0   0   0   0   0   3  0.34 0.11
    8 V    -1  -2  -2   0  -2  -2   0  -3  -3   2   2  -2   0  -1  -3  -1   1  -3  -2   3    0   0   0   6   0   0   7   0   0   8  22   0   0   0   0   2  15   0   0  39  0.23 0.08
    9 R     0   4  -1  -1   2   3   2  -3  -1  -3  -2   2   1  -3   2  -1  -1  -3  -2  -2    6  31   0   0   5  21  12   0   0   0   0   8   7   0   9   0   0   0   0   0  0.43 0.11
   10 K     1   4  -1  -2  -4   3   0   0  -1  -4  -3   4  -2  -4  -2   0  -1  -4  -3  -3   11  28   0   0   0  17   0   5   0   0   0  36   0   0   0   3   0   0   0   0  0.56 0.15
   11 A     1  -3  -2  -1  -2  -2  -2   1  -3  -1  -1  -2   3  -3   4   0   0  -3  -3   1   14   0   0   3   0   0   0  12   0   0   0   0  16   0  27   5   5   0   0  17  0.42 0.12
   12 L    -2   2  -2  -3   2   1   0  -3  -2   1   2   0   0   2  -3  -2  -2   3  -1  -1    0  17   0   0   7  10   6   0   0  10  30   4   0  10   0   0   0   5   0   0  0.22 0.10
   13 H    -1  -1   0  -2  -3   1  -1  -1   8  -2   0   0  -2  -2  -3  -1  -2  -4   0  -1    5   0   3   0   0   7   0   3  55   0  10   5   0   0   0   4   0   0   0   6  0.76 0.21
   14 D    -2   1   3   4  -4   2   2  -2  -1  -4  -4   2  -3  -4  -2  -1  -2  -4  -3  -4    0   8  15  36   0  10  11   0   0   0   0  19   0   0   0   0   0   0   0   0  0.65 0.16
   15 P    -1  -3  -3  -1  -4   0  -2  -4  -4  -3  -1  -1  -1  -4   7   0  -2  -5  -4  -2    3   0   0   3   0   4   0   0   0   0   9   3   1   0  67   8   0   0   0   2  1.48 0.31
   16 F    -1  -1  -1   1   0   0  -1  -3   0  -1   2  -1   1   2  -3  -1   0  -1   3  -1    2   3   3   9   2   4   1   0   2   0  29   4   4  12   0   3   6   0  13   3  0.15 0.10
   17 E     0  -1  -1   2  -4   0   5  -3  -2  -3  -4  -1  -3  -4   1   0   1  -4  -3  -2    8   3   0  11   0   0  53   0   0   0   0   0   0   0   7   3   9   0   0   3  0.65 0.22
   18 D     0   2   1   3   3   1   1  -2  -2  -3  -2   0  -2  -4   3  -1  -1  -4  -3  -3   10  14   8  20   8   7  11   0   0   0   3   2   0   0  13   1   2   0   0   0  0.37 0.14
   19 G    -2   0   4  -1  -4  -1   0   4  -2  -4  -3   2  -3  -4   0  -1  -1  -4  -4  -4    0   5  30   1   0   1   7  32   0   0   1  13   0   0   4   2   2   0   0   0  0.57 0.21
   20 A     2  -1  -1   0  -2  -1   2  -1  -2  -2  -2   2  -2  -3   0   1   1  -3  -2   0   19   0   0   4   0   0  18   3   0   0   1  17   0   0   4   8  12   0   0  11  0.22 0.13
   21 L    -2  -1  -3   0  -2  -2  -1  -3  -3   0   4  -1   3  -1  -3  -2   0   1  -2   1    1   2   0   7   0   0   4   2   0   2  49   3  10   0   0   1   7   2   0  10  0.36 0.18
   22 V    -1   1   2  -1  -2   1   1  -2  -2   2  -1   0  -1  -2  -2   0   0  -3  -2   2    1   9  12   3   0   6  12   3   0  13   2   4   0   0   1   4   4   0   0  24  0.15 0.12
   23 L     0  -1  -2  -2  -2   0   0  -3   2   0   2  -1   2   3  -3   0  -2  -2  -1   0   11   2   0   2   0   3   5   1   8   3  29   2   8  14   0   6   0   0   0   3  0.19 0.14
   24 Y     0  -3  -3  -3  -3   2   1  -3  -2  -2  -1  -2   0   3   4  -1  -1  -2   4  -2    8   0   0   0   0  11   8   0   0   1   5   0   2  13  23   4   3   0  20   0  0.52 0.24
   25 E     0   1   2   2  -3   0   3  -2   1  -2  -2   1  -2  -2  -2   0   1  -4  -3  -1   11   8  10  12   0   2  26   0   3   1   4   6   0   2   0   3   8   0   0   3  0.27 0.16
   26 P     1  -1  -1  -1  -4  -1  -1  -3   1  -4  -4   0  -3  -4   6   1  -2  -4  -1  -2   15   3   2   4   0   2   2   0   5   0   0   6   0   0  45  11   0   0   3   2  0.93 0.32
   27 P    -2  -3  -2   2  -1   1   1  -1  -3  -3  -3  -2  -4  -5   6  -1   0  -5  -4  -3    3   0   1  11   1   7  11   4   0   2   1   1   0   0  47   2   5   0   0   2  1.01 0.35
   28 A     1  -1   0   1  -2   0   0  -1  -2  -1   1  -1   0  -1   0   1   0  -3   0   0   12   1   5   8   0   2   8   5   0   1  23   3   1   1   4  12   5   0   3   6  0.07 0.09
   29 I    -2   1  -2  -1  -2  -1   0  -2  -2   1   1   0   1  -1   0  -1   0   2   1   1    1   9   0   3   0   1   7   2   0  11  19   7   3   1   3   4   4   3   7  14  0.10 0.10
   30 S     0  -1   2   0  -3   0   2   0  -1  -1  -1   2  -1  -3  -1   1   1  -3  -2  -1    8   1  11   3   0   1  17   5   1   5   4  17   2   0   2  10   8   0   1   3  0.16 0.13
   31 A    -1   0   1   1  -3   1   3   0  -1  -3  -2   2  -2  -4   0   1   1  -4  -3  -1    4   4   7   5   0   5  24   5   1   0   3  13   0   0   4   8   8   0   0   6  0.25 0.16
   32 H    -1  -1  -2   0  -3  -1   1  -3   5  -2  -1   0  -1   2  -1   1   0   0   3  -1    5   3   0   7   0   0   9   1  16   2   6   6   1   8   2  11   5   1  14   3  0.25 0.17
   33 D    -2  -1  -2   4  -1   1   3  -3  -1  -1   1  -1  -2   1  -2  -2   0  -4  -3  -1    2   2   0  26   1   5  22   0   1   2  16   3   0   7   1   1   6   0   0   4  0.35 0.22
   34 L    -1   1   1   2  -1   0  -1  -2  -2   0   1   0  -1   0  -2   0   0   0   0   1    2   9   7  15   1   4   2   1   0   3  17   7   1   4   1   5   5   1   3  12  0.08 0.09
   35 I    -2  -2  -2   0  -3  -1  -2  -2  -1   0   2   0   2   3  -2  -1   0   1   0   1    1   1   1   6   0   3   1   2   1   4  22   7   5  18   2   4   5   2   1  14  0.17 0.14
   36 K     1   2   1   0  -3   1   1  -2  -2  -2  -2   4  -2   0  -1   1  -1  -4  -3  -2   11  13   5   3   0   4   8   1   0   3   4  28   0   5   2  11   1   0   0   1  0.29 0.20
   37 A     0   0   2   1  -3   0   2  -3   3  -1  -1   1   0  -1  -1   0   0  -3   0  -1    7   3  13   7   0   3  16   0   8   5   6   8   2   3   3   4   7   0   3   2  0.15 0.12
   38 D     0  -1   2   4  -4   3   2  -2  -2  -3  -2   1  -3  -4  -2   0  -2  -1  -3  -4    9   1  11  28   0  16  11   1   0   1   4   9   0   0   2   4   0   1   1   0  0.52 0.28
   39 K     0   0   1  -1  -3   0   1  -1   2  -1  -1   1  -2  -2   2   1   1  -3  -1  -1    5   6   7   2   0   4  10   5   5   4   4  10   0   1  10  12   8   0   1   5  0.13 0.10
   40 E    -2  -1  -1   2  -1  -1   4  -3  -2  -2  -3  -1  -2  -3   4   1   0  -4  -2  -1    1   2   3  11   2   0  28   1   1   2   2   3   1   1  19  11   7   0   1   5  0.46 0.26
   41 K    -1   1   1   0  -3   1   1   1  -2  -1  -1   1  -1  -2   2   1   1  -3  -2  -2    2   7   9   3   0   7   8  10   0   3   8  10   1   1   9  10   9   0   1   2  0.14 0.11
   42 L    -1   1  -2   0   1   0   1  -3   0   1   0   0   0   1   3  -1  -1  -3  -1   0    2   8   1   6   4   4   9   1   2   9  13   4   2   6  17   2   4   0   1   5  0.17 0.12
   43 P    -1  -2   1   1  -4   1   1  -1  -1  -2  -2   1  -2   1   4   0  -2  -4  -2  -2    3   0   9   8   0   7   8   5   1   2   4   8   1   8  26   7   1   0   1   2  0.39 0.21
   44 V    -1  -1  -2  -1  -3   0   1  -2  -2   1   1   1  -1  -2  -2   0  -1  -3   0   2    5   2   1   2   0   5  13   3   0  10  16   8   0   0   1   9   2   0   5  20  0.13 0.15
   45 H    -1  -1   1   1  -3   1   2  -2   3  -1  -1   0  -2   0   0   0   0  -3   0  -1    4   2   8   9   0   6  17   1   9   4   7   5   0   5   3   7   6   0   2   3  0.15 0.12
   46 V     0   0  -3  -1  -2   0  -2  -3  -1   2   1  -2   1   0  -1  -1   1  -3  -1   3    7   6   0   3   0   4   1   1   2  14  10   1   3   5   3   3  10   0   1  25  0.18 0.14
   47 V    -1   0  -1   1  -2   0   1  -2   0   0  -1   1   0   0   0   1   1  -3  -2   1    3   3   1   7   0   4  12   2   3   3   6   8   2   6   5  12  10   0   0  12  0.08 0.09
   48 V    -1  -1  -2  -1  -3   2   0  -1  -3   2   2   0   1  -2  -3  -2  -1  -3  -3   2    2   2   1   3   0  14   7   5   0  14  21   5   4   0   0   1   4   0   0  17  0.21 0.17
   49 D    -2  -3   0   4  -4   0   0  -2   2  -4  -3   0  -4  -3   5   1  -1  -2  -4  -4    3   0   4  27   0   3   4   3   5   0   2   5   0   1  29  10   3   1   0   1  0.72 0.30
   50 P    -1  -1   0   0  -4  -2  -1   0  -1  -4  -3   1  -4  -1   6   0  -2  -5  -4  -4    4   3   5   6   0   0   4   9   2   0   2   9   0   3  44   7   2   0   0   0  0.86 0.33
   51 V     0   0  -1  -1  -1   0   1   1  -1  -1   1   1   0  -1  -2   1   1  -2  -1  -1    5   6   2   2   1   4   8  14   1   3  15  10   3   3   1  10   9   0   2   2  0.07 0.07
   52 L    -2  -3   1  -3  -3  -1  -3  -2  -2   3   3  -3   2   1  -2  -3  -1  -1  -1   1    1   1   7   1   0   3   1   3   1  17  40   1   5   6   2   1   3   1   1   6  0.38 0.20
   53 S     1   2   0  -2  -3  -1  -1  -1  -1  -1  -1   1  -1  -2   1   2   1  -3  -1   0   13  13   5   0   0   1   1   2   1   4   7  10   1   1   6  16  10   0   2   7  0.14 0.13
   54 K     1   1   0   0   1   0  -1   2  -1  -2  -2   1  -2  -3   2   0   0  -3  -2  -1   16   8   5   4   4   2   2  16   1   2   2   8   0   0  10   7   7   0   1   3  0.18 0.11
   55 V    -1   0   1  -1  -3   2   0  -2   1  -1  -2   2   0   0  -2   1   2  -3   0   0    3   2   5   1   0  11   4   3   4   4   1  15   2   4   1  10  17   0   4   9  0.16 0.15
   56 L    -4  -5  -6  -7  -4  -5  -6  -3  -6   1   6  -5   1  -3  -6  -5  -2   2  -4  -1    0   0   0   0   0   0   0   2   0   5  84   0   3   0   0   0   2   3   0   1  1.49 0.55
   57 R    -3   5  -3  -4  -5  -2  -1  -5   1   1   0   3   2   1  -4  -2  -2   0   1  -3    1  36   0   0   0   0   2   0   4  10   9  17   6   6   0   1   2   1   5   0  0.59 0.32
   58 P    -3  -2  -2   2  -5  -3   1  -4  -3  -4  -2  -1  -3  -5   7   0  -2  -2  -3  -3    1   2   1  14   0   0  10   1   0   0   5   4   0   0  52   6   1   1   1   1  1.22 0.47
   59 H    -5  -4  -2  -5  -6  -4  -3  -6   8  -5  -3  -2  -4   2  -6  -5  -4  -2   7  -3    0   0   2   0   0   0   2   0  35   0   3   2   0   8   0   0   1   0  46   1  1.90 0.63
   60 Q    -5  -3  -4  -2  -7   9  -2  -6   0  -7  -6  -3  -4  -7  -5  -4  -5  -6  -5  -6    0   0   0   2   0  95   0   0   1   0   0   0   0   0   0   0   0   0   0   0  2.78 0.92
   61 R    -2   2  -2  -3  -3   2   1  -2   2   1   2   2   0  -2  -3  -2  -2  -3  -2   0    1  12   0   0   0   9   8   2   5   7  24  18   2   0   0   1   2   0   0   7  0.26 0.19
   62 E     0   0   0   2  -3   1   3  -2   0   0  -2   2  -2  -2  -2  -1  -1  -3  -1  -1    7   4   3  11   0   6  27   2   3   6   4  13   0   1   1   1   4   0   2   4  0.25 0.14
   63 G     1  -2  -2  -2   0  -2  -2   5  -1  -2  -3  -2  -2  -1  -2   0   0  -3  -3  -1   14   1   1   2   2   1   1  47   2   3   2   1   1   2   2   6   5   0   1   5  0.56 0.21
   64 V    -1  -2  -3  -3  -1  -2  -3  -3  -2   2   3  -2   1   1  -2  -2  -1  -2  -2   3    5   1   1   1   1   1   1   2   1  12  33   1   3   5   1   2   2   0   1  24  0.36 0.16
   65 K    -1   2   4   1  -1   2   1  -1   1  -2  -2   0  -2  -2  -2   0  -1  -3  -1  -2    5  10  26   5   1   9   8   3   2   3   4   6   1   2   1   6   3   0   2   2  0.27 0.15
   66 F    -4  -3  -2  -4  -4  -3  -2  -4  -1  -3  -3   0  -3   6  -4  -4  -2  10   0  -4    1   1   2   1   0   1   3   1   1   1   1   8   0  34   1   1   3  35   2   1  1.68 0.48
   67 L    -1  -4  -4  -4  -3  -3  -4  -4  -4   1   4  -4   6  -2  -4  -3  -3  -3   0   2    5   1   1   1   0   0   1   1   0   6  43   1  21   0   1   1   1   0   4  13  0.79 0.32
   68 W     1  -1  -2  -3  -1  -2  -2  -2  -1   1   0  -1  -1   2  -3  -1  -1   5   3   1   17   4   1   1   1   1   1   3   1  10   7   3   0   7   1   5   3   8  14  13  0.26 0.15
   69 D     0   1   2   1  -2   0   1   0   2  -2  -2   0  -1   0  -2   1  -1  -3  -1  -2    6   8  10   9   1   4  10   8   7   2   4   6   1   5   1  14   2   0   2   1  0.13 0.09
   70 C    -1   0   3  -2   3  -1  -1  -2   0   0   2   0   0  -1  -1  -1  -1  -3   0   0    5   5  19   1   8   2   4   1   2   6  22   4   2   1   3   4   2   0   4   6  0.16 0.13
   71 V    -1  -1  -2  -2  -2  -1   0   0   2   0   0  -1   1   2  -3  -1  -2   4   4   1    5   4   1   2   1   2   8   6   6   4  10   3   4   7   1   3   1   7  17   9  0.21 0.14
   72 T     0   2   1  -1   1  -1   0   0   0  -1   0   0   0  -1  -2   0   1  -2   0   0   10  14   8   1   3   1   7   7   2   4   7   3   2   3   1   8   8   0   3   7  0.05 0.05
   73 G     0   0   0   0  -2   0   0   2  -1  -2  -1   1  -1  -1   1   0   0   0   0  -1   10   5   3   7   1   3   7  20   1   1   5   8   1   2   6   6   4   2   4   5  0.11 0.06
   74 R    -1   3  -1  -1  -1   1   0  -1   0  -1  -1   1   0  -1   0   0   0  -2  -1  -1    3  21   2   3   1   7   6   5   2   2   8   9   4   2   5   6   7   0   3   5  0.12 0.08
   75 R    -1   2   0   0  -2   0   1   0   0  -1  -1   1  -1   0  -1   1   0  -2   0  -1    3  17   2   4   1   3  10   6   2   5   7   8   1   6   1  11   5   0   4   3  0.08 0.06
   76 I     0   0   0  -1  -2   0   0   1  -1   0   0   0   0   0   1   0   0   1   0   0    5   5   4   2   0   4   6  11   1   7  14   6   2   6   6   7   5   2   2   4  0.02 0.02
   77 E     0   1   0   1  -2   1   1  -1   0   0  -1   1   0  -2   0   1   0  -2   0  -1    5  10   2   8   0   4  14   5   3   6   5   7   3   1   4  10   4   0   3   5  0.08 0.04
   78 N    -1   1   3   0   0   2   0  -1   2  -1  -2   2  -1  -1   1   0  -1  -3  -1  -2    2  10  18   2   2  10   5   4   6   7   3  13   1   2   6   4   2   0   2   0  0.18 0.12
   79 S     0   0   1   1   0   0   0   2   1  -1  -1   0  -1  -1   0   1   0  -3  -2   0    7   5   7   7   2   3   4  17   4   3   3   8   1   2   4  12   2   0   0   9  0.08 0.04
   80 Y    -1   0   0  -1  -1  -1  -1   1   1   0   1   0   0   0   0   0   0  -2   0   0    2   8   5   3   1   2   2  15   4   9  17   5   2   3   5   6   5   0   2   3  0.03 0.03
   81 G     0   2   2  -1  -3  -1  -1   4   0  -3  -2   0  -2  -3   1   0  -1  -3  -3  -3    4  15  14   3   0   2   1  36   2   1   3   2   0   0   8   8   1   0   0   1  0.39 0.13
   82 C     0  -3  -2  -3   7  -3  -3   3  -3   0  -1  -3  -1  -3  -3  -1  -1  -3  -2   1    7   0   0   0  29   0   0  32   0   3   6   0   1   0   0   1   2   0   2  15  0.57 0.18
   83 I    -2  -3  -4  -4  -1  -3  -3  -4  -3   5   2  -3   1   0  -3  -3  -2  -3  -2   2    1   1   0   1   1   0   1   1   0  53  22   1   3   2   1   1   1   0   0  11  0.59 0.18
   84 M    -2  -3  -4  -4  -2  -3  -3  -4  -3   2   5  -3   2   0  -3  -3  -2  -2  -2   1    1   1   0   1   0   0   1   1   0  12  68   1   5   2   1   1   1   0   0   6  0.65 0.20
   85 A     4  -2   0  -2   1  -2  -2   1  -2  -1  -2  -2  -1   1  -2   1  -1  -2   1   0   50   1   5   1   2   1   1   7   0   2   2   1   1   7   1   8   1   0   5   5  0.30 0.14
   86 D    -2  -2   0   6  -1   0   0  -1   5  -3  -2  -2  -2  -1  -2  -1  -2  -1  -2  -3    1   1   1  54   2   2   2   3  19   1   4   1   1   2   1   2   1   1   0   1  0.75 0.21
   87 E    -1  -1  -1   2   0   1   4  -1  -1  -2  -3   0  -2  -3   0  -1   0  -3  -1  -3    4   2   0  14   2   6  46   5   0   2   1   3   0   0   3   3   4   0   2   1  0.46 0.16
   88 M    -1  -3  -3  -3   0  -1  -3  -3  -3   0   0  -2   7  -2   1  -1   1  -3  -2   1    2   0   0   0   2   1   0   1   0   2   2   0  54   0   7   4   9   0   0  12  0.73 0.27
   89 G     0  -4  -2  -3  -4  -3  -4   7  -4  -5  -5  -3  -4  -5  -4  -2  -3  -4  -5  -5    5   0   0   0   0   0   0  95   0   0   0   0   0   0   0   0   0   0   0   0  1.73 0.34
   90 L     0  -3  -4  -4   2  -3  -3  -4  -3   0   4  -3   2   0  -3  -1   0  -3  -1   0    8   0   0   0   6   0   0   0   0   0  63   0   4   4   0   5   5   0   1   4  0.49 0.18
   91 G    -2  -4  -2  -3  -4  -4  -4   7  -4  -6  -6  -3  -5  -5  -4  -2  -3  -4  -5  -5    0   0   0   0   0   0   0 100   0   0   0   0   0   0   0   0   0   0   0   0  1.90 0.36
   92 K    -3   0  -2  -3  -5   0  -1  -3  -3  -5  -4   7  -3  -5  -3  -2  -3  -5  -4  -4    0   0   0   0   0   0   0   0   0   0   0 100   0   0   0   0   0   0   0   0  1.61 0.39
   93 T    -2  -3  -2  -3  -3  -2  -3  -3  -4  -2  -3  -2  -2  -4  -3   1   7  -4  -3   0    0   0   0   0   0   0   0   0   0   0   0   0   0   0   0   5  91   0   0   4  1.36 0.37
   94 L    -1   0  -3  -4   2  -2  -3  -4  -3   3   2  -2   1   0  -3  -2  -1  -3  -1   2    6   8   0   0   5   0   0   0   0  33  25   0   2   2   0   0   1   0   1  15  0.32 0.12
   95 Q    -1  -1  -1  -1  -2   4   2  -2  -1  -1  -1  -1   0  -3  -2   0   2  -3  -2   0    4   0   0   1   0  36  12   2   0   2   5   1   3   0   1   7  20   0   0   7  0.36 0.15
   96 C     2  -2  -1  -2   2  -1  -1   1  -2   0  -1  -1   0  -2  -1   1   2  -2  -2   1   25   1   1   1   5   1   1   8   0   5   3   1   3   1   1  10  19   0   1  13  0.16 0.07
   97 I     0  -3  -3  -3   0  -2  -3  -2  -3   4   2  -2   1  -1  -2  -2  -1  -2  -1   2    6   1   1   1   2   1   1   3   0  44  14   1   4   1   1   2   1   0   2  16  0.32 0.11
   98 T     2  -1   0  -2   1  -1  -1   0  -1  -1  -2  -1   0  -1  -1   2   2  -2   1   0   29   2   3   1   3   1   1   4   0   2   1   2   3   2   1  20  15   0   6   4  0.19 0.09
   99 L     0  -2  -3  -3  -2  -2  -2  -3  -2   2   3  -2   1   3  -2  -2  -1  -1   1   1   10   1   1   1   0   1   1   1   0  16  34   1   3  17   1   1   2   0   3   7  0.25 0.08
  100 I     1  -2  -3  -3   1  -2  -2  -3  -3   2   3  -2   2   0  -2  -1  -1  -2  -1   1   13   1   0   1   3   0   3   1   0  17  35   1   8   3   1   2   2   0   0  11  0.23 0.09
  101 W     3  -2  -1  -1   2   0  -1  -1   2  -2  -1   0  -1   0  -3   1  -1   2   1  -2   35   1   2   3   5   4   3   3   6   1   6   5   1   3   0   9   3   4   6   1  0.24 0.18
  102 T     0  -2   0  -3  -3   0  -1   1   3  -2  -2  -1  -1   1  -3   1   2  -1   4  -2    8   1   3   0   0   3   2   9   9   2   1   2   1   4   0  14  18   1  18   1  0.31 0.20
  103 L    -2  -3  -1  -2  -3  -1  -3  -3  -1   1   4  -3   3   1  -4  -3  -2  -3   2   1    3   0   4   2   0   3   1   1   2   7  49   1   7   4   0   0   1   0   7   8  0.47 0.23
  104 L     0   1  -2  -3  -2  -1  -2  -2  -1   2   1   2   1   1  -3  -1  -1   0   2   0   10   9   1   1   0   2   1   1   2  14  15  17   3   7   1   4   1   1   8   4  0.13 0.11
  105 K    -1   0   1   1   1   0   1  -2   2   0   0   2  -1  -1  -2  -1  -1  -2   0  -1    5   5   6   6   4   3  13   2   6   6  12  15   1   2   0   3   3   0   4   2  0.08 0.08
  106 Q    -1   1   1   0   0   2   1  -2   3  -1  -1   1  -1  -1  -2   2   0  -3  -1  -1    3   8   6   4   2  11   9   1   8   5   5   7   1   2   1  18   4   0   2   4  0.14 0.11
  107 S    -1   1   1   0  -1   1   0   1   1  -2  -1   1  -1   1  -1   0   0   3   1  -2    2   7   7   4   1   7   6  12   4   2   5  10   1   7   1   7   4   5   6   1  0.09 0.07
  108 P    -1   1   2  -1  -2   1  -1   1   1  -2  -2   0  -2  -1   4  -1  -1  -2   1  -2    5   7  11   3   1   9   3  10   3   2   5   5   0   2  21   4   3   0   5   2  0.28 0.13
  109 D    -1   0   1   0  -1   1   0   0  -1   1   0   0   0  -1  -1   0   0  -2  -2   0    4   6   9   6   2   6   7   6   1  10  13   4   2   2   2   7   5   0   1   6  0.03 0.05
  110 C     0   1  -1  -1   2   0  -1  -1   0  -1   0   1   0   0   0   0   0   6   0  -1    6   7   3   2   5   3   4   4   2   3  10   8   2   3   5   6   7  12   3   2  0.19 0.12
  111 K     0   0  -1   0  -2  -1   0   3  -1  -1  -1   2  -1  -2  -1   1   0  -2  -2  -2    6   4   3   5   1   2   4  28   1   4   5  14   1   2   3  10   6   0   1   2  0.23 0.14
  112 P    -1  -1  -1  -1  -3  -1   0   1  -2  -2  -1  -1  -2  -1   5   0   0  -3  -1  -2    3   4   3   3   1   2   5  10   1   3   7   3   1   3  35   6   6   0   2   3  0.52 0.22
  113 E     0   1   0   0  -2  -1   0  -1   4   0   0   0   0  -1   0   0   0  -2  -1  -1    8  11   3   4   1   2   5   5  12   5   9   4   2   2   4   8   7   1   2   4  0.08 0.07
  114 I     1  -1  -1  -1   0   0  -1   0   0   1   0   0   0   0   0   0   0  -1   0   1   16   3   2   2   2   3   3   7   3  10   8   4   3   6   4   6   4   1   3  10  0.02 0.03
  115 D    -1   0   1   0  -1   0   1   0   0  -1  -1   3  -1  -1  -1   0   0  -1   0  -1    4   4   6   4   2   4   8   8   2   3   6  21   1   2   3   8   4   1   5   5  0.10 0.07
  116 K    -1   2   0  -1  -1  -1   0  -1   0  -1  -2   3  -1  -2   2  -1   1  -2  -1  -2    4  13   4   3   2   2   4   5   2   3   3  20   2   1  11   4  12   0   2   3  0.22 0.13
  117 V     0  -3  -3  -3   2  -3  -3  -2  -1   1  -1  -3  -2   3  -2  -1   3  -3   0   2   10   1   1   1   4   1   1   2   1   9   5   1   0  14   2   4  23   0   2  18  0.36 0.24
  118 I    -5  -6  -7  -7  -5  -6  -6  -7  -2   3   6  -6   2  -3  -6  -6  -5  -5   0  -1    0   0   0   0   0   0   0   0   1  13  75   0   4   0   0   0   0   0   3   3  1.60 0.68
  119 V    -3  -6  -7  -7  -2  -6  -6  -7  -7   6  -1  -6  -3  -4  -6  -6  -4  -6  -1   5    2   0   0   0   1   0   0   0   0  47   4   0   0   0   0   0   0   0   2  43  1.65 0.69
  120 V    -3  -6  -6  -6   0  -5  -3  -6  -6   4   3  -6   0  -2  -6  -3  -3  -6  -4   5    2   0   0   0   2   0   2   0   0  25  23   0   2   2   0   1   1   0   0  41  1.09 0.51
  121 S     3  -5  -5  -1   6  -5  -5  -3  -5   0  -2  -5   0  -5  -5  -1   1  -6  -5   5   21   0   0   3  16   0   0   2   0   3   2   0   2   0   0   4   8   0   0  38  0.91 0.49
  122 P    -5  -1  -4  -6  -7  -6  -6  -6  -6  -7  -7  -1  -7  -8   8  -4  -1  -8  -7  -4    0   4   1   0   0   0   0   0   0   0   0   3   0   0  84   1   4   0   0   1  2.68 1.02
  123 S     1  -2   0  -2  -3  -2   0  -2  -2  -2   1   2   2  -3  -2   2   1  -4  -3   0   11   0   4   2   0   0   7   2   1   0  16  15   6   0   2  16  10   0   0   7  0.22 0.22
  124 S     1  -3   1  -3  -1  -3  -2  -2  -4  -2  -5  -3  -1  -5  -2   6   2  -5  -4  -2    8   1   6   0   1   0   2   2   0   3   1   1   1   0   1  54  13   0   0   2  0.94 0.53
  125 L    -2  -4  -1  -4  -4  -4  -4  -5  -4   1   4  -4  -2  -3  -4  -2   3  -4  -4   3    2   0   3   0   0   0   1   1   0   6  41   0   0   0   0   2  21   0   0  21  0.76 0.41
  126 V    -1   0  -4  -5  -2   1  -4  -5  -1   3   4  -2   3  -3  -5  -4  -2  -4  -4   2    4   5   0   0   1   7   0   0   1  17  37   2   8   0   0   0   1   0   0  13  0.62 0.35
  127 R    -1   0   1   1  -3   1   1  -1   5  -2  -1   1  -1  -1   0   0   0  -1   0  -2    3   5   6   7   0   5   8   4  16   3   6   7   2   3   5   9   6   1   2   1  0.19 0.16
  128 N    -1  -3   6  -3  -5   6  -2  -3   2  -4  -5  -2  -3  -6  -1  -2   0  -6  -5  -4    4   0  37   0   0  33   1   1   5   1   1   2   1   0   3   2   6   0   0   1  1.23 0.61
  129 W    -6  -7  -7  -7  -6  -6  -7  -6  -6  -6  -4  -7  -6   1  -7  -7  -6  13  -3  -7    0   0   0   0   0   0   0   0   0   0   2   0   0   6   0   0   0  87   0   0  4.46 1.36
  130 Y     0   1  -3  -3  -2   1   2  -4   0  -1   1   2   2  -2  -2  -2   0  -3   0   0    6   9   0   0   1   7  16   0   2   3  18  12   5   1   1   1   6   0   4   7  0.21 0.20
  131 N    -1   2   3   2  -4   2   0  -2   0  -2  -2   1   0  -2  -3   0   0  -4  -1   0    5  12  16  10   0   9   6   2   2   1   3   7   2   2   0   8   4   0   2   8  0.21 0.18
  132 E    -2  -4  -2  -2  -6   2   7  -5   0  -6  -6  -3  -5  -6  -5  -3   0  -6  -5  -4    3   0   2   1   0   8  73   0   2   0   1   0   0   0   0   1   6   0   0   1  1.72 0.76
  133 V     0  -5  -4  -5  -2  -5  -5  -5  -4   3   2  -2   3   6  -5  -4  -3  -3  -2   0    7   0   1   0   1   0   0   0   0  20  19   2   7  33   0   0   1   0   0   7  0.89 0.42
  134 G     0   1   1   0  -2   1   2  -2   0  -1   0   2   0  -3  -3   0   0  -4  -2  -1    6   7   7   6   1   6  16   2   2   3  13  13   3   0   0   6   5   0   1   3  0.15 0.14
  135 K    -2   4   0  -2  -1   0  -1  -4  -2  -2  -1   5   2  -3  -4  -1   1  -4  -2  -3    3  20   4   2   1   4   3   1   1   2   6  35   5   1   0   3   8   0   1   1  0.61 0.35
  136 W    -2   0  -3  -5  -3  -2  -4  -3   3  -3  -1  -2   0   5  -5  -4  -4  10   2  -3    4   6   1   1   1   1   1   2   6   1   5   2   2  19   1   1   1  38   5   2  1.59 0.59
  137 L     2  -3  -1  -3   4  -1  -2  -3  -3   0   1  -2  -1   1  -3   0   2   0   0   1   18   1   3   1  10   3   1   1   0   4  15   2   1   7   1   6  12   1   3   9  0.22 0.18
  138 G    -2  -2   2   0  -2  -1  -1   1   1  -3  -4   0  -2  -3   6   0  -2  -4  -2  -2    2   2  10   5   1   3   3   9   3   1   1   6   1   1  39   6   2   0   1   4  0.76 0.36
  139 G    -1  -1   1   2  -3  -1   0   2  -1  -1   0  -1   0  -3   1   2  -1  -3  -3  -1    2   2   6  12   0   3   6  15   2   3  11   3   2   1   6  20   3   0   1   3  0.18 0.15
  140 R    -1   1   0   0  -2   0   0  -1   0   0   1   0   1   2  -1   0   0  -2   0  -1    3  11   6   5   0   4   6   3   2   7  15   5   3  10   2   6   5   0   2   3  0.05 0.07
  141 V    -1   0   1  -1  -1  -1  -1  -2   0   1   1  -1   1   1  -1   0  -1  -2   0   1    4   5   8   2   1   2   5   3   3  10  15   4   5   8   3   6   3   0   4  10  0.04 0.06
  142 Q    -1   0   1   0  -1   0   0  -2   1   0   0   2   0   0  -1   0   0  -2   0   0    4   5  10   5   1   3   4   2   4   7   9  15   2   5   2   7   4   0   3   6  0.06 0.07
  143 P     0   1   0  -1   1   0  -1  -3  -1   1   0   1  -1  -1   1   0   0  -1  -1   1    5   8   4   4   4   4   3   1   1  10  11  10   0   3   6   6   5   1   2  15  0.06 0.08
  144 V    -2  -2  -1  -4   2  -3  -1  -4  -2   3   0  -1  -2   2  -3  -2   0  -3   2   3    1   2   3   0   5   0   4   1   1  18   9   4   0   9   1   3   4   0   7  26  0.36 0.24
  145 A     0  -1   0  -1   0   0  -1  -1   0   1   1   0   1   0   0   0   0  -1   1   1    9   1   6   2   2   3   3   3   2   7  17   5   3   4   5   4   7   1   7   9  0.04 0.06
  146 I    -2  -2  -1  -2   0  -2  -2  -1   1   2   1  -2   0   2  -2  -1  -1  -1   4   1    1   1   3   3   2   1   2   4   3  13  16   2   2   9   2   5   4   1  17   8  0.23 0.17
  147 D    -2  -2  -1   1  -2  -2  -1  -3   4   0  -1  -2  -1   2  -2  -1  -2   3   5   0    4   1   3  11   1   1   5   2  10   6   7   2   2   7   1   4   2   4  22   6  0.39 0.24
  148 G    -1  -2   0  -1  -3  -1  -1   3   3  -2  -2   0  -3   0  -3  -1   0  -2   4  -1    3   1   4   3   0   3   3  26   6   2   3   7   0   4   1   4   6   0  17   5  0.34 0.23
  149 G     0  -2   1   1  -1  -1  -2   4  -2  -3  -3  -1  -1  -3   0   1   0  -3   2  -2    6   2   5   8   2   2   1  31   1   1   2   3   1   0   4  13   7   0   8   2  0.36 0.23
  150 S     0  -1   1   2  -2  -2   1   0  -2  -2  -2  -1  -1  -3   0   3   1  -4  -2  -2    7   2   8  11   1   1   8   8   1   2   5   2   1   1   5  26   7   0   1   3  0.25 0.20
  151 K    -1   2   1   1  -3   1   0  -2   0  -2  -2   2  -1   0   1   1   0  -3   0  -2    4  13   6   6   0   7   6   2   2   2   4  16   2   4   6   9   5   0   3   2  0.19 0.15
  152 D    -1   1   0   3  -2   1   1  -2  -1  -2  -2   1  -3  -1  -2   0   0  -4  -2  -1    6   6   4  19   1   8  11   2   1   3   4  10   0   3   2   8   7   0   1   6  0.21 0.16
  153 E    -1   3   1   2  -4   0   3  -3  -2  -1  -2   0   1  -4  -2   0   0  -4  -2  -1    4  14   6  13   0   3  24   2   1   4   4   5   3   0   2   7   5   0   1   4  0.34 0.24
  154 I    -1   3   0   1  -2  -1   1  -3   0   1   0   1   0   0  -1  -1  -1  -3  -2   0    4  20   3   8   1   2   9   1   2   9   9   7   3   4   3   3   4   0   0   6  0.15 0.14
  155 D    -1   2   0   2  -2   0   1  -2   1   0  -1   1  -1  -3  -2   1   1  -4  -2  -1    4  13   5  15   1   3   8   2   3   6   5  10   1   0   2   9   8   0   1   4  0.19 0.15
  156 S     0   2   1   0   0   1   1  -2   1   0  -1   1  -1  -1  -1   1  -1  -3  -1  -1    9  10   6   5   3   5   8   1   3   7   7  10   1   3   2  11   3   0   2   4  0.08 0.09
  157 K     0   1   1   0   1   0   0  -2   0   0  -1   3  -1   0  -1  -1  -1  -2   0  -1    8   9   7   4   3   4   6   2   2   5   7  20   1   4   3   3   2   1   4   5  0.11 0.11
  158 L    -2   1  -1  -1  -2   0   1  -3   0   1   2  -1   0   1  -3  -1  -1  -2   0   0    3  10   3   4   1   4  12   2   2   9  24   3   2   6   1   3   3   1   4   7  0.14 0.14
  159 V    -1   1   1   0   1   2   1  -2   1   0  -1   1   0   0  -2   0  -1   0   1  -1    5   9   6   4   3   9  11   2   4   6   6   7   2   5   1   6   1   2   6   4  0.08 0.09
  160 N     0   1   2   0  -2   0   2   0   0  -3  -3   1  -3  -2  -1   1  -1  -3  -1  -2    8   9  12   6   1   4  16   7   2   1   1   8   0   2   3  11   2   0   2   3  0.23 0.18
  161 F    -2  -2  -1  -1  -2  -1  -2  -3  -1   1   0  -2   0   5  -2  -2  -1   5   3   0    4   2   3   3   1   3   2   1   1  10   8   3   2  23   2   4   3   9   9   5  0.44 0.24
  162 I     0   0   0   0   0   0   0  -2   0   1   1   0   0   0  -1   0   0   2   1   0    8   3   4   5   3   3   6   2   3  10  13   6   2   4   2   5   8   4   5   5  0.02 0.03
  163 S     0   0   1   2  -1   1   0  -1   1  -1  -1   1   0  -1  -2   1   0  -2  -2  -1    7   4   8  14   1   6   5   3   3   3   6  11   3   3   1  13   4   1   1   4  0.14 0.12
  164 Q     0   1   1   1  -3   1   1  -1   0   0  -2   1  -1  -1   1   1  -1  -3  -2  -1    6   9   8  10   0   6   8   4   2   5   4   7   1   3   8   9   3   0   1   4  0.12 0.09
  165 Q    -1   0   2   1  -3   2   0  -1   1  -2  -2   3  -2  -1  -1   0   0   0   1  -2    6   5   9   7   0  11   6   4   4   3   3  17   0   3   2   5   6   1   6   2  0.19 0.15
  166 G    -1   0   2   1  -2  -1   0   1  -1  -1  -1   0  -1  -2  -1   1   1  -2   0  -1    3   4  12   9   0   2   4  12   1   4   8   6   1   2   3  13   7   0   3   3  0.11 0.10
  167 M     0   1   0  -1   0   0   0  -1   0   0   0   1  -1   1   1  -1   0   3   0   0    7   9   5   4   2   3   4   4   2   7   7   9   1   6   7   4   6   5   2   6  0.05 0.04
  168 R     0   1   1   0  -1   0   0  -1   1   0   0   0   0   1   1   0   0  -2  -1   0    6   8   7   5   1   5   5   3   4   8   8   5   2   9   8   5   4   0   1   7  0.04 0.04
  169 I     0  -1   0  -1  -1  -1   0  -1  -1   1   0   0   1   0  -1   0   1   0   1   1    7   3   5   3   1   2   6   4   1   9   9   5   3   4   3  10   8   1   7   9  0.03 0.04
  170 P     0   0   0   1  -1   0   0   0   0  -2  -2   2  -2  -1   2   0   2  -3  -1  -2    7   4   3   8   1   3   7   6   2   3   3  15   1   3  12   4  14   0   2   2  0.19 0.13
  171 T    -1  -2  -1  -2   2  -1  -1  -1  -1  -2  -2   0  -2   5   0   0   2  -1   2  -2    5   2   2   2   5   2   4   5   1   2   3   7   0  25   6   8  12   1   6   2  0.32 0.21
  172 P    -3  -1   3   3  -4   2   0  -1   5  -4  -3  -1  -2  -3   0   1  -1  -4   0  -4    1   3  14  15   0   8   6   5  14   1   3   3   1   1   5  11   4   0   4   1  0.44 0.27
  173 I    -2  -5  -3  -5  -3  -3  -5  -4  -5   4   0  -4  -2  -1  -5  -3  -4   1   0   6    3   0   2   0   1   2   1   1   0  21   9   1   0   2   0   2   1   2   4  48  1.01 0.47
  174 L    -1  -4  -2  -4   3  -4  -4  -4  -2   2   3  -4   2   1  -4  -2  -1  -4  -1   3    5   1   2   1   7   0   1   1   1  11  32   1   5   5   1   2   4   0   2  19  0.52 0.28
  175 I    -2  -5  -5  -5  -2  -5  -5  -4  -5   6   2  -5  -1  -1  -5  -3  -2  -5  -2   3    3   1   0   1   1   0   1   2   0  43  21   1   1   2   1   3   2   0   1  17  1.01 0.45
  176 I    -1  -4  -3  -3   3  -4  -4  -3  -4   3  -1  -3   2  -4  -4   0   6  -5  -3   1    4   1   1   2   5   0   1   2   0  14   6   1   5   0   1   5  44   0   1   8  0.83 0.45
  177 S    -1  -4   1  -4  -1  -4  -3   0  -1  -4  -4  -4  -4  -5  -4   5   5  -5  -4  -3    5   1   7   1   1   1   1   7   2   1   1   1   0   0   1  38  31   0   0   2  0.99 0.53
  178 Y    -3  -5  -5  -5  -5  -5  -5  -4  -1  -2   0  -5  -2   3  -3  -2  -4  -3   9  -3    3   1   1   1   0   1   1   1   1   2   8   1   1   9   2   3   1   0  63   1  1.92 0.75
  179 E    -3  -1   3   3  -5   3   4   0  -1  -5  -5  -1  -4  -5  -3   0  -1  -5  -3  -4    1   3  11  17   0  12  28   8   1   1   1   3   0   0   1   7   4   0   1   1  0.67 0.39
  180 T    -2  -2  -2  -1  -1  -1  -2  -2  -1   1   1  -1   5   1  -4  -2   2   2   1   0    2   2   2   4   1   3   2   3   1   8  16   4  15   5   0   3  14   3   6   7  0.26 0.21
  181 F    -1  -4  -1  -2   0  -2  -4  -2  -3   2   3  -3   1   2  -3  -3  -3  -4   1   3    6   0   3   2   2   2   0   3   1  13  30   2   3   8   1   1   1   0   5  18  0.41 0.25
  182 R    -1   4  -1  -2  -1   0   0  -3  -2   1   1   0   0  -1  -3  -1   0  -5  -4   1    4  26   2   2   1   4   7   1   1   7  14   4   2   2   1   4   6   0   0  12  0.29 0.24
  183 L     0   3   1  -2  -4   0  -2  -3  -1   0  -1   3   0  -2  -3   2   0  -1  -2  -2    6  14   7   2   0   4   1   1   1   6   6  23   3   2   1  15   4   1   1   2  0.31 0.26
  184 H    -2  -1   1   5  -2  -2   1  -2   3  -2  -2  -1  -1  -1  -4   0  -2  -5   1  -2    2   3   6  35   1   1   8   2   8   3   5   3   2   3   0   7   2   0   4   3  0.55 0.34
  185 A     1   1   0  -1   0   1   0  -1   0   0  -1   2   0  -2  -1   0  -1  -1   1   0   12   9   3   3   2   7   6   4   3   8   5  12   3   0   2   8   1   1   5   5  0.08 0.11
  186 E     0   1   1   2  -5   1   1  -1   0  -4  -4   2  -4  -2   0   2   0  -5  -4  -4    8   8   7  13   0   7  10   4   2   1   1  13   0   2   4  15   5   0   0   0  0.34 0.27
  187 V     1   1  -1  -1  -2   1   0  -1  -1   1   0   0  -1   1   0   0  -1   1   1   0   12   8   2   3   0   7   5   5   1  10   7   7   1   7   4   4   3   2   5   8  0.04 0.07
  188 L    -3  -6  -3  -4  -5  -6  -6  -4  -3   1   5  -5  -2   4  -5  -6  -5  -2  -1   0    2   0   1   1   0   0   0   1   1   8  57   1   0  19   1   0   0   0   2   5  1.21 0.58
  189 H    -1   2   1  -1   1   1   0  -1   1  -2   0   2  -2   1  -3   1  -1  -4  -2  -3    4  10   8   2   4   7   4   6   3   2   9  16   1   8   1  12   3   0   1   1  0.17 0.18
  190 K    -1   3   2   0  -3   2  -1  -1   1  -5  -3   4  -3  -5  -2   2  -1  -5  -4  -3    5  17   9   4   0   7   4   5   3   0   2  22   1   0   2  13   2   0   0   1  0.47 0.31
  191 G     0   0  -2  -2  -1   0  -2  -2  -2   2   0   0   2   1  -1  -1   0   1   1   1    8   5   1   1   1   5   2   3   0  16  10   7   5   7   3   2   5   2   5  11  0.11 0.11
  192 K    -3   1   3   2  -5   0   3   0   2  -5  -4   3  -4  -5   1   0  -1  -5  -3  -4    1   7  12  10   0   3  17   7   5   0   1  19   0   0   7   6   3   0   1   1  0.46 0.31
  193 V    -5  -3  -1  -4  -3  -6  -6  -4  -6  -3  -3  -6  -5   5   1  -6  -4  11   0  -2    1   2   4   1   1   0   0   2   0   1   3   0   0  20   7   0   1  51   2   3  2.45 0.94
  194 G     0   0   1   3  -1   1  -1   2   1  -3  -1   1  -3   0  -4   0  -2   0   0  -3    7   4   6  21   1   7   2  15   3   1   6   8   0   4   0   5   2   1   4   1  0.26 0.21
  195 L    -3   2  -5  -6   3  -4  -5  -6  -2   1   3  -4   2   1  -6  -5  -2  -4   5   1    2  13   0   0   6   0   0   0   1   6  28   0   4   6   0   0   3   0  21   8  0.76 0.42
  196 V    -2  -6  -7  -7   0  -6  -6  -7  -6   4   3  -6   5   0  -6  -5  -4  -6  -2   4    3   0   0   0   2   0   0   0   0  25  23   0  15   4   0   0   0   0   1  25  1.12 0.53
  197 I    -4  -8  -8  -8  -1  -7  -8  -6  -8   7  -1  -8   1  -5  -8  -7  -5  -8  -6   5    1   0   0   0   1   0   0   1   0  58   4   0   3   0   0   0   0   0   0  33  1.97 0.82
  198 C    -3  -7  -7  -7   4  -6  -7  -7  -7   4   4  -6   0   0  -7  -4  -3  -6  -2   4    2   0   0   0   8   0   0   0   0  22  32   0   2   4   0   1   1   0   1  28  1.12 0.53
  199 D    -8  -8  -5   9 -10  -6  -5  -8  -7  -9 -10  -7  -9 -10  -8  -6  -7 -11  -9  -9    0   0   0 100   0   0   0   0   0   0   0   0   0   0   0   0   0   0   0   0  3.48 1.32
  200 E    -7  -3  -6  -4 -10  -4   8  -8  -6  -9  -9  -5  -8  -9  -7  -6  -7  -9  -8  -9    0   2   0   0   0   0  98   0   0   0   0   0   0   0   0   0   0   0   0   0  3.11 1.29
  201 G     5  -6  -6  -6   2  -3  -6   4  -6  -5  -6  -6  -2  -7  -6   0  -5  -7  -7   1   52   0   0   0   4   1   0  25   0   0   0   0   1   0   0   7   0   0   0  10  1.30 0.68
  202 H    -8  -6  -6  -7  -9   3  -6  -8  11 -10  -6  -7  -8  -8  -9  -7  -5  -9  -5  -9    0   0   0   0   0  11   0   0  88   0   1   0   0   0   0   0   1   0   0   0  3.96 1.42
  203 R    -1   4   4  -2  -4  -2  -3  -4   5  -2  -3   0   1  -2  -5  -1   1  -6  -1  -1    5  27  19   2   0   1   1   1  13   2   2   5   4   2   0   3   8   0   2   5  0.68 0.43
  204 L    -4  -6  -7  -7  -2  -6  -7  -7  -7   5   5  -6   1  -1  -2  -6  -5  -6  -5   2    1   0   0   0   1   0   0   0   0  34  45   0   3   2   2   0   0   0   0  11  1.34 0.59
  205 K    -2   3  -1  -4  -2  -1   1  -3  -1  -4  -4   6  -1  -5  -2  -2  -3  -5  -5  -3    4  13   2   0   1   2   8   2   1   1   1  55   1   0   2   2   1   0   0   2  1.11 0.53
  206 N    -2  -4   7   1  -2  -3  -2  -2  -4  -5  -5  -2  -3  -5  -3   2  -1   2  -5  -4    4   0  54   8   1   1   2   3   0   0   1   2   1   0   1  14   3   3   0   1  1.29 0.60
  207 S     0   2   0   0   0   0   1  -2   1  -2  -4   0   2   1   2   2  -1  -1  -3  -3    6  10   4   5   2   4   8   2   3   2   0   5   6   7  12  18   3   1   0   2  0.24 0.23
  208 D     0   0   3   1  -4   2   1   0   0  -3  -4   2  -2  -2   0   1   0  -1  -1  -2    8   6  15   7   0   9   8   8   2   1   0  11   1   2   5   9   6   1   2   2  0.23 0.19
  209 N     1  -2   1  -4   3  -3   0  -3  -3  -2  -5  -2  -3  -3  -5   5   3  -6  -2  -2   12   2   6   0   6   0   5   2   1   2   0   2   1   1   0  40  16   0   1   3  0.73 0.48
  210 Q     0   3   0  -2  -3   3   0  -3  -3  -2   0   3   2  -4  -3   0  -1  -5  -2  -2    8  13   5   1   0  12   5   1   0   2   9  22   5   0   1   8   4   0   1   2  0.36 0.28
  211 T    -1   3  -2  -4  -3  -1  -1  -4  -1   1   2  -2   0   1  -2  -1   3  -5  -3   0    5  20   2   0   0   3   5   1   2   7  21   0   1   5   2   3  17   0   0   6  0.33 0.28
  212 Y     1   0   0  -5   0  -4  -5  -1   0  -3  -2  -4  -4   1  -5   2   2   6   5  -3   10   5   4   0   2   0   0   4   2   1   4   1   0   6   0  17  13  10  22   2  0.66 0.42
  213 L    -1   3  -1  -2  -6   3   2  -3  -2  -1  -2   4   0  -4  -5  -2  -1  -6  -3  -4    4  18   3   2   0  14  15   1   1   4   4  26   2   1   0   2   3   0   1   1  0.62 0.39
  214 A     3  -4   0  -3   1  -2  -2  -2   1   0   0  -2   0   1  -4   1   1  -2  -3   2   28   0   4   1   3   1   1   2   3   5   9   2   2   6   0  10   8   1   0  13  0.28 0.25
  215 L     0  -6  -6  -7   3  -4  -6  -6  -6   2   5  -4   3  -1  -6  -4  -3  -5  -2   3    7   0   0   0   7   0   0   0   0   9  47   1   6   2   0   1   1   0   1  17  0.96 0.48
  216 N     0   0   0  -2   2  -1   1  -4   0  -1   1   2   3  -1  -4   0   1  -1   1  -1    7   4   6   2   4   1   8   0   2   3  14  15   9   3   0   5   8   1   5   3  0.17 0.19
  217 S     0   0   1  -1  -4   2   1  -1   0  -1  -1   1  -1  -3  -1   1   1  -4  -1  -1    8   4   8   3   0  12  10   5   2   3   8  10   1   0   3  11   7   0   2   3  0.15 0.15
  218 M    -3  -6  -4  -7  -5  -4  -6  -7  -3   3   4  -6   2   4  -6  -5  -4  -4   3   2    2   0   1   0   0   1   0   0   1  17  39   0   4  15   0   0   0   0   8  11  0.96 0.46
  219 N    -2   2   2  -1  -5   2   1  -4   2  -3  -1   3  -3  -5   0   1   0  -5  -2  -1    2  10   8   3   0  11   7   0   4   1   5  19   0   0   4  11   7   0   1   5  0.32 0.26
  220 A     3  -2   1  -3   4  -2  -4   0  -2   1  -3  -2  -3  -4  -1   2   3  -5  -3  -1   21   1   7   1   8   2   0   7   1   8   2   2   0   0   2  16  16   0   1   3  0.40 0.31
  221 Q    -2   3   2   0  -1   2   0  -3   2  -2  -3   3  -1  -5   2  -1   0  -5  -3  -2    2  16   9   4   1   8   6   2   4   3   2  18   2   0  10   5   4   0   0   3  0.36 0.27
  222 R    -1   4   4  -4   2  -1  -4   0   5  -5  -4   1   0  -1  -5  -3  -3  -5   2  -2    6  21  19   0   4   2   0   7  13   0   1   8   2   3   0   1   0   0   8   4  0.66 0.41
  223 R    -4   6  -1  -6   1  -4  -5  -6  -3   1  -3   3  -3  -6  -6  -5  -4  -7  -3   2    1  48   2   0   3   0   0   0   0   7   3  17   1   0   0   0   1   0   1  16  1.25 0.62
  224 V    -6  -7  -8  -8  -6  -7  -7  -8  -7   4   5  -7   1  -4  -7  -7  -5   7  -2   2    0   0   0   0   0   0   0   0   0  21  49   0   2   0   0   0   0  13   1  14  1.51 0.66
  225 L    -1  -6  -7  -7   5  -6  -7   1  -7   1   5  -6   0   0  -7  -6  -4  -6  -5   1    4   0   0   0  10   0   0   9   0   8  56   0   1   4   0   0   1   0   0   7  1.11 0.54
  226 I    -6  -7  -8  -9  -6  -7  -8  -9  -8   2   6  -7   2  -4  -8  -7  -6  -7  -6  -2    0   0   0   0   0   0   0   0   0  11  82   0   5   0   0   0   0   0   0   2  2.02 0.83
  227 S    -5  -6  -5  -6  -6  -6  -6  -6  -7  -3  -7  -6  -6  -8  -6   4   7  -8  -7  -6    0   0   0   0   0   0   0   0   0   2   0   0   0   0   0  30  68   0   0   0  2.21 1.01
  228 G     4  -7  -6  -3  -7  -6  -6   6  -7  -8  -8  -6  -7  -8  -7  -2  -6  -8  -8  -7   32   0   0   2   0   0   0  65   0   0   0   0   0   0   0   2   0   0   0   0  1.96 0.84
  229 T    -4  -7  -6  -7  -6  -6  -6  -7  -7  -6  -7  -6  -6  -8  -7   0   8  -8  -3  -2    1   0   0   0   0   0   0   0   0   0   0   0   0   0   0   5  90   0   1   3  2.65 1.13
  230 P    -6  -8  -7  -2  -8  -7  -7  -8  -8  -5  -3  -7  -8  -4   9  -5  -7  -9  -8  -6    0   0   0   2   0   0   0   0   0   1   4   0   0   1  91   1   0   0   0   1  3.11 1.19
  231 I    -1  -5  -5  -2  -1  -4   1  -6  -5   5   3  -5   3   0  -6  -4  -3  -5  -2   1    5   0   0   2   1   0  10   0   0  33  28   0   7   3   0   1   1   0   1   7  0.78 0.41
  232 Q    -5   1  -4  -5  -6   8  -2  -6   1  -2  -3  -1   0  -4  -3  -2   1  -6  -4   0    0   6   0   0   0  61   1   0   3   2   2   2   3   1   2   2   8   0   1   6  1.50 0.73
  233 N    -6  -3   8  -1  -7  -5  -4  -4  -4  -6   1  -3  -6  -7  -6   0  -3  -7  -6  -6    0   1  72   3   0   0   1   1   0   0  12   2   0   0   0   6   1   0   0   0  2.00 0.83
  234 D    -4   3   5   2  -6  -3  -3   2  -1  -6  -6   0  -5  -6  -5   0   1  -6  -2  -6    0  14  32  13   0   0   1  16   1   0   0   4   0   0   0   7  10   0   1   0  0.89 0.48
  235 L    -3  -3  -5  -4  -5   1  -2  -4   1   1   4  -4   2   1   3  -3  -4  -5  -4   1    2   1   0   1   0   7   3   1   3   8  39   0   5   6  13   1   0   0   0  10  0.60 0.36
  236 L    -1   0   0   2   0   2   3  -2   0  -1   0   1   1  -1  -2   0   0  -1  -3  -3    5   5   4  11   2  10  19   2   3   5   8   9   3   3   2   6   5   1   0   0  0.18 0.17
  237 E    -5  -5  -4   3  -7  -3   7  -6  -5  -7  -4  -3  -6  -7  -5   2  -1  -7  -6  -6    0   0   0  15   0   0  63   0   0   0   2   1   0   0   0  13   3   0   0   0  1.65 0.77
  238 Y    -5  -5  -6  -7  -5  -4  -6  -7   5   0   5  -4   2   2  -6  -4  -5  -5   2  -2    0   0   0   0   0   1   0   0  12   4  61   1   4   7   0   1   0   0   7   1  1.28 0.58
  239 F    -1  -6  -3  -7  -3  -4  -6  -5  -2  -1  -4  -3  -1   6  -7  -3  -3   9   5  -2    5   0   2   0   1   1   0   1   1   4   1   1   2  30   0   3   1  26  18   3  1.60 0.65
  240 S     3  -2   2  -1   2  -3  -4  -1   0  -5  -3  -4   1  -5  -1   4   1  -6  -1  -3   24   2  10   2   4   1   0   3   3   0   2   0   4   0   4  32   6   0   2   1  0.59 0.41
  241 L    -5   2  -6  -3   0   1  -5  -4  -5   1   5  -4   3  -4  -6  -5  -2  -5  -3   0    0  12   0   1   2   6   0   1   0   7  55   0   8   0   0   0   2   0   1   5  0.97 0.50
  242 V    -4  -6  -7  -7  -5  -6  -6  -7  -1   3   5  -6   3   2  -6  -6  -4  -5  -4   3    1   0   0   0   0   0   0   0   2  14  48   0   7  10   0   0   0   0   0  19  1.13 0.52
  243 H    -2   3   5   2   0  -1  -1  -1   4  -4  -5   1  -5  -4  -5  -1  -3  -1  -1  -4    4  16  29  11   2   2   3   4  11   1   0   7   0   1   0   4   0   1   2   1  0.70 0.39
  244 F    -2  -7  -7  -8  -6  -7  -7  -7  -6  -3   3  -7   1   8  -7  -6  -6   2  -1  -4    5   0   0   0   0   0   0   0   0   1  31   0   3  56   0   0   0   3   1   0  1.86 0.73
  245 V    -2  -1  -6  -7  -2  -5  -6  -7  -6   3   5  -5   2  -3  -6  -4  -3  -5  -5   2    4   3   0   0   1   0   0   0   0  14  55   0   5   0   0   1   1   0   0  16  1.11 0.51
  246 N    -3   3   1   3  -1  -1  -1  -2   0  -2   1   0   4   0  -3  -2  -2  -4  -2  -2    1  19   7  15   1   3   4   2   2   1  12   5  15   4   1   1   2   0   1   2  0.37 0.27
  247 S    -2  -3  -2  -4   0  -1   0  -6  -1  -1  -2  -2  -5  -4   7  -2  -3  -6   0  -3    3   1   2   1   2   2   6   0   2   4   4   2   0   1  62   2   2   0   3   2  1.53 0.65
  248 G    -2  -2   2   3  -5   0   2   3   2  -3  -3   1  -2  -5  -3   0   0  -5  -3  -4    2   1  11  15   0   4  12  21   5   1   2  10   1   0   1   8   6   0   1   1  0.41 0.27
  249 I    -3   3  -4  -3  -4   1  -3  -3  -3   2   1   1   1   2   3  -1  -2  -4  -2   1    1  18   0   1   0   6   0   2   0  13  11   8   3   8  14   3   2   0   1   9  0.35 0.26
  250 L    -5  -5  -6  -6  -5  -5  -4  -6   0  -2   3  -4   2   7  -6  -5  -5   4   2  -2    0   0   0   0   0   0   2   0   2   1  24   1   4  49   0   0   0   5   6   2  1.48 0.58
  251 G    -1  -2   2   1   2  -1   0   3   3  -3  -4  -1  -2  -2   2   1  -1  -4   1  -3    5   1   9   8   4   1   4  24   7   1   1   4   1   1   9  10   3   0   6   1  0.33 0.22
  252 T    -3  -1   2   4  -4  -1  -1  -4  -1  -1  -4  -1  -4  -3  -3   3   2  -5  -3   0    0   3  11  21   0   3   2   0   1   4   1   3   0   1   1  24  16   0   1   7  0.52 0.34
  253 A    -1   0  -1  -2  -2  -1   1  -2   2   0   1   0  -2   3  -2  -1  -3   3   3  -2    5   5   2   2   1   2  10   2   6   4  18   6   0  12   1   5   0   4  12   2  0.22 0.18
  254 Q     0   0   1   1  -3   2   2  -3   3  -2  -3   1  -1  -3   1   1   0  -4  -3  -2    9   3   5   9   0   9  14   1   7   3   1  10   1   1   6  13   6   0   0   2  0.27 0.20
  255 E     1  -1  -1   2  -4   1   3  -2   0  -2  -2  -1  -2  -1  -3   0   1   2   0  -1   13   2   2  13   0   5  22   3   2   1   5   2   0   2   0   8   7   4   4   4  0.26 0.22
  256 F    -5  -6  -6  -5  -6  -6  -3  -5  -5  -2  -3  -6  -4   8  -6  -6  -3   6   2  -5    1   0   0   1   0   0   2   1   0   2   2   0   0  72   0   0   2  10   6   0  2.35 0.82
  257 K    -1   2   1   1  -2   1   1  -1   1  -1  -1   2   0  -3  -3   0  -1   0  -2   0    4  10   5   7   1   7   9   4   4   2   7  15   2   0   0   7   3   1   1  10  0.14 0.13
  258 K     0   2   1   1  -4   2   2  -2  -1  -1  -3   2  -2  -4  -2   0   0  -4  -4  -3    8  14   8   7   0   8  16   2   1   5   2  14   1   0   2   6   6   0   0   1  0.30 0.22
  259 R    -2   2   1   1  -5   2   3  -4  -1  -2  -2   0   0   1  -4  -2   0   7   0  -4    2  12   8   6   0   8  19   0   1   2   4   5   3   5   0   1   5  15   2   0  0.54 0.32
  260 F    -4  -5  -5  -5  -5  -2  -2  -5   1   2  -1  -5  -2   7  -5  -2  -4  -3   4   0    1   0   0   0   0   2   4   0   3   9   5   0   1  48   0   4   0   0  16   6  1.29 0.53
  261 E    -1  -2   1   0   3   2   3   0   1  -2  -3   1  -3  -3  -3   2   0  -3  -1  -1    4   1   6   4   6   8  18   8   3   2   2   7   0   0   1  17   5   0   3   4  0.26 0.19
  262 I    -1   2   3   2  -1   0   0  -2  -1  -1   0   1  -1  -1  -3  -1   0  -3  -1   0    4  13  16  12   1   4   6   2   1   4   8   9   1   2   1   4   5   0   2   6  0.17 0.14
  263 P    -1  -3  -3   1  -3  -1  -1   0  -2   1  -3  -2  -3  -2   6  -2  -2  -3   2  -3    6   1   1   7   1   3   3   6   1   7   2   2   0   2  44   3   2   0   6   1  0.87 0.36
  264 I    -1  -1  -3  -3  -3  -1  -1  -2   2   4   0  -1   1   2  -3  -1  -1  -2   1   1    3   3   1   1   0   3   3   3   6  30   6   4   3  11   1   5   2   0   4   9  0.29 0.18
  265 L     0  -1   0   0   0   0   1  -2  -2   1   1   0   0  -2   0   0   1  -2  -1   0    7   1   5   5   3   5  13   2   0   8  14   5   2   1   4   5   9   0   2   7  0.06 0.07
  266 K     0   1   2   0  -1   1   1  -1   0  -1  -1   2   0  -2  -1   0   0  -3  -2   0    6  10  11   5   1   5   7   5   2   3   7  13   2   1   3   9   3   0   1   7  0.09 0.07
  267 G     1   0   0  -1  -2  -2  -1   3   0  -1  -2   0  -1  -2  -1   0  -1  -3  -1  -1   15   6   4   2   1   1   4  28   3   3   3   5   1   2   3   8   4   0   3   4  0.24 0.14
  268 R    -2   3   0   1  -3   2   0   1  -2  -1  -2   2  -1   0   0  -1  -1  -3   0  -1    2  16   5   7   0  10   4  10   0   3   3  13   2   4   5   4   3   0   3   4  0.17 0.13
  269 D     0   1   1   1   1   1   2  -1  -1  -2  -1   1  -2  -2  -1   0   0  -2   1  -2    8   9   8   7   4   6  16   4   1   2   5   8   0   1   3   5   4   0   7   1  0.14 0.11
  270 A     2   0  -1  -1  -2   0   0  -1   0   0  -1   0   0  -1   1   0   0   2  -1   1   18   4   2   3   0   4   5   4   2   3   4   6   3   3   8   6   5   4   2  13  0.09 0.09
  271 D     0   0   2   2  -2   1   0   0  -1  -2  -1   0  -1  -1  -1   1   0  -3  -2  -1    6   4   9  16   0   7   5   8   1   2   6   3   2   3   3  11   7   0   1   4  0.13 0.10
  272 A     3  -2   0  -1  -1  -1  -1  -1   2   0   0  -1   0  -1  -1   2  -1  -1   0  -1   25   2   3   3   1   1   4   3   6   5  12   4   2   2   3  15   2   1   3   2  0.15 0.13
  273 S     0  -1   1   0  -2   0   0  -1  -2  -1   0   1  -1  -1  -1   1   2  -2  -1  -1    9   3   6   6   0   4   7   4   1   4  11   9   1   2   2  13  15   0   1   2  0.09 0.09
  274 D     0   0   1   2  -2   1   2  -1  -1  -2  -1   1  -1  -1   2   0  -1  -2  -1  -2    9   4   7  13   1   5  16   3   1   2   9   8   2   3   9   5   2   0   2   2  0.16 0.11
  275 K     0   1   0  -1  -2   1   2   0   0   0   0   0   0   0  -2   0  -1  -2  -1   0    5   6   3   2   1   7  16   8   2   7   7   7   2   4   1   9   2   0   2   7  0.07 0.07
  276 D    -1  -2   2   4  -3   3   3   0  -2  -3  -3   0  -3  -2  -2  -1  -1   0  -3  -3    4   1  10  21   0  12  20   7   0   2   3   4   0   2   2   4   3   1   1   2  0.41 0.23
  277 R     0   2   0   0  -2   1   1  -2  -1   0   0   1  -1  -2  -2   0   1  -1  -2   0    5  12   4   5   0   8  11   2   1   6   8   9   1   2   1   8   8   1   1   7  0.10 0.09
  278 A     0   1   0   0   2   0   2  -2  -1   0   0   2  -2  -3  -2   0  -1  -3  -2  -1    8   7   5   4   5   4  18   2   1   5  13  13   0   1   1   8   3   0   1   2  0.16 0.14
  279 A    -1   0   0  -1  -3  -1   1  -3  -2   1   2   0   1   0  -2  -1   0  -2   0  -1    5   6   4   4   0   2  12   1   0   7  28   7   3   4   1   4   5   0   3   3  0.13 0.12
  280 G     1  -2   2   0  -3   0  -1   2  -1  -1  -2  -1   2   0  -1   0   1  -3   1  -1   10   1  11   6   0   4   3  19   1   3   3   3   6   4   2   7   8   0   5   4  0.15 0.13
  281 E    -1   0  -1   1  -2   1   3  -2   0  -2   0   1  -2  -2  -2  -1   0  -3   1  -1    5   4   1   9   1   5  26   2   3   2  11   8   1   1   1   4   4   0   6   6  0.21 0.17
  282 Q    -1   2   0   1   0   1   3  -1   0  -3  -2   3  -3  -2  -2   0  -1  -4  -1  -3    3  10   5   6   2   6  19   3   2   1   5  23   0   1   1   6   3   0   2   1  0.34 0.22
  283 K     1   3   1  -2   0   3  -1  -1  -2   0  -2   1  -1  -4  -2   0  -1  -4  -3  -1   12  20   7   1   2  15   2   5   0   5   3   9   2   0   1   5   3   0   1   5  0.28 0.21
  284 L     0  -1  -2  -4  -2  -2  -4  -3  -3   4   3  -2   1  -1  -4  -1  -1  -4  -1   2    7   3   2   0   1   2   0   1   1  23  28   3   3   1   0   6   2   0   2  16  0.42 0.25
  285 Q     0   1   2   0  -2   3   1   0   2  -2  -3   2  -2  -4  -3   1   0  -4  -3  -2    6   7  10   4   1  16   9   6   6   2   1  13   1   0   0  10   5   0   0   2  0.30 0.22
  286 E    -2   4  -1  -1  -4   0   2  -1   1  -1  -1   2  -1  -1  -3  -1  -1  -4  -2   1    2  25   3   3   0   3  14   5   3   2   4  11   1   2   0   4   3   0   1  13  0.30 0.24
  287 L     0  -6  -7  -7  -5  -6  -4  -7  -6   1   6  -6   0  -3  -6  -5  -5  -5  -5   1    8   0   0   0   0   0   1   0   0   7  75   0   1   1   0   0   0   0   0   7  1.45 0.62
  288 I    -2   1   0  -4  -5   2  -3  -3   8   0  -4   2   1  -3  -5  -1   0  -5   0  -3    3   6   4   0   0  10   0   2  34   7   1  15   4   1   0   5   5   0   2   2  0.89 0.46
  289 S     1   0   0   1  -2   2   2  -1  -1  -2  -2   2   2  -2  -3   1   0  -4  -3  -2   12   5   3   6   1  12  14   3   1   2   2  12   7   2   0  10   6   0   1   1  0.24 0.21
  290 I    -3  -3  -3  -5  -4  -1  -4  -6  -1   4   3  -2   2  -1  -5  -3  -1  -1   0   3    0   1   1   0   0   4   1   0   1  29  27   3   4   1   0   1   3   1   3  19  0.63 0.34
  291 V    -4  -4  -6  -6  -4  -5  -6  -7  -6   4   5  -4   4  -3  -6  -5   0  -5  -4   1    0   1   0   0   0   0   0   0   0  20  54   1   9   0   0   0   6   0   0   9  1.15 0.51
  292 N    -1   3   2  -2  -5   2   1  -1   0  -5  -3   4  -1  -5  -2   1  -2  -5  -4  -5    4  13   9   1   0   8  11   5   2   0   2  30   2   0   1  12   1   0   0   0  0.57 0.35
  293 R    -2  -1  -1   1  -6  -1  -4   1  -1  -6  -4   0  -6  -5   7  -1  -4  -7  -6  -5    3   3   3   7   0   3   0  12   2   0   1   5   0   1  56   3   0   0   0   1  1.39 0.59
  294 C    -5  -6  -6  -7   4  -6  -6  -6   2   2  -1  -6   0   7  -7  -5  -4   1   4  -1    0   0   0   0   8   0   0   0   4  11   5   0   2  50   0   0   1   2  13   3  1.46 0.57
  295 L    -4  -1  -6  -6  -4  -5  -5  -6  -5   4   3  -5   6   1  -6  -5  -2  -5  -4   2    0   3   0   0   0   0   0   0   0  22  28   0  25   5   0   0   2   0   0  14  1.04 0.46
  296 I    -5  -6  -7  -5  -5   0  -6  -7  -6   2   6  -6  -1  -1  -6  -6  -5  -5  -5  -3    0   0   0   1   0   4   0   0   0  10  84   0   1   1   0   0   0   0   0   0  1.67 0.63
  297 R    -6   9  -5  -6  -8  -3  -5  -7  -5  -8  -7  -1  -6  -7  -7  -5  -6  -7  -6  -7    0  99   0   0   0   0   0   0   0   0   0   1   0   0   0   0   0   0   0   0  3.01 0.97
  298 R    -6   9  -5  -6  -8  -3  -5  -7  -5  -8  -7  -1  -6  -7  -7  -5  -6  -7  -6  -7    0  98   0   0   0   0   0   0   0   0   0   2   0   0   0   0   0   0   0   0  2.94 0.94

                      K         Lambda
Standard Ungapped    0.1394     0.3210
Standard Gapped      0.0474     0.2670
PSI Ungapped         0.1549     0.3176
PSI Gapped           0.0474     0.2670
