
Last position-specific scoring matrix computed, weighted observed percentages rounded down, information per position, and relative weight of gapless real matches to pseudocounts
            A   R   N   D   C   Q   E   G   H   I   L   K   M   F   P   S   T   W   Y   V   A   R   N   D   C   Q   E   G   H   I   L   K   M   F   P   S   T   W   Y   V
    1 T     1  -2  -1  -1  -2  -1  -1  -1  -2  -2  -3  -1  -2  -3  -2   4   4  -4  -3  -2   11   0   0   0   0   0   0   0   0   0   0   0   0   0   0  53  36   0   0   0  0.59 0.15
    2 I    -3  -4  -4  -5  -3  -3  -4  -5  -4   2   2  -4   6   4  -4  -2  -2  -2  -1   2    0   0   0   0   0   0   0   0   0  13  15   0  28  24   0   4   0   0   0  16  0.68 0.24
    3 S     1   0   0   2  -3   0  -1   0  -2  -1  -2  -1  -1  -3  -2   3   1  -4  -3  -2   13   6   4  12   0   3   2   5   0   5   3   2   1   0   0  38   7   0   0   1  0.29 0.16
    4 S    -1   0   4   1  -4   0   1   1   2  -4  -3   3  -3  -4  -2   2  -1  -4  -3  -4    0   2  22   6   0   3   8  11   5   0   1  20   0   0   1  21   0   0   0   0  0.43 0.19
    5 L    -2  -2   0  -3  -3  -2   0  -4  -3   2   3  -2   1   2  -2  -1   0   2   0   1    2   2   7   0   0   0   7   0   0  12  35   0   3   8   2   4   4   3   3   8  0.21 0.12
    6 F    -1  -3  -3  -4  -3   0  -3  -2  -1   0   1  -3   2   5  -4  -2  -2   2   3  -1    6   0   1   0   0   6   0   3   1   5  14   0   7  37   0   2   1   3  12   3  0.54 0.22
    7 S    -1   0   1   3   0   1  -1  -1  -2  -4  -4   3  -3  -5  -3   3  -1  -5  -4  -4    1   3   5  21   2   6   0   5   0   0   0  24   0   0   0  33   0   0   0   0  0.57 0.26
    8 R    -1   3   2  -1  -3  -1  -1  -1  -1  -3  -2   1  -2   0  -2   3  -1  -2   4  -3    2  19  10   1   0   0   2   3   0   0   3   7   0   4   2  27   0   0  19   0  0.38 0.20
    9 L    -2  -1   0  -3  -1  -2  -2  -4  -3   1   3   0   3   1  -4  -2  -1   3  -1   0    0   4   5   0   1   0   2   0   0   9  40   7  11   6   0   2   2   5   1   4  0.35 0.17
   10 F    -2  -1  -1  -2  -4  -3   0  -4   0  -2   1  -1   0   6   1   0  -2   2   0  -3    3   4   3   2   0   0   6   0   2   0  12   3   2  43   9   7   1   2   1   0  0.51 0.24
   11 G     2  -2   0  -2  -2   1  -2   4  -2  -3  -3  -1  -3  -1   0   1  -1   4  -2  -3   16   1   5   1   1   9   2  35   1   2   1   2   0   3   4   9   2   7   0   1  0.46 0.20
   12 K    -1   3   3  -2  -4   2   1  -3  -1  -4  -3   4  -3  -1  -3   0  -2  -4  -2  -3    3  15  13   0   0   7   7   1   1   0   2  33   0   4   0   8   1   0   1   2  0.52 0.27
   13 K    -2   4  -1  -3  -5   2  -1  -4  -2  -3  -2   5  -3  -5   1  -2  -2  -5  -4  -3    2  21   2   1   0   8   3   0   1   2   5  43   0   0   6   1   2   0   0   1  0.83 0.40
   14 Q    -1  -2   2   1  -3   2   4  -2   2  -2  -2   1  -2  -2  -2   1   0  -4  -3  -3    5   0   9   8   1   8  28   2   4   2   4  10   0   2   1   9   4   0   0   1  0.36 0.24
   15 M    -1  -1  -4  -5   0  -4  -4  -3   0   3   1  -3   2   4  -5  -2  -2  -3   3   2    6   4   0   0   2   0   0   2   2  15  13   1   5  22   0   2   2   0  11  12  0.49 0.29
   16 R    -5   3  -3  -4  -5  -1  -2  -6   2  -7  -7   7  -2  -6  -5  -3  -1  -7  -6  -6    0  13   1   1   0   2   2   0   5   0   0  69   1   0   0   1   4   0   0   0  1.73 0.75
   17 I    -3  -6  -7  -7   3  -6  -6  -7  -6   5   3  -6   0  -1  -6  -5  -3  -6  -2   4    2   0   0   0   6   0   0   0   0  31  28   0   1   3   0   0   0   0   1  27  1.10 0.50
   18 L    -1  -6  -6  -6   1  -5  -6  -4  -6   3   3  -4   1  -4  -4  -4  -2  -6  -5   5    6   0   0   0   2   0   0   2   0  17  25   1   3   0   1   1   2   0   0  41  0.92 0.46
   19 M    -3  -5  -6  -6   0  -5  -5  -6  -5   4   3  -5   4   2  -5  -4  -1  -5  -4   3    1   0   0   0   2   0   0   0   0  21  30   0  10   7   0   1   4   0   0  23  0.87 0.42
   20 V    -2  -5  -2  -6   1  -5  -6  -6  -6   4   4  -5   2  -1  -5  -5  -3  -5  -4   4    2   0   2   0   3   0   0   0   0  23  35   0   4   2   0   0   1   0   0  26  0.94 0.44
   21 G    -5  -7  -5  -6  -7  -6  -7   8  -7  -8  -8  -6  -7  -7  -7  -3  -6  -7  -7  -7    0   0   0   0   0   0   0  96   0   0   0   0   0   0   0   2   0   0   0   0  2.72 0.98
   22 L     0  -4  -1   6  -6  -2   0  -4  -5  -3   2  -4  -2  -5  -4  -2  -5  -7  -1  -4    7   1   2  50   0   2   6   1   0   1  24   0   1   0   1   3   0   0   2   1  1.07 0.56
   23 D    -1   0  -1   4  -5   0  -1   3  -4  -5  -3  -2  -2  -5   0   3  -1  -2   0  -3    4   5   2  21   0   4   2  19   0   0   3   1   1   0   4  26   2   1   4   1  0.49 0.36
   24 A     2  -3   4  -1   0  -2  -3   4  -2  -6  -6  -2  -1  -5  -5   1  -1  -6  -2  -5   20   1  21   3   2   1   1  32   1   0   0   3   1   0   0  10   3   0   1   0  0.78 0.45
   25 A     2  -6  -6  -7   2  -6  -4  -6  -7  -1  -4  -6  -4  -5  -6   0   1  -7  -6   6   17   0   0   0   4   0   1   0   0   1   0   0   0   0   0   8   7   0   0  62  1.38 0.68
   26 G    -4  -8  -6  -7  -8  -7  -7   8  -7  -9  -9  -7  -8  -8  -7  -6  -7  -8  -1  -8    1   0   0   0   0   0   0  97   0   0   0   0   0   0   0   0   0   0   2   0  2.83 1.06
   27 K    -6  -3  -6  -6  -9  -4  -5  -7  -6  -8  -8   8  -7  -9  -7  -6  -6  -8  -2  -8    0   0   0   0   0   0   0   0   0   0   0  98   0   0   0   0   0   0   2   0  3.01 1.20
   28 T    -5  -6  -5  -6  -6  -6  -6  -4  -7  -6  -4  -6  -6  -7  -6   5   7  -8  -7  -6    0   0   0   0   0   0   0   1   0   0   2   0   0   0   0  35  62   0   0   0  1.99 0.97
   29 T     2  -4  -1  -5   6  -1  -3  -5  -3  -5  -5  -3  -5  -4  -5   4   4  -7  -6  -4   15   1   3   0  14   3   1   0   1   0   1   1   0   1   0  33  27   0   0   1  1.07 0.62
   30 I    -5  -6  -7  -8  -5  -6  -7  -8  -3   4   5  -7   2   2  -7  -6  -2  -6  -3   0    0   0   0   0   0   0   0   0   1  23  58   0   3   7   0   0   2   0   1   5  1.36 0.63
   31 L    -2  -2  -6  -7  -1  -5  -6  -5  -6   2   5  -5   2  -1  -6  -4   1  -6  -5   2    4   3   0   0   1   0   0   0   0  10  49   0   5   2   0   1  10   0   0  14  0.90 0.50
   32 Y    -1  -1   2  -3  -3   1   0  -4   3   2   0   1   1   0  -3   0  -1  -2   3   0    4   3  10   0   0   5   6   0   8  12   8   9   3   3   0   6   4   0  10   7  0.18 0.19
   33 K    -2   6  -2  -5   0   4  -3  -4  -2  -4  -3   2   2  -6  -6   0  -2  -6  -4  -1    3  40   2   0   2  19   1   1   1   1   3   9   5   0   0   7   2   0   1   4  0.95 0.57
   34 L    -5  -7  -7  -8  -6  -7  -7  -8   0  -1   3  -5  -2   7  -8  -7  -6  -1   5  -3    1   0   0   0   0   0   0   0   2   3  27   1   1  43   0   0   0   1  20   1  1.68 0.75
   35 K     0  -2  -2  -4   2   1  -3  -4  -1   1   0   2   1  -3  -4   0   2  -5  -3   2    9   1   2   0   5   8   0   0   2   7   9  14   4   1   0   6  16   0   1  15  0.28 0.27
   36 L    -2   1   1   2  -3   2   1   0   1  -3  -2   1  -1  -1  -2   1   2  -4   1  -3    1   7   7  12   0   9   9   7   3   1   4   8   1   2   1   9  13   0   5   0  0.24 0.23
   37 G    -3  -1   4   4  -5  -1   0   3  -2  -6  -4   2  -6  -6  -4  -1  -4  -7  -4  -5    1   3  20  22   0   2   6  26   1   0   2  12   0   0   1   5   0   0   0   1  0.79 0.48
   38 E     0   2   0   0  -2   2   3  -2   2   0  -3   1  -1  -3  -1   0   0  -5  -2  -1    6  11   4   5   1   7  19   2   5   6   1   9   1   1   2   7   6   0   1   3  0.23 0.22
   39 I    -4  -5  -7  -4  -6  -5  -4  -7  -3   0   0  -6  -2   8   0  -5  -2   0   1   0    1   1   0   1   0   0   1   0   1   4   9   0   1  60   5   1   3   1   4   7  1.57 0.71
   40 V    -1   1  -1   0  -2   1   1  -2   0   0  -1  -2  -2  -2   3   1   0  -5  -3   2    5   8   3   6   0   6   8   3   3   5   4   1   0   1  13  11   4   0   0  19  0.18 0.20
   41 T    -2  -3   0   3  -5   1   3  -4   1  -3  -4   1  -3  -5   1   0   2  -6  -2  -2    2   1   5  18   0   6  22   0   4   2   1   8   0   0   7   8  14   0   2   2  0.49 0.36
   42 T    -2   1   1   0  -2   0   0  -2   2  -1  -1   0   0  -2  -1   1   2   0   2  -1    2   9   5   5   1   5   4   3   5   4   4   5   3   1   2  12  16   1  10   4  0.15 0.19
   43 I    -3  -2  -3  -1  -1   1  -1  -2   1   2  -1   0  -1  -1  -4  -2  -1  -3   5   2    1   1   1   3   2   6   4   3   3  14   4   7   1   1   0   3   3   0  23  18  0.42 0.32
   44 P     1  -3  -3  -5  -3  -2  -2  -5   0  -1  -4   0  -5  -7   7   1  -1  -7  -6  -4   13   2   1   0   1   1   3   0   2   4   2   5   0   0  50  11   3   0   0   1  1.24 0.64
   45 T    -5  -6  -2  -4  -3  -1  -4  -5  -1  -6  -6  -6  -6  -7  -3  -1   8  -8  -7  -5    0   0   2   1   1   3   1   1   2   0   0   0   0   0   1   4  85   0   0   0  2.26 1.05
   46 I    -3  -6  -4  -6  -3  -2  -4  -6  -3   6   1  -4   1  -2  -6  -3   2   0  -5   3    1   0   1   0   0   2   1   0   1  43  11   1   3   1   0   2  13   1   0  20  0.99 0.52
   47 G    -2  -3  -4  -1  -6  -3   1   6   3  -6  -5  -3  -5   2  -5  -3  -5  -5   0  -4    2   1   0   3   0   1   8  59   8   0   1   1   0   8   0   1   0   0   3   1  1.21 0.58
   48 F    -1  -3  -1   1  -4  -3  -1  -3  -2   2  -2  -3  -1   5   1   0  -1  -2   0   3    4   1   2  10   0   1   3   2   1  12   2   1   1  23   7   7   3   1   2  19  0.38 0.29
   49 N    -2  -1   4   3  -2  -2   1  -4  -1  -2  -3   1  -3  -1  -4   1   1  -5   0  -1    2   2  21  16   1   1  11   0   2   3   2  10   0   3   0  10   8   0   3   5  0.39 0.30
   50 V    -2  -3  -3  -4  -2  -2   1  -5  -1   2  -1  -2   0   4  -5   0   0  -2   4   2    2   1   1   0   1   2  10   0   1  10   3   2   2  19   0   7   6   0  14  17  0.45 0.32
   51 E    -1   2  -2  -2  -1   0   2  -3   0   0  -1   2  -2  -3  -4  -1   1  -4   1   1    4  10   1   1   1   4  18   2   2   6   4  15   0   0   0   2  11   0   5  13  0.25 0.24
   52 T    -2  -1   1  -1  -2   0   2  -3   1  -1  -3   1   0  -4   0   1   4  -5  -2  -2    2   3   7   2   1   4  14   1   3   4   2   9   2   0   4   9  28   0   2   2  0.38 0.31
   53 V    -3  -3  -5  -4  -1  -5  -5  -6  -6   5   2  -4  -1   3  -5  -5  -4  -5  -3   4    1   1   1   1   1   0   1   0   0  31  19   1   1  10   1   0   0   0   0  30  0.96 0.48
   54 E    -1  -1   1   4  -5   0   2  -2  -1  -1  -3   0  -1  -4   0   0   0  -5  -3  -1    3   3   7  28   0   4  15   3   1   5   2   5   2   1   5   5   7   0   1   4  0.38 0.27
   55 Y    -2  -3   0   1  -1  -2  -2   3   0   1   0  -2  -1   1  -2  -1  -1   0   2   0    2   1   6   9   1   1   2  25   2   9   9   2   1   7   1   3   3   1   8   7  0.19 0.17
   56 K    -3   1   0   1  -5   2   3   1  -2  -3  -4   4  -3  -5  -1  -2  -2  -5  -4  -4    1   8   4   9   0   8  16  12   1   1   1  30   0   0   2   1   2   0   0   1  0.59 0.38
   57 N    -2   1   3   2  -3   1   0   0   0  -2  -3   2  -2  -4   0   0   1  -2  -2  -1    1   6  17  12   0   5   5   7   3   2   2  12   1   0   5   6  10   0   2   4  0.24 0.21
   58 I    -2  -4  -2  -4   1  -3  -2  -5  -3   4   1  -3   0   1  -4  -2   0  -3   2   4    3   1   2   0   3   1   3   0   0  21   9   2   2   7   0   2   5   0   8  29  0.50 0.30
   59 C    -2   1   1  -1   0   1   1  -3   2  -1  -1   4   0  -3  -2   1   1  -4  -3  -3    1   7   6   2   2   5   7   1   5   4   5  27   2   1   1  12  11   0   0   1  0.33 0.26
   60 F    -2  -5  -6  -6  -2  -5  -5  -6  -5   1   5  -5   2   5  -6  -5  -3  -4  -1   1    3   0   0   0   1   0   0   0   0   7  50   0   4  23   0   0   1   0   1   8  1.06 0.49
   61 T    -2   1   2   1  -3   5   1  -1   3  -4  -3   1  -1  -1  -4   0   1  -4  -3  -2    3   6   8   8   1  25   8   5   6   1   2   6   2   3   0   5  10   0   1   2  0.38 0.29
   62 V    -2  -5  -5  -6   0  -5  -5  -6  -5   5   3  -5   3   0  -5  -5  -1  -5  -4   3    3   0   0   0   2   0   0   0   0  37  23   0   6   4   0   0   3   0   0  19  0.94 0.44
   63 W    -6  -4  -7  -7  -4  -2  -6  -7  -4  -1   0  -5  -1   4  -7  -6  -2  11   2  -1    0   1   0   0   0   2   0   0   0   3  11   1   1  15   0   0   3  51   5   5  2.29 0.85
   64 D    -4  -6  -2   8  -7  -5   0  -6  -6  -7  -8  -5  -7  -7  -6  -5  -6  -8  -7  -7    2   0   2  90   0   0   4   0   0   0   0   0   0   0   0   0   0   0   0   0  2.70 1.01
   65 V    -3  -5  -4  -5  -3  -5  -5  -4  -5   2   0  -5   0  -3  -5  -1   6  -6  -3   2    1   0   0   0   1   0   0   1   0  11  10   0   2   1   0   4  53   0   1  13  1.09 0.58
   66 G     5  -3  -1  -3  -2  -3  -4   4  -1  -5  -5  -3  -5  -2  -2   0  -2   0  -5  -2   44   2   2   1   1   1   0  31   2   0   0   1   0   2   2   6   2   2   0   2  0.88 0.48
   67 G    -2  -3  -5  -5  -6  -6  -3   7  -6  -7  -7  -5  -6  -7  -6  -1  -5  -6  -7  -7    3   1   0   0   0   0   2  87   0   0   0   0   0   0   0   5   0   0   0   0  2.23 0.86
   68 Q    -2  -3  -2  -2   0   8  -2  -1   4  -5  -3  -1  -3  -6  -3  -1  -3  -6  -5  -5    2   1   2   2   2  62   1   5   8   1   3   2   1   0   1   4   2   0   0   1  1.51 0.73
   69 D    -2   2  -2   2  -2   1   6  -3   0  -4  -4  -1  -3  -4   0  -3  -2  -5  -4  -4    3  10   1  12   1   5  48   2   2   1   1   3   1   1   4   1   2   0   0   1  0.88 0.48
   70 R    -2   5   0   0  -3   2   2  -3  -1  -3  -2   2  -4  -3  -2   1  -2  -5  -3  -3    2  28   4   6   1   8  12   1   1   2   4  14   0   1   1  13   2   0   1   1  0.51 0.34
   71 I    -1  -5  -3  -6   1  -3   0  -3  -2   1   1  -4  -1   6  -6  -3  -5  -3   5  -3    6   0   1   0   3   1   7   3   1   9  12   0   2  34   0   1   0   0  19   0  0.91 0.48
   72 R    -3   6  -1   1  -2   0  -2   0   0  -6  -5   0  -3  -5  -3   1  -1  -3   1  -4    2  49   3   7   1   4   1   6   2   0   0   4   1   0   1   9   3   0   5   1  0.92 0.51
   73 P     2   2  -1  -3  -1  -1   1  -1  -1  -1  -3   0  -3   1   2   2   0  -4  -3  -2   15  12   2   0   2   2   9   4   1   3   1   6   0   8  11  16   5   0   0   3  0.24 0.23
   74 L    -3  -4  -3  -3  -2   0  -4  -5   0   3   3   1   5   1  -5  -2  -2  -4   1   0    1   0   1   1   1   4   0   0   2  14  32   8  17   4   0   3   2   0   4   6  0.57 0.36
   75 W    -2   4   0  -6  -3  -2  -4  -3  -2  -2  -2  -3  -5  -3  -1  -2   2   9   2  -3    3  19   5   0   0   2   0   2   1   2   4   1   0   1   4   3  11  32   7   2  1.23 0.60
   76 K    -2   2   0   2  -5  -1   1  -3   0   0  -3   2  -3  -4   2   2  -1   0  -2  -2    1  13   5  11   0   2   9   1   2   8   1  14   0   0  12  14   2   1   1   2  0.34 0.27
   77 H     0  -1   2   0  -1   2  -1  -2   5  -1   0  -1   0  -3  -1   2  -1  -4  -2  -2    7   2  10   4   1  10   2   2  14   4  11   3   2   0   2  18   3   0   0   2  0.27 0.25
   78 Y    -5  -6  -6  -7   5  -4  -6  -6  -1  -3  -2  -6  -5   3  -7   0  -4   0   9  -2    0   0   0   0  10   1   0   1   1   2   4   0   0   9   0   9   1   1  59   2  1.93 0.80
   79 F    -5  -6  -6  -5   0  -5  -6  -7  -3   1   0  -6   1   5  -6  -1  -4   2   8  -2    0   0   0   1   2   0   0   0   0   9  10   0   4  19   0   5   1   2  45   2  1.46 0.65
   80 Q    -1   5   0  -1  -5   1   1  -3   0  -1  -2   2  -2  -5   2   1  -1  -5  -3  -3    5  31   4   3   0   5   9   1   2   4   3   9   1   0   9   9   2   0   1   1  0.45 0.31
   81 N    -2  -1   4   2  -1   0   0   4   0  -5  -5  -1  -4  -3  -4   0  -1   0  -4  -4    2   3  19  13   1   3   7  29   2   0   0   4   0   1   0   7   4   1   0   1  0.57 0.35
   82 T     4  -4  -3  -5   2  -3  -4   2  -5  -1  -3  -4  -2  -5  -2   1   3  -6  -3   2   31   0   0   0   5   1   0  13   0   3   2   0   1   0   1   9  19   0   1  16  0.57 0.40
   83 Q    -2  -2   2   4  -2   2   1  -4   5  -4  -4  -1  -1  -5  -5  -1   0  -6  -2   0    3   2  10  27   1  11   7   0  15   1   1   3   2   0   0   5   6   0   1   7  0.63 0.39
   84 G     3  -5  -4  -5   4  -5  -5   5  -5  -1  -3  -5  -2  -2  -5  -1  -3  -6  -3   2   22   0   0   0   7   0   0  44   0   4   2   0   1   2   0   3   1   0   1  13  0.93 0.49
   85 L     2  -5  -6  -6   3  -5  -6  -5  -5   4   1  -5  -1   4  -5  -4  -3  -4   2   2   16   0   0   0   6   0   0   1   0  25  11   0   1  21   0   0   1   0   6  14  0.78 0.42
   86 I    -4  -6  -7  -7   0  -6  -6  -7  -6   6   3  -6   3  -1  -6  -6  -3  -6  -5   3    1   0   0   0   2   0   0   0   0  38  28   0   6   2   0   0   1   0   0  22  1.23 0.54
   87 F    -4  -6  -6  -7   0  -6  -6  -5  -5   3   4  -6   0   5  -6  -5  -4   1   2   1    0   0   0   0   2   0   0   1   0  14  40   0   2  22   0   0   1   2   7  10  1.01 0.47
   88 V    -2  -6  -7  -7   6  -6  -6  -5  -7   0   0  -6   3  -3  -6  -5  -2  -6  -5   6    2   0   0   0  15   0   0   1   0   3   8   0   6   1   0   0   2   0   0  60  1.54 0.67
   89 V    -3  -6  -7  -7  -6  -6  -6  -7  -3   1  -2  -6  -2   6  -7  -5  -5  -3   7   3    2   0   0   0   0   0   0   0   0   6   2   0   1  28   0   0   0   0  40  20  1.69 0.71
   90 D     1  -6  -1   7  -6  -5  -3  -5  -5  -7  -7  -3  -7  -7  -6   3  -5  -8  -7  -7   11   0   2  62   0   0   1   0   0   0   0   1   0   0   0  22   0   0   0   0  1.78 0.79
   91 S    -1  -5  -3  -5   1  -4  -5  -5  -5   5   1  -5   1  -4  -5   2  -2  -6  -3   4    4   0   1   0   2   0   0   1   0  29  12   0   4   0   0  16   1   0   1  28  0.80 0.43
   92 N     0  -4   2   1  -3  -3  -3  -3   0  -1  -4  -3  -4  -4  -5   3   5  -6  -3  -1    9   0   8   7   1   1   0   2   2   3   1   1   0   1   0  20  41   0   1   3  0.80 0.49
   93 D    -2   1   4   5  -2  -2   0  -3  -1  -3  -5  -1  -5  -5  -5   2  -3  -6  -5  -4    3   7  20  33   1   1   5   1   1   2   1   4   0   0   0  18   1   0   0   1  0.85 0.47
   94 R    -3   5  -3  -3  -5   1   1  -3   1  -2  -2   1   0  -3   3  -1  -2  -5   2  -2    2  29   0   1   0   6  10   2   3   3   4   8   2   1  13   4   2   0   7   4  0.49 0.33
   95 E     0  -1   2   3  -5   2   3  -2   0  -3  -2   1  -2  -5  -2   1   0  -2  -4  -2    7   3   8  15   0   8  23   2   2   2   3   8   1   0   1  11   5   1   0   4  0.37 0.27
   96 R    -4   5  -3  -4  -6  -2  -4  -5  -5  -6  -5  -3  -5  -3  -5   6   3  -7  -6  -6    0  26   1   1   0   2   0   0   0   0   1   1   0   1   0  53  15   0   0   0  1.42 0.73
   97 I    -4  -6  -7  -7  -3  -6  -7  -7  -5   0   2  -7   4   8  -7  -6  -5  -2   3  -2    1   0   0   0   0   0   0   0   0   4  18   0  11  54   0   0   0   0   8   2  1.74 0.70
   98 Q    -1  -2   2   3  -5   2   4  -3   1  -2  -2   0  -3  -4  -1  -1  -1  -5  -3  -3    5   2   8  14   0   9  31   2   3   3   4   5   1   0   3   4   3   0   0   2  0.49 0.32
   99 E     0   0   5   0  -3   0   4  -3   2  -3  -4  -1  -3  -6  -5   0  -2  -2  -4  -2    7   4  27   4   0   3  28   1   5   2   1   2   1   0   0   6   2   1   0   3  0.68 0.41
  100 V     2  -5  -4  -5   2  -4  -4  -4  -5   3   2  -4  -1  -4  -5   2   0  -5  -4   4   14   0   0   0   4   0   1   0   0  16  17   0   1   0   0  15   5   0   0  26  0.58 0.36
  101 A    -1   2   0   0  -1   1   0  -2   0   0  -1   3   0  -4   1   0  -1  -5  -2  -2    5  11   4   5   1   7   6   2   2   6   6  24   2   0   6   7   4   0   1   1  0.24 0.20
  102 D     0   1   2   1  -4   2   2  -3   0  -2  -2   3  -1  -1  -1   0  -1  -4  -1  -2    7   7  11   6   0   8  13   1   3   3   5  17   1   2   2   6   4   0   3   2  0.22 0.19
  103 E    -4  -4  -7  -6  -7  -2   3  -7  -6  -1   1  -4  -3   0  -7  -6  -4  11   0  -4    2   1   0   0   0   2  20   0   0   4  13   1   1   4   0   0   1  48   2   1  2.11 0.84
  104 L    -3   1  -5  -6  -4  -3  -5  -5   1   2   4  -2   2   3  -5  -4  -3   3   2   0    1   9   0   0   0   1   0   0   4  11  37   3   4  10   0   0   1   4   8   6  0.62 0.35
  105 Q    -1   0   1   3  -5   2   3  -3   2  -3  -2   2  -2  -3   1  -1   0  -2  -1  -3    5   5   5  15   0  10  17   1   5   1   3  13   1   1   6   4   5   1   2   1  0.33 0.24
  106 K    -2   0  -1   2  -6   3   5  -3   0  -4  -3   1  -4  -6  -2   1   0  -6  -3  -4    3   3   2  10   0  11  37   2   2   1   3   9   0   0   2   9   5   0   1   1  0.66 0.41
  107 M    -1  -5  -6  -6  -1  -5  -3  -6  -5   5   3  -4   3   0  -6  -5  -3  -1  -4   2    5   0   0   0   1   0   2   0   0  31  31   1   6   4   0   0   1   1   0  15  0.87 0.43
  108 L    -3   2  -2  -1   2   0  -1  -4  -1   1   3   1   1  -1  -4  -3  -1  -2  -3   0    1  13   2   4   5   3   3   1   1   8  31  10   3   3   0   1   3   0   0   7  0.30 0.23
  109 L     0   3   3   0  -4   2   1  -2   2  -3  -3   1  -2  -3  -2   1   0  -2  -2  -2    6  18  13   4   0   9   9   2   6   2   1   8   1   1   1  10   6   1   1   2  0.33 0.24
  110 V    -2  -2   2   0  -2   1   2  -2   5   0  -2  -1  -1   1  -4  -1  -1  -4   3   1    3   1   8   5   1   5  13   2  16   5   3   3   2   6   0   5   3   0   9  10  0.29 0.23
  111 D     1   0   0   0   3   0   2  -2   2  -3  -2   2  -1  -3   2  -1   0  -2  -1  -2   14   4   5   5   7   2  15   3   5   1   4  13   1   1   9   3   4   1   2   2  0.21 0.19
  112 E     0   0   1   3   0   1   2   0   1  -3  -3   0  -2  -2  -1   1  -1   3   0  -3    6   6   7  15   2   5  12   7   3   1   3   6   1   1   3  10   3   5   3   1  0.22 0.17
  113 L     0  -1   0   0   0  -1  -1   0  -1   0   1  -1   0   1   1   0   0   0  -1   0    5   3   4   5   2   2   4   6   1   7  19   5   3   8   6   8   4   1   1   6  0.03 0.04
  114 R     1   1   0   1  -2   1   1  -1  -1  -2  -3   2  -3  -3   3   1   0  -5  -3  -2   10   7   4  10   1   5  10   4   1   2   2  11   0   1  14  10   4   0   1   2  0.27 0.20
  115 D    -3  -1   5   3   0  -1   1   1   1  -5  -5   1  -5  -5  -2   0   0  -3  -2  -4    1   3  25  18   2   2   8  12   3   0   0   8   0   0   1   7   5   0   1   1  0.55 0.34
  116 A     1  -4  -5  -5   2  -4  -5  -5  -3   4   0  -2   0  -1   0  -1   1  -5  -2   4   12   0   0   0   4   0   0   0   1  21   6   2   2   2   4   3  10   0   1  32  0.59 0.36
  117 V    -1  -6  -3  -5  -1  -1  -3  -5  -3   0  -3  -3  -4  -5   7   1  -2  -7  -3   2    4   0   1   0   1   2   1   0   1   6   2   1   0   0  54  10   3   0   1  12  1.35 0.65
  118 L    -4  -2  -4  -6  -1  -4  -6  -4  -6   5   1  -1   3   4  -6  -5  -3  -3  -1   3    1   2   1   0   1   0   0   1   0  35  12   4   7  15   0   0   1   0   1  18  0.86 0.43
  119 L    -2  -6  -7  -7  -2  -6  -6  -6  -5   4   3  -6   4   0  -6  -5  -4  -6  -3   4    3   0   0   0   1   0   0   0   0  26  26   0   9   4   0   0   0   0   1  30  1.08 0.50
  120 L    -5  -7  -8  -8  -5  -6  -7  -8  -7   4   5  -7   0  -2  -7  -6  -5  -6  -5   3    0   0   0   0   0   0   0   0   0  20  58   0   2   1   0   0   0   0   0  19  1.48 0.64
  121 F    -2  -6  -7  -7   2  -4  -6  -7  -6   2   2  -6  -1   4  -6  -5  -4  -3  -3   5    2   0   0   0   4   1   0   0   0  11  20   0   1  17   0   0   0   0   0  43  1.14 0.54
  122 A     3  -4  -5  -4  -3  -5  -6   6  -6  -6   0  -6  -4  -3  -6  -2  -5  -7  -7  -5   23   1   0   1   0   0   0  62   0   0   9   0   0   1   0   2   0   0   0   1  1.51 0.69
  123 N    -7  -6   9  -4  -1  -5  -6  -6  -2  -8  -4  -6  -4  -8  -7  -3   2  -9  -7  -8    0   0  82   0   1   0   0   0   1   0   2   0   0   0   0   1  12   0   0   0  2.63 1.06
  124 K    -6  -1  -3  -6  -9  -1  -5  -7  -1  -6  -8   8  -7  -9  -7  -6  -6  -9  -7  -8    0   2   1   0   0   2   0   0   2   0   0  93   0   0   0   0   0   0   0   0  2.76 1.09
  125 Q     0  -3  -2  -5   6   3  -3  -4  -4   3  -1   1   0  -3  -5   1   1  -5  -2   0    7   1   1   0  15  17   0   1   0  15   4   8   3   1   0  13   7   0   1   7  0.52 0.36
  126 D    -7  -7  -2   9  -9  -6  -3  -7  -2  -9  -9  -6  -9  -9  -7  -6  -7 -10  -9  -9    0   0   1  97   0   0   1   0   1   0   0   0   0   0   0   0   0   0   0   0  3.17 1.16
  127 L    -3  -3  -6  -4   0  -2  -4  -7  -2   1   6  -2   2  -4  -6  -4  -4  -1  -5   0    2   1   0   1   2   2   1   0   1   6  66   3   5   0   0   1   0   1   0   6  1.12 0.54
  128 P     0   2  -1   1  -1  -1   2  -3  -1  -2  -1   1  -3  -2   3  -1  -1  -3  -3  -1    7  14   2   7   1   1  16   1   2   2   5   9   0   1  17   5   4   0   0   4  0.30 0.23
  129 N    -1  -1   3   3  -1   1   2   1   2  -4  -4  -1  -2  -2  -3   0   1  -4  -2  -4    3   3  14  18   1   5  11  11   4   0   1   3   1   2   1   7   9   0   2   0  0.35 0.25
  130 A     2   1  -1   1   1   2   2  -2   1  -3  -2   2  -3  -4  -1   0  -1  -4  -1  -3   21   8   2   8   3   8  13   3   3   1   4  11   0   0   3   5   3   0   2   1  0.26 0.22
  131 M    -1   6  -2  -3  -3   0  -1  -4  -2   0   0   2   4  -4  -3  -2  -2  -3  -2   0    5  38   1   2   0   3   3   1   1   5   7  10  10   0   1   2   1   0   2   7  0.64 0.38
  132 A     1  -1   0  -1   1   3   0  -2   0  -2  -3   0  -2  -4   1   2   1  -4  -3   1   10   2   4   2   3  14   6   2   3   1   1   5   1   0   6  18   8   0   1  14  0.24 0.23
  133 I     0  -2  -4  -2  -2  -2   0  -4  -4   2  -1  -1   0  -1   0  -1   0  -5  -3   4    8   1   0   2   1   1   8   1   0   9   6   4   2   3   6   4   5   0   1  38  0.41 0.29
  134 S     0  -1   0   1  -1   1   1  -2  -1  -2  -2   0  -2  -4   2   3   0  -4  -3  -1    9   3   3   8   1   7   8   2   2   2   4   5   1   0  11  26   5   0   0   4  0.29 0.23
  135 E    -1  -1  -1   1  -5   1   5  -2  -1  -4  -3   1  -4  -3   0  -1   1  -5  -3  -3    5   3   3   7   0   6  42   2   1   1   2   7   0   1   5   4   8   0   1   2  0.62 0.37
  136 M    -1  -2  -2  -1  -3   0   1  -3  -1   3   1  -1   1   0  -2  -2  -1  -3   1   2    5   2   2   2   0   4  12   2   1  19  15   4   4   5   1   2   2   0   4  12  0.17 0.15
  137 T     2   1  -2   0  -2   0   2  -1  -1   0  -2   1  -2  -2  -3   0   2  -4  -3  -1   17  10   1   4   1   2  12   4   1   5   4   8   1   1   1   7  16   0   1   5  0.20 0.19
  138 D     1   0   0   2  -3   2   2   0   0  -2  -3   1  -3  -3  -3   0   0  -2  -1  -3   13   6   3  12   0   9  17   7   3   3   1  10   0   1   1   5   5   0   3   1  0.24 0.20
  139 K     0   1  -1   0  -2   2   2   0  -1  -2  -2   3  -2   0  -3  -1  -2  -3   2  -3   10   7   2   4   1  10  17   6   1   3   4  17   1   4   1   4   2   0   7   1  0.23 0.20
  140 L     0  -2  -3  -2  -2   2   2  -4  -1  -1   3  -2   1   1  -4  -2  -2  -2  -1  -1    9   2   1   2   1  10  15   1   1   3  34   2   3   6   1   2   2   1   2   3  0.35 0.26
  141 G     1  -1   1  -1   1  -1  -1   4  -2  -4  -2   0  -3  -1  -4  -1  -2   4  -1  -2   10   3   7   4   4   2   5  33   1   0   5   6   1   3   1   5   2   6   3   2  0.41 0.26
  142 L     2  -1  -3  -3   2  -1   1  -4  -3   1   3  -1   2  -2  -3  -2  -2  -4  -3   0   15   3   1   1   5   3   9   1   1   7  36   4   4   1   1   3   1   0   1   4  0.36 0.26
  143 Q     0   0   2   0  -3   2   3  -3   2  -4  -3   1  -2  -1   1   1  -1  -3   0  -3    8   4   8   5   0  10  18   1   5   0   2  10   1   3   6   9   4   0   3   2  0.26 0.22
  144 S     0   0   0   0  -1   0   0  -2  -2  -2   0   1   0   3   0   1   0   2   0  -2    6   5   5   4   1   5   7   3   1   2   9   7   2  15   4  13   4   3   2   2  0.11 0.13
  145 L     2  -1  -2  -2   1  -2  -1  -3   0   2   2  -1   1   0  -3  -1  -1   0   0   0   20   3   2   3   3   1   5   1   2  14  18   4   3   4   0   4   3   2   3   6  0.14 0.14
  146 R    -1   3   0   0  -3   1   1   0  -1  -2  -2   3  -1  -3  -2  -1   1  -1  -2  -2    3  18   4   5   1   5   8   7   1   2   3  20   1   1   2   4   9   1   1   2  0.29 0.21
  147 N     1  -1   3   3  -3   0   1   1  -1  -3  -4   1  -2  -3  -2   0  -1  -4  -2  -1   10   3  14  16   1   4  10  10   1   2   1  10   1   1   2   5   4   0   1   4  0.28 0.20
  148 R    -1   3   0  -2  -3   1   0  -1   3   0  -1   2   0  -1  -3  -1  -1   0   0  -3    5  18   5   1   1   7   7   4   8   7   6  15   2   3   1   4   3   1   4   1  0.25 0.19
  149 T     0   0   2   0  -1   0   1   2   1  -2  -2   0  -2  -2   2   0   0  -3  -2  -1    6   4  11   4   2   3   9  14   4   2   4   6   1   1  12   7   6   0   2   4  0.16 0.13
  150 W    -1  -5  -2  -5   4  -4  -4  -3  -4   3   1  -5   2   3  -3  -3  -3   7   2   1    6   0   2   1   8   0   1   2   0  17  13   1   5  10   1   2   1  16   6   8  0.72 0.36
  151 Y    -1  -1  -2  -2   1   2   1  -2   2  -2   0   1  -1   2   0  -1  -1  -3   4  -3    5   3   1   2   3   8  10   2   6   2   9   7   2   9   5   4   4   0  15   1  0.23 0.20
  152 V    -3  -4  -4  -4   3  -4  -3  -4  -1   3   0  -4  -1   5  -4  -2  -1  -2   4   2    2   1   1   1   5   1   2   1   2  14   8   1   1  23   1   3   4   0  15  15  0.66 0.33
  153 Q    -2  -2  -2  -4   0   2   0  -4   3   1   0  -3   4   4  -4  -2  -2  -1   2   0    3   2   2   1   2   9   7   1   9   9  10   1   9  17   1   2   2   1   6   7  0.38 0.25
  154 A     0  -4  -3  -2  -6  -2   6  -2  -2  -4  -4  -2   2   1   1   0  -4  -3  -4  -5    7   1   1   2   0   1  53   3   1   1   1   2   6   6   7   6   1   0   0   1  1.06 0.59
  155 T    -2  -6  -6  -7   8  -6  -6  -7  -3   0  -4  -6  -2  -5  -6  -1   6  -7  -6   0    4   0   0   0  26   0   0   0   1   6   2   0   1   0   0   4  49   0   0   8  1.71 0.80
  156 C    -4  -5  -4  -4   6  -6  -6  -6  -7  -5  -8  -6  -7  -8  -7   7  -3  -9  -8  -5    1   1   0   1  14   0   0   0   0   1   0   0   0   0   0  81   1   0   0   1  2.35 1.09
  157 A     7  -4  -6  -7   1  -4  -6  -4  -7  -3  -4  -5  -6  -7  -5   0  -3  -7  -7   0   78   1   0   0   3   1   0   1   0   2   1   0   0   0   0   5   1   0   0   6  1.77 0.84
  158 T    -2   1  -3  -3  -3  -2  -3  -6  -4  -1   2   6  -3  -4  -4  -3   2  -6  -4   0    3   5   1   1   1   1   1   0   0   4  19  43   0   0   1   1  11   0   1   7  0.81 0.50
  159 Q    -1  -1   2   3  -2   0   2  -5  -1  -4  -1  -1   0  -4  -5   1   4  -6  -4  -4    4   2   8  16   1   4  12   0   1   1   6   3   3   1   0   8  28   0   1   0  0.54 0.39
  160 G     0   2   3  -1  -4   1  -3   4  -1  -5  -6   0  -1  -6  -3   1   1  -6  -3  -5    7  12  16   4   0   7   1  27   1   0   0   5   1   0   1  11   7   0   1   0  0.56 0.38
  161 T    -2  -1   0   1  -2   3   3  -4   1   1  -1   0   1  -1  -3   0   2  -4   1  -1    1   3   3   8   1  12  17   1   3  10   4   6   3   3   0   5  12   0   5   3  0.25 0.24
  162 G    -4  -4   7  -3  -5  -2  -5   5  -4  -8  -6  -5  -5  -8  -4  -2  -3  -8  -6  -8    1   1  53   1   0   2   0  35   0   0   1   0   0   0   1   2   2   0   0   0  1.84 0.84
  163 L    -5  -7  -7  -8  -6  -7  -7  -8  -7   4   2  -7  -3   0  -7  -6  -4  -6   1   6    0   0   0   0   0   0   0   0   0  24  19   0   0   3   0   0   1   0   5  48  1.43 0.66
  164 Y    -2   0   1   3  -2   2   3  -1  -2  -1  -3   2  -2  -3  -2  -2  -1  -5   0  -2    3   4   7  14   1  10  23   5   1   4   2  13   1   1   1   2   4   0   3   3  0.38 0.29
  165 E    -1  -3   0   3  -3   2   5  -3  -4  -4  -3   1  -3   0  -3  -2  -2  -6  -3  -4    6   1   4  13   1   8  43   2   0   1   3   8   0   5   1   2   2   0   1   1  0.79 0.50
  166 G     3  -4  -5  -5   0  -5  -5   2  -6   0   0  -5   0  -4   0  -1  -2  -6  -5   4   27   1   0   0   2   0   0  16   0   6   8   0   2   0   6   5   2   0   0  25  0.58 0.40
  167 L    -5  -8  -8  -9  -8  -8  -9  -9  -7   0   1  -8   2   9  -9  -7  -5  -5  -1  -3    1   0   0   0   0   0   0   0   0   6  12   0   4  74   0   0   1   0   1   2  2.47 0.96
  168 D    -2   1   1   3  -4   2   3  -4   1  -1  -1   0   0  -1  -4  -2   0  -5   1  -2    3   9   6  19   0   9  16   0   3   3   7   5   3   2   0   2   5   0   5   2  0.33 0.26
  169 W     0  -2  -2  -1   0   0   1  -3   1  -3  -2   0   0  -2  -5  -1   2   9  -1  -2    9   2   2   4   2   5  10   2   4   1   4   6   2   1   0   5  11  25   2   2  0.71 0.41
  170 L    -3  -6  -7  -8  -3  -6  -7  -8  -7   3   5  -6   3  -3  -7  -6  -4  -6  -5   3    2   0   0   0   1   0   0   0   0  15  55   0   6   0   0   0   1   0   0  19  1.33 0.61
  171 S     3  -3  -3  -5   2  -3  -3  -3  -4   2   1  -2  -1  -1  -4   1   1  -5  -4   3   25   1   1   0   4   1   1   1   0  10  12   2   1   2   0  11   9   0   0  19  0.39 0.30
  172 N    -1   4   1   2  -3   2   1  -4   0  -6  -4   3  -4  -6  -4   1   0  -6  -5  -4    5  23   7  11   0   9   8   0   2   0   1  18   0   0   0   9   6   0   0   1  0.60 0.38
  173 E    -1   0   2   1  -5   3   3  -4   2  -2  -3   2  -1  -3  -4  -2   0  -5   1  -1    4   5   9   7   0  13  23   0   4   3   1  11   2   1   0   2   5   0   6   5  0.39 0.30
  174 L    -5  -7  -7  -8  -5  -7  -7  -8  -7   7   3  -7   2  -4  -7  -6  -4  -7  -5   2    0   0   0   0   0   0   0   0   0  61  22   0   4   0   0   0   0   0   0  11  1.74 0.69
  175 S     2  -2   5  -1  -3  -2  -2  -2  -2  -4  -4  -2  -3  -4  -3   2   3  -5  -3  -3   22   0  39   0   0   0   0   0   0   0   0   0   0   0   0  18  21   0   0   0  0.73 0.29

                      K         Lambda
Standard Ungapped    0.1370     0.3213
Standard Gapped      0.0531     0.2670
PSI Ungapped         0.1736     0.3169
PSI Gapped           0.0531     0.2670
