
Last position-specific scoring matrix computed, weighted observed percentages rounded down, information per position, and relative weight of gapless real matches to pseudocounts
            A   R   N   D   C   Q   E   G   H   I   L   K   M   F   P   S   T   W   Y   V   A   R   N   D   C   Q   E   G   H   I   L   K   M   F   P   S   T   W   Y   V
    1 P    -1  -2  -2  -2  -3  -1  -1  -2  -2  -3  -3  -1  -3  -4   8  -1  -1  -4  -3  -3    0   0   0   0   0   0   0   0   0   0   0   0   0   0 100   0   0   0   0   0  2.08 0.01
    2 R    -2   5  -1  -2  -4   2   0  -3   0  -3  -2   3  -2  -2  -2  -1  -1  -2   2  -3    0  68   0   0   0   6   0   0   0   0   0  14   0   0   0   0   0   0  11   0  0.61 0.04
    3 I    -1  -2  -3  -3  -2   0  -2  -4  -2   3   3  -2   3   0  -3  -2   0  -2   0   2    0   0   0   0   0   5   0   0   0  24  35   0  16   0   0   0   4   0   3  14  0.29 0.04
    4 K    -1   3  -1  -2  -3   1   0  -2  -1  -2   0   5   0  -3  -2  -1  -1  -3  -2  -2    0  11   0   0   0   0   0   0   0   0  15  71   4   0   0   0   0   0   0   0  0.48 0.07
    5 K    -1   2  -1  -1  -3   1   2  -2  -1  -2  -1   3  -1   0  -2   0   2  -3  -2  -2    0  13   0   0   0   2  15   0   0   0   6  32   0   7   0   2  24   0   0   0  0.29 0.08
    6 F    -3  -4  -4  -4  -3  -4  -4  -4  -3   3   0  -4   1   7  -4  -3  -3  -1   1   0    0   0   0   0   0   0   0   0   0  25   0   0   5  69   0   0   0   0   0   2  0.91 0.15
    7 A     0   2   0  -1  -3   1   2  -2   0   1  -2   2  -1  -3  -2   1  -1  -3  -2  -1    4  17   2   0   0   7  16   0   2  17   0  18   0   0   0  16   0   0   0   0  0.22 0.06
    8 I    -2  -4  -4  -4  -2  -4  -4  -5  -4   5   0  -4   0  -1  -4  -3  -1  -4  -2   4    0   0   0   0   0   0   0   0   0  62   0   0   0   0   0   0   0   0   0  38  0.81 0.17
    9 Y    -2  -3  -3   0  -3  -2  -3  -4   0  -1   1  -3   2   3  -4  -2   0   0   6   0    0   0   0   6   0   0   0   0   0   0  16   0   8   8   0   0   8   0  50   4  0.62 0.15
   10 R    -3   7  -2  -3  -5   0  -1  -4  -2  -4  -4   2  -3  -4  -3  -2  -2  -4  -3  -4    0  90   0   0   0   0   0   0   0   0   0  10   0   0   0   0   0   0   0   0  1.38 0.23
   11 W    -3  -3  -4  -5  -4   1  -3  -4  -1  -3  -2  -3  -2   4  -5  -3  -3   9   5  -3    0   0   0   0   0   8   0   0   0   0   0   0   0  24   0   0   0  40  27   0  1.54 0.22
   12 D    -2  -2   5   5  -4  -1   1  -2  -1  -4  -4  -1  -3  -4  -3   0   0  -5  -3  -4    0   0  46  41   0   0   7   0   0   0   0   0   0   0   0   3   3   0   0   0  0.93 0.17
   13 P    -2  -2  -2  -2  -3  -2  -1  -3  -3  -3  -3  -2  -3  -4   8  -1  -2  -4  -3  -3    1   1   1   1   0   1   3   1   0   1   1   1   0   1  80   5   1   0   0   1  1.78 0.18
   14 D    -1  -1   1   4  -3   2   3   0  -1  -3  -3   0  -2  -3  -2   0  -1  -3  -2  -3    1   1   3  39   0  11  22   8   0   1   1   1   0   1   1   8   1   0   0   1  0.50 0.09
   15 K     0   0   1   0  -1   1   1  -1   0  -1  -1   1  -1  -1   0   1   1  -1  -1  -1    8   2  10   3   1   4   9   4   1   2   7  16   1   2   2  15   8   1   2   3  0.09 0.01
   16 T     1  -2  -1  -2  -2   0  -1  -2  -2   0  -1  -1  -1  -2   4   0   2  -3  -2   1   12   0   3   0   0   3   1   1   0   4   4   4   0   0  25   1  23   0   0  18  0.36 0.08
   17 G     1  -2   0   3  -3  -1   0   3  -2  -2  -2   0  -2  -3  -2   1   0  -4  -3   0   14   0   2  30   0   0   2  25   0   0   2   5   0   0   0   8   3   0   0   9  0.32 0.08
   18 D    -1   0   2   3  -3   1   3  -2  -1  -3  -3   1  -2  -3  -2   1   0  -4  -3  -2    3   3  10  25   0   4  25   0   0   0   0  12   0   0   0   7   6   0   0   2  0.40 0.08
   19 K     1   1   1  -1  -3   0   0  -2  -1  -3  -3   5  -2  -3  -2   1  -1  -3  -3  -3   16   3   5   0   0   0   4   0   0   0   0  60   0   0   0   8   0   0   0   0  0.53 0.14
   20 P    -2  -3   0  -2  -4  -2   0  -3  -3  -4  -4  -2  -4  -5   8  -2  -2  -5  -4  -4    0   0   6   0   0   0   5   0   0   0   0   0   0   0  87   0   0   0   0   0  2.12 0.26
   21 H    -2   2  -1  -3  -4  -1  -1  -3   6  -3  -3   0  -2   0  -3  -2   1   3   5  -3    0  15   0   0   0   0   3   0  35   0   0   4   0   2   0   0  10   5  26   0  0.72 0.16
   22 M    -2  -3  -3   0  -2  -2  -1  -4  -2   1   2  -2   4   3  -3  -1  -2  -2   1   0    0   0   0   8   0   0   6   0   0   8  29   0  20  21   0   4   0   0   3   2  0.30 0.10
   23 Q    -1   0  -1   1  -4   6   3  -3  -1  -3  -3   1  -2  -4  -2   1  -1  -3  -3  -2    4   0   0   5   0  52  18   0   0   0   0   6   0   0   0  13   0   0   0   3  0.66 0.17
   24 T     0  -1   0   2  -2   0   2  -2  -2   0  -2   0  -2  -1  -2   2   2  -3  -2  -1    4   0   2  12   0   0  19   0   0   8   0   3   0   4   0  22  23   0   0   3  0.25 0.09
   25 Y    -3  -3  -4  -5  -4  -3  -4  -5   1  -3  -2  -3  -2   5  -5  -3  -3   1   8  -3    0   0   0   0   0   0   0   0   3   0   0   0   0  21   0   0   0   0  77   0  1.59 0.26
   26 E    -1  -1   0   2  -3   2   4  -2   0  -3  -3   1  -2  -1   0   0   2  -3  -2  -2    0   0   2  11   0  11  34   0   2   0   0  10   0   4   5   3  16   0   0   3  0.36 0.10
   27 I    -2  -4  -4  -4  -2  -3  -4  -4  -4   4   2  -3   0  -1  -4  -3  -1  -3  -2   4    0   0   0   0   0   0   0   0   0  35  23   0   0   0   0   0   0   0   0  42  0.61 0.14
   28 D     0  -2   2   4  -4  -1   1  -2   0  -4  -4   0  -3  -4   4   0  -1  -5  -3  -3    6   0  10  38   0   0  10   0   3   0   0   5   0   0  25   5   0   0   0   0  0.69 0.12
   29 L    -1  -2  -2  -2  -2  -1   0  -2  -2   0   3   0   1   0  -3   0   0  -2   2   0    3   0   0   0   0   0   9   3   0   0  49   6   2   0   0   6   5   0  10   5  0.19 0.08
   30 N    -1   0   4   3  -3   0   2  -2  -1  -3  -3   2  -3  -4  -2   1   1  -4  -3  -3    2   1  27  16   0   0  14   0   0   0   0  15   0   0   0  14  10   0   0   0  0.43 0.10
   31 N     1   0   2   2  -2   1   2  -1  -1  -3  -3   1  -2  -3   1   0   0  -3  -2  -2   13   5  14  16   0   3  17   1   0   1   1  13   0   0   5   5   5   0   0   1  0.26 0.05
   32 C    -1  -2  -2  -2   7  -2  -1   0  -2   1  -1  -2  -1  -2   0   0   1  -2  -2  -1    2   1   1   1  38   1   6   7   1  12   2   1   1   1   6   6  11   0   1   2  0.44 0.09
   33 G     0  -1  -1   0  -2   1  -1   4  -2  -3  -3   0   0  -3  -2   0   0   2  -2  -2    6   1   1   6   0   7   1  50   0   1   1   7   5   0   1   5   4   4   0   1  0.45 0.08
   34 P    -1  -1  -2  -2  -2  -1  -1  -2  -2   0   0   1   3  -2   5   0   1  -3  -2  -1    1   1   1   1   0   1   1   1   0   5   6  10  16   0  39   4  13   0   0   1  0.63 0.10
   35 M     0  -2  -2  -3  -2  -1  -2  -3  -2   0   1   0   6  -1  -2   0   2  -2  -2   0    5   0   0   0   0   0   1   1   0   3   9   6  47   0   0   7  19   0   0   1  0.42 0.14
   36 V    -1  -3  -4  -4  -2  -3  -3  -4  -4   3   2  -3   1   1  -3  -3  -1  -3  -1   4    0   0   0   0   0   0   0   0   0  14  22   0   2   5   0   0   0   0   0  56  0.50 0.12
   37 L    -2  -3  -4  -5  -2  -3  -4  -5  -4   2   5  -4   1   1  -4  -3  -2  -3  -2   0    0   0   0   0   0   0   0   0   0  13  83   0   0   4   0   0   0   0   0   0  0.79 0.16
   38 D    -2  -2   1   6  -4  -1   1   0  -2  -1  -4  -2  -3  -4  -2   0  -2  -4  -4  -3    0   0   4  70   0   0   4   6   0   5   0   0   0   0   0   9   0   0   0   0  0.89 0.16
   39 A     5  -3  -3  -3  -2  -2  -2   0  -3  -1  -2  -2  -2  -3  -2   0  -1  -4  -3   2   80   0   0   0   0   0   0   4   0   0   0   0   0   0   0   0   0   0   0  16  0.70 0.18
   40 L    -3  -3  -5  -5  -2  -3  -4  -5  -4   1   6  -4   1  -1  -4  -4  -2  -3  -2   0    0   0   0   0   0   0   0   0   0   0 100   0   0   0   0   0   0   0   0   0  1.03 0.20
   41 I    -2  -2   1  -2  -2   1   1   0  -2   3   1  -1   2  -2  -3  -1   0  -3  -2   0    0   0   9   0   0  10  13  10   0  35  11   0   8   0   0   0   4   0   0   0  0.16 0.09
   42 K    -1   0  -2  -2  -3   1   1  -3  -1  -2   1   3   1   0  -2  -1  -2  -1   4  -2    4   2   0   0   0   7   8   0   0   0  17  35   4   0   0   0   0   0  22   0  0.30 0.11
   43 I    -3  -4  -5  -5  -2  -4  -5  -5  -5   6   2  -4   0  -1  -4  -4  -2  -4  -3   1    0   0   0   0   0   0   0   0   0  91   9   0   0   0   0   0   0   0   0   0  1.03 0.21
   44 K    -2   3   2  -1  -4   0   0  -3  -1  -4  -4   6  -3  -4  -2  -1  -2  -4  -3  -4    0  13  14   0   0   0   0   0   0   0   0  73   0   0   0   0   0   0   0   0  0.88 0.19
   45 N    -1  -1   4   3  -3   1   1   1  -1  -3  -3   2  -2  -3  -2   0  -1  -3  -3  -3    5   0  33  17   0   6   9   9   0   0   1  15   0   0   0   1   1   0   0   1  0.41 0.09
   46 E    -2  -1   1   0  -4   0   5  -3   4  -2  -3   0   1  -3  -2  -1   1  -4  -2  -3    0   0   8   0   0   0  54   0  12   2   0   3   6   0   0   0  14   0   0   0  0.57 0.15
   47 I    -2  -1  -2  -1   0   3  -1  -3   0   1   1   2   1   0  -3  -2  -2  -1   3   0    0   0   0   2   3  21   0   0   2  10  16  18   5   0   0   0   0   0  19   4  0.21 0.09
   48 D    -1  -2   1   6  -4  -1   1   0   1  -4  -4  -1  -3  -4  -2  -1   0  -5  -3  -3    6   0   6  63   0   0   7   5   4   0   0   0   0   0   0   0   8   0   0   0  0.81 0.15
   49 S     1  -2  -2  -2  -3  -2   0  -1  -3  -1  -3  -2  -2  -4   6   1   1  -4  -3  -2   15   0   0   0   0   0   5   4   0   5   0   0   0   0  46  16   8   0   0   0  0.85 0.13
   50 T    -1  -2   2   3  -2  -1  -1  -2  -2  -3  -3  -1  -2  -4   2   2   4  -4  -3  -2    0   0  14  20   0   0   0   0   0   0   0   0   0   0   8  18  40   0   0   0  0.51 0.13
   51 L    -2  -3  -4  -4  -2  -3  -4  -5  -4   3   4  -3   1  -1  -4  -3  -2  -3  -2   2    0   0   0   0   0   0   0   0   0  19  69   0   0   0   0   0   0   0   0  13  0.67 0.14
   52 T     1  -2   2  -1  -2   0  -1   0  -2  -2  -2  -1  -2  -3  -2   3   4  -3  -3  -2   10   0  10   0   0   5   0   4   0   0   4   0   0   0   0  30  38   0   0   0  0.40 0.12
   53 F    -3  -4  -4  -5  -4  -4  -4  -4  -2  -1   0  -4  -1   7  -5  -4  -3   5   4  -2    0   0   0   0   0   0   0   0   0   0   4   0   0  76   0   0   0   8  12   0  1.34 0.21
   54 R    -3   7  -1   2  -5   0  -1  -3  -2  -4  -4   1  -3  -4  -3  -2   0  -4  -3  -4    0  78   0  17   0   0   0   0   0   0   0   0   0   0   0   0   5   0   0   0  1.07 0.21
   55 R     0   5  -2  -3  -3  -1  -2  -3  -2  -3  -2   0   2   1  -3   0  -2   6  -1  -3    9  49   0   0   0   0   0   0   0   0   0   0   8   9   0  10   0  14   0   0  0.62 0.15
   56 S     0  -2   2  -1  -2  -1  -1  -2  -2  -3  -3  -1  -2  -3  -2   5   0  -4  -3   0    0   0   8   0   0   0   0   0   0   0   0   0   0   0   0  83   0   0   0   9  0.79 0.21
   57 C    -2  -5  -4  -5  11  -5  -5  -4  -5  -3  -3  -5  -3  -4  -5  -3  -3  -4  -4  -2    0   0   0   0 100   0   0   0   0   0   0   0   0   0   0   0   0   0   0   0  2.69 0.33
   58 R    -1   7  -2  -3  -4   0  -1  -3  -2  -3  -1   2  -2  -4  -3  -2  -2  -4  -3  -3    4  83   0   0   0   0   0   0   0   0   8   5   0   0   0   0   0   0   0   0  1.10 0.21
   59 E     2  -2   0   0  -3   0   5  -3  -2  -2  -2  -1   4  -3  -2  -1  -2  -4  -3  -2   19   0   4   0   0   0  58   0   0   0   0   0  19   0   0   0   0   0   0   0  0.62 0.17
   60 G     2  -3  -2  -2  -3  -2   0   6  -3  -4  -4  -2  -3  -4  -3  -1  -2  -4  -4  -3   19   0   0   0   0   0   8  73   0   0   0   0   0   0   0   0   0   0   0   0  1.01 0.17
   61 I    -2  -3  -4  -4  -2   2  -3  -4  -3   5   0  -3   0  -2  -4  -3  -2  -4  -2   3    0   0   0   0   0  14   0   0   0  67   0   0   0   0   0   0   0   0   0  19  0.66 0.17
   62 C    -2  -5  -4  -5  11  -5  -5  -4  -5  -3  -3  -5  -3  -4  -5  -3  -3  -4  -4  -2    0   0   0   0 100   0   0   0   0   0   0   0   0   0   0   0   0   0   0   0  2.69 0.33
   63 G    -1  -4  -2  -3  -4  -3  -3   7  -3  -5  -5  -3  -4  -5  -3  -2  -3  -4  -4  -5    0   0   0   0   0   0   0 100   0   0   0   0   0   0   0   0   0   0   0   0  1.67 0.23
   64 S     2  -2  -1  -2  -2  -1  -1  -1  -2  -3  -4  -1  -3  -4  -2   6   0  -4  -3  -3   14   0   0   0   0   0   0   0   0   0   0   0   0   0   0  86   0   0   0   0  0.91 0.22
   65 C    -2  -5  -3   1  10  -4  -4  -4  -4  -3  -3  -4  -3  -4  -4  -1  -2  -4  -4  -3    0   0   0   9  87   0   0   0   0   0   0   0   0   0   0   4   0   0   0   0  2.09 0.29
   66 A     4  -2  -2  -2  -2  -2  -2   3  -3  -3  -3  -2  -2  -3  -2   2  -1  -4  -3  -2   56   0   0   0   0   0   0  28   0   0   0   0   0   0   0  16   0   0   0   0  0.63 0.14
   67 M    -2  -3  -4  -5  -3  -2  -4  -4  -3   1   1  -3   8  -1  -4  -3  -2  -3  -2   2    0   0   0   0   0   0   0   0   0   3   5   0  72   0   0   0   0   0   0  20  1.09 0.24
   68 N    -2   0   5  -1   0  -1  -2  -2  -1  -1  -1   0   4  -3  -3  -1   1  -4  -3   0    0   5  47   0   2   0   0   0   0   0   0   6  23   0   0   0   8   0   0   8  0.50 0.15
   69 I    -2  -4  -4  -4  -2  -3  -4  -5  -4   5   1  -3   3  -1  -4  -3  -2  -4  -2   3    0   0   0   0   0   0   0   0   0  68   2   0  11   0   0   0   0   0   0  20  0.77 0.17
   70 N    -2  -2   7   4  -4  -1  -1   0  -1  -4  -5  -1  -4  -4  -3  -1  -1  -5  -4  -4    1   0  70  22   0   0   0   6   0   0   0   0   0   0   0   0   0   0   0   0  1.09 0.20
   71 G    -1  -1   1  -2  -4  -2  -3   6  -3  -5  -5  -1  -4  -4  -3  -1  -3  -4  -4  -4    0   3   7   0   0   0   0  86   0   0   0   5   0   0   0   0   0   0   0   0  1.26 0.19
   72 G    -1   2  -1   0   0   0   1   0   1  -1  -2   2  -1  -3  -2   0   1  -3  -2   0    1  11   0   6   3   1  10   8   5   2   0  26   0   0   0   3  12   0   0  13  0.16 0.06
   73 N    -2  -2   5  -1  -3  -2  -2  -2  -1  -3  -4  -2  -3  -4   5   1  -1  -5  -3  -1    0   0  49   0   0   0   0   0   0   0   0   0   0   0  35  10   0   0   0   6  0.98 0.18
   74 T     0   2  -1  -2  -2  -1  -1   1   0  -2  -2   2  -2  -2  -2   1   3  -3   0  -1    4  16   0   0   0   0   0   9   2   0   0  18   0   0   0   9  29   0   5   6  0.24 0.09
   75 L    -2  -3  -4  -4  -2   1  -3  -5  -3   1   5  -3   1  -1  -4  -3  -2  -3  -2   0    0   0   0   0   0   8   0   0   0   0  88   0   0   0   0   0   0   0   0   4  0.77 0.17
   76 A     6  -3  -2  -3  -2  -2  -2  -1  -3  -3  -3  -2  -2  -3  -2   1  -1  -4  -3  -1   92   0   0   0   0   0   0   0   0   0   0   0   0   0   0   8   0   0   0   0  0.91 0.21
   77 C    -2  -5  -4  -5  11  -5  -5  -4  -5  -3  -3  -5  -3  -4  -5  -3  -3  -4  -4  -2    0   0   0   0 100   0   0   0   0   0   0   0   0   0   0   0   0   0   0   0  2.69 0.33
   78 T     0   0  -1   0  -2  -1   0  -2  -2   2   1   1   0  -1  -2  -1   1  -3  -2   1    5   5   0   6   0   0   4   1   0  17  23  16   0   0   0   1  15   0   0   5  0.09 0.05
   79 R     0   1  -1  -2   3   0  -1  -2  -2  -2  -2   2  -2  -3  -2   0   4  -3  -1  -1    9   6   1   0  10   3   0   0   0   0   1  16   0   0   0   2  47   0   2   2  0.36 0.11
   80 R    -2   2  -1  -2  -3   1  -1  -2  -2  -2   1   3  -1   1   3  -1  -1  -3  -1  -2    0  13   1   0   0   4   0   2   0   0  17  32   0  11  13   3   3   0   0   0  0.26 0.08
   81 I     0  -3  -3  -4  -2  -3  -3  -4  -3   4   2  -3   3   0  -3  -2   1  -3  -2   2    6   0   0   0   0   0   0   0   0  45  17   0  10   3   0   0   9   0   0  11  0.39 0.10
   82 D    -1   1   1   3  -3   0   2  -2  -1  -3  -2   1  -2  -3  -1   1   0  -3  -3  -2    4   7   8  27   0   2  18   0   0   0   4  12   0   0   2   7   7   0   0   0  0.33 0.07
   83 T    -1   0   0   4  -2   0   1  -2  -1  -1  -2   0  -2  -3   0   1   2  -3  -2  -1    1   4   0  31   0   4   9   1   0   5   1   4   0   0   4  12  16   0   0   6  0.27 0.07
   84 N    -1  -1   2   2  -1   2   1   0  -1  -1   0   0  -1   1  -2  -1  -1  -2   2  -2    4   0  17  14   2  12   8   5   0   3  10   5   0   9   0   2   0   0  11   0  0.14 0.06
   85 L     0  -2  -1   0  -2  -1   1  -2  -2   0   1  -1   2   0   2   0   1  -2   0  -1    5   0   2   6   0   0  13   1   0   2  22   2   9   6  10   4  15   0   4   0  0.12 0.05
   86 D    -1  -2   3   2  -3  -1   2   1  -1  -1  -3  -1  -2  -3   0   2  -1  -4  -3  -2    2   0  19  14   0   0  14  12   0   8   0   1   0   0   4  26   0   0   0   0  0.30 0.08
   87 K     0   1   0   0  -3   2   1   3  -1  -2  -3   2  -2  -2  -2   0  -1  -3  -2  -2    8   5   3   4   0  11   7  26   0   2   1  23   0   2   1   4   1   0   0   1  0.26 0.06
   88 V     0  -2  -2  -1  -2  -1   0  -2   0   1  -1  -1   0  -1   3  -1   0  -2   1   2    4   0   0   3   0   2   5   1   4   8   1   3   4   0  20   3   6   0   6  29  0.22 0.06
   89 S    -1  -2  -1  -2  -1  -1  -2  -1  -2   3   0   0   1  -1  -2   0   2  -2  -2   2    1   1   3   1   0   1   1   4   0  30   4   6   5   1   1   6  21   0   1  14  0.14 0.06
   90 K    -1   3  -1  -1  -2   0   1  -2  -1  -1  -2   3  -1  -2  -1   0   1  -2   0  -1    2  27   1   1   0   1   7   1   0   3   2  29   0   1   1   1  15   0   4   4  0.30 0.07
   91 I    -2  -4  -4  -4  -2  -3  -4  -4  -4   5   2  -3   0  -1   0  -3  -1  -3  -2   3    0   0   0   0   0   0   0   0   0  57  17   0   0   0   6   0   0   0   0  20  0.60 0.14
   92 Y    -2   1  -2  -1  -3   0   2  -3   0  -2  -1   1   0   0  -3   0   0  -1   5  -1    0   9   0   0   0   0  22   0   0   0   4   8   4   0   0   7   7   0  32   6  0.31 0.11
   93 P     0  -3  -3   0  -4  -3  -2  -3  -3  -4  -4  -2  -4  -5   8  -2  -2  -5  -4  -4    6   0   0   6   0   0   0   0   0   0   0   0   0   0  88   0   0   0   0   0  2.14 0.25
   94 L    -2  -3  -4  -5  -2  -3  -4  -5  -4   1   5  -3   4  -1  -4  -3  -2  -3  -2   0    0   0   0   0   0   0   0   0   0   0  83   0  17   0   0   0   0   0   0   0  0.88 0.18
   95 P     0   1  -2  -2  -4  -2   0   0  -3  -4  -4   1  -3  -4   7  -1  -2  -4  -4  -3    7   8   0   0   0   0   5   8   0   0   0   8   0   0  64   0   0   0   0   0  1.32 0.17
   96 H    -1  -1   3  -1  -3  -1  -1   2   7  -3  -3  -1  -2  -3  -2   0   0  -3  -1  -3    5   0  20   0   0   0   0  18  40   0   1   0   0   0   0   5   9   0   0   0  0.61 0.13
   97 M    -2  -3  -3  -4  -1  -2  -3  -3   1   0   1  -3   5   5  -3  -2  -1  -1   1  -1    0   0   0   0   2   0   0   0   5   3   6   0  32  44   0   0   4   0   0   0  0.63 0.15
   98 Y    -2   0  -2   0  -3  -1  -1  -3   1  -2  -2   1  -2   2   5  -1  -1  -1   4  -2    0   6   0   5   0   0   0   0   3   0   1  11   0  13  34   0   5   0  20   0  0.60 0.11
   99 V    -1  -4  -4  -4  -2  -3  -4  -4  -4   4   1  -3   0  -1  -4  -3  -1  -4  -2   5    0   0   0   0   0   0   0   0   0  22   9   0   0   0   0   0   0   0   0  69  0.72 0.16
  100 I    -2  -3  -4  -3  -2  -3   0  -4  -4   5   1  -3   0  -1  -3  -3  -1  -4  -2   4    0   0   0   0   0   0  10   0   0  56   3   0   0   0   0   0   0   0   0  31  0.59 0.15
  101 K    -2   5  -1  -2  -4   0  -1  -3  -2  -4  -3   5  -2  -4  -2   1  -2  -4  -3  -3    0  41   0   0   0   0   0   0   0   0   0  49   0   0   0  10   0   0   0   0  0.84 0.17
  102 D    -3  -3   0   7  -5  -2   0  -3  -3  -5  -5  -2  -5  -5  -3  -2  -2  -6  -5  -5    0   0   0 100   0   0   0   0   0   0   0   0   0   0   0   0   0   0   0   0  1.73 0.26
  103 L    -3  -3  -5  -5  -2  -3  -4  -5  -4   1   6  -4   1  -1  -4  -4  -2  -3  -2   0    0   0   0   0   0   0   0   0   0   0 100   0   0   0   0   0   0   0   0   0  1.03 0.20
  104 V    -1  -3  -3  -3  -2   1  -2  -4  -3   2   0  -2   2  -2  -3  -1  -1  -4  -2   5    0   0   0   0   0   9   0   0   0  10   0   0   6   0   0   6   0   0   0  69  0.52 0.14
  105 P    -1  -4  -4  -4  -2  -3  -3  -4  -4   1  -1  -3  -1  -3   5  -2  -1  -4  -3   5    0   0   0   0   0   0   0   0   0   0   0   0   0   0  30   0   0   0   0  70  0.89 0.18
  106 D    -3  -3   0   7  -5  -2   0  -3  -2  -5  -5  -2  -5  -5  -3  -2  -2  -6  -5  -5    0   0   0 100   0   0   0   0   0   0   0   0   0   0   0   0   0   0   0   0  1.69 0.24

                      K         Lambda
Standard Ungapped    0.1406     0.3223
Standard Gapped      0.0410     0.2670
PSI Ungapped         0.1406     0.3223
PSI Gapped           0.0410     0.2670
