
Last position-specific scoring matrix computed, weighted observed percentages rounded down, information per position, and relative weight of gapless real matches to pseudocounts
            A   R   N   D   C   Q   E   G   H   I   L   K   M   F   P   S   T   W   Y   V   A   R   N   D   C   Q   E   G   H   I   L   K   M   F   P   S   T   W   Y   V
    1 T     0  -2   0  -1  -1  -1  -1  -2  -2  -2  -2  -1  -1  -3  -2   2   5  -3  -2  -1    0   0   0   0   0   0   0   0   0   0   0   0   0   0   0  19  81   0   0   0  0.66 0.10
    2 K    -1   4   0   0  -4   1   0  -2  -1  -3  -3   5  -2  -4  -2  -1  -1  -4  -2  -3    0  29   4   6   0   2   0   0   0   0   0  59   0   0   0   0   0   0   0   0  0.61 0.07
    3 L    -1  -3  -4  -4  -1  -3  -3  -4  -4   3   1  -3   0  -1  -3  -2  -1  -3  -2   5    2   0   0   0   0   0   0   0   0  23   4   0   0   0   0   0   0   0   0  71  0.52 0.09
    4 G     2  -3  -1  -2  -2  -2  -2   5  -3  -2  -3  -2  -2  -2  -2   0  -1  -3  -3  -1   25   0   0   0   0   0   0  64   0   0   0   0   0   2   0   2   0   0   0   7  0.70 0.09
    5 I    -2  -4  -4  -4  -2  -4  -4  -5  -4   6   1  -3   1  -1  -4  -3  -1  -3  -2   2    0   0   0   0   0   0   0   0   0  88   6   0   0   0   0   0   0   0   0   5  0.71 0.13
    6 N    -3  -1   7   0  -4  -1  -1  -1   0  -4  -4  -1  -3  -3  -3   0  -1  -4   0  -4    0   0  96   0   0   0   0   0   0   0   0   0   0   0   0   0   0   0   4   0  1.20 0.19
    7 G    -1  -3  -1  -2  -3  -2  -1   6  -3  -5  -5  -2  -4  -4  -3  -1  -2  -3  -4  -4    0   0   0   0   0   0   4  96   0   0   0   0   0   0   0   0   0   0   0   0  1.32 0.16
    8 F    -3  -4  -4  -5  -3  -4  -4  -4  -2  -1   0  -4   1   8  -5  -3  -3   0   3  -2    0   0   0   0   0   0   0   0   0   0   0   0   3  92   0   0   0   0   5   0  1.25 0.18
    9 G    -1   3  -1  -2  -4  -2  -3   6  -3  -5  -4  -1  -3  -4  -3  -1  -3  -4  -4  -4    0  20   0   0   0   0   0  80   0   0   0   0   0   0   0   0   0   0   0   0  1.14 0.19
   10 R    -2   7  -1  -2   1   0  -1  -3  -1  -4  -3   1  -2  -4  -3   1  -2  -4  -3  -3    0  79   0   0   4   0   0   0   0   0   0   0   0   0   0  17   0   0   0   0  1.00 0.23
   11 I    -2  -2  -2  -3  -2  -2  -2  -3   4   5   0  -2   1  -1  -3  -2  -1  -3  -1   1    1   1   1   1   0   1   1   1  15  64   2   1   3   1   1   1   1   0   1   4  0.47 0.15
   12 G    -1  -3  -1  -2  -3  -2  -2   6  -2  -3  -3  -2  -3  -2  -2  -1  -2   6  -2  -3    1   1   1   1   0   1   1  70   0   1   2   1   0   1   1   1   1  15   1   1  1.02 0.17
   13 R    -2   6  -1  -2  -3   0  -1  -2  -1  -3  -3   1  -2  -3   3  -1  -2  -3  -2  -3    1  66   1   1   0   1   1   1   0   1   2   1   0   1  16   4   1   0   1   1  0.80 0.17
   14 L    -1  -2   3  -2   0  -1  -2  -2  -1   1   2  -2   2  -1  -2   0  -1  -2   1   0    1   1  20   1   2   2   1   1   0  11  27   1   8   0   1   7   1   0   8   6  0.13 0.10
   15 V     0  -3  -3  -3   3  -2  -3  -3  -3   2   1  -3   0   2  -3  -2  -1  -2   0   4    6   1   1   1   8   0   1   1   0   5  10   1   0   9   1   1   1   0   3  52  0.33 0.15
   16 F    -1  -3  -3  -3  -2  -2  -3  -3  -2   1   3  -3   1   5  -3  -2  -1  -1   1   0    7   1   1   1   0   0   1   1   0   4  37   1   3  32   1   1   4   0   3   4  0.37 0.14
   17 R     0   6  -1  -2  -3   1  -1  -2  -1  -3  -3   1  -2  -3  -2   0  -2  -3  -2  -3    9  68   1   1   0   6   1   1   0   1   1   4   0   0   1   5   1   0   0   1  0.81 0.25
   18 A     2   0   1  -2   4  -1  -2  -1  -2   1   0  -1  -1  -2  -2   0  -1  -3  -2   0   34   5  10   1  14   2   1   1   0  12   6   3   0   0   1   4   1   0   0   6  0.18 0.11
   19 A     3  -2  -2  -3   0  -2  -2  -1  -1   1   1  -2   1  -2  -2   1   0   4  -2   0   38   1   0   1   2   0   1   2   1  10  18   1   4   0   1   9   3   6   0   2  0.29 0.19
   20 F    -1  -3  -3  -3   2   2  -1  -4   2   1   2  -2   2   1  -3  -2   0   3   1   0    6   0   0   0   4  12   5   0   6  10  21   0   5   6   0   0   7   4   5   7  0.22 0.21
   21 G     0   0   0   1  -3   1   2   1   1  -1  -1   0   0   0  -2   0   0  -3  -2  -1    5   3   5   6   0   5  19  12   3   3   6   6   3   5   0   8   6   0   0   4  0.11 0.12
   22 R    -2   5   2   0  -2   1  -1  -2   2  -3  -3   2  -2  -3  -3   0  -1   0  -2  -2    1  42  10   5   1   6   0   1   6   1   1  10   1   0   0   7   2   2   0   3  0.51 0.20
   23 K     0  -1   1   3  -2   1   1   0  -1  -3  -3   2  -2  -3   3   0   1  -4  -3  -3    6   0   8  18   0   6   5   7   1   0   0  15   1   1  15   6  11   0   0   0  0.32 0.11
   24 D    -2  -1   2   4  -4   1   2   2  -1  -4  -4   0  -3  -4  -2   0  -1  -4  -3  -4    1   3   9  35   0   7  18  15   1   0   1   3   0   0   1   3   3   0   0   0  0.53 0.17
   25 I    -1  -1  -4  -4   0  -3  -4  -4  -4   4   2  -3   1  -1  -4  -3  -1  -3  -2   3    3   5   0   0   1   0   0   0   0  36  20   0   4   2   0   0   2   0   0  26  0.49 0.17
   26 E     0  -1   1   3  -4   3   5  -3  -1  -4  -4   1  -3  -4  -2   0  -1  -4  -3  -4    6   2   7  17   0  12  43   0   1   0   0   7   0   0   0   3   2   0   0   0  0.64 0.20
   27 V    -2  -4  -5  -5  -3  -4  -4  -5  -5   4   1  -4   0  -1  -4  -3  -2  -4  -3   5    1   0   0   0   0   0   0   0   0  27  10   0   0   2   0   0   0   0   0  60  0.88 0.27
   28 V    -1  -4  -5  -5  -3  -4  -4  -5  -5   2   0  -3  -1  -3  -4  -3  -1  -5  -3   6    4   0   0   0   0   0   0   0   0   5   4   1   0   0   0   0   2   0   0  84  1.08 0.33
   29 A     5  -2  -3  -3  -1  -1  -3   1   0  -2  -1  -2  -2  -4  -3   0  -1  -4  -3   1   72   1   0   0   1   2   0   7   2   0   4   0   0   0   0   1   1   0   0   8  0.70 0.27
   30 I    -2   0  -4  -5  -3  -4  -4  -5  -4   5   0  -3   0  -2  -4  -3  -2  -4  -3   4    1   6   0   0   0   0   0   0   0  54   2   0   0   0   0   0   0   0   0  36  0.82 0.24
   31 N    -3  -2   8  -1  -5  -2  -2  -2  -1  -4  -5   0  -4  -5  -4  -1  -2  -6  -4  -1    0   0  87   0   0   0   0   0   0   0   0   6   0   0   0   1   0   0   0   6  1.54 0.37
   32 D    -1  -3  -1   7  -5  -2   3   0  -3  -5  -5  -2  -5  -5  -3  -2  -3  -6  -5  -5    4   0   0  74   0   0  15   6   0   0   0   0   0   0   0   0   0   0   0   0  1.31 0.30
   33 P     0  -1  -1  -1  -1  -1  -1  -1  -1  -1  -1  -1   1  -2   5   0   0  -2  -1  -1   10   2   2   2   1   2   3   4   1   3   6   2   6   2  34   9   7   1   1   3  0.44 0.07
   34 F    -2  -3  -2  -3  -3  -3  -1  -4  -2   0   3  -2   0   5  -3  -1  -2  -1   1   0    2   0   2   0   0   0   4   1   0   2  42   1   0  31   0   4   1   0   3   5  0.46 0.16
   35 M     1  -3  -1  -3  -2  -2  -3   1  -3   3   0  -2   1  -2  -3   0   3  -3  -3   1   18   0   3   0   0   0   0  12   0  28   3   0   5   0   0   3  23   0   0   4  0.26 0.14
   36 D    -1  -2   1   5  -4   0   2   0  -1  -4  -4   0  -3  -4   0   1   0  -5  -4  -3    5   0   6  43   0   2   9   6   1   0   0   5   0   0   5  11   6   0   0   0  0.55 0.17
   37 L     1  -3   0   0  -1  -2  -2  -2  -3  -1   0  -2  -1  -3   5  -1   1   0  -3   1   18   0   7   5   1   0   0   2   0   1  12   0   0   0  27   0  11   2   0  13  0.40 0.15
   38 N     0   0   0   3  -4   0   4  -3   1  -3  -4   2  -3  -4  -2   0  -1  -4  -3  -1    7   3   4  16   0   1  35   0   3   0   0  17   0   0   1   6   2   0   0   5  0.45 0.16
   39 H     1  -2  -1  -3  -3  -1  -1   0   0  -1  -2  -1   0   0  -3  -1   2  -1   6  -1   11   0   2   0   0   3   4   8   1   4   1   3   3   0   0   1  19   0  37   1  0.42 0.19
   40 L     1  -1   0  -4  -3  -2  -3  -3  -3   2   3  -3   6   1  -4  -2  -2  -3  -2   0   16   3   5   0   0   0   0   0   0  14  25   0  31   5   0   0   1   0   0   1  0.45 0.20
   41 C     5  -2  -3  -1   0  -2  -1  -2  -3  -1  -2  -2  -2  -3  -2   1   1  -4  -3   1   64   1   0   4   1   0   2   0   0   1   2   0   0   0   0   7   7   0   0  11  0.56 0.23
   42 Y    -4  -1  -3  -4  -5  -2  -3  -5   8  -4  -4  -3  -3   1  -5  -1  -2  -1   7  -4    0   2   0   0   0   0   0   0  41   0   0   0   0   2   0   4   2   0  49   0  1.61 0.39
   43 L    -3  -3  -4  -5  -3   0  -4  -5  -4   0   5  -3   6   1  -4  -3  -3  -3  -2  -1    0   0   0   0   0   5   0   0   0   1  60   0  29   4   0   1   0   0   0   0  0.91 0.29
   44 L    -1  -4  -4  -5  -3  -4  -4  -5  -4   0   4  -4   2   5  -4  -3   0  -2  -1  -1    4   0   0   0   0   0   0   0   0   3  56   0   4  26   0   0   6   0   0   1  0.70 0.23
   45 K    -1   2   0  -2  -5   3   0  -3  -2  -5  -4   6  -3  -5  -3  -2  -2  -5  -4  -4    4   7   3   0   0  14   3   0   0   0   0  70   0   0   0   0   0   0   0   0  1.05 0.31
   46 Y    -4   0  -4  -5  -5  -3  -4  -5   3  -4  -3  -4  -3   3  -5  -4  -4   0   9  -4    0   6   0   0   0   0   0   0   5   0   0   0   0   8   0   0   0   0  81   0  1.92 0.43
   47 D    -4  -4  -1   8  -6  -3  -1  -4  -3  -6  -6  -3  -6  -6  -4  -2  -3  -7  -6  -6    0   0   0 100   0   0   0   0   0   0   0   0   0   0   0   0   0   0   0   0  2.16 0.46
   48 S    -1  -3  -1  -2  -3  -2  -2  -2  -3  -4  -4  -2  -3  -4  -3   6   4  -5  -4  -3    0   0   0   0   0   0   0   0   0   0   0   0   0   0   0  72  28   0   0   0  1.13 0.36
   49 V     0  -3  -1  -3  -1  -2  -3  -3  -3   2  -1  -3   1  -3  -3   0   4  -4  -3   3    5   0   2   0   1   1   0   0   0  11   0   0   4   0   0   7  37   0   0  32  0.47 0.21
   50 H    -4  -3  -2  -4  -5   0  -2  -4  10  -4   0  -3   2  -2  -4  -2  -4  -4   2  -4    0   0   0   0   0   3   0   0  73   0  11   0   6   1   0   2   0   0   4   0  1.68 0.41
   51 G    -2  -4  -2  -3  -5  -4  -4   7   0  -6  -6  -2  -5  -5  -4  -2  -4  -5  -5  -5    0   0   0   0   0   0   0  95   2   0   0   2   0   0   0   0   0   0   0   0  1.82 0.38
   52 Q    -2   5  -1  -2  -4   2   0  -3  -1  -2  -2   2  -2  -4   0  -1   0  -4  -3  -1    1  50   2   0   0   7   5   0   1   3   3  10   1   0   5   2   7   0   0   4  0.59 0.20
   53 F    -4  -5  -5  -6  -3  -5  -5  -5  -3  -2   1  -5  -1   8  -4  -4  -4   5   4  -3    0   0   0   0   0   0   0   0   0   0  11   0   1  65   1   0   0   7  15   0  1.53 0.38
   54 P     0   0   1   3  -4   0   0   0   1  -4  -4   3  -3  -3   3  -1  -1  -4  -3  -3    8   2   7  17   0   3   3   6   3   0   0  31   0   1  15   1   3   0   0   0  0.42 0.17
   55 C     0  -1  -2  -3   0  -1  -1   5   3  -4  -4   1  -3  -1  -1  -1  -2   4  -1  -4    9   1   1   0   2   2   2  45   9   0   1   9   0   3   3   2   2   7   1   0  0.56 0.19
   56 E    -2  -1  -1   3  -4   0   4  -3   0  -4  -4   1  -3  -4   0   1   3  -4  -3  -3    0   2   1  19   0   3  28   0   2   0   0  11   0   0   5   8  21   0   0   0  0.51 0.20
   57 V    -1  -5  -5  -5  -3  -4  -5  -5  -5   3   0  -4  -1  -3  -5  -4  -2  -5  -3   6    3   0   0   0   0   0   0   0   0  16   4   0   0   0   0   0   0   0   0  77  1.19 0.35
   58 T    -1   1   0  -1  -3   0   3  -2  -1  -3  -3   2  -2  -4  -2   2   2  -4  -3   0    3   9   2   1   0   2  27   0   0   0   0  17   0   0   0  17  14   0   0   7  0.39 0.18
   59 H     1  -2  -2  -3  -2   0  -2  -2   3   1   0  -2   0   0  -1  -1   0  -3   1   3   18   0   0   0   0   6   1   2  12   5  10   0   1   3   3   3   5   0   4  27  0.18 0.13
   60 A    -1   0   1   4  -4   0   3  -1  -2  -2  -3   3  -3  -4  -3   0  -1  -4  -2  -2    3   2   4  25   0   2  18   3   0   3   0  25   0   0   0   7   3   0   1   2  0.43 0.17
   61 D    -1  -1   3   5  -1   0   2   2  -2  -5  -5   0  -4  -5  -2  -1  -2  -5  -4  -4    3   3  15  34   1   4  17  19   0   0   0   3   0   0   2   1   0   0   0   0  0.63 0.21
   62 G    -2  -2   3   4  -4   0   2   4  -1  -5  -5   0  -4  -4  -3  -1  -2  -4  -1  -4    0   0  16  24   0   4  13  32   0   0   0   4   0   0   0   3   1   0   2   0  0.64 0.21
   63 F     0   0   0   0  -2   1  -1   1   3  -2  -2   2  -1  -1  -2   1   1   0   0  -1    7   2   4   5   1   7   0  10   9   1   2  18   1   3   0   9  13   1   2   5  0.13 0.09
   64 L    -3  -4  -5  -5  -3  -4  -5  -5  -5   3   5  -4   2   1  -5  -4  -3  -3  -2   0    0   0   0   0   0   0   0   0   0  19  67   0   5   6   0   0   0   0   0   3  0.93 0.28
   65 L    -2  -1  -2  -2  -2  -1  -1  -4  -1   2   1  -1   0   0  -3   0   1   1   1   3    0   3   1   2   0   3   4   0   1  17  10   2   1   3   0   6  10   2   6  28  0.18 0.11
   66 I    -1  -5  -5  -5  -3  -4  -5  -5  -5   5   0  -4   0   1  -4  -4  -2  -4  -3   5    3   0   0   0   0   0   0   0   0  32   1   0   1   5   0   0   0   0   0  58  1.00 0.31
   67 G    -1  -3   5   4  -5  -2  -1   3   0  -5  -5  -2  -3  -5  -4  -1  -2  -5  -4  -5    4   0  34  29   0   0   2  28   2   0   0   1   1   0   0   0   0   0   0   0  0.90 0.28
   68 E    -2  -1   0   2  -4  -1   0   6   0  -5  -5  -2  -4  -5  -4   0  -3  -5  -4  -5    0   2   4  14   0   2   7  62   2   0   0   1   0   0   0   5   0   0   0   0  0.96 0.27
   69 K    -2   1   1   3  -5   0   0  -2   3  -4  -3   5  -3  -4  -3  -2   0  -5  -3  -4    0   6   7  20   0   3   1   1  10   0   3  44   0   0   0   0   5   0   0   0  0.62 0.24
   70 K     1   1  -1   0  -2   0   2  -2   0  -2  -2   2  -2  -1   3   0   0  -4  -2  -2   11   9   2   3   0   1  15   0   2   1   4  21   0   4  13   5   8   0   0   2  0.24 0.11
   71 V    -2  -5  -5  -5  -3  -5  -5  -6  -5   7   0  -5   0  -2  -5  -4  -3  -5  -2   3    1   0   0   0   0   0   0   0   0  78   2   0   0   0   0   0   0   0   1  17  1.34 0.37
   72 S     1   3  -1  -2  -1   1  -1  -2   0  -2  -2   3  -2  -3   0   1   1  -4  -2  -2   12  22   1   0   1   4   1   1   3   3   2  26   0   0   3   8  10   0   1   1  0.31 0.15
   73 V    -1  -4  -4  -5   1  -4  -4  -5  -4   3   2  -4  -1   2  -4  -3  -1  -4  -2   5    2   0   0   0   3   0   0   0   0  12  16   0   0   9   0   1   3   0   0  54  0.67 0.24
   74 F    -2  -3  -3  -4  -3  -3  -3  -4   0   1   2  -1  -1   5  -4  -1   1  -1   3   1    0   0   0   0   0   0   0   0   3   6  18   3   0  33   0   6  11   0  11   9  0.47 0.19
   75 A     3  -1   1  -2   0   2  -1   0   4  -3  -3  -1  -2  -3  -3   2   0  -4   0  -3   33   2   7   1   2  11   2   7  16   0   0   1   0   0   0  14   3   0   2   0  0.38 0.18
   76 E    -2  -1  -1   1   2   2   5  -3   0  -1  -2  -1  -2  -3  -3   0  -2  -4  -1  -1    1   1   2   4   6   9  50   1   1   6   2   2   0   1   0   8   0   0   2   4  0.55 0.23
   77 K    -1   6  -1  -3  -4  -1  -1  -2  -2  -4  -4   3   0  -4   1   0  -1  -4  -3  -4    4  53   2   0   0   1   2   3   0   0   0  16   4   0   7   5   2   0   0   0  0.80 0.26
   78 D    -3  -3   4   6  -5   0   2  -3  -2  -5  -5   0  -4  -5  -3  -1  -2  -6  -4  -5    0   0  23  56   0   2  10   0   0   0   0   4   0   0   0   2   1   0   0   0  1.16 0.31
   79 P     0  -5  -5  -4  -5  -4  -4  -5  -5   2  -2  -4  -4  -5   8  -3  -3  -6  -5  -2    6   0   0   0   0   0   0   0   0  12   3   0   0   0  78   0   0   0   0   1  2.02 0.44
   80 S     3  -1  -1  -1  -2   0   2  -1  -2  -3  -2   1  -2  -4  -2   1   0  -4  -3  -2   40   1   2   1   0   3  18   2   0   0   3  11   0   0   1  11   5   0   0   2  0.36 0.18
   81 Q     0  -1   4   2  -3   2   2  -2  -1  -4  -2   1  -2  -4  -3   0  -1  -4  -3  -3   10   1  30  13   0  11  16   0   0   0   4   9   0   0   0   5   1   0   0   0  0.47 0.19
   82 I    -3  -4  -5  -5  -3  -4  -5  -6  -5   5   5  -4   0  -2  -5  -4  -3  -4  -3   1    0   0   0   0   0   0   0   0   0  41  56   0   0   0   0   0   0   0   0   3  1.04 0.31
   83 P    -2  -3  -2   0  -5  -2  -3  -3  -4  -5  -5   1  -1  -6   8  -2  -3  -6  -5  -5    2   0   1   6   0   1   0   1   0   0   0  11   2   0  76   1   0   0   0   0  1.96 0.43
   84 W    -5  -5  -6  -7  -5  -5  -6  -5  -2  -6  -5  -6  -4  -2  -6  -6  -5  13   1  -6    0   1   0   0   0   0   0   0   1   0   0   0   0   0   0   0   0  94   2   0  4.09 0.69
   85 G     1   1   0   0  -3   0  -1   4   0  -4  -4   2  -3  -4  -3   0  -1  -4  -3  -3   16   9   2   5   0   3   3  37   3   0   0  13   0   0   0   6   2   0   0   0  0.44 0.16
   86 K     0  -1  -1   3  -4   1   4  -2  -2  -4  -4   2  -3  -4  -2   1   0  -4  -3  -3    9   1   1  20   0   6  33   0   0   0   0  14   0   0   0  10   4   0   0   1  0.54 0.20
   87 C     1  -2  -2  -1   0  -1  -1  -3   1   0   3  -2   1   0  -3  -1   0   0   0   1   13   0   0   4   2   1   2   0   4   4  38   1   4   2   0   3   8   1   3   8  0.17 0.11
   88 Q    -2  -4   1   2  -5   0  -1   6  -3  -6  -5  -2  -4  -5  -4  -2  -3  -5  -5  -5    1   0   6  13   0   4   4  70   0   0   0   1   0   0   0   1   0   0   0   0  1.19 0.31
   89 V     2  -3  -3  -4  -2  -3  -3  -3  -4   3  -1  -3  -1  -2  -3  -1  -1  -4  -3   4   26   1   1   0   0   0   0   0   0  25   0   0   0   0   0   1   0   0   0  45  0.57 0.21
   90 D    -3  -3  -1   7  -5  -1   3  -3  -2  -5  -5  -1  -4  -5  -1  -2  -2  -5  -3  -4    1   0   0  68   0   1  23   0   0   0   0   2   0   0   2   0   0   0   1   0  1.28 0.29
   91 V    -2  -4  -4  -5  -3  -3  -4  -5  -2   4   1  -4   0   1  -4  -3  -2  -1   5   3    0   0   0   0   0   0   0   0   0  27  10   0   1   4   0   0   0   0  30  27  0.67 0.20
   92 V     0  -4  -5  -5  -2  -4  -4  -5  -5   3   0  -4  -1  -2  -4  -3  -2  -5  -3   6    6   0   0   0   0   0   0   0   0  11   4   0   0   0   0   0   0   0   0  80  1.01 0.28
   93 C    -1  -4  -4  -4   1  -3  -4  -4  -4   3   2  -4   1   0  -4  -3  -2  -3  -1   4    2   0   0   0   4   0   0   0   0  23  24   0   2   3   0   0   0   0   2  40  0.54 0.17
   94 E    -3  -2  -2   3  -6   0   7  -4  -2  -5  -5  -1  -4  -5  -3  -2  -3  -5  -4  -5    0   0   0  18   0   0  82   0   0   0   0   0   0   0   0   0   0   0   0   0  1.47 0.35
   95 S     2  -3  -1  -3   7  -2  -2  -1  -3  -3  -4  -2  -3  -4  -3   4  -1  -4  -4  -3   18   0   2   0  26   0   0   4   0   0   0   0   0   0   0  49   0   0   0   0  0.87 0.26
   96 T    -2  -3  -2  -3  -3  -3  -3  -3  -4  -3  -3  -3  -3  -4  -3   2   7  -5  -4  -2    0   0   0   0   0   0   0   0   0   0   0   0   0   0   0  11  89   0   0   0  1.42 0.38
   97 G    -2  -4  -2  -3  -5  -4  -4   7  -4  -6  -6  -4  -5  -5  -4  -2  -4  -5  -5  -5    0   0   0   0   0   0   0 100   0   0   0   0   0   0   0   0   0   0   0   0  1.97 0.37
   98 V    -1   0  -4  -4  -2  -3  -3  -4  -4   2   1   1   0   1  -4  -2  -2  -3  -2   5    3   5   0   0   0   0   0   0   0   9   9  10   0   8   0   1   0   0   0  56  0.46 0.18
   99 F    -4  -4  -2  -5  -4  -5  -5  -5  -2  -1  -1  -5  -2   8  -5  -4  -4   2   4  -3    0   0   2   0   0   0   0   0   0   2   3   0   0  76   0   0   0   2  15   0  1.59 0.33
  100 L     0   0   0  -2  -2  -2  -2   1  -2  -1   1  -1  -1  -3  -3   0   4  -4  -3   0    4   6   5   1   0   0   0  12   1   2  15   3   0   0   0   2  42   0   0   6  0.28 0.15
  101 T    -1  -2   1   3  -1  -1   1  -2   0  -3  -3   1  -3  -4  -2   2   4  -4  -3  -2    1   0   4  18   1   0   6   0   2   0   1  10   0   0   0  20  36   0   0   1  0.47 0.19
  102 K     0   3  -1  -1  -3   1   0  -1  -1   0  -1   3   0  -3   0  -1   0  -3  -2  -1   11  21   0   3   0   5   2   3   1   7   4  23   3   0   5   1   8   0   1   2  0.21 0.10
  103 E     1  -2  -1   3  -4   1   5  -3  -2  -4  -3   0  -3  -4  -1  -1  -1  -4  -4  -2   17   0   0  16   0   3  51   0   0   0   1   4   0   0   2   2   3   0   0   2  0.67 0.22
  104 L     0   0  -1   3  -3   0   0   1   0  -3  -2   4  -2  -4  -2   0   1  -4  -3  -3    9   0   1  17   0   1   2  10   3   0   4  37   0   0   0   6  11   0   0   0  0.35 0.15
  105 A     5  -3  -3  -1   1  -3  -3   2  -3  -3  -1  -2  -2  -4  -3   0  -1  -4  -3  -2   71   0   0   3   3   0   0  12   0   0   7   0   0   0   0   3   1   0   0   0  0.74 0.26
  106 S     0   1  -1   0  -3   2   3   1   0  -3  -3   1  -2  -3  -2   2  -1  -3  -1  -2    9   5   0   3   0  11  24   9   1   1   1   9   1   0   0  20   1   0   2   1  0.29 0.12
  107 S     3  -1   0  -2  -2   0  -1   0  -2  -3  -1   3  -1  -3   0   0  -1  -4  -3  -2   42   1   3   0   0   4   1   7   0   0   6  25   1   0   4   5   1   0   0   0  0.35 0.17
  108 H    -4  -3  -2  -4  -6  -2  -3  -5  10  -6  -5  -3  -4  -3  -1  -3  -4  -4   2  -6    0   0   0   0   0   0   0   0  91   0   0   0   0   0   3   0   0   0   6   0  2.55 0.50
  109 L    -3  -4  -5  -5  -3  -3  -4  -5  -4   4   4  -4   0   1  -4  -4  -2  -3  -2   1    0   0   0   0   0   1   0   0   0  33  56   0   0   5   0   0   0   0   0   5  0.80 0.23
  110 K     0   0   0   2  -4   3   2  -2   2  -3  -2   4  -2  -4  -2  -1   0  -4  -3  -3    8   2   3  12   0  15  11   1   5   1   4  32   0   0   0   1   6   0   0   0  0.36 0.14
  111 G     4  -1  -1  -3  -3  -1  -2   4  -3  -3  -2  -2  -3  -4  -1   0  -2  -4  -4  -2   50   3   2   0   0   3   0  34   0   0   2   0   0   0   2   4   0   0   0   0  0.67 0.22
  112 G    -2  -4  -2  -3  -5  -4  -4   7  -4  -6  -6  -4  -5  -5  -4  -2  -4  -5  -5  -4    0   0   1   0   0   0   0  98   0   0   0   0   0   0   0   1   0   0   0   1  1.92 0.38
  113 A     6  -3  -3  -4   0  -3  -3  -2  -4  -2  -3  -3  -3  -4  -3  -1  -2  -4  -4   0   90   0   0   0   1   0   0   0   0   2   0   0   0   0   0   1   0   0   0   6  1.14 0.34
  114 K    -3   1  -2  -1  -5   1  -1  -2  -3  -5  -5   7  -3  -5  -3  -2  -3  -5  -4  -4    0   4   0   3   0   4   1   2   0   0   0  85   0   0   0   1   0   0   0   0  1.30 0.35
  115 K    -3   3  -2  -3  -5   1  -1  -4  -2  -5  -4   7  -3  -5  -3  -2  -3  -5  -4  -4    0  15   0   0   0   3   0   0   0   0   1  81   0   0   0   0   0   0   0   0  1.34 0.35
  116 V    -2  -5  -5  -5  -3  -4  -5  -5  -5   1  -1  -4  -1  -3  -5  -4  -2  -5  -3   7    0   0   0   0   0   0   0   0   0   1   0   0   0   0   0   0   0   0   0  99  1.50 0.39
  117 I    -2  -4  -5  -5  -3  -4  -4  -5  -5   5   3  -4   0  -1  -4  -4  -2  -4  -3   3    0   0   0   0   0   0   0   0   0  41  34   0   0   0   0   0   0   0   0  25  0.79 0.22
  118 M    -3  -4  -5  -5  -3  -4  -5  -5  -4   6   1  -4   2   3  -5  -4  -2  -3  -1   2    0   0   0   0   0   0   0   0   0  63  10   0   5  16   0   0   0   0   0   7  0.89 0.25
  119 S     0  -3  -1  -2  -1  -2  -2  -2  -3  -4  -4  -2  -3  -4  -3   5   4  -5  -4  -3    5   0   0   0   1   0   0   0   0   0   0   0   0   0   0  66  28   0   0   0  0.99 0.32
  120 A     5  -3  -3  -3  -3  -2  -2   0   5  -3  -4  -2  -3  -4  -3   0  -2  -4  -3  -2   74   0   0   0   0   1   0   6  16   0   0   0   0   0   0   1   0   0   0   1  0.96 0.30
  121 P    -3  -5  -5  -4  -5  -4  -4  -5  -5  -5  -5  -3  -5  -6   9  -3  -4  -6  -6  -5    0   0   0   0   0   0   0   0   0   0   0   0   0   0 100   0   0   0   0   0  2.92 0.49
  122 P     3  -3  -1  -1   0  -2  -2   3  -3  -3  -4  -2  -3  -4   0   4  -1  -4  -3  -2   24   0   0   2   2   0   0  22   0   0   0   0   0   0   5  42   1   0   0   3  0.55 0.21
  123 K     2   0  -1   0  -3  -1   0   1  -2  -3  -3   4  -2  -4  -2   2   0  -4  -3  -3   22   1   1   3   0   0   4  11   0   0   0  40   0   0   0  14   3   0   0   0  0.42 0.17
  124 D     0  -1   2   3  -2   0   0   2   0  -2  -2   0  -2  -2   1   0   0  -2  -2  -2    5   1  12  19   0   3   5  20   3   2   2   4   1   1   7   7   3   0   1   3  0.22 0.06
  125 D    -1  -3   0   6  -5   0   2  -2  -2  -4  -5  -1  -4  -5  -1  -1  -2  -5  -4  -4    4   0   2  65   0   3  14   2   0   0   0   1   0   0   3   3   0   0   0   1  1.06 0.26
  126 T     3  -3  -1   2  -2  -2  -1  -2  -3   1   0  -2  -1  -2  -2   0   1  -3  -1   2   34   0   2  16   0   0   1   0   0  11   7   0   1   0   0   2   8   0   2  15  0.23 0.13
  127 P     0  -1  -2   2  -4  -1  -2  -2  -2   0  -2   2  -3  -3   6  -2  -2  -5  -4  -2    7   2   0  13   0   1   0   2   1   7   4  14   0   1  48   0   0   0   0   1  0.89 0.22
  128 I    -2  -3   0  -3  -3  -1  -3  -4  -3   0  -1  -3   7  -3  -4  -1   5  -4  -3  -1    0   0   4   0   0   3   0   0   0   3   0   0  37   0   0   0  51   0   0   2  1.00 0.33
  129 Y    -2  -3  -4  -5  -3  -4  -4  -5  -3   3   1  -4  -1   5  -4  -3  -2  -1   3   2    1   1   0   0   0   0   0   0   0  25   9   0   0  34   0   0   0   0  12  18  0.68 0.20
  130 V    -2  -4  -5  -5  -3  -4  -4  -5  -5   2  -1  -4  -1   0  -4  -4  -2  -5  -3   6    1   0   0   0   0   0   0   0   0   7   1   0   0   3   0   0   0   0   0  87  1.18 0.33
  131 M    -2  -1  -3  -4   3  -2  -3  -4   0   0   0  -1   6   2  -4  -2  -2  -1   5   2    0   3   0   0   8   0   0   0   2   1   5   3  29   6   0   3   0   0  25  15  0.56 0.22
  132 G    -2  -4   0  -3  -4  -4  -4   7  -4  -6  -6  -3  -5  -5  -4  -2  -1  -5  -5  -4    0   0   3   0   0   0   0  92   0   0   0   1   0   0   0   1   3   0   0   0  1.69 0.35
  133 I    -1  -4  -5  -5   0  -4  -4  -5  -5   2   0  -4  -1  -3  -4  -3  -1  -5  -3   6    3   0   0   0   2   0   0   0   0   7   3   0   0   0   0   0   2   0   0  83  1.07 0.31
  134 N    -4  -3   8  -1  -5  -2  -3  -3  -2  -6  -6  -2  -4  -5  -4  -2  -1  -6  -4  -5    0   0  96   0   0   0   0   0   0   0   0   0   0   0   0   0   3   0   0   0  1.98 0.45
  135 H    -1  -2   0   2  -4   2   3  -3   7  -3  -1  -2  -2   0  -3  -2  -1  -4  -1  -3    4   0   2  11   0   9  22   0  36   0   9   0   0   4   0   0   4   0   0   0  0.65 0.22
  136 H    -2  -1   1   4  -4   1   3  -2   4  -4  -4   1  -3  -1  -3   0  -1  -4   0  -4    1   0   4  30   0   7  19   2  13   0   1  11   0   2   0   3   4   0   3   0  0.49 0.16
  137 Q     0  -1   0   2   0   2   2  -2  -2  -1  -1   2  -1  -3  -2   0   2  -4  -3  -1    6   0   1  12   2  10  12   0   0   4   8  20   0   0   0   6  15   0   0   2  0.20 0.10
  138 Y    -4  -4  -4  -5  -4  -4  -4  -5  -1   0   3  -4  -1   2  -5  -4  -3   0   8  -2    0   0   0   0   0   0   0   0   0   5  30   0   0   3   0   0   0   0  61   0  1.30 0.33
  139 D    -2   0   2   4  -4   1   1  -1  -2  -3  -3   2  -3  -4  -2   0   1  -4  -3  -3    1   5  10  35   0   5   6   3   0   0   2  16   0   0   0   4  13   0   0   0  0.45 0.15
  140 T     2  -2  -1  -2  -3  -2  -2   2   1  -2  -3   0  -3  -4   5   1   0  -4  -3  -2   24   1   2   1   0   0   0  17   5   2   0   5   0   0  27  10   3   0   0   2  0.51 0.15
  141 K    -1  -1   1   4  -4   0   3  -1  -2  -4  -4   1  -3  -4  -2   2   0  -4  -3  -3    1   2   7  25   0   2  28   4   0   0   0   8   0   0   0  16   6   0   0   0  0.51 0.16
  142 Q    -1  -1  -1   2  -3   2   1  -3   6  -1   0  -1   2  -1  -2  -2  -2  -3   1  -2    3   1   0  13   0  13   9   1  28   4   9   2   7   2   1   0   1   0   5   1  0.37 0.16
  143 L    -1   2   1   2  -3   0   0  -2   2  -3  -2   2  -2  -3  -1   0   2  -4  -2  -2    4   9   7  13   0   2   2   0   8   0   4  21   0   0   2   3  22   0   0   1  0.27 0.12
  144 I    -1  -4  -5  -5  -3  -4  -4  -5  -5   5   0  -4   0  -1  -4  -3  -2  -4  -3   4    3   0   0   0   0   0   0   0   0  52   4   0   0   2   0   1   0   0   0  39  0.90 0.26
  145 V    -2  -4  -5  -5  -3  -4  -4  -5  -5   5   1  -4   0  -1  -4  -4  -2  -4  -3   5    0   0   0   0   0   0   0   0   0  35   5   0   0   2   0   0   0   0   0  57  0.94 0.27
  146 S    -1  -3  -1  -2  -3  -2  -2  -2  -3  -5  -5  -2  -4  -5  -3   7   0  -5  -4  -4    0   0   0   0   0   0   0   0   0   0   0   0   0   0   0  97   3   0   0   0  1.49 0.42
  147 N     0  -3   8  -1  -1  -2  -2   0  -2  -5  -5  -2  -4  -5  -4  -1  -2  -6  -4  -4    8   0  83   0   2   0   0   6   0   0   0   0   0   0   0   1   0   0   0   1  1.49 0.37
  148 A     6  -3  -3  -4  -2  -3  -3   1  -4  -3  -4  -3  -3  -4  -3  -1  -2  -5  -4  -2   91   0   0   0   0   0   0   9   0   0   0   0   0   0   0   0   0   0   0   0  1.23 0.35
  149 S    -1  -3  -1  -2  -3  -2  -2  -2  -3  -5  -5  -2  -4  -5  -3   7   0  -5  -4  -4    0   0   0   0   0   0   0   0   0   0   0   0   0   0   0  99   1   0   0   0  1.53 0.43
  150 X    -1  -1  -1  -1  -1  -1  -1  -1  -1  -1  -1  -1  -1  -1  -1  -1  -1  -1  -1  -1    0   0   0   0   2   0   0   0   0   0   0   0   0   0   0   0  95   0   0   0  0.00     0.00
  151 N    -4  -3   8  -1  -5  -2  -3  -3  -2  -6  -6  -2  -5  -5  -4  -2  -1  -6  -4  -5    0   0  98   0   0   0   0   0   0   0   0   0   0   0   0   0   2   0   0   0  2.06 0.46
  152 E    -1  -5  -5  -5  11  -5  -2  -3  -5  -4  -4  -5  -4  -5  -5  -1  -3  -5  -5  -3    5   0   0   0  87   0   3   2   0   0   0   0   0   0   0   4   0   0   0   0  2.57 0.47
  153 W    -3  -4  -5  -5  -3  -4  -5  -5  -5   3   5  -4   1  -1  -4  -4  -3   2  -2   0    0   0   0   0   0   0   0   0   0  22  71   0   2   0   0   0   0   3   0   2  0.92 0.26
  154 G     5  -3  -3  -4  -2  -3  -3   0  -4   1  -2  -3  -2  -3  -3  -1  -1  -4  -3   1   72   0   0   0   0   0   0   6   0   7   0   0   0   0   0   1   2   0   0  13  0.76 0.27
  155 Y    -2  -4  -4  -4  -5  -4  -3  -4  -4  -5  -5  -3  -5  -5   8  -3  -3  -6  -1  -3    2   0   0   0   0   0   0   0   0   0   0   0   0   0  93   0   0   0   3   2  2.58 0.45
  156 S    -2  -4  -4  -5  -1  -3  -4  -5  -4   2   4  -4   3   2  -4  -2  -2  -3  -2   3    0   0   0   0   1   0   0   0   0  13  45   0   7   9   0   3   0   0   0  23  0.55 0.17
  157 N     4  -3  -1  -3   1  -3  -3  -2  -3   2  -1  -3  -1  -3  -3  -1  -1  -4  -3   2   57   0   3   0   2   0   0   1   0  18   2   0   1   0   0   1   1   0   0  13  0.53 0.22
  158 R    -2   2  -1   0  -5   1  -1  -3   1  -5  -4   7  -2  -5  -3  -2  -2  -5  -3  -4    2   5   1   4   0   3   1   0   3   0   0  79   1   0   0   0   0   0   0   0  1.13 0.32
  159 V     0  -4  -4  -5  -1  -4  -4  -4  -5   2   0  -4   0  -2  -3  -3  -1  -4  -3   6    9   0   0   0   1   0   0   0   0   5   5   0   1   0   1   0   2   0   0  76  0.89 0.28
  160 L    -3  -4  -5  -5  -3  -4  -4  -5  -5   4   4  -4   1  -1  -4  -4  -2  -4  -3   2    0   0   0   0   0   0   0   0   0  36  54   0   2   0   0   0   0   0   0   9  0.84 0.23
  161 D    -3  -2   5   5  -5  -1   0  -3   7  -5  -4  -2  -4  -4  -4  -1  -2  -5  -2  -5    0   0  33  32   0   1   2   0  30   0   1   1   0   0   0   1   0   0   0   0  1.12 0.29
  162 L    -2  -1   0   6  -5   1   3  -3  -2  -4  -3   1  -4  -5  -3  -1  -2  -5  -4  -4    1   2   2  58   0   5  20   0   0   1   3   7   0   0   0   1   0   0   0   1  0.96 0.25
  163 A     2   1   3  -1  -3   1   1  -1   1  -2  -3   3  -2  -4  -2   0  -1  -4  -3  -2   27   4  17   1   0   4   9   3   4   2   1  23   0   0   0   3   2   0   0   0  0.31 0.14
  164 V    -3  -5  -5  -5  -4  -5  -5  -5  -3  -1   0  -5  -2   8  -5  -4  -4   2   3   0    1   0   0   0   0   0   0   0   0   1   4   0   0  78   0   0   0   2   8   5  1.54 0.35
  165 H    -1  -4  -2  -3  -4  -3  -2   7   0  -5  -5  -1  -4  -5  -4  -1  -2  -4  -4  -5    1   0   0   0   0   0   3  85   3   0   0   3   0   0   0   2   2   0   0   0  1.45 0.32
  166 I    -3  -5  -5  -5  -3  -5  -5  -6  -5   7   0  -5   0  -2  -5  -4  -2  -5  -3   2    0   0   0   0   0   0   0   0   0  87   3   0   1   0   0   0   0   0   0   9  1.33 0.33
  167 T     0  -1   0  -1  -1  -1  -1  -1  -2  -1  -2  -1  -1  -3  -1   2   5  -3  -2  -1    0   0   0   0   0   0   0   0   0   0   0   0   0   0   0  24  76   0   0   0  0.48 0.03

                      K         Lambda
Standard Ungapped    0.1389     0.3214
Standard Gapped      0.0552     0.2670
PSI Ungapped         0.1803     0.3176
PSI Gapped           0.0552     0.2670
