
Last position-specific scoring matrix computed, weighted observed percentages rounded down, information per position, and relative weight of gapless real matches to pseudocounts
            A   R   N   D   C   Q   E   G   H   I   L   K   M   F   P   S   T   W   Y   V   A   R   N   D   C   Q   E   G   H   I   L   K   M   F   P   S   T   W   Y   V
    1 E    -4  -2  -2   5  -6   6   3  -4  -3  -6  -5  -2  -4  -6  -4  -3  -3  -5  -5  -5    0   0   0  38   0  40  22   0   0   0   0   0   0   0   0   0   0   0   0   0  1.37 0.51
    2 A     1  -4  -3  -4  -3  -2  -4  -4  -4   4   0  -3   1  -3   0   1   0  -5  -3   3   11   0   1   0   0   1   0   0   0  26   7   0   2   0   4  15   6   0   0  26  0.45 0.29
    3 A     0  -2  -4  -4  -5   6  -2  -1  -4  -3  -3   1  -2  -5  -5  -1  -2   0  -4   4    7   1   0   0   0  40   0   4   0   0   1   7   1   0   0   5   2   1   0  31  0.87 0.52
    4 V    -4  -6  -6  -7  -4  -5  -6  -7  -6   1   5  -6   5  -3  -6  -5  -3  -5  -4   4    0   0   0   0   0   0   0   0   0   5  48   0  14   0   0   0   1   0   0  31  1.26 0.57
    5 T    -2  -4  -4  -4  -5   3  -1  -5  -1   1  -3  -2  -4  -5  -5  -1   6  -1  -5   1    2   0   0   0   0  14   3   0   2   8   2   2   0   0   0   3  53   1   0   9  1.01 0.58
    6 Q    -6  -4  -5  -5  -8   9   0  -7  -2  -3  -4  -1  -5  -2  -6  -5  -5  -7  -6  -4    0   0   0   0   0  87   4   0   1   2   1   2   0   2   0   0   0   0   0   1  2.54 1.07
    7 S    -1  -3   0  -2  -3   0  -2  -2   1  -3  -3  -3  -2  -4   1   4   3  -2  -2  -2    4   1   4   2   0   4   2   2   3   1   3   1   1   0   8  40  21   1   1   3  0.59 0.38
    8 P    -4  -5  -3  -1  -7  -2   1   2  -4  -7  -7  -1  -6  -7   7  -2  -3  -7  -7  -6    1   0   1   4   0   2   9  14   0   0   0   4   0   0  61   2   2   0   0   0  1.69 0.75
    9 R     2   3  -3  -1  -4  -1  -1   0  -1  -3  -1   1  -1  -3   3   2  -1  -5  -4  -3   17  15   0   2   0   2   2   7   1   1   5   8   2   1  13  19   2   0   0   1  0.34 0.29
   10 N     0  -2   0  -1  -2  -2   0  -1   1  -2  -2   0  -3   0  -1   4   1   1   1  -2    6   2   3   3   1   1   5   4   3   2   4   5   0   5   2  37   7   2   5   2  0.31 0.28
   11 K    -1  -2  -3  -4  -4  -1   0  -5  -3   1   3  -1   2  -3  -5  -4  -1  -5  -2   4    4   2   1   0   0   2   8   0   0   7  33   4   5   0   0   0   3   0   1  28  0.52 0.35
   12 V     0  -2   0  -2  -3  -3  -1  -3  -4   0   2  -2   0  -3  -2   3   2  -5  -2   2    6   1   4   2   0   0   3   1   0   5  19   1   2   1   2  28  11   0   1  15  0.33 0.30
   13 A     2   0  -5  -5  -4  -4  -3   0  -5  -2  -1   2  -3  -3  -5  -3   0  -2  -5   5   19   5   0   0   0   0   2   7   0   0   5  11   0   1   0   1   6   1   0  44  0.68 0.47
   14 V     1   0  -2  -2  -4   3   0  -2  -4  -3  -4   2  -4  -2   2   3   1  -5  -4  -1   10   4   1   1   0  12   4   3   0   1   1  15   0   2  11  22   8   0   0   5  0.39 0.34
   15 T     0   0  -4  -4  -5  -2   2  -5  -4  -2   1  -2  -1  -5   5  -1   1  -6  -5   1    6   5   0   0   0   1  13   0   0   2  14   2   1   0  30   5  10   0   0  11  0.61 0.40
   16 G    -3  -5   0  -3  -6  -5  -6   7   0  -7  -7  -4  -6  -7  -6  -1  -4  -6  -6  -7    2   1   4   2   0   0   0  81   3   0   0   1   0   0   0   4   1   0   0   0  1.98 0.82
   17 E     1   0  -2   2  -5   4   3   2  -1  -5  -5   0  -4  -4  -4   0  -1  -5  -5  -4   12   4   1  10   0  20  19  16   1   0   1   5   0   1   0   6   4   0   0   0  0.54 0.39
   18 K    -2   1   1  -2  -5  -1  -1  -4  -2  -3  -4   0   1  -6  -1   4   4  -6  -5  -3    2   8   7   2   0   2   3   0   1   2   1   6   3   0   3  36  23   0   0   2  0.66 0.48
   19 V     3  -5  -6  -6  -5  -5  -6  -6  -4   0   2  -6  -1  -3  -6  -4  -3  -6  -5   6   21   0   0   0   0   0   0   0   1   4  20   0   1   1   0   1   1   0   0  49  1.12 0.60
   20 T    -2   2   0  -3  -5   0  -1  -5  -4  -1  -4   3   1  -4  -5   2   5  -6  -5  -2    2  10   3   1   0   4   4   0   0   4   1  16   3   1   0  14  35   0   0   2  0.67 0.48
   21 L    -5  -6  -7  -8  -5  -6  -7  -8  -7   4   5  -7   2   2  -7  -6  -5  -6  -4   1    0   0   0   0   0   0   0   0   0  24  56   0   5   8   0   0   0   0   0   6  1.40 0.65
   22 S    -3   1   2  -3  -5   1  -2  -5   2  -4  -5  -1  -5  -6  -2   5   4  -2  -4  -4    0   6   8   1   0   5   2   0   4   1   1   3   0   0   2  37  28   1   1   1  0.89 0.59
   23 C    -6 -10  -9 -10  12  -9 -10  -9  -9  -7  -7  -9  -8  -9  -9  -7  -7  -9  -9  -7    0   0   0   0 100   0   0   0   0   0   0   0   0   0   0   0   0   0   0   0  4.78 1.59
   24 Q     0   2  -2  -1  -4   2   1  -2  -1  -1  -4   2  -3  -3  -4   1   3  -3  -3  -2    7  12   1   2   0   8   9   2   1   4   0  14   0   1   0  12  21   0   1   2  0.36 0.30
   25 Q     3  -4  -4  -4  -4   0  -3  -1  -2  -1   0  -4  -1   1   0   0  -1  -4   3   2   31   0   0   0   0   4   1   5   1   2  11   0   1   5   5   8   2   0  11  13  0.37 0.32
   26 T    -2  -3   0  -2  -4  -1  -1  -5  -2  -1  -3   0  -5  -6  -3   6   2  -6  -4  -4    2   1   3   1   0   2   4   0   1   4   2   6   0   0   1  58  12   0   1   1  1.01 0.63
   27 N    -3  -2   2  -2  -4   2  -1   2  -3  -3  -1  -1  -2   3  -2   2   2  -4  -2  -3    0   1  10   1   0  12   3  15   0   1   7   3   1  12   2  19  12   0   1   1  0.34 0.32
   28 N    -2  -3   1   1  -5  -3  -2   3  -2  -5  -3   0  -5  -3  -3   4   0  -1   2  -4    2   1   5   8   0   1   2  19   1   0   3   5   0   1   1  38   4   1   8   1  0.63 0.47
   29 H    -1  -1   0  -1  -2  -2  -3  -1   5   1  -1  -2  -2  -2  -1   2   2  -4   1   0    3   2   5   3   1   1   0   5  13  10   6   2   1   1   3  18  12   0   6   7  0.24 0.25
   30 N    -2  -2   3  -1  -4  -3  -1  -2  -1  -2  -2  -1  -2   3   2   2   2  -4   3  -2    2   2  13   3   0   0   3   3   1   2   4   3   1  12  12  14  12   0  10   2  0.32 0.30
   31 N     0   0   1   0  -5   0  -2  -1  -2  -5  -4  -4  -4  -1   0   1   2   6   5  -4    8   4   7   6   0   4   1   5   1   0   1   0   0   1   5  10  11   9  23   1  0.56 0.42
   32 M    -2  -4  -6  -6   1  -5  -5  -3  -5   3   3  -3   6  -2  -3  -1  -4   2  -1   2    3   1   0   0   3   0   0   2   0  16  23   1  23   1   1   5   0   2   2  15  0.78 0.46
   33 Y     0  -3   3  -1  -3  -1  -2  -2   5  -3  -3  -2  -3   2  -5   2   0  -1   4  -3    7   1  12   2   0   3   2   3  12   1   3   2   0   9   0  18   5   1  16   1  0.49 0.37
   34 W    -8  -8  -5  -9  -8  -7  -8  -8  -8  -8  -5  -8  -7  -3  -9  -8  -8  13  -1  -4    0   0   1   0   0   0   0   0   0   0   2   0   0   1   0   0   0  92   1   1  4.84 1.67
   35 Y    -4  -4  -3  -6   0  -5  -4  -6  -2   1   1  -3  -1   3  -5  -3  -4  -3   7   3    1   1   1   0   2   0   1   0   1   7  11   1   1  12   0   2   0   0  34  22  1.03 0.53
   36 R    -5   6  -3  -5  -6   5  -3  -5  -3  -4  -2   2  -4   0  -5  -3  -3  -1  -3  -1    0  43   1   0   0  26   0   0   1   1   3  10   0   4   0   1   1   1   1   4  1.22 0.65
   37 Q    -5  -3   0  -5  -6   8  -1  -6   2  -6  -4   0  -1  -6  -3  -4  -5   0  -5  -4    1   1   4   0   0  72   2   0   4   0   2   4   1   0   1   0   0   1   0   2  2.01 0.96
   38 D     1   2  -1   0  -4  -1  -2  -1   0  -2  -2   4  -2  -2   1   0  -1  -4   0  -3   13  11   2   6   0   2   1   4   3   2   3  27   1   1   8   7   4   0   4   1  0.32 0.28
   39 T    -1  -4  -2  -4  -6   0  -2  -4   0  -4  -2  -2  -2  -6   7   1  -2  -1  -6  -2    5   1   2   1   0   4   3   1   2   1   4   3   1   0  56  10   3   1   0   3  1.33 0.68
   40 G    -1  -3   1   0  -6  -2  -1   6  -2  -6  -6  -2  -3  -6  -1   0  -3  -6  -6  -5    6   1   8   5   0   1   4  60   1   0   0   2   1   0   3   5   1   0   0   1  1.17 0.59
   41 H    -2  -1   0  -2  -6   5   1  -1   2  -3  -3   4  -3  -6   0  -1  -1  -6  -5  -5    3   3   4   2   0  25   8   4   4   1   2  29   1   0   4   4   4   0   0   0  0.66 0.47
   42 G     2  -1  -2  -2  -4   0  -1   4  -4  -5  -4  -2  -2  -2   3   1  -1  -1  -5  -4   16   3   2   2   0   5   3  35   0   0   2   1   1   2  13  10   4   1   0   1  0.57 0.39
   43 L    -4  -2  -4  -3  -1  -2  -2  -4  -5  -3   3  -3  -3  -3   6   0  -1  -5  -3  -2    0   3   1   2   1   2   2   1   0   1  33   1   0   1  37   8   3   0   1   2  0.94 0.54
   44 R    -4   2  -1  -1  -6   3   5  -5  -2  -3  -3   4  -4  -6  -2  -3   0  -6  -3  -1    0   8   3   2   0  12  33   0   1   1   2  23   0   0   2   0   5   0   1   4  0.79 0.51
   45 L    -3  -1  -4  -2  -5  -1  -4  -5   0  -2   3  -3  -3   2  -3  -2  -2   9   0  -1    2   3   1   2   0   3   1   1   2   2  33   2   0   8   2   3   2  27   3   4  1.08 0.56
   46 I    -1  -5  -4  -6  -1  -5  -6  -4  -1   4   4  -3   2  -2  -5  -4  -4  -2  -4   2    5   0   1   0   1   0   0   1   2  27  43   2   4   1   0   1   0   1   0  11  0.91 0.49
   47 H     0  -4  -4  -5  -4  -3  -4   2   1   4   0  -4   1   0  -3  -2  -1  -4   3   1    8   0   0   0   0   1   0  17   3  27  10   0   3   3   1   2   4   0  11   8  0.46 0.32
   48 Y    -2   0   0  -2  -3  -2   0  -3   1  -2  -3   0  -3   2  -5  -1  -1   3   7  -1    3   6   4   2   0   1   6   3   2   3   2   6   0   8   0   4   4   4  38   4  0.77 0.46
   49 S    -2   0  -1  -1   0  -1   0  -3  -2   3   0  -2   0   1  -1   1   0  -1   3   0    1   5   3   3   2   3   5   1   0  22  10   2   2   5   3  13   5   1  11   4  0.18 0.19
   50 Y    -1   0   2   0  -3   0  -1  -1   0  -1  -1   0  -1   1  -1   1   0   0   3  -1    5   6   9   5   0   4   3   4   1   4   4   6   1   6   2  13   6   1  14   4  0.13 0.13
   51 G     0  -1   3   0  -2   0  -1   1   1  -2  -1  -1  -1  -2   0   2   1  -1   0  -2    7   3  15   5   0   3   3  12   3   2   5   3   2   2   5  17   9   1   3   2  0.17 0.15
   52 V     0  -1   1   1  -3   1   0   2  -1  -1  -2   0  -2   0   0   1  -1  -1   1  -2    6   2   6   6   0   7   6  17   1   4   5   5   0   4   4  14   2   1   5   2  0.13 0.13
   53 G     1   0   1   1  -3   1   0   2  -1  -4  -2   0  -2  -4  -1   1   0   2  -2  -2   15   4   5   9   0   6   6  18   2   0   3   4   1   0   3  12   6   3   1   2  0.22 0.19
   54 N    -1  -2   2   1  -4   1   0  -1  -3  -2  -2  -2  -2  -3   1   4   1   1  -2  -1    4   1  10   8   0   5   5   3   0   2   3   2   1   1   7  29   9   2   1   5  0.32 0.30
   55 T    -2   0   2  -1  -4  -1  -1   0   0  -1  -1   2  -3  -1  -1   1   3  -4   1  -2    2   5  12   2   0   1   3   6   2   3   8  14   0   2   2   9  19   0   6   2  0.20 0.22
   56 E    -1   2  -1  -2  -4  -1   1  -1   2  -1   1  -2  -1  -1  -1   0  -1  -3   4   0    3  12   3   2   0   3  10   6   5   2  14   1   1   2   2   6   4   0  17   7  0.20 0.22
   57 K     2  -1   0   0  -4   2   0  -2   0  -2  -3   1  -3   0   1   1  -1  -3   3  -1   19   2   4   5   0   9   5   2   2   3   1  10   0   3   7   9   4   0  10   3  0.20 0.22
   58 G     0  -2   0   0  -5  -1   0   3  -4  -3  -4  -1  -4  -5   2   3  -1  -2  -2  -3    6   2   4   6   0   3   6  26   0   1   1   3   0   0  11  25   3   1   2   1  0.49 0.36
   59 D    -2   2   1   1  -5  -1  -1   4  -4  -3  -3   0  -4  -2  -2   2  -1   1  -4  -3    3  13   5   6   0   2   4  33   0   2   3   5   0   2   1  15   3   2   0   1  0.47 0.33
   60 I    -1  -4  -4  -4  -4  -2  -3  -5   0   2   2  -2   1   3  -3  -2  -2   0   0   4    4   0   0   1   0   1   2   1   2  12  16   3   3  11   1   3   2   1   3  35  0.53 0.32
   61 P    -3   0   0  -2  -5   0  -1  -4   0  -4  -4   3  -4  -5   5   1   1  -5  -5  -2    2   4   5   2   0   4   3   0   3   1   1  20   0   0  30  11  10   0   0   2  0.75 0.46
   62 D     0  -1   0   3  -2   0   1   2  -3  -1  -3   0  -2  -2  -1   2  -1  -4   0  -3    6   3   5  15   1   5   7  18   0   4   1   7   1   1   3  16   3   0   4   1  0.24 0.21
   63 G    -3   7  -4  -5  -6  -2  -3   0   1  -4  -4   2  -5  -4  -3  -2  -3  -6  -5  -2    2  65   0   0   0   1   1   6   3   1   2   9   0   1   2   3   1   0   0   3  1.52 0.73
   64 Y    -4  -3  -5  -4  -5  -5  -2  -4  -4   1   0  -3  -3   7  -6  -2  -3  -3   2   1    1   2   0   1   0   0   4   1   0   8   8   1   0  52   0   4   1   0   5   9  1.22 0.58
   65 E    -3  -1  -1   1  -1  -1  -1  -4   0   0  -3   1  -3  -3  -4   4   3  -5  -2  -3    0   4   2   7   1   2   3   1   2   5   2   7   1   1   0  37  21   0   1   1  0.60 0.44
   66 A     2  -4  -2  -4  -2  -2  -4   4  -4   3  -2  -3  -1   0  -3  -1   0  -2  -1   1   17   0   2   0   1   2   0  28   0  17   3   1   1   4   1   4   7   1   2   9  0.41 0.30
   67 S    -1  -2  -1  -2  -4   0   0  -2  -1  -2  -4  -1  -2  -5  -3   5   2  -5  -3  -2    3   1   2   2   0   4   7   2   1   3   1   4   1   0   1  50  13   0   1   2  0.78 0.53
   68 R    -1   4   0  -2  -1   0  -3   2   1  -3  -1   3  -1  -1  -2  -1   0  -4  -4  -2    3  23   3   2   2   4   0  16   3   1   6  18   2   3   2   3   7   0   0   2  0.37 0.29
   69 P    -2   1   0   4  -3   0  -1  -2  -3  -1  -2   1  -3  -1   3   0   0  -1  -1  -1    2   7   3  23   0   4   2   2   0   4   5   9   0   2  15   7   5   1   2   5  0.31 0.22
   70 S    -1  -3   4   0  -5  -3  -2  -1  -2  -6  -4   0  -3  -3  -1   5   1  -6  -5  -4    3   1  16   5   0   1   1   5   1   0   1   5   1   1   4  47   7   0   0   1  0.83 0.55
   71 Q     1   0   2   0  -5   1  -1   4  -3  -5  -5   1  -3  -3  -3   2  -1  -5  -5  -3   11   5  11   6   0   7   4  27   0   0   0   8   0   1   1  14   3   0   0   1  0.47 0.34
   72 E    -3  -2   4  -2  -5  -3  -1  -1  -1  -4  -1  -1   0  -5  -3   3   4  -1  -5  -3    1   2  22   1   0   1   4   4   1   0   5   3   3   0   1  23  24   1   0   1  0.62 0.46
   73 Q     0  -1   1   3  -4   2   0  -3   1  -2  -2   0  -2  -3  -2   1   3  -5  -2  -2    6   3   6  20   0   9   4   1   3   2   4   5   1   1   2  12  17   0   1   2  0.31 0.28
   74 F     1  -3  -5  -5  -1  -4  -5  -2  -4  -2   1  -4  -3   6  -5   0  -3   0   3   1   14   1   0   0   1   0   0   4   0   1  14   0   0  36   0   6   1   1   9   9  0.77 0.43
   75 S    -1  -3  -1  -3  -5  -3  -3  -4   3  -1  -4  -4  -4   0  -5   3   4  -4   5  -1    4   1   3   1   0   1   1   1   6   4   1   0   0   3   0  21  30   0  17   4  0.76 0.52
   76 L    -6  -7  -8  -8  -6  -6  -7  -8  -7   2   6  -7   4  -2  -7  -7  -4  -6  -5  -2    0   0   0   0   0   0   0   0   0  10  76   0  10   1   0   0   1   0   0   2  1.78 0.81
   77 I    -3   1   1  -3  -2   3   0  -5   0  -1  -3   2  -2  -4  -4  -1   5  -6  -5  -3    1   6   5   1   1  15   7   0   3   3   2  12   1   1   0   3  38   0   0   1  0.73 0.51
   78 L    -5  -6  -7  -7  -5  -6  -7  -8  -7   6   3  -3   5  -1  -7  -6  -5  -2  -2   0    0   0   0   0   0   0   0   0   0  48  27   2  15   3   0   0   0   1   1   3  1.49 0.70
   79 E    -2   0   3  -2  -4   2  -1  -3   1  -4  -4  -2  -1  -6  -3   5   2  -6  -5  -4    2   4  12   1   0  10   4   1   3   1   1   2   2   0   1  42  12   0   0   1  0.75 0.55
   80 S    -1   1   3   2  -4  -2  -2   1   0  -6  -5  -1  -5  -6  -1   4  -2  -6  -2  -6    4   9  16   9   0   1   2  12   2   0   0   2   0   0   3  37   1   0   1   0  0.69 0.49
   81 A     0  -6  -6  -7  -5  -5  -6  -6  -6   1   4  -6   3   0  -5  -2  -2  -6  -4   4    8   0   0   0   0   0   0   0   0   6  45   0   6   4   0   3   2   0   0  26  0.96 0.53
   82 T    -4   3  -1  -2  -6   5   3  -2   1  -4  -5   2  -5  -6  -4  -1   3  -6  -5  -5    0  17   2   2   0  24  15   3   3   1   1   9   0   0   1   5  16   0   0   0  0.75 0.52
   83 P     2  -1  -4  -4   2  -1  -1  -3  -4  -3   0   0   0  -1   4   2   0  -2  -2  -1   18   3   0   0   4   3   3   1   0   1   9   5   3   2  21  15   7   1   1   4  0.40 0.33
   84 S     1  -3   1   1  -7   0   6  -1  -4  -6  -7  -2  -4  -7  -5   1  -4  -7  -6  -2   10   1   6   7   0   2  52   5   0   0   0   2   0   0   0   9   1   0   0   3  1.02 0.64
   85 Q    -7  -4  -1   9  -9  -3  -2  -7  -6  -8  -9  -6  -8  -9  -7  -6  -6  -9  -8  -8    0   1   2  91   0   1   2   0   0   0   0   0   0   0   0   0   0   0   0   0  2.86 1.20
   86 T     2  -4  -2  -1  -5  -2   2  -4  -5  -2  -4  -3  -1  -1  -5   3   4  -6  -5  -1   13   0   1   3   0   1  14   0   0   2   1   1   1   3   0  25  29   0   0   4  0.68 0.51
   87 S     6  -6  -5  -2  -5  -5  -6   5  -6  -6  -5  -5  -6  -7  -6  -2  -4  -7  -7  -5   56   0   0   3   0   0   0  37   0   0   1   0   0   0   0   2   1   0   0   1  1.56 0.80
   88 V    -3  -3  -3   1  -4  -2  -1  -5  -3   2  -1  -4   2  -2  -5  -1   3  -5   2   4    0   1   1   8   0   2   5   0   0  10   6   0   6   2   0   4  23   0   6  26  0.49 0.37
   89 Y    -7  -7  -7  -8  -1  -7  -7  -8  -4  -7  -5  -7  -6  -1  -8  -7  -7  -3  10  -6    0   0   0   0   1   0   0   0   0   0   1   0   0   2   0   0   0   0  94   0  3.59 1.34
   90 F    -6  -6  -6  -7  -6  -2  -4  -7   0  -1   0  -6   0   5  -7  -6   0   1   8  -4    0   0   0   0   0   2   1   0   2   4   7   0   2  20   0   0   6   2  52   1  1.74 0.78
   91 C    -6  -8  -8  -9  12  -8  -9  -8  -8  -7  -7  -8  -7  -8  -8  -6  -6  -8  -8  -6    0   0   0   0  98   0   0   0   0   0   0   0   0   0   0   0   0   0   0   0  4.59 1.51
   92 A     5  -1  -3  -2  -3   4  -1  -1  -1  -2  -2  -1   1  -5  -4   0  -2  -5  -2  -2   44   3   0   1   0  18   3   4   1   2   4   3   4   0   0   7   1   0   1   3  0.62 0.44
   93 S     1   2  -1  -3  -3   3  -1  -1   0  -1  -1   0   0  -4  -3   1   1  -4  -3   2   12  11   2   0   0  14   1   3   2   3   4   5   3   0   1  13   8   0   0  15  0.21 0.23
   94 G    -1  -1   0  -1  -2  -2  -1   2  -1   0  -2  -1  -3  -1  -2   2   0   5   3   0    2   2   5   3   1   1   4  15   1   5   4   3   0   2   1  15   6   9  13   7  0.25 0.22
   95 G     0  -1   3   1  -4  -2  -2   1   1  -1  -1  -2  -3  -1  -1   2  -1   0   3  -2    6   4  14   7   0   1   0  13   3   3   6   1   0   3   2  19   3   1  12   1  0.25 0.24
   96 G     0  -2   2  -1  -3  -1   0   2  -1  -3  -3  -1  -3  -1   0   3   1  -4   1  -3    8   2   9   3   0   2   7  15   1   1   2   2   0   2   5  25   7   0   5   1  0.26 0.23
   97 G    -1  -2   1   0  -3  -2   0   2  -1  -2  -2  -2  -2  -1   2   2  -1  -1   2  -2    4   1   8   6   0   0   5  15   1   3   4   2   1   3  11  18   3   1   9   3  0.20 0.19
   98 T    -1  -1   0   0  -2   0   1  -1   0  -2  -2   0   0  -2   4   0   1  -4   0  -1    3   2   5   4   1   4  11   4   2   3   3   6   3   2  22   6  11   0   5   3  0.28 0.20
   99 L    -2   0  -2   0  -3   0  -3  -4  -2   0   2  -1   2   1   0  -2  -2   3   4   1    2   6   1   7   0   5   0   0   0   3  19   4   5   6   4   2   1   5  17  11  0.27 0.22
  100 Y    -3  -4  -2  -4  -5  -2  -1  -4  -1   0  -2  -3  -3   0  -5  -1   4   0   7   1    1   0   2   1   0   2   3   1   1   4   2   1   0   2   0   3  26   1  37  11  0.92 0.52
  101 F    -6  -6  -6  -4  -6  -3  -6  -6  -5  -3  -3  -6  -2   9  -7  -1  -5   7  -1  -5    0   0   0   1   0   1   0   0   0   1   1   0   1  73   0   6   0  14   0   0  2.36 0.86
  102 G    -2  -6  -4  -5  -6  -5  -6   8  -6  -7  -7  -5  -6  -7  -6  -3  -5  -6  -7  -7    3   0   0   0   0   0   0  94   0   0   0   0   0   0   0   2   0   0   0   0  2.41 0.84
  103 A     1  -1  -1  -2   1   3   0   3  -3  -5  -5   0  -4  -5   1   2   1  -5  -4  -4   12   2   2   1   3  18   4  19   0   0   0   6   0   0   8  14  10   0   0   0  0.43 0.31
  104 G    -2  -6  -4  -5  -7  -6  -6   8  -6  -8  -8  -6  -7  -7  -6  -4  -6  -7  -7  -5    2   0   0   0   0   0   0  97   0   0   0   0   0   0   0   0   0   0   0   1  2.56 0.88
  105 T    -4  -5  -4  -5  -5  -5  -5  -6  -6  -5  -5  -5  -5  -6  -5   1   8  -7  -6  -4    0   0   0   0   0   0   0   0   0   0   0   0   0   0   0   8  92   0   0   0  2.36 0.93
  106 R    -3   3  -3  -2  -4   1   1  -4  -1  -2   1   4   0  -3  -3  -1   2  -5  -4  -3    0  17   0   1   0   6  11   0   1   2  13  26   3   1   1   3  16   0   0   0  0.46 0.32
  107 L    -4  -6  -7  -7  -4  -5  -6  -7  -6   0   5  -6  -1  -3  -6  -5  -4  -5  -4   5    0   0   0   0   0   0   0   0   0   3  62   0   0   0   0   0   0   0   0  35  1.41 0.59
  108 S    -3  -2  -3  -3  -4  -2   2  -4  -4  -1  -1  -1  -3  -2  -4   1   5  -5   1   1    0   1   0   0   0   1  16   0   0   3   5   3   0   2   0  11  45   0   4   9  0.66 0.43
  109 V    -4  -6  -7  -7  -4  -6  -6  -7  -7   3  -1  -6  -3  -4  -6  -5  -4  -6  -5   7    0   0   0   0   0   0   0   0   0  13   5   0   0   0   0   0   0   0   0  83  1.85 0.70
  110 L    -2  -4  -5  -5  -2  -4  -4  -5  -4   3   4  -4   2  -1  -4  -3  -2  -3  -2   3    0   0   0   0   0   0   0   0   0  14  53   0   4   0   0   0   0   0   0  30  0.72 0.23

                      K         Lambda
Standard Ungapped    0.1300     0.3129
Standard Gapped      0.0483     0.2670
PSI Ungapped         0.1579     0.3182
PSI Gapped           0.0483     0.2670
