
Last position-specific scoring matrix computed, weighted observed percentages rounded down, information per position, and relative weight of gapless real matches to pseudocounts
           A  R  N  D  C  Q  E  G  H  I  L  K  M  F  P  S  T  W  Y  V   A   R   N   D   C   Q   E   G   H   I   L   K   M   F   P   S   T   W   Y   V
    1 G    2 -2 -1 -2 -2 -2 -2  6 -2 -3 -3 -2 -3 -3 -2  0 -1 -3 -3 -3   19   0   0   0   0   0   0  81   0   0   0   0   0   0   0   0   0   0   0   0  0.88 0.03
    2 K   -1  2  0 -1 -3  1  0 -2 -1 -3 -3  4 -2 -3 -1  2  0 -3 -2 -3    0  11   0   0   0   0   0   0   0   0   0  66   0   0   0  24   0   0   0   0  0.48 0.05
    3 P    1 -3 -3 -2 -2 -2 -2 -2 -3  1 -1 -2 -1 -2  5 -1 -1 -4 -2  2   19   0   0   0   0   0   0   0   0  14   0   0   0   0  42   0   0   0   0  25  0.66 0.05
    4 S    1  0 -1 -1 -2  2  0 -1 -1  0  0  2  0 -2 -2  2  0 -3 -2 -1   18   0   0   0   0  16   0   0   0   9  13  20   0   0   0  24   0   0   0   0  0.16 0.04
    5 L   -2 -3 -4 -4 -2  0 -3 -4 -3  4  3 -3  1  0 -3 -3 -1 -3 -2  1    0   0   0   0   0   7   0   0   0  54  39   0   0   0   0   0   0   0   0   0  0.46 0.09
    6 G    2 -2 -1 -2 -3 -2 -2  5 -2 -4 -4  1 -3 -4 -2  0 -2 -3 -3 -3   19   0   0   0   0   0   0  70   0   0   0  11   0   0   0   0   0   0   0   0  0.82 0.10
    7 G   -1 -3 -1 -2 -3 -2 -1  5 -3  1 -3 -2 -2 -3  2 -1 -2 -3 -3 -2    0   0   0   0   0   0   5  67   0  16   0   0   0   0  12   0   0   0   0   0  0.72 0.10
    8 P    1 -1 -1  2 -3 -1 -1 -2 -2 -3 -3  2 -3 -4  6 -1 -2 -4 -3 -3   15   0   0  18   0   0   0   0   0   0   0  20   0   0  48   0   0   0   0   0  0.95 0.15
    9 F   -3 -4 -4 -5 -4 -4 -5 -5 -3 -1  0 -4 -1  8 -5 -4 -3  0  2 -2    0   0   0   0   0   0   0   0   0   0   7   0   0  93   0   0   0   0   0   0  1.49 0.26
   10 H    0 -1  0 -1 -2  0  2 -2  2 -2 -3 -1 -2 -3 -2  2  4 -3 -2 -2    4   0   3   0   0   0  19   0   8   0   0   0   0   0   0  25  40   0   0   0  0.44 0.14
   11 L   -3 -3 -4 -5 -2 -3 -4 -5 -4  1  5 -4  1  2 -4 -3 -2 -2 -1  0    0   0   0   0   0   0   0   0   0   0  93   0   0   7   0   0   0   0   0   0  0.86 0.19
   12 E   -1 -1 -2 -2 -2  0 -1 -3 -2  3  1  1  0 -1  1 -1  1 -3 -2  2    0   0   0   0   0   7   3   0   0  33  16  13   0   0   7   0  10   0   0  11  0.19 0.08
   13 D   -2 -1  3  6 -4 -1  1 -2 -2 -4 -4 -1 -3 -4 -2  1  0 -5 -3 -3    0   3  14  62   0   0   4   0   0   0   0   0   0   0   0  11   7   0   0   0  0.83 0.16
   14 M   -2  0 -1  0 -4  6  1 -3  5 -3 -3  0  0 -1 -3 -1  0 -3 -1 -3    0   0   0   3   0  60   6   0  20   0   0   0   3   3   0   0   5   0   0   0  0.78 0.20
   15 Y   -2  0  3  3 -3  2  2 -2  1 -3 -3  1 -2 -3 -2  0  1 -3  0 -3    0   5  24  17   0  11  17   0   3   0   0   6   0   0   0   0  13   0   3   0  0.39 0.09
   16 G   -1 -3  0  1 -4 -2  0  6 -3 -5 -5 -2 -4 -4 -3 -1 -2 -4 -4 -4    0   0   5   7   0   0   7  82   0   0   0   0   0   0   0   0   0   0   0   0  1.13 0.19
   17 N    0  2  1  0 -4  2  3 -2 -1 -4 -3  4 -2 -4 -2 -1 -1 -4 -3 -3    6  13   7   0   0  12  27   0   0   0   0  36   0   0   0   0   0   0   0   0  0.52 0.12
   18 E   -1  1  0 -2 -3  1  0 -3 -2  1 -1  1 -1  0  4 -1  0 -3 -2  0    2  12   7   0   0   7   3   0   0  15   2   7   0   7  25   0   6   0   0   6  0.29 0.07
   19 F   -2  1 -3 -4 -2 -2 -3 -4 -3  1  0  0 -1  5 -4 -3 -2 -2  0  4    0  10   0   0   0   0   0   0   0   0   0   7   0  37   0   0   0   0   0  47  0.47 0.15
   20 T   -1 -2  3  1  2 -1 -1 -2 -2 -3 -3 -1 -2 -3 -2  3  3 -4 -3 -2    0   0  24   7   7   0   0   0   0   0   0   0   0   0   0  29  33   0   0   0  0.49 0.14
   21 E   -1 -1 -1  3 -2  0  2 -2 -2 -1  2  1 -1 -2 -2  1  0 -3 -2 -1    0   0   0  20   0   0  14   0   0   0  29  10   0   0   0  20   7   0   0   0  0.21 0.09
   22 K    0  1  2  1 -3  0  2 -2 -1 -3 -3  2 -2 -3 -2  1  1 -4 -2 -2    7   9  12   9   0   0  16   0   0   0   0  17   0   0   0  15  14   0   0   0  0.30 0.07
   23 N   -2 -1  3  5 -4  0  1 -2  1 -4 -4  2 -3 -4 -2  0  0 -4 -3 -3    0   0  13  49   0   0   5   0   4   0   0  17   0   0   0   7   7   0   0   0  0.62 0.13
   24 L   -2 -3 -4 -4 -3 -3 -4 -4 -2  0  3 -4  0  5 -4 -3 -2 -1  2  0    0   0   0   0   0   0   0   0   0   0  47   0   0  40   0   0   0   0   7   6  0.66 0.15
   25 L   -2  3 -1 -2  1  2  0 -3 -1  0  0  4  0 -3 -2 -1 -1 -3 -2 -2    0  20   0   0   5  14   0   0   0   6  13  39   3   0   0   0   0   0   0   0  0.36 0.12
   26 G   -1 -3 -1 -2 -4 -3 -3  6 -3 -5 -5 -3 -4 -4 -3 -1  0 -4 -4 -4    0   0   0   0   0   0   0  94   0   0   0   0   0   0   0   0   6   0   0   0  1.42 0.22
   27 K   -2  2  0 -1 -4  3  1 -3  4 -4 -3  4 -2 -3 -2 -1 -2 -3  0 -3    0   7   4   0   0  21   7   0  17   0   0  42   0   0   0   0   0   0   4   0  0.56 0.14
   28 F   -2  0 -3 -4 -3 -2 -3 -4 -3 -1  2  0 -1  2  3 -3 -2  8  0  0    0   7   0   0   0   0   0   0   0   0  24   7   0  10  15   0   0  31   0   7  0.74 0.14
   29 S    0 -2 -1 -2 -2 -2 -2 -2  2  0 -1 -2 -1 -2 -2  3  0  4 -1  3    0   0   0   0   0   0   0   0   7   0   2   0   0   0   0  40   3   7   0  41  0.35 0.15
   30 I   -2 -3 -4 -4 -2 -3 -4 -5 -4  3  5 -3  1  0 -4 -3 -2 -3 -2  1    0   0   0   0   0   0   0   0   0  16  75   0   0   0   0   0   0   0   0   9  0.68 0.15
   31 I    0 -3 -4 -4 -2 -3 -3 -4 -4  4  2 -3  2 -1 -3 -2 -1 -3 -2  3    7   0   0   0   0   0   0   0   0  44  22   0   5   0   0   0   0   0   0  22  0.46 0.11
   32 Y   -3 -3 -3  0 -4 -3 -3 -4  0 -3 -2 -3 -2  3 -4 -3 -3  1  8 -3    0   0   0   7   0   0   0   0   0   0   0   0   0   7   0   0   0   0  87   0  1.52 0.27
   33 F   -4 -4 -4 -5 -4 -5 -5 -5 -3 -1 -1 -5 -1  8 -5 -4 -3  0  2 -2    0   0   0   0   0   0   0   0   0   0   0   0   0 100   0   0   0   0   0   0  1.68 0.28
   34 G   -1 -2 -1 -2 -3 -2 -2  6 -2 -1 -3 -2 -2 -2 -2 -1 -2 -2  1 -2    1   1   1   1   0   1   1  72   0   8   1   1   0   1   1   1   1   0   8   1  0.78 0.13
   35 F   -2 -2 -2 -3 -2 -2 -2 -3 -1 -1 -1 -2 -1  6  1 -2  0  0  3  0    1   1   1   1   0   1   1   1   0   1   1   1   0  56   8   1   8   0  11   5  0.59 0.12
   36 S    0 -1 -1 -1 -2 -1 -1 -2 -2 -2 -2  1 -1 -2 -1  2  5 -3 -2 -1    1   1   1   1   0   1   1   1   0   1   1   8   0   1   1  18  61   0   0   1  0.51 0.13
   37 N    1  0  1 -2 -2 -1 -1 -2  5 -2 -2 -1 -2  1 -2  1 -1 -1  4 -2   14   4  10   0   0   0   0   1  23   0   1   0   0   5   0  13   0   0  26   0  0.39 0.11
   38 C   -1 -3 -2 -3  9 -2 -3 -3 -3 -2 -2 -3  2 -3  2  0 -1 -3 -3 -2    1   1   1   1  62   1   1   1   0   1   1   1   8   1   9  10   1   0   0   1  1.10 0.18
   39 P    0 -2 -2 -2 -3 -1  0 -2 -2 -2 -1 -1 -2 -3  7 -1  0 -3 -3 -2   10   1   1   1   0   1   8   1   0   1   5   1   0   1  60   1   8   0   0   1  1.11 0.14
   40 D   -2 -2  0  6 -3 -1  0 -2 -2 -3 -4 -1 -3 -4  1  0  0 -4 -3 -3    1   0   0  72   0   0   0   1   0   0   1   0   0   0   8   8   7   0   0   0  0.93 0.17
   41 I   -1 -3 -3 -2 -2 -2  0  0 -3  4  1 -2  0 -1 -2 -2 -1 -3 -2  2    1   1   0   1   0   0   9   8   0  54   8   1   0   0   1   1   1   0   0  14  0.29 0.10
   42 C   -2 -4 -3 -4  9 -3 -4 -1 -3 -2 -2 -3 -2 -2 -3 -2  1 -2  3 -2    0   0   0   0  69   0   0   5   0   0   0   0   0   0   0   0   9   0  14   0  1.38 0.23
   43 P   -2 -3 -2  1 -4 -2 -2 -3 -3 -4 -4 -2 -4 -5  8 -2  0 -5 -4 -3    0   0   0  11   0   0   0   0   0   0   0   0   0   0  81   0   7   0   0   0  1.90 0.24
   44 D   -1 -1  1  3 -3  0  2  0 -2 -1 -2  0 -2 -3  1  0  2 -4 -3  0    0   0   7  20   0   0  18   9   0   6   0   7   0   0   7   0  19   0   0   7  0.23 0.07
   45 E    0 -1  0  1  3  3  3 -2 -1 -2 -2  0  1 -1 -2  1  0 -3 -2 -2    7   0   4   6   9  19  29   0   0   0   0   0   7   4   0   9   7   0   0   0  0.30 0.10
   46 L    1 -2 -3 -3 -2 -2 -3 -3 -3  0  4 -2  1 -1 -3  0  2 -3 -2  0   19   0   0   0   0   0   0   0   0   0  60   0   0   0   0   6  15   0   0   0  0.36 0.13
   47 D    0 -1  2  1  2  0  2 -2 -1 -1  0  1 -1 -2 -2  0  1 -3 -2 -1    7   0  13  10   7   0  16   0   0   3  11  13   0   0   0   7  13   0   0   0  0.15 0.06
   48 K   -1  2 -1 -1 -4  2  1  0  2 -3 -3  4  0 -3  1 -1 -2 -3 -2 -3    0   9   0   0   0   9   7   7   7   0   0  50   5   0   7   0   0   0   0   0  0.46 0.13
   49 L    0  0  0 -3 -2 -1 -2 -3 -2  1  2  0  5 -1 -3 -1  0 -3 -2  0    9   7   6   0   0   0   0   0   0   5  26   4  36   0   0   0   7   0   0   0  0.30 0.12
   50 G    1  1 -1 -2  3 -1 -2 -1 -2  1 -1 -1 -1 -2 -2  1  3 -3 -2  1    9  14   0   0   9   0   0   3   0  11   0   0   0   0   0   8  32   0   0  14  0.21 0.09
   51 L    1  1  1  2 -3  3  2 -2 -1 -3 -2  1 -2 -3 -2  0 -1 -3 -1 -2   21   7   6  14   0  18  18   0   0   0   3   7   0   0   0   3   0   0   3   0  0.28 0.08
   52 W    2 -2  0  1 -2 -2 -2 -2 -2  1  1 -2  0  1 -2 -1 -1  3 -1  1   27   0   7  11   0   0   0   0   0  10  13   0   0   9   0   0   0   6   0  16  0.14 0.07
   53 L   -1  0 -3 -3  2  0 -2 -4 -3  3  1 -2  2  1 -3 -2 -1 -3 -1  3    0   9   0   0   7   7   0   0   0  21   3   0   7   7   0   0   0   0   0  40  0.28 0.10
   54 N   -2  0  1  4 -3  0  2  1  0  0 -3  0 -2 -3 -2  0 -1 -4 -3 -2    0   7   3  38   0   0  15  13   3  11   0   7   0   0   0   3   0   0   0   0  0.37 0.09
   55 T   -1  0 -1 -1 -3  2  2 -3 -2  1  0  3 -1 -2 -2  0  0 -3 -2 -1    0   0   0   0   0  11  17   0   0  19  13  28   0   0   0   9   3   0   0   0  0.20 0.09
   56 L   -2  0 -4 -4 -2 -3 -3 -4 -3  3  4 -2  1  0 -4 -3 -2 -2  2  1    0   7   0   0   0   0   0   0   0  21  60   0   0   0   0   0   0   0   9   3  0.47 0.13
   57 S   -1 -1  1  3 -3  0  2 -2  2 -2  0  1 -1 -2  1  0 -1 -3 -2 -2    1   1   8  20   0   1  21   1   6   1  13  11   0   1   7   7   1   0   0   1  0.23 0.06
   58 S    2  0  0  0 -2  2  1 -1 -1 -3 -3  3 -2 -3 -1  2  0 -3 -2 -2   27   0   4   3   0  10   6   0   0   0   0  26   0   0   0  22   0   0   0   0  0.31 0.09
   59 K   -2  1  2  0 -4  0  3 -2 -1 -1 -2  3 -2  1 -2 -1 -1 -3 -2 -1    0   4  12   3   0   0  26   0   0   7   0  37   0   9   0   0   0   0   0   3  0.33 0.11
   60 Y    0  1 -1  0 -2  1  1 -2  2 -2 -2  1 -1 -2  3  1  1 -2  0 -1    8   7   1   4   0   4  12   1   9   1   1   9   0   0  14  11  10   0   4   4  0.22 0.04
   61 G   -1  1  3  0 -3  0  0  3  1 -2 -3  2 -2 -3 -2  0  0 -4 -2 -3    0   7  23   2   0   0   7  28   3   4   0  17   0   0   0   5   4   0   0   0  0.33 0.08
   62 I    0 -2 -2  0 -2 -2  1 -3  1  3  2 -2  0 -1 -3 -2 -1 -3 -2  2    9   0   0   7   0   0  11   0   6  33  23   0   0   0   0   0   0   0   0  11  0.19 0.08
   63 T   -2 -2  0  4 -3  1  0  0 -2 -1 -2  0 -2 -3  3 -1 -1 -4 -3  0    0   0   0  42   0   7   0   9   0   4   4   8   0   0  14   0   3   0   0  11  0.39 0.10
   64 L    0 -3 -4 -4 -2 -3 -3 -4 -4  3  2 -3  0 -1 -3 -2 -1 -3 -2  4    9   0   0   0   0   0   0   0   0  20  20   0   0   0   0   0   0   0   0  51  0.47 0.12
   65 Q   -1  1 -1 -2 -3  4  1 -3 -1  0  1  0  0 -2  0 -1  1 -2  0  0    0   7   0   0   0  34   9   0   0   2  23   0   0   0   4   0  13   0   3   6  0.24 0.10
   66 P   -1 -3 -3 -3 -3 -2 -3  0 -3  1  1 -2 -1 -2  6 -2  0 -4 -3  1    0   0   0   0   0   0   0   7   0  11  13   0   0   0  49   0   4   0   0  16  0.84 0.14
   67 L   -1 -3 -4 -4 -2 -3 -4 -4 -4  3  2 -3  0  0 -3 -3 -1 -3 -2  4    0   0   0   0   0   0   0   0   0  17  18   0   0   4   0   0   0   0   0  61  0.56 0.14
   68 F   -2 -3 -3 -3 -3 -3 -3  0 -2  0  0 -3 -1  6 -3 -1 -2 -1  1  0    1   0   0   0   0   0   0   9   0   4   7   0   0  61   0   7   0   0   0   7  0.58 0.14
   69 I   -2 -3 -3 -3 -2 -3 -3 -4 -3  5  1 -3  0  1 -3 -3  0 -3 -1  2    1   0   0   0   0   0   0   1   0  71   8   0   0   7   0   1   4   0   0   5  0.56 0.14
   70 T    0 -2 -1 -1 -2 -1 -1  0 -2 -1 -2 -1 -2 -3 -2  3  5 -3 -2 -1    1   0   0   0   0   0   0   7   0   4   1   0   0   0   0  31  52   0   0   0  0.51 0.14
   71 C    0 -2 -2 -1  3 -2 -2 -2 -3  2  1 -2  0 -1 -2 -1 -1 -2 -2  3    8   1   1   5  10   1   1   1   0  21  17   1   0   1   1   1   1   0   1  29  0.20 0.06
   72 D   -2 -2  0  6 -3 -1  1 -2 -2 -3 -3 -1 -3 -3  0  0 -1 -4 -3 -3    1   1   1  75   0   1   1   1   0   1   1   1   0   1   5   8   1   0   1   1  0.92 0.15
   73 P    0 -2 -2 -2 -3 -2 -2 -2 -2 -3 -3 -1 -2 -3  7 -1 -1 -3 -3 -2    8   1   1   1   0   1   1   1   0   1   2   1   0   1  75   1   1   0   1   1  1.58 0.17
   74 A    2  0 -1  0 -2  2  3 -1 -1 -1 -2  1 -1 -2 -1  1 -1 -2 -2 -1   24   1   1   1   0   9  31   1   0   5   1  11   0   1   1  11   1   0   0   1  0.26 0.07
   75 R   -2  5  2 -2 -3  0 -1  0  2 -3 -3  1 -2 -3 -2 -1  0 -3 -2 -3    1  60  11   0   0   0   0   9   7   0   1   0   0   0   0   0   8   0   0   0  0.61 0.14
   76 D   -3 -3  0  7 -5 -2  0 -3 -2 -5 -5 -2 -4 -5 -3 -1 -2 -6 -4 -5    0   0   0 100   0   0   0   0   0   0   0   0   0   0   0   0   0   0   0   0  1.65 0.27
   77 S    0 -1 -1  1 -2 -1 -1 -2 -2 -2 -3  1 -2 -3  0  2  5 -4 -3 -1    7   0   0   8   0   0   0   0   0   0   0  14   0   0   3  12  56   0   0   0  0.48 0.15
   78 P   -1 -2 -2 -2 -3 -2 -2 -3 -3 -2 -3  0 -3 -4  7  2 -1 -4 -3  0    0   0   0   0   0   0   0   0   0   0   0   7   0   0  61  20   0   0   0  13  1.21 0.19
   79 A    0  0 -1  1 -3  2  4 -2 -1 -2 -3  2 -2 -4  1  0 -1 -3 -3 -2   10   0   0   3   0  13  42   0   0   4   0  14   0   0   6   7   0   0   0   0  0.44 0.11
   80 V    1 -1 -1 -2 -2  2  0 -2  1  0 -1  1 -1 -2 -2  0 -1 -3 -2  2   18   0   0   0   0  17   3   0   5   0   0  14   0   0   0   9   0   0   0  35  0.19 0.10
   81 L   -2 -3 -3 -4 -2 -2 -3 -4  2  2  4 -3  3 -1 -4 -3 -2 -3 -1  1    0   0   0   0   0   0   0   0   9   7  69   0  13   0   0   0   0   0   0   3  0.58 0.15
   82 K    2  0 -1 -2 -3  0  0 -2  2 -3 -3  4 -2 -3 -2  1  0 -4 -2 -2   26   0   0   0   0   0   0   0   8   0   0  52   0   0   0   7   6   0   0   0  0.46 0.14
   83 E    1  3  0  0 -3  2  3 -2 -1 -3 -3  2 -2 -4 -2  0  1 -3 -2 -2   13  17   4   0   0   7  32   0   0   0   0  18   0   0   0   0   9   0   0   0  0.40 0.10
   84 Y   -3 -3 -4 -5 -4 -3 -4 -4  0 -2 -2 -3 -2  6 -4 -3 -3  1  7 -2    0   0   0   0   0   0   0   0   0   0   0   0   0  35   0   0   0   0  65   0  1.40 0.24
   85 L    2 -3 -3 -3 -1 -2 -3 -3 -3  2  3 -2  1 -1 -3 -1  0 -3 -2  2   22   0   0   0   0   0   0   0   0  13  39   0   0   0   0   0   6   0   0  19  0.29 0.09
   86 S    0  0 -1  1 -3  2  3 -2 -1 -3 -3  4 -2 -4 -2  1 -1 -4 -3 -3    7   0   0   6   0   7  29   0   0   0   0  38   0   0   0  13   0   0   0   0  0.48 0.12
   87 D   -2  0  3  3 -4  0  2 -2  2 -3 -2  3 -2 -2 -2 -1 -1 -3  1 -3    0   0  17  17   0   0  17   0   7   0   6  30   0   0   0   0   0   0   7   0  0.36 0.10
   88 F   -2 -2 -3 -3 -3 -2 -3 -3 -1  1  0  0  1  6 -3 -2 -2  0  4 -1    1   0   0   0   0   0   0   1   0  12   1   7   6  47   0   1   0   0  22   0  0.62 0.14
   89 H   -1  1  1  2 -3  0  1 -2  6 -3 -3  1 -2 -3  1  1 -1 -3 -1 -3    1   7   4  16   0   0   7   1  32   0   1   9   0   0   7  13   0   0   0   0  0.44 0.10
   90 P    0 -2  0 -1 -2 -2 -2 -2 -2 -2  1 -2 -1 -2  6  0 -1 -3 -3 -2    7   0   4   4   0   0   0   1   0   0  23   0   0   0  49   9   0   0   0   0  0.80 0.13
   91 S   -1  2  3 -1 -3  0  1  0 -1 -3 -3  3 -2 -4  2  1 -1 -4 -3 -3    3  14  18   0   0   0   7   7   0   0   0  32   0   0   9  10   0   0   0   0  0.38 0.10
   92 I   -3 -3 -4 -4 -3 -3 -4 -4 -3  2  2 -4  2  6 -4 -3 -2 -1  1  0    0   0   0   0   0   0   0   0   0  14  27   0   6  53   0   0   0   0   0   0  0.71 0.15
   93 L   -2 -3 -3  0 -2 -3 -3 -4 -3  4  2 -3  0 -1 -3 -2  1 -3 -2  2    0   0   0   7   0   0   0   0   0  45  22   0   0   0   0   0  15   0   0  11  0.36 0.11
   94 G   -1 -3  2 -2  1 -2 -3  5 -2 -3  0 -2 -2 -3 -3 -1 -2 -3 -3 -3    0   0  14   0   4   0   0  65   0   0  15   0   0   0   0   2   0   0   0   0  0.73 0.15
   95 L   -3 -3 -4 -5 -2 -3 -4 -5 -4  1  5 -4  1  2 -4 -3 -2 -2 -1  0    0   0   0   0   0   0   0   0   0   0  93   0   0   7   0   0   0   0   0   0  0.85 0.19
   96 T   -1 -2 -1 -2 -2 -2 -2 -2 -3 -2 -3 -2 -2 -3 -2  2  6 -4 -3 -1    0   0   0   0   0   0   0   0   0   0   0   0   0   0   0  15  85   0   0   0  0.96 0.23
   97 G   -1 -3 -1  0 -3 -2 -2  6 -3 -3 -1 -2 -2 -3 -3 -1 -2 -3 -3 -3    1   0   0   7   0   0   1  78   0   0   8   0   0   0   0   1   0   0   0   1  0.95 0.15
   98 T   -1  1  3  0 -2 -1 -1 -2 -1 -2 -1 -1 -1 -2  1  2  3 -3 -2 -1    1   8  17   3   0   0   1   1   0   0   8   0   0   0   7  24  28   0   0   1  0.28 0.09
   99 F    0  0 -1  1 -2  1  1 -2 -1  0 -1  0  1  0  2  0  0 -2  1  0   10   3   0   7   0   7  13   1   0   5   1   5   7   4  10   8   5   0   7   8  0.11 0.03
  100 D   -1 -1  0  4 -4  2  4 -2  4 -4 -4  1 -3 -4 -2  1 -1 -4 -2 -3    0   0   0  26   0  11  33   0  13   0   0   5   0   0   0  11   0   0   0   0  0.58 0.13
  101 E   -1 -1 -1  2 -4  5  4 -3 -1 -4 -4  0 -2 -4 -2 -1 -2 -4 -3 -3    5   0   0  11   0  42  42   0   0   0   0   0   0   0   0   0   0   0   0   0  0.81 0.18
  102 V   -1 -3 -2  0 -2 -2 -2  0 -3  4  1 -3  1 -1 -3 -2 -1 -3 -2  2    1   0   0   8   0   0   0   9   0  50   7   0   5   0   0   0   0   0   0  17  0.31 0.10
  103 K    0  1  1  2 -3  1  2 -2  2 -3 -3  3 -2 -3 -2  0  0 -3 -2 -2    7   7   9  13   0   7  14   1   7   0   1  27   0   0   0   0   5   0   0   0  0.31 0.07
  104 N    0  1  0  2 -3  4  2  0  1 -3 -3  1 -2 -3 -2  0 -1 -3 -2 -3    7   7   4  12   0  35  10   5   3   0   1   9   0   0   0   7   0   0   0   0  0.37 0.09
  105 A    2 -3 -3 -4 -1 -2 -3 -3 -3  2  1 -3  1 -2 -3 -1 -1 -3 -2  4   24   0   0   0   0   0   0   0   0   3  14   0   5   0   0   0   0   0   0  54  0.40 0.13
  106 C    3  0 -2 -2  5 -1 -2 -1 -2 -1 -1 -1 -1 -3 -2  1  1 -3 -2  0   35   9   0   0  17   0   0   3   0   0   7   0   0   0   0  13  10   0   0   6  0.28 0.10
  107 K   -2  3  1  2 -4  2  2 -2  0 -4 -3  4 -2 -4 -2 -1 -1 -4 -2 -3    0  17   4  16   0   8  14   0   2   0   0  38   0   0   0   0   0   0   0   0  0.52 0.11
  108 K    1  0  0  0 -3  3  2 -2 -1 -3 -3  3 -2 -4 -2  1 -1 -3 -2 -2   19   0   2   3   0  21  17   0   0   0   0  23   0   0   0  15   0   0   0   0  0.38 0.10
  109 Y   -3 -3 -4 -5 -3 -3 -4 -4 -1 -1  0 -4 -1  6 -4 -3 -3  5  6 -2    0   0   0   0   0   0   0   0   0   0   7   0   0  53   0   0   0   9  32   0  1.12 0.20
  110 R   -1  4 -1 -2 -4  0 -1  3 -2 -4 -4  4 -3 -4 -3 -1 -2 -4 -3 -3    0  37   0   0   0   0   0  29   0   0   0  34   0   0   0   0   0   0   0   0  0.67 0.15
  111 V    1 -3 -4 -4 -2 -3 -3 -3 -4  2  1 -3  0 -2 -3 -2 -1 -4 -2  5   13   0   0   0   0   0   0   0   0   4   7   0   0   0   0   0   0   0   0  77  0.61 0.17
  112 Y   -3 -3 -3 -4 -3 -3 -3 -4 -1  0 -1 -3 -1  4  3 -3 -3  6  6 -2    0   0   0   0   0   0   0   0   0   7   4   0   0  18  15   0   0  14  43   0  0.91 0.17
  113 F   -1 -2 -3 -3 -2 -2 -3 -3  0 -1 -1 -2 -1  5 -3 -2 -2  1  6  0    4   1   1   1   0   1   1   1   0   1   1   1   0  30   1   1   1   0  47   8  0.76 0.14
  114 S    1 -1  0 -1 -1  0  0  1 -1 -1 -1  1  0 -2 -1  2  1 -2 -2 -1   14   1   3   1   0   1   5  10   0   1   8  13   4   1   1  25   8   0   1   1  0.13 0.04
  115 T    0  1  0 -1 -2  0  0 -1 -1  0 -1  2 -1 -2  2  1  2 -2 -2 -1    8  11   4   1   0   1   1   2   0   7   2  18   0   1  12   9  20   0   1   1  0.19 0.05
  116 P    0  0 -2 -2 -2 -1 -2  3 -2 -1  0  1 -1 -3  3 -1 -1 -3 -3  1    2   6   0   0   0   0   0  30   0   0   9  11   0   0  17   0   3   0   0  21  0.29 0.08
  117 P   -1  0  2 -1 -3  1  1 -2  0 -1 -2  0 -2 -3  5 -1  0 -3 -2 -2    3   4  15   1   0   5  15   1   2   8   1   4   0   0  35   1   5   0   0   1  0.54 0.09
  118 N    0  0  1  0 -2  0 -1  2 -1 -2 -2  3 -2  1  1  0 -1 -2 -1 -2    8   1   7   4   0   1   1  17   0   1   1  31   0  12   7   6   1   0   0   1  0.19 0.06
  119 V   -1  1  0  4 -2  0  1  0 -1 -1 -2  1 -2 -2 -2  0  0 -3  0 -1    1   9   1  35   0   0   6   7   0   4   1   8   0   0   1   8   7   0   4   7  0.23 0.06
  120 K   -2 -1  1  3 -3  0  4 -2 -1 -2 -2  1 -2  2 -2 -1  0 -2 -1 -1    1   0   5  18   0   0  40   0   0   0   1   7   0  14   0   0   5   0   0   8  0.34 0.10
  121 P   -1 -1  0  3 -2  0  2 -2 -1 -2 -1  1  2 -2  3 -1  0 -2 -2 -1    2   1   1  21   0   1  16   2   0   1   2   9  15   1  17   2   8   0   1   1  0.30 0.06
  122 G    0 -2  1  4 -3 -1  1  3 -2 -3 -3  0 -2 -3 -2  0  1 -3 -3 -2    7   0   3  30   0   0   7  32   0   0   1   4   0   0   0   1  12   0   0   1  0.42 0.09
  123 Q   -1  1  1  0 -3  3  2  1 -1 -3 -3  1 -2 -3  0  0  0 -3 -2 -2    1   7   8   1   0  22  19  11   0   1   1  11   0   0   5   4   7   0   0   1  0.29 0.07
  124 D   -2 -1  2  5 -3  0  1 -2 -1 -3 -3  0 -2 -3 -2  0  1 -3 -3 -2    1   1  11  50   0   1   8   1   0   1   1   5   0   1   1   1  15   0   0   1  0.56 0.11
  125 Y   -2 -2 -2 -3 -3  1 -2 -3  1 -2 -2 -2 -2  2 -3 -2 -2  1  8 -2    1   1   1   1   0   7   1   1   0   1   1   1   0   1   1   1   1   0  79   1  1.17 0.20
  126 L   -1 -2 -1  2 -2 -1  0 -2 -2  2  2 -2  2 -1 -2  0 -1 -2 -2  1    4   0   0  15   0   0   8   1   0  17  25   0  13   0   0   7   0   0   0   7  0.14 0.06
  127 V   -1 -3 -3 -3 -2 -2 -3  1 -3  2  2 -2  0 -1 -3 -2 -1 -3 -2  4    1   0   0   0   0   0   1  15   0  13  19   0   0   0   0   1   0   0   0  47  0.30 0.09
  128 D   -2 -1  0  5 -3  1  0 -2 -2  1 -2  0 -2 -3 -2  0 -1 -3 -2 -1    1   1   1  54   0   8   1   1   0  15   1   5   0   1   1   8   1   0   0   1  0.48 0.11
  129 H   -2 -1 -1 -2 -4 -1 -1 -3  9 -4 -3 -2 -2 -2 -3 -2 -1 -3  0 -4    1   0   0   0   0   0   1   1  87   0   1   0   0   0   0   1   5   0   0   1  1.62 0.26
  130 S    0  2  0 -1 -2  1 -1 -1 -1 -3 -3  0 -2 -3 -2  4  1 -3 -2 -2    1  14   0   0   0   7   1   1   0   0   1   0   0   0   0  65   7   0   0   1  0.51 0.15
  131 I   -1 -2  1 -1 -2 -2 -2  0  1  3  0 -2  0 -2 -2  1  1 -3 -2  1    1   0  12   0   0   0   1   7   5  40   1   0   0   0   0  20   7   0   0   4  0.16 0.09
  132 F    0 -2  1 -2 -2  0 -1 -2 -1  0 -1 -2 -1  4 -2  2 -1 -1  0  0    8   0  12   0   0   7   1   1   0   7   1   0   0  34   0  21   0   0   0   7  0.22 0.09
  133 F   -2 -3 -2 -3 -2 -2 -3 -3 -3  1  1 -3  3  4 -3 -1  3 -2  0  1    0   0   0   0   0   0   0   0   0  10   7   0  14  31   0   0  27   0   0  11  0.37 0.12
  134 Y    0 -2 -3 -3 -3 -2 -2 -3  0 -2 -2 -2 -2  2 -3 -2 -2  1  8 -2    8   1   1   1   0   1   1   1   0   1   1   1   0   1   1   1   1   0  80   1  1.18 0.21
  135 L   -2 -3 -4 -5 -2 -3 -4 -5 -4  1  5 -3  1 -1 -4 -3 -2 -3 -2  1    0   0   0   0   0   0   0   0   0   0  91   0   0   0   0   0   0   0   0   9  0.83 0.19
  136 M   -2 -3 -4 -4 -2 -3 -4 -4 -4  4  2 -3  4 -1 -4 -3 -1 -3 -2  3    0   0   0   0   0   0   0   0   0  50  15   0  19   0   0   0   0   0   0  16  0.57 0.14
  137 D   -1 -2  3  5 -3 -1  0  2 -2 -4 -4 -1 -3 -4 -2  2 -1 -4 -3 -4    0   0  19  44   0   0   0  20   0   0   0   0   0   0   0  17   0   0   0   0  0.67 0.14
  138 P    1 -1 -2 -2 -3 -1  0 -2 -2 -3 -3  2 -3 -4  6  1 -1 -4 -3 -3   11   0   0   0   0   0   7   0   0   0   0  17   0   0  53  11   0   0   0   0  1.06 0.16
  139 E   -2 -1  3  5 -4  1  2 -2 -1 -4 -4  1 -3 -4 -2  0 -1 -4 -3 -4    0   0  21  45   0   4  13   0   0   0   0  11   0   0   0   7   0   0   0   0  0.67 0.13
  140 G   -1 -3 -2 -3 -3 -3 -3  6 -3 -3 -1 -3  2 -3 -3 -1 -2 -3 -4 -3    0   0   0   0   0   0   0  86   0   0   6   0   8   0   0   0   0   0   0   0  1.18 0.20
  141 Q   -1  1  0 -1 -3  1  1  0 -1 -2  0  3 -1 -3 -2  0  0 -3 -2  0    0   2   3   0   0   6  11   6   0   0  10  39   0   0   0   7   7   0   0   9  0.22 0.08
  142 F   -2 -3 -4 -4 -3 -3 -4 -4 -2  3  1 -3  0  5 -4 -3 -2 -1  3  2    0   0   0   0   0   0   0   0   0  22   7   0   0  43   0   0   0   0  13  15  0.60 0.13
  143 V   -1 -2 -3 -3 -2  1  0 -4 -2  2  3 -2  3 -1 -3 -2  0 -3 -2  1    0   0   0   0   0   9   8   0   0  14  40   0  10   0   0   0   7   0   0  12  0.25 0.08
  144 D   -2  1  0  4 -3  1  1 -2  2 -3 -1  3 -2 -3 -2  0 -1 -3 -2 -3    0   5   0  31   0   7   4   0   8   0   9  30   0   0   0   4   0   0   0   0  0.36 0.09
  145 A    0 -2 -2  0  2 -2 -2 -3  5  0 -1 -2 -1  2 -3 -2 -1 -1  3  2    7   0   0   7   5   0   0   0  23   0   0   0   0  10   0   0   0   0  17  28  0.29 0.10
  146 L   -3 -3 -3 -4 -3 -3 -3 -4  0 -1  0 -3 -1  6 -4 -3 -3  1  6 -2    0   0   0   0   0   0   0   0   0   0   7   0   0  42   0   0   0   0  48   0  1.04 0.18
  147 G   -1 -2  2  3 -3 -1 -1  4 -1 -3 -3 -1 -2 -1 -2  0 -1 -2  2 -3    1   1  14  24   0   1   1  37   0   1   1   1   0   0   1   4   1   0  13   1  0.43 0.08
  148 R   -1  4  1 -1 -2  1  0 -2 -1 -1  0  2 -1 -2 -2 -1 -1 -2 -2  0    1  31  10   1   0   9   1   1   0   1  14  17   0   1   1   1   1   0   1   7  0.23 0.06
  149 N   -1 -1  4  4 -3  1  1 -2  1 -3 -3 -1 -1  1 -2  0 -1 -3 -2 -3    3   0  32  28   0  10   6   0   4   0   0   0   3   8   0   6   0   0   0   0  0.43 0.10
  150 Y    0  1 -1 -2 -3 -1 -1  0  1  0 -1  2 -1  3 -2  0 -1 -1  3 -1    7   8   0   0   0   0   0   8   4   7   0  20   0  22   0  10   0   0  14   0  0.18 0.07
  151 D   -1  0  1  1 -2  1  0 -2 -1  0 -2  1 -1 -2 -2  2  1 -3  0  0    0   3   9  12   0  10   0   0   0   8   0  14   0   0   0  21  11   0   4   8  0.15 0.05
  152 E    1 -1  0  0 -2  0  2 -2 -2 -2 -2  1 -2 -3  4  0  1 -4 -3 -1   16   0   3   3   0   0  16   0   0   0   4  14   0   0  28   4   9   0   0   4  0.43 0.07
  153 K    0  0  1  3 -3  1  3 -1 -1 -3 -3  2 -2 -4 -2  1  0 -4 -3 -3    5   0   8  22   0   4  29   3   0   0   0  17   0   0   0   9   3   0   0   0  0.41 0.08
  154 T   -1  0  1  1 -3  2  3 -2  2 -3 -2  1  1 -3 -2  1  1 -3 -2 -2    0   0   9   4   0  12  27   0   8   0   0  10   7   0   0  12  12   0   0   0  0.31 0.07
  155 G   -1 -2 -2 -2 -2 -2 -2  0  4  3  1 -2  1 -1  1 -2 -1 -3 -1  1    4   0   0   0   0   0   1   8  19  30  15   0   3   0   8   1   0   0   0   7  0.18 0.06
  156 V    2 -2 -1 -2 -2 -1 -2 -2  4  1  0 -2  2 -1  0  0  0 -2  2  0   22   0   0   0   0   0   0   0  17  10   4   0  13   0   4   9   7   0   8   7  0.16 0.07
  157 D   -1  0  0  5 -4  2  3  0 -1 -4 -4  0 -3 -4 -2  0 -1 -4 -3 -3    3   4   0  47   0  15  23   5   0   0   0   0   0   0   0   4   0   0   0   0  0.64 0.12
  158 K    0 -1 -1  1 -2  0  2  0 -1 -1 -1  1  1  1 -2  2  0 -3 -1  0    4   0   0   8   0   0  16   4   0   0   0  13   9   9   0  27   0   0   0   9  0.14 0.07
  159 I   -1 -3 -3 -4 -2 -3 -3 -4 -4  4  2 -3  1 -1 -3 -2  1 -3 -2  3    0   0   0   0   0   0   0   0   0  49  16   0   0   0   0   0  10   0   0  26  0.46 0.11
  160 V    0  3 -2 -3 -2 -1 -2 -3 -2  2  2  0  1 -1 -3 -2 -1 -3 -2  1   10  29   0   0   0   0   0   0   0  18  28   0   5   0   0   0   0   0   0  10  0.23 0.07
  161 E    0  2  3  2 -3  0  2 -1 -1 -3 -3  2 -2 -3 -2  1  0 -4 -2 -3    6  10  24   9   0   0  15   0   0   0   0  23   0   0   0   9   4   0   0   0  0.35 0.06
  162 H   -2 -1 -1  1 -3  1  2 -3  5 -2  0 -1 -1  1 -3 -1 -2  5  2 -2    0   0   0   9   0   5  23   0  28   0  11   0   0   5   0   0   0  10   9   0  0.43 0.09
  163 V   -1 -3 -4 -4 -2 -2 -3 -4 -3  2  3 -3  4  0 -3 -3 -1 -2 -2  2    0   0   0   0   0   0   0   0   0  15  39   0  23   0   0   0   0   0   0  23  0.43 0.08
  164 K    1  4 -1 -2 -3  3  0 -2 -1 -3 -3  4 -2 -3 -2  0 -1 -3 -2 -2   19  27   0   0   0  17   0   0   0   0   0  37   0   0   0   0   0   0   0   0  0.48 0.09
  165 S    2 -1  0 -1 -2  1  1 -1 -1 -3 -3 -1 -2 -3  0  4  1 -3 -2 -2   16   0   0   0   0   6  10   0   0   0   0   0   0   0   4  56   8   0   0   0  0.41 0.09
  166 Y   -2 -2 -1 -3 -3 -1 -2 -3  6 -2 -1 -2 -1  4 -3 -2 -2  1  5 -2    0   0   0   0   0   0   0   0  35   0   0   0   0  26   0   0   0   0  38   0  0.70 0.05
  167 V    0 -2 -3 -3 -1 -2 -3 -3 -3  2  1 -2  3 -1 -3 -2  0 -3 -1  4    0   0   0   0   0   0   0   0   0   0   0   0  27   0   0   0   0   0   0  73  0.31 0.01
  168 P   -1 -2 -2 -2 -3 -1 -1 -2 -2 -3 -3 -1 -3 -4  8 -1 -1 -4 -3 -3    0   0   0   0   0   0   0   0   0   0   0   0   0   0 100   0   0   0   0   0  2.04 0.00
  169 A    4 -1 -1 -2  0 -1 -1  0 -2 -1 -1 -1 -1 -2 -1  1  0 -2 -2  0    0   0   0   0   0   0   0   0   0   0   0   0   0   0   0   0   0   0   0   0  0.00     0.00

                      K         Lambda
Standard Ungapped    0.1427     0.3201
Standard Gapped      0.0434     0.2670
PSI Ungapped         0.1417     0.3178
PSI Gapped           0.0434     0.2670
