
Last position-specific scoring matrix computed, weighted observed percentages rounded down, information per position, and relative weight of gapless real matches to pseudocounts
            A   R   N   D   C   Q   E   G   H   I   L   K   M   F   P   S   T   W   Y   V   A   R   N   D   C   Q   E   G   H   I   L   K   M   F   P   S   T   W   Y   V
    1 T    -1  -2  -1  -2  -2  -2  -2  -2  -3  -2  -2  -2  -2  -3  -2   2   6  -4  -3  -1    0   0   0   0   0   0   0   0   0   0   0   0   0   0   0  17  83   0   0   0  0.88 0.18
    2 T    -2  -2   3  -2  -3   4  -1  -3  -2  -2  -2   0  -2  -4  -3   1   4  -4  -3   0    0   0  17   0   0  23   0   0   0   0   2   4   0   0   0   6  42   0   0   7  0.58 0.24
    3 E    -1   0   1   2  -3   3   1   1  -1   1  -1   1  -1  -1  -2  -1  -1  -3  -2  -1    2   4   9  12   0  18  10  10   0  13   5  10   0   4   0   2   0   0   0   2  0.16 0.10
    4 V     1  -3  -3  -1   0  -3  -3  -3  -4   3   1  -3   2  -2  -2   0  -1  -4  -3   4   11   0   0   4   2   0   0   0   0  18  10   0   6   0   2  10   0   0   0  37  0.35 0.16
    5 V     1  -2   0   0  -2   2   0  -2  -2   2  -1  -1   2  -2  -2   0   0  -4  -3   2   14   0   6   4   0  12   7   1   0  12   3   2   8   0   1   7   3   0   0  20  0.15 0.13
    6 M    -2  -4  -2  -5  -3  -1  -4  -5  -4   2   4  -4   5   2  -5  -4  -2  -3  -2   2    2   0   2   0   0   3   0   0   0  11  43   0  18   8   0   0   1   0   0  13  0.68 0.27
    7 E     1  -1   0   0  -4   5   3  -4  -2  -4  -4  -1  -3  -5  -2   0   2  -5  -4  -3   12   2   3   5   0  37  20   0   0   0   0   1   0   0   1   3  16   0   0   1  0.73 0.33
    8 N    -3   4   5   1  -5   2  -1  -3  -2  -4  -3   2  -2  -5  -4   0  -2  -5  -4  -4    0  25  32   7   0   9   3   0   0   1   1  14   1   0   0   6   2   0   0   0  0.75 0.32
    9 V     3  -4  -3  -4  -1  -3  -3   3  -4   1  -2  -2   2  -3  -4   0  -2  -4  -4   3   28   0   1   0   1   0   0  25   0   6   2   2   7   0   0   5   0   0   0  22  0.48 0.26
   10 T     0   0   1  -2  -2  -2  -2  -2  -3   1   0  -1   1   0  -3   2   2  -3  -2   1    8   6   8   0   0   0   1   2   0   8  10   4   5   4   0  16  19   0   0   8  0.16 0.14
   11 A     4  -3  -2  -3  -3  -3  -2  -1  -1   0   0  -2  -2   1  -3   0   0  -4  -3   3   40   0   1   1   0   0   2   5   2   3   7   1   0   6   0   7   4   0   0  22  0.37 0.24
   12 F     3  -3  -1  -1  -1   1   0  -1  -3  -1  -2  -1  -2   1  -3   2   0  -3   0  -2   34   0   2   2   1   6   4   3   0   3   4   3   0   9   0  22   3   0   3   1  0.31 0.22
   13 W     2   0  -1  -3  -1  -3  -2   1  -3  -1   0  -2   0   2  -3  -1  -1   7   0  -1   23   5   2   1   1   0   2   9   0   3  12   1   2  10   0   5   3  16   2   3  0.37 0.20
   14 E    -2   0   0   2  -5   4   5  -2   0  -2  -2   1  -3  -4  -3  -2  -3  -4  -2  -3    1   3   3  10   0  24  37   3   1   2   4   6   0   1   1   1   0   0   2   2  0.68 0.31
   15 E    -3   5   0   1  -5   2   3  -3  -1  -4  -3   1  -1  -4  -3   1  -1  -5  -4  -4    0  37   3   7   0   9  17   1   1   1   1   6   2   0   1  11   4   0   0   0  0.65 0.30
   16 G    -1   1  -1  -2  -3  -2   1   2  -3   3   0  -2  -1  -2  -3  -2  -1  -4  -3   2    4   8   2   2   0   0  12  18   0  27   6   1   1   1   0   1   2   0   0  13  0.25 0.18
   17 F    -3  -3  -1  -2  -1  -3  -2  -3  -1   1   1  -2   1   7  -2  -2  -2  -2   1  -1    1   1   3   2   1   1   2   2   1   7  11   3   3  48   3   2   2   0   2   3  0.71 0.30
   18 G     1  -2  -1   0  -2   0   2   1   0  -1   0   0  -1  -1  -1   1   0  -3  -1  -1   17   1   2   4   0   2  15  10   2   2  10   5   2   3   2  12   7   0   2   1  0.10 0.10
   19 E    -2  -1  -1   0  -1   1   3  -3  -1   2   2  -1   0  -1  -3  -1  -1  -2  -1   0    1   3   2   3   1   5  27   1   1  13  21   1   2   2   0   3   3   1   2   7  0.24 0.18
   20 L    -1  -1  -3  -3  -3  -2  -3  -4  -3   3   4  -1   2  -1  -1  -1  -1  -4  -2   1    4   3   1   1   0   1   1   1   1  16  46   4   5   1   3   4   2   0   1   7  0.43 0.23
   21 F    -1  -3   0   5  -4   0   1  -4  -3   1   0  -1   0   0   0  -1  -2  -5  -2  -1    5   0   4  38   0   3   8   0   0   9   8   4   3   4   4   3   1   0   1   5  0.42 0.24
   22 E    -2   0   1   3  -4   1   4  -3   0  -2  -2   0  -2  -4   0   0   0  -4  -2  -1    2   5   6  16   0   5  29   0   3   1   5   4   1   0   4   7   6   0   2   4  0.36 0.21
   23 K    -1   1   0   1  -4   0   3  -1  -3  -3  -1   2  -3  -4   3  -1   0  -5  -3  -2    5   6   3   6   0   4  22   4   0   1   6  14   0   0  16   3   8   0   1   1  0.35 0.21
   24 A     1  -1  -1   0  -3   0   1  -2  -3   0  -1   0  -2  -2   3   1   0  -4  -2   0   15   3   2   4   0   4  10   2   0   5   4   5   0   1  17  10   6   0   1   9  0.22 0.15
   25 K    -1   0   0   0  -4   1   3  -2  -2  -3  -1   2  -2  -4   3   0  -1  -5  -2  -2    3   4   4   5   0   6  26   2   1   1   7  17   0   0  13   6   2   0   1   3  0.36 0.22
   26 Q     0   1  -1   1  -2   2   2  -2   1   0  -1   1  -1  -3   2  -1  -1  -2  -2  -1    6   8   2   8   0  13  12   2   3   7   8   8   0   1  11   3   2   0   1   4  0.17 0.13
   27 N     0   0   1   3  -1   1   1  -1   0  -2  -2   0  -2  -4   1   0  -1  -3  -2  -2    6   6   8  20   1   9   9   5   2   2   4   6   0   0   8   6   3   0   1   3  0.21 0.13
   28 N     0   0   3   3  -4   1   0  -1   2  -2  -3   0  -2  -3   1   0   0  -4  -1   0    5   5  16  16   0   6   6   4   5   3   1   3   1   1   7   8   6   0   2   7  0.21 0.15
   29 N    -1   0   2   1  -4   0   0   3   0  -3  -3   0  -3  -3   1   0   0  -3  -2  -2    4   6  13   7   0   3   5  26   2   1   2   6   0   1   6   7   7   0   1   2  0.28 0.16
   30 N     0   1   2   1  -3   0   1   0   0  -2  -2   1  -1  -3   0   1   1  -4  -2  -2    9   6  15   8   0   3   7   6   2   2   4  10   2   0   5  11   8   0   1   1  0.16 0.11
   31 R    -1   3   0  -2  -3   0  -1  -2  -1   1   1   2  -1  -2   1  -1   0  -3  -1   0    3  18   6   2   0   4   3   2   1   8  17  13   1   1   6   3   4   0   3   7  0.14 0.13
   32 K     0   0   0   0  -3   0   2  -2   1  -2  -2   2  -3  -4   4   1   0  -4  -2  -2    8   3   3   3   0   4  17   1   4   2   3  15   0   0  18   8   6   0   1   3  0.33 0.20
   33 T     0   0  -1   0  -2  -1  -1   0   0   1   1   1   0  -2   1   0   0  -3  -2   1    7   4   3   6   0   2   3   6   2   9  19   9   0   1   6   7   5   0   0  11  0.05 0.07
   34 S     0  -1   0   1  -1   1   2   0   0  -1  -1   0  -1  -2   1   1  -1   2  -2  -1    7   2   4   6   1   5  15   6   2   5   6   6   1   1   7  15   3   4   1   4  0.11 0.10
   35 N    -1   2   3   0  -4   1   1  -2   0   0  -1   1  -2  -2   2   0  -1  -4  -3  -1    5  11  16   3   0   5   9   2   2   8   6  10   0   1  12   4   2   0   0   4  0.20 0.15
   36 G     1  -2  -1  -1  -3  -1   0   4  -3  -1  -2   0  -2  -2   1   0   0  -4  -3   0   10   2   2   2   0   2   8  30   0   3   3   7   1   2   6   8   5   0   1  10  0.26 0.17
   37 D    -1   1   2   4  -3   1   2  -2   1  -2  -3   1  -2   0  -1   0  -1  -3  -2  -3    5   6   9  23   0   5  14   2   3   2   2  11   1   4   2   5   3   0   1   1  0.32 0.20
   38 D    -1  -2   0  -1  -4  -1   0   3  -1   3  -1  -1  -1  -3   0  -2  -2  -5  -3   2    4   1   5   4   0   3   6  24   1  20   3   4   1   1   4   2   1   0   1  17  0.28 0.21
   39 S     1   0   2   1  -2  -1   2  -2   0   0  -2  -1  -2  -3  -3   3   0  -5  -3  -2   14   5  12   8   1   1  13   2   3   5   3   3   0   1   1  22   6   0   0   2  0.27 0.22
   40 L    -4  -5  -7  -7  -5  -6  -6  -6  -6   6   3  -5  -2   2  -5  -6  -4  -5  -4   3    0   0   0   0   0   0   0   0   0  42  23   1   0   9   0   0   0   0   0  22  1.22 0.49
   41 S    -1   2   0   0  -2   1   4  -4   1  -3  -4   2  -4  -2  -4   2   2  -5  -4  -2    3   9   4   5   1   6  25   0   3   1   0  10   0   2   0  16  11   0   0   3  0.43 0.29
   42 F    -3  -5   0  -1  -5  -2  -4  -1   2   1   1  -3  -2   6  -4  -4  -4   1   0   1    1   0   4   3   0   2   0   6   5   9  12   2   0  38   0   1   0   2   2  12  0.72 0.36
   43 S    -1   3   0   0  -2   1   1  -3  -1  -1  -2   2  -2  -2  -3   1   0  -5  -3   1    3  16   3   6   1   5  11   1   1   3   4  14   0   1   0  10   5   0   0  15  0.23 0.19
   44 N    -4   0   6   2  -4  -2  -1  -1   3  -6  -6  -2  -4  -3  -3   0  -1  -2   4  -6    1   5  46   9   0   1   3   4   6   0   0   2   0   0   1   6   3   1  12   0  1.06 0.49
   45 F    -2  -2  -3  -4  -4  -3  -3  -3  -4   1   1   1  -2   4   1  -3  -3  -3   0   4    3   1   1   1   0   1   2   2   0   5  13   9   0  19   8   1   1   0   3  32  0.51 0.30
   46 S     0   0   0  -2  -1  -1  -2  -3  -2  -5  -5  -1  -4  -3  -3   5   3   0   1  -4    6   4   3   2   1   2   2   2   1   0   0   3   0   1   1  44  21   1   4   1  0.76 0.44
   47 L    -4   1  -4  -4  -6  -3  -4  -5  -1  -4  -1   0  -2   6  -2  -3  -4   1   7  -3    1   8   1   1   0   1   1   1   1   1   4   5   1  35   2   2   0   1  33   1  1.29 0.53
   48 L     0   0   0   1  -4  -1  -2   4  -1  -2  -3  -1  -4  -3   3   0  -1  -5  -3  -3    8   5   5   8   0   2   2  29   2   2   2   4   0   1  17   7   4   0   0   2  0.44 0.25
   49 G    -1  -3   1   3  -4  -1   1   3  -1  -5  -4  -1  -4  -3  -3   1  -1   2   4  -4    4   1   5  16   0   2   9  24   1   0   1   3   0   0   1  10   4   3  16   0  0.52 0.31
   50 T    -1   3   1  -2  -4   1  -1  -2   0  -1  -2   2  -1   1   0   0   2  -4  -2   1    3  17   6   2   0   5   3   2   2   2   2  16   1   6   4   5  13   0   1  10  0.22 0.19
   51 P    -1  -1  -2  -2  -3   3   0  -4   2  -2  -3   0  -4  -5   6  -2   1  -4  -1  -1    4   3   2   2   0  13   7   0   5   3   2   5   0   0  36   1  10   0   2   4  0.77 0.39
   52 V     4  -5  -4  -6  -3  -5  -5  -3  -6   3  -2  -5  -3  -5  -5  -2   1  -6  -5   5   33   0   0   0   0   0   0   1   0  14   2   0   0   0   0   1  10   0   0  37  0.95 0.47
   53 L    -5  -6  -7  -7  -5  -6  -7  -7  -4   2   6  -6  -2   1  -7  -5  -4  -6  -5   2    0   0   0   0   0   0   0   0   0  11  71   0   0   5   0   0   0   0   0  12  1.50 0.58
   54 K    -3   2   2   3  -4   1   0  -4   3  -6  -5   4  -4  -3  -3   0  -2  -6  -2  -5    2  10  11  19   0   6   5   0   8   0   0  26   0   1   1   8   1   0   1   0  0.66 0.35
   55 D    -4  -3   5   5  -5  -1  -2   3   1  -7  -7  -2  -6  -7  -3  -2  -4  -7  -6  -7    1   1  29  35   0   2   2  21   3   0   0   2   0   0   1   2   0   0   0   0  1.23 0.53
   56 I    -3  -6  -7  -7  -3  -6  -6  -7  -7   6   2  -6  -1   1  -6  -5  -3  -6  -4   4    2   0   0   0   0   0   0   0   0  42  19   0   1   5   0   0   1   0   0  30  1.28 0.51
   57 N    -4  -3   6   3  -3  -3  -2  -4  -1  -7  -7  -4  -6  -7  -5   5   1  -7  -4  -6    0   1  32  18   0   0   2   1   1   0   0   0   0   0   0  38   7   0   0   0  1.28 0.59
   58 F    -5  -6  -7  -7  -4  -6  -7  -6  -6   1   5  -7   1   6  -7  -6  -5  -5  -3  -1    1   0   0   0   0   0   0   0   0   6  58   0   3  29   0   0   0   0   0   3  1.52 0.59
   59 K    -1   0   1   2  -3   0   2  -3   2  -4  -4   2  -4  -4  -4   2   3  -4  -3  -2    3   4   5  13   0   4  13   1   5   1   0  12   0   1   0  14  21   0   1   3  0.44 0.29
   60 I    -1  -7  -7  -7  -4  -6  -7  -7  -7   6   0  -6  -2   0  -6  -6  -4  -6  -5   4    5   0   0   0   0   0   0   0   0  52   8   0   0   4   0   0   0   0   0  30  1.50 0.57
   61 E     0   2   1  -2  -5   1   2  -3   1  -5  -4   3  -2  -3   4  -1  -2  -5  -1  -4    9   9   6   2   0   6  16   1   3   0   1  16   1   1  22   3   2   0   2   1  0.54 0.31
   62 R     2   1  -1   1  -3   1   1  -2   0  -4  -4   2  -4  -5   3   1  -1  -6  -4  -4   17   9   2   8   1   6  10   2   2   0   1  15   0   0  17  10   2   0   0   1  0.44 0.28
   63 G    -5  -3   0  -5  -6  -6  -6   7  -4  -9  -8  -3  -7  -7  -7  -4  -6  -7  -7  -7    0   2   5   0   0   0   0  89   0   0   0   2   0   0   0   0   0   0   0   0  2.38 0.83
   64 Q    -3  -3  -3  -2  -3   4   6  -4  -2  -6  -6   2   1  -7  -5   1  -1  -5  -4  -6    1   0   1   2   1  19  46   1   1   0   0  12   3   0   0   9   4   0   0   0  1.13 0.55
   65 L    -3  -1  -2  -5   1  -4  -5  -5  -3   1   1   0   1   5  -5  -2   2   2   1   1    1   4   1   0   2   0   0   0   0   9  14   6   4  27   0   2  12   2   3  11  0.52 0.29
   66 L    -4  -6  -6  -6  -1  -5  -6  -6  -5   3   1  -5  -2   2  -6  -3   2  -4   1   5    0   0   0   0   1   0   0   0   0  14  14   0   0   8   0   2  14   0   4  41  0.91 0.43
   67 A     5  -5  -5  -5   1  -5  -5   2  -6  -3  -4  -5   0  -4  -5  -1   1  -6  -5   1   56   0   0   0   3   0   0  14   0   1   0   0   2   1   0   4   9   0   0  10  1.05 0.52
   68 V    -5  -6  -7  -7  -5  -6  -7  -7  -7   6   4  -6  -1   2  -7  -6  -5  -6  -4   3    0   0   0   0   0   0   0   0   0  38  38   0   1   7   0   0   0   0   0  16  1.33 0.52
   69 A    -2  -6  -7  -7   3  -6  -6  -7  -5   4   3  -6   0  -4  -6  -5  -2  -6  -5   5    2   0   0   0   6   0   0   0   0  18  23   0   2   0   0   0   2   0   0  46  1.21 0.50
   70 G    -4  -7  -5  -6  -8  -7  -7   8  -7  -9  -9  -7  -8  -8  -7  -5  -7  -8  -8  -8    0   0   0   0   0   0   0  99   0   0   0   0   0   0   0   0   0   0   0   0  2.91 0.96
   71 S    -1   2  -3  -4  -6   0  -2  -3   4  -4  -4  -1  -3  -4   6   0  -2  -6  -2  -3    5  13   1   0   0   3   3   1   9   1   1   3   1   1  46   6   2   0   2   2  1.12 0.49
   72 T    -3  -5   2  -4  -5  -4  -4  -5  -5  -4  -6  -4  -4  -6  -4   6   2  -7  -6   0    0   0  10   0   0   0   0   0   0   1   0   1   0   0   1  67  12   0   0   7  1.51 0.69
   73 G    -4  -7  -5  -6  -7  -6  -7   8  -7  -8  -8  -6  -7  -7  -7  -5  -6  -7  -7  -7    1   0   0   0   0   0   0  97   0   0   0   0   0   0   0   0   0   0   0   0  2.77 0.90
   74 A     2  -5  -4  -5   8  -5  -4  -2  -6  -6  -6  -5  -5  -6  -5   5  -2  -6  -6  -5   16   0   0   0  30   0   1   3   0   0   0   0   0   0   0  46   2   0   0   0  1.65 0.67
   75 G    -5  -7  -5  -6  -7  -6  -7   8  -7  -8  -8  -6  -7  -7  -7  -5  -6  -7  -7  -7    0   0   0   0   0   0   0  98   0   0   0   0   0   0   0   0   0   0   0   0  2.80 0.91
   76 K    -6  -3  -5  -6  -8  -4  -4  -6  -6  -7  -7   8  -6  -8  -6  -5  -5  -7  -7  -7    0   0   0   0   0   0   0   0   0   0   0  98   0   0   0   0   0   0   0   0  2.88 0.99
   77 T    -4  -5  -4  -5  -5  -5  -5  -5  -5  -6  -6  -4  -6  -7  -5   7   4  -7  -6  -6    0   0   0   0   0   0   0   0   0   0   0   1   0   0   0  71  26   0   0   0  1.94 0.81
   78 S    -5  -6  -5  -6  -6  -5  -6  -6  -6  -6  -6  -5  -6  -7  -6   2   8  -7  -6  -5    0   0   0   0   0   0   0   0   0   0   0   0   0   0   0  15  84   0   0   0  2.38 0.92
   79 L    -3  -6  -6  -7  -2  -6  -6  -7  -6   3   5  -6   0  -1  -6  -4   0  -5  -4   1    1   0   0   0   1   0   0   0   0  16  63   0   1   2   0   1   5   0   0   8  1.23 0.51
   80 L     1  -5  -6  -6  -3  -5  -5  -4  -6   3   5  -5   1  -1  -5  -2  -2  -5  -4   2   11   0   0   0   0   0   0   1   0  16  50   0   2   2   0   4   2   0   0  11  0.86 0.40
   81 M    -1   6   3  -4  -6   1  -3  -3  -3  -6  -3   2   0  -5  -5   1  -3  -6  -5  -5    4  45  12   0   0   7   1   1   0   0   2  11   2   0   0  13   0   0   0   0  1.05 0.50
   82 M     1  -5  -5  -6   3  -3  -5  -3   1   2   4  -5   5  -3  -6  -2  -1  -5  -4  -1   10   0   0   0   5   1   0   2   3  10  46   0  13   0   0   2   4   0   0   3  0.82 0.40
   83 I    -4  -6  -7  -7  -5  -6  -7  -7  -7   6   4  -4   2  -1  -7  -6  -4  -6  -5   2    1   0   0   0   0   0   0   0   0  39  43   1   4   2   0   0   0   0   0  10  1.36 0.53
   84 M     3  -4   4  -2  -3   1   0  -1  -2  -2   1  -3   1  -1  -1  -1   0  -5  -3  -2   29   0  19   1   0   6   5   3   1   2  13   0   4   3   3   4   5   0   0   2  0.35 0.28
   85 G    -2   5  -2  -5  -3  -4  -4   6  -3  -7  -3  -3  -4  -7  -6  -2  -5  -7  -6  -7    2  31   2   0   1   0   0  55   1   0   3   1   0   0   0   2   0   0   0   0  1.52 0.62
   86 E    -3  -5  -5  -5  -3  -2   1  -7  -3  -1   4  -5   1   6  -6  -4  -5  -4   0  -2    2   0   0   0   1   2  12   0   0   3  45   0   3  28   0   1   0   0   2   1  1.07 0.48
   87 L    -4  -4  -1   1  -6  -2   4  -6  -1   0   1  -4   2   0  -5  -3  -2  -1   6  -2    1   0   3   6   0   1  27   0   1   6  14   0   5   3   0   1   2   1  26   3  0.74 0.41
   88 E    -2   1  -1   4  -4   2   2  -3   2  -3  -3   1  -3  -2   1  -1   1  -4  -1  -2    3   8   2  22   0  10  13   1   4   2   3   8   0   1   7   4   8   0   2   2  0.37 0.24
   89 P     1  -2  -4  -3  -2  -2  -4  -5  -2   1  -2   0  -4  -4   7  -4  -2  -7  -3   0   10   2   1   1   1   2   0   1   1   7   4   7   0   1  53   1   2   0   1   8  1.24 0.54
   90 S    -2  -3   0   3  -3   1   1  -4  -1  -1  -2  -2  -3  -3  -4   2   4  -4  -2   0    3   0   3  18   0   7   7   0   2   3   4   2   0   1   0  15  26   0   2   7  0.44 0.31
   91 E     1  -1  -1   0  -2   2   2   0   0  -5  -5   0  -4  -4  -4   4   0  -5  -3  -4   12   3   3   4   1   7  16   7   3   0   0   6   0   0   0  31   5   0   1   1  0.48 0.32
   92 G    -4  -7  -5  -6  -8  -6  -6   8  -7  -9  -9  -7  -8  -8  -7  -5  -6  -8  -8  -8    0   0   0   0   0   0   0  98   0   0   0   0   0   0   0   0   0   0   0   0  2.85 0.94
   93 K    -1   2   0   1  -3   3   3  -3   1  -3  -4   2  -2  -4  -4   2   1  -5  -3  -2    4  10   4   7   0  12  17   1   3   1   0  12   1   0   0  14  10   0   0   3  0.39 0.26
   94 I    -5  -5  -7  -7  -5  -6  -7  -7  -7   6   1  -7  -2  -4  -7  -6  -5  -7  -3   5    0   0   0   0   0   0   0   0   0  51  10   0   0   0   0   0   0   0   1  37  1.68 0.62
   95 K    -2   1  -2  -3  -2  -1  -1  -4  -1   0   2   1   0   1  -4   0   2   1   2  -1    2  10   1   1   1   2   4   0   1   6  27   9   2   5   0   5  12   2   7   4  0.22 0.19
   96 H    -3  -5  -6  -7  -4  -5  -6  -7  -1   5   3  -4   0   2  -6  -5  -3  -2  -1   3    1   0   0   0   0   0   0   0   2  35  28   1   1   7   0   0   0   1   2  20  1.01 0.43
   97 S    -1   0   2   6   0  -1   0   0   0  -6  -4  -1  -5  -2  -1   0  -3  -6  -3  -6    4   6  11  43   2   2   5   6   2   0   1   4   0   2   4   7   0   0   1   0  0.78 0.39
   98 G    -4   0   1   0  -7  -2  -2   7  -4  -8  -8  -2  -7  -7  -6  -3  -5  -7  -7  -6    0   5   5   5   0   1   3  75   0   0   0   2   0   0   0   1   0   0   0   0  1.76 0.67
   99 R    -2   4   1  -2  -6   5   0  -3   3  -5  -4   3  -3  -4  -3   0  -1  -4  -4  -5    2  22   6   1   0  24   6   1   6   0   1  18   0   1   1   7   4   0   0   0  0.75 0.40
  100 I    -3  -2  -6  -5  -3  -4  -6  -7  -6   6  -1  -3   1  -1  -4  -5  -1  -6  -5   4    1   3   0   1   0   1   0   0   0  46   4   1   3   3   1   0   3   0   0  33  1.21 0.50
  101 S     3  -2   1  -5  -1  -5  -5   5  -2  -6  -5  -4  -1  -6  -5   1  -2  -6  -6  -4   26   2   7   0   1   0   0  47   1   0   1   0   2   0   0  10   2   0   0   1  1.07 0.49
  102 F    -3  -5  -5  -6  -4  -4  -6  -6  -4   1   1  -5   7   3  -6  -4   1  -2   4   2    2   0   0   0   0   0   0   0   0   8  12   0  25  12   0   0   8   0  16  14  0.98 0.46
  103 C    -3  -7  -7  -7   0  -6  -7  -7  -7   2  -1  -6   1  -5  -7  -4  -3  -7  -6   7    2   0   0   0   2   0   0   0   0  10   4   0   4   0   0   1   1   0   0  76  1.82 0.69
  104 S    -2  -5  -2  -6  -6  -1  -5  -2  -3  -3  -2  -5  -4   7   3   1  -2  -4  -1  -4    3   0   2   0   0   3   1   3   1   1   3   0   0  51  16  12   2   0   1   0  1.32 0.57
  105 Q    -6  -4  -6  -6  -9   9  -3  -7  -3  -8  -8  -4  -6  -9  -5  -6  -6  -8  -7  -8    0   0   0   0   0  98   1   0   0   0   0   0   0   0   0   0   0   0   0   0  3.37 1.18
  106 N    -3  -1   3   3  -6   2   3  -4   4  -5  -6  -1  -5  -1  -5   1  -1  -6  -3  -3    1   2  16  16   0  10  22   0  12   0   0   4   0   3   0   9   3   0   1   2  0.72 0.39
  107 S     1  -5  -2  -2  -3  -5  -4  -3   0  -3  -5  -5  -5   2   5   0   0  -4   5   0   11   0   2   2   0   0   0   2   2   1   0   0   0   9  30   7   5   0  21   6  0.88 0.45
  108 W     2   1   2  -4  -4   2  -3  -2   1  -1  -2  -3  -1   0  -2  -2  -1   6   0   1   22   8  11   0   0  10   1   2   3   3   2   0   1   4   2   2   3  12   2  10  0.41 0.29
  109 I    -5  -6  -7  -8  -5  -6  -7  -8  -7   3   6  -5  -2   1  -2  -6  -5  -6  -5  -1    0   0   0   0   0   0   0   0   0  14  75   1   0   4   3   0   0   0   0   3  1.59 0.62
  110 M    -6  -5  -7  -5  -6   1  -5  -7  -5   0   2  -6   2   8  -7  -6  -6  -4   3  -1    0   1   0   1   0   6   0   0   0   4  17   0   5  55   0   0   0   0   7   4  1.59 0.61
  111 P    -1  -2   4  -1  -4  -3  -1  -1  -1  -6  -6  -1  -6  -7   6   3  -3  -7  -6  -5    6   2  20   3   0   1   4   5   2   0   0   3   0   0  34  19   0   0   0   0  1.01 0.49
  112 G     0   1  -2   2  -1  -2  -1   2   6  -4  -5  -2   0  -3  -3  -2   0   5  -3  -5    8   8   1  12   1   1   3  17  23   1   0   1   3   1   1   2   7   8   0   0  0.67 0.36
  113 T    -4  -3   1  -3  -5  -4  -4  -6  -6  -5  -6  -1  -5  -7  -5   3   7  -7  -6  -5    0   1   6   1   0   0   0   0   0   0   0   4   0   0   0  21  64   0   0   0  1.65 0.72
  114 I    -1  -5  -7  -6  -5  -6  -6  -7  -7   5   0  -5  -2  -3  -6  -5  -4  -3  -5   6    4   0   0   0   0   0   0   0   0  35   8   0   0   1   0   0   0   0   0  49  1.45 0.57
  115 K     2   3  -3  -3  -4  -1   1  -2  -2  -1   0   1   0   2  -4  -2  -3   2   2  -2   17  20   0   0   0   2  10   3   0   2  11   8   2   9   0   1   0   3   9   1  0.33 0.25
  116 E    -2  -2   1   5  -7   2   5  -2  -1  -5  -6  -1  -6  -7  -5  -2  -4  -7  -3  -6    4   2   7  28   0   7  40   3   2   0   0   4   0   0   0   2   0   0   1   0  1.07 0.50
  117 N    -7  -6   9   2  -8  -5  -4  -6  -5  -8  -9  -5  -7  -8  -7  -5  -4  -9  -7  -6    0   0  89   9   0   0   1   0   0   0   0   0   0   0   0   0   0   0   0   1  2.92 1.00
  118 I    -5  -7  -4  -7  -3  -7  -7  -8  -7   7   0  -7   2  -4  -7  -6  -4  -7  -5   4    0   0   1   0   0   0   0   0   0  57   8   0   4   0   0   0   0   0   0  29  1.71 0.63
  119 I     4   1  -4  -5  -1  -3  -3  -2  -3   0   2  -2   1   2  -4  -2  -1  -4  -2   0   38   7   0   0   1   0   1   2   0   5  22   2   3   8   0   2   3   0   1   4  0.47 0.30
  120 G    -3  -4  -3  -4  -5  -5  -4   4  -4  -3   0  -5  -1   5  -3  -4  -4  -2   5  -3    1   1   1   1   0   0   1  31   0   1   9   0   2  25   2   1   1   0  22   1  1.07 0.46
  121 V     1  -2  -2  -3  -3  -1  -3   5  -3  -2   1   0  -1  -2  -1  -1  -3  -4  -2  -1   10   2   1   1   0   2   1  42   0   1  16   5   1   2   4   4   1   0   2   5  0.52 0.29
  122 S     0   2   0  -2  -3  -1   0   0  -2  -2   1   2  -2  -4   3   0  -1  -4  -3  -1    6  13   3   2   0   2   5   8   0   2  15  13   1   0  15   9   2   0   0   4  0.23 0.18
  123 Y    -1   1  -2  -2  -3   0   1  -2   0   1   1   0   2   1   1  -2  -1  -2   2   0    4   7   1   2   0   3  12   3   2   8  17   7   8   5   7   2   2   0   7   4  0.11 0.12
  124 D    -1   1   4   4  -4   1   1  -1   0  -2  -3   0  -3  -3  -1  -1   0  -5  -3  -2    4   7  19  23   0   6   7   5   2   2   2   4   1   1   3   4   6   0   0   3  0.38 0.23
  125 E     0   3  -1   1  -4   1   2   0   0  -3  -2   2   0  -2   0  -1  -2  -4  -3  -2    7  15   3   9   0   6  16   8   2   1   3  15   3   2   5   3   1   0   0   2  0.28 0.19
  126 Y     1   0  -1   0  -2   1   3   0  -1  -1  -1   1   0  -2  -1  -1   0  -3   0  -1   11   4   1   5   1   5  21   7   1   4   7  11   2   1   3   2   5   0   4   5  0.13 0.13
  127 R    -1   4  -2  -1  -4   0   2  -2  -1  -3  -3   2  -2  -2   0   0   0   2  -2  -2    4  27   1   3   0   4  16   2   1   2   2  12   1   1   5   7   5   3   1   3  0.41 0.25
  128 Y    -1   0  -2  -2  -3  -1  -1  -2  -2   2   0   1   1  -1   0  -1  -1   0   3   2    5   5   1   3   0   3   4   3   0  16   5  10   4   1   5   5   2   1  13  15  0.17 0.16
  129 R    -1   3   0   1  -5   1   3  -3  -1  -1  -2   2   0  -3  -2  -1  -2   1  -2  -2    5  16   4   6   0   6  21   1   1   3   3  15   3   1   2   3   2   2   2   3  0.32 0.22
  130 S     1   2   0   1  -5   2   4  -2  -1  -4  -3   2  -2  -5  -2   0  -1  -5  -3  -3   11  10   3   7   0  10  27   3   1   0   2  12   1   0   1   6   3   0   1   1  0.46 0.28
  131 V     4  -1  -4  -3  -3  -2  -1  -3  -3   3  -1  -1  -1  -4  -2  -2  -1  -3  -4   3   36   3   0   1   0   2   5   1   0  15   5   3   1   0   2   1   3   0   0  20  0.50 0.30
  132 I     2  -2  -2  -2   0  -1  -1  -3  -3   3   2  -2   1  -3  -2  -2  -1  -4  -3   1   23   2   2   2   2   2   5   1   0  19  22   2   3   0   2   2   2   0   0   8  0.30 0.22
  133 K    -1   3   0   1  -3   1   3  -3  -2  -4  -5   4  -3  -5  -2  -1  -2  -5  -3  -4    6  15   3   8   1   6  21   2   1   1   0  26   1   0   2   3   2   0   1   1  0.60 0.33
  134 A     4   2  -2  -2  -2   1   0  -3  -3  -1  -1   1   1  -3  -3  -1  -1  -3  -4  -1   34  14   1   2   1   5   6   1   0   4   7   9   3   1   1   3   3   0   0   4  0.35 0.25
  135 C     4  -2  -4  -4   5  -2  -1  -4  -3  -1  -2  -1  -3  -4  -4  -2  -1  -5  -4   3   36   2   0   1  14   2   4   0   0   3   2   4   0   0   0   2   4   0   0  24  0.73 0.38
  136 Q     1   1   2  -1   1   2   1   1   2  -3  -2   1  -2  -3  -2   0  -1  -4  -2  -2   14   9  11   3   3   9  10  11   5   1   3   7   1   1   1   7   2   0   1   1  0.20 0.16
  137 L     2  -1  -4  -3  -1  -2   0  -4  -3   2   3  -2   1  -2  -3  -2  -2  -4  -4   0   22   3   0   1   1   2   6   0   1  12  36   2   4   1   1   1   1   0   0   6  0.44 0.28
  138 E     1  -1  -1   1  -4   1   2  -3   5  -2   0   0   0  -3  -3   0  -1   1  -1  -1   15   3   2   7   0   5  14   1  15   2  11   5   3   0   1   6   2   2   1   5  0.24 0.20
  139 E     0   1  -1   3  -4   0   3  -1   1  -3   0   1  -2  -3   0  -1  -2  -5  -3  -2    6   7   2  18   0   2  23   4   3   1   9  10   0   1   5   4   1   0   0   3  0.32 0.22
  140 D    -1   2  -2   3  -5  -2   1  -2  -1  -2   0   0  -1   5  -3  -2  -2  -4  -1  -2    4  13   1  19   0   1   8   3   1   2   9   6   1  25   1   1   2   0   1   2  0.43 0.27
  141 I     0  -3  -5  -5  -3  -4  -2  -4  -3   5   3  -3   2  -1  -5  -4  -2  -5  -4   2    9   1   0   0   0   0   2   1   1  32  27   2   5   2   0   1   1   0   0  15  0.69 0.33
  142 S     0  -1   1   1  -2   0   2  -2   0  -1   0   0   1  -3  -3   0   0  -3  -3   0   10   3   7   8   0   4  16   3   2   1  13   7   5   0   0   8   5   0   0   8  0.13 0.13
  143 K     0   2   0   1  -3   2   1   0   1  -1  -1   2   0  -3  -2   1  -1  -3  -2  -2    8  10   4   6   0   9  10   6   4   5   8  12   2   1   0   9   2   0   1   2  0.13 0.11
  144 F    -1  -3  -4  -5  -4  -3  -4  -4  -4  -1   5  -2   4   3  -4  -2  -3  -1   1   0    4   2   1   0   0   1   1   1   0   2  49   2   9  12   1   3   1   1   4   6  0.72 0.34
  145 A     1  -2  -3  -2  -3  -1   0  -1  -2  -2   0  -2  -2  -3   6   0  -1   0  -4   0   12   2   1   2   0   3   6   5   1   1  10   2   1   1  37   6   3   1   0   7  0.64 0.30
  146 E    -1  -1   1   3  -4   2   2   0   3  -3  -1   1  -1  -1  -2  -1  -2  -3  -1  -3    4   3   7  17   0   8  16   8   7   1   7  10   1   2   1   3   1   0   2   1  0.28 0.17
  147 K    -2   1  -2  -2  -4   1  -2   5  -1  -2   0   2   0  -2  -3  -2  -3  -2  -2  -3    2   7   1   1   0   5   3  43   1   2   9  13   2   1   1   2   1   0   2   2  0.58 0.27
  148 D     0  -3  -2   3  -3  -2  -1  -3  -2   0   1  -2  -1   1  -2  -2  -2  -1   4   1    7   1   1  19   0   1   4   2   1   4  18   1   1   5   2   3   1   1  19   9  0.34 0.20
  149 N    -2   0   2   4  -3   2   1   0   1  -3  -1   0  -1  -3  -2   0  -1  -3  -1  -3    3   4  12  23   0  11   9   6   3   1   7   6   2   1   2   5   2   0   2   1  0.32 0.18
  150 I     0  -1  -1  -1  -3  -2  -1  -1  -1  -1   0  -1   0  -2  -2   0   5   0  -2  -1    8   3   2   3   0   1   4   5   1   3   8   2   3   1   1   6  42   1   1   4  0.46 0.25
  151 V    -1   0  -1  -1  -1   1   2  -2   0   0   0   0   1   0   0  -1  -1   0   0   1    5   5   3   2   1   7  17   3   3   6  12   6   4   4   3   3   1   1   4  10  0.07 0.07
  152 L     0  -2  -3  -2  -1  -2  -2  -1  -2   3   2  -2   0  -2  -3  -2  -1  -2  -2   3    9   2   1   2   1   2   2   6   1  21  22   2   2   1   1   2   2   0   1  21  0.31 0.16
  153 G    -1  -2  -1   2  -3  -1  -1   5   1  -3  -3  -1  -3  -2  -3   0  -1  -3  -1  -3    4   2   3  11   0   3   4  45   4   1   3   4   1   1   1   6   3   0   2   1  0.62 0.26
  154 E    -1   3  -2   2  -4   0   5  -2  -1  -4  -4   1  -2  -4  -2  -1  -2  -4  -3  -4    4  18   1   9   0   4  40   2   2   1   1   7   1   1   1   4   2   0   1   1  0.71 0.33
  155 G    -2   4   2  -2  -4   0   0   0  -1  -4  -3   2  -3  -2  -3  -1  -2   5   3  -3    2  26   9   2   0   3   5   7   1   0   2  14   1   1   1   5   1   7  11   1  0.52 0.28
  156 G    -2  -3  -4  -4  -5  -3  -4   5  -5  -3  -5  -4  -5  -5   6  -4  -4  -5  -5  -3    3   1   0   0   0   1   1  45   0   2   1   1   0   0  40   1   1   0   0   2  1.55 0.57
  157 I     1   0   0  -1  -2  -1  -1  -1   2   1   0  -1   0   0  -2   1   0  -3  -1   1   17   6   3   2   0   2   2   3   5  10   9   3   3   4   1  13   4   0   2  11  0.09 0.10
  158 T    -1   1   3  -1  -5   5   2  -2  -1  -4  -2   0   2  -4  -4  -1   1  -5  -3  -3    5   6  16   2   0  28  11   3   1   0   3   4   5   1   0   4   8   0   1   1  0.56 0.34
  159 L    -6  -7  -8  -8  -6  -6  -7  -8  -7   1   7  -7   1  -3  -7  -7  -5  -6  -5  -3    0   0   0   0   0   0   0   0   0   8  88   0   3   1   0   0   0   0   0   0  2.01 0.73
  160 S    -3  -6  -4  -5  -6  -5  -5  -5  -6  -7  -7  -5  -7  -7  -6   8  -3  -8  -7  -7    1   0   0   0   0   0   0   0   0   0   0   0   0   0   0  97   1   0   0   0  2.60 1.00
  161 G    -3  -5  -5  -5  -7  -4  -7   8  -7  -7  -7  -6  -7  -8  -5  -4  -5  -7  -8  -4    1   0   0   0   0   1   0  94   0   0   0   0   0   0   1   0   0   0   0   1  2.55 0.86
  162 G    -5  -7  -5  -6  -7  -7  -7   8  -7  -9  -8  -6  -8  -8  -7  -5  -6  -7  -8  -8    0   0   0   0   0   0   0  99   0   0   0   0   0   0   0   0   0   0   0   0  2.89 0.94
  163 Q    -6  -4  -5  -5  -8   9   2  -7  -5  -8  -7  -4   1  -8  -6  -5  -6  -7  -7  -7    0   0   0   0   0  83  12   0   0   0   0   0   4   0   0   0   0   0   0   0  2.74 1.01
  164 R    -2   5  -4  -5  -5   4  -3  -5  -4  -5  -5   6   0  -7  -5  -4  -5  -2  -6  -6    3  30   0   0   0  15   0   0   0   0   0  46   2   0   0   0   0   1   0   0  1.53 0.64
  165 A    -2   0  -5  -5  -8   9  -3  -7  -4  -8  -7  -2  -5  -8  -5  -5  -6  -7  -6  -7    3   5   0   0   0  88   0   0   0   0   0   2   0   0   0   0   0   0   0   0  2.79 1.02
  166 R    -5   9  -6  -7  -5  -4  -5  -6  -5  -8  -4  -2  -6  -8  -7  -6  -6  -8  -7  -7    1  95   0   0   0   0   0   0   0   0   2   1   0   0   0   0   0   0   0   0  2.93 0.99
  167 I    -4  -6  -7  -7  -5  -6  -7  -7  -7   5   2  -6  -2  -4  -6  -6  -4  -6  -5   6    1   0   0   0   0   0   0   0   0  27  16   0   0   0   0   0   0   0   0  54  1.55 0.60
  168 S     6  -5  -3  -5   1  -1  -5   0  -5  -6  -6  -5  -5  -6  -5   2  -1  -7  -6  -4   67   0   1   0   3   3   0   8   0   0   0   0   0   0   0  14   3   0   0   1  1.38 0.62
  169 L    -5  -7  -7  -7  -5  -6  -7  -8  -7   7   4  -7   3  -2  -7  -6  -5  -6  -5   0    0   0   0   0   0   0   0   0   0  55  34   0   5   1   0   0   0   0   0   4  1.68 0.62
  170 A     7  -6  -6  -6  -5  -5  -6  -1  -6  -5  -5  -5  -6  -7  -6  -2  -4  -7  -6  -5   92   0   0   0   0   0   0   5   0   0   1   0   0   0   0   1   0   0   0   0  2.20 0.85
  171 R    -6   8  -5  -6  -3  -4  -5   0  -5  -8  -7  -3  -6  -8  -7  -3  -6  -8  -7  -7    0  89   0   0   1   0   0   7   0   0   0   0   0   0   0   2   0   0   0   0  2.69 0.94
  172 A     7  -6  -6  -6  -3  -5  -5  -3  -6   0  -4  -5  -4  -6  -5  -1  -1  -7  -6   0   79   0   0   0   0   0   0   2   0   4   1   0   0   0   0   3   3   0   0   7  1.64 0.69
  173 V    -5  -6  -7  -7  -5  -6  -7  -7  -6   3   6  -6   1  -1  -7  -6  -4  -5  -3   2    0   0   0   0   0   0   0   0   0  15  64   0   3   2   0   0   0   0   1  14  1.39 0.55
  174 Y     3  -5  -6  -6   0  -5  -5  -4  -4   2   2  -5  -1  -2  -5  -3  -3  -4   4   3   29   0   0   0   2   0   0   0   0   9  20   0   1   1   0   1   0   0  15  22  0.76 0.41
  175 K    -1   3   2  -3  -2   1  -2  -3   2  -1  -1   2   2  -4  -2   0  -1  -5  -4  -1    6  18  12   0   1   7   0   1   6   4   7  15   7   0   1   8   2   0   0   5  0.32 0.24
  176 D    -4   2   4   4  -4   1   3  -4   0  -6  -6   2  -5  -6  -4  -2  -4  -7  -4  -6    1  11  23  24   0   7  18   1   2   0   0  11   0   0   0   2   0   0   0   0  0.92 0.44
  177 A     2  -3  -6  -6  -3  -4  -6  -5  -7  -7  -7  -4  -7  -8   8   0  -3  -8  -7  -7   18   2   0   0   1   0   0   0   0   0   0   1   0   0  70   6   2   0   0   0  2.22 0.83
  178 D    -1   2  -1   3  -3   2   2  -3  -2  -5  -5   3  -4  -4   3   0  -3  -6  -5  -5    6  10   2  18   0   8  13   1   1   0   0  18   0   1  15   6   1   0   0   0  0.59 0.33
  179 L    -3  -6  -7  -7   0  -6  -7  -7  -7   6   2  -6  -1  -2  -6  -6  -4  -6  -2   5    1   0   0   0   2   0   0   0   0  39  20   0   1   1   0   0   0   0   1  35  1.33 0.53
  180 Y    -5  -6  -7  -7  -4  -6  -7  -8  -5   2   6  -6   2   2  -7  -6  -4  -5   4  -1    0   0   0   0   0   0   0   0   0   9  65   0   4   6   0   0   0   0  12   3  1.41 0.57
  181 L    -4  -6  -7  -8  -5  -6  -7  -8  -7   5   5  -7  -1   0  -7  -6  -5  -6  -5   1    1   0   0   0   0   0   0   0   0  27  62   0   1   3   0   0   0   0   0   6  1.52 0.59
  182 L    -3  -6  -7  -8   2  -6  -7  -7  -6  -2   6  -7   2   4  -7  -3  -5  -5  -3  -3    2   0   0   0   4   0   0   0   0   1  69   0   5  16   0   2   0   0   0   0  1.53 0.61
  183 D    -7  -7  -4   9  -9  -6  -4  -7  -7  -9  -9  -6  -9  -9  -7  -6  -6 -10  -9  -7    0   0   0 100   0   0   0   0   0   0   0   0   0   0   0   0   0   0   0   0  3.25 1.07
  184 S    -5  -5  -4   3  -9  -3   8  -7  -5  -8  -8  -4  -7  -8  -6  -3  -6  -8  -7  -8    0   0   0  13   0   0  85   0   0   0   0   0   0   0   0   1   0   0   0   0  2.45 0.92
  185 P     4  -6  -6  -6  -3  -6  -6  -6  -7  -4  -7  -6  -6  -8   7  -2  -5  -8  -7  -3   36   0   0   0   0   0   0   0   0   1   0   0   0   0  57   3   0   0   0   2  2.02 0.79
  186 F    -4  -6  -4  -6  -4  -6  -6  -6  -6  -3   3  -6  -1   5  -6  -2   6  -5  -4  -3    0   0   1   0   0   0   0   0   0   0  26   0   1  20   0   2  49   0   0   1  1.40 0.63
  187 G     1  -5  -3  -5  -5  -5  -4   2  -6  -6  -7  -5  -6  -7  -5   7  -1  -7  -6  -5   10   0   0   0   0   0   1  16   0   0   0   0   0   0   0  70   3   0   0   0  1.63 0.73
  188 Y     6  -5   2  -5  -5  -4  -4   0  -2  -6  -6  -5   2  -5  -5   0  -3  -7  -3  -5   69   0  10   0   0   0   1   6   1   0   0   0   5   0   0   5   1   0   1   0  1.41 0.64
  189 L    -5  -7  -8  -8  -6  -7  -7  -8  -7   0   6  -7  -2  -4  -7  -7  -5  -6  -6   2    0   0   0   0   0   0   0   0   0   3  85   0   0   0   0   0   0   0   0  11  1.93 0.72
  190 D    -7  -7  -4   9  -9  -6  -3  -7  -6  -9  -9  -6  -9  -9  -7  -6  -6 -10  -9  -9    0   0   0  99   0   0   1   0   0   0   0   0   0   0   0   0   0   0   0   0  3.24 1.06
  191 V     4  -4  -2  -5  -5  -4  -4  -3  -4  -3  -2  -3  -3  -4   5   1   2  -6  -1  -1   36   1   2   0   0   0   0   1   0   1   4   1   1   0  27   8  11   0   3   5  0.84 0.45
  192 L    -1   0  -1  -2  -5   2   3  -3   4   0   0   3  -2  -2  -4  -2  -3  -5  -3  -1    4   4   2   1   0   8  24   2  12   6  11  19   1   1   0   2   1   0   1   3  0.47 0.30
  193 T    -1  -4  -2  -5  -2  -4  -4   0  -3  -2   2  -4  -1  -5  -5   3   4  -6  -5   1    4   0   2   0   1   0   0   9   0   1  17   0   1   0   0  21  32   0   0  11  0.63 0.40
  194 E    -2   6  -4  -3  -7  -2   4   0  -4  -5  -6  -1  -5  -7  -5  -2   1  -7  -6  -4    3  39   0   0   0   1  32   8   0   1   0   3   0   0   0   3   9   0   0   1  1.09 0.53
  195 K     0   3   0  -1  -1   2   0  -2   2   0  -1   3  -1  -4  -3   0  -1  -4  -2   0    8  15   3   4   1   9   5   2   5   5   6  21   1   0   0   5   2   0   1   6  0.24 0.18
  196 E     1   0   0   0  -4   3   4  -3   4  -3  -2   1  -3  -4  -3   1  -1  -3  -2  -2   11   4   3   5   0  11  26   1  10   2   4   7   0   0   0   9   2   0   1   2  0.42 0.26
  197 I    -4  -6  -7  -7  -5  -6  -6  -7  -6   5   3  -6   7  -4  -6  -6  -3  -6  -5   3    0   0   0   0   0   0   0   0   0  34  21   0  24   0   0   0   1   0   0  19  1.41 0.56
  198 F    -3   1  -3  -4  -3   3  -2  -4   0   1   2  -2   3   3  -4  -2  -2   1   0   1    1   9   1   1   0  16   1   1   3   6  22   2   8  13   1   2   1   2   3   9  0.37 0.23
  199 E    -1   1   1   2  -6   5   4  -3  -1  -6  -5   1  -4  -6  -5  -2  -2  -6  -5  -5    4   7   6  11   0  23  32   1   1   0   1   9   0   0   0   2   2   0   0   0  0.85 0.43
  200 S     0  -1   0   0  -3   0   1  -3  -1   0   2   0   0  -2  -3   0   0   3  -2  -1    9   3   5   4   0   3  13   1   1   7  25   7   1   1   0   7   7   4   1   3  0.14 0.15
  201 C     2  -1  -4  -4   3  -3  -4  -3  -4   2   3  -1   2   0  -4  -2  -2  -2  -2   1   16   3   0   0   7   1   0   1   0  13  30   4   4   4   0   3   1   1   1  10  0.38 0.23
  202 V    -2   2  -1  -2  -4  -1   0  -3  -1   2   2   2   1  -1  -4  -2  -2  -4  -2   0    3  15   2   2   0   1   6   2   1  15  25  13   3   2   0   2   1   0   1   7  0.28 0.21
  203 C    -1   2   0   3   0   1   2  -2  -1  -2   0   1  -1  -3  -3   0  -1  -1  -3  -3    5  11   4  16   2   7  13   3   1   2  13   9   1   0   0   8   3   1   0   0  0.22 0.18
  204 K    -2   1   0  -1  -3   2   0   0   2   1   2   1  -1  -2  -2  -2  -1  -1  -2  -1    2   7   4   2   0  11   7   6   5   8  26   8   1   1   1   2   3   1   1   4  0.14 0.15
  205 L     0   1   1  -3  -2   1  -2  -4   3   0   2   0   0  -1  -4  -2  -2   4  -3   0    9   8   6   1   1   6   2   0   9   6  26   6   2   1   0   1   1   6   0   8  0.27 0.21
  206 M    -1   3  -1  -1  -1   2   1  -3  -1  -3   1   2   4  -4  -4   0  -1  -1  -4  -3    5  20   2   3   1  11   9   1   1   1  12  11  13   0   0   5   3   1   0   1  0.40 0.28
  207 A     0   3  -1  -1  -2   2   2  -2   0  -3   0   3  -3  -4  -3  -1  -1  -5  -3  -2    9  14   2   2   1  11  15   2   2   1  12  19   0   0   0   3   4   0   0   3  0.35 0.25
  208 N    -3  -3   4   2  -6   0  -2   5   3  -7  -5   0  -6  -6  -5  -1  -3  -6  -5  -6    1   1  17   9   0   4   2  47   8   0   1   5   0   0   0   4   1   0   0   0  1.05 0.47
  209 K    -3   4  -3  -5  -2  -2  -3  -4   0   2  -1   4   1   0  -5  -3   0  -3  -1  -1    1  24   1   0   1   1   0   1   2  13   6  28   4   5   0   0   7   0   2   4  0.62 0.36
  210 T    -2  -6  -5  -6  -4  -5  -6  -4  -7  -2  -5  -6  -5  -7  -6  -2   8  -8  -7  -4    3   0   0   0   0   0   0   1   0   2   0   0   0   0   0   2  90   0   0   0  2.46 0.94
  211 R    -1   1  -4  -5  -1  -4  -4  -4  -4   3  -1  -4   1   1  -5   1   3  -5  -4   3    5   8   0   0   1   0   0   1   0  18   3   0   4   7   0  11  17   0   0  25  0.53 0.33
  212 I    -5  -7  -7  -7  -5  -6  -7  -7  -7   6   3  -6  -1   0  -7  -6  -4  -6  -5   4    0   0   0   0   0   0   0   0   0  42  25   0   1   3   0   0   0   0   0  29  1.41 0.55
  213 L    -3  -5  -6  -6  -2  -5  -5  -6  -4   2   3  -5   3   4  -6  -1  -3  -2   3   2    2   0   0   0   1   0   0   0   0  12  30   0   8  15   0   5   1   0  11  16  0.76 0.36
  214 V    -4  -7  -7  -7  -2  -7  -7  -8  -7   6  -3  -7  -3  -3  -7  -4  -2  -7  -5   6    1   0   0   0   1   0   0   0   0  36   1   0   0   1   0   1   2   0   0  58  1.82 0.68
  215 T     3  -6  -5  -6  -5  -5  -6  -6  -6  -6  -6  -5  -5  -7  -6   0   7  -7  -6  -5   26   0   0   0   0   0   0   0   0   0   0   0   0   0   0   4  69   0   0   0  1.97 0.82
  216 S    -7  -4  -2  -7  -9  -3  -6  -8  11  -9  -9  -6  -7  -7  -8  -4  -7  -8  -4  -9    0   1   2   0   0   1   0   0  95   0   0   0   0   0   0   1   0   0   0   0  4.09 1.23
  217 K    -4   5   0   5  -7   2   1  -4  -2  -5  -5   0  -5  -3  -5  -2  -4  -7  -5  -6    1  29   4  37   0  10   8   1   1   1   1   4   0   1   0   3   1   0   0   0  1.12 0.51
  218 M    -4  -4  -6  -5  -5   3  -4  -7  -5   1   4  -5   6  -4  -3  -5  -4  -6  -5   3    1   1   0   0   0  16   0   0   0   8  37   0  19   0   1   0   0   0   0  17  1.07 0.50
  219 E    -1  -1  -1   1  -5   1   5  -3   2  -6  -6  -2  -5  -7  -5   3  -2  -7  -5  -5    4   2   3   7   0   7  44   1   4   0   0   1   0   0   0  24   2   0   0   1  1.02 0.52
  220 H     3  -4  -3  -1  -4  -1   2  -4  -1  -2  -2  -3  -1   2  -4  -1   3  -5   0   0   27   0   1   2   0   2  17   1   1   2   3   0   1   9   0   2  22   0   3   7  0.48 0.34
  221 L     2  -6  -6  -6  -4  -5  -6  -6  -6   4   3  -5   3  -2  -6  -4  -3  -5  -4   3   15   0   0   0   0   0   0   0   0  26  29   0   8   1   0   0   0   0   0  19  0.94 0.42
  222 K     1   3  -3  -2  -3   1   2  -4  -2  -2  -2   2  -2  -4   2   0   2  -5  -2  -2   14  17   0   1   0   5  15   0   0   2   3  10   1   1   9   6  12   0   1   3  0.36 0.26
  223 K    -1   1   2   0  -2   1  -1  -3   2   0   2   0   3  -1  -4  -1  -2  -3   0   0    4   8  11   6   0   7   3   1   5   6  20   5   8   2   0   4   0   0   3   7  0.17 0.16
  224 A     6  -6  -5  -5   5  -5  -5  -2  -6  -5  -5  -5  -2  -4  -5   3  -3  -7  -6  -1   63   0   0   0  10   0   0   2   0   0   1   0   1   1   0  17   1   0   0   5  1.39 0.63
  225 D    -6  -6  -1   8  -8  -1  -1  -5   1  -8  -8  -5  -8  -8  -6  -3  -2  -9  -8  -8    0   0   3  85   0   2   2   1   3   0   0   0   0   0   0   1   2   0   0   0  2.49 0.87
  226 K    -4   6   0  -4  -1   2   1  -6   1  -3  -1   2  -1  -4  -5  -3  -2   1  -1  -2    0  45   4   0   2   8   8   0   4   1   6  11   1   1   0   1   3   2   2   2  0.88 0.44
  227 I    -5  -7  -7  -7  -3  -7  -7  -8  -7   7   0  -7  -1  -5  -7  -5  -1  -7  -5   5    0   0   0   0   1   0   0   0   0  58   5   0   1   0   0   0   3   0   0  32  1.76 0.65
  228 L     2  -5  -5  -6   1  -5  -5  -5  -5   4   2  -5   0   0  -5  -4  -3  -4   0   4   17   0   0   0   2   0   0   0   0  25  23   0   1   4   0   0   0   0   3  24  0.78 0.38
  229 I    -3  -6  -7  -7  -4  -6  -5  -5  -5   1   0  -6   0   2  -7  -6  -4  -6  -4   7    1   0   0   0   0   0   1   1   0   6   8   0   2   8   0   0   0   0   0  72  1.63 0.64
  230 L    -5  -6  -7  -8  -5  -6  -7  -8  -7   3   4  -5   8   0  -7  -6  -5  -6  -5   0    0   0   0   0   0   0   0   0   0  13  37   0  40   4   0   0   0   0   0   5  1.71 0.66
  231 H    -2   0   4   4  -6   0   3  -3   3  -6  -5   2  -5  -5  -4   0  -2  -3  -1  -4    3   5  19  20   0   3  18   1   6   0   0  12   0   0   0   7   2   0   2   1  0.65 0.35
  232 E     0   0   3   4  -5   2   2   0   2  -5  -4   2  -3  -6  -4  -1  -3  -6  -4  -5    8   4  12  20   0  10  13   7   5   0   1  15   1   0   0   4   0   0   0   0  0.54 0.31
  233 G    -5  -7  -5  -6  -7  -7  -7   8  -7  -9  -8  -6  -8  -8  -7  -4  -6  -7  -8  -8    0   0   0   0   0   0   0  99   0   0   0   0   0   0   0   0   0   0   0   0  2.85 0.93
  234 S    -2   5  -1  -3  -3   2   2  -3   2  -4  -4   3  -2  -5  -3  -1  -1  -5  -2  -1    2  29   2   0   1   8  15   2   4   1   1  20   1   0   1   4   4   0   1   4  0.64 0.35
  235 S    -3  -5  -7  -7  -2  -5  -6  -6  -5   6   1  -3   0  -3  -6  -4  -4  -6  -5   4    2   0   0   0   1   0   0   0   0  52  13   2   2   1   0   1   0   0   0  25  1.33 0.53
  236 Y     1  -2  -3  -3  -1   0   2  -4  -2   3  -1  -1   0  -2  -4  -1  -1  -2  -1   4   10   1   1   0   1   5  13   0   1  16   5   3   2   1   0   4   4   0   2  31  0.38 0.26
  237 F    -1  -2  -3  -2  -7   5   6  -3  -1  -6  -4  -1  -2  -1  -5  -3  -3  -1  -4  -5    6   2   1   2   0  28  46   2   1   0   2   2   1   3   0   1   1   1   0   0  1.19 0.56
  238 Y    -1   1  -2   0  -1   3   2  -3  -1   2  -2   0   1  -1  -3   1  -1  -4   1   1    4   6   1   6   1  13  14   1   1  12   3   5   5   2   0   9   4   0   5   9  0.18 0.17
  239 G    -2  -5  -3  -2  -7  -6  -6   7  -4  -6  -7  -6  -7  -7  -6  -3  -5  -7  -7  -7    3   1   1   2   0   0   0  90   0   0   1   0   0   0   0   2   0   0   0   0  2.34 0.78
  240 T    -1  -1   1  -1  -5  -3  -2  -3  -3  -4  -4   2  -4  -6   0   3   5  -6  -5  -4    5   3   5   3   0   1   3   1   1   0   1  11   0   0   5  18  43   0   0   1  0.82 0.45
  241 F    -3  -4  -5  -5  -6  -3  -4  -5   7  -2  -4  -4  -5   1   6  -4  -1  -5   3   0    2   1   0   0   0   1   0   0  27   2   2   1   0   7  37   0   4   0   9   7  1.41 0.58
  242 S     0   1   0   2  -4   2   2  -2   1  -2  -1   1  -1  -3  -2   1  -1   0  -1  -1    9   9   3  12   0   9  15   1   3   2   7   9   1   1   1   9   3   2   2   4  0.19 0.15
  243 E    -2  -3  -2   3  -3   2   6  -5  -1  -6  -6  -2  -4  -7  -5  -1  -1  -7  -5  -4    4   1   1  18   1   8  56   0   1   0   0   2   0   0   0   3   3   0   0   1  1.30 0.58
  244 L    -4  -6  -7  -7  -5  -6  -7  -7  -7   4   5  -6  -1  -1  -7  -6  -5  -6  -3   3    1   0   0   0   0   0   0   0   0  20  59   0   1   2   0   0   0   0   1  17  1.36 0.54
  245 Q    -3  -3  -3  -4  -3  -1  -3  -6  -2   1   3  -2   3   4  -3  -2  -3   1   5  -1    2   1   1   1   0   4   1   0   1   6  26   2   8  17   2   3   0   1  21   2  0.66 0.34
  246 N     2   1   2   2  -4   1   2  -2   2  -4  -3   1  -3  -2  -2   1  -1  -3  -3  -3   18   6  12  12   0   5  13   1   5   1   2   9   0   1   1   9   2   0   0   1  0.33 0.22
  247 L    -1   2   0  -1  -5   1   0  -3  -1  -3  -1   2  -2  -4   5  -1  -1  -5  -3  -4    5   9   5   3   0   7   7   1   2   2   8  11   1   0  30   5   3   0   1   1  0.56 0.30
  248 R     1   2   2   0  -1   1   0   1  -1  -4  -4   2  -4  -5   2  -1  -2  -4  -4  -2   13  12  10   5   1   7   6  13   1   0   1  15   0   0   9   2   1   0   0   2  0.33 0.22
  249 P    -1  -3   3   0  -4  -1  -1   4   0  -2  -3  -2  -3  -4   2   1   1  -5  -4  -3    3   1  15   6   0   2   3  29   3   2   2   2   0   0  11  10  11   0   0   1  0.49 0.28
  250 D     0   2   0   2  -1   0   1  -1   1  -1   0   0  -1  -2   0   0   0   0  -1  -1    9  12   2  15   1   2   9   3   4   2  11   3   1   1   4   6   5   2   2   4  0.10 0.10
  251 F    -4  -4  -5  -4  -5  -2  -3  -5   0  -1   1  -4  -1   7  -4  -4  -3   0   6  -1    1   1   0   1   0   2   2   1   2   3  13   1   1  40   1   1   2   1  26   4  1.22 0.48
  252 S     2   0  -2  -3  -3  -2  -1  -3  -1   0  -1  -1   0  -1  -3   0   1  -2   3   3   19   6   1   1   0   1   3   1   1   4   3   4   2   2   1   7   8   0  10  26  0.28 0.22
  253 S     3   2  -1  -2  -3   1   1  -2  -2  -4  -3   1   0  -3  -3   2  -1  -3   0  -3   32  12   3   2   0   5  11   2   1   0   2   9   2   1   0  13   2   0   3   0  0.42 0.28
  254 K    -1   1   0   1  -3   1   1   0   0   0   1   1   3  -1  -3   0  -1  -3  -2  -2    3   9   3   7   0   5   8   6   2   5  18   8   9   2   0   9   4   0   1   0  0.11 0.13
  255 L    -3  -4  -5  -4  -5  -2  -3  -1  -2  -1   3  -4   3   6  -5  -5  -4   1   2   0    1   1   0   1   0   2   1   4   1   2  24   1   7  40   0   0   1   2   6   6  0.95 0.40
  256 M    -2  -1  -4  -4  -4  -2  -2  -5  -3   4   2  -2   3   0  -3  -4  -2  -2  -2   3    3   3   1   1   0   2   3   0   0  30  22   2   9   4   1   0   1   0   1  17  0.57 0.28
  257 G     1  -1   1  -1  -5  -1  -2   5  -2  -4  -3  -1  -4  -3  -3  -2  -1  -5  -5  -4   12   4   7   4   0   3   3  52   1   0   3   4   0   1   1   2   3   0   0   1  0.80 0.35
  258 C     0   0  -2   0   2   1   1  -1   0   0   0   0  -2  -1  -1   1   0  -3   0   0    7   3   0   6   7   8  12   4   2   4   8   4   0   3   2  16   4   0   4   6  0.09 0.10
  259 D    -1  -1   0   2  -4   2   2  -2   0  -3  -3  -2  -2  -4   4   1   0  -5  -4  -2    4   3   4  11   0  10  15   2   2   1   2   1   1   0  22  11   7   0   0   4  0.45 0.24
  260 S     0   0   2  -1  -3   0   0  -1  -1   0   0   0  -1   0   0   1   0  -3  -1   0    9   3  13   1   0   5   7   3   1   7   7   6   1   4   4  13   6   0   1   8  0.07 0.08
  261 F     0  -1  -1  -3  -3  -1  -2  -2  -1   3   1  -2   4   2  -3  -1   0  -3   0   1    9   2   2   1   0   3   2   2   1  18  11   2  15  11   1   3   6   0   3   7  0.23 0.17
  262 D    -1  -2   4   3  -4   1   2  -2   0  -1  -2  -1  -1  -2  -2   0   0  -4  -1  -1    4   1  23  15   0   7  16   1   2   5   4   2   1   2   1   5   4   0   2   4  0.35 0.21
  263 Q    -1  -1   0   1  -3   3   1  -2   1   0   0   1  -1   1   0   0  -2  -2  -1  -1    5   2   3   8   0  18  11   2   4   6   9   7   1   7   4   8   1   0   1   3  0.14 0.13
  264 F    -1  -2  -2  -2  -3  -1  -1  -1  -2   1   3  -1   1   3   0  -2   0  -2   1   0    3   1   1   2   0   2   5   4   0   9  30   3   2  17   5   2   5   0   4   4  0.22 0.16
  265 S     0  -1  -1   0  -3   0   2   0   0  -2  -2  -1  -2  -1   3   1   0  -4  -2  -1    9   3   3   5   0   3  14   6   3   3   2   3   1   3  18  15   7   0   1   4  0.25 0.15
  266 A     2  -1   0   0  -2   0   2   1  -1   0  -1   0  -2  -3   1   0  -1  -4  -2   0   20   2   5   3   1   3  14   9   1   7   4   7   0   1   8   5   2   0   1   7  0.12 0.11
  267 E     0  -1  -1   2  -5   1   5  -4  -1  -5  -3   1  -3  -4  -2   0  -1  -5  -3  -4    7   2   2  11   0   5  48   0   1   0   3   8   0   0   2   6   3   0   1   0  0.76 0.36
  268 R    -1   3   1  -2  -3   0   1  -2  -2   1   1   1  -1  -2   1  -1  -1  -2  -2   0    5  18   7   0   0   3  11   2   0  10  17   9   0   1   7   2   3   0   1   5  0.16 0.14
  269 R     0   3  -1   1  -4   1   1  -1   1  -2   0   2  -2  -3  -2   0   0  -4  -2  -1    6  23   1   7   0   8   7   5   3   2  11  11   0   1   1   4   5   0   1   3  0.22 0.15
  270 N     0  -2   4   3  -2   1   1   0   1  -4  -4  -1  -1  -3  -3   2  -1  -5  -4  -4    6   1  24  19   1   5   9   8   4   1   1   2   2   1   1  14   1   0   0   0  0.48 0.25
  271 S     0   1   1   0  -3   0   2   2  -1  -2  -3   0  -3  -2   0   1   0  -4  -1  -2    8   9   6   3   0   3  15  18   1   1   2   3   0   1   5  15   5   0   2   3  0.20 0.14
  272 I     1  -1  -2  -2  -2   0  -1   1  -2   2   1  -1   1  -1  -2   0   0  -1  -2   1   17   3   1   1   0   4   5  11   1  16  12   2   3   2   1   4   5   1   0  12  0.10 0.10
  273 L     0  -2  -3  -2  -3  -2  -2  -3  -4   2   3  -3   3  -1  -4  -2   0  -4  -3   2    7   2   1   3   0   2   3   1   0  14  35   1  10   1   0   2   5   0   0  14  0.37 0.21
  274 T    -1   0   1   2  -3   0   1  -1   0  -1  -1   1  -2  -2  -3   1   2  -4  -2   0    3   6   7  13   0   3   9   4   2   3   8   7   0   1   0   9  19   0   1   6  0.16 0.12
  275 E    -2   0  -2   2   0   2   4  -3   0   0  -1  -1  -1   2  -3  -1  -1  -4  -2   1    2   4   0  11   2   8  30   1   3   6   3   1   1  10   0   4   3   0   0  11  0.28 0.19
  276 T    -1   0   2  -1  -3  -1   2   0  -2  -2  -1  -1  -3  -2  -1   2   4  -4  -3  -2    4   4  10   2   0   0  17   7   0   1   5   3   0   2   3  14  30   0   0   1  0.33 0.21
  277 L    -1  -3  -1  -2  -1  -2  -1  -1   0   0   3  -2   0   0   2  -1   0  -3   1   0    5   0   3   1   1   0   4   6   3   5  37   1   1   3  11   4   6   0   5   3  0.18 0.13
  278 H     0   2   1  -1  -4   0   0   0   6  -2  -2  -1  -3  -3  -1   1  -1  -4   0  -1    6  15   8   3   0   2   4   7  24   2   3   2   0   0   3  13   1   0   3   5  0.34 0.19
  279 R    -2   6  -1  -3  -5   0  -1  -2   0  -4  -3   1  -3  -5   3   0  -1  -5  -4  -3    2  52   2   0   0   2   2   3   2   0   1   7   0   0  14   8   4   0   0   1  0.85 0.31
  280 F    -2  -1  -3   0   0  -2  -3  -3  -3   2   0   1  -1   5  -4  -1  -1   3   0   1    0   2   0   7   2   1   0   1   0  15   7  10   0  32   0   3   2   4   0  12  0.35 0.18
  281 S     3  -2   0  -2   0  -1  -1  -1  -3  -4  -4  -2  -3  -4   2   4   1  -5  -4  -3   24   2   3   0   2   2   2   2   0   0   0   0   0   0   9  46   9   0   0   0  0.62 0.27
  282 L    -2  -4  -5  -5  -2  -4  -4  -5  -4   2   4  -4   0   1  -4  -3  -2  -3  -2   4    0   0   0   0   0   0   0   0   0   9  51   0   0   5   0   0   0   0   0  35  0.69 0.21

                      K         Lambda
Standard Ungapped    0.1342     0.3173
Standard Gapped      0.0573     0.2670
PSI Ungapped         0.1872     0.3177
PSI Gapped           0.0573     0.2670
