
Last position-specific scoring matrix computed, weighted observed percentages rounded down, information per position, and relative weight of gapless real matches to pseudocounts
           A  R  N  D  C  Q  E  G  H  I  L  K  M  F  P  S  T  W  Y  V   A   R   N   D   C   Q   E   G   H   I   L   K   M   F   P   S   T   W   Y   V
    1 E   -1  0  0  2 -4  2  5 -2  0 -3 -3  1 -2 -3 -1  0 -1 -3 -2 -3    0   0   0   0   0   0 100   0   0   0   0   0   0   0   0   0   0   0   0   0  0.74 0.01
    2 A    3 -2  0  4 -1 -1  0  0 -1 -2 -2 -1 -2 -3 -1  1  0 -3 -2 -1   57   0   0  43   0   0   0   0   0   0   0   0   0   0   0   0   0   0   0   0  0.37 0.00
    3 L   -1 -2 -2 -2 -1 -2 -2 -3 -2  1  3 -2  1  0 -2  0  3 -2 -1  0    0   0   0   0   0   0   0   0   0   0  57   0   0   0   0   0  43   0   0   0  0.25 0.00
    4 S    0 -2 -1 -1 -2 -1 -1 -1 -2 -3 -3 -1 -2 -3  7  2  0 -4 -3 -2    0   0   0   0   0   0   0   0   0   0   0   0   0   0  63  37   0   0   0   0  1.16 0.00
    5 K   -1  2  0 -1 -3  1  1 -2 -1 -3 -3  5 -1 -3 -1  0 -1 -3 -2 -2    0   0   0   0   0   0   0   0   0   0   0 100   0   0   0   0   0   0   0   0  0.53 0.01
    6 L   -1 -2 -3 -4 -1 -2 -3 -4 -3  2  3 -3  2  0 -3 -2 -1 -2 -1  3    0   0   0   0   0   0   0   0   0   0  57   0   0   0   0   0   0   0   0  43  0.33 0.00
    7 R   -1  5  3 -1 -3  1  0 -2  0 -3 -3  3 -2 -3 -2  0 -1 -3 -2 -3    0  54  24   0   0   0   0   0   0   0   0  22   0   0   0   0   0   0   0   0  0.54 0.03
    8 E    2 -1  0  0 -2  0  3 -1 -1 -3 -3  0 -2 -3 -1  3  0 -3 -2 -2   24   0   0   0   0   0  31   0   0   0   0   0   0   0   0  45   0   0   0   0  0.35 0.02
    9 D   -1 -1  1  5 -3  0  1 -1 -1 -3 -4  2 -3 -4 -2  1 -1 -4 -3 -3    0   0   0  63   0   0   0   0   0   0   0  19   0   0   0  18   0   0   0   0  0.62 0.04
   10 F   -2  3 -2 -3 -3 -1 -2 -3 -1  1  0  0  0  4 -3 -2 -2 -1  1  0    0  37   0   0   0   0   0   0   0  19   0   0   0  44   0   0   0   0   0   0  0.35 0.04
   11 R   -1  4  0 -1 -4  1  2 -2 -1 -3 -3  4 -2 -3 -2 -1 -1 -3 -2 -3    0  35   0   0   0   0  19   0   0   0   0  46   0   0   0   0   0   0   0   0  0.54 0.04
   12 M    0 -2  1 -3 -2 -1 -2 -3 -2  0  0  0  7 -1 -3 -2 -1 -3 -2  2    8   0   9   0   0   0   0   0   0   0   0   8  58   0   0   0   0   0   0  17  0.52 0.18
   13 Q    0  0 -1 -1 -2  2  2 -2 -1 -2 -2  2 -1 -3 -1  2  1 -3 -2  0    7   0   0   0   0  10  14   1   0   0   1  19   0   0   0  27  12   0   0   7  0.26 0.09
   14 N   -2 -1  5  0 -3 -1  1 -2 -1 -3 -3  0  1 -4  3  1  0 -4 -3 -3    0   0  52   0   0   0   8   0   0   0   0   5   6   0  17   7   5   0   0   0  0.68 0.19
   15 K   -2 -2 -2  1 -3  1  0 -3 -3 -1  0  2  7 -2 -3 -2  2 -3 -3 -2    0   0   0   9   0   6   4   0   0   0   8  16  42   0   0   0  14   0   0   0  0.58 0.27
   16 S   -1  1  4 -2 -3 -1 -2 -2 -2 -3 -2  2 -2 -4 -3  3  3 -4 -3 -1    0   9  23   0   0   0   0   0   0   0   3  14   0   0   0  26  22   0   0   3  0.50 0.25
   17 V    2 -3 -2 -4  0 -2 -3 -2 -4  2  0 -3 -1 -3 -3 -2  1 -4 -3  4   26   0   2   0   2   2   0   2   0  12   7   0   0   0   0   0   8   0   0  39  0.45 0.25
   18 F    1 -4 -4 -4 -3 -3 -4 -4 -4  0  3 -3 -1  4 -4 -2  1 -3 -1  1   17   0   0   0   0   0   0   0   0   2  37   0   0  23   0   0  12   0   0   9  0.52 0.26
   19 I   -3 -5 -5 -5 -3 -4 -5 -5 -5  3  2 -4 -1 -2 -5 -4 -2 -5 -3  6    0   0   0   0   0   0   0   0   0  18  20   0   0   0   0   0   0   0   0  63  1.07 0.38
   20 L    0 -4 -4 -4 -2 -3 -4 -4 -4  3  2 -3  0  3 -4 -2  2 -3 -2  2   10   0   0   0   0   0   0   0   0  25  26   0   0  13   0   0  14   0   0  13  0.44 0.22
   21 G   -2 -5 -3 -4 -5 -4 -5  7 -5 -7 -6 -4 -5 -6 -5 -3 -4 -5 -6 -6    0   0   0   0   0   0   0 100   0   0   0   0   0   0   0   0   0   0   0   0  2.27 0.59
   22 A    5 -3 -3 -3  3 -3 -3  3 -4 -4 -4 -3 -3 -4 -3  2 -2 -5 -4 -3   56   0   0   0   6   0   0  19   0   0   0   0   0   0   0  20   0   0   0   0  0.88 0.37
   23 S   -2 -3  1 -3 -3 -3 -3 -4 -4 -4 -4 -3 -3 -5 -4  3  7 -5 -4 -3    0   0   5   0   0   0   0   0   0   0   0   0   0   0   0  21  75   0   0   0  1.42 0.52
   24 G   -2 -5 -3 -4 -5 -4 -5  7 -5 -7 -6 -4 -5 -6 -5 -3 -4 -5 -6 -6    0   0   0   0   0   0   0 100   0   0   0   0   0   0   0   0   0   0   0   0  2.27 0.59
   25 E   -1 -1 -3 -3 -3  1 -1 -4 -2 -1  2  0  2  4 -4 -2  1 -2  3 -1    3   3   0   0   0   8   4   0   0   0  21   8   8  22   0   0  11   0  12   2  0.33 0.20
   26 T   -2 -4 -4 -5  4 -4 -4 -5 -5  3  3 -4 -1 -2 -4 -3  1 -4 -3  4    0   0   0   0  10   0   0   0   0  14  29   0   0   0   0   0   9   0   0  39  0.70 0.29
   27 G   -2 -5 -3 -4 -5 -4 -5  7 -5 -7 -6 -4 -5 -6 -5 -3 -4 -5 -6 -6    0   0   0   0   0   0   0 100   0   0   0   0   0   0   0   0   0   0   0   0  2.27 0.59
   28 R    0  4 -1 -2 -3  2 -1  0  0 -4 -2  0 -3 -4 -3  3  0 -4 -2 -3    4  32   2   0   0   9   2   7   2   0   3   4   0   0   0  28   6   0   1   0  0.48 0.25
   29 V   -1  2  2 -2 -4  3  0 -1  5 -2 -2 -1 -2  0 -3 -1 -2 -2  3 -1    4  13  10   0   0  19   3   3  17   3   2   0   0   5   0   3   0   0  14   4  0.39 0.23
   30 L   -1 -4 -4 -5 -3 -4 -4 -5 -4  4  3 -4  3  0 -4 -3 -1 -4 -2  3    4   0   0   0   0   0   0   0   0  37  25   0   7   4   0   0   3   0   0  21  0.66 0.26
   31 L   -3 -4 -5 -5  2 -4 -5 -5 -5  1  4 -4 -1 -2 -5 -4 -2 -4  0  5    0   0   0   0   5   0   0   0   0   2  41   0   0   0   0   0   0   0   3  50  0.91 0.36
   32 K    0  3  2 -2 -4  0  1 -3 -2 -4 -3  4 -3 -4 -3  0  0  0 -3 -3    7  21  13   0   0   3   9   0   0   0   2  32   0   0   0   7   4   2   0   0  0.53 0.25
   33 E    0  1 -1 -1 -3  2  2 -3  3 -1  0  0  0 -1 -2  1  1 -3 -1 -1    7   9   1   0   0  13  16   0   9   4   8   3   2   3   0   9  10   0   2   4  0.17 0.13
   34 I    3 -4 -5 -5 -3 -4 -4 -4 -4  0  5 -4  1  1 -4 -3 -3 -4 -3 -1   28   0   0   0   0   0   0   0   0   4  60   0   2   4   0   0   0   0   0   2  0.77 0.34
   35 L    0 -2 -2 -2 -2  1 -1 -1 -3  2  3  0  0 -2 -3 -1 -2 -3 -2  1    9   0   2   1   0   9   4   5   0  17  36   5   0   0   0   2   0   0   0   8  0.22 0.16
   36 E    2  2  0  1 -3  0  2 -1 -2 -3 -3  1 -2 -3 -2  1  0 -3 -3 -2   28  11   5   8   0   2  17   3   0   0   1   8   0   0   0  10   5   0   0   0  0.30 0.16
   37 Q    0  2  2  0 -1  2  1 -2  0 -2 -3  0  2 -3 -2  2 -1 -4 -3 -3    9  12  12   5   2  13   8   0   2   1   0   4   7   0   0  24   0   0   0   0  0.30 0.19
   38 G   -1  1  0  1 -4 -1 -2  4 -3 -4 -4  1 -3 -1  3  0 -1 -4 -3 -4    2   8   3   8   0   2   0  37   0   0   0   8   0   3  18   6   3   0   0   0  0.55 0.22
   39 L    1 -1  0  0  1  0  0  0 -1  0  0  0 -1 -1 -2  1  0 -2  3 -1   18   1   6   5   3   2   5   7   0   6  10   7   0   1   1  11   4   0  14   1  0.08 0.09
   40 F    0 -2 -2 -2 -2 -2 -2 -1  0  1 -1 -2 -1  5  0 -1  1 -1  0  2    6   1   1   1   0   1   1   5   3   9   2   1   1  33   5   4   9   0   1  16  0.27 0.14
   41 S    1 -1  1  1 -2 -1  0 -1  0 -1 -1  0 -1  0 -1  3  0 -3 -2  0   14   1   8   7   0   1   5   1   2   1   5   4   0   4   2  31   2   0   1  11  0.18 0.13
   42 K    0  2  1 -1 -3  2  1 -2  0 -2 -1  3 -2 -3 -2  1  0 -3 -2 -1    7  10   7   1   0  12   9   1   2   1   7  23   0   0   1   9   4   0   0   4  0.24 0.13
   43 V   -2 -4 -4 -4 -3 -3 -4 -4 -4  3 -1 -2 -1 -3  0 -2 -2 -4 -3  6    0   0   0   0   0   0   0   0   0  20   1   3   0   0   4   3   0   0   0  65  0.91 0.35
   44 T   -1  1  0  2 -2  1 -1 -1  1  0  0  0 -1  1 -2  0  0 -2  1  0    4  10   3  14   0   7   0   3   4   8   7   7   0   7   0   4   6   0   7   7  0.06 0.07
   45 L    2 -3 -2  0  4 -2 -1 -2 -3 -1 -1 -2 -2 -1 -2  2  3 -3  0  0   25   0   0   4  10   0   3   0   0   2   7   0   0   2   0  14  23   0   3   5  0.30 0.19
   46 I   -2 -4 -4 -4 -3 -3 -4 -2 -4  4  2 -3  2 -2  2 -3 -2 -3  0  3    0   0   0   0   0   0   0   4   0  30  18   0   5   0   9   0   0   0   3  28  0.53 0.23
   47 G    0 -1  0 -2 -2 -2 -1  0  0 -1 -1 -1 -1 -1 -2  2  1 -3 -1  2    8   2   3   0   0   0   3   7   3   0   4   4   0   3   0  24   8   0   2  27  0.16 0.15
   48 R   -3  7 -2 -3 -5  1 -1 -4 -2 -5 -4  1 -3 -4 -4 -3 -3 -4 -4 -4    1  79   0   0   0   6   2   1   0   0   1   6   0   0   0   1   0   0   0   0  1.57 0.46
   49 R   -2  5  1  0  0 -1  0 -2 -2 -4 -2  2 -1 -4 -3  0 -2 -4 -3 -3    0  49   8   4   3   0   6   3   0   0   4  11   2   0   0   8   0   0   0   0  0.65 0.27
   50 K    1 -1  1 -1 -3  0  1  0  0 -2  0  1 -1 -1  2  0  1 -3 -2 -2   12   0   8   2   0   4   9   5   3   0  11  15   0   2  10   7  10   0   0   0  0.15 0.10
   51 L    0  1 -3 -2 -3 -1  0 -2 -3 -1  2 -2  0 -3  4  0 -2 -4 -3  0    9  10   0   0   0   2   7   2   0   2  24   0   2   0  26   8   0   0   0   7  0.38 0.18
   52 T   -1  0  0  2 -3  2  0  1  0 -4 -3  2 -3 -2  3  0  1 -4 -1 -3    2   3   3  14   0  10   2  12   2   0   0  17   0   2  14   6  11   0   2   0  0.31 0.16
   53 F    1 -2  1  1 -2  0 -1  0  0 -1 -2  0 -2  2 -2  1 -1 -2  0  0   17   0  10  10   0   4   0   6   3   2   2   8   0  14   1  11   2   0   2   7  0.11 0.11
   54 D    2  1  0  2 -3  1  1 -2 -2 -3 -2  1 -2 -1  1  0  1 -4 -1 -2   22   7   2  17   0   8   9   0   0   0   2   6   0   3   6   5  10   0   1   2  0.23 0.14
   55 E    0 -2  1  1 -3  1  2  1 -2 -1 -1 -1  1  1 -2  1 -1 -3 -2  0    9   0   7   6   0   5  15  10   0   2   4   2   7   7   0  17   1   0   0   6  0.13 0.12
   56 E    0 -1  0  1 -3  0  1  0  0 -2  0  0 -1 -3  3  0  0 -3 -2  0    6   2   3   9   0   4   9   6   2   0  13   8   0   0  17   8   4   0   0   8  0.19 0.10
   57 A    1 -1  1  0  0  0  0  0  0 -1  0  2 -1 -2 -2  1  0  1 -2 -1   15   0  10   3   2   4   3   6   3   3   9  19   0   0   0  11   6   3   0   2  0.12 0.10
   58 Y    0 -1 -1  1 -2  0  1  0  0 -1  0 -1  0  0  1  0 -1  2  1 -1    8   3   0  12   0   4   9   8   2   3  16   0   3   3   6   7   2   3   6   4  0.06 0.06
   59 K    0  1 -1  1 -3  2  0  0  1 -3 -1  2 -2  1  1 -1 -1  4  0 -2    6   5   2   7   0  14   3   7   3   0   6  16   0   7   8   2   3   7   3   0  0.19 0.12
   60 N    0 -1  1  0 -2  0  0  2 -2  0 -1  0  0 -3  0  0  0 -3 -2  0    9   2   6   5   0   5   8  20   0   4   5   7   2   0   5   5   5   0   0  12  0.11 0.07
   61 V    1 -1 -3 -3 -2  0  0 -2 -3  1  0  0 -1 -3 -1 -2 -1 -4 -3  4   16   2   0   0   0   4   9   3   0   6   6   7   0   0   2   0   2   0   0  43  0.31 0.21
   62 N   -1  1  1  1 -3  1  2 -3  0  0  0  0  0  0 -3 -1  0  1 -2  0    2   8   7   9   0   9  20   0   2   6   9   2   3   5   0   3   5   2   0   7  0.13 0.11
   63 Q    0 -2 -2 -2 -2  0  1 -3 -2  0  1  0 -1  1  1  0  2  1 -1  0   10   0   0   0   0   4  12   0   0   5  15   7   0   7   7   4  17   3   0   8  0.12 0.11
   64 E   -1 -1 -1  1  0  0  2 -1 -2  1  0  0  0  1 -2  0  0  1 -1  0    4   2   0  11   2   4  16   3   0  13   6   7   3   8   1   5   5   3   0   8  0.07 0.07
   65 V   -1 -2 -2 -2 -2 -1  0 -2 -2  1  1 -1  0  2 -1 -1  0  1  2  2    5   1   1   1   0   3   8   1   0  11  10   4   0  10   3   3   8   2   8  20  0.10 0.08
   66 V    1 -1 -1 -2 -2 -2 -2  3 -2  1 -1 -2 -1 -1 -2  1  2 -3 -2  0   10   2   1   1   0   1   1  30   0  10   6   1   0   3   1  11  14   0   0   8  0.24 0.13
   67 D   -3 -3  0  7 -5 -2  1 -2 -3 -2 -5 -2 -4 -5 -3 -1 -1 -5 -5 -3    0   0   2  75   0   0   5   3   0   3   0   2   0   0   0   2   4   0   0   2  1.38 0.43
   68 F    0 -2 -1 -1 -2 -2 -2 -3 -3  1  2 -1  0  1  1  1  1  2 -1  0    7   0   4   4   0   0   0   0   0   9  28   2   0   6   7  11  11   3   0   7  0.15 0.12
   69 E   -1  2  1  0  1  1  3 -2 -2 -3 -3  0 -1 -4  0  2  1 -4 -3 -2    2  14   5   5   4   7  21   2   0   0   0   3   2   0   3  21   8   0   0   3  0.30 0.18
   70 K    0  1  1  2 -3  1  1 -1  1 -3 -1  3 -2 -1 -1  0 -1 -4 -2 -2    9   4   7  13   0   7   8   2   4   0   6  26   0   3   2   5   2   0   0   2  0.22 0.13
   71 L   -1  0 -3 -2 -4  1 -1 -4 -3 -3  0 -1 -2 -2  4  0 -1  8  0 -1    5   4   0   2   0   7   3   0   0   0  12   4   0   0  19   9   3  25   3   4  0.69 0.27
   72 D   -1  0  0  4 -4  2  2  1 -2 -2 -2 -1 -3 -4  0  1 -1 -4 -3 -3    3   5   3  29   0  10  12  10   0   2   5   0   0   0   4  14   3   0   0   0  0.38 0.19
   73 D    1 -1  0  2 -3  1  2 -1 -2 -3 -3  1 -3 -4 -2  3  1 -4 -3 -1   10   2   3  13   0   7  13   2   0   0   0   6   0   0   0  30  10   0   0   3  0.36 0.20
   74 Y   -2 -4 -4 -1 -3 -2 -3 -5 -4  4  3 -4  0  1 -4 -4 -3  5  1  0    2   0   0   3   0   2   2   0   0  36  37   0   1   5   0   0   0   8   4   0  0.67 0.28
   75 A    1  0  0  0 -2  0  0 -1 -2  1  0  0 -1 -2  1  0  0 -3  0  0   18   4   4   6   0   2   8   3   0  12  12   5   0   0   8   8   2   0   4   4  0.07 0.07
   76 S    1  0 -1  1 -3  1  2 -2 -2 -4 -2 -1 -3 -4  3  3  0 -4 -3 -3   10   6   0   6   0   8  15   2   0   0   3   2   0   0  16  30   3   0   0   0  0.44 0.22
   77 A    3 -2  0 -3  0 -1 -2 -1  0  0  1  0 -1 -2  1  1 -1 -3 -2  1   33   0   5   0   2   2   0   3   2   2  13   6   0   0   7   9   0   0   0  16  0.20 0.16
   78 F    0 -2 -3 -2 -2 -1 -2 -3  0  1  3 -2  2  2 -1 -1  0 -2 -1  1    8   0   0   2   0   2   2   0   4   8  34   2   5  10   2   4   6   0   0   9  0.19 0.13
   79 Q    0  1 -2 -1  0  2  1  1 -2 -3 -2  2 -1 -4  3 -1  0 -4 -3 -2   10   6   0   2   2  13   8  15   0   0   3  19   2   0  14   1   4   0   0   3  0.29 0.16
   80 G   -1 -1  2  1 -4 -2 -2  4  2 -3 -3  0 -3 -4  2 -1  0 -4 -3 -4    4   2  10   9   0   0   0  38   8   1   1   8   0   0  11   1   6   0   0   0  0.51 0.22
   81 H    2 -3 -2 -1  2 -2 -2 -3  1  2 -2 -2 -1  0  3  0  0 -3  1  2   19   0   2   2   5   0   2   0   4  13   0   0   0   5  16   9   3   0   5  17  0.25 0.16
   82 D   -1 -1  2  5 -4 -1  0 -3  1 -4 -4 -1 -4 -4 -1  3  2 -5 -4 -4    2   3   8  36   0   2   2   0   3   0   0   2   0   0   2  25  15   0   0   0  0.66 0.29
   83 V    2 -3 -3 -4 -2 -1 -3 -3 -4  3 -1 -1 -1 -1 -3 -2  2 -4 -3  4   23   0   0   0   0   2   0   0   0  15   2   3   0   2   0   0  15   0   0  38  0.49 0.27
   84 G    0 -4 -4 -5 -3 -4 -4 -2 -4  2  1 -4 -1  3 -4 -3 -2 -3  0  5    6   0   0   0   0   0   0   4   0   8  12   0   0  15   0   0   0   0   3  52  0.66 0.29
   85 F   -3 -4 -5 -5 -3 -4 -5 -5 -4  4  0 -4  1  5 -5 -4 -3 -2  2  4    0   0   0   0   0   0   0   0   0  28   3   0   3  32   0   0   0   0   5  30  0.89 0.33
   86 C   -2 -3  3  1  5 -2 -2 -3  3 -1 -2 -2 -3  0 -3  3  0 -4 -2 -1    0   0  16  10  15   0   0   0   9   5   3   0   0   4   0  29   5   0   0   3  0.46 0.26
   87 C    3 -3 -3 -3  7 -3 -3  1 -3 -2  1 -3 -2 -3 -3  1  1 -4 -3 -1   26   0   0   0  26   0   0  11   0   0  13   0   0   0   0  11   8   0   0   3  0.58 0.26
   88 L    2 -3 -3 -3 -2 -3 -3 -3 -3  2  3 -3  0  3 -3 -2 -1 -2 -1  1   22   1   0   1   0   0   1   1   0  14  30   1   0  16   1   1   4   0   0   9  0.33 0.17
   89 G    3 -3 -2 -1 -3 -2 -2  5 -3 -4 -4 -2 -3 -4  0  0 -1 -4 -3 -3   27   1   0   3   0   0   1  51   0   1   1   1   0   0   4   6   3   0   0   1  0.79 0.27
   90 T    0  0  0 -2 -3 -1  1 -1 -2 -3 -1 -2 -2 -4  1  2  4 -4 -3 -2    8   6   5   0   0   0  10   2   0   0   6   0   0   0   7  18  37   0   0   0  0.41 0.24
   91 T   -1  0 -2 -1 -3 -2 -2 -2  1 -3 -3 -2 -3 -1  1  1  6 -4 -3 -1    3   6   0   3   0   0   0   3   3   0   1   0   0   2   7   6  60   0   0   4  0.73 0.33
   92 R   -2  5 -1 -2 -4  0  0 -3  1 -1 -3  1 -2 -3  1  1 -1 -3  0 -3    2  48   2   0   0   3   6   1   3   4   1   5   0   0   6  13   2   0   3   1  0.60 0.26
   93 G    2  2  1  0 -3 -1 -2  3 -2 -3 -3  1 -3 -2  1  0 -2 -4 -3 -1   25  13   9   6   0   2   0  22   0   0   0   7   0   2   5   3   0   0   0   4  0.30 0.18
   94 K    2 -1  0  1 -2  0  0  1 -2 -2 -2  0  0  0  1  1  0  1 -2 -2   22   3   3   7   0   5   6  13   0   0   3   5   3   7   6   8   5   2   0   0  0.13 0.10
   95 A    3 -1  0  1 -2 -2 -1  0 -2 -1 -2  0 -2  0 -1  1  0 -3 -2  0   40   3   4  10   0   0   0   4   0   4   0   8   0   5   1   9   4   0   0   7  0.25 0.18
   96 G   -2 -3  1  3 -4  0 -2  5 -3 -5 -5 -3 -4  0 -1 -1 -1 -4 -4 -4    0   0   7  18   0   6   0  54   0   0   0   0   0   5   3   3   3   0   0   0  0.85 0.31
   97 A    0 -2 -1 -1 -3 -1  0  2 -2  0 -1  0  1 -1  1  0 -1 -3  0  0   10   0   3   3   0   0   7  22   0   9   2   7   5   3   9   9   0   0   5   6  0.13 0.10
   98 E    0  0 -1  3 -4  1  4 -3 -2 -3 -2  1 -3 -1 -2 -1  1 -3  0 -3    9   5   0  17   0   4  38   0   0   0   2   6   0   2   0   0   9   0   4   0  0.48 0.23
   99 G    1 -1  4  1 -3 -1  0  2 -2 -3 -2  1 -2 -3 -3  0  0 -4 -3 -1   11   2  27   7   0   0   5  17   0   0   4   9   0   0   0   6   7   0   0   5  0.30 0.16
  100 F   -1 -2 -3 -3 -4  4 -2 -4 -2 -1  0 -2 -2  5  1  0 -1 -2  1 -2    5   0   0   0   0  25   0   0   0   2   8   0   0  35   8   7   4   0   3   2  0.56 0.28
  101 V   -3  0 -3 -3 -1 -1  1 -4  1 -1 -1  1 -2  0 -4 -3 -3  7  5  0    0   5   0   0   2   2  13   0   2   2   4  11   0   2   0   0   0  16  30   8  0.68 0.28
  102 R   -1  4 -1  0 -4  2  0 -3  0 -4 -2  4 -2 -4 -3 -2  0 -4 -3 -3    3  25   2   6   0   9   5   0   2   0   3  37   0   0   0   0   5   0   0   0  0.60 0.25
  103 V    0 -4 -4 -4 -3 -4 -4 -4 -4  5  0 -4 -1 -2 -4 -3 -2 -4 -3  4    8   0   0   0   0   0   0   0   0  48   4   0   0   0   0   0   0   0   0  36  0.88 0.32
  104 D   -3 -3  4  6 -5 -2  1 -3  1 -5 -5 -2 -4 -5  0 -2 -3 -5 -4 -4    0   0  20  60   0   0   7   0   3   0   1   0   0   0   5   0   0   0   0   0  1.23 0.38
  105 R   -3  0 -1 -3 -4  0 -3 -2  6 -1  0 -2 -2 -1 -4 -2 -1  3  6 -1    0   6   2   0   0   5   0   3  24   3  12   0   0   0   0   2   3   5  30   3  0.68 0.29
  106 D    0  0 -1  5 -4 -1  1  1  0 -1 -2 -1 -1 -1 -3 -1  0 -4 -3 -3    8   5   0  37   0   0  11  14   3   5   5   2   2   2   0   0   6   0   0   0  0.38 0.20
  107 Y    2 -3 -3 -3 -3 -3 -3  3 -3  2  2 -3  0 -2 -3 -2 -2 -3  0  0   20   0   0   0   0   0   0  29   0  16  24   0   2   0   0   0   0   0   4   3  0.39 0.21
  108 V    1 -2  5 -1  2  0 -2 -2 -2 -2 -3  1 -2 -3 -3 -1  3 -4 -3  0   11   0  35   0   5   3   0   1   0   0   1   8   0   0   0   1  25   0   0   9  0.52 0.26
  109 L   -1 -2 -1 -2  0 -1  0 -3 -2  2  1  2 -1 -1 -3 -2 -2 -2  2  3    3   0   2   0   2   0   9   1   0  14  13  18   0   0   0   1   0   0  11  26  0.22 0.16
  110 K    1  0  3  1 -3  1  3 -2  1 -4 -3  1 -3 -4 -2  0  0 -4 -3 -3   15   3  19   7   0   5  24   0   4   0   0  11   0   0   0   2   7   0   0   0  0.40 0.20
  111 S    1 -2 -1 -3  0 -1 -2 -1 -3  1  3 -2  2 -2 -3  1  1 -3 -2  1   11   0   2   0   2   3   0   3   0   4  37   0   6   0   0  11   8   0   0  11  0.23 0.15
  112 A    5 -4 -4 -4 -2 -3 -3 -3 -4  3  0 -3 -2 -3 -3 -1 -1 -4 -3  2   56   0   0   0   0   0   0   0   0  18   9   0   0   0   0   0   3   0   0  14  0.68 0.33
  113 E   -1  2  0  2 -4  3  3 -3 -2 -3 -2  3 -2 -4 -3 -2 -1 -4 -3 -2    2  14   3  10   0  13  21   0   0   0   5  25   0   0   0   0   3   0   0   3  0.48 0.23
  114 L    6 -3 -4 -4 -3 -1 -3 -2 -4 -1  0 -3 -2 -4 -3 -1  0 -5 -4  0   73   0   0   0   0   3   0   0   0   2   8   0   0   0   0   0   6   0   0   7  0.91 0.40
  115 A    5 -4 -4 -4  4 -3 -3  0 -4 -3 -3 -3  0 -4 -3  0 -2 -5 -4 -1   71   0   0   0  11   0   0   6   0   0   0   0   3   0   0   6   0   0   0   3  1.03 0.41
  116 K    0  3 -2 -3 -4  0  0 -3 -3 -2 -4  6 -3 -5 -3 -2  0 -5 -4 -2    8  18   0   0   0   2   5   0   0   3   0  56   0   0   0   0   6   0   0   2  0.86 0.35
  117 A    1  0  0  2 -3  0  3 -1 -2 -2 -3  2 -3 -4 -2 -1  0 -4 -3 -1   17   2   3  16   0   1  24   3   0   2   0  18   0   0   0   2   6   0   0   6  0.34 0.19
  118 G    5 -1  1 -3 -3 -1 -2  0 -3 -3 -1 -1 -1  0 -3  0 -2 -4  0 -2   58   3   9   0   0   2   0   6   0   0   6   4   2   4   0   3   0   0   3   0  0.52 0.29
  119 G   -2 -1  0 -1 -5 -3 -4  6 -4 -6 -6  1 -5 -5 -4 -2 -4 -5 -5 -5    0   2   4   3   0   0   0  81   0   0   0  10   0   0   0   0   0   0   0   0  1.54 0.46
  120 C    1 -4 -4 -4  4 -4 -4 -4 -4  3 -1 -4 -1 -3 -4 -2  1 -4 -1  5   13   0   0   0   9   0   0   0   0  14   0   0   0   0   0   1   8   0   2  53  0.73 0.32
  121 K   -1  0  0  0 -5  2  3 -3  0 -4 -4  5  0 -5  0  0 -2 -5 -3 -4    3   2   3   3   0  11  20   0   2   0   0  44   3   0   5   4   0   0   0   0  0.67 0.30
  122 H   -3  3  1 -3 -4 -1 -2 -4  6 -2 -3  2 -3 -4 -4 -1  2 -4 -2  2    0  19   6   0   0   0   0   0  27   0   0  15   0   0   0   2  14   0   0  17  0.64 0.31
  123 F   -4 -5 -5 -6  3 -5 -5 -5 -3  1 -1 -5  2  7 -6 -4 -4 -1  5 -2    0   0   0   0   7   0   0   0   0   9   4   0   5  58   0   0   0   0  18   0  1.39 0.43
  124 N   -3 -5 -1 -5  1 -4 -5 -5 -5  5  0 -4 -1 -3 -5 -4 -2 -5 -3  5    0   0   4   0   2   0   0   0   0  32   2   0   0   0   0   0   0   0   0  60  1.10 0.40
  125 L   -3 -3 -4 -5 -3 -1 -4 -5  3  0  4 -4  2  4 -4 -2 -3 -2  0  0    0   0   0   0   0   3   0   0  10   2  49   0   5  20   0   2   0   0   2   7  0.66 0.28
  126 L   -2 -4 -4 -4  0 -4 -4 -5 -4  3  1 -4 -1  1 -4 -1  1 -4 -2  5    0   0   0   0   2   0   0   0   0  22  11   0   0   5   0   6   7   0   0  47  0.65 0.28
  127 S   -1 -3 -2 -3 -3 -3 -3  0 -4 -5 -5 -3 -4 -5 -3  6  2 -5 -4 -4    0   0   0   0   0   0   0   5   0   0   0   0   0   0   0  83  12   0   0   0  1.40 0.53
  128 S    3 -3 -2 -3  1 -2 -2  0  1 -1 -4 -2 -3 -4 -3  5 -1 -5 -3 -1   24   0   0   0   3   0   0   6   4   4   0   0   0   0   0  54   1   0   0   4  0.70 0.35
  129 K    1 -2 -3 -3 -2 -1 -3 -1  1  2  2 -1  2 -1 -2 -1 -1 -3  1  1   13   1   0   0   0   2   0   4   5  17  26   3   6   0   1   5   3   0   5   8  0.17 0.13
  130 G    0 -3  3 -1  1  0 -2  5 -3 -4 -1  0 -3 -2 -3  0 -2 -4 -4 -4    7   0  15   3   4   5   0  49   0   0   6   5   0   2   0   4   0   0   0   0  0.63 0.26
  131 A    5 -3 -3 -4 -2 -3 -3 -2 -3 -1 -3 -3 -2 -3 -3  1  2 -4  0  2   59   0   0   0   0   0   0   0   0   1   0   0   0   0   0   6  12   0   3  19  0.72 0.35
  132 D   -1  0  5  3 -4  1  1 -1  3 -5 -5 -2 -3 -4 -3  1 -2 -5 -1 -4    6   5  37  20   0   5   7   2   7   0   0   0   0   0   0   8   0   0   2   0  0.66 0.28
  133 K    0  0  0 -2 -3  0  0  2 -2 -1 -2  2 -2 -4  4 -1 -2 -4 -3 -1   10   2   4   0   0   3   6  17   0   5   3  21   0   0  21   2   0   0   0   6  0.36 0.17
  134 S   -1  0  4  2 -3  0  0 -1  2 -4 -4  1 -3 -1  0  2  0 -3  1 -3    4   2  24  11   0   1   3   3   5   0   0  10   0   2   5  17   5   0   6   0  0.32 0.17
  135 S    0  1  0  0 -3 -1  0 -1  0 -3  0 -1 -2 -3  1  4  0 -4 -3 -3    3  10   2   3   0   0   7   3   3   0  12   0   0   0   8  47   2   0   0   0  0.41 0.26
  136 N   -1  0  1  1 -3 -1  0 -3  0 -3 -3  0 -1  2  4  1 -1  1  1 -3    2   6   7  11   0   2   5   0   3   0   0   6   2  11  24  11   3   2   5   0  0.38 0.17
  137 F   -3 -4 -4 -5  1 -4 -4 -4 -3  1  2 -4  0  5 -1 -1 -2  5  1  1    0   0   0   0   3   0   0   0   0   6  24   0   2  32   3   7   0   8   2  12  0.58 0.24
  138 L    0  1 -3 -3 -3  1 -1  0  0 -2  1 -1 -1  0  5 -2 -2  2 -2 -1    7   8   0   0   0   6   3   9   3   0  19   3   0   6  30   0   0   3   0   3  0.43 0.19
  139 Y   -4 -2 -4 -5 -4 -4 -4 -5 -1  0  0 -4  0  3 -5 -4 -3 -1  8  0    0   2   0   0   0   0   0   0   0   4   9   0   3   9   0   0   0   0  65   6  1.43 0.44
  140 L   -1 -2  0 -3 -2 -1 -2  1 -2  0  2 -2  3  1  1  0  0 -2  0 -1    2   0   7   0   0   2   0  11   0   6  27   0  13   6   7   8   5   0   3   2  0.16 0.14
  141 Q   -1  4  2 -2  1  1  1 -3 -2 -2 -2  4 -2 -4 -3 -1 -1 -4 -3 -2    6  26  10   0   4   7   6   0   0   2   3  31   0   0   0   0   3   0   0   3  0.50 0.24
  142 V    0 -3 -1 -3 -2 -2 -3 -1 -3  0  2 -3  4 -2 -3  1  2  5 -2  1    7   0   2   0   0   0   0   3   0   4  17   0  19   0   0  10  20  10   0   7  0.39 0.22
  143 K   -3  0 -3 -3 -6 -1 -2 -4 -3 -5 -2  7 -4 -6 -4 -3 -3 -6 -4 -5    0   0   0   0   0   0   0   0   0   0   4  96   0   0   0   0   0   0   0   0  1.84 0.58
  144 G    1  2 -2 -3 -1 -2 -3  4  0  0 -1 -1 -2  0 -3  0 -1  2 -2 -2   14  16   0   0   2   0   0  37   3   7   5   2   0   4   0   6   2   3   0   0  0.37 0.20
  145 E   -1  1  0  0 -4  2  4  0 -2 -3 -1  2 -2 -3 -3 -1 -2 -4 -1 -1    3   7   3   4   0  12  33   9   0   0   7  15   0   0   0   0   0   0   3   6  0.36 0.20
  146 V    3 -1 -1 -3 -2  0 -2  0 -3  2  1 -2  2 -1 -3 -1  0 -3 -2  2   31   3   4   0   0   4   0   7   0  15  10   0   6   2   0   0   3   0   0  14  0.20 0.16
  147 E   -3 -3 -3  0 -6  1  7 -5 -3 -5 -5 -2 -4 -6 -4 -3 -3 -5 -5 -2    0   0   0   3   0   4  90   0   0   0   0   0   0   0   0   0   0   0   0   3  1.76 0.56
  148 A    1  2  0  2 -4  2  3 -3 -2 -4 -4  2 -3 -4 -3 -1 -1 -4 -1 -3   12  12   5  13   0  12  27   0   0   0   0  15   0   0   0   0   2   0   3   0  0.49 0.22
  149 K    2 -2 -1  3 -3  1  2 -2 -2 -1 -1  0 -2 -1 -2 -1  0 -3  2  0   22   0   0  18   0   7  13   1   0   3   4   6   0   2   0   2   4   0  11   8  0.21 0.16
  150 V   -2 -4 -5 -5 -3 -4 -4 -5 -5  4  3 -2  0 -2 -4 -4 -2 -4 -3  4    1   0   0   0   0   0   0   0   0  29  35   2   0   0   0   0   0   0   0  33  0.78 0.30
  151 E   -1  1 -2 -2 -3  2  1 -3 -2  2  1  2  0 -2 -3 -1 -2 -3 -3  0    5   9   0   0   0  12   9   0   0  18  17  19   2   0   0   3   0   0   0   5  0.23 0.16
  152 E    3 -2 -1  3 -3  1  2  0 -2 -4 -4  1 -3 -4 -2  1 -1 -4 -3 -3   36   0   0  16   0   5  16   6   0   0   0  12   0   0   0   8   2   0   0   0  0.45 0.23
  153 L    0 -1 -2 -3 -2 -1 -2 -3 -3  1  3 -1  1 -2  0  3 -1 -3 -3 -1    7   3   0   0   0   2   0   0   0   6  42   3   2   0   3  28   0   0   0   0  0.34 0.22
  154 K    0 -2  3  1 -3 -1  0  3 -2 -4 -4  1 -3 -3 -2  1  0 -3 -1 -3    8   0  16  10   0   0   5  30   0   0   1  11   0   0   0   7   6   0   3   0  0.39 0.17
  155 F   -2 -3 -1 -1 -3 -3 -1 -2 -3  1  1 -1  1  6 -1 -3 -1  2  0 -1    3   0   3   4   0   0   6   3   0   8  10   3   4  46   3   0   3   2   0   2  0.50 0.24
  156 D   -1 -1  1  2 -4  0  2 -3 -2 -4 -3  0 -3 -4  5 -1  1 -5 -4 -3    5   3   6  14   0   2  17   0   0   0   3   6   0   0  33   1   8   0   0   0  0.69 0.25
  157 R   -2  3 -2 -2 -4  1  2 -3  3 -4 -3  1 -3 -1 -3  0 -1  3  4 -3    0  24   0   0   0   5  16   0  10   0   0   8   0   0   0   7   3   4  22   0  0.56 0.25
  158 Y    1 -3 -2 -3 -3 -3 -3 -1 -3 -1 -1 -3 -2 -2 -3  0  5 -3  3 -1   12   0   0   0   0   0   0   5   0   3   7   0   0   0   0   3  55   0  12   3  0.68 0.34
  159 S   -1 -4 -3 -4 -3 -3 -4 -4 -4  5 -1 -3 -1  0 -4  0  3 -4 -3  3    4   0   0   0   0   0   0   0   0  42   0   0   0   4   0   8  20   0   0  22  0.62 0.29
  160 V   -1 -5 -5 -5 -3 -5 -5 -5 -5  6 -1 -4 -1  0 -5 -4 -2 -4 -3  3    5   0   0   0   0   0   0   0   0  71   0   0   0   3   0   0   0   0   0  22  1.18 0.39
  161 F   -1 -2 -3 -3 -2 -2 -3 -3 -3  3  3 -2  1  1 -3 -2 -1 -2 -1  2    4   1   1   1   0   1   1   1   0  20  38   1   3   7   1   1   1   0   1  16  0.36 0.14
  162 R   -4  8 -3 -4 -6  2 -2 -5 -2 -5 -5  1 -4 -5 -4 -3 -3 -5 -4 -5    0  86   0   0   0   9   0   0   0   0   0   5   0   0   0   0   0   0   0   0  1.82 0.51
  163 P   -2 -5 -5 -4 -5 -4 -4 -5 -5 -5 -6 -4 -5 -6  8 -3 -4 -6 -6 -5    3   0   0   0   0   0   0   0   0   0   0   0   0   0  97   0   0   0   0   0  2.87 0.63
  164 G    1 -1 -2 -3 -4 -3 -3  6  1 -5 -5 -3 -4 -4 -3  0  0 -4 -4 -4   11   3   0   0   0   0   0  67   5   0   0   0   0   0   0   7   7   0   0   0  1.06 0.32
  165 V    0 -3 -2 -1 -2 -2 -2  2 -3  1  1 -2  1  3  0 -1 -1 -2 -1  1    5   0   0   3   0   0   3  18   0   9  12   0   6  18   6   3   3   0   0  14  0.16 0.11
  166 L   -3 -4 -5 -5 -3 -4 -4 -5 -4  5  4 -4  3 -1 -4 -4 -2 -4 -3  1    0   0   0   0   0   0   0   0   0  39  47   0  10   0   0   0   0   0   0   4  0.88 0.29
  167 L   -1 -1 -3 -4 -3 -3 -3 -4 -2  1  3 -3  0  4 -4 -1 -2  3  2 -1    3   4   0   0   0   0   0   0   0   7  45   0   0  19   0   8   0   4   9   0  0.44 0.18
  168 C   -1 -3  0  0  2 -3 -3  6 -3 -4 -4 -3  1 -4 -3 -2 -3 -4 -4 -4    3   0   4   4   5   0   0  74   0   0   0   0   5   0   0   0   0   0   0   0  1.16 0.30
  169 D   -1 -1 -1  3 -3  2  4 -2 -1 -3 -3  1 -2 -3  1 -1  0 -3  1 -3    5   1   1  18   0   9  32   1   0   1   1  11   0   0   6   1   6   0   6   1  0.42 0.15
  170 R   -1  7 -1  0 -4 -1  0 -3 -2 -4 -3  0 -3 -4 -3 -2 -2 -4 -3 -3    7  76   2   5   0   0   4   1   0   0   1   0   0   0   0   1   1   0   0   1  1.14 0.31
  171 Q   -2  0  2  2 -3  3  4 -2 -1 -3 -2  1 -2 -3 -1  0 -1 -3 -3 -3    1   3   9  14   0  17  32   1   0   0   5   7   0   0   2   4   3   0   0   1  0.44 0.15
  172 E    0  1  0  2 -3  0  3 -1 -1 -2 -1  2 -2 -3 -2 -1  1 -3 -2 -1   10   5   3  10   0   0  29   3   0   0   6  19   0   0   0   0  10   0   0   3  0.27 0.11
  173 S    0  1 -1 -2 -2  1 -1 -2  3  1 -1  0 -1 -1  0  3  0 -3 -1 -1    6  10   0   0   0   7   0   0  11  12   6   3   0   2   5  34   3   0   0   0  0.20 0.12
  174 R   -1  4  1 -2 -4  2 -1 -3  4 -3 -1  2 -2  1 -3 -1 -2 -3 -1 -3    3  32   6   0   0   8   0   0  15   0   5  18   0  10   0   0   0   0   0   0  0.45 0.16
  175 P    0 -1  0 -1 -2  1  0  1 -2 -1  1  1  1 -2  3  0 -1 -3 -2 -1    6   0   5   0   0   6   7  11   0   3  20  14   4   0  16   5   0   0   0   0  0.18 0.08
  176 G    1 -2  2 -2 -2 -2 -2  3 -2  0 -1  0 -1 -1  1 -1 -1 -3 -2 -2   16   0  14   0   0   0   0  34   0   9   5   7   2   3   6   0   3   0   0   0  0.28 0.11
  177 E   -2  0  2  2 -4  1  4  0 -1 -4 -4 -1 -3 -3 -2  1  1  3  0 -3    0   3  10  11   0   3  41   7   0   0   0   0   0   0   0   9   8   4   4   0  0.47 0.17
  178 W    2 -1  0 -2  1 -1  1  2 -2 -2 -2 -1 -2  1 -2  1  0  4 -1 -1   19   3   4   0   3   0  12  17   0   0   0   3   0   7   0  14   4   9   0   5  0.22 0.11
  179 L    1 -2 -3 -3 -2 -2 -3 -1 -3  2  2 -1  2  2 -3 -1 -1 -2  0  1   16   0   0   0   0   0   0   5   0  18  21   5   7  12   0   3   0   0   3   9  0.17 0.10
  180 V    0  0  1 -3 -2 -2 -2 -1 -2  1  1 -2  0  3 -3 -1 -1 -1  3  2   10   5   9   0   0   0   0   3   0   7  11   0   2  15   0   3   0   0  12  22  0.16 0.10
  181 R   -1  4  0 -2 -3  2 -1 -1 -2  1 -1  0  2 -2 -3 -1  0 -3  0  1    4  30   4   0   0  12   0   3   0   9   0   0  10   0   0   3   5   0   3  15  0.23 0.14
  182 K   -2  1 -2 -2 -3  0  0 -1  1 -3 -1  4 -2 -1  3  0 -1  2 -2 -2    0   4   0   0   0   0   5   5   3   0   5  42   0   3  16   8   2   3   0   3  0.39 0.16
  183 F   -2  2 -3 -4 -2 -2 -3 -4 -3  2  3 -1  0  2 -3 -2  0  4 -1  1    0  14   0   0   0   0   0   0   0  18  33   4   0  12   0   0   5   6   0   7  0.31 0.13
  184 F   -1 -3 -2 -3 -3 -2 -2  3  2 -2  0 -2 -1  4 -3  0 -2 -1  2 -1    3   0   0   0   0   0   0  29   8   0  11   0   0  25   0  11   0   0   6   3  0.34 0.14
  185 G   -1  2  2  1 -3  2  1  2 -1 -3 -2  1 -2 -3 -2  1 -1 -4 -3 -1    0  12  13   5   0  11   7  18   0   0   3  10   0   0   0  15   0   0   0   5  0.25 0.11
  186 S   -1 -1 -2 -3  0 -2 -3  4 -2 -3  0  0  0  0 -1  0 -2  5  1 -3    0   3   0   0   3   0   0  41   0   0  12   5   3   4   3  11   0  10   5   0  0.43 0.16
  187 L   -1 -2 -3 -3  1 -2 -3 -3 -3  1  3 -1  2  0 -3 -2  1 -2 -2  2    1   0   0   0   3   0   0   1   0   6  42   6   6   3   0   0  11   0   0  20  0.30 0.12
  188 P   -2 -1 -1  1 -4  3  1 -3  0 -3 -2  3  0 -3  4 -1 -2 -3  1 -3    0   0   0  11   0  17   5   0   2   0   3  29   3   0  22   0   0   0   8   0  0.54 0.19
  189 D   -2  0  0  4 -4 -1  2  3 -2 -3 -2 -1 -3 -4 -3 -1 -2 -4 -3 -1    0   6   3  34   0   0  14  30   0   0   4   0   0   0   0   0   0   0   0   7  0.50 0.17
  190 S   -1  0  2 -1 -3 -1  0  3 -2 -3 -3  2 -1 -3 -2  2  1  2  0 -3    0   4  10   0   0   0   5  23   0   0   0  19   2   0   0  23   8   3   3   0  0.32 0.13
  191 W   -1  1 -4 -4 -3 -2 -3 -4 -3 -1  0  0 -2  2  0 -3 -3  9  3 -1    6   8   0   0   0   0   0   0   0   4  11   7   0   8   6   0   0  39   9   3  1.01 0.24
  192 A    2 -2  0 -2 -2 -1 -1  1 -1 -1  1 -1 -1  1  0  1  0 -2  1  0   22   1   6   1   0   0   1  10   0   1  17   4   0   9   4  10   5   0   6   4  0.08 0.06
  193 S    0 -1  0 -1 -2  5  0 -2 -1 -1 -1  0 -1 -3  1  1  0 -3 -2  1    4   1   4   1   0  38   1   1   0   1   7   3   0   0   6  15   5   0   0  13  0.33 0.15
  194 G   -1 -1  1  2 -2 -1  1  2 -1 -2 -2  0 -2  0 -2  0  1 -2  0  0    3   1   9  18   0   0  10  18   0   1   1   5   0   6   1   1  12   0   3  11  0.16 0.08
  195 H    1 -1 -1 -2 -2  1  0  0  3 -1 -1  1 -1 -1  0  0  0 -2  3 -2   14   0   0   0   0  10   4   7  10   3   8  14   0   0   3   8   3   0  14   0  0.13 0.08
  196 S    0 -2 -1  2 -2  0  1 -1 -2 -1 -1 -1 -1 -3  2  1  2 -3 -2  0    5   0   0  13   0   4   9   3   0   0   8   0   0   0  10  14  21   0   0  10  0.20 0.09
  197 V   -2 -1 -1 -3  2 -3 -1 -4 -3  4  0 -2 -1 -2 -3 -3 -1 -3  1  4    0   3   3   0   6   0   6   0   0  27   0   2   0   0   0   0   0   0   6  48  0.46 0.19
  198 P   -2 -3  0  2 -3 -2 -2 -2  2  2 -2 -2 -2 -1  4 -2 -2 -3  3  0    0   0   6  17   0   0   0   3   6  24   0   0   0   0  25   0   0   0  14   6  0.45 0.17
  199 V    3  1 -3 -3 -2 -2 -2  2 -3  2 -1 -2 -1 -3 -3 -1 -1 -4 -3  2   40  11   0   0   0   0   0  14   0  13   0   0   0   0   0   0   0   0   0  22  0.33 0.17
  200 V    1  4 -2  0 -3  0  1  0 -2 -1 -2  1 -2 -2 -3 -1 -1 -3  1  1   14  30   0   6   0   0  11   6   0   2   0   8   0   0   0   0   0   0   6  17  0.23 0.13
  201 T    2 -2  1  4 -3  1  2 -1 -2 -3 -3 -1 -3 -4 -2 -1  0 -4 -3 -1   27   0   6  35   0   6  14   3   0   0   0   0   0   0   0   0   6   0   0   3  0.47 0.17
  202 V    2 -3 -3 -4 -2 -3 -3 -1 -3  2 -1 -3  1  0 -3 -1 -1 -3 -2  4   27   0   0   0   0   0   0   3   0  10   0   0   3   5   0   3   0   0   0  49  0.44 0.19
  203 V    3 -3 -3 -3  2 -1 -2  0 -3  0  0 -2 -1 -2 -3  0  0 -4 -3  3   35   0   0   0   6   3   0   8   0   0   6   0   0   0   0   4   4   0   0  34  0.31 0.16
  204 R    1  2  1 -1 -3  2  2 -2  2 -3 -3  2 -2 -4 -2  1  0 -4 -2 -3   16  10  10   0   0   8  20   0   6   0   0  19   0   0   0   9   3   0   0   0  0.34 0.13
  205 A    3 -1 -2 -3 -2  0 -2  1 -3  0 -1 -1 -1  0 -2 -1  0 -3 -2  2   37   3   0   0   0   6   0  14   0   3   3   2   0   6   0   0   3   0   0  25  0.23 0.14
  206 M    3 -3 -3 -3  2 -2 -3  2 -3  2  0 -2  4 -2 -3 -1 -2 -3 -3 -1   36   0   0   0   5   0   0  17   0  13   6   0  22   0   0   0   0   0   0   0  0.40 0.19
  207 L   -1  0 -3 -4 -2 -1 -3 -4 -3  2  3  0  0 -1 -3 -3 -2 -3 -2  3    3   6   0   0   0   3   0   0   0  15  40   6   0   0   0   0   0   0   0  27  0.38 0.15
  208 N    0 -1  4 -1 -3  2  1 -2  1 -1  0  1  1 -1 -2  0 -1 -3 -2 -2   11   0  27   0   0  13   9   0   3   3   8  12   7   3   0   3   0   0   0   0  0.23 0.12
  209 N    4 -2  1 -2 -2 -1  0  1 -2 -2 -1 -2 -2 -3 -2  1  0 -4 -3 -1   57   0   7   0   0   0   7   9   0   0   9   0   0   0   0   6   6   0   0   0  0.40 0.18
  210 V    2 -2 -2 -1 -2 -1  2 -2 -2  0  2 -2  0 -2  0  0 -1 -3 -2  1   21   0   0   3   0   0  18   0   0   4  34   0   0   0   3   8   0   0   0   9  0.19 0.12
  211 V   -1 -1 -1  0 -2 -1  2 -3 -2  0  1  1  1  0 -2  0  0 -3 -2  1    0   0   0   5   0   0  17   0   0   3  20  16   4   3   0   6   7   0   0  17  0.12 0.08
  212 R   -1  2  0  1 -3  0  1  1  2 -4 -3  1 -3 -3  3  0 -1 -4 -2 -3    0  19   4   9   0   0   9  13   7   0   0  10   0   0  18   9   0   0   0   0  0.38 0.10
  213 P    0 -2 -2  1 -3 -1  0  0 -2 -3 -3  1 -3 -4  6  0  0 -4 -3 -3    8   0   0   7   0   0   4   7   0   0   1  14   0   0  46   4   6   0   0   1  0.82 0.16
  214 R    1  1 -1  2 -3 -1  1  3 -2 -1 -1 -1 -2 -3  1  0 -1 -3 -3 -2   14   9   0  17   0   0   9  27   0   3   7   0   0   0   7   3   0   0   0   0  0.25 0.08
  215 D    1 -1 -1  0 -2  1  0  0  3 -3 -3  0 -2 -3  3  2  1 -3 -2 -2   10   0   0   5   0   8   4   8  13   0   1   7   0   0  17  18   7   0   0   0  0.32 0.09
  216 K   -1  0  1  1 -3  2  3  1 -1 -4 -3  1 -2 -4  1  1  0 -4 -3 -3    0   5   5   7   0  10  31  13   0   0   0   5   0   0   7  14   4   0   0   0  0.38 0.11
  217 Q   -1  0  0 -1 -4  2  2  2 -2 -4 -4  4 -2 -4 -2  0  0 -4 -3 -3    0   0   4   0   0   8  16  20   0   0   0  45   0   0   0   3   4   0   0   0  0.51 0.15
  218 M   -2 -3 -4 -4 -2 -3 -4 -4 -3  1  0 -3  3  0 -4 -3 -1  2  2  5    0   0   0   0   0   0   0   0   0   0   2   0   9   3   0   0   0   4  10  72  0.66 0.19
  219 E   -2  2  0 -2 -3  1  1 -3 -1 -1 -1  0 -2 -1 -3 -2  0  8  2 -1    0  18   4   0   0   8   9   0   0   3   4   4   0   0   0   0   6  30   9   4  0.67 0.14
  220 L    0 -3 -3 -4 -2 -3 -3 -4 -3  4  1 -1  0  2 -3 -2 -1 -2  2  3    7   0   0   0   0   0   0   0   0  36   9   4   0  13   0   0   0   0   7  23  0.34 0.11
  221 L   -2 -3 -4 -4 -2 -3 -4 -4 -4  2  4 -3  1 -1 -4 -3 -1 -3 -2  4    0   0   0   0   0   0   0   0   0   8  51   0   2   0   0   0   0   0   0  39  0.59 0.15
  222 E    0 -2 -1 -1 -3  0  3  3 -1 -3 -3 -1 -2 -3 -2  2  1 -3  0 -3    5   0   0   0   0   0  30  23   0   0   0   0   0   0   0  27  11   0   5   0  0.40 0.13
  223 N    1 -2  2  1 -2  1 -1  3 -2 -3 -3 -1  1 -3 -2  2  0 -3 -3 -2    8   0   9   9   0   6   0  30   0   0   0   0   6   0   0  27   4   0   0   0  0.36 0.10
  224 K    1  1 -1  1 -2  0 -1  1 -2 -3 -3  3 -2 -3  0  3  0 -4 -3 -2   10   4   0   7   0   0   0   9   0   0   0  24   0   0   4  37   4   0   0   0  0.34 0.11
  225 A    1 -2 -1  5 -4  1  4 -2 -2 -4 -4 -1 -3 -4 -2 -1 -2 -4 -3 -3   18   0   0  38   0   4  39   0   0   0   0   0   0   0   0   0   0   0   0   0  0.74 0.17
  226 I   -2 -4 -4 -4 -2 -3 -4 -5 -4  5  3 -3  0 -1  1 -3 -2 -3 -2  2    0   0   0   0   0   0   0   0   0  61  26   0   0   0   9   0   0   0   0   4  0.65 0.17
  227 H   -1  0  0 -1 -2 -2 -2 -3  1  2  2 -2  0 -1 -3 -1  1 -3 -2  3    0   6   4   4   0   0   0   0   6  13  20   0   0   0   0   4   8   0   0  34  0.18 0.08
  228 D   -1  3  1  2 -4  1  2 -2  2 -4 -3  3 -2 -4 -2  0 -1 -4 -2 -3    4  20   4  10   0   5  18   0   7   0   0  28   0   0   0   4   0   0   0   0  0.43 0.10
  229 L   -2 -3 -4 -4 -2 -3 -4 -4  0  1  5 -3  1  1 -4 -3 -1 -2  1  0    0   0   0   0   0   0   0   0   3   5  79   0   0   2   0   0   5   0   7   0  0.63 0.16
  230 G    2 -3 -2 -2 -2 -2 -3  5 -3 -2 -3 -2 -2 -3 -3 -1 -2 -3 -3  0   23   0   0   0   0   0   0  66   0   0   0   0   0   0   0   0   0   0   0  12  0.77 0.12
  231 K   -2  4  1 -1 -4  1  1 -2 -1 -4 -3  5 -2 -4 -2 -1 -1 -4 -3 -3    0  31   5   0   0   0   7   0   0   0   0  57   0   0   0   0   0   0   0   0  0.70 0.12
  232 A    3 -1 -1 -1 -1 -1 -1  2 -2 -2 -2 -1 -2 -3 -1  3  0 -3 -2 -1   45   0   0   0   0   0   0  19   0   0   0   0   0   0   0  36   0   0   0   0  0.37 0.02

                      K         Lambda
Standard Ungapped    0.1368     0.3192
Standard Gapped      0.0424     0.2670
PSI Ungapped         0.1385     0.3172
PSI Gapped           0.0424     0.2670
