
Last position-specific scoring matrix computed, weighted observed percentages rounded down, information per position, and relative weight of gapless real matches to pseudocounts
           A  R  N  D  C  Q  E  G  H  I  L  K  M  F  P  S  T  W  Y  V   A   R   N   D   C   Q   E   G   H   I   L   K   M   F   P   S   T   W   Y   V
    1 P   -3 -4 -4 -3 -5 -3 -3 -4 -4 -5 -5 -3 -4 -6  8 -3 -3 -6 -5 -4    0   0   0   0   0   0   0   0   0   0   0   0   0   0 100   0   0   0   0   0  2.71 0.36
    2 N   -2  2  0 -2 -3 -1 -2 -1 -2  3  0  2  2  0 -3 -2 -2 -3 -2  0    0  16   7   0   0   0   0   4   0  34   4  23   7   5   0   0   0   0   0   0  0.23 0.12
    3 A    5 -2  0 -2 -2 -2 -2 -1 -3 -3 -3 -2 -2 -4 -2  3 -1 -4 -3 -2   74   0   4   0   0   0   0   0   0   0   0   0   0   0   0  22   0   0   0   0  0.80 0.23
    4 V   -1  0  4 -1 -3  0 -2 -2 -2  1 -2 -1 -2 -3  3  0  2 -4 -3  0    2   5  27   0   0   4   0   0   0  14   0   0   0   0  16   3  22   0   0   6  0.37 0.13
    5 I   -2 -4 -4 -4 -2 -4 -4 -5 -4  5  1 -4  1 -1 -4 -3 -2 -4 -2  4    0   0   0   0   0   0   0   0   0  50   4   0   3   0   0   0   0   0   0  43  0.80 0.20
    6 G    0  0  1  0 -2  1  0  2 -1 -1 -2  1  0 -3 -2  1  1 -3 -2  0    7   5   8   3   0  10   3  19   0   3   0   8   4   0   0  10  12   0   0   8  0.15 0.06
    7 R   -2  6  1 -2 -4  0 -1 -3 -2 -4 -4  4 -3 -4 -3  0 -2 -4 -3 -4    0  57   7   0   0   0   0   0   0   0   0  29   0   0   0   7   0   0   0   0  0.94 0.22
    8 L   -2 -4 -4 -4 -2 -3 -4 -5 -4  4  4 -4  3 -1 -4 -3 -2 -3 -2  1    0   0   0   0   0   0   0   0   0  44  43   0   8   0   0   0   0   0   0   5  0.70 0.18
    9 I    1 -3 -4 -4 -2 -3 -3 -3 -3  4  1 -3  6 -1 -3 -2 -2 -3 -2  1   18   0   0   0   0   0   0   0   0  41   3   0  31   0   0   0   0   0   0   6  0.61 0.20
   10 K   -2  3 -1 -2 -4  0 -1 -3 -2 -4 -4  6 -3 -5 -3  0 -2 -4 -3 -4    0  14   0   0   0   0   0   0   0   0   0  80   0   0   0   6   0   0   0   0  1.09 0.26
   11 E   -1  1  3  2 -4  1  3 -1 -1 -4 -4  2 -3 -4 -2  0  0 -4 -3 -3    4   5  18  12   0   2  31   4   0   0   0  19   0   0   0   1   6   0   0   0  0.45 0.12
   12 A    3  0 -2 -2 -1 -1 -2 -1 -2  1  0 -1  1 -2 -2  1  1 -3 -2  1   36   5   0   0   0   0   0   1   0  14   3   0   5   0   0  10  11   0   0  13  0.21 0.10
   13 L   -1 -2 -2 -2 -1 -2 -2 -3 -2  1  4 -2  2  0  0 -2 -1 -2 -1  1    2   1   1   1   0   1   2   2   1   4  59   1   4   1   5   2   1   0   1   9  0.33 0.09
   14 P   -1 -2 -2  2 -3  1 -1 -2 -2 -3 -3 -1 -2 -3  7 -1 -1 -3 -3 -2    5   1   1  13   0   8   1   2   0   1   2   1   0   1  58   1   1   0   1   1  1.14 0.16
   15 E    1 -1  1  1 -3  2  2  2 -1 -3 -3 -1 -2 -3  2  1  0 -3 -3 -2   10   0   5   7   0  11  19  22   0   0   0   0   0   0   9   8   5   0   0   3  0.29 0.08
   16 S    1  1  3  3 -3 -1  0  0  0 -3 -3  1 -2 -3 -2  1  0 -4 -3 -3   16  11  20  20   0   0   0   7   2   0   0   8   0   0   0  10   5   0   0   0  0.32 0.10
   17 A    2 -2 -2 -2 -2  0  0  1 -2  0  0 -2  2 -2 -1  0  0 -3 -2  2   24   0   0   0   0   3   8  12   0   4   6   0   8   0   2   7   2   0   0  24  0.14 0.08
   18 S   -2  4  0 -2 -3  0 -1 -3 -2  0  0  4  1 -3 -3 -1  0 -4 -3 -2    0  28   3   0   0   0   0   0   0   7   7  38   7   0   0   3   6   0   0   0  0.43 0.15
   19 V   -2 -4 -4 -4  3 -4 -4 -4 -4  4  1 -4  0  1 -4 -3 -1 -3 -2  4    0   0   0   0   7   0   0   0   0  43   6   0   0   5   0   0   0   0   0  39  0.65 0.18
   20 S    2 -2  0 -2 -2  0 -1  0 -2 -3 -3 -1 -2 -4 -2  4  1 -4 -3 -2   21   0   3   0   0   4   0   6   0   0   0   0   0   0   0  59   8   0   0   0  0.59 0.19
   21 K    0  1  1  2 -4  0  0  0 -2 -4 -4  5 -3 -4 -2 -1 -2 -4 -3 -3    8   2   7  13   0   0   3   5   0   0   0  61   0   0   0   0   0   0   0   0  0.63 0.19
   22 E   -1 -2  0  6 -5 -1  4 -3 -2 -4 -5 -1 -4 -5 -3 -1 -2 -5 -4 -4    5   0   0  64   0   0  31   0   0   0   0   0   0   0   0   0   0   0   0   0  1.17 0.25
   23 A    5 -3 -2 -3 -2 -2 -2 -1 -3 -3 -3 -2 -2 -4 -2  2  0 -4 -3 -2   84   0   0   0   0   0   0   0   0   0   0   0   0   0   0  13   3   0   0   0  0.90 0.25
   24 R   -1  4 -1 -2 -3  0 -1 -3 -2 -2  0  4  0 -3  0  0 -1 -4 -3 -1    3  31   0   0   0   2   0   0   0   0  12  32   3   0   5   8   0   0   0   3  0.41 0.14
   25 A   -1 -1 -1  2 -3  0  3 -1 -2  1  0  0  0 -2 -2 -1  0 -3 -2  0    4   0   0  11   0   1  33   5   0  12  13   4   3   0   0   3   4   0   0   7  0.19 0.09
   26 A    3 -2 -2 -3  2 -2 -1 -2 -3  1  1 -1 -1 -2 -2  0  2 -3 -2  0   46   0   0   0   6   0   3   0   0   9  17   3   0   0   0   1  14   0   0   0  0.29 0.13
   27 I   -2 -3 -4 -4 -2 -3 -4 -4 -3  3  3 -3  4  1 -4 -3  0 -3 -2  2    0   0   0   0   0   0   0   0   0  26  31   0  15   5   0   0   4   0   0  19  0.48 0.13
   28 A    2 -1 -2 -2 -2  5 -1 -2  1  1 -1 -1 -1 -3 -2  1 -1 -3 -2  0   29   0   0   0   0  39   0   0   4  11   4   0   0   0   0   8   0   0   0   5  0.40 0.17
   29 R   -1  3  2  1 -4  0  3 -2  1 -4 -4  3 -3 -4 -2 -1 -2 -4 -3 -3    5  23  11   6   0   0  26   0   3   0   0  25   0   0   0   0   0   0   0   0  0.53 0.15
   30 A    3 -3 -3 -3  8 -3 -3 -1 -3 -1 -2 -3 -2 -3 -3  2 -1 -4 -3  0   30   0   0   0  39   0   0   3   0   3   0   0   0   0   0  19   0   0   0   6  0.81 0.21
   31 A    3 -3 -3 -3  5 -2 -3 -1 -3  0  1 -2 -1 -2 -3  0 -1 -3 -2  2   34   0   0   0  15   0   0   4   0   3  15   0   0   0   0   5   0   0   0  24  0.34 0.13
   32 S   -1 -2 -1 -1 -2 -1  3 -2 -2 -1 -2  0  1 -3 -2  3  3 -4 -3  0    0   0   0   0   0   0  23   0   0   4   0   4   5   0   0  29  26   0   0  10  0.35 0.15
   33 V   -2 -2 -2  0 -3  0  5 -4 -2  0  0 -1 -1 -2 -3 -2 -2 -3  0  2    0   0   0   3   0   0  53   0   0   5   8   0   0   0   0   0   0   0   5  26  0.52 0.19
   34 F   -3 -4 -2 -5 -4 -4 -4 -4 -2 -1  0 -2  2  7 -5 -3 -3  3  3 -2    0   0   2   0   0   0   0   0   0   0   7   2   8  69   0   0   0   4   8   0  1.14 0.25
   35 A    0 -4 -3 -4 -2 -3 -4  1 -4  5  0 -3  0 -2 -3 -2 -1 -4 -3  3   10   0   0   0   0   0   0  12   0  48   0   0   0   0   0   0   0   0   0  30  0.52 0.17
   36 I   -1 -1  2 -1 -3 -1  1  0  3  0 -1 -1  1 -3 -2  3  1 -4 -2 -2    0   3  14   0   0   0  10   4  13   7   3   0   6   0   0  36   5   0   0   0  0.27 0.13
   37 F   -2 -2 -2 -1 -3  0  1 -2  4 -1  0 -2 -1  5 -3 -2 -1 -1  3 -2    0   0   0   3   0   3  15   2  14   4  10   0   0  32   0   0   5   0  12   0  0.39 0.14
   38 V   -1 -3 -4 -4 -2 -3 -4 -4 -4  4  3 -3  2 -1 -4 -3 -1 -3 -2  3    3   0   0   0   0   0   0   0   0  33  33   0   4   0   0   0   0   0   0  27  0.56 0.15
   39 T    2 -2 -1 -2 -2 -2 -2  0 -3 -2  0 -2  0 -3 -2  2  4 -3 -3 -1   17   0   0   0   0   0   0   7   0   0  12   0   3   0   0  16  45   0   0   0  0.42 0.16
   40 S    0 -1 -1  1 -1 -1 -1  1 -2 -2 -1  0  3 -1 -2  3  0 -3 -2 -2    6   2   0   9   1   0   0   8   0   0   3   7  14   3   0  44   2   0   0   0  0.28 0.14
   41 S    0  0 -1 -1  0  1  4 -1  2 -3 -3  1  0  0 -2  0 -2 -3  0 -3    8   5   0   0   3   3  43   5   7   0   0  10   4   6   0   4   0   0   3   0  0.34 0.13
   42 S    5 -3 -2 -3 -2 -2 -2  0 -3 -3 -3 -2 -2 -4 -2  2 -1 -4 -3 -2   82   0   0   0   0   0   0   4   0   0   0   0   0   0   0  14   0   0   0   0  0.88 0.25
   43 T    0  2  3 -1 -1 -1 -1 -1 -2  0 -2  0 -2 -3 -2  2  0  3 -2  1    3  14  20   0   1   0   0   3   0   7   0   5   0   0   0  25   4   5   0  12  0.21 0.11
   44 A    0 -1  1  3  2  1  4 -2 -1 -3 -3  1  0 -4 -2 -1 -2 -4 -3 -3    9   0   8  22   5   5  40   0   0   0   0   8   3   0   0   0   0   0   0   0  0.53 0.15
   45 L   -1  1 -1 -3 -2 -1 -2 -3 -2  2  2  1  1  1 -3 -1 -1 -3 -1  2    0   8   3   0   0   1   0   0   0  20  22  16   4   8   0   4   0   0   0  14  0.16 0.08
   46 A    5 -3 -3 -3  7 -3 -3 -2 -3 -3 -3 -3 -2 -4 -3  1 -1 -4 -3 -2   62   0   0   0  30   0   0   0   0   0   0   0   0   0   0   7   0   0   0   0  0.99 0.25
   47 H   -1  1  1  0 -3  2  2 -1  3 -3 -2  3  0 -3 -2  1  0 -3 -2 -3    2   3   6   4   0  12  11   2   9   0   1  32   3   0   0   9   6   0   0   0  0.33 0.11
   48 K    0  2  1  1 -3  1  0 -2  5 -3 -3  2 -1 -3 -2  0  0 -3 -1 -3   10  15   7   6   0   5   3   0  22   0   0  18   2   0   0   7   5   0   0   0  0.35 0.11
   49 Q    1  0  2  1 -3  2  3  1 -1 -4 -3  0 -2 -4 -2  1 -1 -4 -3 -3   15   2  11   7   0  10  33   9   0   0   0   0   0   0   0  13   0   0   0   0  0.40 0.12
   50 N    0 -1  2  1 -4  0  0  4  1 -4 -4  3 -3 -4 -2 -1 -2 -4 -3 -3    5   0  15  10   0   4   2  34   4   0   0  25   0   0   0   0   0   0   0   0  0.48 0.13
   51 H   -3  7 -2 -3 -5  0 -1 -4  1 -4 -4  3 -3 -4 -3 -2 -2 -4 -3 -4    0  74   0   0   0   0   0   0   4   0   0  21   0   0   0   0   0   0   0   0  1.26 0.27
   52 K   -2  3 -2 -2 -4  0 -1 -3 -2 -4 -4  6 -3 -5 -3  0 -2 -4 -3 -4    0  16   0   0   0   0   0   0   0   0   0  79   0   0   0   4   0   0   0   0  1.11 0.27
   53 T   -1 -2 -1 -2 -2 -2 -2 -3 -3 -1 -3  1 -2 -4 -2  2  6 -4 -3 -2    0   0   0   0   0   0   0   0   0   3   0   9   0   0   0  12  76   0   0   0  0.91 0.26
   54 I   -2 -4 -4 -4  4 -4 -4 -5 -4  5  1 -4  0 -1 -4 -3 -2 -4 -2  3    0   0   0   0  12   0   0   0   0  51  12   0   0   0   0   0   0   0   0  26  0.70 0.18
   55 T    1 -1  4 -1 -3  1 -1 -2 -1 -3 -2  2  2 -3 -2  1  2 -4 -3 -2   13   0  32   0   0   5   0   0   0   0   0  15   8   0   0  12  15   0   0   0  0.37 0.14
   56 A    3 -2 -2 -1 -3 -2 -2  2 -3 -2 -3  0 -2 -4  5 -1 -2 -4 -3  0   33   0   0   3   0   0   0  21   0   0   0   5   0   0  29   0   0   0   0   9  0.61 0.15
   57 K    0 -1 -1  3 -4  3  4 -2 -1 -4 -4  2 -3 -4 -2  0 -1 -4 -3 -3    5   0   0  21   0  14  37   0   0   0   0  14   0   0   0   7   2   0   0   0  0.59 0.15
   58 D   -3 -3  0  7 -5 -2  0 -3  5 -5 -5 -2 -4 -5 -3 -2 -3 -5 -3 -5    0   0   0  81   0   0   0   0  19   0   0   0   0   0   0   0   0   0   0   0  1.53 0.30
   59 I   -2 -4 -4 -4 -2 -4 -4 -5 -4  5  1 -4  0 -1 -4 -3 -2 -3  0  4    0   0   0   0   0   0   0   0   0  52   7   0   0   0   0   0   0   0   4  37  0.74 0.19
   60 L   -1 -2 -1 -2 -1 -2  1 -3 -2  2  3 -1  1  2 -3 -2 -2  0 -1  0    5   0   5   0   1   0  12   0   0  12  45   6   3   9   0   0   0   1   0   0  0.24 0.11
   61 Q   -1 -1  1 -1 -3  1  0 -1 -1 -1  0  1  1  0 -2  0 -1  5 -1 -1    4   0  11   0   0  11   7   4   0   2  15  12   6   3   0   9   0  12   0   4  0.18 0.08
   62 T    6 -3 -3 -3 -2 -2 -2 -1 -3 -3 -3 -2 -2 -4 -2  1  0 -4 -3 -2   87   0   0   0   0   0   0   0   0   0   0   0   0   0   0   9   4   0   0   0  0.95 0.26
   63 L   -1 -3 -4 -4 -2 -3 -4 -4 -3  2  4 -3  4  1 -4 -3 -2 -3 -2  1    3   0   0   0   0   0   0   0   0  10  56   0  17   4   0   0   0   0   0  10  0.59 0.16
   64 T    0  0  0  2 -3  2  3  0  1 -3 -3  2 -2 -3 -2  1  1 -3 -2 -2    4   3   1  13   0   7  24   7   4   0   0  15   0   0   0   9  11   0   0   1  0.31 0.09
   65 E    0  1  0  2 -3  1  3 -2  2 -3 -3  1 -2 -3 -2  1  2 -3 -2 -2    4   6   3  10   0   6  27   0   6   0   0  11   0   0   0   7  18   0   0   2  0.32 0.10
   66 L   -1 -3 -4 -4 -2 -3 -3 -4 -4  2  4 -3  3 -1 -4 -1 -2 -3 -2  1    3   0   0   0   0   0   0   0   0  15  64   0   7   0   0   6   0   0   0   5  0.56 0.15
   67 D   -1 -3 -1  3 -4 -1  2  5 -2 -5 -5 -2 -4 -4 -3 -1 -2 -4 -4 -4    0   0   0  24   0   0  19  57   0   0   0   0   0   0   0   0   0   0   0   0  0.86 0.16
   68 F   -3 -3 -3 -4 -3 -3 -4 -4  2 -1  1 -4  2  6 -4 -3 -3  0  3 -2    0   0   0   0   0   0   0   0   8   0  15   0   7  61   0   0   0   0   9   0  0.89 0.18
   69 E    0 -1  1  2 -3  1  3  0  0 -3 -3  0 -2  0  1  1 -1 -3 -2 -3    9   0   4  14   0   4  29   9   3   0   0   2   0   7   8  10   0   0   0   0  0.29 0.08
   70 S    0  1  3  3 -3  1  2  1 -1 -4 -3  0 -3 -4 -2  1 -1 -4 -3 -3    9   9  16  24   0   6  14  11   0   0   0   0   0   0   0  11   0   0   0   0  0.37 0.08
   71 F   -3 -3 -4 -5 -3 -3 -4 -4 -1 -1  1 -4 -1  6 -4 -3 -3  0  6 -2    0   0   0   0   0   0   0   0   0   0  12   0   0  44   0   0   0   0  44   0  1.13 0.21
   72 V    0 -1 -2 -2 -2 -1  0 -3 -3  2  1  1  0 -2 -2 -1  0 -3 -2  3    9   0   0   0   0   0   7   0   0  18   8  16   1   0   0   4   2   0   0  33  0.18 0.08
   73 P    0 -1 -1  2 -3  1  2  0 -2 -3 -3  0 -3 -4  5  1  0 -4 -3 -3    6   0   0  11   0   6  21   5   0   0   0   5   0   0  30  11   4   0   0   0  0.59 0.11
   74 S   -1 -2 -2 -1 -3  1  2 -3 -2 -1 -1  0 -2  0  5  1  0 -3 -2  0    2   0   0   0   0   8  16   0   0   4   4   3   0   5  33  11   5   0   0   9  0.48 0.10
   75 L    0 -3 -4 -4 -2 -3 -3 -4 -4  1  4 -3  2 -1 -3 -3 -2 -3 -2  3    6   0   0   0   0   0   0   0   0   0  56   0   5   0   0   0   0   0   0  32  0.55 0.15
   76 T    0  2 -1  0 -3  0  2 -1 -1 -3 -2  4 -2 -3 -2  0  2 -3 -1 -2    4   7   0   5   0   0  14   2   0   0   3  39   0   0   0   3  19   0   3   0  0.34 0.11
   77 Q    0  0  0  1 -3  2  3 -1  0  0 -1  1 -1 -3 -2  0 -1 -3 -2  0   11   2   4   7   0  16  24   4   1   8   5   6   0   0   0   1   0   0   0   9  0.18 0.07
   78 D    0  1 -2  0 -3 -1 -1 -3  2  0 -2  1 -1  1 -3  0 -1 -1  5  1    7   8   0   5   0   0   0   0   7   5   0  12   0   2   0   8   0   0  34  12  0.30 0.12
   79 L   -1 -3 -4 -4 -2 -3 -4 -4 -3  2  4 -3  2  0 -4 -3 -2 -2  1  1    3   0   0   0   0   0   0   0   0   7  70   0   4   0   0   0   0   0   6   9  0.60 0.15
   80 E    1 -1  1  2 -1  2  2 -2  4 -2 -1 -1 -1 -3 -2  0 -1 -3 -1 -1   14   2   9  11   1  13  14   0  19   0   6   0   1   0   0   4   2   0   0   4  0.25 0.09
   81 V    1  2  0  1 -3  0  3  0 -1 -2 -2  3 -2 -3 -2 -1 -1 -4 -3  0   15  10   5   8   0   0  23   5   0   0   2  24   0   0   0   0   0   0   0   9  0.26 0.09
   82 Y   -3 -3 -3 -4  2 -3 -3 -4  3 -2  0 -3 -2  4 -4 -3 -3  0  7 -2    0   0   0   0   6   0   0   0   6   0   6   0   0  19   0   0   0   0  63   0  1.20 0.23
   83 R   -2  5 -1 -1 -4  3  3 -3 -1 -4 -3  3 -2 -4 -3 -1 -2 -4 -3 -3    0  44   0   0   0  13  21   0   0   0   0  23   0   0   0   0   0   0   0   0  0.77 0.17
   84 K   -1  1 -1  0 -3  2  4 -1 -1 -3 -1  1 -2 -3 -2  0  0 -3 -3 -2    4   5   0   2   0  10  44   5   0   0   8   9   0   0   0   4   6   0   0   2  0.38 0.11
   85 V    2 -1  0 -1 -2  1  2 -2 -2  0  0 -1  1  0 -2  0  0 -3 -2  1   24   0   4   0   0   9  18   0   0   4   5   0   5   5   0   6   5   0   0  14  0.13 0.07
   86 V    0 -1 -2 -1 -3  3  3 -3 -2  1  0 -1  1 -2 -2 -1 -1 -3 -2  2    6   0   0   0   0  22  26   0   0  10  10   0   3   0   0   0   0   0   0  23  0.28 0.12
   87 K    2  2 -1 -1 -3  1  1  2 -2 -3 -2  3 -2 -3 -2  0 -1 -3 -3 -2   22   9   0   0   0   5  10  17   0   0   4  31   0   0   0   0   2   0   0   0  0.30 0.09
   88 E   -1  0  0  2 -3  2  3  0 -1 -1 -1  1 -1 -2 -2 -1 -1  3 -2 -1    0   5   5  11   0  12  26  10   0   2   8   9   0   0   0   0   0   6   0   6  0.24 0.07
   89 K   -2  5 -1 -2 -4  0  1 -3 -1 -4 -3  5 -2 -4 -2 -1 -2 -4 -3 -3    0  49   0   0   0   0   6   0   0   0   0  45   0   0   0   0   0   0   0   0  0.89 0.17

                      K         Lambda
Standard Ungapped    0.1247     0.3136
Standard Gapped      0.0441     0.2670
PSI Ungapped         0.1442     0.3168
PSI Gapped           0.0441     0.2670
