
Last position-specific scoring matrix computed, weighted observed percentages rounded down, information per position, and relative weight of gapless real matches to pseudocounts
            A   R   N   D   C   Q   E   G   H   I   L   K   M   F   P   S   T   W   Y   V   A   R   N   D   C   Q   E   G   H   I   L   K   M   F   P   S   T   W   Y   V
    1 E    -3  -2  -2   4  -6   6   4  -4  -2  -6  -5  -2  -4  -6  -4  -3  -3  -5  -4  -5    0   0   0  27   0  41  32   0   0   0   0   0   0   0   0   0   0   0   0   0  1.34 0.50
    2 V     0  -4  -4  -5  -3  -4  -4  -4  -5   4   1  -4   1  -2   0  -1   0  -4  -3   4    7   0   0   0   0   0   0   0   0  30   9   0   3   0   4   3   4   0   0  39  0.65 0.31
    3 K    -1  -2  -3  -3  -4   6   0  -4  -2  -2  -3   2  -3  -5  -4  -3  -1  -5  -4   4    3   1   0   0   0  37   5   1   0   0   1  15   0   0   0   0   3   0   0  34  0.86 0.47
    4 L    -4  -5  -6  -6  -4  -4  -5  -6  -5   1   5  -5   5  -2  -5  -5  -3  -2  -4   2    0   0   0   0   0   0   0   0   0   4  65   0  15   0   0   0   0   0   0  14  1.22 0.50
    5 V    -2  -3  -3  -4  -4   4   0  -5  -2   1  -3  -2  -3  -5  -4  -2   5  -5  -4   2    1   0   0   0   0  19   7   0   1   7   1   2   0   0   0   0  47   0   0  15  0.90 0.51
    6 E    -5  -3  -2  -3  -7   8   4  -6  -3  -7  -6  -3  -4  -7  -5  -2  -2  -6  -5  -6    0   0   1   0   0  74  21   0   0   0   0   0   0   0   0   1   3   0   0   0  2.10 0.85
    7 S    -1  -4  -3  -2  -4  -3   0  -4  -4  -5  -3  -3  -4  -5   4   5   3  -3  -5  -4    2   0   0   1   0   0   6   0   0   0   2   0   0   0  22  48  17   0   0   0  1.06 0.56
    8 G    -3   0  -4   0  -5  -3   0   4  -2  -6  -5  -3  -5  -6   6   0  -2  -6  -5  -5    1   5   0   5   0   0   7  32   1   0   0   0   0   0  42   6   1   0   0   0  1.22 0.52
    9 G     2   0  -2  -2  -3  -2  -2   2   0  -4  -2   0  -3  -3   2   3  -1  -4   0  -3   22   5   0   1   0   0   2  15   2   0   4   4   0   0  10  30   1   0   3   0  0.44 0.31
   10 G     0  -2  -2   0  -1  -2   1   2   0  -2   0  -2  -1  -2  -2   3  -1  -3   1   0    6   2   0   5   1   0  12  15   2   1   8   1   1   1   1  26   2   0   5   9  0.18 0.21
   11 L    -2  -4  -4  -5  -3  -4  -4  -5  -5   1   4  -3   1  -2  -4   1   0  -5  -4   3    1   0   0   0   0   0   0   0   0   6  45   1   2   1   0  14   6   0   0  25  0.70 0.39
   12 V     2  -1  -4  -5  -3  -4  -3  -2  -5   0  -1   0  -2  -2  -4   0   0  -5  -4   5   17   3   0   0   0   0   1   2   0   4   2   7   0   2   0   5   4   0   0  53  0.68 0.41
   13 Q     1   0  -2  -3  -4   3   0  -3  -3  -4  -3   4  -3  -3  -3   3   0  -5  -4  -1   12   3   0   0   0  16   6   0   0   0   2  26   0   1   0  24   5   0   0   4  0.53 0.37
   14 P     0  -3  -4  -4  -4  -2  -1  -3  -5  -3   1  -4   0  -5   6  -2   2  -5  -5  -1    9   1   0   0   0   1   5   2   0   0  12   0   3   0  48   1  12   0   0   5  1.08 0.49
   15 G    -3  -2   1  -2  -6  -5  -4   7  -5  -7  -7  -3  -4  -7  -6   0  -2  -6  -6  -6    0   2   5   2   0   0   0  81   0   0   0   1   0   0   0   5   2   0   0   0  1.83 0.72
   16 G     1  -1  -2   2  -5   4   3   3   0  -5  -4  -1  -3  -5  -3  -1  -2  -5  -4  -4   14   2   0  10   0  24  19  19   2   0   1   1   0   0   1   4   2   0   0   0  0.61 0.39
   17 S    -2   2   0  -3  -4  -2  -2  -3  -4  -2  -3   0   1  -5  -1   5   4  -6  -4  -3    0  10   5   0   0   1   2   1   0   2   1   6   3   0   3  41  24   0   0   1  0.74 0.48
   18 L     3  -4  -5  -6  -4  -4  -5  -5  -3   0   3  -3  -1  -3  -5  -3  -2  -5  -4   5   22   0   0   0   0   0   0   0   1   2  28   1   0   0   0   1   1   0   0  43  0.88 0.48
   19 R    -3   2   0  -3  -4   1  -2  -4  -4  -2  -3   3   0  -5  -4   2   5  -5  -4  -3    0  13   3   0   0   7   1   0   0   3   2  19   2   0   0  13  35   0   0   1  0.69 0.45
   20 L    -4  -5  -6  -7  -4  -5  -6  -7  -6   5   5  -5   3  -1  -6  -5  -4  -5  -4   2    0   0   0   0   0   0   0   0   0  30  51   0   7   2   0   0   0   0   0  10  1.24 0.54
   21 S    -3   0   2  -2  -4  -3  -1  -4  -1  -5  -4   0  -4  -5  -4   5   4  -1  -5  -4    0   6  10   1   0   0   3   0   2   0   1   4   0   0   0  45  29   1   0   0  0.97 0.57
   22 C    -5  -8  -8  -9  12  -8  -9  -8  -8  -6  -6  -8  -6  -7  -8  -6  -6  -7  -7  -6    0   0   0   0 100   0   0   0   0   0   0   0   0   0   0   0   0   0   0   0  4.45 1.32
   23 A     1   2  -1  -1  -3   2   1  -2  -1  -1  -3   2  -2  -4   1   0   3  -3  -3  -2   10  11   1   3   0   8   7   2   1   3   0  17   0   0   6   5  21   0   0   2  0.32 0.25
   24 T     4  -3  -3  -3  -2  -3  -3  -1  -3   0   0  -3  -1   0  -2   1   0  -3   1   2   37   0   0   0   0   0   1   5   0   3   7   1   1   5   1   8   7   0   5  17  0.35 0.27
   25 S    -2  -3   0  -1  -4  -3  -2  -3  -3  -4  -4  -2  -4  -4  -3   6   2  -5  -1  -4    2   1   3   2   0   0   2   1   0   1   1   2   0   0   1  71  11   0   2   1  1.27 0.60
   26 G    -2  -3  -1  -2  -4   3  -1   5  -3  -2  -2   0  -3  -4  -2   2  -1  -4  -4  -3    1   1   2   1   0  16   3  43   0   3   4   5   0   0   1  14   3   0   0   2  0.65 0.35
   27 F    -1  -3   0   0  -4   1  -2   0   2  -1  -1  -2   0   4  -2   2  -2  -2   3  -3    3   0   4   6   0   6   1   8   6   3   5   1   3  21   2  16   1   0  11   0  0.29 0.24
   28 S    -1  -3   1   0  -3  -2  -1  -3   0   1  -2   0  -1  -3   0   3   3  -4  -1   0    2   0   6   5   0   0   2   0   2  11   3   6   1   0   4  22  24   0   2   8  0.30 0.26
   29 F    -2  -2  -1   0  -3  -3  -3  -3   2   1   1  -2   0   4  -1  -1  -1  -2   2   1    2   1   2   5   0   1   1   2   6   9  15   2   2  24   3   5   2   0   8  10  0.30 0.20
   30 T    -1  -3   0  -1  -3  -2  -2   2  -3  -1  -3  -2  -3  -4   0   4   4   1  -3  -2    3   1   3   3   0   1   1  16   0   4   1   1   0   1   4  30  24   2   1   2  0.50 0.34
   31 D    -2  -2   3   2  -3  -2  -2   1   2  -2  -4  -1  -3  -4  -2   4   0  -4  -2  -1    1   2  17   9   0   0   1  10   6   2   1   3   0   0   2  32   6   0   1   4  0.46 0.33
   32 Y    -2  -1   2  -1  -4  -1  -2  -1   1  -2  -2  -2  -2   1  -2   1   1  -2   6  -3    2   3   9   4   0   2   2   4   3   2   3   2   1   5   2  13   9   0  32   1  0.53 0.33
   33 Y     0   1  -1   0  -2  -1  -2   0  -1  -2  -3  -2  -3   0  -1   0   0   5   6  -3    9  10   3   5   1   2   1   7   1   2   2   1   0   3   3   6   5   8  31   1  0.53 0.32
   34 M    -2  -4  -5  -5  -4  -4  -5  -5  -5   3   3  -1   7  -2  -3  -4  -3   4  -2   2    4   0   0   0   0   0   0   0   0  17  25   5  28   1   2   0   0   5   1  11  0.88 0.45
   35 A     1  -2   2  -1  -2   0  -1  -1   5  -4  -3  -2  -3   1  -3   2  -2   1   4  -3   15   2  13   2   1   3   3   4  14   0   2   1   0   7   0  15   1   2  14   0  0.41 0.30
   36 W    -7  -3  -8  -8  -7  -6  -7  -7  -7  -7  -5  -7  -6  -4  -8  -5  -7  13  -3  -7    0   2   0   0   0   0   0   0   0   0   1   0   0   0   0   1   0  94   0   0  4.74 1.42
   37 V    -4  -5  -5  -6   0  -1  -3  -6   0   1  -1  -5  -3   2  -6  -3  -4  -2   7   3    1   0   0   0   2   3   2   0   2   7   6   0   0   8   0   1   0   0  43  25  1.19 0.57
   38 R    -4   6  -3  -4  -6   5  -3  -5  -2  -5  -1   1  -4  -5  -5  -3  -2  -5  -5  -2    0  48   1   0   0  29   0   0   1   0   6   8   0   0   0   1   2   0   0   3  1.33 0.64
   39 Q    -3  -2  -4  -4  -6   8  -1  -2   0  -6  -2  -2  -4  -6  -3  -4  -5  -6  -5  -6    1   1   0   0   0  80   3   3   2   0   5   2   0   0   2   0   0   0   0   0  2.11 0.93
   40 P     2   1   0   0  -4   0  -2  -2   1  -3  -2   4  -1  -2   2   0   0  -4   0  -2   17   8   3   5   0   2   1   1   4   0   4  28   1   1  10   5   5   0   3   2  0.32 0.26
   41 P    -2  -3  -5  -1  -6  -3  -1  -3  -1  -4  -3  -2  -2  -6   8  -1  -2  -6  -6  -4    3   2   0   3   0   1   4   2   2   1   3   2   1   0  69   4   2   0   0   1  1.77 0.71
   42 G    -2  -3   1   0  -6  -4   0   6  -2  -6  -6  -4  -2  -6  -5  -1  -4  -6  -6  -2    3   1   6   6   0   0   5  68   1   0   0   0   1   0   0   4   0   0   0   3  1.36 0.61
   43 K    -3   0   0  -3  -6   5   1   0   2  -6  -4   5  -4  -6  -1  -1  -2  -6  -4  -5    1   4   3   0   0  25   6   8   5   0   1  36   0   0   2   4   2   0   0   0  0.83 0.50
   44 A     2  -1  -2  -2  -3  -1  -1   4  -1  -4  -3  -1  -4  -4   3   1  -1  -5  -2  -3   20   3   1   1   0   3   4  34   1   0   3   3   0   0  13   8   3   0   2   1  0.53 0.32
   45 L    -3  -3  -4  -5  -5  -4  -5  -5  -5   0   4  -3  -2   2   6  -2  -2  -5  -4  -2    1   1   1   0   0   0   0   0   0   4  39   1   0   8  39   2   2   0   0   2  1.14 0.55
   46 E    -4   2  -2  -2  -6   3   5  -5   0  -4  -5   4  -4  -5  -4  -3  -1  -5  -4  -2    0  11   1   1   0  12  41   0   2   1   0  22   0   0   0   0   4   0   0   3  0.96 0.51
   47 W    -3  -1  -5  -3  -4  -4  -3  -1  -1  -2   3  -4  -3   3  -2  -4  -1   9   2  -3    2   3   0   1   0   0   1   4   2   2  27   1   0  10   2   1   5  31   6   1  1.15 0.51
   48 L    -4  -5  -5  -5   0  -3  -3  -6  -5   3   5  -3   3  -1  -5  -4  -3  -1  -4   2    0   0   0   0   2   1   2   0   0  17  54   1   7   2   0   1   0   1   0  10  0.92 0.45
   49 A     1  -4  -3  -4  -1  -2  -4   2   0   4   0  -2   1  -2  -4  -1  -1  -4  -2   0   13   0   0   0   1   2   0  19   2  34  10   2   3   1   0   5   3   0   1   2  0.42 0.30
   50 F    -2   1  -1  -2  -4  -2  -1  -2  -1  -1  -1  -1  -2   0  -3  -1  -1   3   7   0    3   9   2   2   0   1   4   4   1   4   7   4   1   1   1   4   3   3  39   7  0.62 0.35
   51 I    -1  -2  -2  -1  -2  -2   0  -3  -2   4   0  -2   0   1  -2   0   0  -2   2   1    5   2   2   3   0   1   6   2   1  31   5   2   1   6   1   6   6   0   9   9  0.23 0.17
   52 R     0   0   2   0  -1   0   0  -1   0  -1  -2   0  -1   1  -2   0   0   0   3   0    6   7  10   7   1   4   5   4   1   3   3   4   1   5   1   6   6   1  16   8  0.11 0.10
   53 N    -1  -1   2   0  -2  -1  -1  -1   0  -2  -2  -2  -2  -2   2   3   1   3   1  -2    3   3  12   5   0   2   2   5   2   1   4   1   1   1  10  26   7   4   7   3  0.27 0.19
   54 K    -1   0   2   2  -2   1   0   0  -1  -2  -2   1  -2  -1  -1   1   0   1   0  -1    4   4  11  12   1   7   5   5   1   2   3   8   1   4   2  13   7   2   3   4  0.12 0.09
   55 A     0   1   0   1  -2  -1   0   2   0  -2  -1   0  -2  -2  -1   2   0  -2  -2  -1    9  10   4   8   1   1   5  15   3   1   5   5   1   2   3  21   3   1   1   4  0.15 0.11
   56 N     0  -1   1   2  -2   0   1   1   0  -1  -2   0  -2  -2   0   2   0  -2  -1  -1    4   2   7  11   1   5   7   9   2   3   4   5   1   2   4  20   6   0   2   5  0.13 0.10
   57 G     0   0   1   0  -2   0   0   2   0  -1  -1   0  -1   0   0   1   0  -1  -1  -1    5   5   6   5   1   4   3  18   2   2   8   6   1   4   4  11   5   1   2   4  0.08 0.05
   58 Y     0   1   0  -1  -2   0   0   2   1  -1  -2   0  -1  -1   0   0   0   2   2  -1    6   8   4   3   1   5   5  17   3   4   3   6   1   2   4   7   4   3  10   5  0.10 0.08
   59 T     1  -1   1   0  -2   0   0   0  -1  -1  -1   0  -1   0   0   1   2  -2   0  -1   11   3   7   5   1   4   5   7   1   3   4   6   1   5   3  10  16   0   5   4  0.07 0.07
   60 T    -1  -2   0   0  -2   0   0   0  -2   0  -1   0  -1  -1   1   2   3  -3  -1   0    2   1   3   4   0   4   6   6   0   8   5   5   1   2   6  15  24   0   2   6  0.17 0.15
   61 D    -1   1   3   1  -2   0   0  -1   2  -1  -1   0  -2  -1  -2   1   1  -1   2  -2    3   9  16   9   0   2   4   3   5   4   6   5   1   2   1  10   8   1   9   3  0.15 0.13
   62 Y    -3   0  -3  -1  -3   0  -2  -2  -1  -1   1  -1  -1   0  -1  -2  -3   0   7  -2    2   6   1   3   0   5   3   3   0   4  17   3   1   2   4   2   1   1  39   2  0.64 0.33
   63 S     2  -1   2  -2  -2   0   0   1  -1  -2  -1  -2  -1  -3   2   1   0  -3  -1  -1   25   2  10   1   0   3   4  11   1   2   5   1   1   1   8  13   5   0   2   4  0.21 0.17
   64 A    -1  -1  -1   2  -3   2   2   1  -3  -4  -3  -2  -2  -4   3   3   0  -4  -3  -3    4   2   1  11   0   9  15   9   0   1   2   1   1   0  13  24   4   0   0   1  0.41 0.28
   65 S    -1   0  -2  -1  -3  -2   0   4  -2  -3  -3   1  -1  -3  -2   2  -1   1  -3  -1    4   5   1   3   0   1   6  35   1   1   3  11   2   1   2  16   3   2   0   4  0.41 0.26
   66 V    -2  -4  -4  -4  -3  -3  -1  -4   2   2   1  -2  -1   3  -2  -2  -2   1   0   4    3   0   0   0   0   0   4   1   6  13  10   2   0  14   2   3   1   2   2  36  0.48 0.30
   67 K    -3  -1   0  -3  -5   2  -1  -3  -2  -4  -5   4  -2  -2   5   0  -3  -5  -4  -4    1   3   5   0   0   9   2   2   1   1   1  30   1   2  34   8   1   0   0   0  0.96 0.48
   68 G     0  -3  -1   2  -4  -2   0   4  -3  -4  -4   1  -4  -4  -1   2  -2  -4  -4  -2    6   0   2  14   0   0   6  35   0   0   1   8   0   0   3  19   2   0   0   2  0.58 0.34
   69 R    -4   7  -2  -2  -6  -2  -3  -3  -2  -5  -5   3  -4  -5  -5  -2  -4  -3  -5  -5    1  72   1   2   0   1   0   2   1   0   1  14   0   0   0   3   0   0   0   0  1.77 0.71
   70 F    -2  -5  -2  -6  -5  -5  -5  -5  -4   1  -1  -5  -1   7  -6  -2  -1  -3   2   2    4   0   2   0   0   0   0   0   0   8   4   0   1  55   0   3   3   0   5  13  1.27 0.56
   71 T    -1  -1  -3  -2  -4  -3  -1  -4   1  -1  -4  -1  -2  -3  -4   4   5  -5  -4  -3    4   4   0   1   0   0   3   0   3   4   0   3   1   1   0  34  39   0   0   1  0.83 0.50
   72 I     1  -4  -1  -4  -4  -4  -4   4  -4   4   0  -4   0   0  -4  -2  -2  -1  -1   0   13   0   3   0   0   0   0  30   0  26  10   0   2   3   0   1   1   1   2   6  0.52 0.33
   73 S    -2  -4  -1  -2  -4  -2  -2  -4  -2  -4  -3  -2  -4   0  -2   6   3  -5  -4  -1    2   0   1   2   0   2   2   0   1   0   2   2   0   4   1  57  18   0   0   5  0.97 0.58
   74 R    -1   3  -1   0  -3   0   0  -1   1  -1   0   2   0   0   0   0  -1  -2  -2   0    4  24   1   4   0   3   6   3   3   2   8  14   2   4   4   6   2   0   1   7  0.18 0.13
   75 D    -2  -2   1   6   0  -1   0  -1  -1  -2  -1  -1  -2  -3   0   0  -1  -3  -2  -2    2   2   5  44   3   2   4   4   1   3   6   3   1   1   5   6   3   0   1   3  0.55 0.24
   76 N     0  -1   2   0  -4  -2  -2   3  -3  -4  -3   2  -2  -1   1   0   2  -4  -3  -2    8   2  13   4   0   0   1  23   0   0   2  14   0   4   7   5  14   0   0   2  0.34 0.25
   77 S     1  -2  -1   0  -4  -1  -3  -1  -1  -5  -3   0  -4  -5  -2   6   1  -5  -3  -4    8   2   2   4   0   2   1   3   1   0   2   5   0   0   2  58   8   0   1   0  0.87 0.52
   78 Q    -1   1   0   0  -4   0   0   3  -2  -3  -4   3  -2  -4  -2   1   0  -4  -4  -3    3   8   4   5   0   4   5  26   1   2   0  21   1   0   1  12   4   0   0   1  0.42 0.28
   79 S     0   0   4  -2  -4  -2  -1   0  -3  -4  -3  -2  -4  -5  -4   4   3   0  -4  -3    6   6  21   1   0   1   2   6   0   0   2   2   0   0   0  29  20   2   0   2  0.61 0.41
   80 I    -1  -1  -1   3  -4   2  -1  -3   1  -1  -1  -2   1  -2  -2   2   3  -4  -2  -3    5   2   2  20   0   9   2   0   4   5   5   2   4   2   1  13  23   0   1   0  0.35 0.30
   81 L     1  -2  -4  -5  -1  -4  -4  -2  -4  -1   2  -4  -2   6  -1  -1  -2   1   2   0   15   2   0   0   1   0   0   3   0   2  18   0   0  33   3   5   2   2   6   8  0.57 0.35
   82 Y    -2  -2  -2  -3  -4  -1  -3  -4   2   0  -3  -3  -3   2  -4   3   4  -3   5  -2    2   2   1   1   0   2   1   0   5   5   2   0   0   7   0  21  25   0  23   2  0.69 0.45
   83 L    -5  -6  -7  -7  -5  -6  -6  -7  -6   2   6  -6   4  -1  -6  -6  -4  -5  -4  -1    0   0   0   0   0   0   0   0   0  10  77   0   8   2   0   0   0   0   0   2  1.60 0.69
   84 Q    -3   1   1  -1  -1   4   1  -4   1  -2  -3   1  -3  -5  -4  -1   4  -5  -4  -4    1   6   6   2   1  21   8   0   4   3   2   9   0   0   0   4  31   0   0   0  0.61 0.42
   85 M    -5  -5  -6  -6  -5  -5  -6  -7  -6   6   3  -2   6  -2  -6  -5  -4  -1  -4  -1    0   0   0   0   0   0   0   0   0  50  22   3  21   1   0   0   0   1   0   1  1.43 0.63
   86 N    -1   0   3  -1  -2   1  -3  -2   0  -3  -5  -2   1  -5  -2   5   2  -5  -2  -3    3   4  13   2   1   6   0   2   2   1   0   1   4   0   1  43  13   0   1   1  0.67 0.46
   87 T    -1   1   4   1  -3  -3  -2   1  -3  -6  -6  -2  -5  -5   0   4  -1  -6  -2  -5    3   7  22   8   0   0   2  10   0   0   0   1   0   0   4  39   2   0   2   0  0.76 0.48
   88 L     0  -5  -6  -6  -4  -5  -5  -6  -6   1   5  -5   2  -3  -4  -1  -2  -5  -4   3    7   0   0   0   0   0   0   0   0   5  53   0   5   0   0   4   2   0   0  25  0.95 0.49
   89 R    -4   3  -2  -1  -6   5   3  -5   1  -3  -5   2  -4  -6  -3  -2   2  -6  -4  -5    0  13   1   2   0  30  17   0   3   2   0  14   0   0   1   1  15   0   0   0  0.85 0.51
   90 A     2  -4  -3  -3   2  -1  -1  -3  -4  -3  -1  -1  -1  -3   5   2   0  -2  -3  -1   21   0   0   0   4   2   4   1   0   0   5   3   2   1  29  16   7   1   1   5  0.60 0.38
   91 E     0  -2   0   1  -5   0   6  -2   0  -5  -5  -1  -3  -6  -4   1  -1  -6  -5  -2    9   1   4   5   0   2  55   3   2   0   0   2   1   0   0   8   3   0   0   3  0.92 0.52
   92 D    -6  -6  -2   8  -7  -3  -2  -5  -5  -7  -7  -5  -7  -7  -6  -4  -5  -8  -7  -7    0   0   1  93   0   1   1   0   0   0   0   0   0   0   0   0   0   0   0   0  2.69 1.01
   93 S     2  -2  -3  -2  -4  -1   2  -4  -4  -2  -3  -3   0   0  -4   3   4  -5  -4  -2   14   2   0   2   0   1  12   0   0   1   1   0   2   5   0  26  30   0   0   3  0.59 0.43
   94 A     6  -5  -4  -2  -4  -4  -4   4  -5  -5  -5  -4  -5  -6  -5  -1  -2  -6  -5  -4   67   0   0   2   0   0   0  26   0   0   0   0   0   0   0   2   2   0   0   1  1.45 0.69
   95 T    -3  -2  -3   1  -4  -3  -2  -5  -3   1   1  -4   3  -1  -4  -2   3  -5  -2   4    0   2   0  11   0   0   3   0   0   7  11   0   7   3   0   2  24   0   1  30  0.52 0.37
   96 Y    -6  -6  -6  -7  -7  -6  -6  -7  -3  -3  -4  -6  -5   0  -7  -6  -6  -2  10  -5    0   0   0   0   0   0   0   0   0   2   1   0   0   2   0   0   0   0  94   0  3.32 1.13
   97 Y    -5  -1  -6  -6  -6   0  -5  -6   1  -5  -1  -5  -4   5  -6  -5  -3  -2   8  -5    0   3   0   0   0   4   0   0   3   0   5   0   0  20   0   0   2   0  62   0  2.00 0.78
   98 C    -5  -9  -8  -9  12  -8  -9  -8  -8  -6  -6  -8  -6  -7  -8  -6  -6  -7  -8  -6    0   0   0   0 100   0   0   0   0   0   0   0   0   0   0   0   0   0   0   0  4.49 1.33
   99 A     5  -4  -4  -4  -3   4  -1  -1  -3  -4  -2  -3   2  -5  -4  -1  -2  -5  -4   1   51   0   0   0   0  18   4   4   0   0   4   0   5   0   0   2   2   0   0   8  0.79 0.49
  100 R    -1   4  -2  -3  -4   3  -2  -1  -1  -2  -1   0  -1  -4  -4   2   0  -5  -4   1    4  30   0   0   0  16   0   4   1   2   5   4   2   0   0  15   7   0   0  10  0.44 0.33
  101 G    -1  -1  -1   1  -2  -1  -2   1   0  -1  -2  -1  -2   0  -3   2   1   6   2  -1    4   3   1   8   1   1   1  13   2   3   3   4   0   3   0  18   8  12   9   5  0.29 0.21
  102 D    -1   1   1   2  -3  -1   0   2   2  -1  -1  -1  -1  -1  -1   0   0   0   1  -1    5   8   8  15   0   2   4  16   6   5   7   1   1   2   2   5   4   1   6   3  0.11 0.10
  103 Y     0  -1   0  -1  -2  -1   0   1   0  -2  -2  -1  -2   0  -1   3  -1   2   3  -1    5   2   5   3   0   1   8  11   1   1   2   3   0   3   3  26   3   2  14   6  0.21 0.19
  104 Y     0  -1  -1  -2  -3  -1   0   1   0   0  -1  -1  -2   1   2   1   0   1   3  -1    5   2   2   1   0   1   7  10   2   5   7   1   0   5  10  16   6   2  14   4  0.15 0.15
  105 G     0  -3   0   0  -3  -1   0   2  -2  -3  -2  -1  -3  -2   4   1   0  -2   0  -3    7   0   3   5   0   3   5  17   1   0   5   3   0   2  24  13   6   0   4   0  0.39 0.22
  106 A     0   0   1   1  -3  -1  -2  -1  -1  -2   0  -1   0  -2   0   2   0   2   3  -2    6   5   9  10   0   1   0   5   1   2   8   3   3   0   3  19   6   3  12   1  0.14 0.16
  107 W    -1  -1   0   0  -3  -1   0  -2  -2  -1  -1  -1   0   1   0   0   3   3   3  -1    3   2   4   7   0   2   6   2   0   4   4   2   2   4   5   5  21   5  15   4  0.19 0.17
  108 F    -3  -3  -1  -1  -3  -2   1  -2   1  -2  -1  -2   1   6  -1  -2  -1  -2   1   0    1   1   3   3   0   1  11   3   4   1   4   2   5  41   4   3   3   0   3   6  0.53 0.29
  109 A     0   0   1   3  -2   1   0   0  -1  -1  -1   0  -1   1  -1  -1   0  -2   0  -1    7   3   5  23   1   6   4   7   1   4   4   7   1   7   2   2   8   0   2   6  0.12 0.08
  110 Y    -1  -2  -2  -2  -2  -2  -1  -1   1   1  -1   0  -1   0  -2  -1   1  -1   5   2    3   1   2   1   1   1   3   4   3   7   4   7   1   3   1   3  11   0  23  20  0.25 0.16
  111 W    -3  -3  -3  -3  -3  -3  -3  -3  -3  -3  -2  -3  -2   6  -3   0  -3   9   1  -3    2   1   1   1   0   1   1   2   1   1   2   1   1  40   1  10   1  28   2   1  1.41 0.42
  112 G    -2  -6  -4  -5  -6  -5  -5   7  -5  -7  -7  -5  -6  -7  -6  -1  -5  -6  -6  -7    2   0   0   0   0   0   0  94   0   0   0   0   0   0   0   4   0   0   0   0  2.29 0.75
  113 Q     1  -2  -2  -2  -4   3   1   3  -3  -4  -4   1  -3  -5   1   1   1  -5  -4  -4   13   0   0   1   0  17   7  23   0   0   0   7   0   0   8  12  10   0   0   0  0.47 0.30
  114 G    -3  -6  -4  -5  -6  -5  -6   7  -6  -7  -7  -5  -6  -7  -6  -4  -5  -6  -7  -4    0   0   0   0   0   0   0  99   0   0   0   0   0   0   0   0   0   0   0   1  2.51 0.80
  115 T    -4  -5  -4  -5  -5  -4  -5  -5  -5  -4  -5  -4  -4  -6  -5  -1   8  -6  -5  -4    0   0   0   0   0   0   0   0   0   0   0   0   0   0   0   3  97   0   0   0  2.37 0.85
  116 L    -3   3  -2  -2  -4   0   2  -4  -1  -3   0   4   1  -3  -3   0   2  -4  -3  -3    0  19   0   0   0   2  12   0   1   1  13  27   3   1   1   4  15   0   0   0  0.46 0.30
  117 V    -4  -5  -6  -6  -4  -5  -6  -6  -6  -1   5  -5  -1  -3  -6  -5  -3  -5  -4   5    0   0   0   0   0   0   0   0   0   0  62   0   0   0   0   0   0   0   0  38  1.35 0.54
  118 T    -2  -3  -3  -3  -3  -2  -2  -4  -2   0  -1  -2  -2  -4  -4   2   6  -4   0   1    0   0   0   0   0   1   2   0   1   4   5   2   0   0   0  14  54   0   4  13  0.77 0.42
  119 V    -3  -6  -6  -6  -4  -5  -6  -6  -6   2  -2  -5  -2  -2  -5  -5  -3  -6  -4   7    0   0   0   0   0   0   0   0   0   6   0   0   0   1   0   0   0   0   0  93  1.86 0.65
  120 S     0  -2  -1  -2  -2  -2  -2  -2  -3  -3  -4  -2  -3  -4  -2   6   3  -4  -3  -3    0   0   0   0   0   0   0   0   0   0   0   0   0   0   0  76  24   0   0   0  0.99 0.29
  121 A     3  -2  -1  -2  -2  -1  -1  -1  -2  -3  -3  -1  -3  -4  -2   5   0  -4  -3  -2   23   0   0   0   0   0   0   0   0   0   0   0   0   0   0  77   0   0   0   0  0.83 0.23

                      K         Lambda
Standard Ungapped    0.1331     0.3187
Standard Gapped      0.0514     0.2670
PSI Ungapped         0.1680     0.3176
PSI Gapped           0.0514     0.2670
