
Last position-specific scoring matrix computed, weighted observed percentages rounded down, information per position, and relative weight of gapless real matches to pseudocounts
            A   R   N   D   C   Q   E   G   H   I   L   K   M   F   P   S   T   W   Y   V   A   R   N   D   C   Q   E   G   H   I   L   K   M   F   P   S   T   W   Y   V
    1 E    -4  -3  -2   5  -6   6   4  -4  -3  -6  -6  -2  -4  -6  -4  -3  -4  -6  -5  -5    0   0   0  34   0  36  29   0   0   0   0   0   0   0   0   0   0   0   0   0  1.42 0.56
    2 I     1  -4  -4  -4  -3  -2  -4  -4  -4   3   1  -4   1  -3  -1  -1   0  -4  -3   4   14   0   0   0   0   1   0   0   0  22  12   0   4   0   3   3   7   0   0  33  0.52 0.30
    3 V    -2  -2  -4  -4  -5   6  -2  -2  -3  -2  -3   1  -3  -5  -5  -4  -1   0  -4   4    3   1   0   0   0  40   1   2   0   1   1   9   0   0   0   0   3   1   0  37  1.03 0.58
    4 M    -3  -5  -6  -6  -4  -1  -5  -6  -6   1   4  -5   5   0  -6  -4  -2  -3  -4   4    1   0   0   0   0   3   0   0   0   7  44   0  14   3   0   1   2   0   0  25  1.01 0.51
    5 T    -3  -3  -4  -5  -5   2  -1  -5  -2   1  -1  -2  -4  -5  -5  -1   6  -1  -5   2    1   1   0   0   0  10   3   0   1   7   5   2   0   0   0   3  52   1   0  14  0.99 0.59
    6 Q    -5  -3  -5  -3  -8   8   3  -7  -3  -4  -5  -1  -1  -7  -6  -5  -4  -7  -3  -3    0   1   0   1   0  71  18   0   0   1   1   2   1   0   0   0   1   0   1   2  2.08 0.98
    7 S    -1  -4   0  -3  -4   0  -1   0   0  -4  -2  -3  -2  -3   2   5   3  -3  -4  -3    3   0   3   1   0   5   4   6   2   0   4   0   1   1   8  42  17   0   0   2  0.64 0.45
    8 P    -4  -5  -5  -1  -7  -1   0   2  -4  -5  -5   0  -6  -7   7  -2  -2  -7  -7  -5    1   0   0   3   0   3   7  18   0   1   1   5   0   0  57   2   2   0   0   0  1.58 0.76
    9 A     1   3  -2  -3  -4   0  -1   2  -1  -3  -2   1  -1  -3   3   2  -1  -5  -4  -2   14  15   1   1   0   3   4  14   1   1   4   8   1   1  12  16   3   0   0   2  0.33 0.28
   10 T     0  -2   0   1  -2  -2   1   1   1  -3  -2  -1  -3   0  -2   4   0   0   1  -1    5   2   5   6   1   1   8   9   3   1   4   2   0   5   2  32   5   1   5   4  0.26 0.28
   11 L    -2  -2  -3  -4  -4  -1  -2  -5  -2   1   4  -2   1  -2  -5  -3  -2  -5  -3   5    2   2   1   1   0   2   3   1   1   5  34   3   3   1   0   1   2   0   1  37  0.71 0.43
   12 S     0  -1  -1  -1  -3  -1   0  -3  -3   1   0  -1  -1  -3  -1   3   2  -4  -2   0    6   4   2   3   0   2   5   1   0   7  11   4   1   1   2  26  15   0   1   8  0.22 0.22
   13 V     2   0  -4  -5  -4  -3  -3   0  -5  -1  -1  -1  -2  -3  -2  -2  -1  -2  -3   5   20   4   0   0   0   1   1   8   0   2   5   3   0   1   1   2   4   1   1  44  0.63 0.43
   14 S     1   0  -1  -2  -4   2   0  -2  -3  -3  -3   3  -3  -3   2   2   1  -2  -4  -1   10   4   2   1   0  11   6   2   0   1   2  21   0   1   9  17   9   0   0   4  0.37 0.32
   15 P    -1  -1  -4  -4  -5  -1   3  -5  -5  -3   1  -1  -1  -5   5  -3   1  -6  -5   1    5   4   0   0   0   2  19   1   0   1  15   4   2   0  31   1   8   0   0   9  0.70 0.46
   16 G    -4  -5   0  -3  -7  -4  -5   7  -3  -8  -7  -4  -4  -7  -6   0  -3  -7  -7  -7    0   1   4   2   0   1   0  81   1   0   0   1   0   0   0   6   1   0   0   0  2.03 0.87
   17 E     1  -1  -1   2  -5   4   3   2   0  -5  -4   0  -3  -4  -4   0  -1  -6  -5  -4   10   3   2  13   0  21  17  17   2   0   1   4   1   1   0   6   3   0   0   0  0.56 0.40
   18 R    -2   2   0  -2  -5  -1  -2  -5  -4  -3  -3   0   0  -6   0   4   4  -6  -5  -4    2  11   4   2   0   2   2   0   0   1   2   5   2   0   5  37  24   0   0   0  0.76 0.54
   19 A     3  -5  -6  -7  -5  -6  -6  -6  -3   1   2  -6  -2  -3  -6  -4  -3  -6  -5   6   24   0   0   0   0   0   0   0   1   6  16   0   1   1   0   1   1   0   0  50  1.19 0.64
   20 T    -3   2   1  -3  -5   0   1  -5  -4  -1  -2   3  -1  -3  -4   2   4  -6  -5  -2    1  10   6   1   0   4  10   0   0   3   3  15   2   1   0  12  29   0   0   2  0.53 0.42
   21 L    -5  -6  -7  -8  -5  -6  -7  -8  -7   4   5  -3   4   1  -7  -6  -5  -6  -5   0    0   0   0   0   0   0   0   0   0  22  58   2   8   5   0   0   0   0   0   5  1.41 0.67
   22 S    -2   0   1  -2  -5   0  -2  -5   0  -3  -5  -1  -5  -6  -1   4   5  -2  -5  -2    1   5   7   1   0   5   2   0   3   1   1   3   0   0   3  34  30   1   0   2  0.81 0.56
   23 C    -7 -10  -9 -10  12  -9 -10  -9  -9  -7  -4  -9  -7  -9  -9  -7  -7  -9  -9  -7    0   0   0   0  98   0   0   0   0   0   2   0   0   0   0   0   0   0   0   0  4.68 1.59
   24 R     0   2  -1  -1  -4   2   1  -2   0  -1  -3   2  -2  -3  -4   1   3  -3  -1  -2    9  12   3   2   0   8   9   3   2   3   1  13   0   1   0  11  17   0   2   3  0.28 0.26
   25 A     4  -5  -3  -4   0  -1  -4  -1  -4  -1  -1  -4  -2   0  -1   0  -1  -4   3   2   35   0   1   1   2   3   0   5   0   2   6   0   1   4   3   5   4   0  11  17  0.49 0.39
   26 S    -2  -2  -1   0  -4  -1  -1  -4  -4  -2  -2   0  -2  -6  -3   6   1  -6  -4  -4    1   2   3   4   0   3   4   0   0   3   4   5   1   0   1  59   8   0   1   1  0.98 0.62
   27 Q    -2  -2   1  -3  -5   3  -1   4  -2  -1  -3  -1  -1  -5  -5   2   1  -5  -4  -2    2   1   8   1   0  16   3  34   1   4   2   3   1   0   0  14   8   0   1   2  0.59 0.42
   28 S    -2  -2   1   1  -2  -2  -2   0   2  -3  -2  -2  -4   4  -2   4   1  -4   2  -4    2   2   5   8   1   1   1   6   4   1   4   2   0  16   2  30   8   0   7   0  0.43 0.36
   29 I    -1  -1  -1  -2  -3  -2  -3   0  -2   1   0  -1  -1  -3   2   1   3  -1   0   1    4   4   2   2   0   1   1   7   1  10   9   3   1   1  11   9  22   1   3   9  0.21 0.22
   30 G     0  -3   0  -1  -2  -2  -1   1   3  -2  -3  -2  -2   3   1   3   0  -1   1  -2    6   0   4   3   1   1   4  11   6   2   2   1   1  14   7  24   5   1   5   2  0.30 0.29
   31 N    -2  -4   2  -1  -4  -1  -2  -1   1  -2  -3  -2  -4  -2   3   2   3  -4   3  -2    1   0   9   4   0   3   2   4   3   2   3   2   0   1  16  16  18   0  12   3  0.45 0.37
   32 N    -1   1   2   0  -5   0  -3   0   0  -3  -5  -2  -4   0  -4   2   0   3   5  -3    4   6  11   4   0   4   0   8   2   1   0   2   0   4   1  16   6   3  24   1  0.51 0.39
   33 L    -1  -5  -6  -6   1  -5  -5  -5  -5   3   3  -2   6   1  -4  -3  -4   2  -3   3    4   0   0   0   3   0   0   0   0  17  25   2  19   6   1   1   0   2   1  18  0.80 0.45
   34 H     0  -1   2  -2  -3   0   0  -1   5  -4  -2  -1  -2   1  -4   2   0   1   3  -3    8   3  10   2   0   3   5   3  13   0   3   3   1   6   0  17   6   2  12   1  0.35 0.30
   35 W    -8  -8  -9  -9  -8  -8  -8  -8  -8  -8  -5  -8  -7  -5  -9  -8  -8  13  -4  -8    0   0   0   0   0   0   0   0   0   0   1   0   0   0   0   0   0  97   0   0  5.23 1.80
   36 Y    -3  -2  -4  -4   0  -3  -3  -5  -2   1   0  -2  -3   4  -3  -3  -2  -1   7   3    1   2   0   1   2   1   1   1   1   6   8   3   0  15   1   2   2   1  33  17  0.88 0.47
   37 Q    -4   6  -2  -3  -5   5  -3  -4  -2  -4  -1   1  -4  -1  -4  -2  -1  -5  -3  -1    1  38   2   1   0  25   1   1   1   1   6   9   0   3   1   2   3   0   1   4  0.99 0.55
   38 Q    -3  -1  -3  -2  -2   8  -1  -4   1  -5  -4   0  -1  -3  -2  -3  -3  -4  -4  -4    2   3   1   2   1  65   3   1   3   1   2   5   2   1   2   1   2   0   0   1  1.61 0.77
   39 K     1   1  -1   0  -4  -1  -1   0   1  -2  -2   4  -2  -2   1   0  -1  -4   0  -2   12   8   2   7   0   2   2   6   4   3   3  30   1   2   7   5   4   0   3   2  0.30 0.24
   40 P    -1  -3  -1  -1  -4  -1  -2  -3   0  -3  -1  -2  -1  -4   7   0  -1  -5  -4  -2    5   1   3   4   0   2   3   2   2   1   7   3   1   1  50   7   4   0   0   2  1.08 0.53
   41 G    -1  -3   1   0  -2  -2  -1   6   0  -6  -6  -4  -3  -5  -5  -1  -3  -5  -5  -4    5   1   5   4   1   2   4  65   2   0   1   0   1   0   0   5   1   0   0   1  1.33 0.62
   42 Q    -1   1   0  -1  -5   4   1  -1   1  -5  -4   4  -4  -5  -1   0  -1  -5  -2  -4    6   8   4   3   0  22   6   5   3   0   1  26   0   0   2   5   3   0   1   1  0.56 0.40
   43 A     2  -1  -2  -1  -3   1  -1   4  -2  -3  -2  -1  -2  -4   3   0   0  -4  -2  -3   15   3   2   3   0   7   3  28   1   1   4   3   1   0  14   7   5   0   1   2  0.41 0.30
   44 P    -3  -4  -3  -2  -1  -3  -4  -2  -5   0   3  -4  -1   0   6  -3  -2  -5  -4   0    1   1   1   3   1   1   1   4   0   4  31   0   1   4  36   1   2   0   0   5  0.90 0.49
   45 R    -3   2  -2  -2  -5   3   4  -3  -3  -3  -3   3  -4  -5  -3   0   0  -5  -2  -1    1  12   1   1   0  13  29   2   0   1   2  18   0   0   1   5   5   0   1   4  0.62 0.41
   46 L    -3  -1  -3  -3  -3  -3  -2  -2  -1  -1   3  -2  -3   3  -2  -4  -1   8   0  -3    2   3   1   2   1   1   3   3   2   2  31   3   0  11   3   1   3  22   3   1  0.85 0.45
   47 L    -3  -4  -5  -5  -4  -4  -4  -5  -5   3   5  -5   2  -2  -4  -4  -3   0  -4   2    2   1   0   1   0   0   1   1   0  15  54   1   5   1   1   1   1   2   0  13  0.99 0.48
   48 I     1  -4  -3  -3   0  -3  -3   1   0   5   0  -3   1   0  -2  -2  -1  -4  -1   0   10   1   1   1   2   1   1  13   3  36   9   1   3   3   2   3   4   0   2   5  0.42 0.28
   49 Y    -3   0  -2  -3  -1  -1  -1  -2  -1   0  -1   0  -3   0  -3   0  -2   3   7  -2    2   5   2   1   1   2   3   3   1   6   6   7   0   3   1   8   3   3  40   2  0.75 0.43
   50 Y    -1   0  -1  -1  -2  -1   0   1  -1   2  -1  -1  -1   1  -2   1  -1   2   4  -1    3   6   2   3   1   2   5  10   1  13   5   4   1   5   1  11   2   3  18   3  0.19 0.19
   51 A     1   0   3   1  -3  -1  -1  -1  -2  -2  -3  -1  -2  -1   0   1   2  -2   1  -2   15   5  15  10   0   2   3   3   1   2   2   3   1   2   5  11  12   0   5   2  0.22 0.21
   52 S    -1  -3   2   0  -2   0  -2   0  -3  -4  -3  -1  -3  -2   0   5   2  -2   0  -3    4   1  10   5   1   3   1   6   0   1   3   3   0   2   5  39  10   0   4   2  0.52 0.40
   53 Q    -2   0   3   2  -4   1   0   0  -1  -2  -3   1  -2  -3   0   1   1  -4   0  -4    2   6  18  13   0   5   6   7   1   3   1   7   1   1   4  11   9   0   4   0  0.29 0.25
   54 S    -2   2  -1  -1  -4   0   0   1  -2  -2   2   0  -1  -2  -1   1  -1   0   1  -2    2  15   2   3   0   3   5  13   1   1  22   6   1   1   3  10   4   1   7   2  0.16 0.20
   55 I     2  -1   0   1  -3   1   1   1   1   0  -2  -1  -3  -2   1   0   0  -4   0  -1   17   2   4   8   0   6  12  10   4   6   3   3   0   2   6   8   4   0   3   4  0.13 0.16
   56 S     0  -1   1   1  -4   0   0   0  -3  -3  -3   1  -4  -4   2   3   1   0  -2  -4    6   3   5   8   0   3   6   7   0   2   2   7   0   1   9  29  10   1   1   0  0.36 0.32
   57 G    -1   0   1   0  -4  -2   0   5   2  -4  -3  -2  -1  -4  -2   1   0   1  -3  -4    5   5   6   5   0   1   5  39   5   1   2   2   2   0   2  10   5   2   1   1  0.53 0.34
   58 I    -1  -2  -3  -4  -4  -2   0  -4  -3   2   0  -2  -1   2  -3  -3  -1  -1   3   4    4   2   1   0   0   1   6   1   0  13   8   2   1   8   1   2   3   1  12  33  0.48 0.32
   59 P    -1  -1   1   1  -5  -1   1  -3   0  -4  -4   3  -4  -4   5   1  -2  -6  -5  -5    5   3   6   7   0   2   7   2   2   1   1  16   0   1  32  13   2   0   0   0  0.72 0.44
   60 A     0  -1  -1   3  -2   1   1   2  -2  -5  -4   1  -4  -5   0   3  -2  -2  -4  -3    6   4   2  17   1   5   9  16   1   0   1   7   0   0   5  23   1   1   0   2  0.41 0.32
   61 R    -4   8  -4  -5  -6  -2  -3  -2  -2  -4  -3   2  -5  -6  -6  -3  -2  -6  -5  -3    1  68   1   0   0   1   2   4   1   1   3  11   0   0   0   2   2   0   0   2  1.73 0.81
   62 F    -3  -4  -5  -6  -5  -5  -4  -6  -2   2   0  -2  -2   7  -3  -3  -2  -3   1   1    2   1   0   0   0   0   1   0   1  11   7   2   1  52   1   3   2   0   4  10  1.28 0.60
   63 S    -2  -1  -1  -2  -4   0  -1  -3  -2  -2  -4   1  -2  -5  -2   4   4  -5  -5  -2    2   3   3   2   0   5   4   2   1   2   1   9   1   0   2  37  24   0   0   2  0.69 0.49
   64 G     1  -3  -1  -1  -4  -2  -2   4  -4   3  -1  -3  -2  -1  -3  -3  -3  -1  -4   2   12   1   3   3   0   2   3  35   0  16   5   1   1   3   1   1   1   1   0  13  0.51 0.35
   65 S    -2   0   0   1  -1   0  -2  -3  -2  -4  -3   0  -2  -1  -3   5   0   3  -4  -3    2   5   4   7   1   4   2   1   1   1   3   6   1   3   1  48   6   4   0   1  0.69 0.50
   66 G    -2   4   0   0  -5   0  -1   2  -2  -4  -3   3  -1  -3   1   0   0  -5  -2  -2    2  21   5   5   0   3   2  17   1   0   2  16   2   1   7   6   5   0   1   3  0.37 0.29
   67 S    -2  -2   2   4  -5  -1  -1  -4  -2  -2  -3  -2  -3  -5   0   4   1  -6  -2  -5    2   2   8  21   0   3   4   1   1   2   3   1   1   0   5  37   8   0   1   0  0.68 0.48
   68 G     0  -2   3   1  -5  -1  -2   5  -4  -4  -4  -1  -1  -5  -2   1   0  -5  -5  -4    8   2  16   7   0   3   3  38   0   1   2   3   1   0   2   9   5   0   0   1  0.65 0.41
   69 T     0   0   2  -1  -1  -1  -2   0  -2  -1  -3  -2  -1  -5  -2   4   3  -5  -4  -2    7   5   9   3   1   3   1   6   1   3   2   2   2   0   1  28  22   0   0   2  0.43 0.36
   70 E    -2   1   1   3  -4   1   0  -3   1  -3  -1   3  -2  -3  -2   0   2  -4  -2  -2    2   6   5  16   0   5   5   1   3   1   5  16   0   1   1   8  16   0   1   2  0.29 0.25
   71 F     2  -2   1  -3  -2  -4  -4  -3  -2  -1  -1  -4  -3   6  -4  -1  -3  -3   3  -1   16   2   8   2   1   0   0   2   1   3   6   0   0  38   1   5   1   0   8   5  0.78 0.45
   72 T    -1  -4  -2  -3  -4  -1  -3  -2   2  -2  -3  -3  -4   0  -2   4   4  -4   3  -2    4   0   1   1   0   2   1   2   6   3   2   1   0   4   2  28  30   0  11   3  0.68 0.48
   73 L    -5  -6  -7  -4  -5  -6  -6  -7  -6   2   6  -6   4  -2  -6  -6  -3  -6  -5  -2    0   0   0   1   0   0   0   0   0   8  76   0   8   1   0   0   1   0   0   2  1.68 0.78
   74 T    -3   1   1  -2  -2   3   0  -4   1   1  -3   1  -4  -5  -4  -1   5  -5  -4  -2    1   6   6   1   1  13   6   1   3   7   3   8   0   0   0   3  36   0   0   3  0.63 0.46
   75 I    -5  -6  -6  -6  -5  -6  -4  -7  -6   7   3  -3   5  -1  -6  -6  -5  -1  -5   0    0   0   0   0   0   0   1   0   0  52  23   2  12   3   0   0   0   1   0   3  1.45 0.68
   76 S    -2   0   2  -1  -3   2   0  -3   0  -4  -4   0  -1  -6  -1   5   1  -6  -5  -3    2   4  11   2   0  10   5   1   2   1   2   5   2   0   3  39   8   0   0   1  0.61 0.48
   77 S    -1   2   4   2  -4  -3  -2   1  -1  -6  -5   0  -5  -6  -1   4  -2  -6  -3  -6    3  11  16   9   0   1   2   9   1   0   1   4   0   0   3  36   1   0   1   0  0.70 0.50
   78 L     0  -6  -6  -7  -2  -6  -6  -6  -6   1   4  -6   2   0  -5  -2  -2  -6  -5   4    8   0   0   0   1   0   0   0   0   6  44   0   4   3   0   3   2   0   0  29  0.97 0.54
   79 Q    -3   3  -2  -1  -6   5   2  -3   0  -4  -5   2  -5  -6  -4   0   3  -6  -5  -5    2  17   1   3   0  24  14   1   2   1   1  10   0   0   0   5  17   0   0   0  0.78 0.54
   80 S     2   0  -4  -4   1  -1  -1  -4  -4  -1   0   0   0  -1   4   1   0  -2  -2   0   16   5   0   0   3   2   3   0   0   3   8   5   3   2  21  12   6   0   1   7  0.34 0.29
   81 E     1  -3   1   1  -6   0   6  -2  -2  -6  -6   0  -4  -7  -3   1  -4  -7  -6  -3   10   1   6   5   0   3  51   3   1   0   0   5   0   0   1   9   1   0   0   2  0.99 0.62
   82 D    -7  -7   0   8  -9  -3  -2  -7  -6  -8  -9  -6  -8  -9  -7  -6  -6  -9  -8  -8    0   0   3  92   0   1   1   0   0   0   0   0   0   0   0   0   0   0   0   0  2.93 1.23
   83 F     2  -4  -1  -2  -5   0   2  -4  -4  -3  -4  -4   0   0  -4   3   4  -6  -5  -1   14   0   2   2   0   3  16   1   0   1   1   0   2   4   0  24  26   0   0   3  0.64 0.49
   84 A     5  -4  -4  -2  -5  -3  -3   5  -3  -6  -6  -5  -6  -7  -6  -2  -3  -7  -6  -5   50   1   1   2   0   1   1  40   1   0   0   0   0   0   0   3   1   0   0   0  1.45 0.76
   85 V    -3  -3  -3   1  -4  -4   0  -5  -3   1  -1  -3   2  -2  -2   0   4  -5   1   3    0   1   0   9   0   0   6   0   0   9   5   1   5   1   2   6  28   0   5  22  0.53 0.42
   86 Y    -7  -7  -7  -8  -8  -7  -7  -8  -4  -7  -4  -7  -6  -1  -8  -7  -7  -3  10  -7    0   0   0   0   0   0   0   0   0   0   2   0   0   2   0   0   0   0  95   0  3.67 1.39
   87 Y    -5  -4  -4  -6  -6  -3  -2  -6   0   1  -1  -3  -1   4  -6  -3  -1   0   8   0    1   1   1   0   0   1   3   0   2   7   6   1   1  17   0   2   5   1  44   6  1.26 0.63
   88 C    -7 -10  -9 -10  12  -9 -10  -9  -9  -7  -8  -9  -8  -9  -9  -7  -7  -9  -9  -7    0   0   0   0 100   0   0   0   0   0   0   0   0   0   0   0   0   0   0   0  4.82 1.63
   89 Q     4   0  -2  -3  -3   3   1   0  -1  -3  -2  -2   2  -5  -4   0  -1  -5  -2  -1   34   4   1   1   0  15   9   8   2   1   4   1   7   0   0   5   3   0   1   3  0.45 0.38
   90 Q     0   4  -3  -3  -1   3  -2  -2  -2   0  -1   0  -2  -4  -4   0  -1  -5  -2   3    7  20   0   1   2  13   1   3   1   4   5   4   1   0   0   9   3   0   1  24  0.39 0.34
   91 S    -1  -1   0   0  -4  -1   0   1   1  -2  -2  -1  -3  -1  -3   3   0   4   3  -1    3   4   3   5   0   2   6  12   4   2   3   2   0   3   0  25   6   7  10   5  0.29 0.27
   92 N    -1  -1   4   3  -4  -2  -1   0   1  -1  -2  -2  -3  -1  -2   1   1  -1   2  -2    5   3  19  14   0   1   2   8   4   3   3   1   0   2   2  13   9   1   7   2  0.29 0.27
   93 S     0  -1   2   0  -1  -1   0   0   0  -3  -3  -1  -2  -2   1   3   1  -4   1  -2    8   3   9   5   1   2   7   7   2   1   1   3   1   1   7  24   8   0   6   1  0.23 0.22
   94 W    -1  -2   2   0  -3  -2   0   0   0  -2  -1  -2  -1   1   2   2  -1   2   3  -2    3   1  10   4   0   1   7   8   2   2   6   2   2   7   9  16   4   3  11   3  0.18 0.19
   95 P    -1   0   0   1  -4   0   1   1   1  -2  -2   0  -1   0   4  -1  -1  -3   0  -1    4   4   4   7   0   4   9  11   3   2   3   4   2   4  23   2   4   0   4   5  0.29 0.20
   96 Y    -1   0   0   1  -3   0  -2  -1  -2  -1   1  -1   2   2  -1  -2  -1   2   3   1    3   5   6   8   0   5   1   4   0   3  16   3   5   8   3   2   2   3  14  10  0.14 0.15
   97 T    -2  -4  -1  -2  -4  -2  -1  -2  -1  -1  -1  -3  -2  -1  -4  -1   4  -3   5   2    2   0   3   2   0   1   4   3   1   3   5   1   0   2   0   4  30   0  23  15  0.61 0.41
   98 F    -6  -6  -6  -4  -6  -2  -6  -6  -1  -5  -3  -6  -4   8  -7  -1  -1   8   2  -5    0   0   0   1   0   2   0   0   1   0   2   0   0  60   0   5   4  17   6   0  2.05 0.82
   99 G    -2  -3  -2  -3  -6  -5  -3   7  -6  -7  -7  -5  -6  -7  -6  -1  -3  -6  -6  -6    2   1   2   1   0   0   2  85   0   0   0   0   0   0   0   4   2   0   0   0  2.04 0.79
  100 G     0  -1  -1  -1   0   3   0   3  -3  -4  -4   1  -3  -5   2   1   1  -4  -4  -3    6   2   2   2   3  15   6  20   0   0   0  10   0   0   9  13  10   0   0   2  0.38 0.28
  101 G     0   0  -4  -5  -6  -5  -5   7  -5  -6  -6  -5  -6  -6  -5  -4  -5  -6  -6  -3    6   5   0   0   0   0   0  84   0   0   0   0   0   0   0   0   0   0   0   2  2.03 0.77
  102 T    -4  -5  -2  -5  -5  -5  -5  -6  -6  -2  -5  -5  -5  -6  -5  -1   8  -7  -6  -4    0   0   1   0   0   0   0   0   0   2   0   0   0   0   0   4  92   0   0   0  2.38 0.97
  103 K    -2   3  -1  -2  -5   1   2  -4  -1  -3   0   3   0  -1  -3  -1   2  -5  -4  -3    1  15   2   0   0   6  16   0   1   0  12  22   2   3   0   2  16   0   0   0  0.44 0.32
  104 V    -2  -6  -7  -7  -4  -6  -6  -7  -6  -1   5  -6  -2  -3  -6  -5  -4  -6  -5   5    2   0   0   0   0   0   0   0   0   0  61   0   0   0   0   0   0   0   0  37  1.46 0.63
  105 E    -3  -2  -3  -3  -4  -2   3  -5  -2  -1  -1   0  -3  -2  -4   0   5  -5   0   1    0   1   0   0   0   1  20   0   1   2   5   5   0   1   0   8  39   0   4  12  0.63 0.43
  106 I    -4  -6  -7  -7  -5  -6  -6  -7  -7   3  -1  -6  -3  -4  -6  -6  -4  -7  -5   7    0   0   0   0   0   0   0   0   0  14   4   0   0   0   0   0   0   0   0  83  1.94 0.74
  107 K    -3   4  -2  -2  -5   0   2  -4  -2  -5  -4   6  -3  -5  -3  -2  -3  -5  -4  -4    0  23   0   0   0   0  10   0   0   0   0  67   0   0   0   0   0   0   0   0  1.21 0.38

                      K         Lambda
Standard Ungapped    0.1279     0.3134
Standard Gapped      0.0538     0.2670
PSI Ungapped         0.1757     0.3176
PSI Gapped           0.0538     0.2670
