
Last position-specific scoring matrix computed, weighted observed percentages rounded down, information per position, and relative weight of gapless real matches to pseudocounts
            A   R   N   D   C   Q   E   G   H   I   L   K   M   F   P   S   T   W   Y   V   A   R   N   D   C   Q   E   G   H   I   L   K   M   F   P   S   T   W   Y   V
    1 F    -3  -4  -4  -5  -3  -4  -4  -5  -3  -1   1  -4  -1   8  -5  -4  -3   0   2  -2    0   0   0   0   0   0   0   0   0   0  13   0   0  87   0   0   0   0   0   0  1.36 0.25
    2 V    -2  -2   3   5   0  -1   2  -2  -2   0  -3  -1  -2  -3  -2   0  -1  -4  -3   0    0   0  21  39   2   0  14   0   0   9   0   0   0   0   0   6   2   0   0   7  0.48 0.14
    3 P    -1  -3  -3  -3  -4   0  -2  -3  -3  -4  -4  -2  -4  -5   8   0  -2  -5  -4  -4    4   0   0   0   0   5   0   0   0   0   0   0   0   0  83   9   0   0   0   0  2.00 0.31
    4 G     3  -3  -2   1  -2  -2  -2   4  -3  -2  -1  -2  -2   0  -3   0  -1  -3  -3  -2   41   0   0   9   0   0   0  31   0   0   8   0   0   4   0   2   3   0   0   1  0.44 0.19
    5 Q    -1   1  -1  -1  -4   5   3  -3  -2  -3  -3   0   1  -4  -3   1   1  -4  -3  -1    3   8   0   0   0  34  24   0   0   0   0   1   5   0   0  11  10   0   0   4  0.56 0.25
    6 S     0  -1  -2  -1  -3  -2  -1  -2  -3  -2   1  -2  -2  -2  -3   4   1   4  -3  -1    6   3   0   3   0   0   4   0   0   0  15   0   0   1   0  53   7   6   0   4  0.48 0.28
    7 Q     0   3   1   2   0   1   2   0  -2  -4  -2   1  -3  -4  -3   2   0  -4  -3  -3    5  18   7  16   3   7  12   5   0   0   3   5   0   0   0  16   4   0   0   0  0.32 0.18
    8 R    -3   6  -3  -4  -5  -2  -1   5  -3  -5  -3   0  -4  -5  -4  -3  -4   1  -4  -5    0  47   0   0   0   0   3  43   0   0   2   3   0   0   0   0   0   2   0   0  1.18 0.44
    9 T    -1   2   0  -2   1   1   0  -2   0  -2  -3   0  -2  -4  -3   1   3  -4  -3   1    4  16   4   0   3   5   7   2   3   0   0   4   0   0   0  10  28   0   0  15  0.32 0.24
   10 F    -2  -5  -5  -6  -4  -5  -5  -5  -4   2   3  -5  -1   6  -5  -4  -3  -3  -1   3    3   0   0   0   0   0   0   0   0  10  26   0   0  38   0   0   0   0   0  22  0.95 0.39
   11 V    -3   6   2  -3  -5  -2  -1  -4   3   1  -4  -1  -3  -4  -4  -2   2  -5  -1   0    0  46   9   0   0   0   3   0   7   8   0   2   0   0   0   2  14   0   2   7  0.78 0.40
   12 F    -4  -6  -6  -6  -4  -5  -6  -6  -6   7   2  -5   2   0  -6  -5  -3  -5  -4   2    0   0   0   0   0   0   0   0   0  62  18   0   5   3   0   0   0   0   0  12  1.34 0.51
   13 A     4  -3  -3  -4   1  -4  -4   5  -4   1  -4  -4  -4  -4  -4   0  -3  -5  -2  -1   35   1   0   0   3   0   0  42   0  10   0   0   0   0   0   5   0   0   1   3  0.88 0.42
   14 A     3  -4  -4  -4   2  -3  -4  -2  -4   0   2  -3   3   2  -4  -1   1  -3  -2   1   30   0   0   0   5   0   0   2   0   5  19   0   8  12   0   2   9   0   0   8  0.40 0.27
   15 T     0  -3  -2  -3   2  -2   0  -1  -3   1   0  -3  -2  -2   2   3   2  -4  -3   0    5   0   0   0   4   0   5   4   0   8   8   0   0   1   9  33  15   0   0   8  0.36 0.28
   16 D    -2  -3  -1   5   0   3  -1  -1   2  -5  -5  -3  -4  -5   4   2  -1  -6  -4  -5    2   0   1  32   2  13   2   4   6   0   0   0   0   0  19  16   3   0   0   0  0.77 0.39
   17 Y    -2  -4  -3  -4  -2  -3  -3  -4   3   0  -2  -3  -1   3   1   1   5  -4   2  -1    2   0   0   0   1   0   0   0   7   5   3   0   1  12   8  13  40   0   6   2  0.61 0.37
   18 T     1  -3  -3  -3  -3   2  -2  -1  -3   2   1  -2   2   0   0  -1   1  -4  -3   1   15   0   0   0   0  11   0   5   0  12  13   0   8   4   5   4  11   0   0  12  0.20 0.19
   19 A     2  -2  -2   0   0  -1  -1   3   0  -3  -3  -2   0  -4  -3   1   2  -4  -3  -1   23   1   0   5   2   1   4  26   2   1   1   0   4   0   0  10  15   0   0   4  0.37 0.24
   20 F     1   0   0  -1  -2  -1  -1  -2  -2   1   1  -2   1   0   0   1   1  -3   0   0   12   8   4   2   0   2   1   1   0   9  16   0   5   5   4  11  11   0   3   6  0.08 0.11
   21 A    -1   0  -2  -4  -1  -1  -2   0   1   1  -1  -3  -1  -1  -4   0  -1  -2   6   2    4   5   1   0   1   3   1   7   3   9   5   0   1   0   0   7   3   0  32  18  0.46 0.31
   22 L    -2  -3  -5  -6  -4  -4  -5  -5  -4   1   4  -5   2   5  -5  -2  -3   1   0   1    2   2   0   0   0   0   0   0   0   7  37   0   5  29   0   2   0   2   2  11  0.82 0.37
   23 L    -3  -5  -6  -6  -4  -5  -5  -6  -5   1   4  -5   5   4  -5  -5  -2  -4  -2   0    2   0   0   0   0   0   0   0   0   7  46   0  18  18   0   0   3   0   0   6  1.02 0.45
   24 P    -3   0  -1  -2  -6  -3   0  -3  -5  -6  -6  -4  -6  -7   8  -1  -1  -7  -6  -3    1   5   4   2   0   1   8   2   0   0   0   0   0   0  69   4   4   0   0   2  1.83 0.66
   25 P     0   3  -1   0  -4   2   0  -1   0  -4  -3   2  -3  -4   3   0   0  -4  -1  -2    6  22   2   4   0   8   4   5   2   0   1  14   0   0  15   7   5   0   2   2  0.39 0.24
   26 L     0  -3  -5  -6   0  -4  -5  -5  -5   3   4  -4   1   0  -5  -4  -3  -4  -3   4    9   1   0   0   2   0   0   0   0  16  37   0   3   3   0   0   0   0   0  28  0.75 0.37
   27 M    -3  -5  -5  -6  -4  -4  -5  -6  -1   5   3  -5   4  -2  -5  -2  -3  -4   1   2    1   0   0   0   0   0   0   0   2  38  27   0  10   0   0   3   0   0   5  14  0.90 0.41
   28 N     1   1   1   0  -3   0   1   2   1  -4  -2   1  -3  -4   2   1  -1  -4  -3  -3   14  10   6   3   0   3   9  15   4   0   3  10   0   0   9  10   2   0   0   1  0.25 0.17
   29 R     1   4  -1   1  -4   0   0  -1  -1  -2   0   1   1  -4  -1  -1  -1  -1  -3  -2   11  31   2   7   0   3   7   5   1   2  11   5   5   0   2   3   2   1   0   1  0.28 0.22
   30 L    -1  -4  -6  -6  -4  -5  -5  -6  -4   1   2  -5   0   7  -6  -3  -4  -3   2   1    6   1   0   0   0   0   0   0   0   7  18   0   2  50   0   2   0   0   7  10  1.14 0.48
   31 Q     2   4  -2  -3   0   1  -1  -2   3  -2  -1   1  -1  -3  -4  -1  -1  -4   1  -3   24  26   1   0   2   5   3   1   9   2   5   8   2   0   0   3   3   0   6   0  0.42 0.29
   32 H     0   3  -3  -1  -5   5   3  -3   2  -5  -3   1  -1  -2  -4  -3  -1  -5  -4  -4    7  19   0   2   0  30  20   2   5   0   2   6   2   2   0   0   3   0   0   0  0.74 0.41
   33 S     0   4   0   1  -4   2   3  -3   1  -2  -1   1  -3  -4  -3  -1  -1  -5  -3  -3    7  24   5   6   0   9  21   1   3   2   5   8   0   0   0   2   4   0   0   1  0.41 0.26
   34 A     3  -3  -4  -5   0  -1  -4  -4   4  -4  -3  -2  -4   3  -5  -2  -4   2   6  -3   28   1   0   0   2   3   0   0  12   0   1   2   0  11   0   1   0   3  35   1  1.06 0.51
   35 P    -5  -6  -6  -5  -7  -5  -5  -6  -6  -7  -7  -3  -6  -7   9  -2  -3  -7  -7  -6    0   0   0   0   0   0   0   0   0   0   0   2   0   0  93   3   2   0   0   0  3.02 0.96
   36 G     0  -1   2   2  -5   4   1   3   3  -5  -4   0  -4  -5  -4  -1  -3  -5  -4  -5    6   3  11  11   0  19   7  24   8   0   1   6   0   0   0   3   0   0   0   0  0.55 0.32
   37 V    -1  -5  -5  -6  -1  -5  -5  -6  -6   4   2  -5  -1  -3  -5  -3   0  -5  -4   5    4   0   0   0   1   0   0   0   0  29  19   0   0   0   0   2   6   0   0  39  0.93 0.43
   38 R    -1   2   0   0  -2   2   2  -2   1  -3  -2   0  -2  -4  -1   3   2  -4  -3  -2    2  12   3   6   1   9  12   2   3   1   3   5   1   0   3  23  13   0   0   1  0.30 0.23
   39 L    -3  -5  -5  -6  -4  -5  -5  -6  -5   4   2  -5   1   4  -5  -4  -1  -4   0   4    0   0   0   0   0   0   0   0   0  22  22   0   3  19   0   0   3   0   2  29  0.87 0.39
   40 R    -1   2   1   0  -4   4   3  -2   1  -3  -3   1  -1  -2  -3   1  -2  -4  -1  -1    2  14   6   3   0  19  21   1   3   0   1   7   1   1   0  10   1   0   1   7  0.39 0.26
   41 L    -2  -5  -3  -6   0  -4  -5  -4  -5   2   5  -5   2   1  -5  -4   0  -4  -3   2    2   0   2   0   2   0   0   1   0  10  54   0   5   5   0   0   5   0   0  15  0.80 0.39
   42 V     0   1  -1  -2  -3   1  -2  -3   3   0   1   1   0  -2  -1   0   1  -3   0   1    5   7   2   1   0   9   0   0  11   4  16   9   2   0   2   5   8   0   3  15  0.16 0.17
   43 N    -1  -1   1   0  -4   2   3  -4  -2  -1  -3  -2  -3  -4   3   0   1  -5  -4   2    4   3   6   4   0   8  26   0   1   3   2   0   0   0  15   6   8   0   0  16  0.40 0.28
   44 A     0  -2  -1   1  -3  -1  -1   2   2  -1   1  -2   1  -1   1   0  -1   1  -2  -2    7   2   1  11   0   3   3  18   6   4  15   0   5   3   7   8   4   3   0   1  0.14 0.15
   45 E    -1  -2   1   2  -4   1   0   0   1  -3  -2  -1   0  -4  -1   3   2  -5  -4  -2    3   2   7  14   0   6   3   6   3   1   4   2   3   0   2  28  13   0   0   2  0.32 0.26
   46 R     0   0   1   2  -4   0  -1  -2   0  -3  -2  -2  -3  -2   1   3   3   1   1  -2    5   5   5  13   0   3   1   1   2   0   5   0   0   1   7  22  21   2   5   2  0.32 0.27
   47 K    -1   1   2   3  -4   2   2  -1   0  -1  -2   0  -1  -2   0  -1   0  -4   0  -1    3   9   9  19   0  11  12   4   2   5   2   3   1   2   4   3   4   0   3   3  0.23 0.17
   48 L     0   2   1   0  -1   2   0  -1   1  -2  -1   0  -1  -1   2   1  -1   2  -1   0    6  12   7   3   1  10   5   4   3   0   6   4   1   3   9  10   2   3   1   7  0.11 0.11
   49 S     0  -3  -3   1   1   1  -2  -3  -1   2   2  -3   1  -1  -1  -2  -1  -3  -2   1   11   0   0  10   3   8   1   0   2  16  25   0   3   2   2   2   4   0   0  11  0.22 0.19
   50 V     1  -2  -2  -2  -1   0   2  -3   1   1   2   0   1  -2  -2   0  -1  -3  -1   1   13   1   0   1   1   5  14   1   3   8  20   5   5   0   1   7   3   0   2  10  0.14 0.15
   51 E     0   0   1   2  -5   2   5  -3   0  -5  -5   0  -4  -5   2  -2  -2   5  -4  -5    8   4   6   9   0   9  37   1   2   0   0   3   0   0   9   1   2   8   0   0  0.70 0.39
   52 A     2   2  -2  -2  -3   1   0  -1  -3  -2   1   1   0  -3  -3   0  -2   2  -2  -1   24  10   1   2   0   9   6   5   0   1  18   7   3   0   0   8   0   3   1   3  0.20 0.21
   53 L    -4  -5  -6  -7  -4  -5  -6  -7  -6   2   5  -6   2  -3  -6  -5  -4  -5  -4   3    0   0   0   0   0   0   0   0   0  11  66   0   3   0   0   0   0   0   0  20  1.32 0.55
   54 A     0   4   0  -1   0   1   1  -3   0  -2   0   0  -1  -4  -4   0  -1  -4  -3  -2   10  32   5   2   2   8   9   1   3   1  13   4   1   0   0   6   3   0   0   2  0.37 0.27
   55 S     0   3   3   2  -1   2   0  -3   0  -4  -4   0  -3  -4  -3   1   0  -5  -1  -2    6  20  13  13   1  12   5   0   2   0   0   5   0   0   0  13   5   0   3   2  0.42 0.28
   56 G    -2   0   1  -1  -6   0  -4   7  -4  -6  -6  -4  -5  -1  -5  -3  -4  -5  -2  -6    2   5   7   4   0   4   0  73   0   0   0   0   0   3   0   1   0   0   2   0  1.52 0.60
   57 R    -1   2   0   3  -5   2   4  -2   0  -4  -2   0  -1  -5  -4  -1  -1  -5  -4  -3    6  11   3  16   0   8  32   2   2   0   5   4   2   0   0   3   4   0   0   1  0.51 0.31
   58 I     0  -2  -5  -2  -3  -4  -4  -5   0   4   3  -4   0  -3  -5  -3  -1  -5  -3   4    7   2   0   2   0   0   0   0   3  22  27   0   1   0   0   1   4   0   0  30  0.64 0.35
   59 D    -6  -6  -1   8  -8  -4   0  -5   0  -7  -8  -5  -7  -8  -6  -4  -5  -8  -7  -7    0   0   1  93   0   0   4   0   2   0   0   0   0   0   0   0   0   0   0   0  2.65 0.92
   60 F    -1  -5  -6  -6   0  -5  -6  -3  -5   3   3  -5  -1   6  -6  -5  -4  -3  -2   1    5   0   0   0   2   0   0   2   0  18  34   0   0  31   0   0   0   0   0   7  0.95 0.44
   61 A     4  -4  -4  -5  -1  -4  -4   3  -4   0   0  -4  -3  -2  -4  -2  -2  -5  -1   2   39   0   0   0   1   0   0  25   0   4  11   0   0   2   0   0   2   0   2  13  0.63 0.38
   62 L    -4  -6  -6  -6  -4  -6  -6  -7  -6   6   1  -6   0   3  -6  -5  -4  -5  -3   3    0   0   0   0   0   0   0   0   0  52  13   0   2  15   0   0   0   0   0  18  1.28 0.53
   63 G     0  -2  -1  -2   0  -3  -3   3  -3   1   1  -3   1   0  -3   0   1  -3  -2   1    9   1   3   2   2   0   0  24   0  11  16   0   4   3   0   6   8   0   0  10  0.20 0.16
   64 Y     0   1  -1  -1   0  -1  -1   2   0  -1  -1  -1   0   0   3   0   0  -2   0  -1    7   8   2   3   2   1   2  20   2   4   7   1   4   4  16   5   6   0   3   2  0.18 0.12
   65 D     0   0  -1   2  -3  -1   2   1  -2   0   0  -1   0  -2   1  -1  -1  -3   0   0    5   7   2  11   0   1  18  12   0   7  13   2   2   0   8   2   2   0   4   5  0.12 0.12
   66 E     0   0   0   0   0  -1   1  -2   1  -1  -1   0   0   0   3   0   0  -2  -1   0    5   7   3   4   2   1  12   2   4   4   7   3   2   4  16   7   6   0   2   6  0.14 0.09
   67 E     0   0  -1   0   0   1   0  -2   1   0   0  -1  -1   2   1   0  -1  -2  -1   1    9   6   2   5   3   6   8   1   3   8   6   2   0  13   8   5   2   0   0  11  0.07 0.09
   68 H    -1  -1   1   1  -2   0   0  -1   5  -2  -2  -1   1  -1   3   0   0  -2   0  -2    4   4   6   8   1   3   5   4  18   2   4   3   6   2  16   5   7   0   2   2  0.30 0.16
   69 E    -2   1   0   1  -3  -1   0  -1   0  -2   0  -1   0  -1   5  -1   0  -3  -3  -1    2   8   5  10   0   2   4   5   2   1  10   2   2   2  31   4   4   0   1   4  0.45 0.21
   70 R     0   1   0   1  -2   0   2  -1   0  -2  -2   0  -1   0   0   1   0  -2   1  -1    5   7   2   9   1   2  20   4   2   1   4   5   2   5   5  10   6   0   5   4  0.12 0.09
   71 L     0  -1   0  -1  -2  -2  -1  -3  -1   1   3  -2   4  -2  -1  -1   0  -3  -1   0    7   3   6   5   0   1   3   1   1   8  35   1  13   1   2   3   5   0   2   3  0.26 0.18
   72 P    -1  -1   0   0  -2   1  -1  -2   0  -1  -2  -1  -1  -1   4   2   0  -3   0   0    2   3   4   5   0   6   2   2   2   3   4   3   2   3  20  23   4   0   3   9  0.28 0.18
   73 E     1   0  -1   0  -3   1   2   0   0  -2  -1   0  -2  -3   2   1   1  -3  -3  -2   12   4   1   4   0   5  18   6   2   1   7   4   0   1  12  11   9   0   0   2  0.21 0.15
   74 G     2  -2   0   2   0  -1   1   2  -2  -1  -2  -1  -2  -2  -2   0   0  -3  -3  -2   20   1   5  13   2   1  12  18   0   3   3   3   0   2   1   6   6   0   0   2  0.24 0.17
   75 I    -3  -4  -2  -4  -3  -3  -4  -5   4   3   3  -4   0   3  -4  -4  -2  -3   1   1    1   0   2   0   0   0   0   1  13  17  33   0   2  16   0   1   2   0   4   7  0.63 0.32
   76 Q     0  -2  -1   1  -3   1   1  -3   2   0  -2   0  -2   0   2   0   1  -3  -1   0    6   1   3   8   0   7  12   0   7   5   2   6   0   4  13   5  10   0   2   9  0.18 0.15
   77 A     0   1  -2  -3   1   0  -1  -2   0   1  -2   0   0   1  -3   0   0   1   3   1    6  11   0   0   3   5   3   3   2   9   0   7   2   7   0   9   7   1  13  12  0.14 0.16
   78 H     0   2  -2  -1  -3   1   2  -3   2   1  -1   0   0  -1  -3  -1   1   0  -1   0   11  12   0   1   0   8  17   0   6  10   4   3   2   3   0   2  10   1   2   8  0.17 0.17
   79 D     0   1  -2  -1  -4  -2   0  -3   1  -2  -2   1  -3  -3   6  -1   0  -5  -4   0    7   9   1   4   0   0   7   1   4   1   3  10   0   1  36   3   6   0   0   6  0.64 0.33
   80 W    -2  -5  -6  -6   1  -5  -5  -6  -5   2   5  -5   1   2  -5  -5  -4   3   2  -1    3   0   0   0   3   0   0   0   0   9  61   0   2   9   0   0   0   4   6   2  1.00 0.45
   81 F     0  -1  -4  -5  -2  -2  -4  -3   1  -1   1  -3  -1   6  -5  -3  -2   1   4   1    7   3   0   0   1   1   0   2   3   1  12   2   1  39   0   2   2   1  13   9  0.73 0.37
   82 A    -1   1   1   3  -4   1   3  -3   1  -3  -3   0  -3  -4  -3   2   1   0  -2  -3    3   7   6  14   0   4  25   1   3   2   1   5   0   0   0  16   8   1   2   1  0.41 0.28
   83 D    -4  -4   0   5  -6  -1   5  -5   0  -3  -4  -2  -5  -2  -5  -1  -4   5  -1  -5    0   0   4  30   0   1  43   0   2   2   2   2   0   2   0   4   0   7   2   0  1.13 0.54
   84 R    -2   3   1   0  -5   0   4  -4   1  -5  -3   1  -4  -5   3  -1   1  -5  -4  -3    1  15   7   4   0   3  28   0   3   0   2   8   0   0  14   4  10   0   0   1  0.57 0.34
   85 Y    -2  -1  -2  -5  -1  -4  -3  -3   0   0   4  -4   4   3   0  -4  -3  -3   2   0    3   3   2   0   1   0   2   2   2   4  38   0  12  14   5   0   0   0   7   5  0.51 0.31
   86 V     2  -1  -2  -5   2  -3  -4  -4  -4  -1  -1  -2   0  -1  -4  -1   0   2  -2   5   16   3   2   0   5   1   0   0   0   1   2   2   2   3   0   5   6   3   1  48  0.61 0.38
   87 V    -1  -5  -6  -6   7  -5  -6  -6  -6   2   3  -5  -2  -1  -5  -3  -3  -5  -4   3    4   0   0   0  23   0   0   0   0   9  35   0   0   2   0   1   0   0   0  25  1.06 0.47
   88 V     1  -5  -5  -6   0  -5  -5  -5  -5   3   1  -5   0   2  -5  -4  -3   2  -3   5   11   0   0   0   2   0   0   0   0  18  13   0   2   7   0   0   0   3   0  44  0.84 0.42
   89 A     1  -4  -4  -5   5  -4  -4   2  -5   0   2  -4   1  -1  -4  -2  -1  -4  -3   2   13   0   0   0  12   0   0  16   0   4  26   0   3   2   0   2   2   0   0  19  0.48 0.30
   90 R     0   4  -4  -4   5  -2  -4  -4   1  -5  -5  -2  -4  -5   5   1  -2  -6  -2  -5    9  26   0   0  14   1   0   0   4   0   0   1   0   0  28  12   2   0   1   0  1.00 0.49
   91 R     0   2   0   0  -1   1   1  -3   2  -4  -3   2  -1  -5   4  -1  -2  -5  -4  -1    6  11   4   4   2   5  11   1   5   0   2  15   1   0  23   4   1   0   0   4  0.45 0.26
   92 D    -1  -1   1   4  -4   1  -1   2   1  -4  -3  -2  -2  -3  -4   2   2  -5  -4  -3    3   3   6  28   0   5   2  16   3   0   2   1   1   1   0  14  13   0   0   1  0.47 0.30
   93 H    -4  -3   3  -5  -7  -4  -4  -6  10  -7  -4  -5  -5  -5  -6  -2  -5   1  -3  -3    1   1  16   0   0   0   0   0  73   0   2   0   0   0   0   2   0   2   0   2  2.60 0.89
   94 P    -4  -1  -5  -5  -6  -2  -1  -2   0  -6  -6   0  -6  -7   8  -4  -5  -7  -6  -3    0   4   0   0   0   2   5   3   2   0   0   6   0   0  75   0   0   0   0   2  2.15 0.77
   95 R     3   0  -3  -1  -3   2  -1  -3  -3  -2   3  -2   0   2  -2  -1  -1  -3  -2  -1   25   5   0   3   0   9   4   0   0   0  32   2   1   9   2   2   3   0   0   3  0.31 0.27
   96 L     2  -3  -2  -3   0  -2  -2  -2  -4   1   3  -3   2  -2  -2   0   0  -4  -3   0   24   0   1   1   1   2   2   2   0   8  35   0   5   0   2   5   6   0   0   6  0.33 0.25
   97 A     0   3   0  -1  -2   1   1  -2   2  -4  -3   3  -3  -4   0   1   0  -4  -3  -3    5  15   3   2   1   6  10   2   5   0   2  25   0   0   5  11   7   0   0   0  0.38 0.25
   98 G    -2   1   0   1  -4   3   3   2   2  -5  -3   1  -3  -3  -1   1  -1  -5  -3  -4    0   7   4   6   0  12  22  14   5   0   2   9   0   1   3  11   3   0   0   0  0.39 0.27
   99 A     1   1   0  -1  -4   2   2  -1   0  -3  -4   2  -3  -5   4   0  -1  -5  -4  -2   15   8   4   1   0   8  14   4   3   1   0  11   0   0  19   7   3   0   0   2  0.40 0.26
  100 P    -2  -1  -4  -3   1  -3  -2  -3  -4   3   3  -3   0  -1  -2  -1   0   4  -3   1    2   3   0   2   4   0   2   2   0  19  37   1   2   2   2   5   5   6   0   7  0.40 0.27
  101 T     0  -2  -2   1  -4   1  -2  -4  -1   0  -2  -2  -3  -3  -1   2   5  -5  -4  -1    5   2   1   7   0   6   1   0   1   6   3   1   0   1   3  16  44   0   0   3  0.62 0.42
  102 L    -1  -2  -4  -4  -3  -3  -2  -3  -1   2   3   1   1   2  -1  -2  -2   3   0   0    4   2   0   0   0   0   1   1   2  14  35  11   3   9   3   1   2   5   2   4  0.34 0.24
  103 E     0  -2  -1   3  -5   1   5  -2   1  -3  -2   0  -4  -5  -3   0  -3  -5  -4  -2   10   1   3  13   0   4  43   3   4   1   4   5   0   0   0   6   0   0   0   3  0.63 0.37
  104 G    -1   2   1   4  -5   3   2  -2  -1  -4  -5   0  -4  -5  -3  -1   0  -5  -4  -3    6  13   7  30   0  16  10   2   1   0   0   4   0   0   0   3   7   0   0   2  0.60 0.34
  105 Y    -3  -5  -5  -1  -4  -4  -3  -5  -3   1   4  -5  -1   4  -5  -4  -4  -3   4   0    2   0   0   4   0   0   2   0   0   7  48   0   0  16   0   0   0   0  17   5  0.86 0.43
  106 L     2  -1  -1  -2  -1  -1  -3  -1   1  -1   1  -1   3  -2  -3   0  -1  -3   3   0   24   4   2   2   1   3   0   3   4   1  14   3  11   0   0   7   1   0  12   8  0.23 0.24
  107 A     1   2   1   2  -4   1   1   1   1  -3  -4   0  -3  -4  -1   2  -1  -4  -3  -3   10  13   8  12   0   6   9  10   3   2   0   4   0   0   3  18   2   0   0   0  0.30 0.22
  108 E    -1  -3  -4  -1   2  -1   3  -4   0  -3   2  -3   4  -2  -4  -3  -2   3   4  -1    6   0   0   3   4   1  26   0   2   0  17   0  13   0   0   0   2   5  16   3  0.54 0.37
  109 R    -2   3   0   0  -5   1   2   1  -2  -5  -5   1  -4  -5   4  -2  -1  -5  -4  -4    3  17   3   4   0   7  13  13   1   0   0   7   0   0  26   2   4   0   0   0  0.63 0.35
  110 H    -3  -2  -3  -4  -4   0  -3  -4   7  -1   0  -2   1   4  -1  -3  -4   5   0  -2    2   2   0   0   0   3   1   1  32   4  11   2   3  21   4   1   0   9   2   2  0.93 0.42
  111 A     0  -4  -5  -5  -3  -4  -4  -5  -5   5   1  -4   0  -3  -4  -3  -1  -4  -3   4    9   0   0   0   0   0   0   0   0  34  12   0   2   0   0   0   4   0   0  36  0.86 0.41
  112 V     2  -2  -3  -2  -2  -1  -3  -1  -3   1   2  -3   2   1  -3   0   1  -3  -2   1   20   1   0   2   0   2   0   3   0  10  18   0   8   7   0   8  10   0   0  10  0.21 0.19
  113 V     0   0  -4  -4  -3   0  -3  -4  -3   1   2  -3  -1   1   1  -2  -2  -3   3   3    9   6   0   0   0   4   0   0   0   8  22   0   0   6   7   2   2   0  10  25  0.33 0.25
  114 T    -1   1   0   1   2   0   1  -3  -2  -1  -1   1  -2  -3   2   1   1  -4   0  -1    4   8   3   9   4   4   7   0   0   3   5  12   1   0  10  15   7   0   5   3  0.17 0.16
  115 P     1   0  -2   1  -3   0   0  -3  -1  -3  -1  -1  -2   3   2   0   1   2   1  -2   14   5   0   8   0   4   7   0   1   0   4   3   0  16  12   9   8   3   4   2  0.23 0.20
  116 W    -1  -1   1   0  -4   1   0   5   1  -5  -4   0  -4  -5   0   0  -2   1  -4  -5    5   3   6   6   0   8   7  42   3   0   2   4   0   0   4   6   1   2   0   0  0.58 0.32
  117 N    -1   3   2  -1   1   0   0   1   1  -2  -3  -1  -1   1  -2   3  -1  -4   0  -3    1  19   9   2   3   2   4  10   3   2   1   1   1   7   1  25   3   0   3   1  0.28 0.26
  118 E     1  -2  -2  -3   2   0  -1   2   0  -3  -2  -2  -3  -2   2   2   3  -4   0  -1   11   1   0   0   4   4   3  14   2   0   3   1   0   2  10  14  23   0   3   4  0.29 0.25
  119 D     0   1  -1   0  -3  -1  -1   1  -1   1   1  -1   1  -2  -2  -1   1  -3   1   0    6  11   3   6   0   1   2  12   1  12  18   2   5   0   2   1   9   0   6   4  0.08 0.13
  120 S    -2   5  -2  -4  -5  -1  -3  -1   3  -4  -2   1  -1  -1   2   0   0  -4   1  -2    3  42   1   0   0   2   0   4   7   0   3   6   1   3  10   5   7   0   4   3  0.62 0.38
  121 G     0   1   0   0  -4   0   1   0   0  -4  -2   1   0  -1   4   1  -2   1  -3  -3    7   8   4   5   0   4   8   8   3   0   3   9   3   4  21  11   0   2   0   0  0.31 0.22
  122 V     1   0  -1   0  -3   2   1  -1  -1   0   0  -1   0   0  -2   1   0  -3  -1   1   10   6   1   4   0  12   7   3   2   4   9   0   1   4   1  14   6   0   1  16  0.10 0.15
  123 I     0  -3  -5  -5  -3  -1  -3  -5   0   4   2  -4   1   0  -3  -4  -2   1  -1   3    6   1   0   0   0   3   2   0   2  31  18   0   2   4   1   0   1   2   1  25  0.56 0.32
  124 D    -2   0  -2   5  -6   0   4  -4   1  -1  -3  -2   1  -5  -1  -1  -3  -5  -1  -4    2   5   0  35   0   3  32   0   4   4   3   1   4   0   3   3   0   0   2   0  0.82 0.45
  125 R    -1   0   2   2  -4   3   2  -2   2  -4  -4   1  -1  -3  -3  -2   0   5   1  -4    5   3   8  15   0  16  12   3   6   0   0   8   2   0   0   1   7   9   5   0  0.45 0.29
  126 L     1  -1  -3  -2   0  -2  -1  -3   0   1   2  -3   0   3  -4  -2  -1   3   2   1   13   5   0   2   2   1   4   1   3   7  19   0   2  14   0   0   3   5   8   9  0.22 0.19
  127 L    -3  -5  -5  -6   4  -5  -5  -6  -2  -1   5  -5   1   5  -5  -5  -4  -3  -2  -1    2   0   0   0   8   0   0   0   1   2  53   0   2  26   0   0   0   0   0   4  1.11 0.49
  128 A     1   1   0   1  -3   1   0  -2   0   0   1  -1  -1  -1  -3   0   1  -3  -2  -1   14   8   5   7   0   9   7   2   2   6  16   1   0   3   0   7   8   0   0   3  0.09 0.13
  129 R    -1   3  -1   1  -5   4   4  -2  -1  -5  -5   1  -4  -5  -1  -1   0  -5  -4  -4    6  18   2   9   0  18  25   3   1   0   0   6   0   0   3   4   5   0   0   0  0.60 0.36
  130 S     2   2   2  -3  -4   0  -1  -3   6  -2  -1   0   1  -2  -2  -1  -3  -4  -1  -1   21  10  11   0   0   3   3   0  22   2   8   5   5   1   1   2   0   0   2   4  0.41 0.31
  131 G    -1  -3   0   1  -5  -1  -2   6  -4  -3  -3  -4  -5   0  -2  -3  -4  -5  -5  -5    5   1   4   7   0   3   2  68   0   2   3   0   0   4   2   0   0   0   0   0  1.22 0.52
  132 L    -1  -1  -4  -4  -1   0  -2  -4  -1   3   3  -1   2   1   0  -2  -2   0  -1   1    5   4   0   0   1   6   2   0   1  17  31   3   4   8   5   1   1   2   1   9  0.28 0.21
  133 R    -1   2   0   1  -4   3   1  -3   1  -4  -3   3  -2  -5   2   0   1  -5  -3  -4    4  10   4   6   0  13   6   0   4   0   2  21   1   0  11   6  11   0   0   0  0.40 0.27
  134 R    -1   4  -3  -1  -4   0   0  -3  -3   0   0  -2  -1  -2   4  -1  -2  -5  -4  -2    6  29   0   4   0   4   5   1   0   6  11   0   1   2  23   5   1   0   0   2  0.53 0.33
  135 E    -3   5   3   1  -5   1   0  -2   3  -5  -4   1  -4  -5   2   0  -1  -5  -4  -5    0  31  14   6   0   5   3   2   7   0   1   8   0   0  11   8   3   0   0   0  0.61 0.35
  136 V    -3  -3  -1  -2  -4  -2  -4  -5  -2   5   0  -2   2  -3  -2  -1  -1   2  -3   3    0   1   3   2   0   1   0   0   1  45   5   2   5   0   2   6   2   3   0  22  0.69 0.39
  137 A     1   0  -1   0  -1  -1   2   0   0   1  -2   0  -1  -2   0   0  -1  -4  -3   1   13   5   2   4   1   0  20   7   3  10   0   4   1   2   5   6   2   0   0  15  0.14 0.17
  138 V    -3  -4  -2  -4  -3   2  -4  -5  -3   2   2  -3   5   3  -4  -3  -1  -3   2   2    0   0   2   0   0   9   0   0   0  14  15   0  20  13   0   0   3   0   7  15  0.58 0.34
  139 Q    -2  -1  -2  -1  -4   2   4  -4  -3  -1  -1  -1  -3  -4  -4   0   1  -1  -4   3    1   3   1   1   0   8  35   0   0   1   5   1   0   0   0   6  10   1   0  24  0.54 0.38
  140 L     2  -4  -4  -4   2  -3  -2   0  -4   1   2  -3   0   0  -4  -1   1  -4  -3   3   17   0   0   0   5   0   3   8   0   4  18   0   1   3   0   3   8   0   0  30  0.34 0.26
  141 P    -2   0   3   1  -4   2   1   0   1  -2  -3  -1   0  -4   3   2   0  -4   0  -3    0   5  14   8   0  10   8   6   4   2   1   2   3   0  13  15   7   0   4   0  0.31 0.23
  142 T     1  -2   3  -1  -4   0   2   1   2  -3  -5  -2  -4  -5  -3   4   0  -5  -4  -4    9   1  14   2   0   3  12  11   6   1   0   0   0   0   0  34   6   0   0   0  0.53 0.35
  143 V    -1  -4  -1  -2  -3  -4  -4  -4  -3   3   1  -2   1   5  -1  -2  -2   2   0   1    4   0   4   3   0   0   0   0   0  17  14   3   3  28   3   3   2   3   2  11  0.44 0.27
  144 L    -1  -1   0   0  -2   2   3  -2  -2  -1   1  -2   1  -3  -2   2   0  -4  -3  -1    4   2   4   4   1  10  24   1   0   3  19   0   3   0   2  16   4   0   0   3  0.25 0.23
  145 A     3  -4  -3  -4  -3  -1  -3  -3  -4  -2   1  -3   3  -2  -4   0   4  -5  -4   0   31   0   0   0   0   3   0   0   0   0  12   0  10   2   0   7  30   0   0   6  0.61 0.40
  146 A     1  -4  -4  -5   0  -2  -4  -5  -5   5   1  -4  -1  -1  -4   0  -1  -5  -3   2   13   0   0   0   2   2   0   0   0  47  10   0   0   3   0   9   3   0   0  12  0.71 0.38
  147 L     0   0  -3  -4  -1  -2  -3  -1  -3   2   1   2   0  -1   3  -2  -2  -4   0   0   10   5   0   0   2   0   0   4   0  17  18  18   2   2  16   2   0   0   3   3  0.30 0.24
  148 F     1  -1   3  -2  -4   1   0   2   0  -3  -3  -2  -2   0   3   1  -1  -4  -3  -1   11   2  19   0   0   7   5  16   2   0   1   0   1   4  15   9   2   0   0   5  0.36 0.25
  149 L     2  -4  -5  -5  -3  -4  -4  -2  -5   1   4  -4   6  -1  -5  -2  -3  -4  -3   2   18   0   0   0   0   0   0   2   0   4  36   0  21   2   0   2   0   0   0  14  0.72 0.39
  150 A     0  -5  -6  -6   0  -5  -5  -6  -6   2   2  -5  -2  -3  -5  -4  -2  -5  -4   6    8   0   0   0   2   0   0   0   0  11  16   0   0   0   0   0   1   0   0  62  1.12 0.51
  151 G     3   1  -3  -3   0   2  -1  -1  -1  -3  -2  -2  -1  -2  -2   2  -1  -4  -2   0   33  10   0   0   2  12   3   3   2   0   4   0   1   2   1  20   2   0   1   6  0.38 0.30
  152 S     3   0   1  -1  -3   2   1   2   1  -4  -4  -1   0  -4  -3   1  -2  -4  -3  -1   28   5   6   2   0   9  11  16   3   0   0   2   3   0   0  13   0   0   0   3  0.36 0.26
  153 T    -1  -2   1  -3  -4  -3  -1   4  -4  -4  -5  -3  -4  -5  -1   2   5  -5  -2  -4    2   2   5   0   0   0   3  34   0   0   0   0   0   0   3  12  37   0   2   0  0.82 0.43
  154 D    -2  -3   1   5  -4  -2   0  -4   1   0   2  -2   1  -2  -4   0  -2  -4  -2  -1    3   0   8  36   0   0   6   0   3   6  21   1   4   2   0   6   0   0   1   4  0.48 0.30
  155 F    -2   2  -3  -4  -4  -3  -4   4  -4  -3   2  -3   2   0  -4  -1  -3   0  -1  -1    2  16   0   0   0   0   0  40   0   0  21   0   7   5   0   3   0   1   2   3  0.61 0.34
  156 L    -1  -5  -5  -5  -3  -5  -5  -6  -5   6   3  -5   1  -2  -5  -2  -3  -5  -4   3    3   0   0   0   0   0   0   0   0  47  25   0   3   0   0   4   0   0   0  18  0.96 0.42
  157 L     4  -4  -3  -4   0  -3  -3   1  -4  -3   0  -3  -3  -2  -3   2   2   1  -4  -3   42   0   0   0   2   0   0   9   0   0   9   0   0   2   0  19  16   2   0   0  0.59 0.37
  158 T    -1  -4  -3  -4  -1  -3  -4  -4  -4   3   2  -2   1   1  -2  -2   3  -4  -3   2    5   0   1   0   1   0   0   0   0  21  20   2   3   6   2   0  25   0   0  13  0.45 0.28
  159 A     1  -4  -5  -5  -3  -4  -4  -5  -5   3   3  -4   4  -1  -4  -3  -3  -4  -3   3   13   0   0   0   0   0   0   0   0  14  31   0  13   2   0   0   0   0   0  27  0.72 0.36
  160 P    -1  -5  -1  -5  -6  -5  -5  -5  -5  -6  -6  -4  -6  -7   8   0  -4  -7  -6  -6    4   0   4   0   0   0   0   0   0   0   0   0   0   0  84   9   0   0   0   0  2.54 0.81
  161 R     1   3  -1  -2   0   1   1  -2   0  -2   1  -1  -1  -2  -1   1  -1  -3   1  -2   14  20   1   0   2   8   9   2   2   1  20   0   1   1   2  10   2   0   5   0  0.19 0.20
  162 H    -1   4  -2   0  -4  -1   0  -2   3  -3   0  -1  -2  -2  -3   0   0   5   2  -3    6  32   0   6   0   0   5   3   8   0  10   0   0   0   0   7   6   8   7   0  0.42 0.27
  163 A     1  -3  -4  -4   1  -2  -3  -4  -4   1   3  -3   3   0  -3  -1   1  -3  -2   2   12   0   0   0   3   2   0   0   0   4  34   0  10   4   0   3   8   0   0  18  0.39 0.24
  164 A     3  -3  -3  -3  -2   0  -2  -1  -3   1   0  -1  -1  -2  -3  -1   0  -3   1   3   34   0   0   0   0   5   0   3   0   5   7   4   0   0   0   3   4   0   6  27  0.35 0.25
  165 R     0   1   1   0   1   1   2  -1  -1  -2  -1   1  -1  -3  -1   0   2  -3  -2  -1    5   8   5   4   4   8  16   3   1   0   6  11   1   0   2   4  15   0   1   5  0.16 0.14
  166 A    -2   3   1   1  -1   1   0  -3   4  -3   0   0  -2  -1   1   0  -1   0   0  -2    1  17   7   9   1   8   5   0  14   0  10   4   0   2   6   6   2   1   3   2  0.24 0.18
  167 L    -1  -3   0  -1   1   0   1  -2   2  -1   0  -1  -2   5  -1  -1  -2  -2   2   0    4   0   5   2   3   5  12   2   5   2   6   2   0  31   2   2   0   0   6   9  0.31 0.22
  168 A     2   0  -1  -1   0  -1   1   0  -2   0   1  -1  -1  -1   0   0  -1  -3  -2  -1   24   6   2   3   2   1  14   7   0   6  19   1   0   2   4   7   0   0   0   2  0.12 0.15
  169 E     1   1   0   0  -4   1   3  -2   3  -2  -3   1  -3  -2   0   0   0  -4  -3  -2   15   6   3   5   0   6  26   1   7   2   2   9   0   2   5   3   4   0   0   2  0.29 0.20
  170 A     0   1   0   0   0   0   0  -1   0  -2   0  -1   1  -1   0   1   2  -3  -2   0    6  10   4   4   2   4   4   4   2   0   7   2   6   4   5   8  22   0   0   5  0.11 0.13
  171 A    -1  -1  -1   0  -2   0  -1   1  -2   1   1  -1   1   1   0  -1  -1   1   1   0    4   2   2   6   0   6   2  15   0   8  15   3   5   9   3   2   4   2   4   6  0.05 0.08
  172 G    -1   0   1  -2  -4   0   0   3  -3  -4  -4  -1  -4  -2   5   0   0  -5  -4  -3    3   6   7   2   0   4   5  23   0   0   1   2   0   2  34   6   5   0   0   2  0.69 0.32
  173 L    -2  -2  -6  -6   0  -2  -5  -6  -5   1   5  -5  -1  -2  -5  -5  -3  -4  -1   2    2   2   0   0   2   2   0   0   0   6  72   0   0   0   0   0   0   0   2  11  1.06 0.46
  174 A     0   3  -1  -3   1   1  -1  -3   1  -2  -3   2  -2  -1  -3   0   1  -4  -3   2    8  23   2   0   4   6   2   0   4   0   0  11   0   2   0   7   9   0   0  22  0.31 0.25
  175 L     1  -2  -3  -4  -3  -3  -1  -4  -3   4   0  -2   1   0  -3  -1   0  -3   2   2   12   2   0   0   0   0   4   0   0  28   7   2   4   4   0   4   6   0  10  16  0.30 0.21
  176 Y     0   1  -3  -4  -3  -3  -3  -4  -3   2   2  -2   0   1  -3  -2   0  -3   0   3    6  10   0   0   0   0   0   0   0  15  24   0   1   5   0   2   4   0   4  26  0.34 0.21
  177 P    -1   0  -2   3  -5  -2   1  -4  -4  -5  -5   0  -4  -5   7  -3  -3  -6  -5  -5    4   4   1  15   0   1  11   0   0   0   0   6   0   0  54   0   1   0   0   0  1.37 0.49
  178 A    -2  -4  -4  -4   1  -3  -4  -4   3   2   3  -3  -1   1   2  -3  -1  -3  -2   2    2   0   0   0   4   0   0   0   8   9  41   0   0   5  12   1   2   0   0  16  0.49 0.27
  179 P     0  -3  -3  -3  -4   0   0  -2  -3  -4  -3  -1  -4  -4   7   0  -3  -4   0  -2    8   0   0   0   0   5   5   3   0   0   2   3   0   0  58   5   0   0   4   3  1.28 0.43
  180 F    -1  -1  -2   0  -3  -1   1  -2   1   2   2  -1   0   2  -2  -1  -2  -3  -1   1    2   2   0   7   0   1  10   3   4  12  29   2   0   9   2   5   0   0   0  11  0.14 0.14
  181 D     1  -2  -1   1  -4  -2   3  -3  -3  -2  -3   1  -3  -4   5  -1  -1  -5  -4  -2   14   0   2   8   0   0  21   0   0   3   2   8   0   0  33   3   3   0   0   2  0.69 0.31
  182 I    -1  -1  -4  -4  -3  -1  -1  -2  -3   2   4  -3   2   1   1  -3  -2  -3  -2   2    3   4   0   0   0   2   5   2   0   9  44   0   5   5   8   0   0   0   0  13  0.38 0.22
  183 P    -1   0   0  -1  -4  -1   1  -4  -4  -2   0  -1  -3  -4   7  -2   0  -5  -4  -3    3   6   4   3   0   1   9   0   0   2  11   2   0   0  51   1   5   0   0   1  1.03 0.38
  184 P     1   0   0  -1  -3   1   0   0  -1  -1  -3   1   0  -2   3   2   1  -1  -3  -1    9   4   3   2   0   6   4   5   1   3   0   8   2   1  18  20   7   1   0   4  0.26 0.14
  185 Y    -1   3  -4  -4  -4  -3  -3  -4  -3   2   0  -2  -1   5  -1  -3  -3   2   3  -1    6  20   0   0   0   0   0   0   0  16   9   0   0  30   3   0   0   3   9   3  0.54 0.28
  186 V     1  -1  -2  -2  -3   1   2  -3   0  -3  -2   1  -3  -4   1  -1   4  -4  -1  -2   13   2   0   0   0   6  14   0   3   0   3   7   0   0   8   0  40   0   3   2  0.47 0.30
  187 L    -1  -3  -3  -1   1  -1   2  -4  -3   3   1  -1  -1  -2  -3  -1  -1  -3   1   2    2   0   0   2   4   2  20   0   0  21  18   3   0   0   0   3   3   0   6  16  0.25 0.19
  188 R     4   0   1  -3   0  -2  -2   0   0  -2  -1   0   0  -2  -3   0  -1   1   3   0   41   6   7   0   1   0   0   5   2   0   5   4   2   0   0   3   3   2  12   5  0.31 0.24
  189 L     0   0  -4  -4  -3   0  -3  -2  -4   2   4  -3   2  -2  -4  -3  -2  -4  -3   3    8   7   0   0   0   4   0   3   0   9  43   0   4   0   0   0   0   0   0  21  0.46 0.25
  190 Y     0   0  -3  -3  -3   4   0  -4  -2   3   0  -2  -1   0  -3   0  -2  -3   1   1    6   3   0   0   0  28   3   0   0  23   8   0   0   5   0   8   0   0   7   9  0.32 0.24
  191 S    -5  -1   2  -6  -5  -4  -5  -5   0  -2  -5  -5  -4  -2  -6  -3  -5  12   1  -5    0   3  10   0   0   0   0   0   3   3   0   0   0   0   0   2   0  75   4   0  3.02 0.72
  192 H    -3  -1  -2  -3  -4  -2  -2  -4   7  -3  -3  -2   2  -3   5  -1  -3  -4   1  -2    1   4   0   0   0   0   0   0  38   0   1   0   7   0  35   5   0   0   4   4  1.19 0.37
  193 V     2   0   0  -1  -2   0   2  -2  -2  -1   0   2  -1  -3  -2   0  -1  -3  -3   0   29   3   4   0   0   2  21   0   0   4  11  13   0   0   0   6   1   0   0   5  0.22 0.16
  194 Q     0   3   0  -2  -3   1   0  -3  -2  -1   1   1  -1  -1  -1  -1  -2   2  -2   0   10  27   4   0   0   6   7   1   0   2  18   9   0   3   2   0   0   3   0   7  0.20 0.14
  195 H     1  -2   2  -3   4   1  -2  -3   6  -3  -3  -1  -3  -1  -3  -2  -2  -2   5  -3   12   0   9   0   9   6   0   1  26   0   1   4   0   0   0   1   0   0  29   0  0.74 0.29
  196 V    -2   3   4   0  -3   0  -1   0   4  -3  -1  -1  -2  -3  -3   0  -1  -4  -2  -1    0  23  23   4   0   4   0   6  15   0   8   0   0   0   0   7   3   0   0   6  0.37 0.20
  197 G    -1   4  -1   0  -3  -1  -1  -1   4  -4  -4   2  -3  -4  -1   3   0  -4  -2  -3    3  26   0   4   0   0   0   3  15   0   0  13   0   0   3  28   6   0   0   0  0.50 0.23
  198 R    -3   2   1   6  -5  -2  -1  -2  -3  -4  -2   0  -4   0  -3  -2  -3  -5  -4  -4    0  12   6  68   0   0   0   1   0   0   4   5   0   4   0   0   0   0   0   0  1.08 0.34
  199 D     0  -3   1  -1  -4   0   0  -3  -3  -4  -1   0  -3  -4   7  -2  -2  -5  -4  -3    9   0   8   3   0   4   4   0   0   0   8   6   0   0  58   0   0   0   0   0  1.19 0.31
  200 A     3  -2  -1  -1  -3   0   0   3   1  -3  -3   0  -3  -4   1   1   0  -4  -3  -3   29   0   0   2   0   3   6  28   4   0   0   6   0   0   8   9   4   0   0   0  0.39 0.17
  201 H     0   1   4  -2  -3  -1  -2  -2   6   0  -3  -1  -3  -3  -3   2  -1  -4  -2  -3    9   9  24   0   0   0   0   0  28   7   0   0   0   0   0  23   0   0   0   0  0.62 0.26
  202 A     1   2  -2  -1  -3   1  -2  -3  -3   3   0   0   1  -2   3  -2  -2  -4  -3   1   14  15   0   4   0   6   0   0   0  29   7   3   3   0  14   0   0   0   0   5  0.24 0.14
  203 W    -4  -4  -5  -6  -4   0  -4  -5  -4  -4  -3  -5   1   1  -6  -4  -1  12   0  -2    0   0   0   0   0   5   0   0   0   0   0   0   5   6   0   0   5  76   0   3  2.78 0.52
  204 M    -3  -3  -4  -5  -3  -3  -4  -5  -4   1   4  -4   6   0  -4  -4  -2  -3  -2   0    0   0   0   0   0   0   0   0   0   6  58   0  35   2   0   0   0   0   0   0  0.99 0.31
  205 I    -3   6  -2  -3  -5   1   1  -4  -2  -1  -1   1  -2  -4  -3  -2  -2  -4  -3  -1    0  67   0   0   0   5  12   0   0   4   5   2   0   0   0   0   0   0   0   5  0.92 0.29
  206 G    -1   2   0   2  -4   3   4   1  -1  -4  -4   1  -3  -4  -2  -1  -2  -4  -3  -4    3  10   1   9   0  20  38  14   0   0   0   4   0   0   0   0   0   0   0   0  0.57 0.19
  207 Q    -1  -2  -3  -2  -2   1   1  -4  -2   3   2  -2   0  -1  -3  -2   0  -3   0   2    3   0   0   0   0   8  12   0   0  26  29   0   0   0   0   0   6   0   3  13  0.26 0.13
  208 L    -2  -3  -4  -5  -2  -3  -4  -5  -4   3   4  -4   3   1  -4  -3  -2  -3  -2   1    0   0   0   0   0   0   0   0   0  23  57   0  10   5   0   0   0   0   0   4  0.69 0.20
  209 K     2   1   0  -2  -2  -1  -1  -2  -2   1  -1   1  -1   0  -2  -1  -1  -3  -1   2   24  11   4   0   0   0   0   0   0   8   0  16   0   7   0   0   0   0   0  30  0.13 0.07
  210 G     2  -1   1   1  -2   0   1   1  -1  -2  -3   1  -2  -3  -1   2   1  -3  -2  -2   24   0   7   9   0   0   9  10   0   0   0  10   0   0   0  18  13   0   0   0  0.23 0.04
  211 L    -2  -3  -4  -4  -2  -3  -3  -4  -3   3   4  -3   2   0  -3  -3  -1  -2  -1   2    0   0   0   0   0   0   0   0   0  26  63   0   0   0   0   0   0   0   0  12  0.45 0.05
  212 D    -2  -2   1   6  -3   0   1  -1  -1  -3  -4  -1  -3  -3  -1   0  -1  -4  -3  -3    0   0   0   0   0   0   0   0   0   0   0   0   0   0   0   0   0   0   0   0  0.00     0.00

                      K         Lambda
Standard Ungapped    0.1382     0.3237
Standard Gapped      0.0407     0.2670
PSI Ungapped         0.1330     0.3179
PSI Gapped           0.0407     0.2670
