
Last position-specific scoring matrix computed, weighted observed percentages rounded down, information per position, and relative weight of gapless real matches to pseudocounts
            A   R   N   D   C   Q   E   G   H   I   L   K   M   F   P   S   T   W   Y   V   A   R   N   D   C   Q   E   G   H   I   L   K   M   F   P   S   T   W   Y   V
    1 V    -1  -3  -3  -3  -1  -3  -3  -4  -3   3   1  -3   1  -1  -3  -2   0  -3  -1   4    0   0   0   0   0   0   0   0   0  33   0   0   0   0   0   0   0   0   0  67  0.36 0.01
    2 Q     1   0  -1   0  -3   4   4  -2   0  -3  -3   0  -1  -3  -1   0   1  -3  -2  -2   13   0   0   0   0  32  40   0   0   0   0   0   0   0   0   0  15   0   0   0  0.45 0.05
    3 P     3  -2  -2  -2  -1  -1  -1  -1  -2  -1  -2  -1  -1  -3   4   1   2  -3  -2   0   39   0   0   0   0   0   0   0   0   0   0   0   0   0  26   8  17   0   0  10  0.47 0.05
    4 F    -1  -1  -1  -2  -2  -1  -2  -2  -1   0  -1   0  -1   3  -2   2   1  -1   3   0    0   0   0   0   0   0   0   0   0   7   0   7   0  19   0  34   8   0  17   8  0.21 0.06
    5 A     4  -2  -1  -2  -2   1   0   0  -2  -3  -3  -1  -2  -3  -2   3   0  -3  -3  -1   54   0   0   0   0   5   5   5   0   0   0   0   0   0   0  26   4   0   0   0  0.43 0.12
    6 W     2  -1  -1  -1  -2   2   1   0  -1  -2  -1   2   0  -2  -2   0   1   5   0  -2   23   0   0   0   0  12  11   5   0   0   3  16   4   0   0   4   9   9   4   0  0.22 0.08
    7 Q    -1  -1   4   2  -3   2   1   0  -1  -4  -4   0  -3  -4   0   2  -1  -4  -3  -3    0   0  29  13   0  11  10   4   0   0   0   5   0   0   4  24   0   0   0   0  0.46 0.13
    8 V     0  -3  -3  -3   1  -1  -3  -1  -3   3   2  -2   0  -1  -3   0  -1  -3  -2   2    9   0   0   0   4   4   0   4   0  34  27   0   0   0   0   7   0   0   0  10  0.24 0.10
    9 A     2  -3   1   2  -3  -2  -1  -2   0  -3  -3  -2  -3  -3   5   0   0  -4   1  -3   29   0   7  16   0   0   0   0   2   0   0   0   0   0  33   3   3   0   6   0  0.66 0.17
   10 S     1  -2   1   1  -2   0  -1  -1   0  -3  -3   0  -2  -3   0   3   2  -3   0  -1   12   0   7   9   0   5   0   2   2   0   0   4   0   0   3  36  14   0   3   3  0.29 0.13
   11 L    -3  -4  -5  -5  -3  -4  -4  -5  -4   1   5  -4   3   1  -4  -4  -3  -3  -2   0    0   0   0   0   0   0   0   0   0   6  84   0   7   4   0   0   0   0   0   0  0.98 0.26
   12 A     2   1   0   0   1  -1  -1  -2   0  -1  -1   3   1  -3  -2   1  -1  -4  -3  -2   25   5   3   5   4   0   0   0   2   3   5  34   6   0   0   8   0   0   0   0  0.26 0.14
   13 D     0  -1   1   3  -3   0   3  -1  -2  -3  -3   2  -3  -4  -2   0   0  -4  -3  -1    9   0   7  25   0   2  20   3   0   0   0  21   0   0   0   6   3   0   0   5  0.39 0.13
   14 R     2   1  -2   0  -2  -1  -1  -2  -2  -1  -1   1   0  -1  -2   0   0  -3  -2   1   32   9   0   7   0   0   0   0   0   0   4  14   3   3   0   4   6   0   0  16  0.16 0.10
   15 Y     0  -1  -3  -3  -3  -2  -3   1  -1  -2   1   0  -1   4  -3  -2  -2   0   6  -2   12   2   0   0   0   0   0  10   0   0  13   8   0  17   0   0   0   0  35   0  0.47 0.17
   16 E     1   1  -1  -2  -3   0   0   3  -2  -4  -3   4  -3  -4  -1   0  -2  -4  -3  -3   13   6   0   0   0   2   5  26   0   0   0  41   0   0   2   3   0   0   0   0  0.48 0.16
   17 E    -1   0   3   3  -3   1   0   0  -1  -3  -2   3  -2  -3   0   1  -1  -4  -3  -3    4   3  17  18   0   4   4   6   0   0   5  29   0   0   3   8   0   0   0   0  0.33 0.12
   18 S    -2  -1  -2   2  -3  -1  -1  -3   1  -2   0   0  -2   0  -3  -1  -2   0   6  -2    0   3   0  16   0   2   2   0   3   0  10   8   0   0   0   6   0   0  47   1  0.61 0.20
   19 F    -4  -4  -4  -5  -4  -4  -5  -3  -2  -1   0  -4  -2   7  -5  -4  -4   0   5  -2    0   0   0   0   0   0   0   2   0   2   5   0   0  71   0   0   0   0  20   0  1.43 0.31
   20 D     0   1  -1   0  -2   0   0   1  -1  -1   0   2   0  -2   2   0   0  -2  -1  -1    4  10   1   7   1   1   2  10   1   2  11  23   3   1  10   2   8   0   1   2  0.13 0.04
   21 I    -2  -3  -3  -3  -2  -3  -3  -3  -3   4   1  -3   0   4  -3  -3  -2  -2   1   2    1   1   1   1   0   1   1   1   0  43  11   1   0  22   1   1   1   0   3  11  0.48 0.15
   22 G    -2  -4  -2  -3  -5  -4  -4   7  -4  -6  -6  -4  -5  -5  -4  -2  -4  -5  -5  -5    0   0   0   0   0   0   0 100   0   0   0   0   0   0   0   0   0   0   0   0  2.00 0.40
   23 A     2  -3   2  -2  -2  -2  -2  -3  -3  -1  -2  -2  -2  -2  -3   0   5  -4  -3   2   17   0  12   0   0   0   0   0   0   0   0   0   0   2   0   4  44   0   0  20  0.51 0.23
   24 A     5  -3  -3  -3   4  -3  -2  -2  -3   1  -3  -3  -2  -4  -3   0  -2  -4  -3  -1   72   0   0   0   9   0   2   0   0   9   0   0   0   0   0   5   0   0   0   2  0.79 0.28
   25 V     1  -3  -3  -3  -2  -3  -3  -1  -3   3   1  -3   0  -2  -3   0   2  -3  -2   3   10   0   0   0   0   0   0   4   0  18  15   0   1   0   0   5  14   0   0  33  0.32 0.14
   26 E    -1  -1   3   4  -3   0   1  -2   1  -4  -4  -1  -3  -4   1   1   2  -5  -3  -3    4   2  17  33   0   2   7   0   4   0   0   0   0   0   6  11  14   0   0   0  0.52 0.17
   27 P     1   1   1  -2  -3   2  -1  -2   1  -2  -3   0  -2  -3   4   1   1  -3   0  -2   13   9   9   0   0  12   2   0   4   1   0   4   0   0  21  14   8   0   3   1  0.37 0.14
   28 H    -1   2   1  -1  -3  -1   1   2   3  -3  -2   0   0  -1   1   0  -1   1   1  -2    3  13   9   0   0   0   9  17  10   0   2   5   4   2   7   4   3   3   7   3  0.18 0.09
   29 Q     0   1   2   2  -1   2   2  -1   0  -2  -1  -1   0  -3  -2   0   1  -3  -1  -1   11   8  11  11   2  10  14   3   2   0   7   0   4   0   0   0  12   0   2   3  0.16 0.10
   30 L    -2  -3  -3  -4  -2  -3  -3  -2  -3   2   4  -3   2   1  -3  -1   1  -3  -2   1    2   0   0   0   0   0   0   3   0   9  56   0   4   6   0   4  10   0   0   6  0.45 0.18
   31 N    -2   0   4   3  -4   0   1   0   1  -4  -4  -1  -3  -3  -3   1  -1   5  -1  -4    0   3  29  22   0   4   9   6   3   0   0   2   0   0   0  10   2   9   2   0  0.55 0.19
   32 G     0  -2   1   1  -3   0   1   2  -2  -3  -4  -1  -3  -4   2   3   1  -4  -3  -3    4   0   9   6   0   3   9  14   0   0   0   1   0   0  12  32  11   0   0   0  0.39 0.14
   33 R     1   1   0   0  -3   2   0  -1   1  -2  -3   2  -2  -3   0   1   1  -1  -2  -1   13   6   5   4   0  15   0   3   4   0   0  22   0   0   3   8  11   1   0   4  0.22 0.10
   34 Q    -2   0   2   3  -3   2   1  -2   2  -1  -2  -1  -2  -1  -2  -1  -1  -2   4  -2    0   5  15  18   0  11   6   2   7   4   1   2   0   0   1   2   3   0  21   2  0.31 0.14
   35 G     0  -1   0  -2  -2   0   0  -1  -2   1   0  -1   0  -1   1   1   1  -2   0   1    9   2   4   0   0   5   5   3   0  15   3   2   4   0   5   9  14   0   6  14  0.08 0.06
   36 K     1   0   2   1  -3   1   2  -1   2  -2  -2   1  -2  -3  -1   0  -1  -3  -2  -1   20   3  11   7   0   8  13   2   7   0   5  13   0   0   1   5   0   0   0   4  0.19 0.09
   37 V    -1  -3  -1  -3  -2  -2  -3  -4  -3   4   2  -3   1   2  -3  -3  -2  -3  -1   2    4   0   5   0   0   2   0   0   0  40  20   0   3   9   0   0   0   0   0  15  0.41 0.15
   38 L     0  -3  -4  -4  -2  -3  -3  -4  -4   4   2  -3   0   2  -4  -3  -1  -3   0   2    7   0   0   0   0   0   2   0   0  34  26   0   0  10   0   0   2   0   1  17  0.44 0.16
   39 K     0   1  -1  -1  -3   1   0  -1  -2  -3  -1   4   1  -3  -2   0   2  -4  -3  -2   10   4   0   2   0   4   3   3   0   0   6  45   4   0   0   2  15   0   0   0  0.37 0.17
   40 H     1   3   0   1  -3   0   0  -2   0  -3  -3   4   0  -4  -2   0  -1  -4  -3  -3   19  17   3  10   0   0   2   1   2   0   0  37   3   0   0   6   0   0   0   0  0.42 0.17
   41 H    -1  -2   2   4  -4   2   3  -3   6  -4  -4  -1  -3  -3  -3  -2  -2  -4   0  -4    4   0   8  25   0   9  21   0  30   0   0   0   0   0   0   0   0   0   3   0  0.79 0.24
   42 Y    -3  -4  -4  -5  -4  -4  -4  -5   0   1  -1  -4  -1   7  -5  -2  -3   3   3   0    0   0   0   0   0   0   0   0   3   8   1   0   1  69   0   4   0   3   6   4  1.21 0.31
   43 N    -3  -3   7   1  -4  -2  -2   3  -2  -5  -5  -2  -4  -5  -4   0  -2  -5  -4  -5    0   0  64   5   0   0   0  28   0   0   0   0   0   0   0   3   0   0   0   0  1.21 0.32
   44 S     0  -2  -2  -2  -3   4  -1  -3   0  -1  -2  -1   3  -3  -3   4  -1   2  -3  -1    5   0   0   0   0  29   0   0   1   4   1   0  11   0   0  41   0   4   0   4  0.52 0.25
   45 I     0  -3  -4  -4  -2  -3  -4  -4  -4   4   2  -3   2   0  -4  -2  -2  -3  -2   3   10   0   0   0   0   0   0   0   0  37  22   0   4   2   0   2   0   0   0  23  0.49 0.17
   46 V    -2  -3  -2  -3  -3  -3  -3  -4  -4  -1  -2  -3  -2  -4  -3   0   6  -4  -3   3    0   0   0   0   0   0   0   0   0   0   0   0   0   0   0   1  75   0   0  24  1.10 0.35
   47 A     3  -3  -2  -3   3  -3  -3  -3  -3   0  -2  -3  -2  -1   6  -1  -2  -4  -3  -1   37   0   2   0   8   0   0   0   0   7   2   0   0   4  39   0   0   0   0   2  0.86 0.24
   48 E    -1  -2  -2   0  -4   0   6   1  -2  -4  -4  -1  -3  -4  -3  -2  -2  -4  -3  -4    5   0   0   0   0   0  77  13   0   0   1   0   0   0   0   0   0   0   0   0  1.09 0.30
   49 N    -4  -3   8  -1  -5  -2  -2  -3  -2  -6  -6  -2  -4  -5  -4  -1  -2  -6  -4  -5    0   0 100   0   0   0   0   0   0   0   0   0   0   0   0   0   0   0   0   0  2.10 0.48
   50 A     2  -2  -1   1   1   1   3  -1   0   0  -2  -1  -2  -2  -2   2   0  -4  -2  -1   18   0   0   6   4   4  25   2   3  11   0   0   0   1   0  23   2   0   0   1  0.26 0.14
   51 M    -3  -4  -4  -5   2  -1  -4  -5  -4  -1   0  -3   9   1  -5   0  -3   1  -2  -2    0   0   0   0   4   2   0   0   0   0   2   0  77   7   0   7   0   2   0   0  1.48 0.43
   52 K    -2   0  -2  -3  -5  -1  -1  -3  -3  -5  -5   7  -3  -5  -3   0  -2  -5  -4  -4    0   0   0   0   0   0   0   0   0   0   0  93   0   0   0   7   0   0   0   0  1.48 0.40
   53 P    -3  -4  -4  -5  -2  -4  -4  -2  -4  -2  -1  -4   0   2   4  -2  -3  10   0  -4    0   0   0   0   1   0   0   2   0   1   4   0   3   9  25   2   0  50   0   0  1.82 0.36
   54 I     0  -2  -1   4  -4   1   4   0  -2  -2  -3  -1   1  -3  -2   0  -2  -4   0  -3    8   0   0  33   0   5  31   5   0   2   0   0   5   0   0   7   0   0   4   0  0.51 0.18
   55 S     3  -2  -1  -2  -2  -1  -1   0   1  -1  -1  -2  -1  -2  -1   2   1  -3   1   0   35   0   2   0   0   0   3   3   4   2   7   0   0   0   2  23   6   0   7   6  0.23 0.13
   56 L    -2  -3  -1  -3  -2  -3  -3  -4  -3   3   2  -3   1  -1  -3  -1   3  -3   1   1    0   0   4   0   0   0   0   0   0  25  28   0   2   0   0   0  29   0   5   7  0.38 0.17
   57 Q    -2  -1  -2  -1  -4   4   5  -4   4  -3  -1   0   0  -4  -3  -2  -2  -4  -2  -3    0   0   0   0   0  24  48   0  13   0   9   3   3   0   0   0   0   0   0   0  0.78 0.26
   58 P    -1  -3   0   0  -4  -1  -2  -1  -3  -4  -4  -1  -4  -4   7  -2  -2  -5  -1  -2    3   0   5   4   0   3   0   5   0   0   0   2   0   0  70   0   2   0   3   2  1.54 0.31
   59 E    -1   2   1  -1  -3   2   2  -1  -1  -3  -3   1  -2  -3  -2   3   2  -3  -1  -3    0  13   6   0   0  14  14   3   0   0   0   6   0   0   0  28  15   0   2   0  0.38 0.15
   60 E    -2   4  -1  -1  -4   3   4  -1  -1  -4  -3   2   0  -4   0  -1  -1  -4  -3  -3    0  25   0   0   0  13  35   5   0   0   0  11   4   0   4   2   2   0   0   0  0.56 0.19
   61 G     0  -3   3  -1  -4   0  -2   6  -1  -4  -3  -2  -3  -4  -3  -1  -2  -4  -2  -4    4   0  15   2   0   4   0  66   1   0   3   0   0   0   0   3   0   0   1   0  0.94 0.24
   62 V    -1   2   2  -1  -3   2   0  -1  -1   0  -2   2  -2  -3  -2   0  -1  -3  -1   1    0  13  16   0   0  15   3   3   0   4   0  19   0   0   0   7   2   0   2  16  0.24 0.13
   63 F    -3  -4  -4  -5   1  -4  -4  -5  -2   1  -1  -4  -1   6  -5  -4  -3   3   6  -1    0   0   0   0   3   0   0   0   0   8   3   0   0  50   0   0   0   3  30   2  1.14 0.28
   64 T    -2   0   5   2  -3  -1  -1  -2   0  -3  -4   0  -3  -4  -3   2   3  -4  -3  -2    0   4  36  11   0   1   0   1   2   0   0   3   0   0   0  17  24   0   0   1  0.57 0.20
   65 W    -4  -5  -5  -6  -4  -5  -5  -5  -3  -2   0  -5  -2   8  -6  -4  -4   7   3  -3    0   0   0   0   0   0   0   0   0   0   4   0   0  74   0   0   0  16   5   0  1.71 0.36
   66 D     1  -1   1   2  -2   0   1   1   0  -3  -3  -1  -2  -4  -2   2   1  -4  -3  -2   15   2   6  15   0   1  12  10   2   0   0   0   0   0   0  24  12   0   0   0  0.32 0.12
   67 G     0   0   2   1  -3   1   0   2  -1  -1  -2   1  -2  -3   2   0   0  -4  -3  -2    8   4  13   9   0   6   3  20   0   5   2   8   0   0  10   4   7   0   0   0  0.22 0.08
   68 A     5  -3  -3  -3   3  -2  -2   1  -3  -2   0  -2  -2  -3  -2   0   0  -4  -3   0   61   0   0   0   6   0   0  10   0   0  10   0   0   0   0   5   3   0   0   4  0.53 0.21
   69 D    -1  -3  -1   7  -5  -2   0  -3  -3  -1  -5  -2  -4  -5  -3  -1  -2  -6  -5  -4    6   0   0  82   0   0   3   0   0   5   0   0   0   0   0   4   0   0   0   0  1.38 0.33
   70 A     0   3   0  -1  -3   2   1  -2   0  -2  -3   2  -2  -1   1   0  -1  -2   2  -2   10  17   3   0   0  12  10   0   1   1   0  17   0   2   5   8   2   0  12   0  0.28 0.12
   71 I    -1  -3  -3  -4  -2  -3  -3  -4   2   3   2  -3   1   1  -3  -2   0  -2   1   2    5   0   0   0   0   0   0   0   7  25  23   0   2   6   0   0   7   0   7  18  0.30 0.12
   72 V     1  -2  -3  -4  -2  -3  -3  -3  -3   1   1  -2   0  -1  -3  -1  -1  -3   3   4   14   2   0   0   0   0   0   0   0   5  11   2   0   0   0   4   0   0  12  51  0.40 0.18
   73 E     0  -1   4   3  -3   2   2  -2  -1  -4  -4   1  -3  -4   0   1  -1  -4  -3  -3   11   0  24  18   0  13  14   0   0   0   0   8   0   0   4   8   1   0   0   0  0.45 0.15
   74 F    -2  -3  -4  -4  -4  -3  -2  -4  -2  -1   1   0   0   6  -4  -3  -3   4   4  -2    2   0   0   0   0   0   3   0   0   2  14   7   2  52   0   0   0   6  12   0  0.82 0.23
   75 A     5  -3  -3  -3   5  -2  -3  -1  -3  -3  -3  -2  -2  -4  -3   1   0  -4  -3  -1   64   0   0   0  17   0   0   2   0   0   0   0   0   0   0  11   2   0   0   4  0.78 0.26
   76 R     0   2  -1   1  -3   1   2  -2  -1  -1  -1   3  -1  -3  -2   0   0  -3  -1  -1    9  15   0   8   0   5  13   0   0   3   4  24   1   0   0   2   7   0   2   5  0.21 0.09
   77 K     1   0   0   0  -3   3   2  -2  -1  -3  -3   2  -2  -4  -2   2   0  -3  -3  -2   18   3   2   4   0  23  16   0   0   0   0  13   0   0   0  16   5   0   0   0  0.37 0.14
   78 N    -3   0   7   0  -4  -1  -1  -2   3  -4  -2  -1  -3  -4  -3  -1   0  -4  -2  -4    0   5  71   2   0   0   3   0   7   0   4   1   0   0   0   0   4   0   1   0  1.06 0.29
   79 N    -1  -2   3   0  -4  -1  -2   5  -2  -4  -4   0  -3   1  -3   0  -2  -4  -3  -4    0   0  19   5   0   2   0  57   0   0   0   6   0   7   0   4   0   0   0   0  0.79 0.22
   80 M    -2  -1  -2   1  -3   1  -2  -4   1   3   0   2   5  -2  -3  -1  -2  -3  -1   0    0   0   0   9   0   9   0   0   4  23   5  16  31   0   0   3   0   0   1   0  0.37 0.20
   81 N     0  -1  -1  -1  -2   0   1   0  -2   0   1   2   0  -2   0   0   0  -3  -1   0    9   0   1   1   0   4  10   8   0   8  15  21   3   0   3   5   6   0   2   3  0.07 0.06
   82 L    -2  -3  -4  -5  -2  -3  -4  -5  -4   3   3  -3   4   0  -4  -3  -2  -3  -2   4    0   0   0   0   0   0   0   0   0  16  25   0  16   3   0   0   0   0   0  39  0.61 0.19
   83 R    -3   7  -2  -3  -5  -1  -2  -4   4  -2  -3   1   2  -4  -4  -2  -3  -4  -1  -4    0  76   0   0   0   0   0   0  10   2   0   3   7   0   0   0   0   0   1   0  1.25 0.33
   84 F    -1  -4  -2  -3   3  -4  -4   6  -4  -5  -5  -3  -4   0  -4  -2  -3  -4  -4  -4    3   0   0   0   9   0   0  84   0   0   0   0   0   5   0   0   0   0   0   0  1.42 0.31
   85 H    -4  -2  -2  -3  -5  -2  -2  -4  10  -5  -5  -3  -4  -4  -4  -3   0  -5   0  -5    0   0   0   0   0   0   0   0  93   0   0   0   0   0   0   0   7   0   0   0  2.43 0.49
   86 T     1  -3   1  -3   5  -2  -3  -3  -3  -2  -3  -2  -2  -4  -3   0   5  -4  -3   0   14   0   6   0  14   0   0   0   0   0   0   0   0   0   0   0  60   0   0   5  0.79 0.28
   87 L    -3  -4  -4  -5   1  -4  -4  -5  -4   1   5  -4   1   2  -4  -3   0  -3  -2   0    0   0   0   0   4   0   0   0   0   7  74   0   0   9   0   0   7   0   0   0  0.75 0.23
   88 V    -1  -3  -4  -4   2  -3  -3  -4  -4   2   1  -3   0   0  -3  -2  -1  -3  -2   5    2   0   0   0   5   0   0   1   0  11   7   0   0   4   0   1   3   0   0  64  0.60 0.20
   89 W    -4  -4  -5  -5  -4  -4  -5  -4  -4  -4  -4  -5  -3  -1  -5  -4  -4  12   0  -5    1   0   0   0   0   0   0   1   0   0   1   0   0   0   0   1   0  93   0   0  3.67 0.54
   90 H    -3  -2  -1  -1  -4  -1   0  -1   9  -4  -4  -2  -3  -2  -3  -2  -3   1   3  -4    1   0   0   3   0   0   5   4  73   0   1   0   0   0   0   1   0   2   9   0  1.59 0.35
   91 N     2  -2   4  -1  -3   0  -1  -2  -2  -4  -4  -2  -3  -4  -1   4  -1  -4  -3  -3   14   0  29   0   0   4   0   0   0   0   0   0   0   0   3  50   0   0   0   0  0.71 0.25
   92 Q     0  -1  -2  -2  -5   8   1  -4  -1  -5  -4  -1  -2  -5  -3  -2  -3  -4   0  -4    7   0   0   0   0  85   4   0   0   0   0   0   0   0   0   0   0   0   3   0  1.51 0.41
   93 V    -1  -2  -2  -3  -2   1  -2  -3  -3   0   3  -2   3  -1  -3   0   3  -3  -2   1    2   0   1   0   0   9   0   0   0   0  38   0   9   2   0   6  27   0   0   7  0.33 0.17
   94 P    -1  -4  -4  -4  -5  -3  -3  -4  -4  -5  -5  -3  -5  -6   8  -3  -3  -6  -5  -4    4   0   0   0   0   0   0   0   0   0   0   0   0   0  96   0   0   0   0   0  2.63 0.44
   95 D     2  -1   1   2  -2   1   1   1  -2  -3  -3   0  -2  -4  -1   3   0  -4  -3  -2   19   0   8  13   0   7   6   9   0   0   0   4   0   0   2  27   5   0   0   0  0.31 0.12
   96 W    -5  -5  -6  -6  -5  -4  -5  -3  -5  -5  -4  -5  -4   0  -6  -5  -5  12   1  -5    0   0   0   0   0   0   0   2   0   0   0   0   0   2   0   0   0  93   2   0  3.68 0.55
   97 F    -2  -3  -4  -4  -2  -3  -4  -4  -3   1   1  -3   4   5  -4  -3  -2  -2   0   3    0   0   0   0   0   0   0   0   0   2  12   0  14  33   0   0   0   0   0  36  0.61 0.20
   98 F    -1  -2   1  -1   0  -1  -1  -2   0  -1  -1  -1   0   5  -2   0  -1   0   1  -1    3   2  11   4   3   1   2   2   2   2   3   4   2  46   2   6   2   0   2   2  0.35 0.10
   99 L    -1   1   1   0  -2   1   0  -1   1  -1   0   2  -1  -1  -1   0   1  -2  -1  -1    4   7  11   4   1   5   4   3   4   3  10  18   1   1   2   3  14   0   1   4  0.09 0.03
  100 D    -1   0   1   4  -2   0   1   0  -1   0  -1   1  -1  -2  -1   0  -1  -2  -1  -1    3   2   6  30   1   2   5   5   1   6   8  15   1   2   2   3   2   1   1   4  0.17 0.05
  101 E     0   0   1   0  -2   0   1  -1   0  -2  -2   2  -1  -1   2   1   0   1   1  -1    5   2  11   5   1   2   8   3   1   2   4  18   1   2   9  11   2   2   8   3  0.13 0.04
  102 E     0   0   1   1  -1   1   1   0   0  -1  -1   0  -1  -1   2   0   0  -1   0  -1    8   3   8   9   1   5  13   9   1   3   5   5   1   2  10   6   3   1   4   4  0.11 0.01
  103 G     0  -1   0   1  -1   0   0   3  -1  -1  -1  -1  -1  -1   1   0   0  -1  -1  -1    4   3   2  12   1   2   3  30   1   3   5   3   1   2   7   7   6   1   2   4  0.18 0.03
  104 N     0   0   2   0  -1   0   1   1   1   0  -1   1  -1  -1   0   0   0  -1  -1   0    5   3  13   3   1   3  10  11   4  10   6   9   1   2   3   4   4   1   2   4  0.04 0.01
  105 P     1   0   0   0  -1   0   0   0  -1   0   0   0   0  -1   2   0   0  -1  -1   0   13   5   3   4   1   3   7   5   2   4   9   4   2   3  11   5   6   1   2   9  0.06 0.00
  106 M     0   1   0   0  -1   0   0   0   0   0   0   0   1  -1   0   0   0   0   0   0   10  11   3   4   1   3   5   6   2   4   9   7   9   3   4   5   4   1   2   5  0.02 0.00
  107 V     0   0   0   0   1   0   0   0  -1   1   0   0   0   0   0   0   0   0   0   1    6   4   3   4   4   3   5   6   2   4   9   4   2   3   4   5   4   1   2  23  0.01 0.01
  108 E     0   0   0   2  -1   0   2   0   0  -1  -1   0  -1  -1   0   0   0  -1  -1  -1    6   4   5  13   1   3  18   5   2   4   7   4   2   3   4   5   7   1   2   5  0.08 0.01
  109 E     0   0   1   0  -1   0   1   0   0  -1  -1   0   0   0   0   0   0   0   1  -1    6   7   9   4   1   3  12   6   2   4   7   4   2   3   4   6   5   1  10   5  0.04 0.00
  110 T     0   0   0   0  -1   1   0   0   0  -1   0   0   0   1   0   0   1   0   1   0    6   4   3   4   1  10   5   5   2   4   7   4   2   9   4   8  11   1   8   5  0.04 0.01
  111 N     0   0   1   2  -1   1   0   0   0  -1  -1   0  -1  -1   0   1   0  -1  -1  -1    6   4   9  19   1   6   5   5   2   4   6   4   2   3   4   9   4   1   2   5  0.09 0.01
  112 E     0   1   0   1  -1   1   1   0   0  -1  -1   0  -1  -1   2   0   0  -1  -1   0    5  11   5   9   1   6   8   5   2   4   6   4   2   3   9   5   4   1   2   7  0.07 0.01
  113 A     0   1   2   0  -1   0   0   0   0  -1  -1   0  -1  -1   1   1   1  -1  -1  -1    8  10  16   5   1   4   4   4   1   3   5   3   1   2   6  10   9   1   2   5  0.09 0.02
  114 K     0   0   1   0  -1   1   0   1   2  -2  -1   1  -1   0  -1   1   0  -1  -1  -1    5   2   5   2   1   7   3  13   8   2   4  14   1   4   2  15   6   1   1   3  0.10 0.03
  115 R     0   2   0  -1  -2   1   0   1  -1  -1  -1   1  -1  -2   1   0   0  -2  -2   0   10  14   6   1   1   8   3  13   1   1   2   8   1   1   7   7   4   0   1  11  0.11 0.03
  116 Q    -1  -1   2  -1  -2   0   1  -2  -1   1  -1  -1   0   2   1   0  -1   2   1  -1    4   2  14   1   0   2  14   2   0  13   5   1   3  13   6  11   1   3   4   1  0.09 0.06
  117 A     1  -1  -1  -1  -2  -1  -1   0  -2   0   0  -1   0   0  -2   0   0   5   0   1   15   2   1   3   0   2   3   9   0   1  11   5   0   5   1   3   6   9   1  21  0.10 0.06
  118 N    -1  -2   3   4  -3   1   0   0  -1  -3  -3  -1  -3  -4  -2   2   1  -4  -3  -3    0   0  16  31   0   7   0   5   0   0   1   2   0   0   0  23  10   0   0   0  0.48 0.16
  119 K     0   4   1  -2  -3   1  -1  -1  -1  -3  -3   3  -2  -4   1  -1  -1  -3  -3  -3   11  31   9   0   0   3   0   3   0   0   1  29   0   0   7   0   3   0   0   0  0.46 0.15
  120 E     1  -1   2   3  -3   1   3  -1   2  -3  -3   0  -2  -1  -2   1  -1  -3  -2  -3   13   0  10  18   0   7  23   1   7   0   1   3   0   4   0   8   2   0   0   0  0.32 0.11
  121 L     0  -2   1  -1  -2   1   0  -2  -2   0   0  -1   0  -2  -2   0   3  -3  -2   1    6   0  10   3   0   6   6   0   0   6  10   0   2   0   0   2  35   0   0  12  0.21 0.12
  122 L    -2  -3  -4  -4  -2  -3  -4  -4  -3   1   4  -3   4   3  -4  -3  -2  -2  -1   0    3   0   0   0   0   0   0   0   0   4  56   0  17  15   0   0   0   0   0   2  0.63 0.19
  123 L    -1   1  -1   0   2   0   0  -3  -2   1   2   0   0  -1  -2  -1   2  -3  -1   0    0   9   3   6   7   2   6   0   0   9  30   5   1   0   0   0  17   0   2   0  0.12 0.09
  124 E     1   0   1   1  -3   3   2  -1  -1  -3  -3   0  -2  -1   1   1   0  -3  -2  -2   18   3   6   9   0  20  11   3   0   0   0   4   0   4   7  13   2   0   0   0  0.26 0.10
  125 R     1   5   1  -1  -3  -1  -2  -3  -2   0  -2   0  -2  -3  -3  -1  -1  -4  -3   2   15  43  10   3   0   0   0   0   0   6   0   0   0   0   0   0   0   0   0  21  0.41 0.17
  126 L    -2  -3  -4  -4  -2  -3  -4  -4  -4   3   4  -3   5   0  -4  -1  -2  -3  -2   1    0   0   0   0   0   0   0   0   0  20  43   0  23   2   0   7   0   0   0   5  0.57 0.19
  127 E    -1   2  -1   1  -4   2   4  -3  -1  -3  -3   3  -2  -4  -2   0  -1  -4  -1  -2    2  11   0   5   0   9  32   0   0   1   0  26   0   0   0   7   1   0   2   4  0.47 0.16
  128 T    -2   0   5   2  -3   1   1  -2   0  -4  -4   0  -3  -2  -2   2   2  -4  -3  -3    0   2  35  11   0   7   9   0   2   0   0   3   0   3   0  16  13   0   0   0  0.48 0.16
  129 H    -4   0  -2  -3  -5  -2  -2  -4   9  -4  -4  -3   0  -1  -4  -3  -3   3   5  -4    0   4   0   0   0   0   0   0  65   0   0   0   3   0   0   0   0   4  24   0  1.65 0.37
  130 I    -3  -4  -5  -5   1  -4  -5  -5  -5   6   1  -4   0  -2  -4  -4  -2  -4  -3   3    0   0   0   0   3   0   0   0   0  75   3   0   0   0   0   0   0   0   0  18  1.03 0.28
  131 K    -1   1   2   0  -3   1  -1  -2   2  -3  -3   3  -2  -3  -2   1   2  -4  -1  -3    3   6   9   5   0   6   0   0   7   0   0  31   0   0   0  10  21   0   1   0  0.36 0.15
  132 T     0  -2   2   1  -3   2   0   0   0  -3  -3   0  -2  -4  -2   1   4  -4  -3  -2    5   0  12   6   0  10   2   5   2   0   0   5   0   0   0   6  48   0   0   0  0.46 0.19
  133 V    -1  -3  -4  -4  -2  -3  -1  -4  -3   2   1  -3   2  -1  -3  -2   0  -3   0   5    3   0   0   0   0   0   4   0   0   7  14   0   5   0   0   0   5   0   4  58  0.50 0.19
  134 V     0  -3  -4  -4   3  -3  -4  -4  -4   1   1  -3   4   1  -4  -3  -2  -3  -2   4    7   0   0   0   6   0   0   0   0   3   6   0  19   6   0   0   0   0   0  53  0.58 0.21
  135 E     1  -1   0   1  -3   1   2   3  -2  -3  -3   0  -2  -4  -2   0   1  -3  -3  -2   14   0   3   9   0   7  16  27   0   0   2   7   0   0   0   6   9   0   0   0  0.32 0.11
  136 R    -2   6   1  -3  -5   0   0  -4   7  -5  -4   0  -3  -4  -4  -2  -3  -4  -1  -4    3  52   5   0   0   1   3   0  36   0   0   0   0   0   0   0   0   0   0   0  1.16 0.30
  137 Y    -4  -4  -4  -5  -4  -4  -4  -5  -1  -1  -1  -4  -2   4  -5  -4  -3   3   8  -3    0   0   0   0   0   0   0   0   0   3   3   0   0  19   0   0   0   3  72   0  1.63 0.36
  138 K    -1   1  -2  -2  -4   1   0  -1  -2  -4  -4   6  -3  -5   2  -2  -2  -4  -3  -4    4   5   0   0   0   3   4   5   0   0   0  70   0   0  10   0   0   0   0   0  0.86 0.26
  139 D    -1  -1   0   3  -4  -2  -2   6  -3  -5  -5  -2  -4  -5  -3   0  -2  -4  -4  -4    0   3   3  24   0   0   0  63   0   0   0   0   0   0   0   6   1   0   0   0  1.00 0.24
  140 D    -2   1   1   1  -4   3   0  -3  -2  -2  -3   4  -2  -4  -2  -1   0  -4  -3  -1    0   5   9   9   0  19   0   0   0   3   0  42   0   0   0   0   7   0   0   6  0.47 0.18
  141 V    -1  -4  -4  -4   3  -3  -4  -4  -4   4   1  -4   1   0  -4  -3  -2  -3  -2   4    4   0   0   0   8   0   0   0   0  36   9   0   1   3   0   0   0   0   0  38  0.58 0.18
  142 T    -2  -1  -3  -3  -3  -2  -1  -4   0   0  -1   1   1   0  -3  -2   0  -1   6   1    2   3   0   0   0   0   3   0   1   5   2  13   5   0   0   0   6   0  44  14  0.53 0.20
  143 A     3  -2  -2  -2   2   0  -1   0   3   0  -2  -2  -2  -2  -2   2  -1  -3   0   0   39   0   0   0   5   3   1   5  10   6   0   0   0   0   0  16   1   0   4   9  0.27 0.14
  144 W    -4  -5  -5  -6  -4  -4  -5  -4  -4  -4  -4  -5  -3  -1  -5  -5  -4  12   2  -5    0   0   0   0   0   0   0   0   0   0   0   0   0   0   0   0   0  90   6   0  3.51 0.52
  145 D    -4  -3   0   8  -5  -2   0  -3   3  -5  -6  -3  -5  -5  -3  -2  -3  -6  -4  -5    0   0   0  93   0   0   0   0   7   0   0   0   0   0   0   0   0   0   0   0  1.80 0.38
  146 V    -2  -4  -5  -5  -2  -4  -4  -5  -5   2  -1  -4  -1  -2  -4  -3  -2  -5  -3   6    0   0   0   0   0   0   0   0   0   7   0   0   0   0   0   0   0   0   0  93  1.23 0.34
  147 V    -1  -4   1  -4   2  -3  -4  -4  -4   1  -1  -4  -1  -3  -4  -3  -2  -4  -3   6    1   0  11   0   6   0   0   0   0   2   2   0   0   0   0   0   0   0   0  79  0.85 0.28
  148 N    -4  -2   8  -1  -5  -2  -2  -2  -1  -5  -6  -2  -4  -5  -4  -1  -2  -6  -4  -5    0   0 100   0   0   0   0   0   0   0   0   0   0   0   0   0   0   0   0   0  1.99 0.44
  149 E    -3  -2  -2   0  -6   0   7  -4  -2  -5  -5  -1  -4  -5  -3  -2  -3  -5  -4  -4    0   0   0   0   0   0 100   0   0   0   0   0   0   0   0   0   0   0   0   0  1.73 0.41
  150 V     4  -3  -3  -3   0  -3  -3  -2  -3   3  -1  -3   2  -3   0  -1   0  -4  -3   1   53   0   0   0   2   0   0   0   0  20   2   0   6   0   4   0   3   0   0  10  0.47 0.22
  151 V    -2  -4  -4  -5  -3  -4  -4  -5  -4   4   2  -4   2   5  -4  -3  -2  -2   0   3    0   0   0   0   0   0   0   0   0  27  13   0   6  30   0   0   0   0   0  24  0.64 0.21
  152 D     0  -2   4   4  -4  -1   2  -1   2  -4  -2  -1  -3  -4   1   1  -1  -4  -3  -3    9   0  23  28   0   0  12   2   7   0   5   0   0   0   7   8   0   0   0   0  0.47 0.17
  153 D    -2  -2   0   5  -4  -1   4   1  -2  -4  -4  -1  -4  -4   0  -1  -2  -4  -4  -4    0   0   3  47   0   0  32  10   0   0   0   0   0   0   5   0   0   0   0   0  0.88 0.25
  154 G    -1  -1   4   0  -2  -1  -1   2   2  -2  -2   0  -2  -2  -1   0  -1  -2  -1  -2    3   2  35   5   1   2   2  21   6   2   3   6   1   1   2   3   2   0   1   2  0.34 0.09
  155 T     0   1   0   0  -1   2   0   1  -1  -1  -1   0  -1   0   1   1   1  -1  -1  -1    6   7   2   5   1  13   3  11   1   3   5   3   1   7   7  13   8   1   2   3  0.08 0.02
  156 P     0  -1   1   0  -1   0   0   1  -1  -1  -1  -1  -1   0   4   0   0   3  -1  -1    4   3   7   3   1   2   8  11   1   3   5   3   1   7  21   7   3   5   2   3  0.22 0.03
  157 N     0   1   1   1  -1   0   0   1  -1  -1  -1   0  -1   0   0   0   0  -1  -1  -1   11   9   6  10   1   4   4  11   1   3   7   8   1   4   3   8   3   1   2   4  0.05 0.01
  158 E    -1   0   1   4  -2   0   1   1  -1  -2  -2   0  -1  -2  -1   1   0  -2  -2  -2    4   4   7  33   1   1  11  10   1   1   2   4   3   1   1  10   4   0   1   2  0.29 0.08
  159 R    -1   1   1  -2  -3  -1  -1   4  -2  -1  -2  -1  -2   0  -2  -1  -2  -2   1  -2    3  12   7   1   0   1   5  46   0   4   3   3   0   5   1   2   1   0   5   1  0.40 0.13
  160 G     1  -1   0  -1  -2   0  -1   2  -2  -2  -1  -1  -1  -1   0   2   2   3   0  -2   10   3   2   1   0   4   1  18   0   2   4   2   0   2   4  21  15   4   3   1  0.19 0.09
  161 L     0  -1  -3  -4  -3   0  -3  -3  -2  -1   3  -2   3   2  -2  -2  -1   3   4  -1    9   3   0   0   0   5   0   0   0   0  35   0   9   9   2   0   2   4  21   0  0.37 0.16
  162 R    -3   7  -2  -1  -5   1  -2   0  -2  -4  -4   1  -3  -4  -3  -1  -1  -4  -3  -4    0  78   0   3   0   4   0   7   0   0   0   1   0   0   0   2   2   0   0   0  1.21 0.33
  163 E    -2   2   3   2  -4   3   2  -1  -1  -4  -3   1  -2  -4  -2   1  -1  -4  -3  -3    0  14  18  15   0  17  14   3   0   0   0   7   0   0   0   8   3   0   0   0  0.43 0.14
  164 S     0  -2   1   0  -2  -2  -2  -2  -2  -4  -4  -2  -3  -4  -2   6   1  -4  -3  -3    2   0   6   4   0   0   0   0   0   0   0   0   0   0   0  76   8   0   0   0  0.91 0.31
  165 V     0  -1   1  -1  -2  -2  -1  -1  -2   1  -1   0  -1  -1   3  -1   0  -3  -2   3    4   3   8   2   0   0   3   3   1  11   0   8   0   2  15   2   6   0   0  32  0.20 0.11
  166 W    -4  -4  -3  -5  -4  -4  -4  -4   0  -3  -1  -4  -2   6  -5  -4  -4  10   2  -3    0   0   2   0   0   0   0   0   2   0   3   0   0  39   0   0   0  47   4   0  1.96 0.39
  167 Y    -2   1  -2  -3  -3   0  -1  -3   1  -2   0  -2  -2   1   0   0  -1   0   6  -1    0   8   0   0   0   3   3   0   2   0   8   0   0   4   5  10   4   0  47   5  0.57 0.22
  168 Q    -1   3   3   0  -4   4   1  -2  -1  -3  -3   2  -2  -3  -2  -1   0  -3   0  -2    3  19  16   4   0  27   6   0   0   0   0  11   0   0   0   0   4   0   5   2  0.44 0.17
  169 I     0  -2  -3  -3  -2  -1  -2  -2  -1   3   1   0   1  -2  -3  -2   1  -3  -2   3    7   1   0   0   0   2   0   2   1  32   9   9   5   0   0   0  10   0   0  22  0.26 0.14
  170 T    -1  -3  -3  -2   2  -2  -3  -3  -2   3   2  -3   2   2  -3  -1   0  -2   2   1    2   0   0   2   5   0   0   0   0  22  28   0   6   8   0   4   7   0   8   5  0.25 0.11
  171 G    -1  -3  -2  -1  -4  -3  -3   7  -3  -5  -5  -1  -4  -4  -3  -2  -3  -4  -4  -4    1   0   0   3   0   0   0  88   0   0   1   4   0   0   0   0   0   0   0   0  1.49 0.32
  172 D    -2  -2   2   3  -4   0   4  -2  -2  -2  -3  -1  -3  -4   3   0   1  -4  -3  -3    0   0  10  14   0   2  36   0   0   2   0   0   0   0  16   8  11   0   0   0  0.55 0.18
  173 E     0  -2   2   5  -4  -1   3  -2  -2  -4  -4   0  -3  -4  -2   0  -2  -4  -3  -4    7   0  13  47   0   0  20   2   0   0   0   4   0   0   0   6   0   0   0   0  0.75 0.22
  174 Y    -3  -4  -4  -5  -4  -4  -4  -4  -1  -2  -2  -4  -2   6  -5  -3  -3   4   7  -2    0   0   0   0   0   0   0   0   0   0   0   0   0  36   0   0   0   6  52   2  1.47 0.34
  175 I    -2  -4  -4  -4  -2  -4  -4  -4  -4   5   1  -4   0   0  -4  -3  -2  -4  -2   4    0   0   0   0   0   0   0   0   0  53   7   0   0   3   0   0   0   0   0  34  0.79 0.24
  176 R     0   2  -1   1  -3   2   3  -1  -1  -1  -3   2  -2  -3   2  -1  -1  -3  -3  -2    7  14   0   6   0   9  28   4   0   5   0  11   0   0   9   2   0   0   0   2  0.33 0.13
  177 V    -2   1  -1  -2  -3   1   0  -3  -2   3   1   2   0  -2  -3  -2  -1  -3  -1   1    0   7   3   0   0   6   4   0   0  30  13  22   0   0   0   0   3   0   2   8  0.20 0.13
  178 A     6  -3  -3  -3  -2  -2  -2  -1  -3  -3  -3  -2  -2  -4  -2   0  -2  -4  -3   0   88   0   0   0   0   0   0   0   0   0   0   0   0   0   0   3   0   0   0   5  1.05 0.33
  179 F    -4  -4  -5  -5  -4  -5  -5  -5  -3  -2   0  -5  -2   8  -5  -4  -4  -1   1  -3    0   0   0   0   0   0   0   0   0   0   8   0   0  88   0   0   0   0   0   0  1.81 0.43
  180 E    -2   3   2  -1  -4   3   3  -3  -1   0  -2   1  -2   0  -3  -1  -1  -3   0  -2    0  23  10   0   0  13  28   0   0   9   3   4   0   4   0   0   2   0   3   0  0.39 0.19
  181 T     2   1  -3  -3  -3  -2  -3  -3  -2  -1  -1  -2   1   2  -3  -1   2   4   4  -2   23   8   0   0   0   0   0   0   0   2   6   1   4  11   0   0  17   6  22   0  0.38 0.20
  182 A     6  -3  -4  -4  -2  -3  -3  -2  -4  -3  -3  -3  -3  -4  -3  -1  -1  -5  -4  -1   97   0   0   0   0   0   0   0   0   0   0   0   0   0   0   0   2   0   0   1  1.36 0.44
  183 R    -1   7  -2  -3  -5  -1  -1  -4   5  -4  -2   0  -3  -4  -4  -2  -3  -4   0  -4    5  67   0   0   0   0   2   0  18   0   3   2   0   0   0   0   0   0   3   0  1.15 0.35
  184 K     2   0  -1   0  -4   2   4  -3  -2  -4  -4   3  -3  -4  -2   0  -2  -4  -3  -3   21   3   1   2   0  11  36   0   0   0   0  23   0   0   0   3   0   0   0   0  0.58 0.23
  185 Y     1  -1  -1  -1  -1  -1  -1  -1   0   1   0  -1   0   0  -1  -1  -1   0   4   1   13   3   2   3   1   2   3   4   1   7   4   3   1   2   3   4   3   1  23  18  0.13 0.05
  186 A     5  -3  -3  -3   2  -2  -2   0  -3  -2  -1  -2  -2  -3  -2   0  -1  -3  -3  -2   74   1   0   1   4   0   1   6   0   1   6   1   0   0   1   3   1   0   0   1  0.75 0.27
  187 G    -2  -3  -1   7  -4  -2   0   1  -2  -4  -4  -1  -4  -4   0  -2  -2  -4  -4  -4    3   0   0  69   0   0   3  10   0   0   1   4   0   0   4   1   1   0   0   1  1.08 0.29
  188 E    -1  -3  -3  -2  -5  -1   0  -4  -4  -5  -5  -1  -4  -5   8  -1  -3  -5  -5  -4    4   0   0   2   0   3   5   0   0   0   0   4   0   0  79   3   0   0   0   0  1.96 0.42
  189 D    -1  -2   5   4  -4   0   1  -1  -1  -4  -4   0  -3  -4  -3   1   1  -5  -3  -4    4   0  34  28   0   1   6   2   1   0   0   7   0   0   0   9   8   0   0   0  0.64 0.22
  190 A     5  -3  -3  -3   2  -2  -3  -1  -3   0  -2  -2   1  -3  -3   0   1  -4  -3   1   59   0   0   0   5   0   0   2   0   5   0   0   4   0   0   4   9   0   0  12  0.54 0.25
  191 K    -1   1  -2  -2  -4  -1   1  -3  -3   0  -1   6  -2  -4  -3  -1  -2  -4  -3  -1    3   2   0   0   0   0   6   0   0   8   5  68   0   0   0   2   0   0   0   4  0.76 0.30
  192 L    -3  -4  -5  -6  -3  -4  -5  -6  -4   0   6  -4   0  -1  -5  -4  -3  -3   1  -1    0   0   0   0   0   0   0   0   0   0  96   0   0   0   0   0   0   0   4   0  1.28 0.39
  193 F    -4  -4  -4  -5   2  -4  -4  -5  -1   0  -2  -4   0   6  -5  -4  -3   0   7  -1    0   0   0   0   5   0   0   0   0   6   0   0   2  32   0   0   0   0  53   2  1.38 0.38
  194 I    -3  -4  -4  -5  -4  -4  -4  -5  -1   4   0  -4   0   0  -5  -4  -3  -1   7   0    0   0   0   0   0   0   0   0   0  36   6   0   2   0   0   0   0   0  52   4  1.16 0.36
  195 N    -4  -3   8  -1  -5  -2  -3  -3  -2  -6  -6  -2  -5  -6  -4  -2  -2  -6  -5  -5    0   0 100   0   0   0   0   0   0   0   0   0   0   0   0   0   0   0   0   0  2.18 0.55
  196 D    -4  -4   1   8  -6  -2   0  -3  -3  -5  -6  -3  -5  -6  -4  -2  -3  -7  -5  -5    0   0   4  93   0   0   3   0   0   0   0   0   0   0   0   0   0   0   0   0  1.95 0.47
  197 Y    -4  -4  -4  -5  -4  -4  -4  -5  -1  -3  -3  -4  -3   3  -5  -4  -4   0   9  -3    0   0   0   0   0   0   0   0   0   0   0   0   0   6   0   0   0   0  90   0  2.19 0.51
  198 N    -3  -3   8  -1  -5  -2  -1  -1  -2  -5  -6  -2  -4  -5  -4   1  -2  -6  -4  -5    0   0  86   0   0   0   2   2   0   0   0   0   0   0   0   9   0   0   0   0  1.67 0.46
  199 T    -1  -3  -1  -3   0  -2   0  -3  -3   3   2  -2   2  -1  -3  -2   2  -3  -2   1    2   0   2   0   2   0   9   0   0  25  27   0   5   0   0   0  19   0   0   6  0.28 0.15
  200 E    -1  -2   0   4  -1  -1   4  -3  -2  -3  -4  -1  -3   0  -3  -1   0  -3   1  -2    5   0   4  24   2   0  42   0   0   0   0   0   0   6   0   2   6   0   7   2  0.57 0.23
  201 V    -1  -1   1   2  -3   1   0  -2  -1   1  -1  -1   1   0  -3   0   1   1   1   0    0   2   8  16   0   7   2   2   0  16   3   1   5   3   0   8  10   2   8   7  0.10 0.09
  202 T     1   0   2  -1  -3  -1   0   1  -2  -3  -2  -2  -3  -3   5   0  -1   0   0  -3   12   4  11   2   0   2   4  13   0   0   5   0   0   0  34   5   2   1   4   0  0.55 0.17
  203 P     3  -1   1  -2  -2  -1  -1   1   0  -2  -3   0  -2  -2   2   1  -1   4   0  -1   35   1   7   1   0   0   2   9   2   2   0   7   0   0  11   7   0   7   4   4  0.28 0.14
  204 K    -1   1  -2  -2  -5   1   1  -3  -2  -5  -4   7  -3  -5  -3  -2  -2  -4  -1  -4    4   2   0   0   0   4   7   0   0   0   0  80   0   0   0   0   0   0   3   0  1.18 0.38
  205 R     2   4  -2  -3  -3  -1  -2  -3   1  -2  -1  -1   0  -3  -3   1   3  -4  -2   0   19  31   0   0   0   0   0   0   4   0   6   0   2   0   0  10  22   0   0   5  0.37 0.20
  206 D    -2  -1   4   3  -4   2   3  -3  -1  -4  -3   1  -3  -4  -3  -1   2  -4  -3  -3    1   0  22  20   0  11  19   0   0   0   1  10   0   0   0   0  14   0   0   0  0.54 0.21
  207 H     2   0  -1   2   0  -1   0   3  -1  -1  -3   1  -2   0  -2   0  -1  -3  -2  -2   26   4   0  13   2   0   4  22   1   4   0   9   0   7   0   7   0   0   0   0  0.23 0.13
  208 L     0  -3  -4  -4   2  -3  -4  -4  -4   3   2  -3   5   1  -4  -2  -1  -3  -2   2   10   0   0   0   4   0   0   0   0  25  17   0  25   6   0   0   2   0   0  12  0.48 0.20
  209 Y     0  -3  -4  -4  -3  -1  -3  -4  -1   2   0  -2   0   1  -4  -3  -2  -1   6   3    7   0   0   0   0   3   0   0   0  11   5   3   1   2   0   0   0   0  37  32  0.62 0.25
  210 N     1   1   4   1  -3  -1   1   0  -1  -4  -4   2  -3  -4  -3   1   0  -4  -3  -3   12   5  33   6   0   0   8   5   0   0   0  20   0   0   0   7   4   0   0   0  0.45 0.19
  211 L    -2  -2  -2  -4  -3  -2  -3  -4   3   1   4  -1   4   0  -4  -3  -2  -3   1   0    0   1   1   0   0   0   0   0  11   9  45   5  17   2   0   0   0   0   6   4  0.50 0.21
  212 V     1  -4  -4  -5   0  -4  -4  -4  -5   2   0  -4  -1  -3  -4  -3  -1  -4  -3   6   13   0   0   0   2   0   0   0   0   5   3   0   0   0   0   0   1   0   0  75  0.90 0.33
  213 Q    -1   2   2  -2  -4   2   0  -2  -2  -4  -2   5  -1  -4  -3   0  -1  -4  -3  -3    4   7  12   0   0   7   2   1   0   0   2  57   2   0   0   4   1   0   0   0  0.66 0.26
  214 D    -2   0   1   2  -3   0   1   0  -1  -2  -1   3  -2  -3  -2   1  -1   3   0  -3    0   2   9  15   0   3   6   5   0   2   7  31   0   0   0  10   1   4   3   0  0.27 0.14
  215 L    -3  -4  -4  -5  -3  -3  -4  -4  -4   1   4  -4   2   1  -1  -4  -3   7  -1   0    0   0   0   0   0   0   0   0   0   8  52   0   4   6   3   0   0  21   0   4  0.85 0.25
  216 L    -2   2   0  -2  -3   2  -1  -3  -2   0   2   4  -1  -2  -3  -2  -2  -3  -1   0    0  11   5   0   0   9   0   0   0   7  23  35   0   0   0   0   0   0   2   6  0.30 0.17
  217 A     3  -2   0   1  -3   1   3  -1  -2  -2  -3   0  -2  -4  -2   2  -1  -4  -3  -2   34   0   4   9   0   7  20   2   0   2   0   4   0   0   0  17   0   0   0   0  0.38 0.19
  218 D     2   2  -1   0  -3   4   0  -1  -1  -3  -3   3  -2  -3  -2  -1  -2  -3   0  -3   23  14   2   4   0  23   4   3   0   0   2  23   0   0   0   0   0   0   4   0  0.41 0.20
  219 G    -2  -3   0  -2  -4  -3  -3   7  -4  -6  -5   0  -4  -5  -4  -1  -3  -5  -5  -5    0   0   3   1   0   0   0  85   0   0   0   7   0   0   0   3   0   0   0   0  1.49 0.37
  220 V     0  -3  -1  -3   0  -3  -3  -3  -3   3   1  -1   0  -2  -3  -2   0   0  -2   4    6   0   4   0   2   0   0   1   0  19  12   5   0   0   0   0   4   1   0  43  0.36 0.18
  221 P    -2   2  -3  -3  -4  -1  -2  -4  -3  -3  -2  -2  -3  -3   7  -2  -2  -4   1  -2    1  14   0   0   0   2   0   1   0   0   5   0   0   0  64   1   0   0   6   3  1.42 0.32
  222 I    -3  -5  -5  -5   1  -5  -5  -6  -5   7   1  -5   0  -2  -5  -4  -2  -4  -3   2    0   0   0   0   3   0   0   0   0  80   8   0   0   0   0   0   0   0   0   9  1.21 0.36
  223 D    -2  -3  -1   7  -5  -2  -1  -3   4  -5  -6  -3  -5  -5  -4  -2  -3  -6  -4  -5    3   0   0  84   0   0   0   0  12   0   0   0   0   0   0   1   0   0   0   0  1.69 0.44
  224 G     1  -4  -2  -3   2  -4  -4   7  -4  -5  -5  -3  -4  -5  -4  -2  -3  -4  -5  -4   11   0   0   0   5   0   0  84   0   0   0   0   0   0   0   0   0   0   0   0  1.54 0.38
  225 V    -2  -4  -5  -5  -3  -4  -5  -5  -5   5   0  -4   1  -2  -4  -4  -2  -4  -3   5    0   0   0   0   0   0   0   0   0  51   3   0   2   0   0   0   0   0   0  43  1.00 0.32
  226 G    -2  -4  -2  -3  -4  -4  -4   7  -4  -6  -6  -3  -5  -5  -4  -2  -4  -4  -5  -5    0   0   0   0   0   0   0  98   0   0   0   0   0   0   0   0   0   0   0   0  1.94 0.44
  227 H    -2  -1  -3  -4  -3  -2  -3  -4   2   0   2  -3   6   3  -4   1  -1  -2  -1   0    0   2   0   0   0   0   0   0   7   4  17   0  31  18   0  15   1   0   0   6  0.46 0.23
  228 Q    -3  -1  -2  -3  -5   8   0  -2   2  -5  -5  -1  -3  -5  -4  -2  -3   0  -3  -5    0   0   0   0   0  90   2   2   4   0   0   0   0   0   0   0   0   1   0   0  1.81 0.52
  229 A     2  -3  -2  -2   3  -2  -2   2  -3  -3  -2  -1   2  -3   0   3   1  -3  -1  -2   18   0   0   0   8   0   0  20   0   0   0   1  10   0   3  28   9   0   2   0  0.38 0.19
  230 H    -4  -3  -2  -4  -6  -1  -3  -5  10  -6  -5  -3  -4  -4  -5  -3  -1  -5  -1  -6    0   0   0   0   0   2   0   0  95   0   0   0   0   0   0   0   3   0   0   0  2.68 0.60
  231 I    -2  -3  -2  -4  -2  -3  -3  -4  -3   2   3  -3   1   3  -3  -2  -2   4   1   2    2   0   3   0   0   0   0   0   0  18  32   0   3  12   0   2   0   7   6  12  0.37 0.14
  232 Q     0  -2   2   0   0   1   0   2   0   0  -1  -1  -1  -2  -2   1   0  -3  -1  -1    5   0  12   4   2   9   5  22   2  10   3   0   2   2   0  15   6   0   1   0  0.16 0.10
  233 I     1  -2  -1  -2  -2  -2  -2  -2  -2   2   2  -2   3   0  -2   0   0  -2  -1   1   16   0   4   0   0   0   0   2   0  17  18   0  11   3   0  10   5   0   2  11  0.15 0.10
  234 D     0  -1   3   3  -3  -1   0   4   0  -3  -4   0  -3  -3  -3   0  -2  -3   1  -3    6   2  15  17   0   0   6  35   2   1   0   4   0   0   0   5   0   0   6   0  0.45 0.17
  235 W    -2  -1   0  -2  -3   1  -1   2   1  -3  -2  -1  -1   1  -1   0   1   6   3  -3    0   2   3   0   0  11   2  19   3   0   0   2   1   7   3   6  12  12  14   0  0.34 0.15
  236 P    -2  -2   0  -2  -3  -2  -1   0  -1  -2  -2  -2   1  -1   6   0  -2  -1  -2  -1    1   1   5   1   0   1   3   9   2   3   1   1   5   4  50   8   1   1   0   5  0.87 0.21
  237 T     0  -2   1   3  -2  -1   0   0  -2  -2  -2  -1  -2  -3   1   2   2  -1  -1  -1    4   0   8  23   0   0   2   5   0   1   2   2   0   0   7  23  13   1   3   4  0.28 0.13
  238 I     0   1  -2  -2  -2  -1  -1   0  -2   2   0  -1   0  -1   2  -1  -1  -3   0   1   11  10   1   0   0   0   4   6   0  23   8   2   2   0  11   2   2   0   4  12  0.12 0.09
  239 D     2  -1   2   2  -3   1   1  -1  -1  -3  -3   1  -2  -4  -1   2   0  -4  -3  -2   21   1  12  14   0   5  10   1   0   0   0   8   0   0   1  22   2   0   0   0  0.33 0.15
  240 E    -1   0   2   1  -3   2   2   2  -1  -3  -2   1  -1  -3  -2   1   0  -3  -1  -3    2   2  14   8   0  12  15  15   0   0   5   7   2   0   0  10   5   0   3   0  0.23 0.11
  241 I    -1  -3  -4  -4  -2  -2  -3  -4  -2   3   2  -3   0   2  -3  -3  -1  -2   3   2    4   0   0   0   0   1   0   0   0  30  24   0   0  11   0   0   4   0  12  14  0.40 0.16
  242 R     0   2   0   0  -3   2   2  -1  -1  -2  -2   3  -2  -4   1   0   0  -4  -3  -2    9  15   2   2   0   7  17   3   0   2   3  25   0   0   5   4   4   0   0   0  0.31 0.13
  243 T     2  -1   1   0  -3   2   1   1  -2  -3  -2   1  -2  -3  -2   1   2  -4  -3  -2   19   0   8   5   0  12   9  13   0   0   2  10   0   0   0   5  17   0   0   0  0.26 0.13
  244 S     4  -2   1  -2  -2   0  -2  -1  -2  -1  -2  -2  -2  -3  -2   2   1  -4  -3   0   50   0   8   0   0   4   0   2   0   4   2   0   0   0   0  16   8   0   0   5  0.42 0.21
  245 M    -3  -4  -5  -5  -3  -4  -4  -5  -4   4   4  -4   4   1  -4  -4  -2  -3  -2   1    0   0   0   0   0   0   0   0   0  34  48   0  13   4   0   0   0   0   0   2  0.80 0.26
  246 E    -2   1   3   1  -4   3   3  -1  -1  -4  -3   3  -2  -4  -2   0   0  -4  -3  -3    1   4  21   4   0  14  20   2   0   0   2  24   0   0   1   3   3   0   0   0  0.47 0.19
  247 M     1   3  -1  -2  -3   0  -1  -1  -2  -1   0   2   1  -3  -2   0   0  -3  -2  -1   16  20   2   0   0   3   0   3   0   4   7  21   7   0   0   5   7   0   0   3  0.21 0.13
  248 F    -2  -4  -5  -5  -3  -4  -4  -5  -2   0   2  -4   0   6  -5  -4  -3   3   4  -1    2   0   0   0   0   0   0   0   0   2  26   0   1  47   0   0   0   4  15   2  0.95 0.28
  249 A     4  -3   0  -3   1  -2  -2   0  -3   0  -1  -2  -2  -3  -2   2   1  -4  -3   0   50   0   4   0   3   0   0   6   0   6   5   0   0   0   0  14   7   0   0   4  0.40 0.20
  250 G     2   0   0   2  -2   1   1   1  -2  -3  -3   1  -2  -3  -2   2   0  -4  -3  -1   18   5   4  14   0   4   8   8   0   0   0   7   0   0   0  24   4   0   0   4  0.26 0.12
  251 L     1  -3  -3  -3  -2   0  -3  -3  -3   2   3  -3   0  -1  -3   0   1  -3  -2   1   13   0   0   0   0   5   0   0   0  11  47   0   0   0   0   6  11   0   0   6  0.35 0.18
  252 G    -1  -4   1  -2  -4  -3  -3   6  -3  -5  -5  -3  -4  -5  -2  -1  -3  -4  -5  -3    4   0   7   2   0   0   0  81   0   0   0   0   0   0   2   2   0   0   0   2  1.37 0.35
  253 L    -1  -3  -2  -3   0  -3  -3  -4  -4   1   3  -1   0   0  -4  -2  -1  -3  -2   4    1   0   2   1   2   0   0   0   0   4  32   5   0   3   0   1   3   0   0  44  0.44 0.20
  254 D    -2  -2  -1   3  -5   2   5  -3   0  -2  -3   0  -3  -4   2  -2  -1  -4  -3  -3    0   0   0  18   0   9  50   0   2   3   2   4   0   0   9   0   2   0   0   0  0.74 0.26
  255 N    -2  -4   0  -4  -1  -4  -4  -5  -4   5   1  -4  -1  -2  -4  -3  -2  -4  -3   5    0   0   6   0   1   0   0   0   0  37   5   0   0   0   0   0   0   0   0  50  0.80 0.28
  256 Q     3  -1  -2  -3  -3   3  -1  -1   5  -2  -3   0   0  -2  -1   0  -1   3   1  -2   31   1   0   0   0  19   0   2  21   2   0   4   2   0   2   4   1   4   6   0  0.45 0.22
  257 V    -3  -4  -5  -5  -3  -4  -5  -3  -4   6   0  -4   1   1  -4  -4  -2  -3   2   3    0   0   0   0   0   0   0   2   0  65   1   0   4   6   0   0   0   0   7  16  0.87 0.30
  258 T    -2  -3  -1  -3  -3  -3  -3  -4  -4  -3  -3  -3  -3  -4  -3   1   7  -5  -4  -2    0   0   2   0   0   0   0   0   0   0   0   0   0   0   0   6  92   0   0   0  1.53 0.47
  259 E    -3  -2  -2  -1  -6   0   7  -4  -2  -6  -5  -1  -4  -6  -3  -2  -3  -5  -4  -5    0   0   0   0   0   0 100   0   0   0   0   0   0   0   0   0   0   0   0   0  1.89 0.51
  260 L    -3  -4  -5  -5  -3  -4  -5  -5  -4   1   5  -4   1   0  -5  -4  -3  -3   2  -1    0   0   0   0   0   0   0   0   0   3  84   0   2   2   0   0   0   0   9   0  1.05 0.33
  261 D    -4  -4   1   8  -6  -2  -1  -4  -3  -5  -6  -3  -5  -6  -4  -2  -3  -7  -5  -6    0   0   3  97   0   0   0   0   0   0   0   0   0   0   0   0   0   0   0   0  2.06 0.49
  262 V    -2  -4  -4  -4  -2  -3  -4  -4  -4   5   1  -3   4   0  -4  -3  -2  -3  -2   3    0   0   0   0   0   0   0   0   0  55   6   0  12   4   0   0   0   0   0  19  0.74 0.25
  263 S     1   3   0  -1  -3   1   0   0  -2  -3  -3   0  -2  -3  -2   3   1  -3  -3  -2   12  24   4   1   0   6   4   6   0   0   0   3   0   0   0  28  10   0   0   0  0.34 0.16
  264 L    -1  -2  -1  -2   0  -1  -2  -1   0   2   1  -2   3   0  -2  -1   0  -2  -1   2    2   2   4   2   2   1   2   5   3  17  11   2  18   3   2   2   6   0   1  16  0.12 0.07
  265 Y    -1   0   1  -1  -1   0   0  -1   0  -1  -1   1  -1   1   0   0   0   0   3  -1    4   5  11   2   1   4   5   3   1   4   6  10   1   7   4   5   7   1  16   3  0.08 0.03
  266 G     0   0   2   0  -1   0   0   2  -1  -2  -2   0  -1  -1   2   1   0  -1   0  -1    4   5  12   2   1   4   6  20   1   2   4   3   1   2  11   9   6   1   3   3  0.16 0.04
  267 W    -1  -1   0   2  -1   0   0   0   0  -1  -1  -1  -1   1   1   0  -1   4   0  -1    4   3   5  16   1   4   6   8   3   3   7   3   1   7   6   8   3   7   3   3  0.10 0.02
  268 P    -1  -1   1   0  -1   0   2  -1   0  -1  -1   0  -1  -1   3   0   0  -1   1  -1    4   3   9   5   1   4  16   4   1   3   5   3   1   2  19   7   3   1   7   3  0.21 0.04
  269 P     0  -1   2   2  -1   0   0   0   1  -1  -1   0  -1  -1   1   0   0  -1   1  -1    6   3  11  18   1   2   5   6   3   3   7   3   1   2   7   9   3   1   6   3  0.11 0.03
  270 R     0   2   0   0   0   0   0   1   0  -1  -1   1  -1   0  -1   0   0  -1  -1  -1    6  16   6   3   3   4   6  12   3   3   8   9   1   4   3   4   5   1   2   3  0.06 0.02
  271 P     0   2   1   1  -1   1   1   1   0  -1  -1   0  -1  -1   1   0   0  -1  -1  -1    4  16   9   8   1   7   8  11   1   3   5   5   1   2   7   4   3   1   2   4  0.11 0.02
  272 A     1   0   1   0  -1   0   0   0  -1  -1  -1   0   0  -1   0   1   1  -1  -1   0   15   3   7   3   1   2   7   6   1   3   7   5   3   2   3  14  10   1   2   6  0.06 0.02
  273 F     0   0   1   1  -1   0   0   0   0  -1  -1   0   0   0   1   1   0  -1   2  -1    6   5  11  12   1   2   3   6   1   3   4   5   3   3   6  10   4   1  10   5  0.07 0.02
  274 P     0  -1   2   1  -1   0   0   1  -1  -1   0   0  -1  -1   3   0   0  -1  -1  -1    4   3  12   9   1   2   4  12   1   3  10   3   1   2  15   6   6   1   2   3  0.14 0.03
  275 T     0  -1   1   0  -1   0   0  -1   1  -1   0   0  -1   0  -1   0   1  -1   2   0    8   3  12   6   1   2   5   4   4   3   9   3   1   4   3   5  12   1  10   6  0.05 0.02
  276 Y     0  -1   2   1  -1   0   1   0   0  -1  -1  -1  -1   0   0   0   1  -1   2  -1    6   2  15   6   1   2  10   5   1   2   4   2   1   3   4   3  12   1  13   5  0.10 0.05
  277 D     0   0   0   2  -1   0   0  -1  -1  -1   0   0   0  -1   1   0   1  -1   0  -1    6   3   5  19   1   2   3   4   1   3  11   9   4   2   7   6   9   1   3   3  0.09 0.03
  278 A     1  -1   0   0  -1   1   0   0  -1  -1  -1   0  -1  -1   3   0   0  -1  -1  -1   12   3   4   7   1   6   6   8   1   5   4   3   1   2  17   5   8   1   2   5  0.16 0.03
  279 I     1  -1   0   0  -1   0  -1  -1  -1   1   0  -1   0  -1   2   0   0  -1   0   1   12   4   4   4   1   4   3   4   1   9  11   3   1   2  12   6   3   1   3  13  0.06 0.02
  280 P     0  -1   1  -1  -1   1  -1   0  -1  -1  -2  -1  -1  -2   4   1   2  -2  -1  -1    3   2   7   2   1   6   3   5   1   2   4   2   1   2  24  12  17   1   1   3  0.32 0.07
  281 Q     1   1   0   0   0   1   1   0  -1  -1  -1   1  -1  -2   0   0   0  -1  -1  -1   13   6   5   6   3  10  13   5   1   2   8   8   1   2   5   6   2   1   1   3  0.09 0.02
  282 E     1   0   0   0  -2   2   2  -1  -1  -2  -2   0  -1  -1  -1   0   1  -1   1  -1   16   3   3   5   1  12  22   2   1   2   3   2   1   3   2   2  11   0   7   2  0.16 0.07
  283 R     1   0   1  -1  -1   0  -1  -1  -1   0   1   1   2  -1  -1   0   0  -2  -1   0   15   5  11   2   1   1   2   4   1   4  13  11  10   1   2   7   2   0   1   7  0.05 0.04
  284 F     0  -1  -2  -1  -1   1  -1  -2  -1   0   2  -1   2   2  -1   0  -1  -1  -1   0   10   2   1   3   1   9   2   2   1   2  36   2   5  10   2   6   2   0   1   4  0.12 0.07
  285 Q     0  -1  -1  -1  -2   3   1   2   0  -1  -1   2  -1  -2  -2   0   0  -3  -2  -1    7   1   1   3   0  18   9  18   3   3   8  14   0   0   1   2   6   0   0   6  0.15 0.09
  286 A     3   1  -1   0  -2   2   1  -1  -2  -2   0   1  -1  -3  -2   0   0  -3  -2  -1   37   6   1   4   0  10  10   3   0   1   9   9   0   0   1   1   7   0   0   3  0.20 0.12
  287 Q    -1  -1   0  -2  -3   6   0  -3   2  -3  -2  -1  -2  -1   1   1  -1   1  -2  -3    3   1   4   1   0  58   1   1   5   1   3   1   0   3   6  10   2   2   0   1  0.74 0.28
  288 A     4  -2  -2  -1  -2   1   0  -1  -2  -2  -2   0  -2  -3   0   2   0  -3  -2  -1   51   1   0   3   0   6   3   2   0   1   1   6   0   0   3  13   5   0   0   3  0.39 0.18
  289 D     0   0   2   3  -3   2   1  -2   1  -3  -3   1  -2  -2  -2   0   1  -3   1  -2    9   3  12  20   0  11   8   0   3   0   1   8   0   0   0   3  14   0   7   0  0.28 0.12
  290 R     0   4   0   4  -3   1   0  -3  -2  -2   0   1  -2  -3  -2  -1  -1  -4  -3  -1    7  27   2  29   0   6   1   0   0   0  11   8   0   0   0   1   2   0   0   4  0.37 0.16
  291 Y    -3  -3  -4  -5  -4  -3  -4  -5  -1  -3  -1  -4   1   2  -4  -3  -3   2   9  -3    0   0   0   0   0   0   0   0   0   0   5   0   5   4   0   0   0   1  80   0  1.74 0.43
  292 N     1   1   0   0   0   1   1  -1  -1  -1  -1   1  -1   0  -2   0   0  -2   1   0   14  10   5   3   2   6   9   2   0   0   5  13   1   3   0   4   4   0   6  12  0.07 0.05
  293 Q     0   1   2   1  -3   2   2  -2  -1  -3  -3   1  -2  -3  -2   0   1  -3  -2  -2   11  10  13   9   0  12  16   0   0   0   1   7   0   0   0   6  13   0   0   0  0.30 0.12
  294 L     0  -3  -1  -3  -2  -2  -3  -3  -3   2   2  -3   2   1  -3  -1  -1  -3  -1   3   10   0   3   0   0   0   0   0   0  13  20   0   5   7   0   3   2   0   0  34  0.29 0.13
  295 F    -3  -4  -4  -4  -3  -4  -4  -4  -3   1   0  -4   2   6  -4  -3   0  -2   0   3    0   0   0   0   0   0   0   0   0   8   3   0   6  48   0   0   8   0   0  26  0.77 0.27
  296 E    -1   1   2   1  -4   2   2   0  -1  -4  -4   3  -3  -4   0   1   0  -4  -3  -3    2   3  13   7   0  11  11   7   0   0   0  29   0   0   4   8   4   0   0   0  0.38 0.15
  297 L     3  -3  -3  -2  -2  -2  -2  -1  -3   2   2  -2   0  -2  -2   1   0  -3  -2   1   41   0   0   1   0   0   0   2   0  13  21   0   1   0   0   8   3   0   0   8  0.29 0.16
  298 Y     0  -4  -4  -5   8  -4  -4  -4  -3  -2   0  -4  -2   4  -4  -3  -3  -2   4  -2    7   0   0   0  44   0   0   0   0   0  10   0   0  20   0   0   0   0  15   0  1.13 0.31
  299 E    -2   1  -3  -3  -3  -1   0  -4  -2   0   3   2   2  -1  -3  -2  -2  -3   0   0    2  10   0   0   0   0   5   0   0   3  45  19   7   0   0   0   0   0   4   4  0.32 0.17
  300 E     0  -1   2   3  -3   1   2  -1  -1  -3  -3   3  -3  -4  -1   0  -1  -4  -3  -3   10   0  14  17   0   5  18   4   0   0   1  22   0   0   2   4   0   0   0   0  0.38 0.15
  301 L    -1  -2   1  -2  -2  -1   0  -3   3   0   0  -2  -1   0  -2  -1   0  -1   3   3    4   1   7   1   0   2   6   1  11   4   6   1   0   3   1   1   5   0  15  31  0.20 0.12
  302 D     0   1   1   1  -2   1   1  -1   2  -2  -2   2  -2  -3   1   0   0  -3  -2  -1    6   6   9   8   0   4   6   4   7   1   1  24   0   1   6   7   3   0   0   7  0.18 0.08
  303 A     1  -2   1   3  -3   0  -1   1  -2  -3  -3  -1  -3  -4   4   1   0  -4  -3  -3   14   0   8  19   0   2   0  12   0   0   1   3   0   0  21  14   5   0   0   0  0.43 0.14
  304 D    -1   2   2   0   2   0  -1  -2   2   0  -1   2  -1  -2  -2   0  -1  -3  -1   1    3  11  15   3   6   2   1   1   9   4   5  16   0   0   0   5   1   0   2  16  0.13 0.10
  305 L    -2  -1  -4  -5   8  -4  -5  -5  -5   4  -1  -4   0  -3  -4  -3  -2  -4  -3   3    0   4   0   0  39   0   0   0   0  35   1   0   2   0   0   0   0   0   0  19  1.09 0.32
  306 S    -1  -1  -1  -1  -2   0   0  -1   1   0  -1   0  -1  -3   0   1   2  -3  -2   2    2   2   2   2   0   3   5   4   4   1   1   8   0   0   4  10  21   0   0  30  0.16 0.13
  307 S     1   0   1  -2   2  -2  -3   5  -3  -4  -4  -2  -3  -4  -3   1  -1  -4  -4  -3   11   6   8   0   6   0   0  53   0   0   0   0   0   0   0  14   2   0   0   0  0.74 0.24
  308 V    -2  -4  -5  -5  -3  -4  -5  -5  -5   5   0  -4  -1   0  -4  -4  -2  -4  -3   5    0   0   0   0   0   0   0   0   0  44   0   0   0   4   0   0   0   0   0  52  1.02 0.33
  309 T    -2  -3  -2  -3   0  -1  -3  -4  -4  -2  -2  -3  -1  -4  -1   0   6  -4  -3   1    0   0   0   0   2   2   0   0   0   0   2   0   1   0   2   5  77   0   0   9  1.04 0.38
  310 F    -1  -4  -4  -5  -3  -4  -4  -4  -4   1   1  -4   2   4  -4  -2  -2   2   0   4    3   0   0   0   0   0   0   0   0   4  12   0   6  27   0   1   0   3   0  44  0.62 0.24
  311 W    -6  -6  -7  -7  -5  -5  -6  -5  -5  -5  -4  -6  -4   0  -7  -6  -5  13   0  -6    0   0   0   0   0   0   0   0   0   0   0   0   0   3   0   0   0  97   0   0  4.14 0.73
  312 G    -2  -4   0   0  -4  -1  -3   7  -3  -6  -6  -3  -4  -5  -4  -1  -3  -5  -5  -5    0   0   5   6   0   4   0  84   0   0   0   0   0   0   0   1   0   0   0   0  1.47 0.37
  313 I    -2  -3  -4  -4  -2  -3  -4  -4  -3   3   1  -3   1   2   1  -3   0   2   2   3    1   0   0   0   0   0   0   0   0  21  12   0   2  12   6   0   4   4   7  31  0.40 0.17
  314 A     2   0   0   0   1  -1  -1  -1  -2  -2  -2   0  -2  -3  -2   3   2   3  -2  -1   21   5   2   4   3   2   0   2   0   0   2   5   0   0   0  27  16   4   0   4  0.26 0.15
  315 D    -4  -4  -1   8  -6  -2   1  -4  -3  -5  -5  -3  -5  -6  -4  -2  -3  -6  -5  -2    0   0   0  91   0   0   4   0   0   0   0   0   0   0   0   0   0   0   0   4  1.83 0.46
  316 N     0   1   2   2  -4   0   0   0  -2  -4  -4   3  -3  -4   1  -1  -1  -4  -3  -3    8   8  14  16   0   2   2   7   0   0   0  31   0   0   8   1   3   0   0   0  0.40 0.17
  317 H    -3   0   2   3  -4  -2   0  -2   3  -2  -3  -2  -3  -1  -3  -1   0  -1   5   0    0   4  10  24   0   0   3   2   8   1   0   0   0   0   0   2   5   0  32   7  0.52 0.23
  318 T    -1  -3  -1  -2  -3  -2  -2  -2   1  -4  -4  -2  -3  -4   0   5   4  -5  -3  -3    0   0   0   0   0   0   0   0   4   0   0   0   0   0   3  64  28   0   0   0  0.95 0.36
  319 W    -5  -6  -7  -7  -5  -5  -6  -6  -5  -5  -2  -6  -4  -2  -7  -6  -5  13  -1  -6    0   0   0   0   0   0   0   0   0   0   3   0   0   0   0   0   0  97   0   0  4.10 0.73
  320 L    -2   4  -3  -4  -3  -2  -3  -4  -3   2   3  -1   0  -2  -4  -3  -2  -3   0   1    0  33   0   0   0   0   0   0   0  16  35   2   0   0   0   0   0   0   3  12  0.49 0.22
  321 D     0   0   1   2  -3  -1   0   1  -2  -3  -3   0  -3  -4   4   1  -1  -4  -3  -3   10   6   7  15   0   0   5   9   0   0   1   7   0   0  25  13   0   0   0   1  0.44 0.14
  322 D     0   0   3   2  -2  -1   0   3  -1  -3  -3  -1  -2  -3  -2   2   0  -3  -3  -3    4   5  16  11   0   1   5  31   0   1   1   1   0   1   1  17   3   0   1   1  0.38 0.13
  323 R    -1   1   0   0  -1   0   0  -1  -1  -1  -1   0  -1   2  -1   0   1   3   0   0    4   9   4   6   1   3   5   2   1   2   5   4   1  14   2   7  16   5   1   9  0.07 0.05
  324 A     0   0  -1  -1  -1  -1   0   0  -1  -1  -1   0  -1   3   2   0  -1   0   1  -1   13   5   2   3   1   2   5   8   1   2   4   6   1  22  10   3   3   1   5   3  0.11 0.04
  325 R     0   1   0   0  -1   0   0  -1  -1   0   0   0   0  -1   2   0   0  -1   0   0    4  10   3   5   1   5   4   4   1   3   9   7   3   2  12   9   3   1   4   9  0.08 0.02
  326 E     0   0   0   0  -1   0   1   1   0   0   0   0   0   0   1   0   0  -1   0   0    5   7   3   3   1   3  12  11   3  12   6   6   1   4   6   5   5   1   2   6  0.02 0.01
  327 Y     0   0   0  -1  -1   1   0   0   0  -1  -1   0   0   1   0   0   0   2   2   0    5   5   3   3   1   9   4   7   1   3   6   6   1   8   3   5   4   3  12   9  0.04 0.01
  328 N     0   0   1   1  -1   0   0   0   0  -1   0   0  -1   0   2   0   0  -1   0  -1    5   6  10   8   1   3   4   5   2   4   9   4   2   5  11   5   8   1   4   4  0.07 0.01
  329 D     0   0   1   1  -1   0   0   0   0   0   0   0   0  -1   0   0   0  -1   0   0    5   4   9  11   1   3   7   5   4   6   6   4   2   3   4   5   6   1   2  12  0.03 0.01
  330 G     0   0   1   0  -1   1   0   1   0  -1  -1   0  -1  -1   0   0   0  -1  -1  -1    8   5  10   6   1   7   4  14   2   4   6   8   2   3   4   5   4   1   2   5  0.06 0.01
  331 V     0  -1   0   0  -1   0   0   2  -1  -1  -1   0  -1  -1   0   0   0   3   0   0    4   3   6   3   1   2   6  19   1   3   5   5   1   2   3   9   8   5   4   9  0.08 0.02
  332 G     0   2  -1  -1  -1   0  -1   3  -1  -1  -1   1  -1  -2   1   0   0  -1  -1  -1    5  16   2   2   1   2   3  25   1   2   6   7   1   2   7   3   7   1   1   5  0.15 0.04
  333 K    -1   1   1   0  -2   2   2  -1  -1  -1  -1   2  -1  -2   0   0   0  -2   0  -1    3   6   7   2   1  11  15   2   1   5   7  16   1   1   5   2   8   0   3   2  0.13 0.05
  334 D    -1  -2   3   3  -3   0   0   3  -1  -3  -3  -1  -3  -3   0   1  -1  -3  -3  -3    1   1  19  24   0   5   4  24   0   1   1   1   0   1   5  10   1   0   1   1  0.43 0.14
  335 A     2  -2   2   0   1  -1  -2  -2   0  -3  -2  -1  -1  -2  -2   1   0   6   1  -2   28   0  15   5   4   0   1   1   2   0   1   3   2   0   0  12   3  14   7   1  0.36 0.15
  336 P     2  -3  -4  -3  -4  -3  -3  -3  -4  -3  -3  -3   3  -4   7  -2  -2  -5  -4  -3   22   0   0   0   0   0   0   0   0   0   0   0   9   0  67   0   0   0   0   0  1.63 0.36
  337 F    -3  -4  -5  -5   3  -4  -4  -5  -4   0   5  -4   0   2  -4  -3   0  -3   0  -1    0   0   0   0   7   0   0   0   0   0  78   0   0   7   0   0   5   0   4   0  0.87 0.29
  338 V    -3  -4  -5  -5  -3  -4  -4  -5  -4   2   5  -4   0  -1   1  -4  -2   3  -2   1    0   0   0   0   0   0   0   0   0  11  65   0   0   0   9   0   0   5   0  11  0.73 0.25
  339 F    -4  -5  -5  -5  -4  -5  -5  -5  -3  -1   0  -5  -2   7  -5  -3  -4   8   3  -3    0   0   0   0   0   0   0   0   0   3   5   0   0  63   0   2   0  20   8   0  1.58 0.38
  340 D    -3  -3   2   7  -5  -2   0  -2  -3  -1  -5  -1  -4  -3  -3   0  -2  -6  -4  -4    0   0  11  74   0   0   0   2   0   5   0   3   0   1   0   5   0   0   0   0  1.24 0.34
  341 P     1   2   2   0  -3   0   1   1   0  -3  -3   1  -2  -3   0   1   0  -4  -3  -2   13  13  11   5   0   3  11   9   2   0   0  11   0   0   3  14   2   0   0   3  0.23 0.09
  342 N    -3  -2   7   2  -4   1  -1  -1  -1  -2  -5   0  -4  -5  -3   0  -2  -5  -4  -4    0   0  67  10   0   5   2   2   0   3   0   6   0   0   0   5   0   0   0   0  1.06 0.33
  343 Y    -3  -4  -2  -4   3  -3  -4  -1   2  -2   0  -4   0   4  -5  -3  -3   0   7  -2    0   0   2   0   6   0   0   6   5   0  10   0   2  18   0   0   0   0  50   0  0.98 0.30
  344 R    -1   0   4  -1  -4   5   0  -3  -1  -3  -3   2  -1  -4  -3   0  -2  -4  -3  -1    4   3  31   0   0  35   3   0   0   0   0  13   2   0   0   3   0   0   0   6  0.62 0.24
  345 V     2  -1  -3  -1  -4  -2  -2  -3  -3  -3  -4   2  -3  -4   7  -2  -2  -5  -4   0   20   2   0   2   0   0   0   0   0   0   0  15   0   0  53   0   0   0   0   8  1.13 0.28
  346 K    -3   0  -2  -3  -5  -1  -1  -4  -3  -5  -5   7  -3  -5  -3  -2  -3  -5  -4  -4    0   0   0   0   0   0   0   0   0   0   0 100   0   0   0   0   0   0   0   0  1.68 0.45
  347 P     0  -1  -3   0  -4  -2   0  -3  -3  -4  -3  -1  -4  -2   7  -1  -2  -5  -4  -4    9   2   0   5   0   0   5   0   0   0   3   2   0   2  68   3   0   0   0   0  1.50 0.32
  348 A     5  -3  -3  -3   3  -2  -3  -2  -3  -2  -3  -2  -2  -4  -3   1   0  -4  -3   0   77   0   0   0   6   0   0   0   0   0   0   0   0   0   0   7   3   0   0   7  0.86 0.30
  349 F    -4  -4  -4  -5  -4  -4  -4  -5  -1  -2   0  -4  -2   4  -5  -4  -3   2   8   0    0   0   0   0   0   0   0   0   0   0   7   0   0  16   0   0   0   2  68   7  1.49 0.37
  350 W    -2  -1   3   1  -4   1  -2  -1   0  -3  -3   0  -3   0  -3  -1   1   8   3  -3    1   2  22   7   0   6   0   4   1   0   0   4   0   2   0   1  12  23  15   0  0.66 0.21
  351 R     3   1  -2  -2  -2  -1   0   1  -2  -1  -2  -1  -2  -3  -2   2   0  -4  -3  -1   42  11   0   0   0   0   8  13   0   3   2   0   0   0   0  17   2   0   0   3  0.34 0.16
  352 I    -2  -4  -4  -5  -2  -4  -4  -5  -4   5   1  -4   0   1  -4  -3  -1  -4  -2   4    0   0   0   0   0   0   0   0   0  53   7   0   0   6   0   2   1   0   0  31  0.77 0.24
  353 I     0  -1  -4  -4  -2  -3  -3  -4  -3   3   2  -3   2  -1  -3  -2  -1  -3  -2   3    7   5   0   0   0   0   0   0   0  26  23   0   8   0   0   1   0   0   0  29  0.40 0.14
  354 D    -2  -2   5   5  -4  -1   2  -2  -1  -4  -5  -1  -4  -4  -3  -1  -2  -5  -4  -4    0   0  35  50   0   0  16   0   0   0   0   0   0   0   0   0   0   0   0   0  0.94 0.17

                      K         Lambda
Standard Ungapped    0.1364     0.3182
Standard Gapped      0.0409     0.2670
PSI Ungapped         0.1337     0.3175
PSI Gapped           0.0409     0.2670
