
Last position-specific scoring matrix computed, weighted observed percentages rounded down, information per position, and relative weight of gapless real matches to pseudocounts
           A  R  N  D  C  Q  E  G  H  I  L  K  M  F  P  S  T  W  Y  V   A   R   N   D   C   Q   E   G   H   I   L   K   M   F   P   S   T   W   Y   V
    1 M   -2 -3 -4 -4 -2 -2 -3 -4 -3  3  1 -3  8 -1 -4 -3 -2 -3 -2  0    0   0   0   0   0   0   0   0   0  24   4   0  72   0   0   0   0   0   0   0  0.92 0.21
    2 K   -1 -1  1  0 -3  1 -1 -2 -2  1 -1  2 -1 -3  4  1  0 -4 -3 -1    0   0   9   3   0   5   0   0   0  19   3  19   0   0  22  17   2   0   0   0  0.33 0.12
    3 E   -2  1  3  3 -4  2  3 -2  0 -4 -4  1 -3 -3  0  0  0 -4 -1 -3    0   6  17  25   0   9  21   0   1   0   0  10   0   0   3   3   3   0   3   0  0.45 0.12
    4 F   -3 -4 -4 -5 -3 -4 -4 -5 -3  3  1 -4 -1  6 -5 -3  0 -1  1 -1    0   0   0   0   0   0   0   0   0  22  15   0   0  55   0   0   6   0   2   0  0.91 0.27
    5 A    0 -3 -1 -3 -4  0 -2  1 -3 -4 -4 -2 -3  1  6  0  0 -4 -1 -3    7   0   3   0   0   5   0  10   0   0   0   0   0   8  52   6   7   0   2   0  1.02 0.28
    6 Y   -2 -3 -3 -4 -3 -3 -2 -4 -2  1  1 -3 -1  5 -1 -3 -1  3  3  1    3   0   0   0   0   0   2   0   0  11  18   0   0  30   4   0   3   5  14   7  0.46 0.18
    7 S    1 -2  0  0 -1 -1  0  2 -2 -2 -3 -2 -3 -2  0  3  2 -3  0 -2   11   0   2   6   1   1   4  14   0   3   0   0   0   1   5  35  12   0   5   0  0.33 0.21
    8 E    0  3 -2 -2 -4  2  1 -1  5 -4 -2  0 -2 -2  3 -1 -1  0 -1 -3    9  21   0   0   0   8  10   3  18   0   5   3   0   2  15   3   2   1   1   0  0.44 0.23
    9 P   -2 -4 -4 -4 -5  0 -3 -5 -1 -5 -5 -2  1 -6  8  1 -3 -6 -5 -5    2   0   0   0   0   5   1   0   1   0   0   1   3   0  76   9   0   0   0   0  2.05 0.61
   10 C    1  0  0  1  2  1  0 -2  3 -1 -1 -1  0 -1 -1  1  0 -3  0 -1   18   4   5   9   5   7   2   0  10   2   3   2   3   2   2  11   6   0   2   4  0.12 0.12
   11 L   -2 -4 -4 -4 -3 -3 -4 -4 -2  4  3 -4  2  3 -1 -3 -2  1  2  1    3   0   0   0   0   0   0   0   1  28  30   0   5  12   3   0   0   2   6   8  0.51 0.24
   12 D    0  0 -1  2 -3 -2 -2  3 -3 -1 -2  0 -2 -3  0  0 -1 -4 -3  2    5   5   0  17   0   0   0  27   0   2   2   6   0   0   5   8   3   0   0  19  0.28 0.20
   13 K    0 -1 -1  3 -4  1  2  0 -2 -3 -4  2 -3 -4  3  0  0 -4 -4 -2    7   1   2  18   0   6  12   7   0   2   0  18   0   0  16   4   5   0   0   2  0.40 0.22
   14 E    2  1  0  0 -4  0  4  0  1 -3 -3  1 -3 -4 -2  0  0 -4 -3 -1   18   9   3   4   0   1  31   6   4   0   2   9   0   0   1   3   4   0   0   4  0.33 0.22
   15 D    2 -3 -2  1 -3 -1  4 -1 -1  1 -1 -2 -2 -2 -3 -1 -1 -4 -3  0   25   0   0   7   0   0  34   4   1  12   5   0   0   1   0   3   2   0   0   6  0.40 0.29
   16 K   -1  0 -3 -2 -3  0 -1 -4 -3  3  2  1  1 -2 -4 -3 -1 -3  1  2    3   5   0   2   0   6   2   0   0  24  24  13   3   0   0   0   2   0   5  12  0.29 0.21
   17 K    1  1  1  2 -4  2  2 -3 -1 -4 -4  3 -3 -4 -1  0 -1 -4 -1 -3   16   5   5  12   0  10  17   0   1   0   0  21   0   0   2   7   2   0   2   0  0.41 0.25
   18 A    4 -1 -1 -1 -3  1 -1  1 -3 -3 -2  0 -3 -3 -3  0 -1 -3  2 -2   50   2   3   2   0   6   2  10   0   0   3   6   0   0   0   4   2   0  10   1  0.51 0.33
   19 V    2 -4 -4 -5  0 -4 -4 -3 -4  3  2 -4  2 -1 -4 -3 -2 -4 -3  3   20   0   0   0   2   0   0   2   0  21  21   0   6   1   0   0   0   0   0  27  0.56 0.30
   20 L    1  1  0  1 -1  2  1 -1 -1 -1 -1  1 -2 -3 -2  0  0 -4 -3 -1   19   7   5   7   1  10  11   3   1   3   5  12   0   0   0   5   7   0   0   4  0.16 0.13
   21 E    0  2 -1  2 -4  0  4 -2 -2 -3 -3  1 -2 -1 -3  0 -1 -4 -3 -4    8  15   1  10   0   3  36   1   0   1   1   9   1   3   0   8   2   0   0   0  0.51 0.30
   22 V    2 -3 -1 -2  3 -2 -3  0 -3  3  0 -3  0 -2 -3 -1  0 -3 -2  3   18   1   3   2   7   2   1   6   0  17   7   1   1   0   1   2   4   0   0  28  0.28 0.19
   23 L   -1 -3 -3 -1 -3 -3 -2 -2 -1  1  4 -3  2  1 -2 -2 -2  5  0  0    5   0   0   5   0   0   3   3   2   5  45   1   5   6   2   2   1  10   2   4  0.44 0.25
   24 N    0  1  0  3 -3  1  1  2  2 -4 -3  1 -1 -4  2  0 -1 -4 -3 -3    8   9   3  18   0   5   7  15   5   0   1   9   1   0  10   4   3   0   0   0  0.29 0.17
   25 S    0 -1  0  1 -3 -1  0 -2  1 -3 -1 -1  0 -4 -3  4  1 -4 -3 -2    5   4   2   6   0   2   6   2   4   0   5   3   3   0   0  45   9   0   0   3  0.44 0.31
   26 K   -1 -2  3 -2 -4 -1 -1  5 -3 -4 -2  0 -3 -4 -2  0  0 -4 -4 -4    3   1  14   1   0   2   5  46   0   0   4   7   0   0   2   7   6   0   0   0  0.65 0.32
   27 Q   -2  3  1 -2 -4  3  0 -3 -1 -2 -2  1 -1  0 -2 -1 -3  8 -1 -2    3  17   6   1   0  15   6   2   1   3   3   9   2   4   1   3   0  21   1   2  0.63 0.32
   28 L   -2 -4 -4 -4 -3 -3 -4 -3 -1  3  2 -4 -2  1 -4 -3 -1  3  6  0    2   1   0   1   0   0   1   2   1  17  20   1   0   4   1   1   5   4  35   6  0.77 0.37
   29 T    1 -2 -1 -3 -1 -2 -2  0  0  0 -2 -1 -1 -1 -2  1  4 -3  2 -1   14   1   2   0   1   0   1   8   3   7   3   2   2   2   1   9  33   0   7   2  0.34 0.28
   30 Q   -2  2  0 -2 -1  0 -2  3  0 -3 -2 -1  1 -4  2  1  2 -4 -1 -3    1  12   3   1   1   4   1  24   3   1   5   3   4   0  10   9  15   0   3   0  0.31 0.25
   31 G   -1 -4  4  0 -2 -3 -3  5 -4 -2 -5 -2 -4 -5 -3  2 -3 -5 -5 -4    5   0  20   5   1   0   0  46   0   3   0   1   0   0   1  14   0   0   0   1  0.94 0.48
   32 K   -1  1 -1  0 -1 -2  1 -1 -2 -5 -5  0 -4 -2  6 -1 -1 -5 -3 -4    4   8   3   4   1   1  10   4   1   0   0   7   0   2  43   5   4   0   1   1  0.90 0.47
   33 R   -1  1  1  0 -3  0  1  0 -1 -1  0  0 -1  0  0  0  2 -3  1 -2    2   8   7   4   0   2  10   9   1   2  10   5   1   5   4   8  16   0   5   1  0.10 0.14
   34 S    0  1  0 -1 -1 -1 -1 -2  5  1 -2 -2 -2  1 -3  0  0 -1  2  1    9   7   6   3   1   1   3   1  17   9   3   0   0   5   1   8   5   1   8  11  0.24 0.24
   35 L   -1  1  1  1 -4  1  2 -3  2 -2 -1  0 -2  0  0  0  0 -3  0 -1    5   9   6  10   0   8  12   1   7   0   8   5   1   4   4   7   5   0   4   3  0.15 0.16
   36 L    2  2 -1  0 -1  2  3 -3  2 -2 -1  1 -2 -3 -4 -1 -2 -5 -4 -1   21  11   1   4   1  11  22   0   5   1   6   8   0   1   0   3   1   0   0   4  0.37 0.32
   37 F   -3 -4 -6 -7 -1 -4 -6 -7 -5  3  5 -6 -1  4 -6 -5 -4 -4  1  1    1   1   0   0   1   0   0   0   0  14  51   0   1  18   0   0   0   0   4   9  1.08 0.55
   38 E    1  2 -4 -3 -2  0  6 -4 -1 -6 -6 -1 -5 -4 -5 -1 -4 -6 -5 -2   14  10   0   0   1   3  59   1   1   0   0   3   0   1   0   3   0   0   0   3  1.25 0.70
   39 E    0  2 -3  1 -2  2  5 -2 -1 -6 -5  2 -4 -6 -3 -1  0 -6 -5 -5    8  10   0   7   1  10  37   3   1   0   0  11   0   0   1   4   7   0   0   0  0.70 0.47
   40 A    3  3 -2 -1 -1  0  1 -3 -2 -1  0  2 -1 -1 -4  0 -1 -3 -3 -2   25  16   1   3   1   4  11   0   1   3   8  14   1   2   0   4   3   0   1   2  0.30 0.28
   41 L   -2 -5 -4 -6 -1 -5 -5 -6 -3  4  4 -4  0  3 -5 -5 -4 -4 -1  2    3   0   1   0   2   0   0   0   1  22  36   1   2  15   0   0   0   0   1  16  0.86 0.46
   42 C    5  1 -3 -5  5 -1 -3 -2 -5 -2 -4  2 -4 -5 -3 -1 -1 -6 -3 -2   45   8   1   0  14   2   1   2   0   3   1  13   0   0   1   4   3   0   1   2  0.83 0.53
   43 E    1  2  0  2 -1  1  4 -2 -2 -5 -3  2 -2 -5 -2 -1 -2 -5 -4 -4   14  12   5  12   2   4  28   2   1   0   2  11   1   0   1   3   2   0   0   0  0.51 0.37
   44 F   -2 -1 -5 -4 -3 -3 -2 -5  0  1  4 -1 -1  3 -5 -3 -3  4  3  0    4   3   0   1   0   1   3   0   2   6  38   4   1  12   0   2   1   5  12   4  0.56 0.37
   45 L   -3 -3 -1 -2  1 -2  1 -3  1  0  1  0  0  4 -4 -1  2 -3  1  0    0   1   3   1   3   0  11   1   4   5  13   6   2  20   0   4  15   0   4   7  0.28 0.27
   46 G   -4 -4  1 -1 -7 -3 -1  7 -1 -7 -7 -1 -6 -2 -4 -2 -5 -7 -6 -5    0   0   8   3   0   1   4  72   1   0   0   4   0   2   1   2   0   0   0   1  1.61 0.76
   47 V    3 -1 -2 -3  3 -2 -3  1 -3 -1 -1  0 -1 -1  0  0  0 -4  0  1   27   4   2   1   7   0   1   9   0   1   7   6   1   3   4   4   7   0   4  12  0.21 0.23
   48 K    0  1 -1  1 -3  0  4 -2 -1 -3 -5  3 -4 -6  3 -1 -2 -3 -4 -2    7   6   2   9   1   3  27   2   1   1   0  20   0   0  13   3   2   0   0   2  0.57 0.40
   49 H    2  1  1 -1 -5  0  0 -4  5 -4 -4 -1 -2  2 -4 -1 -1 -2  5 -3   18   8   6   3   0   4   5   0  15   0   1   3   1  10   1   4   3   0  19   1  0.57 0.41
   50 A    4 -3 -1 -5  3 -1 -2  1 -5  1 -3 -3 -2 -5 -4 -1 -1 -6 -5  2   43   1   4   0   7   2   2  10   0   8   0   0   1   0   0   4   4   0   0  13  0.64 0.46
   51 L   -2 -2 -4 -6  0 -2 -5 -4 -1  4  2 -5  0  2 -5 -3 -1 -5 -1  4    2   2   1   0   2   2   0   1   2  22  23   0   1   8   0   1   3   0   1  30  0.71 0.42
   52 V    1 -4 -4 -3 -4  3 -3 -3 -3  1  1 -4 -1  2  1 -2 -2 -2 -1  3   14   0   0   1   0  13   1   1   0   8  12   0   1  10   8   2   2   1   2  24  0.36 0.33
   53 F    0 -5 -5 -5  3 -3 -5 -5 -5 -1 -1 -5 -1  4  2 -2  3 -5 -1  3    7   0   0   0   6   1   0   0   0   3   5   0   1  18  12   2  19   0   2  23  0.66 0.46
   54 N    1 -3  3 -2 -1 -3 -4  2  5 -3 -6 -3 -5 -6 -2  3  0 -6 -4 -1   10   0  16   2   1   1   0  15  17   1   0   1   0   0   2  26   4   0   0   4  0.70 0.49
   55 S   -2 -3  4 -4 -1  1 -4  1 -4 -6 -6 -4 -2 -6 -2  5  0 -7 -3 -3    3   1  19   0   1   7   0  12   0   0   0   0   1   0   2  47   5   0   1   2  1.01 0.66
   56 A    1 -7  1 -6 -1 -6 -6  7 -6 -8 -8 -5 -7 -8 -7 -4 -2 -7 -7 -7   11   0   7   0   1   0   0  77   0   0   0   1   0   0   0   0   3   0   0   0  1.99 0.91
   57 T    1  1 -3 -3 -3 -2 -4 -4 -4 -2 -2 -2  2 -2 -5  3  4 -4  4 -2   12   7   0   1   0   2   0   0   0   2   4   1   6   1   0  21  24   0  15   2  0.60 0.48
   58 S    3 -2 -2  1 -3  3  1  2 -2 -3 -2 -2  1 -3 -4  1  0 -5 -4 -2   23   1   1   8   0  16   9  13   1   1   4   1   4   1   0   8   7   0   0   3  0.35 0.33
   59 A    6 -6 -3 -5 -5 -4  0  1 -6 -5 -5 -5 -3 -5 -4  0 -2 -7 -6 -4   68   0   1   0   0   0   6  12   0   0   0   0   0   0   0   7   2   0   0   1  1.38 0.78
   60 L   -3 -4  6 -2 -5 -2  0 -4 -4  2  2 -1  1 -3 -5 -3 -2 -6 -5  1    2   0  35   1   0   1   7   1   0  12  21   4   4   1   0   1   2   0   0   9  0.72 0.49
   61 L   -1 -2  1 -2 -1  2  0 -3  3  1  2 -2  2  1 -4 -1  0 -4 -1 -1    4   1   6   1   1  12   6   1   9   9  22   1   6   7   0   5   4   0   1   3  0.25 0.26
   62 T    3 -4 -1 -2 -1 -1 -3  2 -2  1  2 -3  1 -2 -4 -1  1 -4 -3  0   24   0   3   2   1   3   0  15   1   9  20   0   4   1   0   4   8   0   0   6  0.30 0.28
   63 L    4 -3 -5 -5 -1 -2 -4 -2 -5  1  1 -4  0 -3 -5 -1  0 -5 -4  3   37   1   0   0   1   2   0   2   0   8  15   0   2   0   0   3   6   0   0  23  0.65 0.45
   64 Y   -2 -5 -6 -4 -4 -4 -5 -6 -1  3  3 -5  2  3 -6 -4 -2 -4  4  2    4   0   0   1   0   1   0   0   2  16  31   0   6  13   0   1   2   0  13  12  0.75 0.44
   65 R    0  0  1 -2 -1  1 -1 -1  0 -1  0  0  4 -1  0  1  0  0 -1  0    9   5   6   1   2   7   3   5   2   2  10   4  13   3   4  10   6   1   1   5  0.09 0.15
   66 N    4 -1 -2 -4 -1  0 -4  0 -1 -2  0 -3 -1 -3 -3  2  1 -5 -2 -1   40   3   1   0   1   4   0   7   2   2  11   0   1   1   1  14   9   0   1   3  0.49 0.40
   67 F    1 -4 -6 -6  0 -5 -5 -5 -5  0  5 -5  1  3 -5 -3 -1  0 -2  0   11   1   0   0   2   0   0   1   0   5  55   0   3  11   0   2   3   1   1   4  0.87 0.50
   68 S    0  0  0 -1  0  0  0  2 -1 -1 -1  0  0  1 -1  0  0 -1  1  0    9   5   5   3   2   3   4  16   1   4   5   5   4   6   3   8   4   0   6   6  0.04 0.04
   69 E    2 -1 -2 -3  2 -2 -1 -3 -2  3  2 -1  0 -1 -2 -1 -1 -3 -2  2   19   4   1   1   4   1   3   1   1  18  18   4   1   1   1   3   3   0   1  14  0.25 0.20
   70 F   -1  0  2  0 -3  1  0  3  0 -2 -2  1 -1 -1 -1  0 -1 -2 -1 -2    2   4   9   4   0   6   7  25   2   2   4  12   1   4   2   6   4   1   2   3  0.21 0.17
   71 S    1 -2 -2 -2 -1  0  0 -2 -2 -1  0  1 -1 -4  5 -1 -1 -4 -2 -2   12   2   1   1   1   4   5   3   1   5   9   8   1   0  33   4   3   0   2   3  0.52 0.32
   72 A   -2 -1 -1  0 -5 -3 -3  6 -4 -3 -4  0 -5 -5 -3 -2 -4 -5 -5 -3    2   3   3   5   0   1   1  66   0   2   2   5   0   0   2   3   1   0   0   3  1.29 0.61
   73 D   -4  1 -3  7 -6 -1  1 -3 -4 -4 -5  0 -2 -6  1 -1 -4 -6 -5 -5    1   7   0  58   0   2   9   1   0   1   1   5   1   0   7   4   0   0   0   1  1.35 0.67
   74 R   -1  2  0 -1 -3 -1  0  2  3 -2 -2  1 -1 -2 -1 -1  2 -1  0 -1    2  11   5   3   0   2   7  15   7   3   2  11   1   1   2   2  16   1   4   4  0.21 0.17
   75 N   -1 -1  0  3 -1 -1  0  1 -1  1 -1  0 -1 -1  0  0  0 -2  0  1    5   4   3  18   1   2   4  11   1   9   6   6   2   2   3   5   4   1   3  12  0.08 0.07
   76 E   -1 -1 -2 -1 -3 -1  5 -3  0  0  1  0  1 -3 -1 -2 -2 -1 -3 -1    4   2   2   3   0   2  40   2   3   5  15   5   3   1   3   2   2   1   1   4  0.48 0.29
   77 I   -2 -4 -4 -5 -4 -4 -4  1  0  4  0 -4 -2 -2 -4 -4 -3 -2 -2  5    3   1   0   1   0   0   1  10   2  19   7   1   0   2   1   1   1   1   1  48  0.90 0.48
   78 I   -2 -5 -5 -5 -4 -5 -5 -6 -3  6  2 -5  4  1 -2 -4 -3 -5 -4  3    2   0   0   0   0   0   0   0   1  44  14   0  11   6   2   1   1   0   0  16  1.07 0.53
   79 T    0 -3 -2  0  1 -1 -1 -3 -1  2  0 -3  0 -2 -2  1  1 -4 -1  3    6   1   1   6   3   2   4   1   2  14   7   0   2   1   2  12   8   0   2  25  0.22 0.23
   80 T   -1 -3 -3  3 -1 -1 -3 -2 -4 -2  0 -4  1 -2  5  1  2 -5 -1 -3    4   1   0  15   1   2   1   3   0   3  10   0   3   2  28  13  11   0   2   1  0.57 0.42
   81 P    1  2  1  1 -4 -2  1  1 -3 -3 -2  0 -2 -2 -1  2  0 -1 -4 -3   14  11   6   8   0   1   8  12   0   1   4   4   0   2   3  20   5   1   0   1  0.25 0.25
   82 I   -2 -2  1 -1 -4  0 -2  1  3 -2  2 -3  2  1  3 -2 -2 -3  2 -2    1   2   7   4   0   4   1  10   8   0  21   1   7   6  13   3   1   0   9   2  0.30 0.28
   83 S    1 -3  2 -1  0 -1 -1  1  1 -3 -2 -3 -1 -1 -3  1  3 -4  1 -1   10   1  11   2   2   2   4  12   3   0   3   1   1   2   1  12  23   0   6   5  0.29 0.29
   84 F   -4 -5 -4 -6 -2 -5 -6 -2  7 -3  0 -6 -1  6 -5 -5 -5  6  4 -2    1   0   1   0   1   0   0   4  25   1  10   0   2  30   1   0   0  11  11   2  1.45 0.71
   85 V    1 -1 -2  0 -1 -2 -2  1  1  0  0 -2  0  0  0  0 -1 -1  0  2   16   3   1   7   1   0   1  10   5   4   7   2   2   3   5   7   3   1   4  18  0.10 0.15
   86 A    2 -3 -2 -2  1 -2  0  1 -2 -3 -1 -3 -2 -4 -3  4  2 -5 -2 -1   15   1   1   2   3   1   6  10   1   1   7   0   1   0   1  33  12   0   2   4  0.44 0.39
   87 T   -2 -1 -2 -2  0 -3 -3 -2  1  2  0 -2 -1  0 -4  0  4  1  4 -1    2   3   1   2   2   0   1   3   4  11  11   2   1   2   0   8  26   2  15   4  0.38 0.33
   88 A    0  0  0 -2 -1 -1 -1  1  0  1  0 -1 -1  0  1 -1 -1  1  1  1   10   7   4   2   2   2   4  13   3  10   6   3   1   3   7   2   3   2   5  12  0.05 0.09
   89 N    0  0  3  2 -4  1  0  1  2 -1 -2 -1 -2 -1 -1  0 -2 -4  0 -2    6   6  15  14   0   5   6  11   5   5   4   3   1   2   3   7   1   0   3   3  0.17 0.18
   90 M    3 -3 -1 -2 -3 -1 -2  2  1 -1 -2 -1  3 -1  1  1 -1 -4 -1  0   26   0   2   1   0   2   2  14   5   2   4   3   8   3   7  11   2   0   2   6  0.26 0.26
   91 L    1 -3 -3 -2  2 -1 -3  0  0  3  0 -1  1  1 -1 -1 -1 -1 -2  2   15   0   0   2   4   2   0   6   3  18  10   3   3   6   4   2   4   1   0  16  0.19 0.19
   92 L   -1  2 -1 -1  0  1  1 -3 -2  0  1  1  0 -2 -2  0  0 -4 -1  1    3  13   3   3   2   7   9   1   0   5  18   8   1   0   1   6   5   0   2  10  0.13 0.17
   93 E   -1  1 -1 -3 -4  1 -2 -1 -1 -1  3  0  3  2 -4 -1  0  2 -1 -2    4   7   3   0   0   6   2   5   2   2  30   7   9   8   0   3   6   2   1   1  0.25 0.26
   94 S    2 -2  1 -1  1 -2 -1 -3  2 -2  0 -2 -2  0 -4  3  0 -1  0 -1   16   1   7   3   4   1   3   1   6   1  10   2   1   5   0  26   5   1   3   5  0.26 0.29
   95 G   -3  1  0 -3 -6 -3 -3  6 -3 -5 -7 -1 -6 -3 -6 -1 -4 -6 -6 -5    1   8   5   1   0   1   2  70   1   1   0   3   0   2   0   5   1   0   0   1  1.52 0.74
   96 Y    5 -5 -4 -5 -4 -3 -4  2 -4 -1 -1 -2 -2  1 -4 -1 -3 -5  1 -1   50   0   0   0   0   1   0  16   0   4   6   3   1   7   0   3   0   0   5   4  0.77 0.52
   97 T   -1  3 -2 -1 -3 -1  1 -1 -2 -1 -3  3 -3 -2 -4 -1  3 -5 -3  1    3  17   1   3   1   1  10   5   1   3   1  18   0   1   0   3  19   0   1  11  0.35 0.32
   98 P   -1 -2 -4 -3  0 -2 -2 -4  0  0 -1 -2 -3  0  6 -1 -1 -4  0  2    5   2   0   1   2   2   2   1   3   5   7   2   0   4  37   4   3   0   4  16  0.69 0.40
   99 V   -2  0 -2 -3 -2 -3 -3 -4 -1  2 -1  1 -2  0 -3 -2  0  3  0  5    1   6   2   1   1   1   1   1   2  11   3  10   0   3   1   3   7   4   3  40  0.49 0.35
  100 F   -2 -1 -1 -1 -4 -1  0 -2 -1 -1  1 -3  0  5  1 -2 -2  0  3  0    3   4   2   4   0   3   7   3   2   3  11   0   2  28   8   2   2   1   9   6  0.37 0.27
  101 A    0 -3 -3 -3  1 -3 -4 -5  0  2  0 -2 -2  0 -3 -2 -3 -4  4  5    7   1   1   1   3   1   1   0   2   9   7   2   1   3   1   3   0   0  14  42  0.65 0.42
  102 G   -1  1  0  4 -4  0  2  1 -1 -2 -4  0 -3 -3  2 -1 -2 -4 -2 -3    5   8   5  25   0   4  11  13   1   2   1   6   0   1  10   4   2   0   1   2  0.38 0.26
  103 I   -1 -1 -2 -3  0 -3 -2 -3 -1  3  1 -2 -1  1  0 -1  0 -1 -1  3    4   4   1   1   2   0   2   2   1  15  13   1   1   7   6   3   6   1   2  28  0.27 0.22
  104 K   -3  1  1  4 -5 -1  2  0  3 -3 -4  0 -4 -4 -2  0  1 -5 -4 -4    1   9   7  28   0   2  11   7   9   1   1   5   0   1   2   6   8   0   0   1  0.49 0.34
  105 N    0  2  2  0 -2  0  2 -2  1 -3 -2  0 -2 -3  2  0  0  1 -2 -2   10  12  13   4   1   3  14   2   3   1   3   4   1   1  12   4   7   2   1   2  0.24 0.21
  106 D   -3 -1  1  5 -5 -1  2 -1  1 -4 -3  0 -3 -3 -1 -1  2 -5  0 -2    1   3   5  38   0   1  11   4   4   0   2   5   1   1   2   3  12   0   3   3  0.61 0.38
  107 G   -1 -1  2 -1 -2 -2 -1  2  0 -2  0 -2  0  0  0 -1  2  3  2 -2    2   3  10   3   1   1   3  19   3   1  11   1   2   4   4   2  18   4   7   2  0.21 0.22
  108 N   -1  1  2  1  1  0 -1  0  3 -2  1  0  1  0 -3 -1  0  0  0 -2    5   8  14   8   3   3   2   6  10   1  15   4   5   3   0   2   5   1   3   2  0.13 0.16
  109 I   -1 -2  0 -2 -1 -2 -3 -3  1  3  2 -3  2  0 -2 -1  0 -3  0  2    5   2   5   2   1   1   0   1   5  20  20   0   6   3   1   4   7   0   3  14  0.23 0.19
  110 D   -3 -2  1  6 -5 -1 -1 -4  2 -3 -1 -2 -4 -5 -3  0  0 -6 -2 -5    1   3   5  57   0   2   1   0   4   1   8   1   0   0   1   6   6   0   2   0  1.06 0.55
  111 E    1 -2 -2 -1 -1 -2  0 -3 -1  0  1 -2  1  0  3 -1 -1 -3  3  1   11   2   1   3   1   1   9   1   1   4  14   0   5   3  15   3   3   0  12  11  0.21 0.20
  112 L    1  0  0  4  0  0  3 -2 -1 -4 -2  0 -2 -4 -3  0 -1 -5 -2 -2   12   5   4  24   2   4  24   3   1   0   3   6   1   0   1   5   2   0   1   3  0.42 0.30
  113 A    2  1 -1  2 -2  1  1 -2  2 -2  0  1 -1 -3 -3  0 -1 -4 -2 -2   22   6   1  14   1   7   9   1   5   1  10  10   1   0   0   7   2   0   1   2  0.23 0.23
  114 L   -2 -2 -5 -5 -4 -4 -3 -5 -4  3  4 -4  1  0 -5 -4 -3  1  2  3    3   3   0   0   0   0   2   0   0  20  37   0   3   4   0   0   1   2   6  19  0.68 0.39
  115 E    1  1  0 -1 -5  1  5 -4 -3 -1 -2  2 -4 -5 -4 -2 -3 -6 -5 -3   13   8   3   2   0   4  46   1   0   3   4  12   0   0   0   1   0   0   0   2  0.76 0.49
  116 K    3  2  0 -1 -1  1  1 -2  0 -1 -2  2 -2 -4 -2  0 -1 -4 -3 -2   31  10   3   3   1   7   8   2   2   4   4  13   1   0   1   7   4   0   0   1  0.29 0.27
  117 L    5  1 -3 -4 -2 -2 -3 -3  0 -3  1  0 -2 -3 -4 -1 -1 -5 -3  0   54   6   1   0   1   1   1   0   2   0  12   7   1   1   0   3   2   0   1   7  0.68 0.48
  118 I   -1 -1 -4 -2 -1 -2 -3 -4 -4  5  2  0  0  0 -3 -2 -1 -4 -3  2    5   3   0   2   1   1   1   1   0  37  17   7   2   5   1   3   3   0   0  12  0.46 0.32
  119 N   -1  1  1  0 -4  0  1 -1 -1 -2 -3  1 -2 -5 -1  0  4 -5 -4 -1    5   8   7   5   0   3  11   3   1   2   1   8   1   0   2   7  33   0   0   4  0.39 0.33
  120 E   -2 -1 -1  2 -5 -1  4 -4  2 -2 -4  1 -4 -5  4 -1 -2 -5 -4  0    3   2   2  12   0   1  27   0   6   2   0   7   0   0  23   4   2   0   0   8  0.65 0.41
  121 R   -1  4  2  0 -5  1  1 -2  2 -5 -5  4 -4 -4 -2 -1 -2 -5  0 -4    5  23  11   5   0   5   9   3   4   0   0  25   0   0   2   3   2   0   3   0  0.55 0.36
  122 T   -2  1 -3 -3 -4 -1 -2 -3 -2  1 -2 -1 -3 -5  3 -1  5 -5 -2 -1    1   7   0   1   0   2   2   2   1   7   2   3   0   0  16   3  47   0   1   3  0.79 0.51
  123 K    1  3 -1  0 -1 -1 -1  0 -2 -3 -4  5 -4 -5  1 -2 -2 -5 -4 -4   12  15   1   6   1   2   3   7   1   1   1  40   0   0   6   1   1   0   0   1  0.62 0.41
  124 A    3 -1 -1 -3  0 -3 -3  0 -2  0  2 -2  2 -1 -4  0 -2  0 -1  0   29   3   3   1   2   0   0   7   1   5  25   2   7   2   0   5   0   2   2   5  0.27 0.27
  125 I   -3 -5 -6 -6 -4 -5 -6 -6 -6  6  2 -4  0  0 -6 -5 -1 -5 -2  3    1   0   0   0   0   0   0   0   0  53  18   1   2   3   0   0   3   0   1  18  1.17 0.56
  126 V   -2 -4 -2 -3 -2 -4 -4 -4 -4  4  1 -4  2  2 -3 -2  0 -4 -1  4    2   0   2   1   1   0   0   1   0  26  14   0   6   8   1   3   5   0   2  28  0.55 0.34
  127 S    1 -2 -3 -4  2 -2 -3 -3 -1  0  0 -1 -1 -3  4 -1 -1 -4 -3  3   10   2   0   0   5   1   0   2   2   5   6   5   1   0  22   5   3   0   0  29  0.46 0.32
  128 V    1 -3  0 -3  0 -2 -1 -2 -1  0 -2 -3  1  2 -4  0  2 -4 -1  4   15   0   5   0   2   1   4   3   1   2   1   0   3   8   0   7  12   0   1  34  0.34 0.31
  129 D   -3 -3  5  2 -5 -2 -2  0  5 -5 -5 -3 -1 -5 -2  3 -1 -5 -3 -3    0   0  27  11   0   1   1   6  17   0   0   0   2   0   2  28   2   0   0   2  0.85 0.51
  130 Y    1 -4 -3 -4  0 -3 -2 -3 -2  1  0 -3  4  0  4 -1  0 -2  1 -1   13   0   1   0   2   0   2   1   1   8   9   0  15   4  22   3   7   0   6   4  0.44 0.31
  131 A    1 -3 -1  1 -2 -1 -1  0  0 -1  0 -3 -1  1 -1  0  1 -2  4 -1   13   0   2   9   0   2   3   6   2   4   9   0   1   7   2   7  10   0  20   2  0.21 0.22
  132 G   -1 -5  1 -4 -5 -3 -5  6 -5 -6 -2 -4 -1 -3 -2  1 -1 -6 -3 -4    5   0   7   0   0   1   0  63   0   0   4   0   2   1   2  10   3   0   1   1  1.19 0.60
  133 K    1  1  2  2 -2  1  0 -1  0 -2 -3  1 -2 -1 -1  1  1 -2  0 -1   11   9   9  11   0   9   3   3   2   1   1   9   0   3   2   8   9   0   4   5  0.15 0.15
  134 S   -1 -3 -2 -2 -1 -2 -1 -3 -2  2  0 -2  2 -3  3  0  1 -4 -1  3    5   0   1   1   1   1   4   1   1  15   9   1   5   0  14  10   7   0   2  21  0.29 0.25
  135 V    3 -2 -1 -2  2 -2 -2 -1 -1  2  0 -2 -2 -1 -1 -1 -1 -2  0  1   32   2   4   2   5   2   1   3   1  14   8   1   0   2   2   2   2   0   4  12  0.24 0.25
  136 E   -3 -3  1  5 -5 -1  2 -3 -1 -5 -4 -2 -4 -3  3  0 -1 -5 -1 -5    1   1   6  41   0   3  13   2   1   0   2   2   0   1  15   7   3   0   2   0  0.82 0.45
  137 V   -2 -2 -4 -5 -1 -3 -2 -5 -1  3  3 -3  5  2 -4 -4 -1  3  0  1    3   2   0   0   1   0   3   0   2  15  32   1  16  10   0   0   2   4   2   7  0.55 0.33
  138 E    1  2  0  3 -4  1  3 -2 -2 -4 -2  2 -3 -4  0  0 -1 -5 -4 -3   12  10   4  18   0   5  22   1   0   0   3  11   0   0   5   4   3   0   0   1  0.40 0.28
  139 S    2  1 -2  0 -4  0  4 -1 -1 -3 -3  1 -3 -5  1 -1 -1 -2 -4 -2   21   8   1   5   0   3  32   4   1   1   1   7   0   0   6   2   2   1   0   3  0.42 0.32
  140 V   -2 -3 -5 -6  1 -5 -5 -6 -5  5  3 -5  1  1 -5 -4 -2  0 -1  2    2   2   0   0   3   0   0   0   0  34  34   0   2   6   0   0   1   1   1  12  0.80 0.41
  141 Q    2  3 -1 -3  0  0  0 -1 -1  0 -1  0 -1 -3 -3 -1  0 -4  0  1   23  23   2   0   2   3   5   5   2   5   3   5   1   0   0   3   4   0   3  11  0.23 0.23
  142 K    2  2  1  2 -1  2  4 -2  0 -4 -3  1 -2 -5 -2 -1 -1 -5 -4 -4   18   9   5  11   2   7  28   1   2   0   1   8   1   0   1   2   3   0   0   0  0.46 0.32
  143 L   -3 -5 -5 -5 -4 -4 -3 -3 -1  5  3 -5  0  0 -5 -3 -2  0 -2  2    1   0   0   0   0   0   2   2   2  37  34   0   1   4   0   1   2   1   1  12  0.78 0.42
  144 C    5 -4 -4 -5  6 -4 -4 -1 -1 -1 -2 -2 -3 -5 -4 -1 -1 -5 -4 -1   57   0   0   0  18   0   0   4   2   3   4   3   0   0   0   2   3   0   0   4  1.02 0.55
  145 K   -1  3 -1  2 -4  1  1 -2  4 -2 -2  3 -1 -4 -1 -1 -2 -4 -1 -2    6  15   2  15   0   6   9   1  12   1   3  19   2   0   2   1   1   0   2   3  0.38 0.27
  146 K    0  3  0  0 -4  2  3 -1 -1 -4 -3  3 -2 -5 -2  0 -1 -5 -4 -4    9  15   3   5   0   7  21   5   1   0   2  25   1   0   1   4   2   0   0   0  0.46 0.31
  147 H   -1  0  0 -4 -1 -1 -3 -5  8 -3 -2  0 -3 -1 -3 -1 -2  1  4  0    5   6   4   0   1   2   0   0  37   1   3   6   0   1   1   3   2   2  16   9  0.89 0.49
  148 S   -2 -1  4  3 -5 -1 -1  5 -3 -3 -5 -1 -4 -5 -4 -1 -3 -5 -5 -4    1   2  19  18   0   2   2  46   0   2   0   4   0   0   0   2   0   0   0   1  0.92 0.44
  149 L    3 -3 -4 -4 -1 -3 -4 -2 -4  4  2 -2 -1 -1 -2 -2 -1 -4 -3  2   25   1   0   0   1   0   0   2   0  25  23   2   0   1   2   1   2   0   0  14  0.46 0.31
  150 S   -1  0 -4 -4 -2 -3 -3 -4 -1  2  2  0  0  0  3 -3 -2  4  3  0    3   4   0   0   1   0   0   0   1  11  23   6   2   3  18   1   1   6  12   6  0.42 0.27
  151 F   -3 -5 -5 -6  1 -4 -5 -6 -5  3  4 -5  1  1 -5 -4 -1 -4 -3  3    1   0   0   0   3   0   0   0   0  13  47   0   2   5   0   0   4   0   0  25  0.82 0.41
  152 L   -2 -4 -5 -5 -1 -4 -5 -3  1  4  2 -4  3  2 -5 -3 -3 -1  0  3    1   0   0   0   1   0   0   2   4  29  17   0  10   9   0   1   0   1   3  23  0.64 0.35
  153 S    0 -3 -2 -1 -2 -2  2 -3 -3  1  1 -3 -1  0 -3  1  0 -4 -1  3    7   0   1   3   0   1  14   1   0   6  12   0   1   5   0  14   3   0   1  31  0.26 0.24
  154 D   -5 -5  0  8 -7 -4  0 -5 -5 -7 -7 -4 -7 -7 -5 -4 -5 -8 -7 -7    0   0   2  95   0   0   3   0   0   0   0   0   0   0   0   0   0   0   0   0  2.60 0.89
  155 S    3 -3  2  1  2 -2  2  0 -3 -1 -1 -2  2 -4 -3  0 -2 -4 -4 -1   28   0  13   7   4   0  17   7   0   5   4   0   7   0   0   4   1   0   0   3  0.31 0.26
  156 S    5 -2 -3 -3  3 -3 -3 -1 -3 -1 -3 -3 -1 -4 -2  0  0 -4 -3  0   62   1   0   0   6   0   1   4   0   3   1   1   2   0   1   5   6   0   0   5  0.77 0.39
  157 H   -1  0 -1 -2 -4  3 -1 -3  7 -4 -3 -2 -3  1 -4  0 -3  0  5 -4    4   4   2   1   0  13   4   1  37   0   1   1   0   5   0   6   1   1  19   1  0.98 0.42
  158 A    3 -3 -2 -3  0 -2 -1  2 -3  0 -2 -2 -1  0 -3  1  1 -3 -1 -1   36   0   0   0   2   0   3  19   0   6   2   0   1   4   0  12  10   0   2   3  0.38 0.26
  159 L    1 -2 -1 -2 -3 -2  0 -1  3  1  0 -2  0  3 -2  0  0  0  0  1   15   0   3   0   0   0   9   4   9   8   8   0   1  17   2   7   4   1   2  10  0.14 0.15
  160 G   -1 -3 -1 -3 -2 -3 -2  6 -1 -4 -2 -3  1  0 -1 -2 -3 -3  2 -3    3   1   3   0   1   0   3  59   1   0   3   1   4   5   4   0   0   0   8   1  0.88 0.39
  161 S    2 -1 -1 -3 -1 -2 -2 -2 -2  1  1 -1  0 -2 -3  1  2 -3 -1  2   19   2   3   0   1   0   1   2   1   6  16   3   2   0   0  10  16   0   1  15  0.18 0.17
  162 E    0  2 -1 -2 -3 -1  1 -2  0  1  1  0  0 -1  1 -1  0 -2  1  1    6  14   2   1   0   1   9   1   2   8  13   3   3   2   9   2   5   0   7  12  0.09 0.10
  163 Y    0  0 -2 -2 -1  0 -1  0  0 -1 -1 -1 -2  2 -1 -2 -2  2  6  0   11   6   1   2   1   3   3   6   2   3   4   3   0   7   4   1   2   3  32   6  0.39 0.25
  164 Q    1  1  1  1 -1  1  1 -1 -1 -1 -1  1 -1  0 -2  0  0 -3 -1 -1   12   9   9   9   1   5   8   3   1   4   5  13   2   5   1   4   4   0   1   2  0.10 0.09
  165 N   -1 -2  1  2 -2  2 -1  5 -3 -4 -3 -2 -4 -4  0 -1 -2 -4 -4 -2    4   1   6  14   1  10   2  45   0   0   3   2   0   0   5   2   1   0   0   3  0.67 0.34
  166 K   -2  3 -1 -2 -2  2  2 -1  0 -2 -1  3 -2 -2 -2 -1 -1 -1  1  0    1  18   2   0   1   8  15   4   2   2   7  19   0   1   1   2   2   1   6   9  0.28 0.21
  167 K    0  1 -1  0  1  0  0 -1  4 -3 -2  1 -1 -2  3  0 -1  1  1 -2    8   9   2   5   3   2   7   5  13   0   3   9   2   1  13   4   2   2   5   2  0.23 0.17
  168 V    0 -3 -3 -2 -3 -2 -2 -2 -3  2  2 -3  1 -1  2 -1 -1  0  0  2    8   0   1   2   0   1   3   3   0  13  23   0   4   2  11   3   2   2   4  20  0.26 0.19
  169 G    0 -2  0 -1  2 -1 -1  5 -1 -4 -2 -1 -1 -2 -2  1 -2 -4 -4 -3    8   1   5   3   4   2   3  43   1   0   4   4   2   2   2  11   2   0   0   1  0.53 0.29
  170 G    1 -1  0 -1 -1 -1  1  0 -1 -2  0 -1 -1 -3  3  0  1 -2 -1 -1   14   3   4   1   1   1  13   7   1   1  11   3   1   0  14   8  10   0   2   4  0.17 0.14
  171 F   -1  0 -1 -2 -3  0 -1  1  2  1  1 -1  0  2 -3 -1 -1 -2  2  0    5   6   2   2   0   3   2  15   6   9  14   4   1  11   1   2   3   0   8   7  0.10 0.11
  172 A    3 -3 -1 -1 -3 -2 -1  4 -2 -2 -3 -1 -2 -3  2  0 -2 -4 -1 -1   28   0   2   3   0   1   3  31   1   2   2   2   1   1  11   5   0   0   2   3  0.49 0.29
  173 L   -2 -1 -1  5 -4 -2 -1 -1  5 -3 -2 -2 -3 -4 -2  0  2 -4  1 -3    3   3   2  37   0   0   1   5  14   1   4   2   0   0   2   5  13   0   6   1  0.66 0.38
  174 A    3 -3 -4 -3  2 -3 -3 -1 -4  3  0 -3  3  1 -2 -2 -2 -4 -3  3   31   1   0   1   5   0   1   3   0  16   5   0   9   5   1   1   1   0   0  19  0.46 0.31
  175 S    0 -2 -1  2  0 -1 -1  1  3 -1 -1 -2  0 -1 -1  0  0 -3 -2  2    7   0   2  14   2   1   4  12  11   2   7   0   2   3   3   7   4   0   0  17  0.14 0.16
  176 V    0 -4 -3 -2  0 -2 -3 -3 -3  4  0 -3  1 -1 -4 -1  3 -4 -2  3    9   0   0   2   2   1   1   1   1  27   8   1   4   2   0   3  18   0   1  19  0.41 0.28
  177 F   -3 -4 -1 -4 -2 -4 -3 -3  3  0  0 -4  2  6 -3 -3 -1 -2  2  2    2   0   4   0   1   0   1   2   8   3   6   0   6  38   1   2   4   0   6  15  0.71 0.37
  178 S   -1 -2 -2 -2 -1 -2 -1 -1 -1 -4 -3 -3 -1 -5 -2  6  3 -5 -4 -2    2   1   0   1   1   1   4   4   1   0   2   0   2   0   1  58  19   0   0   2  0.97 0.54
  179 F   -2 -2 -2 -2 -2 -2 -2  0 -1 -1  0 -2  3  5 -3  1  1 -2  0 -1    2   1   1   2   1   1   2   7   1   2   6   1  10  33   1  13   9   0   2   4  0.44 0.24
  180 H   -2 -1 -1 -1 -1  1  0 -1  5 -2 -2 -1 -2  0 -2  2  2 -2  2 -2    2   2   2   3   1   5   6   3  19   2   3   2   0   3   1  20  17   0   7   1  0.38 0.23
  181 A    2 -2 -1 -1 -3 -1 -1  3  1 -3 -2  1 -3 -2  1  0  2 -3 -2 -2   21   1   2   3   0   1   2  26   4   1   3   8   0   2   6   3  14   0   1   2  0.32 0.22
  182 I   -2 -2  1  1 -3 -2 -2 -1  5  1 -2  1 -2 -3 -2  1  3 -1 -2  0    1   1   5  10   0   1   1   4  16   9   3   8   0   0   1  11  18   1   1   9  0.29 0.24
  183 K   -3 -1 -3 -1 -6 -2 -1 -5  0 -2 -3  7 -4 -3 -2 -3 -1 -6 -1 -3    1   1   0   3   0   0   2   0   2   2   2  76   0   1   2   0   3   0   2   2  1.49 0.69
  184 P    0 -2  1  0 -3 -2 -2 -1  0  1  0 -2  1 -1  1  0  2 -1  2  1    7   1   9   7   0   0   0   5   3   9   7   1   4   1   7   6  15   0   8   9  0.11 0.14
  185 I   -1 -4 -5 -4  0 -4 -4 -2 -4  3  4 -3  4  2 -5 -3 -3 -3  1  0    5   0   0   1   2   0   0   3   0  15  41   1  14   7   0   1   0   0   5   4  0.64 0.36
  186 T    1  2 -2 -2 -3 -3 -3  4 -2 -1 -1 -2 -3 -3 -3  0  3 -4 -4 -2   11  13   1   2   0   0   0  30   1   3   6   0   0   1   0   5  23   0   0   1  0.48 0.32
  187 T    1 -3  0 -3  4 -2 -3  4 -3 -1 -3 -1 -2 -1  0  0  1 -4 -3  0   13   1   5   0  10   1   0  30   0   3   1   3   1   3   4   8  10   0   0   6  0.38 0.24
  188 A    1 -3  1 -1 -1 -3 -3  3  1 -2 -3 -1  0 -1  4 -1 -1  2 -1 -3   12   0   7   2   2   0   1  28   4   3   1   3   3   3  21   3   3   4   2   1  0.47 0.27
  189 E   -2  3 -1  0 -3  2  2  1  0  0 -2  0  0 -3  0 -1  0 -4 -3 -2    2  18   2   4   0   9  19  11   3   9   3   2   3   0   5   3   6   0   0   2  0.22 0.19
  190 G    1 -4 -3 -4 -2 -4 -4  6 -4 -1 -3 -4 -4 -5 -2  0 -3 -5 -5 -1   13   0   0   0   1   0   0  63   0   5   2   0   0   0   1   7   1   0   0   4  1.12 0.48
  191 G   -1 -5 -2 -4 -5 -5 -5  7 -5 -4 -4 -4 -5 -5 -5 -2 -4 -5 -5 -3    4   0   2   0   0   0   0  84   0   1   2   0   0   0   0   2   0   0   0   2  1.86 0.69
  192 A    3 -3 -4 -4  2 -3 -3  0 -3  2  2 -3  3  2 -3 -2 -2  2  0  0   27   0   0   0   5   0   0   7   0  11  17   1   9  10   0   1   0   3   3   5  0.34 0.25
  193 V   -2 -5 -5 -6  0 -5 -5 -6 -5  5  2 -5 -1  2 -5 -4 -3 -4  1  4    2   0   0   0   2   0   0   0   0  32  18   0   1   9   0   0   1   0   6  30  0.86 0.42
  194 V    1 -4 -5 -5  0 -4 -4 -5 -4  3  1 -4  1  0 -2 -2 -1 -4  0  4   14   0   0   0   2   0   0   0   0  18  14   0   4   2   2   2   3   0   4  36  0.58 0.34
  195 T    1 -1 -1 -3  0 -3 -3  2 -4  0 -2 -2 -1  0 -3  1  4 -1 -3  0   11   3   2   0   2   0   0  15   0   5   3   1   1   4   0   9  36   1   0   6  0.43 0.33
  196 N   -2  2  5  3 -2 -2  0  2 -3 -5 -5  2 -4 -5  1 -1 -2 -5 -4 -3    2  12  27  15   1   1   4  15   0   0   0  11   0   0   6   2   2   0   0   1  0.58 0.34
  197 D   -2  0  3  6 -2 -2  0 -1 -2 -4 -4 -1 -4 -2 -3  2 -2 -5 -4 -4    2   5  14  44   1   0   3   4   1   0   1   4   0   2   0  16   1   0   0   1  0.82 0.41
  198 S    0  1 -2  2 -5  1  5 -1 -1 -4 -4  2 -4 -5  1 -1 -2 -5 -3 -3    9   6   1   9   0   4  40   5   1   0   1  12   0   0   6   2   1   0   1   2  0.59 0.36
  199 E    1  0  0  2 -4  0  4 -3 -1 -1 -2  0 -3 -2 -2 -1 -1 -4 -2  0   13   4   3  10   0   4  34   1   1   4   4   5   0   2   1   4   3   0   1   6  0.33 0.25
  200 L   -2 -4 -5 -5  0 -3 -5 -5 -4  2  4 -3  1  2 -3 -4 -2  0  2  0    2   1   0   0   2   1   0   0   0  14  53   2   3   8   2   0   2   1   6   3  0.73 0.39
  201 H    3 -2 -3 -1 -1 -2 -1 -1  0  3 -1  0 -2  1 -2 -2 -1 -3  2  0   32   2   1   3   1   1   4   3   3  20   2   6   0   5   1   0   2   0   8   6  0.27 0.26
  202 E    0  1  0  2 -4  2  4 -1  1 -3 -3  2 -3 -4 -1 -1 -1 -1 -3 -2    7   6   4  13   0   8  27   3   3   1   1  17   0   0   2   2   2   1   0   4  0.41 0.27
  203 K    0  3 -1 -1 -4  0  0 -3  1 -1 -1  4 -2 -3 -2 -1  0 -4  0 -1    6  20   3   2   0   4   6   1   3   4   5  29   0   0   1   4   4   0   4   3  0.35 0.25
  204 M    1 -2 -3 -5  0 -3 -3 -4 -4  4  3 -3  3  0 -4 -3 -3 -4 -3  2   11   2   1   0   2   1   1   0   0  28  28   1   8   3   0   0   0   0   0  12  0.56 0.32
  205 K   -1  4  2  1 -2  0  1 -2  0  0 -2  2 -1 -3 -2 -1  0 -4 -1 -2    4  24  11   7   1   3   9   2   2   6   3  13   2   1   1   2   5   0   3   2  0.26 0.20
  206 L   -1  1 -1 -2  0  2 -1 -2  2 -1 -1  1  0  1  0  1  0 -3  0 -1    2   9   2   1   2  11   3   2   7   3   7   9   2   9   4  16   5   0   2   4  0.12 0.14
  207 F    1 -3 -2 -3 -2 -1 -3 -2 -2  1  3 -2  1  3 -3  0 -1  0 -1  0   12   0   2   1   0   2   1   3   1   8  36   2   2  12   1   7   3   1   2   5  0.27 0.20
  208 R    1  2 -1 -2 -1  3 -1 -2 -1  1  0  2 -1 -3 -2 -1 -2 -3 -2  1   11  15   2   1   1  17   2   3   2   9   9  11   1   1   1   4   1   0   0   9  0.20 0.17
  209 S    0 -1  3  0 -3 -1 -2 -1 -1 -2 -1 -2 -2  4 -1  0 -1 -2  1 -2   10   3  20   4   0   2   2   3   1   1   6   1   0  25   3   7   4   0   4   2  0.31 0.21
  210 H    0 -1 -2 -1  0  1 -2  0  6 -3 -3 -1 -2  2  3 -1 -1  0  2 -2    6   2   1   4   2   6   1   8  22   1   2   3   0   9  16   3   3   1   8   2  0.42 0.23
  211 G    0 -1 -1 -2 -3 -1 -2  6 -3 -1 -3 -2 -1 -2 -3 -1 -2 -3 -3 -2    5   3   3   2   0   3   2  61   0   3   3   1   1   2   1   3   2   0   1   3  0.90 0.35
  212 M   -1  1 -1 -1 -2 -1 -2  1 -1  1  1 -1  2 -1 -1 -1 -1  0  0  0    4  11   3   3   0   2   1  13   1  11  18   1   9   2   3   3   3   2   3   5  0.08 0.10
  213 L    1 -1 -1 -1  1  3  0 -1  0  0  0  0  0 -2 -1  0  0 -2 -1  0   14   2   1   4   4  19   3   5   3   4  11   6   2   1   3   4   6   0   2   7  0.10 0.12
  214 K   -1  2  0  0 -3  0  0  3 -1 -2 -3  0 -2 -1 -1  0 -1 -3 -1 -1    4  15   4   4   0   3   6  31   1   2   2   5   1   3   3   5   2   0   2   7  0.26 0.17
  215 K    0  0  0 -1  0 -1  0  2 -2 -1 -1  0 -1 -2  0  1  0 -3 -2  1    6   6   4   2   2   2   5  20   1   2   6   6   2   1   5  10   5   0   1  15  0.10 0.10
  216 D   -1  2  0  2 -3 -1  0  0  0 -2 -2  0 -1 -1  3 -1  0  0 -1 -1    4  15   3  14   0   2   3   8   2   2   3   3   2   2  18   4   5   2   2   6  0.25 0.17
  217 F    0 -1 -2 -1 -1 -1 -1  0 -1  1  1 -1  0  0  2  0  0 -2  0  0    9   4   1   2   1   2   2   6   2   8  21   4   2   4  12   5   4   0   4   7  0.09 0.08
  218 F   -2  0 -3 -2 -3 -1  0  0 -1 -2 -1 -1  3  5 -3 -2 -2  3  4 -1    3   5   1   2   0   2   6   7   1   2   4   3  11  25   1   1   2   4  17   5  0.45 0.27
  219 E   -1 -1  0  2 -3  1  1 -1  5  1 -3 -1 -2 -2 -1 -1  0  2  1 -1    4   3   2  15   0   5  12   3  16  10   1   2   0   1   3   4   6   3   4   4  0.25 0.19
  220 G    1 -1 -1 -2  0  0  0  2  0 -2 -1  0 -1  1 -2  0  0 -2  2 -1   17   3   2   1   2   3   6  15   2   1   6   5   1   6   1   7   7   0  10   5  0.11 0.11
  221 E    1 -2 -1  0 -3  1  2 -1 -1 -2 -2 -1  0  0 -1  1  2  2  0 -1   12   1   2   5   0   6  19   4   1   1   2   2   3   4   3   8  17   3   2   3  0.19 0.17
  222 V    1 -2 -2 -3 -1 -2 -2 -1  1  1  1 -2  1 -1  0 -1  1  1  0  2   16   1   1   1   1   1   2   5   5   9  12   1   5   2   3   3  10   2   2  19  0.14 0.14
  223 K    0  1  0 -1 -2  0  0 -2 -2  0  0  2  0 -2  1  1  1 -3 -2  0    5   7   4   1   0   2   7   2   0   7   7  15   2   0   7  12   9   0   1   9  0.12 0.12
  224 S    0 -1  0  0 -1  1  1 -2 -1  0  0 -1  1  0  0 -1  1 -2  1 -1   10   3   4   5   1   8  11   1   1   7   8   1   5   4   4   3  13   0   7   3  0.08 0.12
  225 I   -1  0 -3 -3 -2 -2 -3  0 -3  1  0 -2  2  0  5 -2 -1 -3  0  2    5   5   0   1   1   2   1   8   0   8  11   2   6   3  28   1   3   0   3  14  0.43 0.25
  226 G    0 -4 -3 -3 -2 -3 -3  6 -4 -4 -4 -1 -4 -4  1 -2 -2 -4 -4 -3    6   1   1   1   1   1   1  67   0   1   1   4   0   1   8   2   3   0   0   2  1.24 0.49
  227 H    0 -2 -2 -2  0 -2 -2  0  1  0  1 -2  1  2 -2  1  0  3  3  0    7   1   2   1   2   1   2   6   4   5  15   1   4   9   1  11   4   4  15   5  0.17 0.14
  228 N    0  0  4 -1 -3  0  0 -1 -2 -2 -2  3 -1 -3  0  0  0 -3 -3 -1    8   5  27   1   0   3   4   4   0   2   4  22   1   1   4   4   5   0   1   3  0.34 0.22
  229 F    1  0 -1 -1 -2 -1  0  1  1 -2 -1 -2  1  1 -1  0  0 -1  3 -1   16   5   1   2   0   3   5  12   4   1   4   1   6   7   2   6   6   0  15   4  0.14 0.14
  230 R   -1  4  3 -2  2 -1  0 -2 -2 -1  0  1 -2 -1 -1 -1 -1 -3  0 -1    5  27  15   1   6   1   5   2   0   3  10   6   0   2   2   2   4   0   3   4  0.26 0.19
  231 L    1 -2 -3 -2 -2 -1 -3 -3 -3  2  3 -2  4 -2  0 -2 -1 -3 -1  0   16   2   1   3   0   3   1   1   0  12  32   1  12   1   6   1   2   0   1   4  0.33 0.22
  232 N    1 -1  1  1  1  0 -1  0  0 -1 -1 -1 -1 -1  1  2  1 -3 -2 -1   10   2   7   8   3   3   2   6   2   3   6   2   2   2   7  24   7   0   1   4  0.14 0.13
  233 E    0  0  0  3 -3  0  3 -1 -2 -2 -2 -1 -3 -3  2 -1  0 -3 -3 -3   10   4   4  20   0   3  25   4   0   2   3   1   0   1  12   3   4   0   1   1  0.42 0.24
  234 I   -1 -2 -3 -2 -2 -1 -2 -3 -1  3  2  0  4  2 -2 -2 -2 -2 -1  1    5   2   1   2   0   2   2   2   2  18  18   6  14  11   1   2   1   0   1  11  0.27 0.18
  235 Q    0  0  2  0  1  3  2 -1  0 -1 -1  0 -2 -3 -2  1 -1  1 -1 -2    7   3  11   3   3  17  12   5   2   4   6   4   0   1   1  13   1   2   2   2  0.18 0.16
  236 S    5 -2 -1 -3  2 -1 -2  0 -3 -3 -1  0 -3 -4 -2  0 -2 -4 -3 -1   57   1   2   1   4   3   1   7   0   1   6   5   0   0   2   4   1   0   0   4  0.67 0.39
  237 A    5 -2 -3 -3 -1 -3 -1 -2  0  0 -2 -2  0 -1 -3  0 -1  3 -2 -1   58   2   1   1   1   1   3   1   2   5   3   1   2   2   1   5   2   4   1   4  0.70 0.40
  238 L   -1 -2 -3 -3  1 -2 -2 -3 -3  4  2 -1  0  2 -3 -2 -1 -3  0  1    6   2   1   1   4   1   3   1   0  31  18   5   1  10   1   3   3   0   2   6  0.32 0.21
  239 G    3 -1 -2 -2 -3 -1  0  3 -3 -1  1  0 -1 -1 -1 -1 -1 -3 -3 -1   26   2   1   1   0   2   5  23   0   3  17   6   1   2   2   1   4   0   0   4  0.26 0.20
  240 L   -1  0 -2 -3  0 -2 -1 -3  0  2  3 -2  1 -1 -3 -1 -1  0 -2  1    5   5   2   1   2   1   4   1   2  14  36   1   3   1   1   4   4   2   1  12  0.27 0.19
  241 S    1  1 -1  0 -3  0  2  0  0 -1 -1  1 -2 -3 -1  0 -1 -3 -1  1   17  10   1   6   0   1  16   7   2   2   6   7   0   0   2   4   3   0   2  13  0.13 0.14
  242 Q   -1 -1 -1 -2 -3  5  1  1  0 -3 -2  1 -2  0 -3 -1 -2 -3  0 -1    6   3   2   1   0  35   9  11   2   1   4   7   1   5   1   4   1   0   3   5  0.43 0.29
  243 L   -1 -2 -3 -3 -3 -2 -2 -3 -3  0  4 -1  3  0 -3 -1 -2  0 -1  0    4   2   1   1   0   1   3   1   0   4  51   4   7   3   1   4   2   1   2   6  0.49 0.27
  244 K   -1  1 -1  0 -4  2  4 -2 -1 -2 -3  2 -3 -4  0 -1 -2 -4 -2 -2    4   6   3   5   0  10  35   3   1   3   3  15   0   0   4   2   2   0   1   3  0.48 0.30
  245 K   -1  3  0 -2 -3  0  1 -1  2 -1 -1  2 -1 -3 -3 -1  2 -3  1 -1    4  16   3   1   0   3  12   6   6   3   5  15   1   0   0   3  13   0   5   3  0.22 0.20
  246 A   -1 -2  0 -2 -3 -3 -3 -2  0  2  4 -2  3  1 -4 -3 -1  1  0  0    3   1   5   3   0   0   0   3   3  10  42   2   8   4   0   1   3   2   4   4  0.38 0.26
  247 P    0  0  0  5 -4  0  3 -2  0 -4 -4  1 -4 -4  2  0 -2 -5 -2 -3    9   4   3  31   0   2  17   3   3   0   2   7   0   0  11   5   1   0   1   1  0.55 0.32
  248 F    0  0 -1  1 -3  1  3 -2  2 -1 -1  0 -1 -1 -1  0 -1 -2  0 -1    9   6   1   6   0   6  26   1   6   4   5   5   2   3   3   6   3   0   3   4  0.20 0.18
  249 L   -1  2  0  0 -3  0  1 -3  0  1  0  0  1  2 -3 -1 -2  2  2  0    5  15   4   5   0   4   9   0   2  10   8   6   4   8   0   3   0   3  10   5  0.15 0.16
  250 M   -1  0  3 -2 -2 -1 -2 -2  2  2  1 -1  2  0 -2 -1  0  0  0  1    3   5  16   1   0   3   1   2   5  14  15   2   8   3   1   2   4   2   3   7  0.15 0.16
  251 Q    2  1 -3 -1 -4  2  3 -2 -3 -1 -2  3 -2 -3 -3 -1 -2  2 -3 -2   21   7   0   1   0   8  24   2   0   5   4  18   0   1   0   2   1   3   1   2  0.40 0.31
  252 K   -1  5  1 -1 -5  3  0 -3  2 -2 -3  2 -2 -4 -4 -1 -2  0 -1 -2    4  32   6   2   0  16   4   2   5   2   2  14   1   0   0   3   1   1   2   3  0.55 0.35
  253 R   -2  6 -3 -2 -5 -1 -1 -3  4  0 -1  0 -1 -2 -4 -2 -3 -5 -1  1    3  42   0   2   0   1   4   1  12   6   7   3   1   1   0   3   1   0   2   9  0.69 0.42
  254 E   -1  4  0 -2  0  2  2 -1  1 -1 -2  2  0 -4 -1 -1 -1 -4 -3 -1    4  24   3   1   3   8  14   4   3   4   3  13   2   0   2   4   3   0   0   5  0.30 0.24
  255 E    2  1  0  0 -4  1  3 -3  1 -1 -3  2 -3 -3 -3  0 -1 -4  0 -1   16   7   5   3   0   5  24   0   3   3   1  12   0   1   0   8   3   0   4   4  0.30 0.26
  256 A   -2 -2  5 -3 -4 -1 -2 -3  0  2  3 -2  0 -1 -3 -1 -2 -5 -3  1    3   2  29   0   0   2   2   1   2  12  27   2   2   2   1   3   1   0   0   9  0.45 0.34
  257 A    4 -1 -3 -2 -3  0 -1 -2 -4  1 -2 -1  0 -2 -4  0 -1  0 -1  1   48   3   1   2   0   3   3   2   0   9   3   3   2   1   0   5   3   2   2   8  0.47 0.36
  258 L    1  1  0  1 -1  2  2 -2 -2 -1 -1  1 -1 -2 -3  0  0 -4 -2 -1   13   7   4   6   1  12  18   2   0   5   5  10   2   2   0   4   5   0   1   3  0.19 0.18
  259 T    0  3 -2 -3  0  0 -1 -3  1  0  1  1 -1  0 -2 -2 -1  4  3  0    7  18   1   1   2   3   4   0   3   4  14   8   1   4   1   1   4   6  11   8  0.21 0.19
  260 Y   -1 -3 -2 -5 -4 -4 -4 -3 -3  1  3 -4 -1  3 -3 -4 -3  0  5 -1    5   1   2   0   0   0   0   2   0   8  33   0   1  13   1   0   0   1  26   3  0.74 0.40
  261 D    1  1  0  0 -1  1  0 -1  1 -1  0  1 -2 -2 -2  0 -1 -3  1 -1   18  10   4   6   2   6   4   4   3   4   9  10   0   0   0   5   3   0   8   3  0.10 0.13
  262 R   -1  2  1  1 -4  2  3 -1 -1 -4 -3  2 -3 -5  0  0  0 -5 -4 -4    5   9   7   7   0  10  24   4   1   0   2  13   0   0   5   5   6   0   0   0  0.40 0.28
  263 I    0  0 -2 -2 -1  1  2  2 -1 -1  0  0 -1  1 -3 -1 -1  0 -1 -1   10   6   1   1   1   6  15  18   2   3  12   5   0   7   0   3   2   1   2   5  0.11 0.14
  264 F   -3 -4 -5 -5 -4 -4 -4 -4 -5  0  5 -2  3  2 -5 -3 -4 -4 -1 -2    1   0   0   0   0   0   1   1   0   4  69   3   7   7   0   2   0   0   2   0  1.12 0.54
  265 K    2  0  0 -1 -3  2  2 -1 -1 -2 -2  2  0 -4 -1  1  0 -4 -3 -1   18   4   3   1   0  12  13   5   1   3   4  17   2   0   2   8   4   0   0   3  0.24 0.22
  266 D    0 -1  2  3 -4  0  2  1  0 -4 -2  2 -2 -4 -2  0 -1 -5 -4 -4    6   2  10  17   0   4  17   9   2   0   4  17   1   0   1   7   2   0   0   0  0.38 0.27
  267 N    0  0 -1 -3 -1 -1 -2 -3  4  2  2 -1  3 -2 -3  0 -1 -3 -1  1    7   5   3   0   1   2   1   1  12  17  20   3   8   0   0   6   4   0   1   7  0.24 0.21
  268 P   -1 -4  0  1 -5 -1  0  3 -2 -5 -4 -2 -4 -2  6 -3 -2 -5 -4 -4    5   0   4   7   0   3   6  24   1   0   1   1   0   2  41   1   2   0   0   1  0.98 0.47
  269 Y   -1  0 -1 -1 -2 -1 -1  4 -2 -1 -1  0  0  2 -3  0 -2  0  3 -2    2   4   2   2   1   2   4  30   0   4   6   8   2  10   0   7   0   1  11   1  0.30 0.23
  270 F   -1  0 -2 -2 -3  1 -2 -2 -1  3  1 -1  1  2 -1 -2 -2 -3 -1  3    3   6   1   2   0   7   2   2   1  18  10   3   3  11   3   2   1   0   1  23  0.22 0.18
  271 T   -1  0  0  0 -2  0  1 -2 -1  0 -1  0  0 -1  3  1  1 -2  1  0    2   4   3   6   0   2  10   2   2   5   6   5   2   3  14  10  12   0   5   7  0.14 0.11
  272 P   -2  0 -2 -2 -3  0 -1 -3 -2  1  2  0 -1  0  4 -2 -1  0 -2  2    1   5   1   1   0   4   3   2   1  10  19   6   1   3  21   2   3   1   0  15  0.31 0.20
  273 L    0 -1 -1 -2 -2  0 -1 -1 -1  2  1 -1  0  0  0 -1  0 -2  0  2    8   2   4   1   0   6   2   6   1  15  11   3   1   4   4   4   5   0   4  18  0.07 0.09
  274 H   -1  0 -1 -1 -3  1  0  1  2 -1 -1  1 -1  1 -1  0  0 -2  3  0    1   5   1   3   0   7   5  14   5   4   7   9   1   6   3   5   6   0  11   6  0.09 0.11
  275 P   -1 -1  0  0 -4 -1  2  1 -3 -1 -2  1 -3 -4  5 -1 -2 -4 -1 -2    3   3   5   4   0   1  13   9   0   4   3   7   0   0  35   5   2   0   3   2  0.61 0.33
  276 L    0 -1  0  1 -2  0  0 -1  1  0  0 -1 -1 -2  2  0  1  0 -1  0    8   2   6   8   0   4   7   4   6   7  12   3   1   0   9   6   9   1   1   7  0.07 0.08
  277 L    0 -2 -1  1 -3 -2 -1  2  1  0  0 -1  0 -2 -1 -1 -1  3  1  1    6   0   3  11   0   1   2  16   4   7   9   5   3   0   3   1   3   4   5  16  0.10 0.13
  278 K   -1  0  0  0 -3 -1  0  0 -1  0 -1  0 -2 -3  3  1  1 -2 -2  0    2   5   5   5   0   1   5   6   2   8   6   4   0   0  15  16  10   1   1   6  0.17 0.15
  279 D   -1  0  1  1 -4  0 -1  3  4 -4 -4  1 -3  0 -1  0  0 -3 -1 -3    2   5   6   8   0   4   2  23  14   0   1  10   0   4   3   6   7   0   1   1  0.34 0.23
  280 K   -1  1  0  2 -3  2  0  2 -1 -1 -1  1 -2 -1 -1  0  0 -3 -1 -1    3   9   5  11   0  11   4  15   1   4   6   7   0   3   2   7   4   0   2   6  0.11 0.10
  281 S   -1  0  0  1 -1 -1 -2  0  5 -3 -2 -2  1 -1  0  2  2 -4 -2 -2    3   4   4   9   1   1   1   6  19   1   3   1   4   4   4  20  15   0   0   2  0.38 0.28
  282 S    2 -1  1  1 -1 -2 -1  0 -1 -2 -2 -1 -1 -3  1  2  0 -4 -3  0   24   3   9  10   1   0   4   5   1   1   2   1   2   0   8  16   5   0   0   7  0.22 0.19
  283 N   -2  2  2 -2 -3  1 -2 -2  2 -1 -2  0  0  2 -3 -2  0  7  2 -1    3  11  14   2   0   7   1   3   5   3   3   4   2   8   1   1   6  15   7   4  0.40 0.25
  284 H    0 -1  0 -3  0 -1 -3 -3  8 -2 -3 -3 -3  1 -2 -1 -2  3  3 -1    9   4   5   1   2   2   1   2  39   2   2   1   0   7   1   4   2   4  10   5  0.87 0.42
  285 L   -1 -1 -3 -3 -3 -1 -2  0 -3  1  3 -2  2  1 -3  0 -1 -3  0  1    3   3   0   1   0   2   3   7   0   6  40   2   5   4   1   9   3   0   3   7  0.26 0.21
  286 Y   -1 -3 -1 -4 -3 -3 -3 -2  0  1  0 -2  0  5 -2 -2 -2  2  4  0    5   1   3   1   0   0   1   4   2   7   9   2   2  30   2   3   2   2  16   8  0.49 0.27
  287 P   -1 -2 -1 -3 -3 -3 -2 -4 -3  2  1 -2  3 -2  4  0  2 -4 -3  0    4   1   4   0   0   0   2   0   0  12  13   2   9   2  24   5  15   0   0   5  0.44 0.28
  288 I   -1 -4 -1 -4  0 -2 -4 -1 -1  4  2 -4  2  1 -4 -3 -2 -4 -3  4    3   0   4   0   2   2   0   4   1  22  15   0   5   6   0   1   0   0   0  33  0.51 0.31
  289 L   -1  3 -2  1  2 -1 -1 -2 -2  1  1  0  0  0 -3  0 -1 -3 -1  0    4  19   1  11   5   1   2   2   0   9  18   6   2   3   0   7   2   0   1   7  0.15 0.17
  290 M   -2 -3  1 -3 -1 -3 -3 -4 -2  2  2 -2  1  3 -1 -3 -1 -2  1  3    1   1   7   1   1   0   1   1   1  14  17   3   3  13   4   1   3   0   4  25  0.32 0.22
  291 H   -1  0  0  3 -3  0  1  0  0 -2 -1  0 -2  1  1 -1 -1 -2  0 -2    4   4   4  22   0   2   8   8   2   2   8   8   0   9   7   4   4   0   3   1  0.16 0.13
  292 Q   -1 -1  2  2 -3  0  2 -2 -2 -1 -1  0 -2 -2  1  1  1 -3 -1  0    2   2   9  15   0   4  14   2   0   5   5   4   0   1   6  14   8   0   2   7  0.19 0.15
  293 K    0  2  0  1 -3  0  2  1 -2 -3 -2  2 -2 -1 -1  1 -1  0 -2 -2    6  12   5   6   0   2  14  11   0   1   3  17   0   3   2  12   2   2   0   2  0.22 0.16
  294 F    0 -2 -1  1  3  0  0  0 -2 -1 -1 -2 -1  2  1  1  0 -2 -1 -1    9   1   1   9   9   5   6   8   0   3   7   1   0  13   6  10   6   0   2   5  0.10 0.12
  295 F    0 -1  0 -2 -1 -2  0  4  1 -1 -2  0 -2  2  0 -1 -2 -3  1 -1    6   4   5   1   1   0   5  33   4   5   3   5   0  10   5   1   1   0   4   6  0.26 0.19
  296 T    1 -2 -2 -1  1 -2  0 -2 -2  2  1 -1  1 -1 -1  0  1 -3 -2  2   10   1   1   2   3   1   8   2   0  15  13   2   3   1   2   8  13   0   0  14  0.12 0.12
  297 C   -1  0  1  2  0  0  1  1  2 -1 -1 -1 -1 -2 -1  1  1 -3 -2 -1    3   4   7  13   2   4  11  10   6   4   4   2   1   2   1  11   9   0   0   5  0.12 0.10
  298 K    1  5 -1 -1 -3  0 -2  2  0 -2 -3  2 -3 -4 -2 -1 -2 -4 -3 -2   12  36   2   3   0   3   1  15   2   2   1  12   0   1   2   4   2   0   0   3  0.52 0.29
  299 K   -1  0  0  4 -3 -1  3 -3  1 -3 -1  2 -3 -3 -1 -1 -1 -3  0 -2    6   3   3  29   0   1  18   1   3   1   6  14   0   1   2   3   3   0   3   3  0.41 0.24
  300 L    3  0 -2  1 -3  1  2 -1 -1 -2 -1  1 -2 -1 -2  0  0 -3  0 -1   27   6   0   9   0   7  13   4   1   1   5   8   0   2   0   6   5   0   3   3  0.20 0.19
  301 I    1 -4 -4 -1 -3 -3 -4 -4 -4  1  4 -4  1  3 -4 -2 -3 -3 -2  2   14   0   0   4   0   0   0   1   0   7  40   0   2  15   0   1   0   0   0  13  0.51 0.31
  302 L    0  0 -2 -2  0  1  0 -3 -2  1  1 -1  3  0 -3  1 -1 -3  1  1    6   4   0   1   2   7   8   1   0  10  16   2  10   2   0  13   2   0   6   9  0.13 0.16
  303 E    0  1  2  0 -3  1  3 -1  0 -3 -2  2  0 -3 -2  0  0  0 -2 -3    7   6  13   3   0   6  24   5   2   1   5  13   4   0   1   3   4   1   1   1  0.28 0.21
  304 S    2  1  0  0 -2 -1  0  0  0 -1  0  0  0  0 -3  1 -1  0  1 -1   23   9   5   5   0   1   5   5   2   3   9   5   3   4   0  11   0   2   6   2  0.10 0.14
  305 L   -4 -5 -6 -6 -4 -5 -6 -6 -6  0  6 -5  0 -3 -6 -5 -3 -5 -2 -1    0   0   0   0   0   0   0   0   0   4  88   0   1   0   0   0   1   0   2   3  1.65 0.68
  306 H   -1  2  0  2 -4  1  1  0  0 -3 -1  3 -2 -4 -3 -1  0 -4 -2 -2    5   9   5  12   0   6   9   6   2   1   8  26   0   0   0   3   4   0   1   1  0.29 0.22
  307 K    0  1  2  1 -5  0  5 -3 -1 -4 -3  1 -1 -3 -3  0 -1 -5 -4 -4    9   7  11   7   0   2  43   1   1   0   2   6   2   1   0   4   2   0   0   0  0.62 0.37
  308 R    2  2  1 -2  1  0  0 -2  0  0 -1  1  0 -3 -3 -1 -2 -3  0  0   23  16   6   1   3   4   4   2   2   6   5  10   2   0   0   2   0   0   3   8  0.17 0.19
  309 G   -1 -4  3 -1 -5 -2 -3  6 -4 -6 -5 -3 -5 -6 -2 -1 -3 -6 -6 -3    5   0  17   2   0   1   2  63   0   0   1   1   0   0   2   3   1   0   0   2  1.26 0.55
  310 I   -4 -6 -6 -6 -2 -6 -6 -7 -6  7  1 -6 -1  1 -6 -5 -2  0 -1  1    0   0   0   0   1   0   0   0   0  72   9   0   1   5   0   0   1   1   2   8  1.54 0.63
  311 L    0 -1 -2 -1 -3  0  2  2  0 -2  0 -1  0 -1  0  0  2  0 -2 -2    7   3   0   2   0   2  18  16   3   1  11   2   2   3   5   5  17   1   1   1  0.16 0.19
  312 A    1 -2 -2 -2  3 -2  0  1 -2  1  0 -2 -1  1 -2  0  1 -2 -1  1   10   0   0   0  10   0  10  10   0  10  10   0   0  10   0  10  10   0   0  10  0.10 0.10
  313 Q   -1  1  3  1  2  0  0  1 -2 -1 -1 -1  0  0 -3  1  0 -3 -2 -1    4   9  18   9   5   4   6   9   0   4   4   0   3   4   0  12   4   0   0   4  0.14 0.14
  314 V    0  0 -2 -1 -2  0 -1 -2 -2  1  0  1 -1  1  2  0  1 -3 -2  1   10   3   0   4   0   4   0   0   0   8   9  12   0   7  12   8  13   0   0  10  0.13 0.13
  315 H    0 -3  2 -2  0 -1 -2 -1  5  0 -2 -2 -2  2 -1  0  0  2  3  0   10   0  11   0   3   3   2   4  17   5   3   0   0   9   3   5   6   3  11   6  0.26 0.22
  316 Y   -1 -1 -3 -4  2 -3 -3 -3  2 -1 -3 -3 -3  4 -4  0  1  4  6 -3    4   4   0   0   5   0   0   2   5   4   0   0   0  19   0   8  12   6  30   0  0.72 0.38
  317 K    1  2 -1 -3 -3 -1 -2 -2 -1  2 -2  0 -2 -2  4 -1  0 -3  2  0   13  13   2   0   0   2   0   2   2  18   2   5   0   0  20   2   5   0   8   6  0.31 0.23
  318 P    2 -2 -4 -4  2 -4 -4 -2 -5 -2 -5 -3 -4 -6  7  0 -2 -6 -5 -1   16   3   0   0   4   0   0   2   0   2   0   0   0   0  61   5   2   0   0   4  1.50 0.58
  319 I    1 -3 -1 -3 -1 -2 -3 -1 -3  2  2 -1  2  1  1 -1  0 -3  0  1   18   0   3   0   1   0   0   5   0  12  22   3   5   5   6   3   8   0   2   7  0.15 0.15
  320 Y   -2 -2  1  1 -4  0  1 -2  6 -1 -3  0  0 -3  0  1  1 -4  0 -1    0   0   6   7   0   4   9   3  27   5   0   4   3   0   4  11   7   0   3   6  0.42 0.30
  321 Q    0  1  0  0 -3  0  0 -1  1 -1  0  1  0 -3  0  0  2 -3 -2 -1    8  10   5   5   0   2   3   4   5   3   9   8   3   0   4   4  22   0   0   4  0.12 0.14
  322 Y   -2  1  2  0 -1  2  0 -3  4 -3 -1 -1  2  0  2  0 -1  3 -1 -3    0  10  11   3   2  11   6   0  11   0   6   0   8   4  10   8   4   4   2   0  0.26 0.23
  323 Q   -1  1  0  0 -4  0  0 -3  1 -3 -2  2  0 -4  4  2 -1 -4 -3 -2    4   8   4   4   0   4   4   0   3   0   4  12   2   0  25  21   2   0   0   2  0.47 0.28
  324 L    0 -3 -1 -1 -3  0 -2 -1  2 -1  1 -2  0  0  4  0  0  0  2 -1    6   0   2   4   0   4   0   5   6   3  17   0   2   3  21   7   4   1   9   3  0.26 0.20
  325 Y   -3 -1 -1 -4 -4 -3 -4 -2 -2  0 -2 -3  0  5  0  0 -3 -1  6  0    0   3   3   0   0   0   0   2   0   4   1   0   2  26   6  10   0   0  35   7  0.85 0.43
  326 Q    2  4 -2 -3 -3  2  0 -3 -2 -3 -1  1 -2  0 -3  0 -1  1 -1 -1   24  29   0   0   0   8   3   0   0   0   4  10   0   4   0   6   3   2   1   4  0.38 0.28
  327 Q    0  1  1  0 -4  1  3 -1  3 -2 -2  1 -2 -3  0  0 -1 -4 -2 -2    6   9   5   5   0   4  28   4  10   3   5   7   0   0   3   5   3   0   0   2  0.28 0.20
  328 L   -1  4 -2 -3 -3 -1 -1 -2  1 -1  2  0 -1 -1 -3 -1  0 -3 -2  1    5  27   1   0   0   1   3   2   4   0  25   3   0   3   0   5   4   0   0  14  0.27 0.24
  329 F    0  0 -2 -1 -3 -1  0  0 -1 -1  0 -1 -1  3 -2 -1  0  1  4  0    6   6   0   2   0   1   7   7   0   2   9   4   0  13   1   4   5   1  21   9  0.19 0.17
  330 N    0  0  0  0 -2  0  1  0 -2  0 -1  0 -1 -2  2  0  1 -3 -1 -1   10   7   4   5   0   3  13   6   0   7   6   5   0   0  12   8   8   0   2   4  0.13 0.09
  331 T    0  1 -1  0 -3  2  1  1  1 -2 -1  1 -2 -3  0  1  1 -3 -1 -1    8   8   0   5   0  11   7  11   4   0   5   9   0   0   3  11  10   0   2   5  0.15 0.13
  332 A    1 -2 -2 -2  1 -2 -2  1  1  2  2 -1  0 -1 -3 -1  0 -3 -2  0   12   2   0   2   4   0   2  15   6  14  24   3   1   2   0   3   7   0   0   3  0.14 0.16
  333 P    0  1  0  3 -2  1  1  0  1 -4 -4  0 -3 -4  1  3  0 -4 -3 -3    4   6   3  17   1   6   6   6   4   0   0   6   0   0   6  30   5   0   0   1  0.37 0.26
  334 L   -1 -3 -3  0 -3 -3 -1 -4 -3  1  4 -3  0  1 -3 -2 -1 -3 -2  1    6   1   1   5   0   1   4   1   0   7  53   1   0   5   1   3   3   0   0   8  0.45 0.27
  335 K    1  0 -3 -3 -4 -1  0 -1 -3 -4 -4  0 -4 -5  7 -2  0 -5 -4 -1   13   4   0   0   0   3   5   4   0   0   1   5   0   0  51   1   7   0   0   4  1.09 0.45
  336 S   -1 -1  3  1 -3 -1  0 -3  4  0 -2  0 -2 -3 -3  0 -2 -3  0  2    5   3  15   7   0   1   8   1  14   6   2   5   0   0   0   7   0   0   3  23  0.25 0.22
  337 A    2 -2 -2 -2  2 -1 -2 -1 -3 -2 -1 -2 -2  0 -2  3  4 -3 -2 -1   20   1   1   1   5   3   1   3   0   1   6   1   0   4   1  21  28   0   0   3  0.40 0.28
  338 E   -2 -1  0  3 -4 -1  5 -2 -2 -4 -2  1 -1 -4 -3 -2 -1 -4 -3 -3    3   3   3  16   0   0  52   2   0   1   5   7   2   0   1   1   3   0   0   1  0.78 0.38
  339 D    1  2  0  3 -4 -1  1 -3 -1 -4 -3  1 -3 -3 -3  0 -2  7 -2 -3   16  12   4  18   0   2   8   0   2   0   3  11   0   0   0   5   0  18   0   0  0.58 0.31
  340 F    2 -3  2 -2  0  0 -1 -3 -3  3  1 -2 -1  2 -3 -2  0 -3  0  0   20   0  14   2   2   4   3   0   0  23  12   0   0   9   0   0   4   0   3   4  0.22 0.22
  341 Y    3 -3 -2 -3  1 -2 -3  0  2  0 -2 -2  1  0 -3  2  0 -3  2  0   28   0   0   0   4   0   0   7   6   7   0   0   5   3   0  17   4   0  10   8  0.28 0.25
  342 H    0  2  0  1 -4  2  1 -1  4 -4 -4  1 -3 -3 -3  1 -1  1 -1 -2    6  12   2   9   0   8  11   5  15   0   0   6   0   0   0  15   2   3   1   3  0.32 0.22
  343 A   -1  5 -2  0 -4  2  0  0 -2 -4 -2  1  0 -4 -3  0 -2 -4 -4 -4    4  44   0   6   0  10   5   8   0   0   3   6   3   0   0   8   1   0   0   0  0.65 0.37
  344 E   -1 -3 -3 -3 -3 -3  0  1 -4  3  2 -3  0 -2 -3  0  1 -4 -3  2    4   0   0   0   0   0   7  14   0  20  21   0   1   0   0   8   9   0   0  17  0.27 0.22
  345 I   -2 -4 -4 -4  5 -4 -4 -5 -4  3  3 -2  1  0 -4 -2 -1 -4 -3  2    0   0   0   0  14   0   0   0   0  22  30   3   3   4   0   3   4   0   0  17  0.58 0.30
  346 S   -2  3  2 -2  4 -2 -2 -3  3 -4 -4 -2 -3 -4 -3  4  2  1 -3 -2    0  16  13   0   9   0   0   0   8   0   0   0   0   0   0  36  12   2   0   2  0.64 0.39
  347 L   -1 -4 -5 -5 -3 -4 -4 -5 -4  3  5 -4  1  2 -4 -4 -2  1 -1  0    4   0   0   0   0   0   0   0   0  18  57   0   3   8   0   0   2   2   2   2  0.77 0.36
  348 P   -2 -3 -3 -3 -3 -2  0  0  1 -3 -1 -1 -3 -1  7  0 -2 -4 -3 -2    1   1   1   1   0   1   5   6   4   1   8   4   0   3  54   6   1   0   0   3  1.08 0.36
  349 C   -1 -3 -3 -3  4 -2 -3 -3  3  2  2 -3  2 -2 -3  0  0 -3 -2  1    4   0   0   0  11   0   0   1  10  16  25   0   7   0   0   9   7   0   0   9  0.31 0.20
  350 H   -1 -1 -1 -3 -3 -2 -2  2  6 -3 -3 -1 -2  4 -3  0 -1  1  4 -3    3   3   3   0   0   0   0  16  22   0   1   4   0  18   0   6   4   2  17   0  0.55 0.28
  351 A    2  0 -2  1 -3 -1 -1 -3 -3 -2 -2 -2 -2 -1  5 -1  0 -3  0 -2   22   5   0   7   0   3   3   1   0   3   4   0   0   3  36   2   7   0   3   0  0.62 0.28
  352 N    0 -2  1  2 -3  0  1  1  3 -2 -1  0 -2  0 -2  1 -1 -3  0 -1    8   0   6  17   0   4   6   9   9   0   6   5   0   5   0  17   1   0   2   4  0.17 0.14
  353 L   -3 -4 -1 -4 -3 -3 -4 -5  0 -1  4 -4  6  1 -4 -3  0  2 -2  1    0   0   4   0   0   0   0   0   3   0  43   0  26   5   0   0   7   3   0   9  0.71 0.37
  354 N    0  0  2  1  0  0  0  1 -2 -3 -3 -1 -3 -4  0  2  4 -4 -3 -3    5   5  11   7   2   4   7  10   0   0   1   1   0   0   3  13  32   0   0   0  0.36 0.25
  355 L   -2 -1  0  3 -4 -1  3 -3 -1  0  1 -1 -2 -2  1 -1  0 -4 -3 -2    0   2   4  22   0   0  25   0   1   5  19   2   0   1   7   4   5   0   0   2  0.33 0.23
  356 E    2 -1 -1  4 -4  0  4 -2 -2 -4 -4  0 -3 -4 -2  1 -1 -5 -4 -2   17   2   0  23   0   1  30   1   0   0   0   5   0   0   1  13   3   0   0   3  0.54 0.30
  357 S   -1 -3  1  6 -5  2  1 -3  0  0 -3 -2 -4 -5 -3 -1 -3 -5 -4 -4    4   0   4  56   0  13   8   0   2   7   1   0   0   0   0   4   0   0   0   0  0.98 0.43
  358 V    1 -3 -3 -3 -1  1  0 -4 -3  3  0 -3  2 -2 -3 -1 -2 -4 -3  3   11   0   0   0   1  10   6   0   0  22   7   0   8   1   0   3   0   0   0  31  0.39 0.26
  359 Q    0  0 -1  4 -4  1  2 -1  0 -1 -1  1 -2 -3 -3 -1 -1 -3  1 -2    8   5   0  27   0   8  18   5   2   3   6   8   0   0   0   0   1   0   7   2  0.31 0.20
  360 N   -3  4 -1  4 -5  1  2 -4  0 -2 -4  1 -3  0 -3 -2 -1 -3  3 -4    0  26   2  25   0   6  11   0   1   2   0   6   0   3   0   0   3   0  16   0  0.56 0.30
  361 I   -2 -1 -5 -5 -3 -4 -5 -5 -5  5 -1 -4  0 -3 -4 -4 -1 -5 -3  5    2   3   0   0   0   0   0   0   0  36   0   0   2   0   0   0   3   0   0  53  1.02 0.43
  362 A    1 -3 -3 -4  2 -3 -3 -3 -4  4  0 -1  0 -2 -3  0  0 -4 -3  3   15   0   0   0   6   0   0   0   0  32   7   6   2   0   0   8   3   0   0  21  0.38 0.24
  363 H    3  1  0  1 -3  1  3  0  0 -3 -3  1 -3 -4 -2  0  0 -4 -3 -2   31   7   3   9   0   3  22   4   2   0   0   9   0   0   0   5   4   0   0   1  0.35 0.22
  364 S    3 -1 -1  1  0 -2 -2  0 -3 -2  0  0 -2 -3 -2  1  1 -4 -3  0   40   3   2   8   2   0   0   5   0   0   9   7   0   0   0   7   8   0   0   9  0.25 0.20
  365 V   -3 -4 -5 -5  0 -4 -5 -5 -4  3  4 -4  1  2 -4 -4 -2 -3 -2  3    0   0   0   0   2   0   0   0   0  20  43   0   3  10   0   0   0   0   0  22  0.72 0.29
  366 L    0  2  0 -1 -3  0  0 -2 -1 -1  0  2 -1  0  0 -1  1 -3 -2 -1    7  12   6   1   0   4   5   2   1   3  15  22   0   5   4   2  10   0   0   2  0.13 0.12
  367 K   -2  1  1  0 -4  2  3 -3  3 -4 -4  3 -3 -4 -3  0  0 -4 -3 -4    1   5   6   3   0   9  27   0   9   0   0  27   0   0   0   7   5   0   0   0  0.57 0.27
  368 T    0 -1 -2 -1 -2 -2 -3 -2  0  3  1 -1  0  2 -3 -1 -1  0  1  3    8   3   1   4   0   0   0   3   3  21   9   3   0   9   0   2   3   2   4  28  0.20 0.15
  369 F    0 -2 -4 -4 -2 -3 -4 -4 -3  3  3 -3  0  3 -4 -3 -1 -2  1  2    7   2   0   0   0   0   0   0   0  17  32   0   1  18   0   0   4   0   4  15  0.42 0.19
  370 E    1  1 -1  3 -4  0  3  1  0 -4 -4  2 -3 -4 -2  0 -2 -4 -3 -3   11  10   0  19   0   2  21  14   2   0   0  17   0   0   0   4   0   0   0   0  0.40 0.16
  371 S    0  1  2 -1 -3  1  1 -2  4 -3 -3  2 -2 -1 -1  2  1 -3 -1 -3    6   7  11   0   0   6   6   0  13   0   0  16   0   4   1  22   9   0   0   0  0.30 0.14
  372 F   -2  1 -1 -4 -3 -2 -3 -4  3  0  3 -2  0  2 -4 -3 -2 -2 -1  2    0   9   3   0   0   0   0   0  13   0  38   0   0  13   0   0   0   0   0  24  0.35 0.17
  373 K   -2  6 -1 -2 -4  0  1 -3 -1 -4 -3  4 -2 -4 -3 -2 -2 -4 -3 -4    0  65   0   0   0   0   6   0   0   0   0  29   0   0   0   0   0   0   0   0  1.02 0.22

                      K         Lambda
Standard Ungapped    0.1332     0.3185
Standard Gapped      0.0438     0.2670
PSI Ungapped         0.1431     0.3175
PSI Gapped           0.0438     0.2670
