
Last position-specific scoring matrix computed, weighted observed percentages rounded down, information per position, and relative weight of gapless real matches to pseudocounts
           A  R  N  D  C  Q  E  G  H  I  L  K  M  F  P  S  T  W  Y  V   A   R   N   D   C   Q   E   G   H   I   L   K   M   F   P   S   T   W   Y   V
    1 M   -1 -1 -2 -3 -1  0 -2 -3 -2  1  2 -1  5  0 -2 -1 -1 -1 -1  1    0   0   0   0   0   0   0   0   0   0   0   0   0   0   0   0   0   0   0   0  0.00     0.00
    2 L   -1 -2 -3 -4 -1 -2 -3 -4 -3  2  4 -2  2  0 -3 -2 -1 -2 -1  1    0   0   0   0   0   0   0   0   0   0   0   0   0   0   0   0   0   0   0   0  0.00     0.00
    3 F   -2 -3 -3 -3 -2 -3 -3 -3 -1  0  0 -3  0  6 -4 -2 -2  1  3 -1    0   0   0   0   0   0   0   0   0   0   0   0   0   0   0   0   0   0   0   0  0.00     0.00
    4 D   -2 -2  1  6 -3  0  2 -1 -1 -3 -4 -1 -3 -3 -1  0 -1 -4 -3 -3    0   0   0   0   0   0   0   0   0   0   0   0   0   0   0   0   0   0   0   0  0.00     0.00
    5 T    0 -1  0 -1 -1 -1 -1 -2 -2 -1 -1 -1 -1 -2 -1  1  5 -2 -2  0    0   0   0   0   0   0   0   0   0   0   0   0   0   0   0   0   0   0   0   0  0.00     0.00
    6 S    1 -1  1  0 -1  0  0  0 -1 -2 -2  0 -1 -2 -1  4  1 -3 -2 -2    0   0   0   0   0   0   0   0   0   0   0   0   0   0   0   0   0   0   0   0  0.00     0.00
    7 P   -1 -2 -2 -1 -3 -1 -1 -2 -2 -3 -3 -1 -2 -4  7 -1 -1 -4 -3 -2    0   0   0   0   0   0   0   0   0   0   0   0   0   0   0   0   0   0   0   0  0.00     0.00
    8 K   -1  2  0 -1 -3  1  1 -2 -1 -3 -2  4 -1 -3 -1  0 -1 -3 -2 -2    0   0   0   0   0   0   0   0   0   0   0   0   0   0   0   0   0   0   0   0  0.00     0.00
    9 D   -2 -2  1  6 -3  0  2 -1 -1 -3 -4 -1 -3 -3 -1  0 -1 -4 -3 -3    0   0   0   0   0   0   0   0   0   0   0   0   0   0   0   0   0   0   0   0  0.00     0.00
   10 N   -2  0  6  1 -3  0  0  0  1 -3 -3  0 -2 -3 -2  1  0 -4 -2 -3    0   0   0   0   0   0   0   0   0   0   0   0   0   0   0   0   0   0   0   0  0.00     0.00
   11 R   -1  5  0 -2 -3  1  0 -2  0 -3 -2  2 -1 -3 -2 -1 -1 -3 -2 -3    0   0   0   0   0   0   0   0   0   0   0   0   0   0   0   0   0   0   0   0  0.00     0.00
   12 K   -1  2  0 -1 -3  1  1 -2 -1 -3 -2  4 -1 -3 -1  0 -1 -3 -2 -2    0   0   0   0   0   0   0   0   0   0   0   0   0   0   0   0   0   0   0   0  0.00     0.00
   13 D   -1 -1  1  5 -4  1  4 -2 -1 -3 -4  0 -3 -4 -1  0 -1 -4 -3 -3    0   0   0  50   0   0  50   0   0   0   0   0   0   0   0   0   0   0   0   0  0.69 0.00
   14 F   -3 -4 -4 -5 -3 -4 -4 -4 -2 -1  0 -4 -1  8 -5 -3 -3  0  2 -2    0   0   0   0   0   0   0   0   0   0   0   0   0 100   0   0   0   0   0   0  1.28 0.15
   15 F   -3 -3 -4 -4 -3 -4 -4 -4 -1 -1  0 -4 -1  7 -4 -3 -3  1  5 -2    0   0   0   0   0   0   0   0   0   0   0   0   0  80   0   0   0   0  20   0  1.09 0.12
   16 D   -2 -2  5  5 -4 -1  0 -1 -1 -4 -4 -1 -3 -4 -2  0 -1 -5 -3 -4    0   0  46  54   0   0   0   0   0   0   0   0   0   0   0   0   0   0   0   0  0.92 0.11
   17 R   -2  7 -1 -2 -4  0 -1 -3 -1 -4 -3  2 -2 -4 -3 -2 -2 -4 -3 -3    0 100   0   0   0   0   0   0   0   0   0   0   0   0   0   0   0   0   0   0  1.19 0.14
   18 E   -2 -1 -1  1 -4  1  6 -3 -1 -3 -3  0 -3 -4 -2 -1 -2 -4 -3 -2    0   0   0   0   0   0  96   0   0   0   0   0   0   0   0   0   0   0   0   4  0.99 0.13
   19 K   -1  3 -1 -1 -4  1  1 -2 -1 -4 -3  5 -2 -4 -2 -1 -1 -4 -3 -3    0  17   0   0   0   0   4   0   0   0   0  79   0   0   0   0   0   0   0   0  0.74 0.11
   20 E   -2 -1 -1  1 -5  1  6 -3 -1 -4 -4  0 -3 -4 -2 -1 -2 -4 -3 -3    0   0   0   0   0   0 100   0   0   0   0   0   0   0   0   0   0   0   0   0  1.10 0.14
   21 I   -2 -3 -4 -4 -2 -3 -4 -4 -4  5  3 -3  1  0 -3 -3 -1 -3 -2  2    0   0   0   0   0   0   0   0   0  61  39   0   0   0   0   0   0   0   0   0  0.54 0.08
   22 E   -1 -1  5  1 -3  0  3 -1  3 -4 -4  0 -2 -3 -2  1  0 -4 -2 -3    4   0  48   0   0   0  27   0   8   0   0   4   0   0   0   6   4   0   0   0  0.52 0.08
   23 K   -2  0 -1  0 -4  1  4 -3  0 -3 -3  3 -2 -1 -2 -1 -1 -1  4 -3    0   0   0   0   0   0  41   0   0   0   0  34   0   0   0   0   0   0  25   0  0.50 0.09
   24 L   -2 -3 -4 -4 -2 -3 -4 -4 -4  4  4 -3  1  0 -3 -3 -1 -3 -2  1    0   0   0   0   0   0   0   0   0  42  58   0   0   0   0   0   0   0   0   0  0.54 0.08
   25 K   -1  0 -2 -3 -2 -1 -1 -3 -2  0  3  3  1 -1 -2 -1  0 -3 -2  0    0   0   0   0   0   0   0   0   0   0  53  34   0   0   0   0   8   0   0   5  0.26 0.07
   26 G    0  0  2  1 -2  0 -1  2  2 -3 -2  1 -2 -3 -2  2  1 -3 -2 -2    0   6  10   8   0   0   0  21   8   0   5  11   0   0   0  21  10   0   0   0  0.21 0.03
   27 L   -2 -3 -4 -4 -2 -3 -3 -4 -2  4  2 -3  1  1 -3 -3 -1 -1  3  2    0   0   0   0   0   0   0   0   0  47  27   0   0   0   0   0   0   0  20   5  0.41 0.07
   28 R   -1  1 -3 -4  3 -2 -3 -4 -3  2  3 -2  1 -1 -3 -2 -1 -3 -2  2    0  14   0   0  10   0   0   0   0  15  38   0   0   0   0   0   0   0   0  23  0.27 0.05
   29 A    1 -1  5  2 -2  0  1 -1 -1 -3 -3 -1 -2 -3 -2  2  0 -4 -3 -3   14   0  47   7   0   0   8   0   0   0   0   0   0   0   0  24   0   0   0   0  0.48 0.07
   30 P   -1 -2  2  1 -2 -1  0  0 -1 -1  0 -1 -1 -2  3  2  1 -3 -2 -1    0   0  18   8   0   0   4   4   0   4  14   0   0   0  14  28   6   0   0   0  0.23 0.04
   31 I   -2 -4 -4 -4 -2 -4 -4 -5 -4  6  1 -3  1 -1 -4 -3 -1 -3 -2  3    0   0   0   0   0   0   0   0   0  88   0   0   0   0   0   0   0   0   0  12  0.72 0.12
   32 T   -2 -2  0 -3 -2 -2 -2 -3  0 -1  1 -2 -1  1 -3 -1  3  0  5 -1    0   0   4   0   0   0   0   0   0   0  19   0   0   0   0   0  37   0  41   0  0.45 0.10
   33 L   -3 -4 -4 -5 -3 -4 -4 -4 -2 -1  1 -4  0  7 -4 -3 -3  0  2 -1    0   0   0   0   0   0   0   0   0   0  14   0   0  86   0   0   0   0   0   0  1.06 0.14
   34 V   -1 -3 -3 -4 -2 -3 -3 -4 -4  4  1 -3  0 -1 -3 -2  0 -3 -2  4    0   0   0   0   0   0   0   0   0  47   0   0   0   0   0   0   7   0   0  46  0.50 0.09
   35 L   -3 -3 -3 -4 -3 -2 -3 -4  1 -1  1 -3 -1  3 -4 -3 -2  1  8 -2    0   0   0   0   0   0   0   0   0   0  14   0   0   4   0   0   0   0  82   0  1.14 0.15
   36 G   -1 -3 -1 -2 -3 -3 -3  7 -3 -5 -5 -2 -4 -4 -3 -1 -2 -3 -4 -4    0   0   0   0   0   0   0 100   0   0   0   0   0   0   0   0   0   0   0   0  1.40 0.14
   37 L   -1 -3 -2 -2 -3 -2 -2 -3 -3 -2  0 -2 -2 -3  7  1 -1 -4 -3 -2    0   0   0   0   0   0   0   0   0   0  14   0   0   0  74  12   0   0   0   0  1.50 0.13
   38 R   -2  2 -2 -3 -2 -1 -2 -4 -3  4  2  2  0 -1 -3 -2 -1 -3 -2  1    0  14   0   0   0   0   0   0   0  47  21  19   0   0   0   0   0   0   0   0  0.26 0.07
   39 R   -1  2  6  0 -3  0 -1 -1  0 -4 -4  0 -3 -4 -2  2  0 -4 -3 -3    0  14  68   0   0   0   0   0   0   0   0   0   0   0   0  19   0   0   0   0  0.74 0.12
   40 T    0 -2  0 -1 -2 -1 -1 -1 -2 -3 -3 -1 -2 -3 -2  5  2 -4 -2 -2    0   0   0   0   0   0   0   0   0   0   0   0   0   0   0  86  14   0   0   0  0.69 0.13
   41 G   -1 -3 -1 -2 -3 -3 -3  7 -3 -5 -5 -2 -4 -4 -3 -1 -2 -3 -4 -4    0   0   0   0   0   0   0 100   0   0   0   0   0   0   0   0   0   0   0   0  1.40 0.14
   42 K   -2  2 -1 -2 -4  1  0 -2 -2 -4 -3  6 -2 -4 -2 -1 -1 -4 -3 -3    0   0   0   0   0   0   0   0   0   0   0 100   0   0   0   0   0   0   0   0  0.95 0.15
   43 S    0 -2  0 -1 -2 -1 -1 -2 -2 -2 -2 -1 -2 -3 -2  4  5 -3 -2 -1    0   0   0   0   0   0   0   0   0   0   0   0   0   0   0  42  58   0   0   0  0.62 0.12
   44 S    3 -2 -1 -2 -1 -1 -1 -1 -2 -2 -2 -1 -1 -3 -2  2  4 -3 -2 -1   34   0   0   0   0   0   0   0   0   0   0   0   0   0   0  14  53   0   0   0  0.48 0.10
   45 I   -2 -3 -4 -4 -2 -3 -3 -4 -4  2  4 -3  1  0 -3 -3 -1 -3 -2  2    0   0   0   0   0   0   0   0   0  14  68   0   0   0   0   0   0   0   0  19  0.51 0.08
   46 I   -2 -3 -4 -4 -2 -2 -4 -4 -3  5  2 -3  5 -1 -3 -3 -1 -3 -2  2    0   0   0   0   0   0   0   0   0  58   7   0  35   0   0   0   0   0   0   0  0.58 0.11
   47 K   -1  3  2 -1 -3  2  0 -2 -1  0  0  3  2 -2 -2  0 -1 -3 -2 -1    0  19  13   0   0  11   0   0   0   7   5  26  16   0   0   3   0   0   0   0  0.24 0.06
   48 I   -2  2 -1  0 -4  1  4 -3  3  0 -2  0 -2 -3 -2 -1 -2 -3 -2 -2    0  19   0   0   0   0  55   0  12  14   0   0   0   0   0   0   0   0   0   0  0.49 0.09
   49 G   -1 -3 -3 -3 -2 -3 -3  1 -3  3  0 -3  0  3 -3 -2 -1 -2  0  3    0   0   0   0   0   0   0  14   0  40   0   0   0  23   0   0   0   0   0  23  0.32 0.07
   50 I   -2 -3 -4 -4 -2 -3 -4 -4 -4  5  1 -3  1 -1 -3 -1 -1 -3 -2  2    0   0   0   0   0   0   0   0   0  82   6   0   0   0   0   7   0   0   0   5  0.57 0.11
   51 N   -2  1  5  0 -3  0  1 -2  0 -4 -4  3 -2 -4 -2  0  0 -4 -3 -3    0   5  54   0   0   0   5   0   0   0   0  32   0   0   0   0   5   0   0   0  0.60 0.10
   52 E   -2  4  2  0 -4  1  3 -2 -1 -4 -3  3 -2 -4 -2 -1 -1 -4 -2 -3    0  29  17   0   0   0  32   0   0   0   0  22   0   0   0   0   0   0   0   0  0.53 0.08
   53 L   -2  2 -3 -4 -2 -2 -3 -4 -3  1  4 -1  2 -1 -3 -2  0 -2 -2  0    0  17   0   0   0   0   0   0   0   0  72   0   5   0   0   0   6   0   0   0  0.42 0.09
   54 N   -1 -1  3  2 -3  0  0 -2 -1 -1 -1  1 -1 -3  3  1 -1 -4 -3 -2    0   0  27  14   0   0   4   0   0   3  11  10   0   0  17  14   0   0   0   0  0.32 0.05
   55 L   -2  1  0  5 -3 -1  1 -3 -2  1  1  0 -1 -2 -2 -1 -1 -4 -3 -1    0  11   0  46   0   0   6   0   0  14  19   4   0   0   0   0   0   0   0   0  0.33 0.07
   56 P   -1  0  0  3 -3  0  1 -2  1 -2 -2  2 -2 -3  3  0 -1 -4 -2  0    0   0   0  28   0   0   7   0   5   0   0  23   0   0  14   9   0   0   0  14  0.32 0.06
   57 Y   -2 -1  2 -2 -3 -1 -1 -3  2 -2 -2  2 -2  3 -3 -1 -2  0  6 -2    0   0  13   0   0   0   0   0   5   0   0  20   0  14   0   5   0   0  43   0  0.48 0.09
   58 I   -2 -3 -3 -4 -2 -3 -3 -4 -2  3  0 -1  0  5 -4 -3 -2 -1  1  2    0   0   0   0   0   0   0   0   0  30   0   8   0  48   0   0   0   0   0  14  0.46 0.09
   59 Y   -3 -3 -3 -4 -3 -2 -3 -4  1 -2 -2 -3 -2  3 -4 -3 -2  1  8  0    0   0   0   0   0   0   0   0   0   0   0   0   0   5   0   0   0   0  88   7  1.27 0.16
   60 L   -2 -3 -4 -4 -2 -3 -4 -4 -1  4  2 -3  0  2 -4 -3 -2 -1  4  1    0   0   0   0   0   0   0   0   0  54  14   0   0   7   0   0   0   0  25   0  0.47 0.09
   61 D   -2 -2  6  5 -4 -1  0 -1 -1 -4 -4 -1 -3 -4 -3  0 -1 -5 -3 -4    0   0  59  41   0   0   0   0   0   0   0   0   0   0   0   0   0   0   0   0  0.94 0.12
   62 L   -2 -3 -4 -4 -2 -3 -4 -4 -3  1  4 -3  1  4 -4 -3 -2 -1  0  0    0   0   0   0   0   0   0   0   0   0  76   0   0  24   0   0   0   0   0   0  0.61 0.10
   63 R   -2  7 -1 -3 -4  0 -1 -3 -1 -4 -3  2 -2 -4 -3 -2 -2 -4 -3 -4    0 100   0   0   0   0   0   0   0   0   0   0   0   0   0   0   0   0   0   0  1.24 0.16
   64 K    0  1 -1 -1 -3  0  2  2 -1 -3 -3  3 -2 -3 -2  0  2 -3 -2 -2    5   5   0   0   0   0  22  17   0   0   0  33   0   0   0   0  18   0   0   0  0.32 0.06
   65 F   -2  2 -2 -3 -2 -1 -2 -3  1  1 -1 -1 -1  3 -3 -1  1  0  4  0    0  17   0   0   0   0   0   0   4  16   0   0   0  14   0   0  16   0  27   7  0.26 0.06
   66 E    1  0  1 -1 -3 -1  1 -2 -1 -2  0 -1 -1  3  3 -1 -1 -2  0 -2   19   7  10   0   0   0  14   0   0   0   8   0   0  27  16   0   0   0   0   0  0.22 0.05
   67 E   -1 -3 -2 -2 -2 -2  1 -4 -3  4  0 -2  0 -1 -3 -1  2 -3 -2  2    0   0   0   0   0   0  14   0   0  62   0   0   0   0   0   0  19   0   0   6  0.34 0.09
   68 R    0  2 -1 -2 -2 -1 -1 -2 -1 -2 -1  0 -1 -2  3  2  1 -3  0 -2    6  21   0   0   0   0   0   0   0   0  10   0   0   0  14  35  10   0   4   0  0.28 0.06
   69 N   -1  0  4  0 -3  0  2 -1 -1 -3 -3  2 -2 -3 -2  2  2 -4 -2 -2    0   0  30   0   0   0  15   0   0   0   0  25   0   0   0  16  14   0   0   0  0.38 0.07
   70 Y   -2  1 -2 -2 -3 -1  0 -3  0 -2 -2  2 -2  1 -3 -2 -2  0  6  0    0   5   0   0   0   0   7   0   0   0   0  21   0   0   0   0   0   0  57  10  0.57 0.11
   71 I   -1  1  0  4 -3  0  3 -2 -1  0 -2  1 -2 -3 -2  1 -1 -4 -3 -1    0   8   0  32   0   0  24   0   0  14   0  10   0   0   0  12   0   0   0   0  0.35 0.06
   72 S   -1 -1  2  5 -4  0  4 -2 -1 -4 -4  0 -3 -4 -2  1 -1 -4 -3 -3    0   0  10  41   0   0  35   0   0   0   0   0   0   0   0  14   0   0   0   0  0.66 0.09
   73 Y   -3 -4 -4 -4 -3 -4 -4 -4 -1 -1  0 -4 -1  7 -5 -3 -3  1  4 -2    0   0   0   0   0   0   0   0   0   0   0   0   0  86   0   0   0   0  14   0  1.18 0.15
   74 K   -1 -2 -3 -3 -2 -2 -2 -4 -3  4  2  0  1  1 -3 -1 -1 -3 -1  2    0   0   0   0   0   0   0   0   0  50  19  14   0   7   0   6   0   0   0   5  0.25 0.06
   75 D   -2  2  0  4 -4  1  4 -2 -1 -4 -4  1 -3 -4 -2  0 -1 -4 -3 -3    0  16   0  30   0   0  43   0   0   0   0   7   0   0   0   4   0   0   0   0  0.61 0.08
   76 F    0 -3 -4 -4  3 -3 -3 -3 -3  2  0 -3  0  4 -3 -2 -1 -2  0  3    8   0   0   0   9   0   0   0   0  16   0   0   0  28   0   0   0   0   0  40  0.37 0.09
   77 L   -2 -2 -3 -3 -2 -2 -1 -4 -3  1  3 -2  2  3 -3 -1 -1 -2  0  0    0   0   0   0   0   0   6   0   0   8  53   0   7  18   0   9   0   0   0   0  0.32 0.08
   78 L   -3 -4 -4 -4 -3 -4 -4 -4 -2  1  1 -4  0  7 -4 -3 -3  0  2  0    0   0   0   0   0   0   0   0   0  10  13   0   0  72   0   0   0   0   0   5  0.85 0.14
   79 E   -2 -1  1  3 -4  1  5 -3 -1 -3 -3  0  1 -4 -2  0 -1 -4 -3 -3    0   0   4  13   0   0  70   0   0   0   0   0   6   0   0   6   0   0   0   0  0.74 0.13
   80 L   -1 -1 -2 -1 -2 -1  1 -3 -2  1  1  1  0  3 -2 -1  0 -1  0  0    1   0   0   0   0   0  17   1   0   8  14  16   0  26   0   1   5   0   0  10  0.13 0.05
   81 Q   -1  2  1  2 -3  2  1 -2  0 -2 -2  2 -2  1 -2  0 -1 -1  3 -2    0  12   6  15   0  13   5   0   0   3   0  15   0   8   0   9   0   0  15   0  0.22 0.05
   82 K   -1  0  3  2 -3  1  4  0 -1 -4 -4  2 -3 -4 -2  1 -1 -4 -3 -3    0   0  17  12   0   0  38   5   0   0   0  13   0   0   0  15   0   0   0   0  0.46 0.08
   83 E   -1  2 -1  1 -4  1  3  0 -1 -4 -3  4 -2 -4  1 -1 -1 -4 -3 -3    0   6   0   7   0   0  30   6   0   0   0  47   0   0   5   0   0   0   0   0  0.51 0.10
   84 I   -1 -1 -1  1 -2 -1  0 -2 -2  3  0  0  0  2 -2  0 -1 -2 -1  1    1   0   3   9   0   0   6   1   0  36   1   9   0  12   0  12   1   0   0   9  0.09 0.05
   85 N   -1  2  2 -1 -4  1  2 -2 -1 -3 -3  5 -2 -4 -2 -1 -1 -3 -2 -3    0   7  13   0   0   0  11   0   0   0   0  64   0   0   0   0   0   0   0   0  0.57 0.11
   86 K   -1  1  1  1 -3  1  1 -2  0 -2 -2  3  0 -1 -2  1  0 -2  2 -2    0   4   5   8   0   7   9   0   0   0   0  31   6   0   0  10   5   0  12   0  0.22 0.05
   87 L   -2 -2 -3 -3 -2 -2 -2 -3 -2  2  3  0  2  0  2 -2 -1 -2  2  0    0   0   0   0   0   0   0   0   0  18  43   8   7   0  11   0   0   0   9   0  0.26 0.06
   88 V    0  0 -2 -1 -2 -1 -1 -2 -2  1  1  3  0 -2 -2  0 -1 -3 -2  2   10   0   0   4   0   0   0   0   0   9  13  32   0   0   0   4   0   0   0  26  0.12 0.05
   89 K   -1  0  3  1 -3  1  3 -2 -1 -3 -3  3 -2 -3 -2  0 -1 -3 -2 -3    0   0  19   6   0   0  28   0   0   0   0  37   0   0   0   6   0   0   0   0  0.45 0.08
   90 R    0  2 -1  1 -2 -1 -1 -2 -1  0 -1  1 -1 -1 -2  1  0 -2  2  1   10  18   0  11   0   0   0   0   0   8   0   8   0   0   0  16   0   0  10  16  0.10 0.04
   91 L    0 -3 -3 -3 -2 -2 -3 -3 -2  3  3 -3  1  1 -3 -2 -1 -1  2  1    8   0   0   0   0   0   0   0   0  22  47   0   0   5   0   0   0   0  10   5  0.30 0.06
   92 P    0  0  1  1 -2  0  2 -1 -1 -2 -2  1 -2 -3  3  1  0 -3 -2 -2   10   3   8   8   0   0  18   0   0   0   5  14   0   0  17  15   0   0   0   0  0.30 0.04
   93 S    0 -2 -1  1 -2 -1 -1 -2 -2  1  1 -1  0 -1 -2  2  0 -2  0  1    3   0   0  13   0   0   0   0   0  14  21   0   0   0   0  32   0   0   6   8  0.12 0.05
   94 L   -2 -2  1 -2 -2 -2 -3 -3 -2  2  3 -2  1  2 -3 -2 -1 -2 -1  1    1   0  13   0   0   0   0   0   0  11  49   0   0  10   0   0   0   0   0  13  0.26 0.06
   95 L   -1 -2 -2 -3 -1 -2 -2 -3 -3  3  3 -2  1  0 -2 -2  1 -2 -1  1    1   1   1   1   0   1   1   1   0  24  46   1   0   0   1   1  14   0   0   8  0.28 0.06
   96 K   -1  1  2 -1 -3  0  1  0 -1 -2 -2  4 -2 -3 -1  1 -1 -3 -2  0    1   1  13   1   0   1   8   5   0   1   1  47   0   0   1  10   1   0   0  10  0.27 0.07
   97 A    2 -1 -1  2 -2 -1 -1  2 -2  0 -2  1 -1 -2 -1  0 -1 -3 -2  0   27   1   1  16   0   1   1  21   0   9   1  15   0   0   1   1   1   0   0   5  0.17 0.04
   98 L    0 -3 -2 -3 -2 -2 -3  2 -3  1  2 -2  0  2 -3 -1 -1 -2 -1  1    7   0   0   0   0   0   0  24   0   8  29   0   0  12   0   0   0   0   0  15  0.18 0.04
   99 K   -1  1  1 -1 -3  0  1 -2 -1 -3 -2  4 -2 -3  3  1 -1 -3 -2 -2    1   4   6   0   0   0   6   0   0   0   4  52   0   0  15  10   0   0   0   0  0.44 0.08
  100 N   -1 -1  2  1 -2  0  2 -1 -1  0  0  0 -1  1 -1  1  0 -2 -1  0    1   1  17   7   0   1  20   1   0   8   7   5   0   8   1  12   1   0   1   7  0.10 0.03
  101 I   -1 -2  1 -1 -2 -1  0 -2 -2  3  2 -1  0 -1 -2 -1  0 -2 -1  1    1   1  12   1   0   1  10   1   0  35  24   1   0   1   1   1   6   0   1   1  0.13 0.04
  102 Q   -1 -1 -2 -2  2  1  0 -3 -1  0  0  0  0  2  0 -1  1 -1  2 -1    0   0   0   0   8  13   7   0   0   9  10   6   0  17   6   0  15   0   9   0  0.12 0.05
  103 G    0 -3 -1 -2 -3 -2 -3  6 -3 -4 -4 -2 -3 -3 -3  1 -2  3 -3 -4    0   0   0   0   0   0   0  78   0   0   0   0   0   0   0  16   0   6   0   0  1.03 0.13
  104 I   -2 -3 -4 -4 -2 -3 -3 -4 -4  5  1  0  0  1 -3 -3 -1 -3 -2  2    0   0   0   0   0   0   0   0   0  77   0   9   0   5   0   0   0   0   0   9  0.55 0.13
  105 V   -1 -2 -2 -2  2 -2 -2 -3 -2  0 -1  0 -1 -1  6 -1 -1 -2  1  1    1   1   1   1   6   1   1   1   0   8   1   6   0   0  48   1   1   0  10  14  0.75 0.08
  106 I   -1 -2 -2 -3 -2 -2 -2 -3 -2  4  1 -1  0  0 -2 -2  0 -2  2  2    4   1   1   1   0   1   1   1   0  50   8   6   0   0   1   1   6   0  10  10  0.22 0.06
  107 M   -1 -2 -2 -2 -3 -2 -2 -3 -2 -1  0 -2  3  0  7 -2 -1 -3 -2 -2    1   1   1   1   0   1   1   1   0   1  10   1  13   6  61   1   1   0   0   1  1.10 0.11
  108 G   -1  1  1  0 -3  0  3  3 -1 -3 -3  2 -2 -3 -2  0  0 -3 -3 -3    0   6   5   0   0   0  28  28   0   0   0  19   0   0   0   8   5   0   0   0  0.35 0.06
  109 N   -1 -1  4  2 -3  0  2  0 -1 -1 -2 -1  1 -3  1 -1 -1 -3 -2  0    0   0  32  12   0   0  18   7   0   6   0   0   9   0   6   0   0   0   0   8  0.25 0.06
  110 E   -1 -2  1 -1 -2  0  3 -3 -2  1  0 -1 -1  0  2 -1  2 -3 -2  0    0   0   8   0   0   0  31   0   0  12  12   0   0   5   9   0  18   0   0   6  0.18 0.06
  111 I   -1 -3 -3 -3 -2 -2  0 -4 -3  2  3 -2  1  3 -3 -2 -2 -2  0  1    7   0   0   0   0   0  10   0   0  22  45   0   0  15   0   0   0   0   0   0  0.29 0.07
  112 K   -2  1  3  3 -4  1  2 -2 -1 -4 -4  4 -3 -4 -2 -1 -1 -4 -3 -3    0   5  17  21   0   0  18   0   0   0   0  39   0   0   0   0   0   0   0   0  0.52 0.09
  113 F   -2 -2 -3 -3 -2 -2 -1 -4 -2  3  1 -1  0  5 -3 -2 -2 -1  1  2    0   0   0   0   0   0   6   0   0  30   3   8   0  41   0   0   0   0   0  12  0.36 0.09
  114 N   -2 -2  2  1 -2 -2 -2 -1 -2  1  2 -2  0  0  1 -1  0 -3 -2  0    0   0  21  10   0   0   0   6   0  14  33   0   0   3   9   0   5   0   0   0  0.16 0.06
  115 W   -1  1 -1 -2 -3  0  0 -2 -1 -1  0  2 -1  3 -2  0 -1  6  0 -2    1   6   0   0   0   0   6   1   0   0  14  28   0  18   0   9   0  13   0   0  0.26 0.06
  116 N   -1  0  4  1 -3  0  3 -2 -1 -4 -4  2 -2 -4 -2  1  0 -4 -3 -3    0   0  35   6   0   0  23   0   0   0   0  20   0   0   0  12   4   0   0   0  0.47 0.09
  117 R   -1  3  1 -1 -3  1  2 -2 -1  0 -1  4 -1 -3 -2 -1 -1 -3 -2 -2    1  17  10   0   0   0  14   0   0   9   4  42   0   0   0   0   0   0   0   0  0.33 0.07
  118 K   -1  2  2 -1 -3  0  1 -2 -1 -3 -2  5 -2 -3 -2  0  1 -4 -2 -2    0   5  14   0   0   0   6   0   0   0   5  60   0   0   0   0  11   0   0   0  0.46 0.10
  119 D   -1 -2 -1  3  2 -2 -1  1 -2  0  0 -2 -1 -2  4  0  1 -3 -3 -1    0   0   0  22   5   0   0  13   0   8  12   0   0   0  21   4  11   0   0   3  0.29 0.05
  120 R   -2  2  3 -1 -3  0  0  0 -1 -1 -1  3 -1  2 -2 -1 -1 -3 -1 -2    0  13  20   0   0   0   4   6   0   6   5  33   0  14   0   0   0   0   0   0  0.21 0.07
  121 L   -2 -2  4  4 -3 -1 -1 -2 -1 -2  1 -1 -1 -2 -3  1 -1 -4 -3 -2    0   0  39  27   0   0   0   0   0   0  25   0   0   0   0   9   0   0   0   0  0.42 0.10
  122 S    2 -3 -2 -3 -1 -2 -2 -2 -3  1 -1 -2 -1  1 -2  1  0 -3 -1  3   32   0   0   0   0   0   0   0   0   0   0   0   0   6   0  13   0   0   0  49  0.28 0.09
  123 F   -3 -4 -4 -5 -3 -4 -4 -4 -2  1  1 -4  0  7 -5 -3 -3  0  2 -1    0   0   0   0   0   0   0   0   0   9   6   0   0  84   0   0   0   0   0   0  1.09 0.16
  124 A    2  1 -1 -1 -2  1  2 -1 -1 -2 -2  1 -2 -3 -1  1  2 -3 -2 -1   31   7   0   0   0   8  20   0   0   0   0   6   0   0   0  10  19   0   0   0  0.28 0.06
  125 N   -1  0  3 -1 -3  0  0 -2  0 -3 -2  2 -2  1 -2  1  0 -1  4 -2    0   0  21   0   0   0   6   0   0   0   0  25   0   6   0  11   5   0  26   0  0.32 0.08
  126 L   -2 -3 -4 -4 -2 -3 -3 -4 -3  3  4 -3  2  0 -3 -3 -1 -2  1  2    0   0   0   0   0   0   0   0   0  25  52   0   5   0   0   0   0   0   6  11  0.44 0.08
  127 L   -2  0  1 -2 -2 -1  0 -3 -2  0  3  0  1  2 -3 -2  0 -2  0 -1    0   6  13   0   0   0   7   0   0   0  45   5   5  16   0   0   4   0   0   0  0.18 0.06
  128 E    0  1 -1  1 -3  1  4 -2 -1 -1  0  1  2 -3 -2 -1  0 -3 -2 -1    9   7   0   6   0   0  47   0   0   3   8   4  11   0   0   0   5   0   0   0  0.31 0.08
  129 S   -1 -1  0  2 -3  0  3 -2 -1 -1 -1  1 -1 -3 -2  2  0 -3 -2  0    0   0   0  11   0   0  29   0   0   4   6  12   0   0   0  31   0   0   0   7  0.26 0.07
  130 F   -2 -3 -4 -4 -2 -3 -4 -4 -3  4  1 -3  0  4 -4 -3 -2 -2  0  2    0   0   0   0   0   0   0   0   0  44   9   0   0  30   0   0   0   0   0  17  0.49 0.09
  131 E   -2  3  4  0 -4  1  2 -2 -1 -3 -3  3  0 -3 -2 -1 -1 -4 -3 -3    0  17  33   0   0   0  17   0   0   0   0  26   6   0   0   0   0   0   0   0  0.47 0.09
  132 Q    1  2  1  1 -3  2  2 -2 -1 -3 -3  2 -2 -3 -2  1  0 -3 -2 -2   14  13   6   4   0  13  16   0   0   0   0  18   0   0   0  11   4   0   0   0  0.30 0.05
  133 A    1  0 -1 -1 -2  0  1 -2 -2  0  0  1  1 -2 -2  1  0 -3 -2  1   18   5   0   0   0   0  14   0   0   4   6   9   7   0   0  20   0   0   0  18  0.11 0.04
  134 S    0 -2  2 -1 -3 -2 -2  5 -2  0 -2 -1 -2 -3 -3  1 -1 -3 -3  0    0   0  13   0   0   0   0  52   0   8   0   4   0   0   0  13   0   0   0   9  0.47 0.08
  135 K   -2  2 -1 -1 -4  1  2 -3 -1 -4 -3  6 -2 -4 -2 -1 -2 -4 -3 -3    0   6   0   0   0   0   9   0   0   0   0  84   0   0   0   0   0   0   0   0  0.84 0.15
  136 D   -1  0  0  3 -2  0  1 -1 -1  0 -1  2  1 -2 -1  0 -1 -2 -1 -1    3   2   2  28   1   2   8   3   1   9   4  20   6   2   2   3   2   1   1   3  0.15 0.02
  137 N   -1  3  2 -1 -3  4  1 -2  0 -3 -3  4 -1 -3 -2  0 -1 -3 -2 -3    1  14  14   1   0  28   1   1   0   1   1  35   0   0   1   1   1   0   0   1  0.45 0.08
  138 V   -2 -3 -3 -3 -4 -2 -2 -3 -3 -2 -3 -2 -3 -4  8 -2 -2 -5 -4  0    0   0   0   0   0   0   0   0   0   0   0   0   0   0  87   0   0   0   0  13  1.95 0.18
  139 I   -2 -4 -4 -4 -2 -3 -4 -4 -4  5  1 -3  0 -1 -3 -3 -1 -4 -2  4    0   0   0   0   0   0   0   0   0  64   0   0   0   0   0   0   0   0   0  36  0.66 0.13
  140 I   -2 -3 -4 -4 -2 -3 -4 -4 -4  3  4 -3  1  1 -4 -3 -2 -2 -1  1    0   0   0   0   0   0   0   0   0  32  62   0   0   6   0   0   0   0   0   0  0.56 0.10
  141 V   -2 -4 -4 -4 -2 -4 -4 -5 -4  6  1 -3  0 -1 -4 -3 -1 -4 -2  3    0   0   0   0   0   0   0   0   0  78   0   0   0   0   0   0   0   0   0  22  0.72 0.14
  142 L   -2 -3 -4 -4 -2 -3 -4 -4 -3  4  3 -3  1  3 -4 -3 -2 -2  0  1    0   0   0   0   0   0   0   0   0  43  38   0   0  19   0   0   0   0   0   0  0.50 0.10
  143 D   -3 -3  0  7 -5 -1  1 -2 -2 -4 -5 -2 -4 -5 -3 -1 -2 -6 -4 -4    0   0   0 100   0   0   0   0   0   0   0   0   0   0   0   0   0   0   0   0  1.48 0.19
  144 E   -2 -1 -1  1 -5  1  7 -3 -1 -4 -4  0 -3 -4 -2 -1 -2 -4 -3 -4    0   0   0   0   0   0 100   0   0   0   0   0   0   0   0   0   0   0   0   0  1.22 0.19
  145 A    0 -3 -4 -4 -2 -3 -3 -4 -3  1  5 -3  1  0 -3 -2 -2 -3 -2  0   13   0   0   0   0   0   0   0   0   0  87   0   0   0   0   0   0   0   0   0  0.60 0.12
  146 Q   -2  0 -1 -1 -4  8  1 -3 -1 -4 -3  0 -2 -4 -2 -1 -2 -3 -3 -3    0   0   0   0   0 100   0   0   0   0   0   0   0   0   0   0   0   0   0   0  1.33 0.22
  147 E   -1  0 -1 -1 -2  0  1 -3 -2  0  0  3  4 -2 -2 -1 -1 -3 -2  2    1   0   0   0   0   0  14   1   0   0   1  36  23   0   0   1   0   0   0  22  0.24 0.09
  148 L   -2 -3 -4 -4 -2 -3 -3 -4 -3  5  3 -3  1  0 -3 -3 -1 -3 -2  2    1   0   0   0   0   0   0   1   0  62  31   0   0   0   0   1   0   0   0   0  0.51 0.10
  149 V   -1  1 -1 -2 -2  0 -1  1 -2  0  1  3  2 -2 -2 -1 -1 -3 -2  1    1   5   0   0   0   0   0  12   0   0  18  36  11   0   0   1   0   0   0  14  0.15 0.06
  150 K   -1  2  2  3 -4  0  2 -2 -1 -4 -3  4 -2 -4 -2  1 -1 -4 -3 -3    0   7  13  21   0   0   9   0   0   0   0  42   0   0   0   8   0   0   0   0  0.46 0.08
  151 L   -2 -3 -4 -4 -2 -3 -4 -4 -4  4  3 -3  1  0 -3 -3 -1 -3 -2  2    0   0   0   0   0   0   0   0   0  48  39   0   0   0   0   0   0   0   0  14  0.52 0.09
  152 R   -2  3  3  0 -3  0 -1 -1  0 -2 -2  1 -2 -1 -3 -1  1 -2  2  0    0  28  24   5   0   0   0   5   0   0   0   7   0   0   0   0   9   0  13   9  0.25 0.07
  153 G    0 -1 -1 -1 -2 -1  0  4 -1  0 -2 -1 -1  0 -1  0 -1 -1 -1 -1    3   2   2   2   1   2   7  52   1   8   3   2   1   5   2   3   2   0   1   2  0.35 0.04
  154 V   -1 -2 -2  0 -2 -2 -2  0 -2  0  2 -2  1  4 -2 -2 -1 -1  1  1    1   1   1   7   0   1   1  10   0   1  21   1   6  32   1   1   1   0   0  14  0.18 0.05
  155 N   -1  0  5  2 -2  0  0 -1  0 -2 -2  1 -2 -2 -1  0  0 -2 -2 -2    3   2  50   8   1   1   2   2   1   2   3  14   1   1   2   2   2   0   1   2  0.38 0.06
  156 L    0 -2 -1 -1 -2 -1 -1  3 -2  0  1 -1  0 -1 -1  1 -1  2 -1 -1    2   1   1   2   1   1   2  35   1   6  22   2   1   1   1  13   2   4   1   2  0.18 0.03
  157 L   -1 -1  3  1 -2  1  0  2 -1 -1  0 -1 -1 -1 -1  0 -1 -2 -1 -1    3   2  23   7   1   9   2  21   1   2  16   2   1   1   2   2   2   0   1   2  0.14 0.03
  158 P   -1  2 -1 -1 -2  0  0  1 -1 -2 -2  3 -1 -2  3  0 -1 -2 -2 -2    3  11   2   2   1   1   2  14   1   2   3  33   1   1  15   2   2   0   1   2  0.26 0.03
  159 A    1 -1 -1 -1 -1  0  1 -1 -1 -2 -1  0 -1 -1  2  2  0 -1  1 -1   15   1   1   1   0   1   9   2   1   1   7   6   1   1  12  29   1   0   8   2  0.18 0.03
  160 L   -2 -3 -4 -5 -2 -3 -4 -5 -4  1  5 -3  1  0 -4 -3 -2 -3 -2  0    0   0   0   0   0   0   0   0   0   0 100   0   0   0   0   0   0   0   0   0  0.83 0.15
  161 A    0 -3 -4 -4 -2 -3 -3 -4 -4  4  3 -3  1 -1 -3 -2 -1 -3 -2  1   13   0   0   0   0   0   0   0   0  47  40   0   0   0   0   0   0   0   0   0  0.43 0.09
  162 Y   -2 -1  2  0 -3 -1 -2 -3  0 -3 -3  1 -2  1 -3 -2 -2  5  6 -3    0   0  18   7   0   0   0   0   0   0   0  13   0   0   0   0   0   9  53   0  0.71 0.13
  163 A    1 -1 -1  2 -3  2  4 -2 -1 -3 -3  1 -2 -4 -2  1 -1 -4 -3 -3   13   0   0   7   0   6  53   0   0   0   0   6   0   0   0  15   0   0   0   0  0.52 0.09
  164 Y   -2 -3 -4 -4 -2 -3 -4 -4 -2  1  5 -3  1  0 -4 -3 -2 -1  3  0    0   0   0   0   0   0   0   0   0   5  82   0   0   0   0   0   0   0  13   0  0.63 0.12
  165 D   -3 -4 -3  1 -4 -4 -3 -4 -2 -1 -1 -4 -1  7 -4 -3 -3  0  2 -2    0   0   0  13   0   0   0   0   0   0   0   0   0  87   0   0   0   0   0   0  1.10 0.17
  166 N   -2 -1  7  0 -4  3  0 -2  0 -4 -4 -1 -3 -4 -3  0 -1 -4 -3 -4    0   0  78   0   0  22   0   0   0   0   0   0   0   0   0   0   0   0   0   0  1.01 0.17
  167 L   -3 -3 -4 -4 -3 -3 -4 -4 -2  0  2 -4  0  6 -4 -3 -2  0  4 -1    0   0   0   0   0   0   0   0   0   0  31   0   0  55   0   0   0   0  14   0  0.76 0.12
  168 K    0  0  0  0 -1  0  0  0  0 -1  0  1  0 -1  0  0  0  0  0  0    7   4   4   5   2   4   5   6   2   4   8  18   2   3   5   6   5   1   3   6  0.03 0.00
  169 R    0  2  0  0 -1  0  0  0  0 -1  0  0  0 -1  0  0  0  0  0  0    7  18   4   5   2   4   5   6   2   4   8   5   2   3   5   6   5   1   3   6  0.04 0.00
  170 I    0  0  0  0  0  0  0  0  0  1  0  0  0  0  0  0  0  0  0  0    7   4   4   5   2   4   5   6   2  18   8   5   2   3   5   6   5   1   3   6  0.00 0.00
  171 K    0  0  0  0 -1  0  0  0  0 -1  0  1  0 -1  0  0  0  0  0  0    7   4   4   5   2   4   5   6   2   4   8  18   2   3   5   6   5   1   3   6  0.03 0.00
  172 F   -3 -4 -4 -5 -3 -4 -4 -4 -2  0  2 -4  0  7 -4 -3 -3  0  2 -1    0   0   0   0   0   0   0   0   0   0  28   0   0  72   0   0   0   0   0   0  0.93 0.15
  173 I   -1 -4 -4 -4 -2 -3 -4 -4 -4  4  1 -3  0 -1 -3 -3 -1 -4 -2  5    0   0   0   0   0   0   0   0   0  32   0   0   0   0   0   0   0   0   0  68  0.64 0.13
  174 M    1  2  0  1 -2  0 -1 -2  4 -2 -2  0  2 -2 -2  3  0 -3 -1 -2    9  14   0   7   0   0   0   0  19   0   0   0  13   0   0  38   0   0   0   0  0.30 0.09
  175 S   -2 -3 -3 -4 -2 -3 -3 -4 -3  1  5 -3  1  0 -3  0 -1 -3 -2  0    0   0   0   0   0   0   0   0   0   0  87   0   0   0   0  13   0   0   0   0  0.58 0.13
  176 G   -1 -2 -1 -2 -2 -2 -2  1 -3 -2 -2 -2 -2 -3 -2  1  6 -3 -3 -1    0   0   0   0   0   0   0  13   0   0   0   0   0   0   0   6  81   0   0   0  0.72 0.15
  177 S   -1  1 -1 -1 -4  0  0 -2 -2 -4 -3  6 -2 -4 -2  1 -1 -4 -3 -3    0   0   0   0   0   0   0   0   0   0   0  87   0   0   0  13   0   0   0   0  0.82 0.16
  178 E   -2 -1 -1  0 -4  1  5 -3  3 -1 -2  0  2 -3 -2 -1 -1 -3 -2  1    0   0   0   0   0   0  62   0  11   0   0   0  13   0   0   0   0   0   0  14  0.54 0.13
  179 M    0  2 -1 -1 -3  2  2 -2 -1 -1  1  2  2 -2 -2  0 -1 -3 -2 -1   10  10   0   0   0  17  13   0   0   0  16  16  13   0   0   5   0   0   0   0  0.19 0.06
  180 G   -2 -1  0 -2 -4 -1 -1  1  9 -5 -4 -2 -3 -3 -3 -2 -3 -4  1 -4    0   0   0   0   0   0   0  13  87   0   0   0   0   0   0   0   0   0   0   0  1.47 0.21
  181 L   -2 -3 -4 -4 -2 -3 -4 -5 -4  2  5 -3  1  0 -4 -3 -2 -3 -2  1    0   0   0   0   0   0   0   0   0  13  87   0   0   0   0   0   0   0   0   0  0.70 0.12
  182 L    1 -3 -3 -3  8 -3 -3 -2 -3 -1  0 -3 -1 -3 -3  1  0 -3 -3 -1   18   0   0   0  53   0   0   0   0   0  13   0   0   0   0   9   7   0   0   0  0.79 0.13
  183 Y   -3 -1 -1 -2 -4 -1 -1 -3  9 -4 -4 -2 -3 -1 -3 -2 -3 -2  4 -4    0   0   0   0   0   0   0   0  87   0   0   0   0   0   0   0   0   0  13   0  1.57 0.21
  184 D   -1 -3 -3  1  3 -3 -2 -4 -4  2  0 -3  0 -2 -3 -2 -1 -4 -2  5    0   0   0  13   7   0   0   0   0   0   0   0   0   0   0   0   0   0   0  80  0.52 0.13
  185 Y   -3 -4 -4 -4 -3 -4 -4 -4 -2  2  0 -4  0  7 -4 -3 -3  0  4 -1    0   0   0   0   0   0   0   0   0  18   4   0   0  65   0   0   0   0  13   0  0.84 0.13
  186 L    0 -4 -3 -4  9 -3 -4 -3 -4 -1  1 -4 -1 -3 -3 -2  0 -3 -3  1    6   0   0   0  66   0   0   0   0   0  13   0   0   0   0   0   5   0   0  11  1.11 0.15
  187 R   -1  1 -3 -4 -2 -2 -3 -4 -3  1  4 -2  1 -1 -3 -2 -1 -3 -2  1    6  13   0   0   0   0   0   0   0   5  66   0   0   0   0   0   0   0   0  10  0.37 0.09
  188 V    0 -2 -1 -1 -2 -1 -1 -2 -2 -1 -2 -1 -1 -3 -2  4  4 -3 -2  1    0   0   0   0   0   0   0   0   0   0   0   0   0   0   0  48  39   0   0  13  0.48 0.12
  189 E    0 -2  0 -1 -2 -1  2 -1 -2 -3 -4 -1 -2 -3 -2  5  0 -4 -3 -3    0   0   0   0   0   0  13   0   0   0   0   0   0   0   0  87   0   0   0   0  0.73 0.16
  190 D   -3 -3  0  7 -5 -1  1 -2 -2 -4 -5 -2 -4 -5 -3 -1 -2 -6 -4 -4    0   0   0 100   0   0   0   0   0   0   0   0   0   0   0   0   0   0   0   0  1.48 0.19
  191 P    0 -2  0 -1 -2 -1 -1 -1 -2 -3 -3 -1 -2 -3  3  5  3 -4 -3 -2    0   0   0   0   0   0   0   0   0   0   0   0   0   0  13  69  18   0   0   0  0.64 0.13
  192 E    0  2  1  0 -3  2  4 -2 -1 -3 -2  0 -2 -3 -2  0  0 -3 -2 -2    9  18   6   0   0   5  48   0   0   0   5   0   0   0   0   0   8   0   0   0  0.41 0.08
  193 S    3 -2  2 -1 -2 -1  0  3 -2 -3 -3 -1 -2 -3 -2  2  0 -3 -3 -2   43   0  11   0   0   0   5  22   0   0   0   0   0   0   0  18   0   0   0   0  0.38 0.07
  194 P   -1 -1 -1 -1 -3  0  2 -2 -1 -1 -1  0  4 -2  3  1  0 -2  0 -1    0   0   0   0   0   0  24   0   0   0   0   6  30   0  13  17   5   0   5   0  0.28 0.09
  195 L   -2 -3 -3 -4 -2 -3 -3 -4 -3  1  4 -3  1  0 -3 -2  1 -2 -2  0    0   0   0   0   0   0   0   0   0   5  78   0   0   0   0   0  17   0   0   0  0.52 0.11
  196 F   -1  1 -1  0 -3  2  2 -3  2 -1  0  1 -1  2 -2  0 -1 -2  1 -2    0   7   0   3   0   9  23   0   7   0  17  10   0  13   0   6   0   0   5   0  0.16 0.04
  197 G   -1 -2 -1  1 -4 -1  1  5 -2 -4 -4  0 -3 -4 -3 -1 -2 -3 -4 -4    0   0   0  11   0   0  13  70   0   0   0   6   0   0   0   0   0   0   0   0  0.82 0.11
  198 R   -2  6  3 -2 -4  0 -1 -3 -1 -4 -3  2 -2 -4 -3 -1 -2 -4 -3 -3    0  78  17   0   0   0   0   0   0   0   0   5   0   0   0   0   0   0   0   0  0.93 0.14
  199 A    4 -2 -2 -2  3 -2 -2 -1 -2 -1 -2 -2 -1 -3 -2  1  1 -3 -2  0   66   0   0   0   8   0   0   0   0   0   0   0   0   0   0   7  11   0   0   9  0.43 0.10
  200 F    0 -1  0  0 -1  0  0  0 -1  0  0  0  0  2  0  1  0  0  0  0    5   3   3   3   1   3   4   8   1   3   6   4   1  16   3  21   4   1   2   9  0.04 0.01
  201 S   -1  1  0  3 -3  0  3 -2 -1 -3 -3  3 -2 -4 -2  2 -1 -4 -3 -3    0   7   0  26   0   0  19   0   0   0   0  29   0   0   0  19   0   0   0   0  0.45 0.08
  202 T   -2 -3 -3 -4 -3 -2 -3 -4  1 -2 -2 -3 -2  3 -4 -2  1  1  8 -2    0   0   0   0   0   0   0   0   0   0   0   0   0   7   0   0  13   0  80   0  1.15 0.17
  203 V   -2 -3 -3 -4 -2 -3 -3 -4 -1  3  2 -3  2  3 -3 -3 -1  0  4  2    0   0   0   0   0   0   0   0   0  28  15   0   7  15   0   0   0   0  21  13  0.37 0.07
  204 E   -2 -2 -3 -3 -2 -2  1 -4 -3  1  4 -2  1 -1  1 -3 -2 -3 -2  0    0   0   0   0   0   0  13   0   0   0  81   0   0   0   6   0   0   0   0   0  0.49 0.11
  205 L   -1 -3 -4 -4 -2 -3 -3 -4 -4  3  2 -3  1 -1 -3 -3 -1 -3 -2  5    0   0   0   0   0   0   0   0   0  17  13   0   0   0   0   0   0   0   0  70  0.55 0.11
  206 K   -2 -2  0  6 -4 -1  1 -2 -2 -4 -4  1 -4 -3 -2 -1 -2 -4  0 -4    0   0   0  81   0   0   0   0   0   0   0  13   0   0   0   0   0   0   6   0  0.99 0.14
  207 P   -3 -3  0  6 -4 -1  0 -2 -2 -4 -4 -2 -4 -3  3 -1 -2  6 -2 -4    0   0   0  70   0   0   0   0   0   0   0   0   0   0  13   0   0  17   0   0  1.08 0.14
  208 F   -3 -4 -4 -5 -3 -4 -4 -4 -2  0  2 -4  0  7 -4 -3 -3  0  2 -1    0   0   0   0   0   0   0   0   0   0  23   0   0  77   0   0   0   0   0   0  0.97 0.14
  209 S   -2  2  0  5 -4 -1  1 -2 -2 -4 -4  0 -3 -4  1  1 -1 -4 -3 -3    0  17   0  59   0   0   0   0   0   0   0   5   0   0   6  13   0   0   0   0  0.68 0.11
  210 R   -2  3 -1 -1 -4  1  2 -3 -1 -4 -3  5 -2 -3 -2 -1 -1 -3  0 -3    0  21   0   0   0   0  17   0   0   0   0  57   0   0   0   0   0   0   5   0  0.60 0.11
  211 E   -1  1 -1  0 -4  2  5  1 -1 -4 -4  2 -3 -4 -2 -1 -2 -4 -3 -3    0   7   0   0   0   4  64  11   0   0   0  15   0   0   0   0   0   0   0   0  0.64 0.11
  212 E   -1 -1 -1 -1 -2 -1  1 -2 -2 -2 -2  0 -2 -3 -2  1  5 -3 -2 -1    0   0   0   0   0   0  13   0   0   0   0   6   0   0   0   6  75   0   0   0  0.61 0.13
  213 A    4 -2 -2 -2 -1 -2 -2 -1 -2  1 -1 -2 -1 -2 -2  1  1 -3 -2  0   67   0   0   0   0   0   0   0   0  17   0   0   0   0   0   5  11   0   0   0  0.39 0.10
  214 I   -2  2 -3 -4 -2 -2 -3 -4 -3  2  4  0  1 -1 -3 -3 -2 -3 -2  0    0  17   0   0   0   0   0   0   0  19  59   5   0   0   0   0   0   0   0   0  0.37 0.08
  215 E   -1  1  3  0 -4  1  3 -2 -1 -4 -3  4 -2 -4 -2  0 -1 -4 -3 -3    5   5  21   0   0   0  26   0   0   0   0  43   0   0   0   0   0   0   0   0  0.50 0.09
  216 F   -3 -4 -4 -4 -3 -4 -4 -4 -2  2  0 -4 -1  7 -5 -3 -3  0  2 -1    0   0   0   0   0   0   0   0   0  17   0   0   0  83   0   0   0   0   0   0  1.06 0.16
  217 L   -2 -3 -4 -4 -2 -2 -3 -4 -3  1  4 -3  5  0 -4 -3 -2 -2 -2  0    0   0   0   0   0   0   0   0   0   0  70   0  30   0   0   0   0   0   0   0  0.67 0.12
  218 R    0  2  0  3 -3  0  0 -2 -1 -2 -1  3 -1 -3 -2  0  0 -3 -2 -2   11  14   0  24   0   0   0   0   0   0   7  31   0   0   0   3   7   0   0   0  0.26 0.05
  219 R   -1  3  0 -1 -3  0  2 -2 -1 -2 -2  2 -1  3 -2  1 -1 -2  0 -2    1  20   5   0   0   0  23   0   0   0   1  13   0  24   0  12   0   0   0   0  0.25 0.06
  220 G   -1 -1  1  1 -3  1  3  1  1 -1  1 -1 -1 -2 -2 -1 -1 -3 -2 -2    0   0  11   7   0   5  30  13   5   0  30   0   0   0   0   0   0   0   0   0  0.20 0.06
  221 F    2 -2  1 -2 -2 -2 -2  3 -2  0 -1 -2 -1  3 -3 -1 -1 -2 -1 -1   23   0  11   0   0   0   0  32   0  13   0   0   0  20   0   0   0   0   0   0  0.27 0.07
  222 Q   -2 -1 -3 -3 -2  1 -1 -3 -2  0  3  1  1  3 -3 -2 -2 -2  0  1    0   0   0   0   0  13   0   0   0   0  42  14   0  21   0   0   0   0   0   9  0.24 0.07
  223 E    0 -1  3  0 -3  1  3 -1 -1 -3 -3  0 -2 -3 -2  3  1 -4 -2 -3    0   0  18   0   0   5  31   0   0   0   0   0   0   0   0  41   5   0   0   0  0.47 0.09
  224 A    1  0  2  2 -3  1  4  0 -1 -3 -3  2 -2 -4 -2  0 -1 -4 -3 -3   13   0  13  10   0   0  41   5   0   0   0  19   0   0   0   0   0   0   0   0  0.41 0.07
  225 D   -2  0  3  4 -4  1  4 -2 -1 -4 -4  2 -3 -4 -2  0 -1 -4 -3 -3    0   0  23  25   0   0  39   0   0   0   0  13   0   0   0   0   0   0   0   0  0.62 0.09
  226 I   -1 -1 -2 -2 -1 -1 -1 -2 -2  3  2 -1  1  0 -1 -1 -1 -1 -1  1    3   2   2   2   1   2   3   3   1  43  18   2   4   2   2   3   2   1   1   3  0.12 0.02
  227 D    0 -1  3  2 -1  0  0 -1  0 -1 -1  0 -1 -1  1  1  0 -2 -1 -1    3   2  19  16   1   2   3   3   1   2  10   2   1   2   7  19   2   1   1   3  0.14 0.02
  228 F   -1 -1 -1  1 -1 -1 -1  0 -1  0  1  0  0  2 -1 -1 -1 -1  0  0    3   2   2  12   1   2   3  10   1   2  27   7   1  15   2   3   2   1   1   3  0.04 0.01
  229 K   -1  1  0  2 -2  1  3 -1  0 -2 -2  2 -1 -2 -1  0 -1 -2 -1 -1    3   9   2  10   1   2  33   3   1   2   4  16   1   2   2   3   2   1   1   3  0.22 0.02
  230 D   -2 -1  0  5 -4  1  5 -2 -1 -4 -4  0 -3 -4 -2 -1 -2 -4 -3 -4    0   0   0  44   0   0  56   0   0   0   0   0   0   0   0   0   0   0   0   0  0.92 0.12
  231 Y    1  0 -1 -2 -2  0 -1 -2 -1  1 -1  3 -1 -1 -2  0 -1 -2  2  0   16   0   0   0   0   0   0   0   0  13   0  44   0   0   0   6   0   0  14   7  0.20 0.07
  232 E   -2  1  2  3 -4  1  5 -2 -1 -4 -4  1 -3 -4 -2 -1 -1 -4 -3 -3    0   6  12  12   0   0  62   0   0   0   0   7   0   0   0   0   0   0   0   0  0.68 0.10
  233 V   -2 -3 -4 -4 -2 -3 -3 -4 -2  2  4 -3  1  0 -3 -3 -1 -1  3  2    0   0   0   0   0   0   0   0   0  12  60   0   0   0   0   0   0   0  15  14  0.44 0.08
  234 V    1 -3 -3 -3  3 -3 -3 -3 -3  4  0 -3  0 -1 -3 -2 -1 -3 -2  3   19   0   0   0   7   0   0   0   0  44   0   0   0   0   0   0   0   0   0  30  0.36 0.08
  235 Y   -2 -3 -3 -4 -3 -2 -3 -4  0 -1  1 -3 -1  2 -4 -3 -2  7  7  0    0   0   0   0   0   0   0   0   0   0  20   0   0   0   0   0   0  16  58   6  0.91 0.13
  236 E   -1 -1  3  2 -3  0  3 -1  3 -3 -3  1 -2 -3 -2  2  0 -4 -2 -3    0   0  18   8   0   0  25   0  12   0   0   7   0   0   0  31   0   0   0   0  0.40 0.07
  237 K   -3 -2 -3 -4 -4 -2 -2 -4  1 -2 -2  1 -2  2 -4 -2 -2  1  8 -2    0   0   0   0   0   0   0   0   0   0   0  14   0   0   0   0   0   0  86   0  1.21 0.17
  238 I   -1 -3 -4 -4 -2 -3 -3 -4 -3  3  2 -3  1  3 -3 -3 -1 -2  0  3    0   0   0   0   0   0   0   0   0  14  22   0   0  21   0   0   0   0   0  44  0.39 0.07
  239 G    0 -3 -1 -2 -3 -2 -2  6 -3 -4 -4 -2 -3 -4 -3  1 -2 -3 -4 -4    0   0   0   0   0   0   0  85   0   0   0   0   0   0   0  15   0   0   0   0  1.10 0.12
  240 G    0 -2 -1 -2 -3 -2 -2  6 -2 -3 -3 -2 -3 -3 -2 -1 -2 -3 -3 -3    1   1   1   1   0   1   1  86   0   1   1   1   0   1   1   1   1   0   0   1  1.02 0.10
  241 I   -1  1 -1 -1 -3  0  0 -2 -1  1 -2  5 -1 -2 -1 -1 -1 -3 -2 -1    1   1   1   1   0   1   1   1   0  14   1  72   0   1   1   1   1   0   0   1  0.44 0.09
  242 P    1 -2 -2 -2 -3 -2 -1 -2 -2 -3 -3 -1 -2 -3  7 -1 -1 -3 -3 -2   12   1   1   1   0   1   1   1   0   1   1   1   0   1  75   1   1   0   0   1  1.51 0.11
  243 G    0 -1 -1 -1 -2 -1 -1  1 -2  1 -1  1 -1 -2  1  1  0 -2 -2  1    1   1   1   1   0   1   1  15   0  14   1  20   0   1   6  15   1   0   1  19  0.09 0.03
  244 W   -2 -1 -1  2 -2 -1 -1 -2  0 -1  0  0 -1  1 -2 -1 -2  6  5 -1    1   1   1  18   0   1   1   1   0   1  14   6   0   1   1   1   1  14  35   1  0.42 0.06
  245 L   -2 -3 -4 -4 -2 -3 -4 -4 -4  4  4 -3  1  0 -3 -3 -2 -3 -2  1    0   0   0   0   0   0   0   0   0  40  60   0   0   0   0   0   0   0   0   0  0.54 0.09
  246 T    1  0 -1 -2 -2  0 -1 -2 -2  0 -2  2 -1 -3  4  0  2 -3 -2 -1   12   0   0   0   0   0   0   0   0   9   0  31   0   0  27   0  20   0   0   0  0.41 0.03
  247 Y   -2 -2 -3 -4 -3 -2 -3 -4  2 -2 -1 -2 -1  3 -4 -2 -2  2  8 -2    0   0   0   0   0   0   0   0   0   0   0   0   0   0   0   0   0   0 100   0  1.11 0.07
  248 F   -1 -1 -1  0 -3  1  4 -3 -1 -2 -1  0 -1  4 -2 -1 -1 -1  1 -2    0   0   0   0   0   0  58   0   0   0   0   0   0  42   0   0   0   0   0   0  0.38 0.01
  249 G   -1 -3 -2 -2 -2 -3 -3  3 -3  3  0 -2  0 -1 -3 -1 -1 -3 -2  1    0   0   0   0   0   0   0  42   0  58   0   0   0   0   0   0   0   0   0   0  0.29 0.00
  250 F    0 -2  0 -1 -2 -1 -1 -1 -1 -1 -1 -1 -1  4 -2  3  0 -1  1 -1    0   0   0   0   0   0   0   0   0   0   0   0   0  42   0  58   0   0   0   0  0.27 0.01
  251 I   -1  0 -1 -1 -2  4  1 -3 -1  2  0  0  0 -2 -2 -1 -1 -2 -2  1    0   0   0   0   0  58   0   0   0  42   0   0   0   0   0   0   0   0   0   0  0.26 0.01
  252 Y   -2 -2 -3 -4 -2 -2 -3 -4  0  1  3 -2  1  2 -3 -2 -2  1  5  0    0   0   0   0   0   0   0   0   0   0  58   0   0   0   0   0   0   0  42   0  0.40 0.01
  253 L   -2 -3 -4 -4 -1 -3 -3 -4 -3  4  3 -3  2  0 -3 -3 -1 -2 -1  2    0   0   0   0   0   0   0   0   0  58  42   0   0   0   0   0   0   0   0   0  0.37 0.00
  254 D   -2 -1  5  4 -3  0  1 -1  0 -3 -4  0 -3 -4 -2  0  0 -4 -3 -3    0   0  58  42   0   0   0   0   0   0   0   0   0   0   0   0   0   0   0   0  0.66 0.01
  255 N   -2 -1  6  1 -3  0  0 -1  1 -4 -4  0 -2 -3 -2  1  0 -4 -2 -3    0   0 100   0   0   0   0   0   0   0   0   0   0   0   0   0   0   0   0   0  0.75 0.01
  256 K   -1  2  0 -1 -3  1  1 -2 -1 -3 -3  5 -2 -3 -1  0 -1 -3 -2 -3    0   0   0   0   0   0   0   0   0   0   0 100   0   0   0   0   0   0   0   0  0.53 0.01
  257 N   -1  1  4  0 -3  1  0 -1  0 -3 -3  4 -2 -3 -2  0  0 -4 -2 -3    0   0  42   0   0   0   0   0   0   0   0  58   0   0   0   0   0   0   0   0  0.44 0.01
  258 L   -2 -2 -4 -4 -1 -2 -3 -4 -3  2  4 -3  2  0 -3 -3 -1 -2 -1  1    0   0   0   0   0   0   0   0   0   0 100   0   0   0   0   0   0   0   0   0  0.47 0.01
  259 D   -1 -2  0  4 -3 -1  0  5 -2 -4 -4 -1 -3 -4 -2  0 -1 -3 -3 -3    0   0   0  42   0   0   0  58   0   0   0   0   0   0   0   0   0   0   0   0  0.69 0.01
  260 F   -2 -3 -4 -4 -2 -3 -3 -4 -2  1  3 -3  1  4 -3 -3 -2  0  1  0    0   0   0   0   0   0   0   0   0   0  58   0   0  42   0   0   0   0   0   0  0.42 0.00
  261 A    3 -1  0 -1 -1  0  0  0 -1 -2 -2  0 -1 -3 -1  3  1 -3 -2 -1   42   0   0   0   0   0   0   0   0   0   0   0   0   0   0  58   0   0   0   0  0.36 0.01
  262 I   -1 -3 -3 -3 -1 -3 -3 -4 -3  4  1 -3  1 -1 -3 -2  0 -3 -1  4    0   0   0   0   0   0   0   0   0  42   0   0   0   0   0   0   0   0   0  58  0.35 0.00
  263 N   -1  0  4  2 -3  1  4 -1  0 -4 -3  0 -2 -3 -2  0 -1 -3 -2 -3    0   0  42   0   0   0  58   0   0   0   0   0   0   0   0   0   0   0   0   0  0.56 0.01
  264 Q   -1  1  0  0 -3  6  2 -2  0 -3 -2  1 -1 -4 -1  0 -1 -2 -2 -2    0   0   0   0   0 100   0   0   0   0   0   0   0   0   0   0   0   0   0   0  0.68 0.01
  265 T    0 -1  0 -1 -1 -1 -1 -2 -2 -1 -1 -1 -1 -2 -1  1  5 -3 -2  0    0   0   0   0   0   0   0   0   0   0   0   0   0   0   0   0 100   0   0   0  0.49 0.01
  266 L   -2 -3 -4 -4 -1 -3 -3 -4 -3  4  3 -3  2  0 -3 -3 -1 -2 -1  2    0   0   0   0   0   0   0   0   0  58  42   0   0   0   0   0   0   0   0   0  0.37 0.00
  267 E   -1  1  0  0 -4  2  4 -2 -1 -3 -3  4 -2 -3 -1  0 -1 -3 -2 -3    0   0   0   0   0   0  42   0   0   0   0  58   0   0   0   0   0   0   0   0  0.49 0.01
  268 Y   -2 -2 -2 -3 -2 -1 -2 -3  2 -1 -1 -2 -1  3 -3 -2 -2  2  7 -1    0   0   0   0   0   0   0   0   0   0   0   0   0   0   0   0   0   0   0   0  0.00     0.00
  269 A    4 -1 -2 -2  0 -1 -1  0 -2 -1 -1 -1 -1 -2 -1  1  0 -3 -2  0    0   0   0   0   0   0   0   0   0   0   0   0   0   0   0   0   0   0   0   0  0.00     0.00
  270 K   -1  2  0 -1 -3  1  1 -2 -1 -3 -2  4 -1 -3 -1  0 -1 -3 -2 -2    0   0   0   0   0   0   0   0   0   0   0   0   0   0   0   0   0   0   0   0  0.00     0.00
  271 K   -1  2  0 -1 -3  1  1 -2 -1 -3 -2  4 -1 -3 -1  0 -1 -3 -2 -2    0   0   0   0   0   0   0   0   0   0   0   0   0   0   0   0   0   0   0   0  0.00     0.00
  272 L   -1 -2 -3 -4 -1 -2 -3 -4 -3  2  4 -2  2  0 -3 -2 -1 -2 -1  1    0   0   0   0   0   0   0   0   0   0   0   0   0   0   0   0   0   0   0   0  0.00     0.00
  273 I   -1 -3 -3 -3 -1 -3 -3 -4 -3  4  2 -3  1  0 -3 -2 -1 -3 -1  3    0   0   0   0   0   0   0   0   0   0   0   0   0   0   0   0   0   0   0   0  0.00     0.00
  274 L   -1 -2 -3 -4 -1 -2 -3 -4 -3  2  4 -2  2  0 -3 -2 -1 -2 -1  1    0   0   0   0   0   0   0   0   0   0   0   0   0   0   0   0   0   0   0   0  0.00     0.00
  275 K   -1  2  0 -1 -3  1  1 -2 -1 -3 -2  4 -1 -3 -1  0 -1 -3 -2 -2    0   0   0   0   0   0   0   0   0   0   0   0   0   0   0   0   0   0   0   0  0.00     0.00
  276 E   -1  0  0  2 -4  2  5 -2  0 -3 -3  1 -2 -3 -1  0 -1 -3 -2 -2    0   0   0   0   0   0   0   0   0   0   0   0   0   0   0   0   0   0   0   0  0.00     0.00
  277 F   -2 -3 -3 -3 -2 -3 -3 -3 -1  0  0 -3  0  6 -4 -2 -2  1  3 -1    0   0   0   0   0   0   0   0   0   0   0   0   0   0   0   0   0   0   0   0  0.00     0.00
  278 E   -1  0  0  2 -4  2  5 -2  0 -3 -3  1 -2 -3 -1  0 -1 -3 -2 -2    0   0   0   0   0   0   0   0   0   0   0   0   0   0   0   0   0   0   0   0  0.00     0.00
  279 N   -2  0  6  1 -3  0  0  0  1 -3 -3  0 -2 -3 -2  1  0 -4 -2 -3    0   0   0   0   0   0   0   0   0   0   0   0   0   0   0   0   0   0   0   0  0.00     0.00
  280 F   -2 -3 -3 -3 -2 -3 -3 -3 -1  0  0 -3  0  6 -4 -2 -2  1  3 -1    0   0   0   0   0   0   0   0   0   0   0   0   0   0   0   0   0   0   0   0  0.00     0.00
  281 L   -1 -2 -3 -4 -1 -2 -3 -4 -3  2  4 -2  2  0 -3 -2 -1 -2 -1  1    0   0   0   0   0   0   0   0   0   0   0   0   0   0   0   0   0   0   0   0  0.00     0.00
  282 H   -2  0  1 -1 -3  0  0 -2  8 -3 -3 -1 -2 -1 -2 -1 -2 -2  2 -3    0   0   0   0   0   0   0   0   0   0   0   0   0   0   0   0   0   0   0   0  0.00     0.00
  283 G    0 -2  0 -1 -2 -2 -2  6 -2 -4 -4 -2 -3 -3 -2  0 -2 -2 -3 -3    0   0   0   0   0   0   0   0   0   0   0   0   0   0   0   0   0   0   0   0  0.00     0.00

                      K         Lambda
Standard Ungapped    0.1429     0.3220
Standard Gapped      0.0424     0.2670
PSI Ungapped         0.1386     0.3174
PSI Gapped           0.0424     0.2670
