
Last position-specific scoring matrix computed, weighted observed percentages rounded down, information per position, and relative weight of gapless real matches to pseudocounts
            A   R   N   D   C   Q   E   G   H   I   L   K   M   F   P   S   T   W   Y   V   A   R   N   D   C   Q   E   G   H   I   L   K   M   F   P   S   T   W   Y   V
    1 K    -2   3  -2  -2  -5   0  -1  -3  -2  -4  -4   7  -3  -5  -3  -2  -2  -5  -3  -4    0  12   0   0   0   0   0   0   0   0   0  88   0   0   0   0   0   0   0   0  1.32 0.33
    2 H     1   1   1  -2  -4   2  -2  -2   7  -3  -3  -1   2   1  -3  -1  -2  -3   2  -3   12   6   8   0   0   9   0   1  34   0   0   2   8   7   0   4   1   0   8   0  0.55 0.24
    3 L    -1  -4  -4  -5  -3  -3  -4  -1  -4   1   4  -4   1   2  -4  -2  -2  -3   0   0    6   0   0   0   0   0   0   5   0   7  63   0   3   7   0   2   0   0   2   5  0.60 0.24
    4 A    -1  -4  -4  -2  -3  -4  -4  -5  -4   2   4  -4   0  -2  -1  -3  -2  -4  -3   3    5   0   0   4   0   0   0   0   0  12  53   0   0   0   3   0   0   0   0  23  0.65 0.27
    5 K    -3  -3  -4  -4  -5   0  -3  -4  -4   1   0   3   2   0   6  -2  -3  -5  -4  -3    0   0   0   0   0   5   0   0   0   9   9  18   6   4  46   1   0   0   0   0  1.02 0.37
    6 Y    -3  -1  -2   4  -5  -1  -1  -4  -3  -2  -5   1  -4  -4   6  -1  -1  -5   1  -3    0   3   0  26   0   3   2   0   0   3   0   7   0   0  40   4   4   0   6   1  0.98 0.37
    7 T    -1   0   2   3  -4   0   4  -3   0  -4  -4   1  -3  -5  -3   1   2  -5  -4  -4    2   4  10  15   0   2  28   0   2   0   0   8   0   0   0  11  17   0   0   0  0.53 0.26
    8 I     2   1  -2  -1  -1  -1   0  -3  -3   2   1  -2   1  -2  -1  -1   0   0  -3   1   24  12   1   4   1   3   5   0   0  15  13   0   5   0   2   2   3   1   0   7  0.15 0.15
    9 K    -2   1  -2   4  -5   4   2  -4  -3  -2  -5   4  -3  -5  -3   0  -1  -5  -4  -4    2   5   0  24   0  24   9   0   0   2   0  25   0   0   0   5   4   0   0   0  0.73 0.35
   10 R    -2   6   0  -2  -5  -1  -1  -2   0  -3  -2   2   0  -2  -4   0   0  -5  -4  -1    2  46   4   2   0   1   4   2   2   1   3  12   3   2   0   6   6   0   0   5  0.64 0.33
   11 I    -1  -4  -5  -2  -4  -4  -4  -3  -5   4   3  -4   5  -1  -3  -4  -2  -4  -3   2    4   0   0   3   0   0   1   2   0  23  33   0  16   1   1   0   1   0   0  14  0.72 0.35
   12 F    -6  -7  -7  -5  -7  -7  -3  -8  -6  -4   1  -5  -4   9  -8  -4  -6  -4  -1  -3    0   0   0   1   0   0   2   0   0   0  12   1   0  81   0   1   0   0   1   2  2.47 0.87
   13 V    -1  -2  -1   2  -5   0   4   0  -3  -2  -4  -2  -3  -4  -2   3   1  -6  -5  -2    3   1   1  13   0   3  27   6   0   2   1   1   0   1   1  27   8   0   0   3  0.55 0.37
   14 P     3  -3  -5  -5  -5   0  -1  -4   0  -1  -2  -1   3  -5   6  -3  -3  -6  -5  -2   30   1   0   0   0   3   3   0   2   4   3   4   8   0  36   1   1   0   0   2  0.97 0.50
   15 L    -2  -3  -1   0  -5   4  -2   2  -4   1  -1  -3  -2  -3  -4  -1   4  -5  -5  -1    2   1   2   5   0  20   2  18   0   8   6   0   0   1   0   3  30   0   0   4  0.58 0.40
   16 A    -2  -5  -4  -6  -5  -5  -3  -6  -5   4   1  -3   2   6  -6  -4  -3  -4  -2   1    3   0   1   0   0   0   2   0   0  26  13   2   4  38   0   1   1   0   0   8  1.04 0.46
   17 E    -1   3   1   0  -5  -1   4  -4   0  -5  -4   0   0  -5   2  -1   1  -5  -4  -4    4  18   6   5   0   1  29   0   2   0   0   5   2   0  12   5   9   0   0   0  0.57 0.34
   18 D    -3   0   1   5  -4   0   2  -3  -3  -4  -4   2  -3  -5   1  -1  -1  -5  -3  -4    2   6   7  35   0   3  13   1   0   1   1  14   1   0   7   4   3   0   1   1  0.68 0.37
   19 E    -1  -2   0   3  -5   4   3  -2  -1   2  -4   1  -4  -4  -4   0  -2  -6  -5  -3    5   2   3  15   0  18  20   2   1  14   0   9   0   0   0   6   2   0   0   1  0.52 0.36
   20 R    -2  -2  -6  -7  -5  -5  -4  -7  -3   6   3  -4   2  -3  -6  -5  -3  -3  -4   4    2   3   0   0   0   0   1   0   1  39  23   1   4   0   0   0   1   0   0  24  1.10 0.51
   21 V    -2   1  -3  -2  -3   1  -2  -2  -1   1   3   0   3   1  -4  -2  -1  -1   0   1    2   7   1   3   0   7   2   3   1   7  27   5   7   7   0   3   3   1   3  12  0.22 0.18
   22 E    -1   2   0   1  -5   4   3  -1  -1  -5  -4   2  -3  -5  -3   0   0  -5  -4  -4    5  10   5   6   0  21  18   4   1   0   1  13   0   0   1   8   5   0   0   0  0.53 0.35
   23 Y    -1  -1  -1  -4  -1  -2  -3  -4   2   3   1  -2   1   4  -3  -1  -1   0   2   0    4   3   3   0   1   2   1   1   5  22  10   3   4  17   1   3   4   1   8   6  0.35 0.24
   24 E     1   1  -2  -3   1  -2  -2  -3   0   1   2  -1   0   0  -1  -1   0  -4  -1   0   14   9   1   1   3   1   2   1   3   9  27   4   2   4   3   3   7   0   2   3  0.16 0.16
   25 K    -3   0  -2   0  -7  -1  -2  -4  -3  -6  -3   2  -2  -5   7  -1  -3  -7  -7  -5    2   4   2   5   0   2   3   1   1   0   3  11   1   1  56   4   2   0   0   1  1.44 0.68
   26 R     0   3  -1  -2  -4   1   1  -2   1  -4  -3   4  -2  -4   0   0   0  -4  -3  -3    8  15   3   2   0   5   7   3   4   1   3  29   1   0   5   6   5   0   1   1  0.44 0.28
   27 E    -3  -1   1   4  -6   3   2   0   0  -5  -4   1  -5  -5   1   0   0  -6  -1  -5    2   2   6  25   0  12  15   6   2   0   1   7   0   0   8   6   5   0   2   1  0.54 0.35
   28 K    -5   7  -3  -3  -2  -2  -2  -6  -1  -2  -2   2  -3  -3  -2  -1  -1  -7  -6  -3    0  60   1   2   1   2   2   0   2   3   5   9   1   1   2   4   3   0   0   2  1.33 0.64
   29 V    -2   2  -4  -6  -8   8  -3  -7  -1  -3  -1  -2   0  -8  -3  -3  -3  -4  -7  -2    3   9   0   0   0  67   1   0   1   2   6   1   2   0   2   1   2   0   0   3  1.84 0.88
   30 Y    -3  -4   2  -3  -1  -3  -3  -4  -3  -1  -3  -5   0  -4  -5  -1   6  -3  -1   2    1   1  10   2   2   1   1   1   1   3   2   0   2   1   0   4  53   0   2  12  1.11 0.61
   31 K    -2  -3  -4  -5  -1  -3  -3  -1  -5   0   3   1   6  -1   0  -3  -3  -5   0   2    2   1   0   1   1   1   2   6   0   4  31   8  18   2   6   2   0   0   3  13  0.56 0.36
   32 Q    -5  -4  -7  -6  -2  -1  -4  -4  -6   0   5  -4   6  -2  -5  -3  -4  -6  -3  -1    0   1   0   0   1   3   1   2   0   5  55   1  20   1   0   2   1   0   1   4  1.24 0.59
   33 F    -5  -4  -7  -7  -5  -7  -5  -6  -3  -4  -1  -3  -2   9  -8  -7  -1   3   1  -2    1   1   0   0   0   0   1   1   1   0   6   2   1  71   0   0   4   3   4   3  2.19 0.86
   34 L    -3  -4  -5  -6  -6  -5  -5  -5  -4  -2   0  -5  -5  -5  -6   7   2  -8  -7  -2    1   1   0   0   0   0   1   0   0   2   8   0   0   0   0  71  11   0   0   3  1.64 0.84
   35 R     7   1  -5  -5  -6  -3  -6  -4  -7  -4  -5  -1  -2  -6  -6  -2  -3  -8  -7  -5   78   8   0   0   0   1   0   1   0   1   1   4   1   0   0   2   2   0   0   0  1.76 0.83
   36 A    -1  -4  -3  -5  -6  -4  -2  -5  -2  -6  -5  -1  -6  -4  -4  -2   8  -4  -5  -3    5   1   1   1   0   1   2   1   1   0   1   4   0   1   1   3  78   0   0   1  1.97 0.89
   37 R    -3  -1   0  -3  -4   2  -2  -6  -4   0   2  -3   6   4  -3  -2  -4   5  -1  -1    2   3   4   2   0  10   3   0   0   5  16   1  19  17   1   3   0   8   2   4  0.68 0.41
   38 G    -2  -4   0   0  -5  -3  -1  -1  -3  -5  -4  -1  -4  -6   6   2   1  -6  -6  -5    3   1   5   6   0   1   4   5   1   0   2   3   0   0  44  14  10   0   0   1  1.07 0.54
   39 I    -1   0  -1   1  -3   1   1  -2  -1   0   0   1   0  -2   1   0   0  -2   0  -1    4   4   3  10   0   6  10   2   1   6   9  11   2   1   7   8   6   1   4   5  0.10 0.09
   40 T     0  -1   0   1  -3   0   4  -2   0  -3  -2   1  -2  -1  -1   2   2   0  -3  -3    6   3   3   7   1   4  25   2   2   2   3   9   1   2   2  14  11   1   1   1  0.32 0.23
   41 L    -1  -3  -4  -5  -1  -3  -3  -4  -5   3   1  -2  -1  -3  -3  -2   1  -4  -2   5    4   1   0   1   1   1   2   2   0  17  14   2   1   1   1   2   8   0   1  40  0.70 0.35
   42 R     0   4  -2  -2  -4   2   1  -3  -1  -1  -1   3  -1  -1  -2   0   0  -3  -2  -2    6  21   1   2   0   9   7   2   1   4   7  20   1   2   2   7   4   0   1   3  0.35 0.25
   43 R    -1   4   0   0  -4   2   2  -3  -1  -2  -3   4  -1  -4  -1  -1  -2  -3  -2  -2    4  19   4   4   0  10  14   2   1   3   2  22   1   0   4   4   1   0   1   3  0.47 0.28
   44 A     1  -2  -1  -2  -2   0  -2  -2  -3   2   2  -2   1   1  -2   0   0  -2   0   3   12   1   3   2   0   4   2   2   0   9  17   2   3   6   1   6   4   0   3  21  0.18 0.14
   45 E     1   0  -1   1  -3   1   2   1  -1  -1  -2   1  -2  -2  -1   1   0  -2  -2  -1   13   4   2   6   0   7  17   9   1   4   4   8   1   1   3  11   5   1   1   3  0.16 0.14
   46 D     0  -1   1   5  -4   0   1  -1  -2  -3   0   0   0  -4  -3   1   0  -3  -4  -4    9   3   6  31   0   3   7   3   1   2  10   6   2   1   1   8   5   0   1   1  0.42 0.27
   47 F    -2   0  -1  -3  -4  -2  -3  -4  -1   1   3   1   1   4  -2  -2  -2  -4   1  -1    2   6   3   2   0   1   2   1   1   9  26  11   3  20   2   2   2   0   4   4  0.41 0.26
   48 N     2   0   3   0   1   0   0  -2   0  -1   0   0   0  -2  -1   0  -1  -2  -1  -1   22   4  17   6   3   3   4   2   2   3   9   5   3   1   2   7   3   0   2   3  0.18 0.18
   49 K    -2   3   0  -1  -5   2  -1  -3   0  -3  -2   3  -2  -2   4  -1  -1  -5  -1  -2    3  19   4   3   0   8   2   1   2   1   5  17   1   2  19   5   3   0   2   2  0.47 0.31
   50 I    -1   1  -1  -1  -4  -1  -1  -3  -1   2   1   2   0  -2  -1  -1  -1  -4  -3   2    6   6   3   3   0   3   4   1   1  12  16  17   2   1   3   3   2   0   0  15  0.19 0.17
   51 V    -2   2   0  -1  -4  -1  -1  -3   1   0  -2   0  -2   4  -2   1  -2  -2   3   0    3  12   5   3   0   3   3   2   4   4   4   5   0  18   2  12   2   0  12   6  0.30 0.23
   52 M    -1  -5  -4  -2  -3  -3  -4  -4  -4   3   4  -3   5   0   0  -3  -1  -5  -4   2    4   0   1   2   0   1   1   1   0  13  33   1  14   4   5   1   4   0   0  13  0.62 0.35
   53 A     0   1   1   0  -2   1   1  -1   1  -1  -2   1  -1  -1   0   0   1  -4  -1   0    8   8   7   5   0   8   7   3   3   3   3   9   2   2   4   8  11   0   2   8  0.09 0.10
   54 S    -2  -2   2   2   1  -2   0  -1  -4   1  -2   1  -3  -3  -1   2  -1  -5  -4   2    2   1  11  12   3   1   7   4   0   8   3   8   0   1   3  16   2   0   0  18  0.26 0.24
   55 G    -2  -2   0   1  -3  -1  -1   2  -2  -3  -4   1  -3  -3   5  -2  -1  -6  -1  -2    3   1   5   6   1   2   4  18   1   2   2   9   1   1  32   3   3   0   2   4  0.63 0.37
   56 Y    -1  -1  -1  -1  -3  -1   0  -1  -1   1   0  -1  -1  -1  -1   2   0  -1   1   3    2   3   3   2   0   3   6   5   1   6  10   3   1   2   2  16   4   1   7  22  0.14 0.16
   57 D    -1   0  -1   4  -2   0   3  -2   1  -1  -2   1  -2  -1  -2  -1  -1  -4  -2  -1    4   5   2  21   1   3  22   3   4   4   4  11   1   4   1   4   3   0   1   4  0.33 0.24
   58 E    -1  -3   0   1  -4   1   3  -1  -2   3  -2  -1  -1  -2  -1   0  -1  -3   0   1    5   1   4   7   0   5  22   6   1  16   3   3   1   1   2   6   3   0   4  10  0.22 0.20
   59 R    -1   1   2   0  -4   2   0  -1   0  -1   0   2  -2  -3  -2   1   0  -3  -1   0    3   9  11   4   0  10   6   3   2   4   9  13   0   1   2   9   6   0   3   6  0.14 0.15
   60 A     1  -1  -1  -1  -3  -1   1  -2  -3   0   0   2  -1  -2   0   0   1  -3  -2   1   14   3   3   4   0   1   9   2   0   6   8  13   1   1   5   6  10   0   1  14  0.12 0.14
   61 Y     0  -1   0   0  -3   0   0   2  -1  -1   0   0   1   0  -1   0  -1  -3   2  -1    9   3   4   5   0   3   8  18   1   3   8   5   4   3   3   6   3   0   8   5  0.08 0.10
   62 E     0  -1   0   2  -4   1   3   0   2  -3  -3   0  -2  -3   0   1  -1  -5  -1  -1    7   2   3  11   0   7  24   6   5   1   3   4   1   1   4  10   4   0   2   6  0.28 0.22
   63 A     3   0   1  -1  -2  -1   1   0   1  -1  -1   1  -1  -3  -2   1   1  -4  -1  -1   24   5   6   2   0   2   8   6   3   3   6   8   1   0   1  10   9   0   2   3  0.17 0.17
   64 L    -1  -2   1  -3  -2  -3  -2  -3  -1   2   2  -2  -1   0   0  -1   2  -3  -2   2    5   2   7   1   1   1   2   1   2  13  18   1   1   3   5   4  17   0   1  14  0.24 0.20
   65 R     0   1   0   0  -2  -1   0  -1   0  -2  -3   3  -2  -4   3   1   1  -5  -2   0    6   7   4   6   1   2   6   4   2   2   1  19   1   0  13   8   9   0   1   7  0.26 0.21
   66 A     0  -1   1  -1  -4   2   1  -1  -2  -1   1  -1  -1  -3  -1   1   3  -4  -3  -1    9   3   7   3   0   9   8   5   1   3  14   3   1   1   3   9  19   0   0   3  0.18 0.19
   67 W    -1   1   1  -2  -2   0  -2   0  -2   1   1   1  -1  -1  -1   0   0   1   0   1    4   7   7   1   0   4   1   9   0  10  14   8   1   2   2   7   7   2   3  11  0.06 0.09
   68 E    -1   0  -1   0  -3   0   1  -1   1   0   1   2   0  -2  -1  -1   0  -3   0   0    4   3   3   6   0   5   9   5   3   6  20  13   2   1   2   4   4   0   4   5  0.07 0.10
   69 E    -3   0  -1   1  -5   5   3  -3  -1   1  -3   2   0  -3  -3  -1  -1  -5  -3  -1    1   4   2   7   0  26  18   2   1   7   2  12   2   1   1   4   3   0   0   5  0.52 0.34
   70 A    -2   0   0  -2   0   4   0  -4   1   1  -1   1   0  -1  -3  -1   1  -4   0   0    3   5   5   2   2  22   6   0   4   9   4   8   3   2   1   4   8   0   3   8  0.25 0.22
   71 R    -1   2  -1  -2  -2   2   0  -1   2   0   0   0  -1   0  -2  -1   0  -3   2   1    3  12   2   2   1  11   6   4   6   4   8   6   1   4   1   4   5   0   9  11  0.13 0.13
   72 R    -3   1  -4  -3  -3   1   0  -5  -1   1   1   0   1   1  -4  -2  -3  -3   5   1    2   8   0   1   0   6   7   0   1   8  13   5   3   6   1   3   1   0  24  11  0.44 0.28
   73 I    -2  -2  -3  -3   0  -3  -1  -5  -3   3   2  -3   2   1  -4  -2  -2   0   2   3    3   3   1   1   2   1   5   0   1  20  18   1   6   6   0   3   2   1   7  19  0.40 0.24
   74 A     1  -1  -2  -2   1  -1   1  -3   1   1  -1   0   0   0   0  -1   0   0   2   2   11   3   1   1   4   2   9   1   3   8   4   7   2   4   6   5   5   1   8  16  0.10 0.12
   75 F     0  -2  -2  -1   5  -2  -2  -1  -2   1   0  -2   0   2   0  -1   0  -3  -1   2    6   2   2   4  12   1   2   4   1   9   9   3   3   9   5   4   6   0   1  17  0.19 0.15
   76 N    -1   0   1   2  -3   0   2  -1  -1  -3  -2   1   0  -2   2   1   0  -3  -3  -1    5   6   7  10   0   3  15   5   1   1   3   8   3   1  11  11   4   0   1   4  0.21 0.17
   77 S    -1  -1   2   1  -3   0   3  -1   1  -3  -1   0  -2  -2   2   1  -1  -3  -3  -3    6   3   9   7   1   3  25   5   3   1   6   5   1   2  10   9   3   0   1   2  0.28 0.21
   78 K    -1   1   0   1  -4   1   2  -1   2  -3  -3   1  -1  -3   3   0  -1  -4  -1  -3    6   9   3   9   0   6  15   4   5   1   1  10   2   1  14   7   4   0   2   1  0.31 0.21
   79 N    -1  -1   1   3  -4   1   3  -1   3  -4  -3   1  -1  -3  -1  -1  -1   0  -1  -3    5   2   6  14   0   7  24   5   8   0   2   8   1   1   3   4   3   1   2   2  0.37 0.25
   80 K    -4   2  -4  -4  -5  -2  -3  -5  -3  -5  -6   7  -4  -6  -5  -3  -2  -7  -5  -5    1  11   0   1   0   1   1   1   1   1   1  75   0   0   0   2   2   0   0   1  1.92 0.78
   81 I    -2  -1   0   0  -3  -2   0  -4  -3   0   2   0   2   4   0  -2  -2  -1   0   0    3   4   5   6   0   1   5   1   0   5  19   5   5  19   6   2   2   1   3   6  0.21 0.18
   82 R     0   1   0   2  -3   1   0  -2   1  -1   1   1  -1  -2  -1   1   0  -1  -2  -1    8  10   4  11   0   8   5   1   4   2  15   9   1   1   2   9   5   1   1   3  0.12 0.13
   83 K     1   1  -2  -3   2   0   0  -2   1   0   0   2   0  -1  -3  -1   1  -2   2   1   11   9   1   0   4   3   5   2   3   4  11  12   2   2   0   2   9   0  10   9  0.14 0.15
   84 L    -4  -6  -6  -6   3  -5  -5  -7  -2   1   6  -4   1  -3  -5  -5  -3  -5  -4   0    1   0   0   0   5   0   0   0   1   8  72   1   2   0   0   0   1   0   0   4  1.39 0.58
   85 R    -1   0   0  -2   1   0   0  -2   0   1   1   0   1   1  -1  -1  -1   2   2   1    4   6   4   1   4   6   5   2   2   7  19   5   3   6   2   4   1   2   7   9  0.07 0.09
   86 E    -1   0   0   2  -5   2   3  -2   2  -4  -3   1  -4   0  -3   1   1  -2   2  -3    4   4   4  13   0   8  19   2   6   0   1   7   0   3   1   9   8   0   8   1  0.33 0.24
   87 I    -2  -3  -6  -5  -1  -5  -3  -6  -2   3   5  -3   1   3  -6  -3  -3  -3  -3   0    3   2   0   0   1   0   2   0   1  19  49   2   2  12   0   2   1   0   0   4  0.87 0.41
   88 L    -3  -5  -6  -6   0  -5  -4  -5  -5   4   5  -4   2   0  -6  -5  -2  -5   1   1    2   0   0   0   2   0   1   1   0  20  50   1   4   4   0   0   2   0   6   7  0.93 0.43
   89 E    -1   2   1   2  -3   1   2  -1   1  -3  -2   3  -1  -4  -2   1  -1  -5  -3  -3    4   9   6  10   0   5  15   4   3   2   4  17   2   0   1  12   3   0   0   2  0.29 0.21
   90 R     0   1   0   0  -2   2   2  -3  -1  -2  -2   2  -1   0  -2   1   0   0  -1  -2    5   8   5   4   1  10  16   1   1   2   3  14   1   4   1  12   6   1   2   3  0.21 0.18
   91 H    -1  -2   2  -1  -3   0   0  -1   6  -1   1  -2  -1   0  -3  -1  -2  -2   3  -2    4   2  10   3   0   3   7   5  22   3  17   1   2   3   1   5   2   0   9   2  0.39 0.26
   92 R    -1   2   0   0  -4   2   2  -1  -2  -1  -1   1  -2   0   1   0   0   1  -1  -2    6  10   4   6   0  11  12   4   0   3   7   9   0   5   7   5   5   2   2   2  0.14 0.12
   93 K    -1   0   1   1  -3   0  -1   2  -2   0  -2   2  -1   0   2  -1  -1  -1  -2  -2    3   5   6   8   0   4   3  14   1   7   2  18   1   6   9   3   4   1   1   3  0.16 0.15
   94 D    -1  -1   2   3  -3   0   1   1  -1  -3  -4   1  -2  -4   1   2   1  -3  -1  -3    3   3  10  15   0   3   9  11   1   1   1  10   1   0   7  14   8   0   3   1  0.28 0.20
   95 K    -3   3  -1  -3  -6   3  -3  -4  -3  -6  -2   5  -4  -6   2   1  -2  -6  -5  -5    1  17   2   1   0  14   0   1   0   0   4  39   0   0   9  10   2   0   0   0  0.96 0.49
   96 I     2  -5  -4  -4   3  -4  -4  -3  -3   3  -1  -4  -1  -2  -4   0   3  -5  -4   3   15   0   0   1   6   0   0   1   1  20   3   0   1   2   0   7  19   0   0  24  0.61 0.35
   97 I    -5  -6  -7  -7  -3  -6  -6  -7  -6   7   3  -6   3  -4  -6  -4  -4  -6  -5   1    0   0   0   0   0   0   0   0   0  54  28   0   8   0   0   1   0   0   0   8  1.51 0.58
   98 I    -3  -6  -7  -7   0  -6  -6  -7  -7   6  -2  -4  -2  -3  -6  -6  -3  -6  -5   6    2   0   0   0   2   0   0   0   0  42   1   1   0   1   0   0   1   0   0  50  1.70 0.65
   99 F    -7  -7  -8  -8  -7  -8  -8  -8  -6  -4  -5  -8  -5  10  -8  -7  -4  -4   0  -6    0   0   0   0   0   0   0   0   0   1   0   0   0  94   0   0   1   0   2   0  3.28 1.03
  100 T     1  -5  -5  -5   6  -5  -5  -4  -2  -1   0  -5   0   2  -5   0   2  -5  -4   4   11   0   0   0  19   0   0   1   1   2   7   0   2  10   0   6  14   0   0  28  0.75 0.39
  101 R     0   2   4   1  -5   1   1  -2  -1  -3  -3   1  -3  -5   0   2  -1  -5  -4  -4    6  12  25   8   0   5   8   2   1   1   2   7   1   0   4  15   3   0   0   0  0.47 0.29
  102 H    -3   0   1  -3   0   0  -2  -4   1  -3  -4  -1  -3  -1  -4   3   5  -5   1  -4    1   6   5   1   2   3   2   0   3   1   1   3   0   2   0  26  38   0   5   0  0.77 0.46
  103 N    -2   2  -1  -4   5   0  -3  -3  -2   1  -2   4  -3  -4  -4  -1   0  -5  -4   1    2  11   3   0  11   4   0   2   1  10   3  30   0   0   0   4   5   0   0  12  0.52 0.32
  104 E     0   2   1   1  -4   0   2  -2   3  -3  -3   2   0  -1  -2   0  -1  -3   0  -2    7  10   6   9   0   4  15   1   7   1   2  17   2   2   2   6   3   0   3   3  0.25 0.18
  105 L     1   2   0   0  -1   1   0  -1   2  -1  -1   0   0  -2  -2   1   1  -4  -2  -1   12  11   3   4   2   6   6   4   6   2   5   5   3   1   0  14  10   0   1   4  0.12 0.13
  106 V     4  -4  -5  -5   4  -5  -5  -3  -4  -1   0  -5  -3  -4  -5   0   0  -6  -5   4   34   0   0   0  10   0   0   1   0   2   9   0   0   0   0   7   6   0   0  30  0.81 0.44
  107 Y    -1   1   0   4  -5   2   2  -3   2  -3  -3   2  -2  -5  -4   0  -1  -5  -2  -3    4   9   5  25   0   7  14   1   6   1   2  14   1   0   0   5   3   0   2   1  0.50 0.29
  108 R    -1   3  -1   0  -4   0   2  -3   1  -2  -1   1  -2   1  -3  -1  -1   3   3  -3    6  18   2   6   0   2  15   1   3   2   5   9   0   7   1   2   2   4  11   1  0.30 0.22
  109 I    -3  -3  -6  -5  -4  -5  -6  -6  -2   4   4  -5   0   0  -6  -4  -3  -1   2   3    1   1   0   1   0   0   0   0   1  21  44   0   2   2   0   1   1   1   8  17  0.91 0.41
  110 S     3   0  -1  -1   1  -2   0  -2   1  -3  -2  -1  -2  -2  -3   2   2  -4   2  -1   26   4   2   2   3   1   6   2   4   1   3   3   1   1   0  14  16   0   8   3  0.31 0.25
  111 K    -2   3   2   1  -5   1   3  -1   0  -1  -2   2  -1  -4  -2  -1  -1  -5  -3  -3    1  15  10   8   0   7  18   4   2   5   3  15   1   1   1   5   3   0   1   1  0.35 0.24
  112 V     0   0   0  -1  -3  -1  -1   2   0   0   2   1   1  -1  -2   0   0  -3  -1   0    6   4   5   2   0   2   3  17   2   6  21   8   3   2   1   5   4   0   3   4  0.08 0.10
  113 F    -5  -5  -5  -4  -4  -5  -5  -3   2   0   4  -6   1   5  -5  -4  -4   2   1  -2    0   0   0   1   0   0   0   3   6   4  43   0   4  27   0   1   1   3   4   2  0.99 0.45
  114 L    -1   2   1  -1  -2   0  -1   1   0  -3  -1   1  -1  -3   2   1   1  -3  -1  -2    4  13   8   3   1   4   3  12   2   0   7   9   1   0  11  10   8   0   2   2  0.18 0.14
  115 I     2  -2  -2  -3   3   0  -1  -3  -3   1   0   0  -1   0  -3   0   0  -2  -2   3   16   2   1   1   6   4   5   1   0   9   6   8   1   4   0   7   4   0   1  26  0.22 0.18
  116 P     1  -1  -1  -2   2  -2  -1   0   0  -1   0  -2   1  -1   3   1   0  -4   0   0   14   2   2   2   4   1   2   6   3   3   9   1   4   2  16  11   7   0   3   6  0.18 0.14
  117 A     2  -2  -1  -2   0   0   0   1  -1  -2  -1  -1  -1   2   0   2   0  -3   1   0   19   1   1   2   2   3   6  10   1   1   6   3   1   9   4  16   4   0   4   6  0.12 0.14
  118 I    -4  -5  -6  -6  -4  -5  -5  -7  -6   6   4  -5   2  -1  -5  -4  -3  -5  -1   1    1   0   0   0   0   0   1   0   0  45  34   1   5   2   0   1   1   0   3   7  1.14 0.45
  119 T    -3  -4  -2  -3  -2  -3  -4  -4  10  -5  -6  -4  -5  -1  -6   1   0  -5   3  -6    2   0   2   1   1   1   0   1  62   1   0   1   0   3   0  10   5   0  10   0  2.06 0.72
  120 H     0  -4  -3  -4  -5  -4  -3   6   0  -5  -5  -2  -3  -6  -5   2  -3  -6  -6  -4    6   1   0   1   0   0   2  67   2   0   1   2   1   0   0  15   1   0   0   1  1.40 0.54
  121 R    -1   1   0   4  -3   1   1   2   0  -5  -4   2  -3  -3  -1   1  -2  -5  -3  -4    4   6   4  25   0   5   9  15   2   0   1  11   0   1   3  11   1   0   1   0  0.43 0.24
  122 T    -3   0  -2  -4  -3   0  -3  -4   0   0   3   2   6  -2  -5  -2   2  -5  -3  -1    1   5   1   0   0   5   0   1   2   3  24  14  22   1   0   2  13   0   0   4  0.56 0.33
  123 S     0  -1   1   2  -3   0   0  -1  -2  -3  -4   2  -3  -5   3   3   2  -5  -4  -3    5   2   7  11   0   4   4   3   0   1   1  12   0   0  14  22  12   0   0   1  0.40 0.25
  124 R    -2  -1  -3  -1  -7   8  -2  -2   1  -6  -4  -1  -3  -7  -1  -2  -2  -6  -2  -3    3   3   1   4   0  68   1   3   4   0   2   3   1   0   3   2   2   0   1   2  1.61 0.68
  125 E     0   1   1   0  -4   2   2  -1   1  -2  -2   2   0  -3  -1   1   0  -3  -2  -2    8   6   5   4   0   9  14   3   3   2   2  16   2   1   2  12   7   0   1   2  0.22 0.16
  126 E     1  -1  -2   1  -5   4   4  -3   0  -2  -3   1  -1  -5  -3  -1  -2  -5  -2  -2   12   2   1   6   0  19  34   1   2   2   2   8   2   0   1   3   2   0   1   3  0.62 0.34
  127 R    -6   8  -4  -4  -8   1  -4  -7  -5  -8  -7  -2  -6  -7  -7  -4  -6  -7  -6  -7    0  91   0   1   0   6   0   0   0   0   0   0   0   0   0   1   0   0   0   0  2.72 0.89
  128 E    -1   0   1   2  -4   0   2  -3  -2   0   1   1   2  -2  -3  -1   1  -4  -3  -2    4   3   6  13   0   2  18   0   0   6  16   8   7   1   0   4   9   0   0   1  0.24 0.19
  129 E     0   3   1   0  -4   1   2  -2  -1  -2  -3   2  -1  -3  -3   0   0   1  -2  -2    7  17   8   5   0   6  13   3   1   3   0  16   2   0   0   7   5   2   1   2  0.30 0.20
  130 I     2  -1   1  -4  -3   0  -3  -4  -2   3   0  -3  -1  -3  -4   0   2  -5  -4   2   16   3   8   0   0   4   1   0   1  21   8   1   1   0   0   8  14   0   0  16  0.35 0.25
  131 L    -4  -5  -6  -6  -4  -5  -6  -6  -4   3   4  -5   3   3  -6  -3  -2  -4   0   1    0   0   0   0   0   0   0   0   0  17  48   0   8  10   0   2   3   0   3   9  0.95 0.40
  132 E     0   0   2   2  -5   2   3  -2   1  -5  -4   3  -2  -2  -3   0  -1  -2  -2  -4    9   5   8  10   0   9  18   2   4   0   1  18   1   2   0   8   3   1   1   1  0.40 0.24
  133 G     0   2   1   3  -3   2   2  -1  -2  -4  -3   2  -2  -4  -4   0  -2  -5  -2  -4    7  14   8  15   0  10  14   5   0   1   3  15   1   0   0   5   1   0   1   0  0.40 0.24
  134 F    -7  -8  -8  -8  -7  -8  -8  -8  -6  -3  -2  -8  -5   9  -8  -7  -7  -4   0  -4    0   0   0   0   0   0   0   0   0   1   4   0   0  93   0   0   0   0   2   1  3.10 0.92
  135 R    -2   6  -3  -4  -1   2  -2  -5  -3  -4  -4   5  -4  -5  -5  -1   0  -6  -5  -3    3  40   1   0   2   7   1   0   0   1   1  31   0   0   0   5   6   0   0   2  1.09 0.48
  136 T     1   0   3   1  -3   1   2  -3   0  -4  -3   2  -2  -4  -3   2   1  -5  -3  -3   10   5  14   7   0   5  11   1   2   0   1  12   1   0   0  17  10   0   1   1  0.35 0.23
  137 G     0  -2   1  -1  -2  -1  -2   5   0  -5  -3  -1  -4  -1  -4   1  -2  -5  -4  -5    8   2   6   4   1   3   1  51   2   0   3   3   0   3   0  10   2   0   0   0  0.77 0.35
  138 R     0   2   1   1  -4   2   2  -2   0  -2  -2   3  -2  -4  -1   0   0  -5  -3  -2    7   8   5   7   0   8  12   3   2   2   3  25   1   0   2   7   5   0   1   3  0.30 0.20
  139 F     0  -1   0  -2   2  -1  -2  -2   0   2  -1   0  -1   1  -3   1   1  -3   1   1    7   3   3   1   6   3   1   2   3  13   5   5   0   8   0  14   8   0   5  12  0.11 0.13
  140 R    -1   3   4   1  -2   0  -1   0  -1  -4  -3   0  -2  -5   2   0  -1   2  -3  -3    4  16  21   9   1   3   2   8   1   0   2   6   1   0  12   7   3   3   0   1  0.40 0.24
  141 A    -2  -5  -3  -6   2  -5  -6  -5  -6   5   0  -5  -2   0  -5  -4   1  -5   0   5    3   0   2   0   4   0   0   0   0  33   6   0   0   4   0   0   9   0   3  36  0.94 0.41
  142 I    -5  -6  -7  -8   0  -6  -7  -8  -7   2   6  -6   2  -3  -7  -6  -5  -6  -5  -1    0   0   0   0   2   0   0   0   0   8  83   0   4   1   0   0   0   0   0   3  1.74 0.63
  143 V    -4  -6  -7  -7  -2  -6  -6  -7  -6   5   1  -6  -1   3  -6  -5  -3  -5  -4   6    0   0   0   0   1   0   0   0   0  28   9   0   1  10   0   0   0   0   0  50  1.35 0.52
  144 S     5  -5  -2  -5   6  -4  -4  -3  -5  -3  -1  -4  -4  -5  -5   1   2  -6  -5   0   43   0   2   0  17   0   0   1   0   1   5   0   0   0   0  11  12   0   0   6  0.93 0.45
  145 S    -4  -6  -3  -5  -1  -5  -5  -6  -6  -5  -6  -5  -5  -7  -6   2   8  -7  -6  -3    0   0   1   0   1   0   0   0   0   0   0   0   0   0   0  15  82   0   0   1  2.18 0.83
  146 Q    -2  -1   1   7  -2  -3  -1  -3  -5  -7  -7   0  -2  -7  -5   1  -4  -8  -7  -7    3   3   5  68   1   1   3   1   0   0   0   5   1   0   0   9   0   0   0   0  1.61 0.61
  147 V    -2  -3  -7  -7  -5  -6  -6  -6  -7   2   2  -6  -3  -4  -6  -5  -4  -6  -5   7    2   2   0   0   0   0   0   0   0  10  17   0   0   0   0   0   0   0   0  69  1.55 0.59
  148 L     5  -5  -5  -5  -1  -4  -4   2  -5   0   1  -4   1   0  -4  -1  -2   0  -4  -1   51   0   0   0   1   0   0  13   0   4  14   0   3   4   0   3   2   1   0   4  0.73 0.39
  149 D     5  -5  -4   1  -4  -4   0   0  -5  -5  -5  -4  -5  -6  -4   2   0  -6  -5  -4   57   0   0   9   0   0   6   7   0   0   0   0   0   0   0  15   5   0   0   0  1.04 0.50
  150 E    -6   8  -3  -5  -8  -3   1  -7  -5  -7  -7  -2  -6  -7  -6  -5   0  -7  -6  -3    0  82   1   0   0   0  10   0   0   0   0   1   0   0   0   0   5   0   0   2  2.26 0.79
  151 G    -3  -7  -5  -6  -7  -6  -6   7  -6  -8  -8  -6  -7  -8  -7   0  -6  -7  -8  -8    1   0   0   0   0   0   0  93   0   0   0   0   0   0   0   6   0   0   0   0  2.51 0.81
  152 I    -5  -6  -7  -7  -5  -6  -6  -7  -6   5   5  -6   2  -1  -6  -6  -3  -5  -4   1    0   0   0   0   0   0   0   0   0  38  49   0   3   2   0   0   1   0   0   6  1.37 0.51
  153 D    -7  -6   0   8  -8  -5  -3  -6   2  -8  -8  -5  -8  -8  -6  -5  -6  -9  -7  -8    0   0   3  92   0   0   0   0   4   0   0   0   0   0   0   0   0   0   0   0  2.82 0.90
  154 V    -3  -6  -7  -7  -5  -4  -6  -7  -6   6   1  -6  -2   3  -6  -5  -4  -5  -1   3    2   0   0   0   0   1   0   0   0  54   9   0   0  11   0   0   0   0   2  22  1.36 0.51
  155 P    -1  -1  -2  -1  -6   1   0  -1  -2  -5  -4   1  -3  -6   7  -1  -3  -6  -6  -4    4   4   1   3   0   7   7   4   1   1   1  10   1   0  51   4   1   0   0   1  1.20 0.49
  156 D     0   0   3   3  -1   1   2   2   0  -3  -3   0  -3  -5  -3   1  -1  -5  -4  -3    8   4  13  16   1   7  14  15   3   2   2   4   1   0   0   9   2   0   0   2  0.34 0.21
  157 A     0  -6  -6  -7   0  -6  -6  -6  -7   3   1  -6  -2  -4  -6  -5  -3  -6  -5   6    9   0   0   0   2   0   0   0   0  17  11   0   0   0   0   0   1   0   0  60  1.33 0.53
  158 N    -1  -1   3   4  -5   0   1  -3  -2  -5  -5   0  -5  -4  -2   2   2  -6  -5  -5    4   3  17  28   0   4   6   1   1   0   0   6   0   0   1  17  11   0   0   0  0.66 0.34
  159 V    -4  -4   0  -4   3  -2  -4  -4   5  -1   3  -4   2  -1  -5  -4  -1   5   1   2    0   0   6   1   5   1   0   1  16   2  33   0   5   2   0   0   3   8   4  13  0.67 0.34
  160 G    -2  -7  -7  -7  -5  -6  -7  -5  -7   2  -1  -6  -2  -5  -6  -6  -4  -7  -5   7    3   0   0   0   0   0   0   1   0  11   5   0   1   0   0   0   0   0   0  80  1.88 0.68
  161 V    -3  -7  -7  -7  -5  -6  -7  -7  -7   7  -1  -6   0   0  -6  -6  -4  -6  -1   4    1   0   0   0   0   0   0   0   0  61   4   0   2   3   0   0   0   0   2  26  1.62 0.58
  162 I    -5  -3   7  -3   3   4  -3  -5   2   1  -3  -4  -3  -5  -6  -3  -4  -7  -5  -2    0   0  57   0   5  18   1   0   5   8   2   0   0   0   0   0   0   0   0   3  1.52 0.63
  163 M    -2  -6  -6  -7  -3  -5  -6  -6  -1  -1  -1  -6   0   5  -7  -1  -4   1   8  -1    4   0   0   0   0   0   0   0   1   3   7   0   2  20   0   6   0   2  49   5  1.52 0.58
  164 S    -4  -2   0   7  -5  -1   0  -2   0  -7  -7  -4  -4  -6  -5   1  -1  -7  -6  -6    0   2   4  65   0   2   5   2   2   0   0   0   0   0   0  11   5   0   0   0  1.54 0.60
  165 G     0  -4  -4  -5   2  -3  -3  -2   2   1   2  -4   3   3   2  -2  -2  -4  -1   1    9   0   0   0   5   1   1   3   6   6  23   0  10  12  12   2   2   0   1   8  0.38 0.24
  166 S    -1  -6  -4  -6  -2  -3  -5  -1  -6  -7  -6  -5  -6  -2   8  -1  -1  -7  -2  -5    5   0   1   0   1   1   0   5   0   0   0   0   0   2  76   4   4   0   1   1  2.21 0.76
  167 G     0   1   1   1  -3   1   1   1  -1  -3  -2   1  -2  -3   0   1   1  -3  -3  -2    7   8   9   8   0   5   7  11   1   1   4   8   1   1   4  14   9   0   0   2  0.17 0.13
  168 S    -3  -3   2   5  -3  -1   0  -2   1  -5  -5  -2  -4  -4  -4   4   2  -6  -2  -5    1   1  10  29   0   3   4   2   4   0   1   2   0   0   0  31  10   0   1   0  0.80 0.41
  169 A     2   2  -3  -4   0  -3  -2  -3  -1   1  -1  -1   0  -1   4   1  -1  -1   0   0   16  12   0   0   2   0   1   0   1  11   6   2   2   3  20   9   3   1   3   7  0.33 0.22
  170 R    -1   3  -1   4  -5   0   4  -4  -3  -1  -4   2  -4  -5  -3  -1  -1  -6  -5  -3    5  14   2  20   0   3  31   0   0   5   1  10   0   0   0   4   3   0   0   2  0.65 0.34
  171 E    -1  -1   0   3  -4   3   1  -3  -1   0  -2  -1  -1  -3  -4   1   3  -3  -4  -1    4   4   5  21   0  13   7   0   1   6   4   2   1   1   0   9  18   0   0   5  0.34 0.24
  172 Y    -6  -6  -3  -7  -7  -6   0  -5   0  -5  -3  -6  -1   4  -7  -6  -5  -3   9  -6    0   0   1   0   0   0   7   1   1   0   3   0   2  13   0   0   0   0  71   0  2.35 0.80
  173 I     0  -5  -5  -6  -3  -3  -5  -6  -6   5   2  -5  -1  -3  -5  -4  -1  -6  -4   5    9   0   0   0   0   1   0   0   0  33  15   0   1   0   0   0   4   0   0  35  0.98 0.42
  174 Q    -6  -3  -3  -6  -8   4  -5  -7  11  -8  -8  -5  -6  -7  -7  -6  -6  -7  -4  -8    0   1   1   0   0  17   0   0  81   0   0   0   0   0   0   0   0   0   0   0  3.37 1.02
  175 R    -6   8  -5  -6  -3  -2  -5  -7  -5  -4  -7  -2  -1  -7  -7  -4  -4  -7  -6  -6    0  93   0   0   1   1   0   0   0   1   0   1   1   0   0   0   1   0   0   0  2.70 0.89
  176 L     0  -3  -5  -6   1  -5  -5  -6  -6   5   1  -4   2  -3  -5  -1  -1  -5  -4   4    6   1   0   0   3   0   0   0   0  34   9   1   5   0   0   5   2   0   0  33  0.86 0.38
  177 G    -3  -7  -5  -6  -7  -6  -7   8  -6  -8  -8  -6  -7  -8  -7  -5  -6  -7  -8  -8    1   0   0   0   0   0   0  99   0   0   0   0   0   0   0   0   0   0   0   0  2.71 0.81
  178 R    -6   9  -5  -6  -8  -4  -5  -7  -5  -8  -7  -2  -6  -7  -7  -5  -6  -7  -3  -7    0  99   0   0   0   0   0   0   0   0   0   0   0   0   0   0   0   0   1   0  3.01 0.92
  179 I     0  -5  -4  -5  -3  -4  -5  -2  -5   1  -5  -4  -4  -6  -5   0   7  -6  -5  -1    9   0   0   0   0   0   0   3   0   8   0   0   0   0   0   6  70   0   0   4  1.50 0.61
  180 L     4  -5  -4  -5  -5  -5  -5   5  -5  -5   0  -5   0  -6  -5  -2  -4  -6  -6  -4   37   0   0   0   0   0   0  50   0   0  10   0   2   0   0   1   0   0   0   0  1.29 0.50
  181 R    -6   9  -5  -6  -8  -4  -5  -7  -5  -8  -7  -2  -6  -8  -7  -5  -6  -7  -6  -7    0 100   0   0   0   0   0   0   0   0   0   0   0   0   0   0   0   0   0   0  3.06 0.91
  182 P     5  -3  -2  -5  -1  -3  -3   0  -4  -2  -1   0   0   3  -1  -1  -2  -4   1  -2   51   0   2   0   1   1   1   6   0   1   5   5   2  13   3   2   1   0   4   1  0.63 0.35
  183 S    -1  -1   0  -2  -6  -4  -1   6  -1  -6  -6   0  -5  -6  -5  -1  -2  -6  -5  -5    4   4   5   2   0   0   3  67   2   0   0   6   0   0   0   4   2   0   0   0  1.31 0.47
  184 K     0   4   2  -1  -5   1   0  -2   2  -5  -5   3  -2  -4   0  -1   0  -5  -3  -4    6  28  12   2   0   7   5   2   4   0   0  20   1   1   4   3   4   0   0   1  0.57 0.29
  185 G     0   1  -1   0  -4   0   1   2  -2  -3  -2   3  -2  -4  -2   1   1  -4  -2  -1    6   6   2   4   0   2   9  15   1   1   3  22   1   0   1  13   9   0   1   4  0.26 0.18
  186 K    -3  -2   0  -5  -6  -5  -3   7  -5  -7  -6   1  -6  -7  -6  -4  -4  -6  -6  -5    1   2   5   0   0   0   2  77   0   0   1  11   0   0   0   0   0   0   0   1  1.77 0.59
  187 K    -2   1  -1  -1  -1   0   0  -1  -1   1   0   1   0  -2  -3  -1   2  -2   0   2    1  11   3   3   1   3   4   5   1   8  10   9   1   0   0   4  15   0   4  16  0.11 0.12
  188 E     5  -3  -1  -1   1  -2  -2  -2  -3  -4  -4  -1  -2  -4  -2   3  -2  -5  -4   0   50   1   3   4   3   1   2   2   1   0   0   4   1   1   1  19   1   0   0   6  0.71 0.37
  189 A     0  -4  -4  -5   2  -4  -4  -3  -2   5   1  -3  -1  -1  -4  -1   0  -4   0   3    9   1   0   0   4   0   0   2   1  33  11   1   1   2   0   5   5   0   3  21  0.51 0.25
  190 V    -1  -4   0  -4  -2  -3  -3  -4  -4   0   2  -3   0   1  -4   2   4   1   0   0    4   0   4   0   0   0   0   0   0   6  20   0   2   5   0  19  28   2   3   6  0.42 0.27
  191 L    -4  -5  -6  -6  -3  -5  -6  -6  -5   2   3  -5   2   7  -6  -4  -3  -2  -1  -1    1   0   0   0   0   0   0   0   0  11  26   0   5  50   0   1   1   0   1   3  1.33 0.47
  192 Y    -2  -4  -5  -5  -4  -4  -5  -5  -2   1   3  -4  -1   5  -5  -2  -2  -2   5   1    2   0   0   0   0   0   0   0   1   7  31   0   0  22   0   3   2   0  22  11  0.81 0.33
  193 E    -2  -2   2   2  -4  -1   1  -2  -3  -3  -1  -2  -1  -2  -3   2   4  -5  -4  -1    2   1  10  14   0   2   8   2   0   0   5   1   1   2   0  13  36   0   0   3  0.49 0.28
  194 L    -3   0  -1  -2  -4  -2   0  -2  -3  -1   2   0  -1   1   5  -2  -3  -2   0   0    1   5   3   2   0   0   6   3   0   2  28   5   1   5  28   1   0   0   3   5  0.47 0.24
  195 I     1   0   0  -1   0  -1   0   0  -2   1  -1   0  -1  -2   0   0   0   1  -2   2   11   6   5   1   2   2   9   7   0  13   3   5   0   1   4   6   4   2   0  18  0.06 0.09
  196 S    -1  -2   3   3  -4   1   3  -3  -2  -3  -5  -1  -4  -5  -3   3   1  -5  -4  -3    2   0  16  20   0   5  20   0   0   1   0   3   0   0   0  22   9   0   0   1  0.62 0.29
  197 R    -2   4  -1  -2  -4   2   1  -4  -1  -3  -3   4  -1  -4  -1   1   0  -4  -2  -3    1  26   2   0   0  11  11   0   1   1   2  26   2   0   2   9   7   0   1   1  0.55 0.26
  198 G    -3   0   0   6  -5  -2   1   2  -1  -5  -6  -1  -5  -5  -2  -2  -2  -6  -5  -5    0   6   3  57   0   0   6  19   1   0   0   2   0   0   2   1   2   0   0   0  1.05 0.34
  199 T    -2  -1  -1  -3   0  -1  -1  -4  -3   0   0   0  -2  -3  -3   0   5  -4  -3   2    0   2   1   0   1   3   2   0   0   3   7   4   0   0   0   4  58   0   0  15  0.64 0.27
  200 G     4  -3  -2  -3  -2  -2  -3   5  -3  -3  -4  -2  -3  -4  -3   0  -2  -4  -4  -2   48   0   0   0   0   0   0  52   0   0   0   0   0   0   0   0   0   0   0   0  0.89 0.18

                      K         Lambda
Standard Ungapped    0.1384     0.3218
Standard Gapped      0.0427     0.2670
PSI Ungapped         0.1397     0.3174
PSI Gapped           0.0427     0.2670
