
Last position-specific scoring matrix computed, weighted observed percentages rounded down, information per position, and relative weight of gapless real matches to pseudocounts
            A   R   N   D   C   Q   E   G   H   I   L   K   M   F   P   S   T   W   Y   V   A   R   N   D   C   Q   E   G   H   I   L   K   M   F   P   S   T   W   Y   V
    1 I    -2  -3  -4  -4  -2  -3  -4  -4  -4   3   3  -3   2  -1  -3  -3  -1  -3  -2   3    0   0   0   0   0   0   0   0   0  22  40   0   5   0   0   0   0   0   0  33  0.50 0.10
    2 P     1  -3  -3  -1  -4  -2   0  -3  -4  -4  -4  -1  -4  -5   8  -2  -3  -5  -4  -4   10   0   0   3   0   0   7   0   0   0   0   2   0   0  78   0   0   0   0   0  1.88 0.32
    3 N    -1  -1   3   1  -3   0   1  -2   3  -3  -3   0  -1  -4   3   2  -1  -4  -2  -3    0   2  20   9   0   3  12   0  10   0   2   5   1   0  16  18   2   0   0   0  0.42 0.14
    4 I    -3  -1  -5  -5  -3  -4  -5  -5  -4   6   0  -4   0   4  -4  -4  -2  -3  -1   2    0   4   0   0   0   0   0   0   0  68   0   0   0  20   0   0   0   0   0   8  0.90 0.27
    5 K    -1  -2  -1   0  -4  -2   1  -3  -3  -4  -4   2  -4  -5   7  -1  -2  -5  -4  -4    3   0   2   4   0   0  12   0   0   0   0  13   0   0  63   2   1   0   0   0  1.43 0.29
    6 G    -1  -4   0  -1  -4  -3  -3   6  -3  -5  -5  -3  -4  -5  -1   0  -3  -4  -5  -5    0   0   3   2   0   0   0  85   0   0   0   0   0   0   3   7   0   0   0   0  1.41 0.30
    7 L    -3  -2  -4  -5  -3  -2  -4  -5  -4   5   3  -4   2  -1  -4  -4  -2  -4  -3   1    0   2   0   0   0   2   0   0   0  57  32   0   5   0   0   0   0   0   0   2  0.77 0.23
    8 D    -1  -1   1   4  -3   0   3  -2   0  -3  -3   1  -3  -4  -1   1  -1  -4  -3  -2    3   0   7  28   0   1  29   0   3   0   2   7   0   0   2  13   2   0   0   2  0.47 0.14
    9 E     1   1   0   2  -2   1   2  -1  -1  -2  -1   2  -1  -1  -2   1   1  -3  -2  -2   11   7   0  14   0   4  12   4   1   0   6  14   0   3   0  14   8   0   0   0  0.17 0.07
   10 Y    -2  -3  -3  -3  -3  -3  -3  -3  -1  -1  -1  -3  -1   6  -3  -3  -1   7   5  -1    1   1   1   1   0   1   1   1   0   1   4   1   0  41   1   1   3  17  20   4  0.92 0.20
   11 A     0   1  -1   1  -2   1   3  -1  -1  -2  -2   3   0  -1  -1  -1  -1  -2  -1  -2    7   5   1   6   1   2  22   2   1   1   3  34   2   4   2   2   2   0   1   2  0.28 0.09
   12 K     0   1   0   1  -1   1   0   0   0  -1  -1   1  -1  -1   0   0   0  -1  -1   0    7  10   5  11   1   6   4   6   1   3   8  12   1   2   3   4   7   1   2   6  0.05 0.01
   13 A     0   1   1   0  -1   0   0   0   0  -1  -1   1  -1   0   0   0   0  -1   0  -1   12   6   7   3   1   3   7   4   1   3   5  17   1   7   3   8   4   1   2   4  0.05 0.01
   14 V     0  -1   0   1   1   0   0   1   0  -1  -1   0  -1   1   0   0   0   2   1   0    5   3   3   8   4   3   7  12   1   3   6   4   1   9   3   8   4   3   6   7  0.03 0.01
   15 P     0  -1   0   0  -2   0   0   2   0  -1  -1  -1  -1  -2   4   0   0  -2  -1   0    3   2   4   4   1   3   4  18   3   2   4   2   1   2  23   4   7   1   1  12  0.26 0.05
   16 G    -1  -2  -2  -2  -3  -2  -3   6  -3  -1  -3   0  -3  -2  -3   0   0  -3  -3  -3    3   0   0   0   0   0   0  69   0   5   1   7   0   2   0   5   5   0   0   0  0.87 0.21
   17 S    -1   2   0   0  -3   2   1   0   2  -3  -3   3  -2  -2   0   0  -1  -3   1  -2    0   8   3   2   0  12   9   8   5   0   0  30   0   0   4   6   3   0   7   2  0.28 0.11
   18 V     0  -2  -2  -2   1   3  -1  -3  -2   2   0  -2   0   0  -3   0  -1  -2   2   2    7   0   0   0   4  19   3   0   0  15   6   0   0   2   0   5   2   0  11  24  0.19 0.11
   19 L    -2  -3  -3  -4  -2  -3  -2  -4   0   3   2  -2   2   4  -3  -3  -1  -2   0   1    0   0   0   0   0   0   3   0   4  24  25   2   6  23   0   0   1   0   0  10  0.38 0.13
   20 H    -3  -2  -1  -3  -4  -1  -2  -4  10  -4  -4  -2  -3  -2  -4  -3  -3  -3   2  -4    1   0   0   0   0   0   0   1  87   0   1   0   0   0   0   1   0   0   5   1  2.13 0.38
   21 S     1  -2  -1  -2   0  -1  -1  -1  -2  -3  -3  -1  -2  -3  -2   5   2  -3  -3  -2   12   1   1   1   1   1   1   1   0   1   1   1   0   0   1  66  12   0   0   1  0.66 0.21
   22 S     0   2  -1  -2   1   1   0   0   5  -3  -2   1   0  -2  -2   1  -1  -2   2  -2    6  15   0   1   4   5   3   6  21   1   1   7   3   0   1  17   1   0   8   1  0.27 0.11
   23 L     0   1   2   2  -3   2   2  -2   0  -2  -1   0  -2  -1  -2   0  -1  -3  -2  -2   10  11  15  17   0  10  13   1   2   2   5   0   0   3   0   6   0   0   0   2  0.22 0.08
   24 F    -3  -3  -4  -4  -3  -3  -4  -4  -1  -1  -2  -3  -2   3  -4  -3  -3   6   8   1    0   0   0   0   0   0   0   0   0   3   0   0   0  11   0   0   0  12  60  10  1.28 0.28
   25 R    -2   5  -2   0  -5   0  -1  -3  -2  -4  -4   5  -3  -5   1  -2  -2  -4  -3  -4    0  38   0   6   0   0   0   0   0   0   0  50   0   0   6   0   0   0   0   0  0.95 0.24
   26 E    -1   0   2   1  -3  -1   1  -2   3   1  -2   1  -2  -3  -2   1   0   1  -2   1    0   3  15   9   0   0  12   0  13  11   0   8   0   0   0  11   3   2   0  12  0.18 0.10
   27 P    -1  -2  -2   0   0  -2  -2   2  -3  -2  -3  -2   2  -4   6   0   0  -4  -4  -3    2   1   0   6   3   0   0  16   0   2   0   0   8   0  51   5   5   0   0   0  0.99 0.21
   28 E    -1  -1  -1   3  -4   0   5   0  -2  -3  -3   0  -3  -3  -3  -1  -2  -4   1   0    2   1   0  17   0   0  50   9   0   0   0   4   0   0   0   2   0   0   6   9  0.56 0.18
   29 L     0   0   0   2  -3   2   1   0  -2  -1  -2   1  -1  -1   2   0   0  -3  -2  -1    5   2   2  15   0  14   5   6   0   5   3   9   0   3  13   6   7   0   0   6  0.18 0.06
   30 F    -2  -4  -5  -5  -4  -4  -5  -5  -3  -1   1  -4  -1   7  -5  -4  -3   1   3  -1    3   0   0   0   0   0   0   0   0   0  14   0   0  72   0   0   0   2   9   2  1.29 0.28
   31 V     1   5  -1  -2  -1   1   1  -2  -2  -3  -3   3  -2  -4  -2   0  -1  -4  -3  -2   15  38   2   0   1   2  10   0   0   0   0  20   0   0   0   7   3   0   0   3  0.48 0.15
   32 G    -2  -2   2   4  -4  -2   0   5  -2  -5  -5  -2  -4  -4  -1  -1  -2  -4  -2  -4    0   1  12  34   0   0   4  45   0   0   0   0   0   0   2   0   0   0   2   0  0.83 0.20
   33 E    -2   1  -2  -2  -5   3   2  -1  -2  -4  -3   6  -2  -4  -3  -2  -2  -4  -3  -4    0   2   0   0   0  17  13   4   0   0   3  61   0   0   0   0   0   0   0   0  0.82 0.24
   34 S    -2   5   2   0  -3  -1  -1  -3   0  -1  -2   2  -2  -3  -3   0  -1  -4  -3   2    0  39  13   5   0   0   0   0   1   0   0  12   0   0   0   4   3   0   0  21  0.42 0.15
   35 V    -2  -4  -4  -4  -2  -4  -4  -5  -4   3   0  -4  -1  -2  -4  -3  -2  -4  -3   6    0   0   0   0   0   0   0   0   0  14   3   0   0   0   0   0   0   0   0  81  0.99 0.26
   36 L     0  -3  -4  -4  -2  -3  -4   0  -4   2   4  -3   2  -1  -4  -3  -2  -3  -2   3    6   0   0   0   0   0   0   9   0   8  48   0   5   0   0   0   0   0   0  24  0.44 0.15
   37 V    -2  -4  -2  -4  -2  -3  -4  -5  -4   3   0  -4   2  -2  -4  -3  -2  -4  -3   5    0   0   3   0   0   0   0   0   0  18   3   0   7   0   0   0   0   0   0  69  0.82 0.23
   38 V     0  -4  -4  -4  -2  -3  -4  -4  -4   5   0  -3   0  -2  -4   0  -1  -4  -3   4    5   0   0   0   0   0   0   0   0  44   3   0   0   0   0   8   0   0   0  40  0.66 0.20
   39 G    -2  -4  -2  -3  -4  -4  -4   7  -4  -6  -6  -3  -5  -5  -4  -2  -3  -4  -5  -5    0   0   0   0   0   0   0 100   0   0   0   0   0   0   0   0   0   0   0   0  1.89 0.34
   40 G    -1  -3   2  -2   4  -2  -2   3  -2   0   0  -2   0  -1  -3   0   1  -3  -1  -2    2   0  15   0  13   0   0  31   0   6   8   0   4   3   0   7   9   0   2   0  0.31 0.12
   41 A     0  -3  -2  -3  -4  -1  -3   6  -3  -5  -5  -3  -4  -1  -3   1  -2  -4  -2  -4    3   0   0   0   0   3   0  78   0   0   0   0   0   4   0  11   0   0   2   0  1.18 0.25
   42 S     1  -2   5   3  -3  -1  -1  -2  -1  -3  -3  -2   0  -4  -1   2  -1  -5  -3   0   15   0  40  17   0   0   0   0   0   0   0   0   3   0   2  15   0   0   0   9  0.51 0.18
   43 S    -1  -3  -1  -2  -3  -2  -2  -2  -3  -4  -4  -2  -3  -4  -3   6   2  -5  -3  -3    0   0   0   0   0   0   0   0   0   0   0   0   0   0   0  88  12   0   0   0  1.17 0.33
   44 A     3  -3  -2  -3  -3  -3  -3   5  -3  -4  -4  -3  -3  -4  -3   0  -2  -4  -4  -3   36   0   0   0   0   0   0  59   0   0   0   0   0   0   0   4   0   0   0   0  1.02 0.23
   45 N     1  -2  -1  -2   1   0  -1   0  -2   1   1  -2   3  -1  -3   0   0  -3  -2   1   14   0   4   1   4   5   1   6   0  10  18   0  15   0   0   5   4   0   0  14  0.12 0.08
   46 D    -3  -2   0   7  -5   3   2  -3  -2  -5  -5  -2  -4  -5  -3  -2  -3  -5  -4  -5    0   0   0  72   0  16  13   0   0   0   0   0   0   0   0   0   0   0   0   0  1.32 0.29
   47 L    -3  -4  -5  -5  -3  -4  -4  -5  -4   5   1  -4   1  -1  -4  -4  -2   7   0   3    0   0   0   0   0   0   0   0   0  53   6   0   3   0   0   0   0  16   3  19  0.89 0.22
   48 V     3  -2  -2  -2   1  -2  -2  -2  -3   0  -2  -2  -2  -3  -2   3   1  -4  -3   1   38   0   0   0   4   0   0   0   0   6   0   0   0   0   0  33   6   0   0  13  0.43 0.17
   49 R    -1   2   0  -2  -2  -1  -2  -3  -2   1   1  -1   1  -1   0  -1   1  -3  -1   1    2  20   5   0   0   2   0   0   0   9  17   0   4   1   6   3  14   0   1  16  0.15 0.09
   50 H     0  -2   2   4  -4   1   4  -2   1  -4  -4  -1  -3  -2  -2   0  -1  -4  -1  -3    6   0   8  34   0   5  33   0   3   0   0   0   0   2   0   5   2   0   2   0  0.61 0.17
   51 L    -2  -4  -4  -5  -2  -3  -4  -5  -4   3   5  -4   1  -1  -4  -3  -1  -3  -2   1    3   0   0   0   0   0   0   0   0  25  65   0   0   0   0   0   4   0   0   3  0.72 0.20
   52 T     3  -2  -1  -2   3   0  -1  -1   2  -2  -3  -2  -2  -3  -2   3   1  -3  -1   0   32   0   1   0   7   3   2   2   7   0   0   0   0   0   0  31   6   0   1   7  0.34 0.15
   53 P    -2   1   3   0  -4   0   0  -2   3  -3  -4   1  -3  -4   5  -1   0  -4  -3  -3    0   8  24   3   0   1   5   2   9   2   0  12   0   0  29   0   4   0   0   0  0.62 0.16
   54 V    -1  -2  -2  -3  -2  -3  -3  -4   0   3   1  -2   0   2  -3  -2   1  -3   0   3    2   1   2   0   0   0   0   0   4  21  11   1   0   9   0   0  11   0   2  34  0.30 0.12
   55 A     5  -3   0   0  -2  -2  -2   0  -3  -3  -3  -2  -2  -4  -2   0   1  -4  -3  -1   74   0   5   4   0   0   0   4   0   0   0   0   0   0   0   2   8   0   0   2  0.70 0.23
   56 K     2   2  -1  -2  -3   1   0  -2  -2  -3  -3   5  -2  -4   0   1  -1  -4  -3  -3   22   6   0   0   0   4   4   0   0   0   0  49   0   0   3  11   1   0   0   0  0.52 0.18
   57 H    -2   1   1  -2  -4   3   1  -3   7  -3  -1   1   0  -3  -3   0  -2  -4  -1  -3    0   6   7   0   0  18   8   0  35   0   8  11   3   0   0   5   0   0   0   0  0.58 0.19
   58 P    -1  -3  -3  -3  -2  -2  -3  -3  -3   3   2  -3   1  -1   2  -2   1  -3  -2   3    2   0   0   0   0   0   0   0   0  19  16   0   4   0  11   0  10   0   0  34  0.36 0.12
   59 I     1  -2  -2  -2  -2  -1  -2  -2  -1   2   0  -2   0   2  -2   1   1  -2   0   1   11   0   0   0   0   2   0   0   2  20   7   0   2  14   0  19   9   0   2  11  0.15 0.09
   60 Y    -1  -2  -2  -3   1  -2  -2  -3   3   1   2  -2   1   1  -3   0  -1  -1   3   0    4   1   0   0   3   0   0   0  10  11  28   0   5   7   0  11   2   0  13   4  0.20 0.10
   61 Q     0   2   0  -1  -2   3   0  -2   1   0  -1   1   0  -2  -2   2   0  -3  -2   0    3  12   3   1   0  18   3   1   3   6   2   8   3   0   1  24   1   0   0  10  0.18 0.09
   62 S     0   0  -1  -2  -2  -1  -1  -2   5  -2  -2  -1  -1  -3  -2   3   3  -3  -2   1    3   5   0   0   0   0   0   0  18   0   1   0   2   0   0  37  20   0   0  11  0.42 0.18
   63 L    -1   4   0  -2  -3  -1  -1  -3  -2   0   0   0  -1  -3  -3  -1   2  -3  -2   2    2  35   4   0   0   0   3   0   0   5   7   0   0   0   0   3  20   0   0  19  0.31 0.15
   64 L    -1   5   0  -2  -3  -1  -1  -1   1  -3  -1   2  -2  -3  -1   0   0  -3   0  -2    5  45   5   0   0   0   0   4   3   0   8  10   0   0   3   6   5   0   4   2  0.40 0.16
   65 G     1  -2   2   2  -3  -1   0   3   0  -3  -3  -1  -3  -1   1   2  -1  -3  -2  -3   12   0  10  13   0   0   4  24   2   0   0   3   0   4   7  19   0   0   0   0  0.33 0.11
   66 G     1   0   1   2  -3   0   1   0  -2  -3  -2   1  -2  -3   0   2   1  -4  -3  -2   10   2   4  12   0   0  11   6   0   0   2  13   0   0   5  28   7   0   0   0  0.28 0.11
   67 G    -1  -1  -1  -3  -3  -2  -1  -1  -3  -1  -2   0  -2   3  -3  -1   1   8   0   1    4   2   3   0   0   0   4   5   0   1   0   9   0  15   0   4  11  25   0  17  0.53 0.18
   68 D    -1   2   0   0  -3   0  -1  -3   4   0  -2   0  -2   1  -3  -1  -2   3   3   0    4  16   3   8   0   3   0   0  17   7   0   2   0   7   0   4   0   5  11  11  0.24 0.12
   69 I     1  -2  -2   0  -2  -1   1   0  -2   2   1  -2   0  -2  -2   0   0  -3  -2   2   13   0   0   7   0   0  13   8   0  14  16   0   1   0   0   8   3   0   0  16  0.11 0.08
   70 Q     1   0  -1  -1   0   0  -1  -1  -2  -1   1   2  -1   1  -1   0  -1  -2   0  -1   17   3   3   3   2   3   2   2   0   3  23  22   0   6   2   4   2   0   3   0  0.08 0.09
   71 N    -1   2   0  -3  -4   1  -2  -3   1  -2  -1  -1  -2  -2   5  -2  -1  -3   2  -1    4  16   6   0   0   6   0   0   4   0   8   0   0   0  36   0   4   0  11   6  0.60 0.18
   72 E    -2   2   0   2  -4   1   2  -1   2  -1  -3   1  -2  -3   2   0  -1  -4  -2  -2    0  18   4  11   0   7  15   3   8   4   0   6   0   0  11   9   0   0   0   3  0.31 0.11
   73 S     0  -2   4   1  -3  -1   2  -1  -1  -3  -2  -1  -3  -4   0   3  -1  -4  -3  -3    6   0  28   8   0   0  12   3   0   0   4   0   0   0   3  34   0   0   0   0  0.47 0.18
   74 L    -2  -3   0   0  -2  -2  -2  -4  -3   2   3  -3   2   0  -1  -3  -2  -3  -2   2    0   0   7   8   0   0   2   0   0  13  41   0   7   3   2   0   0   0   0  16  0.32 0.14
   75 Q    -1  -1   0  -1  -3   0   1  -1   3  -2   1   0  -1   1  -3  -2  -2   7   0  -2    7   2   4   3   0   3  15   4  11   0  15   5   0   9   0   0   0  21   0   0  0.44 0.15
   76 Q    -1   1  -2  -2  -3   1  -1   1  -2   1   0   1   2  -1   1   0   0  -3  -2   0    0   9   0   0   0  11   0  16   0  10  11  11   9   3   7   5   6   0   0   3  0.11 0.08
   77 V    -2  -2  -2  -3  -3  -2  -2  -1   7   1   0  -1   3  -1  -4  -3  -2  -3   3   2    0   0   0   0   0   0   0   4  34   5   6   5  12   0   0   0   0   0  11  24  0.55 0.21
   78 P    -1   0   2  -2  -3   1   0   0   3  -4  -4   0  -3  -4   5   3  -1  -4  -3  -3    0   5   9   0   0   8   3   6  10   0   0   3   0   0  28  28   0   0   0   0  0.61 0.18
   79 E     0  -1   0   0  -3   2   3  -3  -1  -3  -2   0   1   1  -2  -1   2  -3   0  -2    9   0   5   4   0  10  33   0   0   0   0   4   6  10   0   0  17   0   3   0  0.31 0.15
   80 I    -3  -3   2  -3  -3  -3  -3  -4  -3   5   2  -1   0  -2  -4  -3  -2  -4  -3   1    0   0  13   0   0   0   0   0   0  59  18   5   0   0   0   0   0   0   0   4  0.60 0.21
   81 T     1  -1   0   3  -3   2   3  -2  -1  -1  -2   0  -2  -3  -2   1   0  -3  -1  -2   12   0   0  19   0  10  22   0   0   6   1   5   0   0   0  14   5   0   3   0  0.28 0.09
   82 K    -1   1   0   0  -2   0   2  -2   3  -2  -2   1  -2  -1  -2   2   2  -3  -1  -2    0   7   0   5   0   0  13   0  12   3   1  13   0   4   0  22  19   0   0   0  0.25 0.10
   83 F     2  -3  -3  -3  -2  -2  -3  -2  -3   0   1  -2   0   3  -3  -1  -1  -2   0   2   29   0   0   0   0   0   0   0   0   0  18   0   0  23   0   0   3   0   0  23  0.27 0.11
   84 D    -1   1   1   2  -3   0   2   0   4   0  -2   0  -2  -2  -2   0  -1  -2   1  -1    1  12   6  11   0   0  19   7  16  12   1   1   0   0   1   6   1   0   7   1  0.19 0.08
   85 P    -2  -1  -1   1  -4   1   4  -1  -2  -3  -3   1  -2  -3   3  -1  -2   3  -2  -1    0   0   0   9   0   4  39   5   0   0   0  11   0   0  17   0   0   5   0   7  0.49 0.13
   86 T    -2  -1   2   4  -3  -1   0  -2  -2   1  -1   1  -2  -3  -2  -1   2  -4  -3  -1    0   0  13  39   0   0   0   0   0  11   6  12   0   0   0   0  16   0   0   0  0.40 0.13
   87 T     0  -2   2  -1  -3  -2  -2   5  -2  -3  -3   0  -2  -3   1   0   0  -3  -3  -1    4   0  10   0   0   0   0  51   0   0   0   7   0   0   6   7   5   0   0   7  0.52 0.12
   88 R    -1   2   1  -1  -2   0   1  -1  -1  -2  -1   2   1  -2  -1   2   0  -3  -2  -2    1  18   6   1   0   1   7   1   0   1   7  16   7   1   1  30   1   0   1   1  0.22 0.08
   89 E    -1  -2  -2  -2  -2   1   0  -3   2   2  -1  -1  -1  -2  -2   1   1  -3  -2   3    0   0   0   0   0  12   5   0   7  12   0   0   0   0   0  12  10   0   0  39  0.21 0.11
   90 I    -2  -3  -1  -3  -2  -3  -2  -4  -3   4   1  -3   0   2  -4  -3  -1  -3  -1   3    0   0   5   0   0   0   4   0   0  42   5   0   0  13   0   0   0   0   0  31  0.45 0.15
   91 Y    -2  -2  -2  -3  -2  -2  -2  -1   3  -1   1  -2   1   4  -3   0   2  -1   2   0    0   0   0   0   0   0   0   6  12   0  14   0   4  26   0   7  17   0   7   7  0.25 0.11
   92 L     0   0  -2  -2  -2   1   1  -3  -2   2   1   0   0   3  -3  -2  -1  -2   0   1    7   3   0   0   0   8  11   0   0  19  17   8   0  19   0   0   0   0   0   8  0.14 0.08
   93 K    -1  -1   4   3  -3   0   1   0  -1  -3  -4   2  -3  -4  -2   1   2  -4  -3  -3    0   0  30  17   0   2   6   7   0   0   0  17   0   0   0   6  15   0   0   0  0.42 0.12
   94 G    -1  -2   3   2  -4   1  -1   5  -2  -4  -4  -2  -3  -4  -3   0  -2  -4  -4  -4    0   0  20  11   0   7   0  55   0   0   0   0   0   0   0   6   0   0   0   0  0.77 0.16
   95 G     2  -1  -1  -2  -3  -1  -2   4  -2  -1  -3   2  -2  -3  -2   1  -1  -3  -3  -2   19   0   0   0   0   0   0  40   0   7   0  23   0   0   0  10   0   0   0   0  0.45 0.13
   96 K    -1   1  -1   1   1   1   2  -2  -2  -2  -1   2  -1  -3  -2   1   2   2  -2  -1    0   6   0   7   3   6  16   0   0   0   4  16   0   0   0   7  26   3   0   6  0.22 0.09
   97 V    -1  -2   0  -2  -2   0  -2  -3   0   2   0   0   0  -2  -3   0   1  -4  -2   3    0   0   6   0   0   6   0   0   3  18   0  10   0   0   0   7   7   0   0  43  0.23 0.11
   98 L    -2  -3  -3  -4  -2  -3  -3  -4  -3   2   3  -3   0   2  -3  -3  -1  -2   2   3    0   0   0   0   0   0   0   0   0   4  32   0   0  10   0   0   0   0   9  42  0.40 0.12
   99 S     2  -1  -1  -1  -3   2   3  -2   5  -3  -3  -1  -2  -2  -2   0  -1  -2   2  -2   27   0   0   0   0   9  24   0  23   0   0   0   0   0   0   6   0   0   7   0  0.40 0.12
  100 N     1  -1   3   0  -2   0   1   2  -1  -2  -2  -1  -2  -2  -1   2   0  -2  -2  -2   14   1  19   1   1   1   9  16   1   1   2   2   1   1   1  24   2   0   1   2  0.23 0.05
  101 I    -1  -2  -2  -2  -1  -1  -1  -2  -2   3   1  -1   0   2  -1  -1  -1  -1   0   2    3   2   2   2   1   2   3   3   1  37   9   2   1  10   2   3   2   1   1  14  0.12 0.03
  102 D    -3  -2   0   7  -5  -1   0  -2   4  -4  -5  -2  -4  -4  -3  -1  -2  -5  -3  -4    0   0   0  84   0   0   0   0  16   0   0   0   0   0   0   0   0   0   0   0  1.27 0.20
  103 R     0   2  -1  -2  -2  -1  -1  -2  -1   0  -1  -1   3  -1  -2   1   3  -2   2   0    8  17   0   0   0   0   0   0   0   4   0   0  20   0   0   7  31   0   9   3  0.20 0.07
  104 V    -2  -4  -3   0  -2  -3  -3  -4  -4   5   1  -3   0  -1  -3  -3  -1  -4  -2   3    0   0   0   9   0   0   0   0   0  73   0   0   0   0   0   0   0   0   0  18  0.54 0.11
  105 I    -1  -3  -3  -4  -2  -2  -3  -4  -3   4   2  -3   4  -1  -3  -3  -1  -3  -2   3    0   0   0   0   0   0   0   0   0  37   9   0  28   0   0   0   0   0   0  26  0.47 0.09
  106 Y    -2  -2  -2  -3  -3  -1  -2  -3   6  -2   0  -2  -1   4  -4  -2  -2   0   5  -2    0   0   0   0   0   0   0   0  37   0  10   0   0  18   0   0   0   0  35   0  0.77 0.12
  107 C     1  -4  -4  -4  10  -4  -4  -3  -4  -2  -2  -4  -2  -3  -4  -1  -2  -3  -3  -2   11   0   0   0  89   0   0   0   0   0   0   0   0   0   0   0   0   0   0   0  1.74 0.18

                      K         Lambda
Standard Ungapped    0.1383     0.3165
Standard Gapped      0.0376     0.2670
PSI Ungapped         0.1228     0.3166
PSI Gapped           0.0376     0.2670
