
Last position-specific scoring matrix computed, weighted observed percentages rounded down, information per position, and relative weight of gapless real matches to pseudocounts
            A   R   N   D   C   Q   E   G   H   I   L   K   M   F   P   S   T   W   Y   V   A   R   N   D   C   Q   E   G   H   I   L   K   M   F   P   S   T   W   Y   V
    1 L    -2  -4  -5  -5  -3  -4  -5  -5  -5   5   2  -4   1  -1  -4  -4  -2  -4  -3   4    0   0   0   0   0   0   0   0   0  41  18   0   2   1   0   0   0   0   0  37  0.86 0.30
    2 V    -3  -3  -4  -4  -4   6  -3  -5  -4   0  -2  -2  -1  -4  -5  -2  -2   1  -4   5    0   1   0   0   0  37   0   0   0   2   1   1   1   0   0   2   1   2   0  52  1.16 0.55
    3 M    -4  -5  -6  -6  -4  -5  -5  -6  -6   1   4  -5   5  -1  -6  -3  -2  -5  -4   4    0   0   0   0   0   0   0   0   0   7  43   0  16   2   0   2   1   0   0  29  1.06 0.50
    4 T    -3  -2  -4  -4  -5   2  -1  -5  -3   0  -3  -2  -4  -5  -5  -1   6  -6  -5   1    1   2   0   0   0  11   4   0   1   5   1   2   0   0   0   3  60   0   0   9  1.14 0.62
    5 Q    -6  -4  -5  -5  -8   9  -1  -7  -3  -3  -5  -3  -1  -4  -3  -5  -5  -7  -6  -4    0   0   0   0   0  87   3   0   0   2   1   1   2   1   1   0   0   0   0   1  2.55 1.08
    6 T    -1  -3   0  -2  -4  -1  -2   0   1  -4  -2  -3  -2  -5   4   4   3  -3  -4  -2    3   0   4   1   0   3   1   6   3   0   3   0   1   0  17  35  18   0   0   2  0.63 0.41
    7 P    -3  -5  -5  -1  -6  -1   1   1  -4  -7  -7  -1  -6  -7   8  -3  -3  -7  -6  -5    1   0   0   4   0   3   8  11   0   0   0   4   0   0  63   2   1   0   0   0  1.75 0.75
    8 S     2   2  -1  -1  -3   0  -1   0  -1  -2  -1   1  -1  -3   1   2   0  -4  -3  -2   18  12   1   2   0   4   3   8   2   1   5  10   1   1   6  19   5   0   0   2  0.22 0.21
    9 S     0  -1   0   0  -1  -1   1  -2   1  -2  -1  -1  -3   1  -2   4   0   0   1  -1    8   2   4   4   1   1   9   2   3   2   5   2   0   7   1  34   3   1   5   5  0.26 0.27
   10 L    -2  -1  -3  -4  -4  -1  -1  -5  -3   1   3  -2   1  -3  -5  -3  -1  -5  -4   4    3   3   1   1   0   3   4   0   1   7  31   3   3   0   0   1   3   0   0  36  0.60 0.37
   11 S     0  -2   0  -1  -3  -1   0  -3  -3   0   0   0   0  -3  -1   3   2  -4  -3   0    5   1   4   2   0   2   5   0   0   6  11   6   2   1   2  30  12   0   1   8  0.25 0.25
   12 A     2  -1  -4  -5  -4  -3  -3   0  -5  -1  -2  -1  -2  -3  -4  -2   1  -2  -4   5   18   4   0   0   0   1   2   8   0   2   2   4   0   1   0   2   7   1   0  48  0.70 0.44
   13 S     1   0  -2  -3  -4   3  -1  -2  -3  -2  -3   3  -3  -4   1   2   2  -2  -4  -1   11   3   1   0   0  15   3   2   0   2   2  20   0   1   6  19  11   1   0   3  0.42 0.35
   14 L    -1   0  -5  -4  -5  -2   2  -5  -5  -2   1  -1  -1  -5   6  -2   1  -6  -5   1    6   5   0   0   0   1  12   0   0   2  16   3   1   0  34   1   8   0   0  10  0.72 0.44
   15 G    -4  -5  -1  -4  -7  -5  -5   7  -3  -8  -8  -4  -4  -8  -7   0  -3  -7  -7  -8    0   0   3   1   0   0   0  84   1   0   0   1   0   0   0   6   2   0   0   0  2.13 0.89
   16 E     1  -1  -2   2  -5   4   3   2   0  -5  -4  -1  -1  -4  -4   0  -1  -6  -5  -4   12   2   1  11   0  22  18  17   2   0   1   2   2   1   0   7   3   0   0   0  0.57 0.40
   17 R    -2   2   1  -2  -5  -1  -2  -4  -4  -3  -3   0   0  -6  -1   4   4  -6  -5  -4    3  10   6   2   0   2   2   0   0   1   2   5   2   0   4  35  25   0   0   0  0.70 0.50
   18 V     3  -5  -6  -6  -4  -5  -6  -6  -2   1   2  -4  -1  -4  -6  -4  -3  -6  -5   6   24   0   0   0   0   0   0   0   1   5  16   1   1   0   0   1   1   0   0  50  1.10 0.59
   19 S    -3   2   0  -3  -5   0   1  -5  -4  -2  -2   2   0  -4  -4   2   4  -6  -5  -1    1  11   4   1   0   3  10   0   0   2   3  15   2   1   0  13  31   0   0   4  0.57 0.43
   20 L    -5  -6  -7  -8  -5  -6  -7  -8  -7   4   5  -7   3   2  -7  -6  -5  -6  -4   0    0   0   0   0   0   0   0   0   0  23  59   0   7   8   0   0   0   0   0   4  1.45 0.67
   21 T    -3   1   1  -3  -5   0  -2  -5   1  -4  -4  -1  -5  -6   0   4   4  -2  -3  -2    1   8   6   1   0   3   2   0   3   1   1   4   0   0   4  33  30   1   1   2  0.75 0.52
   22 C    -6 -10  -9 -10  12  -9 -10  -9  -9  -7  -7  -9  -7  -9  -9  -7  -7  -8  -9  -7    0   0   0   0 100   0   0   0   0   0   0   0   0   0   0   0   0   0   0   0  4.76 1.56
   23 R     0   2  -1  -1  -4   2   1  -1  -1  -1  -3   2  -3  -3  -3   1   3  -3  -2  -2    8  11   2   2   0   8   8   4   1   4   2  15   0   1   0  12  18   0   1   3  0.29 0.26
   24 A     4  -4  -3  -4  -4  -2  -4   0  -2  -1  -1  -4  -2   1  -2   0   0  -4   2   2   37   0   1   1   0   2   0   6   1   2   7   0   1   5   2   7   5   0   8  16  0.45 0.35
   25 S    -2  -3  -1  -1  -4  -1  -1  -4  -3   0  -1  -1  -2  -5  -2   6   1  -6  -1  -4    1   1   3   4   0   2   3   1   1   5   6   4   1   0   2  55   9   0   2   0  0.84 0.56
   26 Q    -2  -2   1  -3  -5   3  -1   3  -4  -1  -2  -1  -2  -4  -4   2   3  -5  -3  -2    2   1   6   0   0  15   3  21   0   3   3   4   1   1   0  19  18   0   1   2  0.45 0.38
   27 D    -2  -3   1   2  -4  -2  -2   1  -1  -3  -1  -2  -4   3  -2   4   0  -4   0  -3    2   1   8  10   0   2   2  11   1   1   6   2   0  12   2  31   5   0   3   1  0.37 0.33
   28 I    -1  -1  -1  -3  -3  -2  -2  -1   2   2   0  -1   0  -1   2   0   3  -4  -1   1    5   3   2   0   0   1   1   5   6  12   9   4   2   2  10   6  20   0   2   9  0.20 0.21
   29 G    -1  -1   0   0  -4  -1  -2   1   1  -2  -2  -2  -3   1   2   3   0  -4   1  -2    3   3   5   6   0   3   2  11   3   2   3   2   0   7   9  30   5   0   4   3  0.29 0.28
   30 N    -2  -2   2  -1  -4   0  -2  -1   1  -2  -3  -1  -2  -1   3   2   2  -1   4  -2    1   1  11   3   0   3   1   5   3   2   2   3   1   2  14  15  13   1  16   3  0.37 0.33
   31 N    -1  -1   2  -1  -3   0  -3   1   1  -2  -4  -2  -4   0  -4   1  -1   4   6  -2    5   4   9   3   0   4   0   9   3   3   1   2   0   3   0  12   4   5  28   2  0.54 0.40
   32 L    -1  -5  -6  -6   2  -5  -6  -6  -5   4   2  -3   6   1  -4  -4  -4   2  -2   3    4   0   0   0   4   0   0   0   0  19  21   2  21   6   1   1   0   3   1  17  0.85 0.47
   33 N     0  -1   2  -2  -3   1  -1  -2   5  -2  -2  -2  -2   1  -4   2   0  -2   3  -4    8   2  12   2   0   6   4   3  13   2   3   2   1   6   0  17   6   0  12   0  0.37 0.32
   34 W    -8  -8  -9  -9  -8  -8  -8  -8  -8  -8  -5  -8  -7  -5  -9  -8  -8  13  -4  -8    0   0   0   0   0   0   0   0   0   0   1   0   0   0   0   0   0  97   0   0  5.21 1.73
   35 I    -4  -3  -5  -4  -2  -5  -5  -6  -2   1   1  -2  -1   4  -4  -4  -4  -3   7   3    1   1   0   1   1   0   0   0   1   7  11   2   1  13   1   1   0   0  37  19  1.07 0.54
   36 Q    -4   6  -2  -4  -5   5  -3  -5  -2  -4  -2   1  -4   0  -4  -2  -2  -5  -3  -1    1  39   1   0   0  26   1   1   1   0   5   8   0   4   0   3   3   0   1   5  0.99 0.55
   37 Q    -3  -1  -2  -3  -6   8   0  -4   3  -5  -4  -1  -2  -6  -2  -2  -3  -5  -5  -5    2   2   1   1   0  66   5   2   6   0   2   2   1   0   2   2   2   0   0   1  1.67 0.81
   38 K     1   2   1   0  -4   0  -1  -2   1  -3  -3   4  -2  -2   1  -1  -1   0   0  -3   12  10   6   5   0   3   1   3   3   1   3  30   1   1   7   4   3   1   3   2  0.34 0.27
   39 P    -1  -3   0  -2  -5   0  -2  -3  -1  -2  -2  -1  -1  -5   7  -1  -1  -1  -5  -3    5   1   4   2   0   4   3   2   2   2   5   4   1   0  52   5   3   1   0   2  1.13 0.54
   40 D     0  -3   1   1  -6  -1  -1   6  -3  -5  -6  -4  -3  -6  -5   1  -4  -6  -6  -5    6   1   6   7   0   3   4  61   1   1   0   0   1   0   0   9   0   0   0   1  1.24 0.61
   41 G    -2   1   1  -2  -5   4   0   0   1  -5  -4   4  -2  -5   0   1  -1  -5  -2  -4    3   6   6   1   0  21   4   8   3   0   1  25   1   0   5   9   3   0   1   1  0.54 0.40
   42 T     1   0  -1  -1  -3   2  -1   4  -1  -3  -3  -1  -4  -4   2   0   0  -5  -2  -2   14   5   3   3   0   9   4  28   1   1   2   3   0   0   9   7   6   0   1   2  0.36 0.27
   43 I    -4  -5  -2  -1  -2  -4  -2  -1  -5  -1   3  -4   0  -1   6  -2  -4  -5  -4  -2    1   0   2   3   1   1   2   5   0   4  31   0   2   3  39   3   0   0   0   2  0.97 0.52
   44 K    -2   2  -3  -1  -5   2   4  -3   0  -2  -3   3  -3  -5  -3  -1   0  -5  -2  -1    3  11   0   2   0  10  29   2   2   2   2  20   0   0   1   3   6   0   1   5  0.55 0.37
   45 R    -3  -2  -3  -3  -4  -2  -1  -2   1  -2   3  -2  -3   3  -3  -3  -1   9   1  -2    2   2   1   2   0   1   4   3   4   2  27   3   0  11   2   2   3  25   4   2  0.88 0.45
   46 L    -3  -4  -5  -5  -4  -4  -3  -4  -5   3   5  -4   2   0  -4  -4  -3   1  -3   1    2   1   0   1   0   0   2   1   0  16  53   1   5   3   1   1   1   2   0   9  0.90 0.44
   47 I     0  -4  -3  -3  -2  -4  -3   1   1   6   0  -4   1   0  -2  -2  -1  -4  -2   0    7   0   1   1   1   0   1  10   4  43   8   1   4   4   2   3   3   0   1   5  0.58 0.35
   48 Y    -3  -1  -1  -3  -5  -2  -3  -1  -2  -3  -1   1  -3   0  -4   0  -2   1   8  -4    2   4   3   1   0   2   2   5   1   1   6   7   0   3   1   7   3   2  49   1  1.08 0.57
   49 A     0   0  -1  -1  -3   0  -1   1   0   1  -1  -1  -1   1  -1   0  -1  -1   3   0    6   5   3   4   0   4   4  11   2   9   7   3   1   6   3   9   2   0  14   5  0.08 0.11
   50 T     1   0   2   1  -3   0   0   0  -1  -2  -3  -1  -1   0  -1   2   1  -3   0  -2   15   5  10   9   0   4   4   7   1   3   1   2   1   4   2  15  10   0   3   3  0.16 0.16
   51 S    -2  -2   2   0  -4  -2  -2   0  -4  -3  -3  -2  -3  -4   0   5   2   2  -1  -2    1   2  10   5   0   1   2   7   0   1   2   1   0   0   4  42  13   3   2   2  0.62 0.44
   52 S    -2   0   4   1  -4   1   0  -1   0  -3  -3   0  -3  -2   0   2   1  -4   0  -4    2   5  20   7   0   7   6   5   2   1   3   6   0   2   5  16  10   0   4   0  0.30 0.25
   53 L    -1   3  -3  -2  -4   0  -1  -2  -1  -1   2   1  -1  -1  -3   0  -1   0   4  -1    3  15   1   2   0   3   4   3   1   2  23   7   1   1   1   8   3   1  16   4  0.28 0.26
   54 D     2  -2   1   0  -3   0   1   0   1  -1  -2  -1  -3  -2   2   0   0  -4   0  -1   20   1   9   6   0   4   9   7   4   3   3   2   0   2  10   7   6   0   3   4  0.18 0.18
   55 S     0  -1   0   1  -4   1   0   0  -3  -3  -4   2  -2  -5   2   3   0  -5  -2  -4    6   2   5   9   0   7   5   6   0   2   0  11   1   0  12  27   6   0   1   0  0.39 0.31
   56 G     0  -1   0  -1  -5  -3  -1   5   1  -5  -4  -1  -3  -5  -3   1  -1   1   0  -4    6   4   4   3   0   0   3  48   3   0   2   3   1   0   1  10   4   2   3   1  0.74 0.42
   57 V    -1  -4  -2  -3  -3  -1  -2  -3  -1   2   1  -2   0   2  -3  -2   1  -3   1   4    6   0   2   1   0   2   2   1   1  12   9   2   1  10   1   3   8   0   4  33  0.38 0.27
   58 P    -2  -1  -1   0  -5   1   0  -3   0  -4  -4   3  -4  -3   6   1  -3  -5  -3  -5    2   3   3   5   0   6   7   1   2   1   1  18   0   1  37  10   1   0   1   0  0.86 0.47
   59 K     1   0  -1   3  -2   0   1   2  -3  -4  -4   1  -3  -4  -1   2  -2  -4  -4  -2    9   5   2  15   1   3  10  17   0   0   1   8   0   0   3  20   1   0   0   3  0.36 0.27
   60 R    -4   8  -4  -5  -6  -2  -2  -3  -1  -6  -3   2  -5  -6  -6  -5  -2  -6  -5  -3    1  72   0   0   0   1   2   2   1   0   3  10   0   0   0   0   3   0   0   2  1.85 0.82
   61 F    -4  -4  -6  -6  -5  -5  -4  -5  -3   3  -1  -4  -1   8  -3  -4  -2  -3   1   0    1   1   0   0   0   0   1   1   1  16   5   1   1  55   2   1   2   0   3   6  1.39 0.62
   62 S    -2  -1  -1  -2  -4  -1  -1  -3  -4  -1  -4   1  -2  -5  -3   5   4  -6  -5  -2    2   3   2   2   0   2   3   2   0   4   1   8   1   0   1  41  26   0   0   2  0.77 0.52
   63 G     1  -3   0  -3  -4  -3  -2   4  -4   3  -1  -4  -1  -2  -3  -2  -3  -5  -3   2   13   1   4   1   0   1   2  35   0  15   5   0   2   2   1   2   0   0   1  14  0.54 0.35
   64 S    -1  -2  -1   1  -4  -1  -1  -3  -1  -3  -2   0  -2  -1  -4   5   1   2  -4  -3    4   2   3   8   0   3   3   1   1   1   5   4   1   3   0  48   8   3   0   2  0.66 0.48
   65 R    -2   4  -1  -1  -5   1  -1   2  -2  -4  -3   3   0  -3  -1   0   1  -5  -2  -3    1  21   3   3   0   6   2  17   1   0   2  19   2   1   3   6   8   0   1   1  0.41 0.31
   66 S    -2  -1   2   4  -5  -1  -1  -4  -1  -3  -3  -2  -3  -5  -1   5   0  -6  -3  -5    2   3   9  23   0   2   3   0   1   2   3   2   1   0   3  40   4   0   1   0  0.77 0.51
   67 G     1  -1   2   0  -4   0  -2   4  -3  -3  -3   0  -3  -5  -1   1   1  -5  -5  -3   10   2  11   4   0   4   2  34   0   1   2   6   0   0   3  10   7   0   0   1  0.48 0.33
   68 S     0  -1   2   0  -4  -2  -1   0  -1  -4  -3  -1  -2  -5  -3   4   4  -1  -4  -3    7   3  10   4   0   1   4   7   1   0   2   3   1   0   1  29  25   1   0   1  0.53 0.40
   69 D    -2   1   1   3  -4   1   0  -3   1  -2  -1   2  -2  -3  -2   0   2  -4  -2  -3    3   6   8  18   0   7   5   1   4   2   6  13   1   1   1   6  16   0   1   1  0.29 0.24
   70 Y     2  -2   1  -4  -2  -4  -3  -3  -3  -2   0  -4  -3   6  -2   0  -2  -3   3   0   17   2   7   0   1   0   2   2   0   2   7   0   0  33   2   6   2   0   9   7  0.58 0.37
   71 S    -1  -4  -2  -3  -4  -1  -3  -3   2  -2  -4  -4  -4   1  -2   3   4  -4   4  -1    4   0   1   1   0   3   1   1   5   2   1   0   0   5   2  26  29   0  14   4  0.68 0.47
   72 L    -6  -7  -8  -4  -6  -6  -7  -8  -7   2   6  -7   4  -2  -7  -7  -3  -6  -5  -3    0   0   0   1   0   0   0   0   0   9  79   0   8   1   0   0   1   0   0   0  1.79 0.82
   73 T    -3   1   1  -2  -3   3   1  -4   1   1  -3   1  -4  -3  -4  -1   5  -5  -2  -2    1   6   7   1   0  14   8   0   4   7   2   9   0   1   0   3  33   0   1   2  0.56 0.43
   74 I    -5  -6  -7  -7  -5  -6  -4  -8  -7   7   3  -3   5  -1  -7  -6  -5  -1  -5  -1    0   0   0   0   0   0   1   0   0  54  22   2  15   2   0   0   0   1   0   2  1.55 0.72
   75 S    -2   0   3  -1  -3   2  -1  -3   1  -4  -3   0  -1  -6  -1   4   2  -6  -5  -3    2   6  12   2   0   8   3   1   3   0   2   4   1   0   3  37  11   0   0   1  0.57 0.45
   76 S    -1   2   4   2  -4  -3  -2   1   1  -6  -5  -1  -5  -6  -1   4  -2  -6  -3  -5    4  11  18  10   0   0   2  10   3   0   1   3   0   0   3  32   1   0   1   0  0.65 0.46
   77 L     0  -6  -6  -6  -4  -5  -6  -6  -6   1   4  -5   2   0  -5  -2  -2  -5  -4   4    8   0   0   0   0   0   0   0   0   7  44   0   5   4   0   3   2   0   0  27  0.91 0.51
   78 E    -3   3  -2  -1  -6   5   2  -3   0  -4  -5   2  -4  -6  -4  -1   2  -6  -5  -5    1  17   2   2   0  26  15   1   2   1   1  12   0   0   1   4  15   0   0   0  0.77 0.52
   79 S     2  -2  -4  -3   2  -1  -1  -3  -4  -1   0  -1  -1  -1   4   2   0  -2  -2   0   17   2   0   0   4   2   3   0   0   3   8   4   2   3  21  15   6   1   1   7  0.35 0.29
   80 E     1  -3   0   1  -6   0   6  -1  -2  -6  -6  -2  -4  -7  -3   1  -3  -7  -6  -3   11   1   4   6   0   4  52   5   1   0   0   2   0   0   1   9   1   0   0   2  0.99 0.61
   81 D    -7  -7   0   9  -8  -3  -2  -6  -6  -8  -9  -6  -8  -8  -7  -5  -6  -9  -8  -8    0   0   3  92   0   1   2   0   0   0   0   0   0   0   0   0   0   0   0   0  2.85 1.16
   82 F     1  -4  -1  -1  -4  -1   2  -3  -4  -3  -4  -3   0   0  -4   3   4  -5  -4  -1   13   0   2   3   0   3  15   1   0   1   1   0   3   4   0  23  27   0   0   4  0.59 0.46
   83 A     5  -4  -5  -2  -5  -3  -4   5  -6  -6  -6  -5  -6  -7  -5  -1  -3  -7  -6  -5   50   1   0   2   0   1   1  40   0   0   0   0   0   0   0   3   1   0   0   0  1.44 0.73
   84 D    -3  -3  -3   1  -4  -3  -1  -5  -3   2  -1  -3   2  -2  -5  -1   4  -5   1   3    1   1   1   9   0   1   5   0   0  11   5   1   6   1   0   5  27   0   6  21  0.49 0.38
   85 Y    -7  -7  -7  -8  -7  -6  -7  -8  -2  -6  -4  -7  -6  -1  -8  -7  -7  -3  10  -6    0   0   0   0   0   0   0   0   1   0   2   0   0   1   0   0   0   0  94   0  3.54 1.30
   86 Y    -4  -4  -5  -6  -6  -2  -3  -5   0   1  -1  -4  -4   4  -6  -3   0  -3   8  -1    1   1   0   0   0   2   2   1   2   7   5   1   0  18   0   2   7   0  48   4  1.40 0.66
   87 C    -6  -8  -8  -8  12  -8  -8  -8  -8  -7  -7  -8  -7  -8  -8  -6  -6  -7  -8  -6    0   0   0   0  98   0   0   0   0   0   0   0   0   0   0   0   0   0   0   0  4.53 1.46
   88 L     4  -3  -3  -2  -3   3   1   0  -1  -3  -1  -2   2  -5  -4   0  -2  -5  -4   0   37   0   0   2   0  16   8   6   2   0   6   1   5   0   0   5   1   0   0   8  0.50 0.40
   89 Q     1   3  -3  -3  -4   3  -1  -1  -1  -1  -1   0  -1  -4  -3   1   0  -5  -4   2   10  20   0   0   0  12   3   4   1   3   6   4   1   0   0   9   5   0   0  20  0.30 0.28
   90 H    -2  -1   0  -1  -3  -1  -1   1   0   0  -1  -3   0   1  -3   1   0   5   3   0    2   2   4   3   0   2   5  13   2   5   6   0   2   6   0  15   6   8  11   6  0.21 0.20
   91 D    -1  -2   4   2  -4  -1  -2   1   1  -2  -2  -2  -3  -1  -2   2   0  -1   3  -3    4   1  22  13   0   2   1  10   3   2   4   1   0   2   1  13   6   1  10   1  0.36 0.30
   92 T     0  -1   2   0  -4  -1   0   1   0  -3  -2   0  -3  -2  -2   3   1  -4   1  -3    6   2  12   3   0   2   7  11   2   1   3   5   0   1   1  27   8   0   6   0  0.29 0.26
   93 F     0  -1   1  -1  -3  -1   0  -2   0  -1   0  -1   0   1   1   1   0   1   3   0    5   3   7   3   0   1   5   3   2   4   8   4   2   6   9  12   4   2  15   7  0.12 0.14
   94 P    -1  -1   0  -1  -4  -1   1   1   0  -2  -3  -1  -1   0   4  -1   0  -2   1  -1    4   3   4   2   0   2  11  13   2   2   2   4   2   4  25   3   6   0   6   4  0.35 0.24
   95 L    -2  -1  -1   0  -3   0  -1  -2  -1   0   1  -1   2   2  -1  -2  -1   3   3   1    2   3   3   8   0   5   3   2   1   5  18   3   7   7   3   2   2   4  13  10  0.17 0.16
   96 T    -3  -4  -2  -1  -4  -2  -1  -2  -1  -1  -2  -1  -2   0  -4   0   4   3   5   2    1   0   2   3   0   1   3   3   2   3   3   4   0   3   0   8  25   3  19  17  0.45 0.35
   97 F    -6  -6  -6  -4  -6  -4  -6  -7  -1  -5  -3  -6  -4   8  -7   0  -2   7   1  -3    0   0   0   1   0   1   0   0   2   0   1   0   0  64   0   8   3  16   3   1  2.10 0.82
   98 G    -1  -6  -2  -5  -6  -6  -6   7  -6  -8  -8  -5  -7  -7  -6  -1  -5  -1  -7  -7    4   0   2   0   0   0   0  89   0   0   0   0   0   0   0   5   0   1   0   0  2.24 0.82
   99 G     1  -1  -1  -2   0   3   0   3  -3  -5  -5   1  -4  -5   2   2   1  -5  -4  -4    9   1   2   1   2  17   4  21   0   0   0   9   0   0   9  14  11   0   0   0  0.45 0.32
  100 G     0  -3  -4  -5  -6  -6  -6   7  -6  -7  -7  -5  -6  -7  -6  -4  -5  -7  -7  -5    8   2   0   0   0   0   0  90   0   0   0   0   0   0   0   0   0   0   0   1  2.25 0.81
  101 T    -4  -5  -4  -5  -5  -5  -5  -6  -6  -5  -6  -5  -5  -6  -5   0   8  -7  -6  -4    0   0   0   0   0   0   0   0   0   0   0   0   0   0   0   4  96   0   0   0  2.49 0.96
  102 K    -3   3  -1  -2  -4   0   2  -4  -1  -3   1   4   0  -3  -3  -1   2  -5  -4  -3    0  18   3   0   0   3  14   0   1   0  14  25   3   1   1   3  14   0   0   0  0.46 0.31
  103 L    -4  -5  -6  -7  -4  -5  -6  -7  -6  -1   5  -6   0  -3  -6  -5  -4  -5  -4   5    0   0   0   0   0   0   0   0   0   0  61   0   1   0   0   0   0   0   0  38  1.40 0.58
  104 E    -2  -2  -3  -3  -4  -2   2  -4  -2  -1  -1  -1  -3  -2  -4   1   5  -4   1   1    1   1   0   0   0   1  14   0   1   3   6   3   0   2   0   9  44   0   4  10  0.58 0.38
  105 I    -4  -6  -6  -7  -4  -6  -6  -7  -7   3   0  -6  -2  -4  -6  -5  -3  -6  -5   7    0   0   0   0   0   0   0   0   0  13   6   0   0   0   0   0   0   0   0  81  1.76 0.66
  106 K    -2   4  -2  -2  -5   0   2  -3  -2  -5  -4   6  -3  -5  -3  -2  -2  -5  -3  -4    0  19   0   0   0   0  14   0   0   0   0  67   0   0   0   0   0   0   0   0  1.06 0.30
  107 R    -2   6  -1  -2  -4   3   0  -3  -1  -4  -3   3  -2  -4  -3  -1  -2  -4  -3  -3    0  74   0   0   0  13   0   0   0   0   0  12   0   0   0   0   0   0   0   0  0.95 0.14

                      K         Lambda
Standard Ungapped    0.1306     0.3140
Standard Gapped      0.0515     0.2670
PSI Ungapped         0.1682     0.3177
PSI Gapped           0.0515     0.2670
