
Last position-specific scoring matrix computed, weighted observed percentages rounded down, information per position, and relative weight of gapless real matches to pseudocounts
            A   R   N   D   C   Q   E   G   H   I   L   K   M   F   P   S   T   W   Y   V   A   R   N   D   C   Q   E   G   H   I   L   K   M   F   P   S   T   W   Y   V
    1 D    -7  -7  -4   9  -9  -6  -4  -7  -7  -9  -9  -6  -9  -9  -7  -6  -6 -10  -9  -9    0   0   0 100   0   0   0   0   0   0   0   0   0   0   0   0   0   0   0   0  3.30 1.14
    2 W     0  -7  -6  -6  -3  -6  -7   6  -3   0  -5  -6  -4  -1  -7  -5  -4   8   1   0    6   0   0   0   1   0   0  53   1   7   0   0   0   2   0   0   1  18   4   6  1.56 0.68
    3 I     0   0  -3  -1  -3   1   1  -3  -2   3   1  -2   0  -1  -2  -1   0  -1   2   0    9   4   0   2   0   6   9   1   1  25  11   2   2   1   2   3   6   1   8   6  0.19 0.19
    4 G    -2  -7  -5  -6  -7  -6  -7   8  -7  -8  -8  -6  -7  -8  -7  -5  -6  -7  -7  -8    2   0   0   0   0   0   0  97   0   0   0   0   0   0   0   0   0   0   0   0  2.72 0.91
    5 F     0  -6  -6  -7  -3  -3  -6  -6  -1   2   3  -6   2   7  -6  -5  -5  -4   2  -1   10   0   0   0   1   2   0   0   1  10  23   0   5  41   0   0   0   0   5   2  1.11 0.49
    6 L     0  -1  -4  -3   0  -4  -3  -3  -4   3   1  -1   0   0  -5  -2  -1   0   0   4    8   4   0   1   2   0   2   1   0  15  15   5   2   4   0   2   3   2   4  32  0.39 0.26
    7 K     2   4   1  -1  -2   1   0  -3   1  -3  -1   1  -1  -3  -4   1  -1  -4   1  -3   16  22   6   3   1   7   4   1   3   1   5   9   1   0   0  12   3   0   5   1  0.33 0.25
    8 S     2  -4   1   4   2  -2  -2  -1  -3  -4  -3  -3   0  -5   2   3  -2  -6  -5  -3   19   0   7  21   5   1   1   4   0   1   3   1   3   0  10  22   2   0   0   1  0.54 0.35
    9 L    -3  -6  -7  -8  -5  -6  -7  -8  -7   3   6  -7   0   1  -7  -6  -5  -6  -5  -3    2   0   0   0   0   0   0   0   0  12  79   0   2   4   0   0   0   0   0   1  1.76 0.70
   10 K     0   3  -2   0  -5   2   3  -3   0  -2  -1   4  -2  -4  -4  -1  -2  -5  -3  -3    7  14   1   5   0   9  19   1   2   2   6  25   1   0   0   3   2   0   0   2  0.49 0.32
   11 S    -1   3   2   1  -5   3   3  -4   1  -5  -4   2  -3  -4  -1   0  -2  -6  -3  -3    6  16  10   6   0  11  18   1   4   0   1  13   0   1   3   7   2   0   0   2  0.49 0.32
   12 L     0   0   1  -2  -1   0   0   0   2   2   1  -1   0   0  -3  -1  -2  -1   1   0    9   4   6   1   1   3   8   8   5  16  17   3   1   3   0   3   1   1   5   4  0.08 0.12
   13 I     0  -2   1  -1  -2  -1  -2   2   1  -1   0  -1  -1   3  -2  -1  -1  -2   0  -2    8   2   7   4   1   2   2  20   4   3  11   3   1  17   2   4   3   0   3   2  0.19 0.17
   14 P    -1  -2  -3  -1  -1  -2   0   2  -2   0  -1  -2  -1   1   3   0  -2   1  -1   1    3   1   0   4   1   1   7  20   1   6   4   2   1   7  13   7   1   2   2  14  0.22 0.18
   15 E    -1   0   2   4  -3  -1   1   0  -1  -1  -2  -1  -2  -4   0   2  -1  -3  -3  -2    4   4  10  25   0   3   9   7   1   5   3   3   1   0   5  14   4   0   0   2  0.32 0.23
   16 V    -1  -2  -3  -3  -4  -3  -3  -4  -3   3   4  -2   0   0   0  -3  -2   4  -2   1    4   2   1   2   0   1   1   1   1  16  41   2   1   3   4   1   2   7   1  11  0.54 0.31
   17 K     1   2   1   0  -3   1   2  -1  -1  -3  -3   2  -3  -4   0   2   0  -5  -4  -3   13   9   5   4   0   5  13   3   1   2   1  16   0   0   4  15   6   0   0   1  0.29 0.23
   18 E    -1  -2   2   3  -2   1   1   4  -1  -4  -3  -1  -2  -5  -2   0  -1  -5  -2  -4    4   1  11  15   1   5   8  33   1   1   2   3   1   0   2   5   4   0   1   1  0.49 0.30
   19 K     0   3  -1  -1  -2   2   0  -2  -1  -2  -2   5  -2  -3  -3   0   0  -4  -2  -3    7  15   3   3   1   8   4   2   1   2   3  35   1   1   0   6   7   0   1   2  0.48 0.31
   20 S    -1   4   2  -2  -4   0  -2  -3   1  -2  -3   2  -2  -3   1   1   2  -5  -2  -2    3  23  12   1   0   4   1   1   4   3   1  13   0   1   6  11  14   0   1   2  0.44 0.30
   21 I     3  -5  -5  -5  -1  -4  -5  -2  -5   4  -1  -4   1  -1  -3  -2  -2  -5  -4   4   22   0   0   0   1   0   0   3   0  26   4   0   4   2   1   2   1   0   0  33  0.75 0.40
   22 L    -1  -5  -5  -6   0  -4  -5  -3  -5   0   5  -5   2  -1  -5  -3   0  -4  -3   3    6   0   0   0   2   0   0   2   0   3  55   0   4   2   0   1   5   0   0  19  0.84 0.42
   23 V    -4  -5  -5  -6  -4  -1  -5  -6  -5   5   3  -5   0   1  -5  -5  -2  -5  -3   4    0   0   0   0   0   3   0   0   0  29  24   0   2   5   0   0   1   0   0  35  0.99 0.45
   24 L    -1  -5  -5  -6  -2  -5  -5  -6  -3   4   4  -5   0   0  -5  -4  -1  -1  -3   3    4   0   0   0   1   0   0   0   1  29  34   0   1   4   0   0   4   1   0  19  0.84 0.40
   25 G    -2  -6  -4  -5  -6  -6  -6   7  -6  -7  -7  -5  -6  -7  -6  -4  -5  -6  -7  -7    2   0   0   0   0   0   0  96   0   0   0   0   0   0   0   0   0   0   0   0  2.58 0.89
   26 A     6  -5  -2  -5  -4  -4  -4   0  -5  -3  -2  -4  -1  -4  -4   1  -1  -5  -3  -3   70   0   2   0   0   0   0   6   0   1   4   0   1   1   0   9   3   0   1   1  1.21 0.59
   27 G    -3  -6  -4  -3  -6  -5  -6   7  -6  -7  -7  -5  -6  -6  -6  -3  -3  -6  -6  -6    2   0   0   2   0   0   0  91   0   0   0   0   0   0   0   1   1   0   0   0  2.35 0.83
   28 G    -2  -2  -3  -2  -5  -2   3   6  -3  -5  -4   0  -3  -5  -3  -2  -4  -5  -5  -3    3   2   0   1   0   1  23  54   1   0   2   7   1   0   1   2   0   0   0   2  1.10 0.50
   29 A     4  -5  -5  -5  -4  -3  -5  -3  -5   1  -3  -4   7  -5  -5   0   3  -5  -5  -1   37   0   0   0   0   1   0   1   0   7   1   0  26   0   0   5  15   0   0   3  1.07 0.57
   30 S     4  -4  -3  -4   0  -4  -4   3  -5   1  -4  -3  -4  -5  -4   2  -1  -5  -5   0   41   0   1   0   2   0   0  21   0   8   1   1   0   0   0  16   3   0   0   5  0.79 0.46
   31 R    -2   6  -2  -4  -3   0   3  -4  -2  -4  -2   2  -2  -5  -5   0   0  -5  -3  -3    2  42   1   0   1   4  17   1   1   1   5  10   1   0   0   7   5   0   1   2  0.86 0.48
   32 A     4  -4  -3  -3  -2  -4  -4   2  -4  -1   3  -3  -3  -4  -4   0  -1  -5  -4  -2   32   1   1   2   1   0   1  17   0   2  30   1   0   0   0   7   3   0   0   1  0.60 0.39
   33 V     3  -5  -5  -5   2  -5  -5  -3  -5   4  -1  -5  -1  -3  -5  -2  -1  -5  -4   4   25   0   0   0   4   0   0   2   0  20   6   0   1   1   0   2   4   0   0  34  0.84 0.45
   34 I     4  -5  -5  -5   0  -4  -5  -3  -5   4   1  -4  -1  -2  -5  -2  -1  -5  -2   2   35   0   0   0   2   0   0   2   0  24  11   0   1   2   0   2   3   0   1  15  0.72 0.41
   35 Y     1   1  -2  -3  -1   2   0  -2   1  -2  -1   2  -1   2  -1  -1   0  -3   3  -2   11   7   2   1   1   9   7   2   3   1   6  13   2   9   2   3   7   0  12   2  0.20 0.20
   36 A     3  -2   0  -4  -4   1  -1   0   6  -3  -3  -3  -2  -3   2  -1  -1  -5   2  -3   30   2   5   0   0   6   3   6  20   1   2   1   1   1   9   3   3   0   6   2  0.63 0.40
   37 L    -1  -6  -3  -7  -1  -6  -6  -4  -6  -1   6  -6   1   2  -6  -6  -5  -5  -3  -2    6   0   2   0   2   0   0   1   0   2  74   0   3   6   0   0   0   0   1   1  1.43 0.64
   38 V     2   0  -2  -3   0   0  -2  -2   3   1   2   0   0  -2  -3  -1  -1  -4   0   1   18   5   1   1   2   3   1   2   8   9  21   7   2   1   1   4   2   0   3   8  0.19 0.19
   39 K     0   2   1   1  -3   2   2  -1  -1  -2  -2   2  -2  -2  -3   1   0  -4  -3  -3    9  10   6   8   0   8  14   4   1   2   4  14   0   2   1  10   5   0   0   1  0.24 0.20
   40 E     1   0   1   0  -3   2   0  -3   3  -2   1   1   2  -2  -2   0  -1  -4   0  -2   14   4   6   5   0   9   6   1   9   1  13  11   7   1   1   6   2   0   3   2  0.19 0.20
   41 G    -3  -2   2  -3  -3  -1  -4   6  -2  -4  -5  -1  -5  -5   2  -3  -2  -6  -6  -5    1   2   8   1   0   3   1  60   1   1   1   5   0   1  10   1   3   0   0   1  1.21 0.56
   42 A     3  -3  -3  -3   5  -1  -2  -1  -1   0   0  -2  -2  -2   0   0  -2  -4  -1   2   27   1   1   1  12   2   3   3   1   5   8   1   1   1   4   8   1   0   2  19  0.34 0.26
   43 K    -2   4   0  -2  -1   2   1  -3   2  -4  -4   4  -4  -5   0   0   0  -5  -4  -3    3  20   5   2   1   8   9   1   5   1   1  27   0   0   5   6   5   0   0   2  0.56 0.36
   44 V    -4  -4  -6  -6  -4  -5  -5  -6   0   5   2  -4   1  -2  -5  -4  -2  -5  -4   4    0   1   0   0   0   0   0   0   3  39  16   1   3   1   0   1   1   0   0  34  1.11 0.50
   45 F    -1   0  -1  -1   0  -2  -2  -4   1   0   0  -1   0   1  -4  -1   3   1   3   1    3   4   2   3   2   1   1   0   4   6   7   3   2   6   0   4  26   2  12  12  0.27 0.24
   46 L    -2  -6  -6  -2  -4  -5  -6  -4  -6   5   2  -5   0  -2  -6  -5  -4  -1  -4   5    2   0   0   2   0   0   0   1   0  37  16   0   2   1   0   0   0   1   0  38  1.12 0.52
   47 W     3  -4  -2  -4   2  -3  -4  -3  -2   1   1  -3   0   2  -4  -1   1   1   0   2   29   0   1   0   4   0   0   0   1   7  13   1   1  10   0   2   9   2   2  18  0.38 0.28
   48 N    -1  -4   7   2  -5  -3  -3  -1  -3  -5  -6  -2  -2  -6  -5   1  -2  -6  -5  -1    5   0  62   9   0   0   1   5   0   0   0   2   1   0   0   9   1   0   0   4  1.42 0.64
   49 R    -3   8  -4  -2  -7  -2  -4  -6  -4  -3  -3  -2  -5  -6  -6  -3  -5  -6  -6  -6    2  86   0   2   0   1   0   0   0   2   3   0   0   0   0   2   0   0   0   0  2.29 0.88
   50 T    -3  -2   2   1  -1  -2  -4  -3  -5  -5  -4  -2  -5  -6  -5   2   6  -6  -5  -2    1   2  10   7   1   2   0   2   0   0   1   2   0   0   0  15  53   0   0   2  1.16 0.67
   51 K     0   1  -1  -1  -3   0   0  -2   1   0   0   1   0   0   2  -1  -1  -3   1   1   10   8   2   3   0   5   6   1   4   6  10   8   2   5   9   2   3   0   5  11  0.08 0.10
   52 E     1  -1  -1   2  -5   1   4  -2  -1  -3  -3   0  -2  -3  -2   1  -1  -5  -1  -3   15   3   3  10   0   6  30   2   1   2   2   4   1   1   2  12   3   0   2   1  0.43 0.34
   53 K    -3   5   1  -3  -7  -1  -2  -4   0  -6  -4   5  -5  -7  -5   0  -1  -7  -6  -3    2  35   7   1   0   2   1   1   2   0   1  36   0   0   0   6   4   0   0   2  1.15 0.63
   54 A     6  -5  -5  -3  -1  -5  -5   0  -6  -2   1  -2  -1  -2  -3  -1  -3  -6  -5  -1   58   0   0   2   1   0   0   8   0   2  13   2   1   2   1   4   1   0   0   4  0.94 0.58
   55 I     0   1  -1   1  -2   3   3  -1   0  -1  -1   1  -1  -3  -4  -1  -2  -5  -2   0    9   7   3   7   1  12  22   5   2   3   5   8   1   1   0   3   2   0   2   7  0.25 0.24
   56 K     2   1   0   2  -1   2   2  -2  -1  -2  -2   1  -1  -3  -2   0   0  -5  -2  -2   20   7   3  10   1   8  17   3   1   3   3   9   1   1   1   4   5   0   1   1  0.24 0.23
   57 L    -3  -3  -6  -7  -5  -5  -6  -7  -6   1   5  -3   3   2  -6  -6  -5   3  -4   0    2   1   0   0   0   0   0   0   0   8  62   2   6   8   0   0   0   4   0   4  1.24 0.60
   58 A     5  -2  -3  -2   2  -1  -3  -3  -4   0  -3  -1  -4  -1  -2   0  -2  -5  -2   1   52   2   1   2   4   3   1   1   0   5   2   4   0   3   2   5   2   0   1   9  0.68 0.45
   59 Q     1   1   0   1  -2   2   3  -2   0  -3  -2   2  -1  -2  -3   0  -1  -5  -2  -3   12   6   4   8   1  11  20   2   2   1   5  12   1   2   0   7   3   0   1   1  0.30 0.26
   60 K    -1   1   1   2  -2   2   2  -3   1  -2  -1   1  -2  -2  -2   1   0  -4   0  -2    4   9   6  11   1   8  16   1   3   2   7  10   1   1   1   9   5   0   3   2  0.22 0.20
   61 F    -3  -4  -5  -6   0  -3  -4  -2  -1   1   2  -5   1   7  -6  -3  -3   2   2   0    2   1   0   0   2   1   1   3   2   8  16   0   3  41   0   2   2   2   6   7  0.93 0.47
   62 P     0  -2   3   2  -2  -1  -2   4   0  -6  -6  -1  -5  -3   4   0  -1  -6  -5  -5    7   2  12  10   1   3   1  28   3   0   0   3   0   1  20   6   3   0   0   0  0.66 0.41
   63 L     2  -2  -2  -2   1  -1  -1   1  -2   2   1  -1  -1  -1  -2  -2  -1   0  -1   1   17   1   1   1   3   2   5  13   1  15  15   4   1   2   2   2   4   1   1   9  0.15 0.17
   64 E     0   1   1   1  -1   2   3  -3   2   0  -3   1  -2  -3  -2   0   0  -5   0  -1    7   9   6   7   1   7  19   2   6   5   2   9   1   1   1   5   5   0   3   3  0.24 0.22
   65 V     2  -2  -1   0   0  -2  -2   0  -3   1  -1  -2  -1   0  -2   1   0  -1   2   1   19   1   2   7   2   1   1   8   0   8   4   1   1   3   2  11   7   1   7  13  0.16 0.19
   66 V    -1  -2  -1  -3  -2  -2  -2  -1  -1   3   2  -2   0   0  -1  -2  -1   1   0   2    5   2   3   1   1   2   2   4   1  16  21   3   2   4   3   2   4   2   3  18  0.22 0.19
   67 N    -1   0   1   2  -1  -1   1   0   1  -2  -2  -1  -1  -3   1   2   0  -5  -3  -1    6   4   8  13   1   2  10   7   3   2   3   3   1   1   8  14   7   0   1   4  0.19 0.19
   68 S     0  -1  -1   0  -1   1   2  -1   0  -1   1   0   0   0  -3   1   0   3   1  -2    7   3   2   6   1   6  15   3   2   4  13   4   2   4   1  11   6   4   4   2  0.11 0.14
   69 P     2  -2  -2   1  -2  -2   0  -1  -1   0   2  -1   0   1   2  -1  -1  -2  -1  -1   17   2   1   8   1   1   6   4   2   4  20   3   3   7  10   5   2   0   2   3  0.15 0.18
   70 E     1   0   0   2  -3   2   3  -1  -2  -3  -3   0  -2  -2  -1   0  -1   0  -1  -4   11   4   5  13   1   8  21   4   1   1   3   6   1   2   3   8   4   1   2   1  0.31 0.28
   71 E    -1   0   0   2   1   1   4  -2   0   0   0  -1  -1  -2  -3  -1  -1   0  -1  -3    6   5   5  11   3   6  23   4   2   5   8   4   2   2   2   5   5   1   2   2  0.29 0.25
   72 V     1  -1   0  -1   0  -1  -1  -2   2   1   1  -1   0  -1   0  -1  -2   1   1   1   12   4   4   4   2   3   5   3   5   7  14   4   2   3   5   5   2   2   5  10  0.07 0.07
   73 I    -1  -2   0  -1   1  -1  -2  -1  -1   1   4  -2   2  -2  -3  -2  -1   0  -2   1    5   2   4   4   2   3   4   5   2   8  34   3   4   2   2   3   4   2   2   8  0.35 0.24
   74 D     1   0   1   0   0   1   1   1   4  -3  -3  -1  -1  -3   0   1  -2  -7  -1  -2   10   5   7   5   2   7  10  10   8   2   3   4   2   2   6   9   3   0   2   3  0.20 0.20
   75 K     0   0   0   1  -3   2   3  -1   1  -2  -2   1  -2  -3   1   0  -1   1  -2  -2    7   4   5   9   1   8  15   5   3   3   4   9   1   1   8   7   4   2   1   3  0.21 0.20
   76 V     4  -9  -4  -9   2  -8  -3  -4  -2  -1  -2  -5  -2   4   0   0  -1  -1   3   1   27   0   1   0   4   0   2   1   1   4   4   1   1  17   5   8   4   1   8   9  0.72 0.45
   77 Q    -3  -1  -1   7 -12  -2  -1  -3   0  -4  -4  -2  -1  -4  -1  -1  -2 -13 -11  -4    2   3   3  58   0   2   5   3   3   1   2   3   2   1   3   5   3   0   0   2  1.50 0.83
   78 V    -1  -4  -4 -11  -2  -4  -5  -5  -2   6   3  -5   0  -4 -11  -3  -2 -10  -3   3    5   1   1   0   1   1   1   1   1  33  25   1   2   1   0   2   3   0   1  20  1.14 0.58
   79 I    -1  -6  -3  -2  -5  -3  -3  -4  -6   5   2  -6  -1  -1  -6  -4   0  -6  -2   5    5   0   1   3   0   1   2   1   0  27  17   0   1   2   0   1   5   0   1  33  0.87 0.48
   80 V    -1  -7  -2  -7  -5  -6  -7  -5  -7   6   0  -6  -2   2  -3  -1  -2  -6  -1   4    6   0   2   0   0   0   0   1   0  41   6   0   1   9   1   5   2   0   2  24  1.05 0.55
   81 N     0  -1   3  -1   2   0   0   0   0   0  -1  -2  -2  -1   0   1   0  -3   0   0    5   2  19   2   6   5   5   5   2   5   4   0   0   2   4  16   6   0   3   9  0.14 0.16
   82 T     2  -3   0  -3   4  -2  -1  -1   1   1  -1  -2   0  -1  -3   1   2  -4  -3   1   21   0   4   0   9   0   5   4   4  12   3   0   3   3   0  10  14   0   0   9  0.22 0.21
   83 T     0  -4   0  -4  -3  -3  -3  -4  -4   2  -1  -3   2  -4   0   1   5  -5  -4   2    6   0   4   0   0   0   0   0   0  12   4   0   6   0   5  10  40   0   0  14  0.57 0.37
   84 S     1  -2   0  -1   0  -2  -2   1  -3   0  -2  -2  -3  -1   3   3   0  -4  -1  -1   11   2   4   3   2   0   0  10   0   6   2   1   0   3  17  27   4   0   2   4  0.32 0.26
   85 V     2  -3  -1  -2   0  -2  -2  -1   2   0   0  -2   0   0   0   1   2  -3   0   1   19   0   2   2   2   0   0   2   6   6   7   0   3   5   4  10  16   0   3  11  0.15 0.17
   86 G     1  -3  -1   0  -3   0  -1   3  -1  -2  -4  -1  -3  -2   3   1   0  -4  -3  -2   10   0   2   6   0   3   2  29   2   2   1   3   0   2  17  12   6   0   0   2  0.42 0.25
   87 L    -1  -1   0   0  -3  -2  -1  -2   2   0   1  -1   4  -1   1   0   0   0  -2   0    4   3   4   7   0   0   3   3   6   4  18   4  16   1   7   5   6   1   0   7  0.14 0.17
   88 K     1   0   0   1  -1   1  -1  -1   1  -1  -2   1  -2  -1   1   1   0  -1   2  -2   13   5   3   9   1   6   2   3   4   4   2  12   0   2   7  11   7   1   8   1  0.12 0.13
   89 D     0  -2   0   1  -3  -1   0   3  -2   0  -2  -2  -2  -2   2   0   1  -1  -3  -1    9   1   5   9   0   2   7  22   1   8   2   1   1   1  12   4   9   1   0   4  0.23 0.19
   90 E    -1   0   1   1  -2   1   2  -2   0   1  -1   1  -1  -1   0  -1  -1  -2  -2   0    5   5   7   7   1   6  18   3   3  11   6   8   1   3   5   2   3   1   1   5  0.11 0.13
   91 D    -1  -1   0   3  -2  -1   1  -2  -2  -1   0   0   0  -2   1   0   1  -4  -1   0    4   2   3  19   1   2   9   3   1   4  11   7   2   2   7   7   9   0   2   7  0.16 0.16
   92 P    -1  -2   1  -1  -1  -1   2  -1  -2  -2  -1   0  -2  -2   6  -1  -1  -5  -2  -3    6   2   6   3   2   2  12   5   1   2   7   5   1   2  34   4   3   0   2   2  0.58 0.37
   93 E     0  -1   0   0   0   0   2  -2   0   0  -1  -1   0   0   3   0   0  -1  -2  -1    9   3   4   4   2   3  14   2   2   5   7   2   2   5  15   8   7   1   1   5  0.16 0.16
   94 I    -2  -1  -3   0   0  -3  -2  -4  -3   3   2  -1   3  -1   2  -1  -2  -5  -2   2    3   3   1   6   2   1   2   1   1  20  19   3   7   2  10   5   1   0   1  12  0.32 0.24
   95 F    -1  -1  -1  -2  -2  -3  -2  -2  -2   2   2  -1   0   1   2  -2  -1   0  -3   2    4   4   3   2   1   0   2   3   1  13  24   3   2   7  11   3   3   1   0  12  0.24 0.19
   96 N    -1  -3   0   3  -5  -1   2  -3  -1  -2  -4  -1  -5  -4   4   1   0  -2  -2  -3    6   1   5  18   0   2  15   2   2   2   1   3   0   1  23  10   5   1   1   2  0.57 0.40
   97 Y     1   1  -1  -2  -2   0   1  -2   1  -1   1   0  -1   0   2   0   0  -1  -2   0   13   9   2   1   1   3   8   2   3   3  18   6   1   4   9   5   5   1   1   5  0.11 0.13
   98 D     0   0   0   2  -2   0   1   0  -1  -1  -1   0  -3   0   0   2  -1  -1  -2  -1    8   4   4  14   1   5   9   9   1   3   7   4   0   4   3  15   2   1   1   5  0.11 0.14
   99 L    -1   1   0  -2   1  -2  -1  -1   0   1   2   0   1  -1  -1  -1  -1   1  -1   1    5   9   5   2   3   1   3   4   2   7  27   4   3   2   2   4   2   2   2   9  0.13 0.14
  100 I    -1  -1  -3  -4  -2  -4  -2  -4   2   3   4  -2   1   3  -3  -2  -2  -4  -2   1    6   3   1   1   1   1   2   2   5  14  34   2   3  11   1   3   2   0   1   8  0.47 0.31
  101 K     1   3   1  -1  -1   0  -1   0   3  -5  -4   3  -4  -3   2   0   0  -5  -3  -4   10  13   6   4   1   5   3   6   8   0   2  18   0   1  10   7   5   0   1   1  0.37 0.30
  102 K     0   1   1  -1  -3  -1   1   0  -1  -4  -4   2  -5  -4   4   2  -1  -6  -4  -4    9   6   5   4   1   2  10   7   2   1   2  15   0   0  19  14   3   0   0   1  0.43 0.35
  103 D    -1  -1   1   2   1   0   0   2   1  -4  -3   2  -2  -3   1   0   0  -5  -3  -3    5   3   7  12   3   4   6  19   4   1   2  12   1   1   8   7   4   0   1   2  0.27 0.23
  104 H     1   1  -2  -3  -1   0  -2   0   1  -2   1   0   1  -3  -1   0   3  -5  -2  -1   14   8   1   1   1   4   2   8   4   1  13   6   4   1   2   7  17   0   1   4  0.18 0.21
  105 V     0  -3  -6  -5   2  -5  -6  -5  -5   3   2  -3  -1   2  -6  -3   1   0   0   4    6   2   0   0   4   0   0   1   0  16  22   2   1   8   0   1   8   2   4  25  0.61 0.39
  106 V     1  -6  -7  -2   4  -6  -6  -5  -6   1   2  -6   0   2  -6  -4  -4  -6  -1   5   11   0   0   2   9   0   0   1   0   6  20   0   2   7   0   1   1   0   2  39  0.95 0.54
  107 V    -2  -6  -4  -7   0  -6  -6  -5  -3   3   2  -6   1   2  -6  -2  -1  -4   6   2    4   0   1   0   2   0   0   1   1  14  18   0   3   7   0   4   5   0  29  12  0.90 0.52
  108 D    -7  -7  -2   8  -9  -6   3  -7  -7  -8  -9  -6  -8  -9  -7  -6  -7  -9  -8  -8    0   0   2  80   0   0  17   0   0   0   0   0   0   0   0   0   0   0   0   0  2.71 1.16
  109 I     0  -6  -7  -7  -2  -6  -7  -6  -7   5   3  -6   8   0  -7  -6  -2  -6  -5   0    7   0   0   0   1   0   0   1   0  26  23   0  31   3   0   0   3   0   0   4  1.39 0.67
  110 I     4  -5  -1  -4   0  -2  -4  -5  -6   3  -3  -5   3  -1  -5  -1  -3  -6  -3   4   30   0   4   1   2   2   1   0   0  14   1   0   8   3   0   4   1   0   1  29  0.81 0.48
  111 Y    -7  -7  -7  -8  -7  -7  -7  -8  -4  -7  -7  -7  -6  -2  -1  -7  -4  -4  10  -4    0   0   0   0   0   0   0   0   0   0   0   0   0   1   4   0   1   0  90   1  3.47 1.31
  112 K    -1   2   4  -4  -5   1  -2   1  -1  -3  -4   4  -2  -4  -4  -2  -1  -6  -5  -1    4  11  20   0   0   7   1  11   1   2   1  28   1   1   1   3   4   0   0   5  0.62 0.40
  113 E    -2  -4  -1  -1  -3  -2   0  -6   2  -7  -6   0  -6  -3   8  -3  -2  -7  -4  -6    3   1   3   3   1   2   5   0   5   0   1   5   0   1  65   1   3   0   1   0  1.83 0.82
  114 T    -2  -6  -2  -6  -6  -5  -6  -5  -6  -4  -5  -5  -6  -7  -4   0   8  -7  -6  -5    3   0   2   0   0   0   0   1   0   1   1   0   0   0   1   6  83   0   0   0  2.29 1.02
  115 K     1   1  -3  -1  -4  -3  -1  -5  -2  -4  -4   0  -6  -4   7  -1  -2  -7  -6  -2   11   6   1   3   0   1   4   0   1   1   1   6   0   1  50   5   3   0   0   4  1.20 0.63
  116 L    -4  -6  -7  -8  -6  -7  -7  -7  -6   1   4  -7   1   7  -7  -6  -5  -2  -1   0    1   0   0   0   0   0   0   0   0   6  36   0   3  48   0   0   0   0   1   5  1.62 0.65
  117 L    -3  -5   0  -6  -4  -5  -6  -7  -6   1   5  -2   5  -2  -6  -4  -1  -5  -5   0    2   0   4   0   0   0   0   0   0   6  59   2  16   1   0   1   3   0   0   5  1.20 0.56
  118 K     1   3  -1  -1  -2   4   1  -3   0  -4  -3   4  -4  -5  -4   0  -2  -5  -3  -3   12  15   3   3   1  20   9   1   2   1   2  23   0   0   0   6   2   0   0   2  0.59 0.37
  119 K    -1   0  -2  -1  -5   1   2  -4  -1  -1   2  -2   0   0  -5  -2  -2   7   1  -2    7   5   1   3   0   6  16   1   1   3  21   2   2   4   0   2   1  17   5   1  0.51 0.32
  120 A     7  -4  -6  -6   2  -5  -5  -3  -6  -4  -5  -5  -3  -4  -5  -1  -3  -7  -6  -3   85   1   0   0   5   0   0   2   0   1   0   0   0   1   0   3   1   0   0   2  1.89 0.82
  121 K    -1   4  -3  -2  -6   3   2  -4  -1  -3  -3   4  -2  -4  -4   0  -2  -6  -5  -3    6  22   0   1   0  14  14   1   1   1   2  25   1   1   0   7   2   0   0   1  0.70 0.41
  122 E     2   1   0   2  -5   2   3  -3   0  -3  -3   2  -4  -4  -3   0  -1  -5  -4  -2   17   8   3  14   0  10  17   1   2   1   2  13   0   0   0   7   2   0   0   3  0.40 0.28
  123 K     1   2   0  -3   0   3  -1  -3   3  -3   0   2  -2  -3  -4   0  -2  -4   0  -2   16  13   4   1   2  16   2   1   8   1  11  13   1   0   0   5   1   0   3   2  0.33 0.27
  124 G    -4  -4   1  -4  -6  -2  -3   7  -1  -7  -7  -3  -6  -3  -6  -3  -4  -6   0  -7    0   1   5   1   0   2   2  80   2   0   0   1   0   1   0   1   1   0   3   0  1.89 0.74
  125 A     4  -4  -2  -6   5  -5  -5  -3  -4   0   0  -3  -4  -3  -4   0  -3   8  -2   0   34   1   2   0  12   0   0   2   0   4   8   1   0   1   1   6   1  21   1   6  1.01 0.50
  126 K    -1   3  -1  -2  -5   2  -1  -3   1  -1  -3   4  -1  -1   0  -1   1  -5  -2  -1    5  16   2   1   0   8   3   1   4   4   1  28   2   3   4   4  10   0   1   3  0.38 0.28
  127 L     0  -1  -1  -5   2  -4  -4  -3  -4   2  -2  -4  -2   0  -1  -2   4  -2   2   2    9   3   2   0   4   0   0   2   0  12   2   0   1   3   2   1  32   0   7  18  0.53 0.37
  128 L     1  -3  -5  -5  -1   0  -3  -5  -1   5   0  -3   0  -1  -5  -1  -3  -5  -1   4   10   1   0   0   1   5   1   0   1  34   7   1   2   3   0   4   1   0   2  28  0.69 0.38
  129 D    -4  -3   4   6  -7  -3  -2  -3   0  -7  -4  -3  -6  -5   3  -1  -3  -7  -1  -6    0   1  21  46   0   0   1   1   3   0   2   1   0   0  14   5   1   0   3   0  1.26 0.60
  130 G    -5  -7  -5  -2  -8  -7  -7   8  -7  -9  -9  -6  -8  -8  -7  -5  -6  -8  -8  -8    0   0   0   2   0   0   0  98   0   0   0   0   0   0   0   0   0   0   0   0  2.80 1.00
  131 L    -2  -4  -4  -6  -4  -5  -3  -4   0   2   5  -2  -1   1  -6  -2  -1  -5   0   1    3   1   1   0   0   0   1   1   3  10  58   2   0   5   0   3   3   0   3   7  0.82 0.43
  132 P    -3  -2  -4   2  -6  -1   4   5  -3  -6  -4  -2  -3  -5  -3  -3  -3   1  -4  -6    1   2   0  11   0   3  29  44   0   0   2   2   1   0   1   1   1   2   0   0  1.03 0.52
  133 M     0  -7  -7  -8  -6  -6  -7  -7  -7   0  -1  -6  10  -5  -7  -6  -5  -7  -6   1    9   0   0   0   0   0   0   0   0   5   3   0  75   0   0   0   0   0   0   8  2.73 1.03
  134 L    -3  -7  -8  -8  -6  -7  -7  -8  -7  -2   6  -7  -1   3  -7  -7  -6  -6  -3  -3    2   0   0   0   0   0   0   0   0   1  85   0   1  10   0   0   0   0   1   0  1.93 0.77
  135 L    -1  -5  -6  -6  -1  -5  -6  -6  -6   3   2  -5  -2  -4  -3  -4  -2  -5  -2   6    5   0   0   0   1   0   0   0   0  16  20   0   0   0   1   1   2   0   1  52  1.13 0.51
  136 W     0  -1   1  -3  -4   0   3   3   5  -4  -4  -3  -4   0  -5  -3  -4   3   4  -5    9   3   7   0   0   3  19  20  13   1   1   0   0   3   0   1   0   4  15   0  0.67 0.41
  137 Q    -6  -4  -5  -6  -9   9  -3  -7   0  -8  -8  -4  -6  -9  -7  -6  -6  -8  -7  -8    0   0   0   0   0  98   0   0   2   0   0   0   0   0   0   0   0   0   0   0  3.37 1.27
  138 G     5  -6  -2  -6  -5  -5  -2   5  -6  -6  -7  -5  -6  -7  -6  -3  -5  -7  -6  -5   54   0   2   0   0   0   2  42   0   0   0   0   0   0   0   0   0   0   0   0  1.65 0.73
  139 I     5  -3  -5  -3  -1  -3  -2  -4  -5   1  -1  -4   0   0  -5  -2  -3   2  -2   3   47   1   0   2   1   1   2   0   0   6   6   0   3   3   0   2   0   3   1  21  0.73 0.44
  140 E     1   1  -2  -1  -2  -1   4  -4   3  -2   0   1  -2  -2   0  -2  -3  -4   2  -2   13   6   1   2   1   1  29   0   8   2  12   7   0   2   5   1   0   0   8   2  0.37 0.30
  141 A     4  -4  -2  -4  -5   5  -1   0  -4  -6  -6  -4  -5  -6  -5   4  -2  -6  -5  -3   36   0   1   0   0  25   3   6   0   0   0   0   0   0   0  26   2   0   0   2  1.04 0.59
  142 F    -5  -7  -7  -4  -2  -5  -1  -8  -6  -3  -1  -7  -4   9  -8  -6  -6   1   1  -3    1   0   0   1   1   0   4   0   0   1   6   0   0  78   0   0   0   2   3   2  2.36 0.86
  143 K    -1   2  -3  -2  -4   1   5  -4   0  -5  -2   2  -1  -1  -1  -1  -2  -2   2  -4    5  10   1   1   0   7  37   1   2   0   4  13   1   3   3   4   2   0   6   0  0.58 0.37
  144 I    -2  -1  -5  -5  -3  -3  -2  -6   1   4   4   0   0   0  -5  -4  -2  -3   0   0    3   4   0   0   0   1   3   0   3  23  44   5   2   3   0   0   1   0   3   3  0.68 0.37
  145 W    -8  -8  -9 -10  -8  -8  -9  -8   1  -5  -4  -9  -3   2  -9  -8  -8  13  -2  -6    0   0   0   0   0   0   0   0   3   1   2   0   1   7   0   0   0  85   1   1  4.42 1.37
  146 N    -4   2  -1  -5  -5  -4  -3  -6   3  -4  -1  -4  -3   4  -5  -2   6  -5  -1  -4    0  12   2   0   0   0   1   0   8   0   5   0   1  16   0   1  51   0   2   0  1.20 0.62
  147 G    -3  -5   1  -1  -6  -3  -2   7  -1  -7  -7  -2  -6  -7  -6  -3  -5  -7  -7  -2    1   0   6   3   0   1   3  77   1   0   0   2   0   0   0   1   0   0   0   3  1.75 0.69
  148 C    -1   1  -3  -2   1   1   0  -3  -1   2   1   1   0   1  -3  -2  -1  -3  -1   2    3   9   0   2   3   6   5   1   1  17  12   9   2   6   0   2   2   0   1  20  0.20 0.18
  149 E    -1   4  -1   0  -4   0   2  -4  -2  -2  -1   2   1  -2   0  -1   1  -3   0  -2    3  24   2   6   0   3  13   0   0   1   5  12   4   1   4   4  10   0   3   3  0.32 0.24
  150 V     2  -4  -6  -6  -2  -5  -5  -4  -6   0  -3  -5   3  -3   7  -5  -5  -7  -6   0   16   1   0   0   1   0   0   1   0   4   2   0   6   1  60   0   0   0   0   7  1.70 0.71
  151 P    -3  -3   1   4  -5   0   0  -4  -3  -3  -2  -2  -5  -6   6   0  -3  -6  -5  -2    1   1   6  22   0   4   7   1   0   1   4   2   0   0  40   7   1   0   0   4  1.01 0.47
  152 Y    -2  -1  -4  -3  -2  -2  -2  -4  -3   2  -1  -1  -1   2  -2  -1   2  -3   4   3    3   3   0   1   1   1   2   0   0  11   3   3   1   8   2   4  15   0  17  26  0.44 0.29
  153 S     1   0   1   2  -4   1   3  -1   0  -2  -3   0  -2  -4  -2   0   0  -4  -2  -3   12   3   7  14   0   6  24   4   2   2   2   6   0   0   2   7   7   0   1   1  0.33 0.22
  154 V     0   0  -1   1  -2   1   0  -1  -2   0  -1   0  -2  -2   3   0  -1  -4   0   1    9   5   2   8   1   6   5   3   0   5   7   6   0   1  16   5   2   0   4  14  0.15 0.14
  155 A     2  -2  -5  -4  -4  -4  -2  -3  -5   3  -2  -5   7  -3  -5  -3  -2  -5  -4   4   16   2   0   1   0   0   3   1   0  17   1   0  28   1   0   1   2   0   0  28  0.99 0.50
  156 E    -2   3  -1  -2  -4  -1   0  -4   1   1   1   3   0   0  -4  -2  -1   0   1  -2    2  21   2   2   0   1   7   0   4  10  14  18   2   3   0   2   3   1   5   1  0.31 0.24
  157 R     1   3   1   1  -4   3   2  -3  -2  -4  -4   2  -2  -5  -4   0   0  -5  -1  -3   15  14   5   8   0  12  17   1   0   0   0  13   1   0   0   4   5   0   2   2  0.42 0.28
  158 S     4  -1  -3  -3  -2   1   0  -3   0   0   0  -1   0  -4  -3  -1   1  -5  -2   1   41   3   0   1   1   6   5   1   2   6   7   3   2   0   0   3   9   0   1   9  0.40 0.30
  159 V     0  -5  -6  -6  -2  -4  -6  -6  -6   2   4  -5   2  -1  -6  -4  -4  -5  -3   4    7   0   0   0   1   0   0   0   0   9  45   0   4   2   0   0   0   0   1  31  1.00 0.46
  160 R    -2   5  -1  -4  -5   1   1  -5  -2   0   1   1   2  -3  -4  -3  -2   1  -4  -1    2  37   2   0   0   5   9   0   1   7  14   8   5   1   0   1   2   2   0   5  0.55 0.33
  161 D     1   0   2   2  -5   0   4  -1   0  -5  -5   1  -4  -5  -3   1  -2  -5  -4  -4   12   4  11  11   0   2  34   3   2   0   0  10   0   0   0  11   1   0   0   0  0.61 0.33
  162 L     1  -2  -2  -3  -3  -1  -1  -4   2   1   3  -1   1   0  -4  -2  -2  -3   1   2   16   1   1   1   0   2   3   0   6   7  35   4   2   4   0   0   0   0   4  13  0.29 0.21
  163 R    -2   2  -4  -5  -4  -1  -2  -4  -4   0   5  -1   3  -2  -5  -4  -3  -4  -1  -2    3  16   0   0   0   3   2   1   0   2  61   4   6   0   0   0   0   0   2   0  0.73 0.33
  164 G    -2  -4  -2  -3  -5  -4  -4   7  -4  -6  -6  -4  -5  -5  -4  -2  -4  -5  -5  -5    0   0   0   0   0   0   0 100   0   0   0   0   0   0   0   0   0   0   0   0  2.02 0.40

                      K         Lambda
Standard Ungapped    0.1376     0.3174
Standard Gapped      0.0558     0.2670
PSI Ungapped         0.1824     0.3173
PSI Gapped           0.0558     0.2670
