
Last position-specific scoring matrix computed, weighted observed percentages rounded down, information per position, and relative weight of gapless real matches to pseudocounts
            A   R   N   D   C   Q   E   G   H   I   L   K   M   F   P   S   T   W   Y   V   A   R   N   D   C   Q   E   G   H   I   L   K   M   F   P   S   T   W   Y   V
    1 A     4  -2  -2  -2  -1  -1  -1   0  -2  -2  -2  -1  -1  -3  -1   2   0  -3  -2  -1   90   0   0   0   0   0   0   0   0   0   0   0   0   0   0  10   0   0   0   0  0.48 0.05
    2 R    -2   1  -3  -3  -2  -1  -2  -4  -3   2   3   1   5  -1  -3  -2  -2  -3  -2   1    0   9   0   0   0   0   0   0   0   9  33  13  28   0   0   0   0   0   0   8  0.37 0.13
    3 H    -2   4   2  -2  -4   0  -1  -3   2  -4  -4   4  -3  -3  -3   1  -1  -4   0  -3    0  36  11   0   0   0   0   0   7   0   0  32   0   0   0  11   0   0   4   0  0.62 0.18
    4 V    -2  -4  -4  -4  -2  -4  -4  -5  -4   5   1  -4   0   2  -4  -3  -2  -3   0   3    0   0   0   0   0   0   0   0   0  48  11   0   0  11   0   0   0   0   3  27  0.67 0.20
    5 F     1  -3  -3  -3  -2  -3  -3   2   0   1   1  -3  -1   4  -3  -2  -2  -1   2   0   16   0   0   0   0   0   0  20   3   8  17   0   0  26   0   0   0   0   6   5  0.28 0.13
    6 L    -2  -4  -5  -5  -2  -4  -4  -5  -4   5   2  -4   0  -1  -4  -3  -2  -4  -2   3    0   0   0   0   0   0   0   0   0  56  19   0   0   0   0   0   0   0   0  24  0.81 0.23
    7 T    -1  -3  -2  -3  -2  -2  -2  -3  -3  -1  -1  -2  -2  -3  -3   2   6  -4  -3   0    0   0   0   0   0   0   0   0   0   3   7   0   0   0   0  14  70   0   0   7  0.83 0.28
    8 G    -2  -4  -2  -3  -4  -4  -4   7  -4  -6  -6  -3  -5  -5  -4  -2  -3  -4  -5  -5    0   0   0   0   0   0   0 100   0   0   0   0   0   0   0   0   0   0   0   0  1.89 0.37
    9 P    -2   3  -1  -2  -4  -1   0  -3  -2  -2  -2   3   4  -3   4  -1  -2  -4  -3  -2    0  23   3   0   0   0   6   0   0   2   0  20  18   0  27   2   0   0   0   0  0.64 0.20
   10 P    -1  -4  -4  -4  -4  -3  -3  -4  -4  -3  -4  -3  -4  -5   8  -3  -3  -6  -5   0    3   0   0   0   0   0   0   0   0   0   0   0   0   0  87   0   0   0   0  10  2.25 0.40
   11 G    -2  -4  -2  -3  -4  -4  -4   7  -4  -6  -6  -3  -5  -5  -4  -2  -3  -4  -5  -5    0   0   0   0   0   0   0 100   0   0   0   0   0   0   0   0   0   0   0   0  1.89 0.37
   12 V    -1  -3  -3  -4  -2  -3  -3  -4  -4   3  -1  -3  -1  -2  -3   2  -1  -4  -3   5    2   0   0   0   0   0   0   0   0  15   0   0   0   0   0  18   0   0   0  65  0.68 0.25
   13 G    -1  -4  -2  -3  -4  -4  -4   7  -4   0  -4  -3  -4  -4  -4  -2  -3  -4  -5  -3    0   0   0   0   0   0   0  90   0  10   0   0   0   0   0   0   0   0   0   0  1.52 0.33
   14 K    -3   0  -2  -3  -5   0  -1  -3  -3  -5  -4   7  -3  -5  -3  -2  -3  -5  -4  -4    0   0   0   0   0   0   0   0   0   0   0 100   0   0   0   0   0   0   0   0  1.59 0.40
   15 T     0  -3  -1  -2  -2  -2  -2  -3  -3  -3  -3  -2  -2  -4  -3   3   6  -4  -3  -2    7   0   0   0   0   0   0   0   0   0   0   0   0   0   0  21  72   0   0   0  1.01 0.32
   16 T    -2  -3  -2  -2  -3  -2   1  -3  -3  -3  -3  -2  -2  -4  -3   1   7  -4  -3  -2    0   0   0   0   0   0  10   0   0   0   0   0   0   0   0   7  83   0   0   0  1.15 0.35
   17 L     1  -3  -4  -4   2  -3  -4  -4  -4   2   4  -3   1   0  -4  -2  -2  -3  -2   1   13   0   0   0   5   0   0   0   0   9  58   0   2   3   0   0   0   0   0   9  0.50 0.17
   18 I     1  -3  -4  -4   1  -3  -3  -4  -4   3   2  -3   0   1  -3  -2  -1  -3  -1   3   12   0   0   0   4   0   0   0   0  24  23   0   0   8   0   0   0   0   0  28  0.39 0.14
   19 H     0   1  -1  -2  -3   2   0  -2   0  -1   1   2   1  -1  -2   0  -1   2  -1  -1    8   9   3   0   0  18   3   2   2   0  17  19   5   3   0   3   2   3   0   5  0.14 0.09
   20 K    -2   3   1  -2  -4   0   1  -1  -1  -4  -2   5  -2  -1  -3  -2  -2  -3   1  -3    0  19   6   0   0   0   9   3   0   0   3  50   0   3   0   0   0   0   7   0  0.58 0.21
   21 A     0  -3  -4  -4  -2  -3  -3  -4  -4   4   2  -3   0  -1  -3  -2   0  -3  -2   3    8   0   0   0   0   0   0   0   0  35  25   0   0   0   0   0   7   0   0  25  0.48 0.16
   22 S     2   0  -2  -3  -2  -2  -2  -2  -1   2   0   0   1  -2  -2   0   0  -3   0   2   32   4   0   0   0   0   0   0   2  17   7   7   4   0   0   5   5   0   3  15  0.17 0.11
   23 E    -2   2   2   3  -1   0   4  -1  -1  -4  -4   0  -3  -4  -3   0  -2  -4  -3  -4    0  17   9  21   2   0  41   3   0   0   0   0   0   0   0   6   0   0   0   0  0.64 0.20
   24 V    -1   1   1  -1  -2   0   1  -2  -1   0   0   2   2  -2  -2  -1   0  -3  -1   1    4   6   7   0   0   0  15   1   0   4   9  18  10   0   0   3   3   0   2  17  0.11 0.08
   25 L    -2  -4  -5  -5  -3  -3  -4  -5  -4   1   5  -4   1  -1  -4  -4  -2  -3   1   0    2   0   0   0   0   0   0   0   0   5  82   0   0   0   0   0   0   0   7   4  0.86 0.25
   26 K     1   3  -1  -1  -3   2   0  -1   2  -3  -3   3   0  -3  -2   1  -1  -3  -2  -2   15  17   0   3   0   8   4   3   7   0   0  26   3   0   0  13   0   0   0   2  0.31 0.13
   27 S    -1   2   2   2   0   0   2  -1  -1  -3  -3   1  -2   0  -2   1  -1  -3  -2  -2    4  15  13  14   3   0  18   2   0   0   0   8   0   7   0  13   0   0   0   3  0.25 0.11
   28 S     0   2   0   1  -2   1   2  -2  -1  -3  -2   2  -1  -3  -2   2  -1   1  -2  -2    6  10   3   7   0   5  15   1   0   1   2  15   2   0   1  26   1   3   0   1  0.25 0.10
   29 G     0   0   2  -2  -3  -2  -2   5  -2  -3  -3   0  -2  -3  -2   0  -2  -3  -3  -1    4   5  10   1   0   1   1  57   0   1   1   4   0   1   1   4   1   0   0   8  0.61 0.15
   30 V    -2  -2  -3  -3   1  -2  -3  -3  -1   1   1  -1   2   3  -3  -2   0   2   4   1    1   0   0   1   3   0   1   1   0   9  17   4   6  19   1   1   6   3  17   9  0.28 0.10
   31 P    -1   2   1  -1  -2   0  -1  -2  -1   0  -2   3  -1  -2   1   0   0  -2   1  -1    3  14   7   1   0   1   1   1   0  10   1  29   0   1   7   6   7   0   7   4  0.18 0.09
   32 V     0  -3  -3  -3   0  -2  -3  -3  -3   3   0  -2   0  -1  -2  -2  -1  -3  -2   4    8   1   1   1   2   1   1   1   0  23   5   1   0   1   1   1   1   0   1  51  0.44 0.15
   33 D     0  -2  -1   2   4   1   0   3  -2  -2  -2   0  -2  -3  -2   0   0  -3  -2  -1    8   1   1  14  12   7   4  33   0   1   1   4   0   1   1   4   4   0   1   4  0.31 0.10
   34 G    -1  -3  -2  -2  -4  -3  -3   7  -3  -5  -4  -3  -4  -4  -3   0  -2  -4  -4  -4    1   0   0   0   0   0   0  87   0   0   1   0   0   0   0   7   0   0   0   0  1.42 0.28
   35 F    -3  -4  -4  -4  -3  -4  -4  -4  -3   3   0  -4   0   7  -4  -3  -1  -1   1   1    1   0   0   0   0   0   0   0   0  20   1   0   2  60   0   0   3   0   0  10  0.89 0.24
   36 Y    -2   0  -3  -3  -2  -1  -3  -4  -1   3   1  -1   1   0  -3  -2  -2   2   5   1    1   5   0   0   0   3   0   0   0  26  11   3   3   0   0   3   0   3  32   8  0.40 0.15
   37 T     0  -2  -2  -3   5  -2  -2  -3   2   0  -2  -2  -2  -3  -2   0   5  -3  -2   0    4   0   0   0  16   0   0   0   7   4   1   0   0   0   0   3  55   0   0   7  0.64 0.22
   38 E     0   0  -1  -1  -3   2   2  -2   0  -2  -2   0  -2  -3   4   1  -1  -3  -2   0    5   6   0   0   0   9  22   0   2   0   3   4   0   0  27  11   0   0   0   9  0.47 0.13
   39 E    -2  -1  -2   1  -4   2   6  -3  -1  -4  -4   1  -3  -4  -2  -1  -2  -4  -3  -4    1   0   0   3   0   7  78   0   0   0   1   7   0   0   0   0   0   0   0   0  1.12 0.28
   40 V    -1  -3  -3  -3  -2  -3  -2  -4  -3   3   0  -1   0  -1  -3  -2  -1  -3   1   5    1   0   0   0   0   0   3   0   0  19   3   4   2   0   0   0   0   0   7  58  0.52 0.19
   41 R    -2   7  -2  -3  -4   2  -1  -3  -2  -3  -3   1  -2  -4  -3  -1  -1  -4  -3  -2    1  74   0   0   0   7   0   0   0   0   1   3   0   0   0   4   4   0   0   4  1.05 0.27
   42 Q    -2   2   0   2  -4   2   4  -3  -1  -3  -3   2  -3  -4  -2  -1  -1  -4  -3  -1    0  11   3  10   0   9  46   0   0   0   0  11   0   0   0   2   3   0   0   5  0.58 0.18
   43 G    -1   1   3   1  -3   0   0   4   1  -3  -3   0   1  -3  -3  -1  -1  -4  -3  -3    2  10  16   7   0   3   6  36   4   0   0   5   7   0   0   2   3   0   0   0  0.40 0.13
   44 G    -1  -3   2   0  -4  -2   0   6  -3  -5  -5  -1  -4  -5  -1  -1  -2  -4  -4  -4    2   0  14   3   0   0   7  69   0   0   0   3   0   0   3   0   0   0   0   0  1.01 0.24
   45 R    -2   3  -1  -2  -3   1   0  -3   0  -1  -2   3  -2  -1   2   0   0  -3   0   0    0  21   0   0   0   5   3   0   2   3   0  33   0   3  10   4   5   0   3   8  0.35 0.14
   46 R    -3   7  -2  -3  -4  -1  -2  -4  -2  -3   0   0  -2  -3  -3  -2  -2  -4  -3  -3    1  83   0   0   0   0   0   1   0   0  11   0   0   0   0   0   0   0   0   0  1.27 0.31
   47 I    -1  -2  -2  -3  -2  -2  -1  -3  -3   4   0  -1   1  -2  -3   0   2   1  -2   3    1   0   0   0   0   0   5   1   0  36   1   3   3   0   0   5  15   2   0  26  0.33 0.14
   48 G     0  -3  -2  -3  -3  -3  -3   7  -3  -4  -4  -3  -4  -4  -3   0  -3  -4  -4  -4    4   0   0   0   0   0   0  87   0   0   1   0   0   0   0   4   0   0   0   0  1.42 0.28
   49 F    -3  -4  -4  -4  -4  -4  -4  -4  -2  -2  -1  -4  -2   8  -4  -3  -3   0   5  -2    1   0   0   0   0   0   0   0   0   0   1   0   0  77   0   0   0   0  17   0  1.51 0.32
   50 D    -1   2  -1   2  -3   1   1  -2  -2  -2  -1   3  -2  -3  -2   0   0  -4  -3  -1    3  15   0  15   0   7   7   0   0   0   6  26   0   0   0   8   7   0   0   7  0.28 0.11
   51 V    -2  -4  -4  -5  -2  -4  -4  -5  -4   6   1  -4   0   0  -4  -3  -1  -4  -2   4    0   0   0   0   0   0   0   0   0  62   5   0   0   3   0   0   2   0   0  28  0.85 0.25
   52 V    -2  -1  -3  -3  -2  -2   0  -4  -3   3   0   0   3  -2  -3  -2  -1  -3  -1   4    0   4   0   0   0   0   9   0   0  25   0   6  13   0   0   0   3   0   2  38  0.38 0.17
   53 T     0  -3   1   6  -3  -2   0  -2  -2  -3  -2  -2  -3  -4  -3   1   2  -5  -4  -2    9   0   3  60   0   0   0   0   0   0   3   0   0   0   0   9  13   0   0   3  0.79 0.23
   54 L    -2  -3  -3  -4  -2  -3  -3  -4   2   3   4  -3   1  -1  -4  -3   1  -3  -2   1    0   0   0   0   0   0   0   0   7  22  52   0   0   0   0   0  10   0   0   9  0.52 0.18
   55 S     0  -2  -1   2  -2  -1   0  -1  -2  -3  -2  -2  -2   1  -2   4   3  -3  -2  -2    2   0   0  11   0   0   6   3   0   0   3   0   0   7   0  40  27   0   0   0  0.42 0.19
   56 G    -1  -3   2   0  -4  -2  -3   6  -3  -5  -5  -1  -4  -4  -3   0   0  -4  -4  -4    0   0  13   3   0   0   0  70   0   0   0   4   0   0   0   3   6   0   0   0  1.05 0.25
   57 T    -1   1   1   0  -4   1   4  -1  -1  -3  -3   3  -3  -4  -2   0  -1  -4  -3  -3    4   8   5   2   0   3  37   3   0   2   0  27   0   0   0   7   2   0   0   0  0.48 0.16
   58 R    -2   4  -2  -1  -4   1   4  -3  -2   1  -3   2  -2  -3  -3   0   0   2  -3  -2    0  26   0   0   0   2  36   0   0  13   0  10   0   0   0   6   4   3   0   0  0.46 0.18
   59 G     2  -1  -1   0   1  -1  -1   4  -2  -2  -1   0  -1  -2  -2   0   0  -2  -1  -1   20   4   1   6   4   1   3  36   0   1   4   6   2   1   1   1   4   0   2   5  0.26 0.09
   60 P    -1   0  -2  -1  -2  -1  -1  -2  -2   1  -1  -1  -1   0   4  -1  -1   7   1  -1    4   7   1   4   0   1   5   1   0  13   6   1   0   3  21   1   4  19   4   4  0.45 0.11
   61 L    -2  -2  -3  -3  -2  -2  -3  -3  -3   0   4  -2   1   2  -3  -2  -2   2  -1   0    2   1   1   1   0   1   1   1   0   1  67   1   0  12   1   1   1   3   1   1  0.52 0.15
   62 S     5  -2  -2  -2  -1  -1  -1   0  -2  -2  -2  -1  -2  -2  -1   2  -1  -2  -2  -1   66   1   1   1   0   1   1   4   1   1   2   1   1   1   1  12   1   0   1   1  0.52 0.16
   63 R    -1   4  -1  -2  -3   0  -1  -2   3  -2  -2   2  -2  -2  -2   2  -1  -2   2  -1    1  35   1   1   0   1   1   1   8   1   1  12   0   1   1  20   1   0   8   4  0.37 0.13
   64 V     0  -1  -2  -2  -1   0   0  -2  -2   1   0   0   0  -2  -2  -1   1  -2  -2   3    8   4   1   1   0   4   5   2   0   8   2   4   0   1   1   2  14   0   1  41  0.17 0.09
   65 G    -1  -1   1   3  -3   1   0   4  -1  -3  -3   0  -2  -1  -2  -1  -1  -2  -2  -3    2   3   6  22   0   8   4  37   0   1   2   3   0   4   1   2   1   0   1   1  0.40 0.10
   66 L     0  -1  -1   1   0   0   0  -1  -1   0   0  -1  -1   3  -2   0   0  -1   1  -1    7   3   1   9   3   5   8   3   0   6  12   4   0  23   1   5   6   0   4   1  0.08 0.06
   67 E     0   0  -1  -1   2   0   0   3  -2  -1  -2  -1  -2  -2   0   1   0  -2  -1   0    4   6   1   1   7   2   9  26   0   1   1   1   0   0   4  13   7   0   3  14  0.16 0.08
   68 P     0  -1   1   1  -2   0   1   1  -1  -2  -2   0  -1   0   1   1   0  -2   1  -2    8   1   8  11   0   4   7  15   0   1   1   4   2   5   7  14   4   0   7   1  0.14 0.05
   69 P     0   0  -1   0  -2   1   0   0  -2   0  -1  -1  -1  -2   5  -1   0  -2  -2  -1    8   4   1   5   0   8   8   9   1   8   6   1   1   1  31   2   4   0   1   2  0.39 0.08
   70 P     0  -1   1  -1  -2   0   0  -1  -1  -2  -2   1  -1  -2   4   1   1  -2   0  -1    3   2   8   2   1   2   6   3   1   2   4   9   1   2  25  13   9   1   4   3  0.32 0.05
   71 G     1  -1   0   0  -1   0   1   1   2  -1  -1   0  -1   1   1   0   0  -1   0  -1   13   3   2   3   1   2  10  16  10   3   5   3   1   9   6   6   3   1   2   3  0.08 0.02
   72 K     0   0  -1  -1   1   0   0   0  -1   0   0   1   0  -1   2   0   0  -1  -1   1    4   6   2   3   4   2   3   7   1   6   7  12   1   2   9   7   3   1   2  17  0.04 0.01
   73 R     1   1   1   1  -1   0   0   1  -1  -1  -1   0  -1  -1   1   1   0  -1  -1  -1   11  10   5  10   1   2   3  10   1   3   5   3   1   2   7  16   3   1   2   3  0.10 0.02
   74 E    -1   3  -1  -1  -2   0   1   1  -1   0  -1   2  -1  -2  -1   0   0  -2  -1  -1    3  25   2   2   1   2  11  12   1   9   3  12   1   1   2   5   5   0   1   2  0.15 0.05
   75 C     0  -1  -1   0   2  -1   0   0  -1   1  -1   1   0  -1   0  -1  -1  -2   0   1    8   2   1   5   6   1   5   9   1  12   3  12   1   1   5   2   2   0   4  20  0.03 0.03
   76 R    -2   6  -1  -2  -4   0  -1  -3  -2  -3  -2   4   0  -3  -1  -2  -1  -3  -3  -3    1  53   0   1   0   0   1   1   0   1   4  27   3   0   3   1   3   0   0   1  0.76 0.21
   77 V     0  -4  -4  -4  -2  -3  -4  -4   0   3   1  -3   0   0  -4  -3  -1  -4  -2   5    7   0   0   0   0   0   0   0   3  21  12   0   0   3   0   0   0   0   0  54  0.58 0.20
   78 G     0   0  -2   1  -4  -3  -3   6  -3  -5  -5  -2  -4  -4  -3  -1  -3  -4  -4  -4    7   7   0  10   0   0   0  74   0   0   0   0   0   0   0   3   0   0   0   0  1.10 0.26
   79 Q    -2   4   1  -2  -4   1  -1  -3  -2  -4  -4   5  -3  -4  -3  -1  -2  -4  -3  -4    0  28   7   0   0   6   0   0   0   0   0  57   0   0   0   3   0   0   0   0  0.91 0.26
   80 Y    -4  -4  -4  -5  -4  -3  -4  -5   0  -3   0  -4   2   1  -5  -4  -3   0   9  -3    0   0   0   0   0   0   0   0   0   0  10   0   7   0   0   0   0   0  83   0  1.76 0.40
   81 V    -1  -1  -2  -3  -3   0  -2   2   2   0  -1  -1  -1  -1  -3  -2  -1  -2   2   3    4   3   0   0   0   7   0  23   7   0   3   2   0   0   0   0   3   0  12  37  0.25 0.15
   82 V    -2  -4  -4  -5  -2  -4  -4  -5  -4   3   0  -4  -1   1  -4  -3   0  -4  -2   6    0   0   0   0   0   0   0   0   0  10   2   0   0   7   0   0   3   0   0  77  0.88 0.27
   83 D     0  -2   3   4  -3  -1  -1  -2   1  -2  -1  -1  -2   0  -2   1   0  -3  -2  -1    7   0  23  29   0   0   0   0   5   0   7   3   0   5   0  10   3   0   0   6  0.31 0.12
   84 L    -1  -3  -3  -3   2  -1  -1  -3  -3   2   2  -2   0  -1  -3  -1   1  -3  -2   3    3   0   0   0   5   3   3   0   0  14  28   0   0   0   0   3  13   0   0  26  0.28 0.12
   85 T    -2   1   1   3  -4   1   3   0  -1  -3  -2   1  -3  -4   2   0   0  -4  -3  -3    0   7   6  17   0   3  32   6   0   0   3   6   0   0  11   2   7   0   0   0  0.41 0.13
   86 S     0   0   1   2  -2   0   2   1  -1  -1  -1   0  -2  -2  -2   1   0  -3  -1  -1    6   3   7  17   0   0  14   9   0   3   7   7   0   0   0  15   6   0   3   2  0.15 0.07
   87 F     0  -3  -3  -4   3  -3  -3  -3  -3   1   3  -3   1   3  -3  -1  -2  -2  -1   0   12   0   0   0  10   0   0   0   0   6  45   0   2  18   0   3   0   0   0   0  0.39 0.15
   88 E    -2  -1   0   2  -4   2   5  -3  -1  -3  -1   0  -2  -3  -2   1  -1   2  -3  -3    0   0   2   9   0   7  54   0   0   0   7   3   0   0   0  11   2   3   0   0  0.60 0.20
   89 Q    -1   3   0   1  -3   2   2  -1  -1  -2  -1   1  -1  -3   0   0   0   1  -2  -1    2  20   2   6   0  13  19   3   0   0   9   4   0   0   4   3   5   3   0   6  0.21 0.09
   90 L    -2  -3  -4  -4  -2  -1  -3  -2  -3   4   1  -3   0   1  -3  -3  -1  -3  -2   3    0   0   0   0   0   4   0   3   0  45  11   0   0   5   0   0   0   0   0  29  0.50 0.17
   91 A     2  -2  -2  -2  -2  -2  -2   1  -2   0   1  -2   2  -2  -2   1   1  -3  -2   0   28   0   0   0   0   0   1  14   0   6  12   0  10   0   0   8  10   0   0   7  0.17 0.09
   92 L     0   0  -1  -1  -2  -1   0  -2  -2   3   1   1   0  -2  -2   0   0  -3  -2   2    7   3   3   2   0   0   7   1   0  29   9  13   0   0   0   7   3   0   0  14  0.12 0.08
   93 P    -1   2   1  -2  -4   0   1  -2   1  -2  -2   1  -3  -4   6  -1  -2  -4  -3  -3    4  12   7   0   0   3  13   2   3   3   3   8   0   0  40   2   0   0   0   0  0.71 0.17
   94 V     3  -1  -2  -3  -2  -2  -1  -2  -3   1   1  -2  -1  -1  -2   1   0  -3  -2   1   41   3   0   0   0   0   3   0   0   8  13   0   0   3   0  15   3   0   0  11  0.24 0.13
   95 L    -2   0  -2  -4  -2  -3  -3  -4  -4   3   4  -2   1  -1  -4  -3  -2  -3  -2   2    0   6   3   0   0   0   0   0   0  21  56   3   0   0   0   0   0   0   0  12  0.53 0.18
   96 R    -2   4   0   0  -4   2   3  -1  -1  -1  -2   0  -2  -3  -3   1  -1  -4  -3  -2    0  33   3   2   0   9  24   5   0   7   2   2   0   0   0  12   2   0   0   0  0.40 0.16
   97 N     0   4   3   0  -3   1   1  -1   0  -3  -3   2  -2  -4  -2   0  -1  -4  -3  -2    9  27  21   2   0   5  11   2   2   0   0  14   0   0   0   2   2   0   0   3  0.39 0.14
   98 A     4  -2  -2  -2   1  -1  -1   0  -2   0  -1   1  -1  -3  -2   0  -1  -3  -2  -1   63   1   1   1   4   1   3   4   0   6   4  10   0   0   1   1   1   0   0   1  0.43 0.17
   99 D    -1   0   0   2  -2  -1   0  -1  -1   0   1   0   1   0  -1   0  -1  -2   0   0    1   7   4  16   0   1   4   5   0   3  18   4   8   5   3  12   1   0   3   5  0.05 0.05
  100 C     0   2  -1  -1   3   0   2  -2  -1  -1   0   1  -1  -2  -1   0   0  -2  -2  -1    6  12   1   1   8   3  20   2   1   1  13  11   1   1   1   9   4   0   1   4  0.12 0.05
  101 S    -1   0   0   1   0   0   3  -1   1  -2  -2   1  -2  -2  -1   1   0  -2  -1  -2    2   3   1   8   3   1  28   4   4   2   3  13   1   1   2  17   5   0   1   2  0.23 0.07
  102 S     2  -1   0   0   2  -1   0   0  -1  -1  -1   0  -1  -2  -1   0   1  -2  -1  -1   33   2   5   6   5   2   5   6   1   5   3   4   1   1   2   4  11   0   1   2  0.12 0.05
  103 G    -1   0   0   4  -2   1   0   0  -1  -2  -1   1  -1   0  -1   0  -1  -2  -1  -1    3   4   2  34   1   9   3   7   1   2   7   8   1   5   2   3   3   1   1   3  0.21 0.05
  104 P     0   0   0   0  -1   0   0   0   2   0  -1   0   0   1   2   0   0  -1   0  -1    5   3   3   4   1   3   4   8   8   7   6   7   1   9  12   8   4   1   2   4  0.07 0.01
  105 G     0   0   0   1  -1   1   0   0   0   0   0   0   1   0   0   0   0  -1   0   0    5   3   3  11   1  10   4   9   1   7   6   9   8   6   3   5   4   1   2   4  0.03 0.01
  106 Q     0   0   0  -1   2   1   0  -1   0   0  -1   1  -1  -1   2   0   0  -1  -1  -1   11   6   3   3   6   6   4   4   3   6   5  12   1   2  13   4   3   1   2   4  0.10 0.01
  107 R    -1   1   1   2  -2   2   1  -1   0  -1  -1   1  -1  -1   0   0   0  -1  -1  -1    4   9   6  16   1  10   9   4   1   6   4  10   1   2   3   6   3   1   2   3  0.12 0.02
  108 V    -2  -3  -4  -2   2  -3  -3  -4  -4   2   3  -3   0  -1  -4  -3  -2  -3  -2   4    0   0   0   3   5   0   0   0   0  13  37   0   0   0   0   0   0   0   0  40  0.53 0.18
  109 C     0  -3  -4  -4   2  -3  -2  -4  -3   5   1  -3   0  -1  -3  -2  -2  -3   1   2   11   0   0   0   6   0   3   0   0  49  10   0   0   0   0   0   0   0   5  14  0.44 0.17
  110 V     0  -4  -4  -4  -2  -3  -4  -1  -4   4   1  -3   0   0  -4  -3  -2  -3  -2   4    6   0   0   0   0   0   0   5   0  41  13   0   0   2   0   0   0   0   0  33  0.53 0.18
  111 I    -3  -4  -4  -4  -3  -4  -4  -5  -4   6   0  -4   1  -2  -4  -4  -2  -4  -3   3    0   0   0   0   0   0   0   0   0  81   0   0   3   0   0   0   0   0   0  13  1.08 0.29
  112 D    -3  -3   0   7  -4  -2   0  -3  -2  -4  -4  -2  -4  -4  -3  -2  -2  -5  -4  -4    1   1   0  90   0   0   1   1   0   1   1   1   0   0   1   1   1   0   0   1  1.59 0.32
  113 E    -3  -2  -2   0  -5   0   7  -4  -2  -5  -4  -1  -4  -5  -3  -2  -3  -4  -4  -4    0   0   0   0   0   0  97   0   0   0   0   0   0   0   0   0   0   0   0   0  1.60 0.38
  114 I    -2  -4  -4  -4  -2  -4  -4  -5  -4   6   1  -4   0  -2  -4  -4  -2  -4  -3   3    0   0   0   0   0   0   0   0   0  78   5   0   0   0   0   0   0   0   0  14  1.01 0.27
  115 G     0  -4  -2  -3  -4  -3  -4   7  -4  -5  -5  -3  -4  -5  -4  -2  -3  -4  -5  -5    7   0   0   0   0   0   0  93   0   0   0   0   0   0   0   0   0   0   0   0  1.67 0.34
  116 K     1  -1  -3  -3  -4  -2  -2  -3  -3  -3  -3   3  -3  -4   6  -2  -1  -5  -4   0   13   0   0   0   0   0   0   0   0   0   0  29   0   0  49   0   2   0   0   7  1.08 0.27
  117 M    -3  -4  -4  -5  -4  -3  -4  -5  -4   0   1  -4  10  -2  -5  -4  -3  -4  -3  -1    0   0   0   0   0   0   0   0   0   3   6   0  90   0   0   0   0   0   0   0  1.95 0.48
  118 E    -3  -2  -2   0  -5   0   7  -4  -2  -4  -1  -1  -3  -5  -3  -2  -3  -5  -4  -4    0   0   0   0   0   0  93   0   0   0   7   0   0   0   0   0   0   0   0   0  1.47 0.39
  119 L    -3  -3   2  -3  -3  -3  -3  -4  -2   0   4  -1   1   4  -4  -3  -2  -2   1  -1    0   0  17   0   0   0   0   0   0   0  51   3   3  20   0   0   0   0   3   2  0.50 0.20
  120 F    -1   1  -2  -2  -3  -1  -1  -3  -2  -1  -1   4  -2   2  -3   0   1  -2   2  -2    4   3   0   0   0   0   0   0   0   2   7  44   0  12   0   6  13   0  10   0  0.36 0.18
  121 S    -1  -3  -2  -2   4  -2  -2  -2   0   1  -1  -2  -2  -2  -3   4   2   4  -2   0    0   0   0   0  11   0   0   0   3   9   6   0   0   0   0  45  13   7   0   6  0.43 0.20
  122 Q    -1   2   3  -1  -4   1   0  -1   0  -3  -4   2  -3  -4   5  -1  -2  -4  -3  -2    3  12  19   0   0   8   2   3   3   0   0  15   0   0  29   2   0   0   0   3  0.60 0.17
  123 L     0  -1   2   0  -3   0   2   1  -1  -3  -3   2  -2  -4   0   1   0  -4  -3  -2    5   0  13   3   0   0  19  12   0   0   2  23   0   0   4  10   5   0   0   3  0.28 0.12
  124 F    -3  -4  -5  -5  -3  -4  -5  -5  -3   1   1  -4  -1   7  -5  -4  -3  -1   3   0    0   0   0   0   0   0   0   0   0   9  12   0   0  65   0   0   0   0   7   6  1.11 0.28
  125 I    -2   3  -2  -3  -3  -1  -2  -1   3   1   1   1  -1  -2  -3  -1  -1   2   0   0    0  29   0   0   0   0   0   4   9   9  17  12   0   0   0   2   2   3   2  10  0.23 0.13
  126 Q    -1   2   1   1  -3   1   3  -2  -1  -3  -3   2  -2  -4  -1   2   1  -4  -3  -2    3  14   6   5   0   6  24   0   0   0   0  13   0   0   2  17   7   0   0   2  0.34 0.12
  127 A     2  -1  -2   1  -2  -1   0  -2  -2   1   1  -2   1  -1  -2   0   1  -3  -2   1   32   3   0   9   0   0   6   0   0   6  19   0   3   2   0   2   9   0   0   9  0.14 0.10
  128 V    -2  -4  -4  -4  -2  -3  -4  -5  -4   4   2  -4   1   1  -4  -3  -2  -3  -2   4    0   0   0   0   0   0   0   0   0  25  24   0   3   7   0   0   0   0   0  41  0.60 0.19
  129 R    -2   2   0   3  -4   1   4   0  -1  -3  -2   0  -2  -3  -3  -1  -1  -3  -1  -3    0  17   3  17   0   5  33  10   0   0   5   2   0   0   0   0   4   0   3   0  0.41 0.15
  130 Q    -2   2   0   1  -3   2   3  -1  -1  -2  -1   2  -2  -2  -2  -1   0  -2   2  -1    0  11   2  10   0  12  22   3   0   0   6  14   0   0   0   0   5   0  10   5  0.25 0.11
  131 T     1  -3  -4  -4  -2  -3  -3  -3  -4   3   0  -3   1  -2  -3  -2   1  -4  -2   4   16   0   0   0   0   0   0   0   0  19   2   0   2   0   0   0   8   0   0  51  0.54 0.20
  132 L    -1  -3  -4  -5  -2  -3  -4  -4  -4   2   4  -3   2   1  -4  -3  -2   2  -1   2    2   0   0   0   0   0   0   0   0   9  58   0   5   7   0   0   0   3   0  15  0.60 0.19
  133 S    -1   0   2   3  -3   1   1  -1   2  -4  -3   3  -3  -3  -2   1   0  -4  -1  -3    0   2  11  17   0   3   8   3   5   0   0  29   0   0   0  15   3   0   2   0  0.38 0.14
  134 T     0   0   1   0   2  -1  -1  -1  -2  -2   0  -1  -2  -3  -2   4   1  -4  -3  -2    2   5   5   3   6   0   3   3   0   2  11   0   0   0   0  54   6   0   0   0  0.39 0.19
  135 P    -1   0   2   3  -4   1   3   1   0  -4  -4   0  -3  -4   2   1  -1  -4  -3  -3    0   3  12  17   0   3  26  13   3   0   0   3   0   0   9  10   0   0   0   0  0.42 0.13
  136 G    -2   3   0  -2  -3   0  -1   0  -1  -2  -3   5  -2  -2   0  -1   0  -3   1  -2    1  13   3   1   0   0   1   7   0   3   1  51   0   0   3   1   5   0   6   3  0.44 0.17
  137 T    -2  -3  -3   1  -4  -3  -2  -3  -1   0  -2  -2  -3  -1   7  -2   0  -4  -3  -1    0   0   0  11   0   0   0   0   2   8   3   0   0   3  61   0   8   0   0   3  1.26 0.27
  138 I    -1   1  -1   0  -2  -1  -2  -1  -2   2   2   0   0   0  -2  -2  -1  -2  -1   2    3   9   4   8   0   1   1   4   0  11  29   5   0   4   1   1   1   0   0  18  0.10 0.07
  139 I    -2  -3  -4  -4  -2   0  -3  -4  -4   4   2  -3   0  -1  -4  -2  -1  -4  -2   4    0   0   0   0   0   7   0   0   0  34  20   0   0   0   0   3   0   0   0  36  0.54 0.19
  140 L     0  -2  -2  -2  -1  -1  -2  -2  -2   1   2  -2   1   1  -1  -1   0  -1  -1   2   10   2   1   2   1   1   2   2   1   6  35   2   1   7   2   2   5   0   1  17  0.13 0.05
  141 G     2  -1  -1  -1  -1  -1  -1   1   2  -1  -1  -1  -1   0  -1   0   0  -1  -1   0   29   2   2   2   1   2   3  13   7   2   4   3   1   4   2   3   6   1   1  10  0.09 0.04
  142 T    -1   1   1  -1  -1  -1  -1  -1  -1   0  -1  -1  -1  -1  -1   0   3  -2  -1   1    3   8   9   2   1   2   3   3   1   6   4   2   1   2   2   3  34   1   1  12  0.15 0.06
  143 I     1  -1  -2  -2  -1  -1  -1  -2  -2   3   1   0   0  -1  -1  -1  -1  -2  -1   2   13   1   1   2   1   1   2   2   1  24  12   8   1   1   2   2   2   0   1  24  0.14 0.06
  144 P     0  -1  -1  -2  -2  -1  -1  -2   5  -1  -1  -1  -1   0   3  -1   1  -2  -1   1    9   1   1   1   0   1   1   2  23   1   5   1   1   4  14   2  13   0   1  19  0.27 0.10
  145 V    -1   1  -2  -2  -2  -1  -2  -2   1   1   2  -1   0   1  -2  -1  -1  -1   0   2    2  14   1   1   0   1   2   2   5  10  27   1   1   5   1   2   1   0   4  19  0.12 0.06
  146 P    -1   1   2   1  -3   1   1  -2   5  -2  -2   1  -2  -2   1   0  -1  -2  -1  -1    2   6  12   7   0   8   6   2  27   1   2   7   1   1   7   4   1   0   1   5  0.32 0.10
  147 K    -1   3  -1   0  -3   1   0  -2  -1  -2  -2   2   1   0  -2   0  -1  -1   2  -2    5  23   1   4   0   8   4   1   0   1   2  20   6   3   1   6   1   0  12   1  0.25 0.10
  148 G    -1   4  -1  -1  -2   0   0   0  -1   0  -2   2  -1   0  -2   0   0  -2   0   0    2  33   1   1   0   1   4   8   0   8   2  11   0   4   1   9   5   0   4   6  0.20 0.09
  149 K    -1   1   2  -1  -2   0   0  -1   3  -1   1   1  -1  -2  -1   1   0  -2  -1  -1    2  10  13   1   0   1   3   2  10   1  18  11   1   1   1  20   1   0   1   2  0.14 0.07
  150 P    -1   3  -1  -1  -2   0  -1  -1   2  -2  -2   0  -2  -2   3   2  -1  -2  -1  -1    2  23   1   2   1   1   2   2   8   2   3   2   1   1  19  24   2   0   1   4  0.34 0.10
  151 L    -1   0   2   2  -2  -1  -1  -2   3   0   1  -1   0  -1   0   0   0  -2  -1  -1    2   6  11  16   1   1   2   2  13   5  22   2   1   1   4   4   5   0   1   2  0.12 0.06
  152 A     2  -1  -1  -1  -2   0   0   1  -2  -2  -1   1  -1  -2   4   0  -1  -2  -2  -1   22   1   3   1   0   3   8  10   0   1   8  14   0   1  20   1   1   0   1   4  0.26 0.08
  153 L    -1   0  -1   0  -2   0   1  -2  -1   0   0   0   0   1  -2   0   0   3   1   1    2   3   1   5   0   3  11   2   1   1  11   9   1   7   1   8   4   5   4  22  0.06 0.05
  154 V    -1  -2  -3  -3   1  -2  -2  -3  -2   2   2  -2   0   0   0  -2  -1  -2   0   4    2   1   1   1   3   1   1   1   0  10  19   1   0   4   5   1   1   0   3  43  0.28 0.11
  155 E    -1   0   1   1  -3   2   2  -1   4  -2   0   1  -1  -2  -2  -1  -1  -2  -1  -2    2   3   6   7   0  15  14   5  15   1  13  11   0   1   1   1   1   0   1   1  0.21 0.08
  156 E    -1   2   0   2  -2   0   2   0  -1  -2  -1   1  -1  -2  -1   0  -1  -2   0  -2    2  18   1  16   0   1  20   6   1   1   8   8   1   1   1   7   1   0   4   2  0.20 0.07
  157 I     0  -1  -2  -1  -2  -1  -2  -2   0   3   1   0   0   1  -2   0   0  -2   0   1    7   3   1   3   0   1   1   1   3  29  17   6   0   6   1   7   6   0   4   3  0.09 0.06
  158 R     0   4  -2  -2  -3   0   0  -3  -2   1   0   3   1  -2  -2  -1  -1  -3  -2  -1   11  26   0   0   0   3   3   0   0  16   9  25   3   0   0   0   0   0   0   0  0.28 0.13
  159 N    -1   0   2   0  -3   0   1  -2  -1  -1  -1   3   0  -1  -2   2   0  -2   1  -2    0   3  13   2   0   0   9   0   0   3   7  25   3   2   0  21   2   0   6   0  0.20 0.11
  160 R    -2   5  -2  -2  -3   0   0  -3  -2  -1   1   2  -1   0  -1   0  -2  -3  -2  -2    0  41   0   0   0   0   8   0   0   4  20  10   0   6   3   6   0   0   0   0  0.36 0.15
  161 K    -1   1  -1   0   0   0   2   0  -2  -2   0   1   0  -3   4   0  -1  -3  -2  -1    1   7   2   5   3   0  19   9   0   0  12   9   3   0  20   4   0   0   0   3  0.25 0.09
  162 D    -1   0   1   3  -3  -1   1   3   1  -3  -2  -1  -3  -3  -2   1  -1  -3  -3  -3    1   4   8  24   0   0  11  31   3   0   4   0   0   0   0  10   0   0   0   1  0.42 0.13
  163 V     0  -2  -1  -2   3  -2  -2   2  -2   1   0  -2  -1   2  -2  -1   0  -2  -1   2    4   1   3   1   8   1   1  22   0   5   4   1   0  14   1   1   4   0   0  28  0.18 0.09
  164 K    -2   3  -1   0   1   0   3  -3  -2  -1  -2   3  -2  -3  -2  -1  -1  -3  -2   1    0  18   0   3   4   0  24   0   0   4   1  28   0   0   0   0   0   0   0  15  0.36 0.15
  165 V    -2   0  -3  -4  -2  -3  -3  -4  -3   4   1  -1   0  -1  -3  -3  -1   2   1   3    0   6   0   0   0   0   0   0   0  32  11   3   0   0   0   0   3   3   7  35  0.40 0.16
  166 F    -2  -3  -3  -4  -3  -3  -3  -4  -1   2   1  -3  -1   5  -3  -3  -2   0   5   0    1   1   0   1   0   0   1   1   0  20  10   1   0  34   1   1   1   0  25   4  0.64 0.18
  167 N    -2   0   0   1  -3  -1   2  -3   1  -2  -2  -1  -2  -2  -2  -1   1   7  -1   1    1   6   5  10   0   0  20   1   3   1   1   1   0   0   1   3  10  21   0  16  0.45 0.15
  168 V    -2  -1  -3   0  -2  -3  -3  -4  -4   3   3  -3   0  -1  -4  -3  -2  -3  -2   3    0   3   0   7   0   0   0   0   0  15  41   0   0   0   0   0   0   0   0  33  0.49 0.18
  169 T    -2  -3   1   2  -3  -2  -2  -1  -3  -3  -3  -2  -3  -4  -3   1   6  -4  -3  -2    0   0   6  11   0   0   0   3   0   0   0   0   0   0   0   8  72   0   0   0  0.91 0.30
  170 K    -2   2  -2   0  -3  -1   2  -3  -2   1  -1   1  -2  -1   4  -2  -2  -3   1  -1    0  13   0   3   0   0  18   0   0  15   5   9   0   3  25   0   0   0   6   3  0.38 0.14
  171 E    -2   0   0   1  -3   1   4  -2   0   0  -2   1  -2   1  -2   0  -1  -3  -2   0    0   4   3   7   0   5  39   2   3  10   0   6   0   7   0   8   0   0   0   6  0.29 0.14
  172 N    -3  -2   8  -1  -5  -2  -1  -2  -1  -5  -5  -1  -4  -5  -4  -1  -1  -6  -4  -5    0   0  91   0   0   0   3   0   0   0   0   2   0   0   0   0   3   0   0   0  1.68 0.41
  173 R    -3   7   1  -3  -5  -1  -2  -4  -2  -5  -4   2  -3  -4  -4  -2  -3   5  -3  -4    0  75   7   0   0   0   0   0   0   0   0  10   0   0   0   0   0   9   0   0  1.31 0.33
  174 N    -3  -2   5   5  -5  -1   2   0  -2  -5  -5  -2  -4  -5  -3  -1  -2  -5  -4  -4    0   0  36  45   0   0  11   6   0   0   0   0   0   0   0   2   0   0   0   0  1.00 0.26
  175 H     1   2  -1   0  -2  -1   1  -1   1   1  -1   0   0  -2  -2   1   0  -3   0   0   12  14   0   3   0   0  11   2   4  13   4   2   2   0   0  18   2   0   3   9  0.09 0.08
  176 L     0  -3  -4  -4  -2  -3  -2  -4  -4   3   4  -3   1  -1  -3  -3   0  -3  -2   2    6   0   0   0   0   0   3   0   0  18  52   0   0   0   0   0   4   0   0  17  0.49 0.17
  177 L     0   0  -3  -2  -3  -2  -2  -3  -2  -1   1  -1  -1   3   4  -1  -2   2   2   0   10   5   0   3   0   0   0   0   0   0  18   3   0  17  25   2   0   3   7   7  0.38 0.13
  178 P    -1   0   1   1  -3   0   3   0  -1  -3  -2   1  -2   1   1   1   0  -3   0  -2    3   2  10   5   0   3  24   5   0   0   2   7   0  10   8   9   7   0   3   0  0.21 0.09
  179 D     0   2  -1   2  -4   2   4  -3  -1  -2  -3   3  -2  -4  -2  -1  -1  -4  -3  -3    7   8   0  10   0   9  37   0   0   3   0  23   0   0   0   0   2   0   0   0  0.53 0.18
  180 I     0  -4  -4  -4  -2  -4  -4  -4  -4   6   1  -4   0  -2  -4  -3  -2  -4  -3   3   10   0   0   0   0   0   0   0   0  61   8   0   0   0   0   0   0   0   0  21  0.76 0.24
  181 V     0  -3  -3  -4  -2  -3  -3  -4  -3   1   4  -3   2   0  -3  -1   0  -3   0   1   11   0   0   0   0   0   0   0   0   2  55   0   6   3   0   3   5   0   3  11  0.42 0.16
  182 T    -1   1   3   1  -3   0   1   0   2  -2  -3   2   1  -3  -2   1   0  -3  -1  -2    2   7  18   9   0   0   9   5   8   2   0  18   6   0   0   8   4   0   2   2  0.23 0.10
  183 C     0   2  -2  -2   0   0   1  -3   1   0   1   1  -1  -1  -3  -1  -1  -2   2   1   12  19   0   0   2   2  11   0   5   2  16   6   0   0   0   0   0   0   9  15  0.14 0.10
  184 V    -2  -4  -4  -5  -2  -3  -4  -5  -4   4   4  -4   1   0  -4  -3  -2  -3  -2   2    0   0   0   0   0   0   0   0   0  36  42   0   2   3   0   0   0   0   0  16  0.66 0.19
  185 Q    -1   3  -1  -1  -3   2   1  -3  -1  -1   0   3   0  -3  -2   0   0  -3  -2  -2    3  19   0   0   0   7  11   0   0   3  10  32   4   0   0   8   4   0   0   0  0.31 0.12
  186 S     0  -1  -1  -1  -2   2   2  -1  -1  -2  -1   1  -1   0  -2   3   1  -3  -2  -1    4   0   0   0   0   9  17   3   0   0   5   9   0   6   0  34   5   0   0   6  0.20 0.09
  187 S     1  -1   2  -1  -2  -1   0   0  -1  -1  -1  -1   1  -2  -2   3   0  -3  -2  -1    7   0  16   0   0   0   7   6   0   6   6   0   7   0   0  44   0   0   0   0  0.23 0.08
  188 R    -2   4  -2  -3  -3   0  -1  -3  -2   1   2   2   0  -1  -3  -2  -1  -3  -2  -1    0  48   0   0   0   0   0   0   0   9  34  10   0   0   0   0   0   0   0   0  0.37 0.07
  189 K    -1   2   0  -1  -3   1   1  -2  -1  -3  -3   5  -2  -3  -1   0  -1  -3  -2  -3    0   0   0   0   0   0   0   0   0   0   0 100   0   0   0   0   0   0   0   0  0.63 0.04

                      K         Lambda
Standard Ungapped    0.1391     0.3192
Standard Gapped      0.0418     0.2670
PSI Ungapped         0.1365     0.3173
PSI Gapped           0.0418     0.2670
