
Last position-specific scoring matrix computed, weighted observed percentages rounded down, information per position, and relative weight of gapless real matches to pseudocounts
            A   R   N   D   C   Q   E   G   H   I   L   K   M   F   P   S   T   W   Y   V   A   R   N   D   C   Q   E   G   H   I   L   K   M   F   P   S   T   W   Y   V
    1 Q    -3  -2   0   4  -6   6   4  -4  -2  -5  -5  -1  -4  -6  -4  -2  -3  -5  -4  -5    0   0   2  26   0  42  30   0   0   0   0   0   0   0   0   0   0   0   0   0  1.24 0.44
    2 V     0  -4  -4  -4  -3  -1  -4  -4  -4   4   0  -3   0  -3   0  -1   0  -4  -3   5    7   0   0   0   0   4   0   0   0  23   6   0   1   0   4   4   3   0   0  47  0.62 0.29
    3 Q    -1  -1  -2  -3  -4   6  -1  -4  -2  -2  -2   2   1  -4  -4  -2   1  -5  -4   3    4   1   1   0   0  44   1   0   0   0   2  11   4   0   0   1   7   0   0  23  0.74 0.40
    4 L    -4  -5  -6  -6  -4  -5  -5  -6  -5   0   5  -5   5  -2  -5  -5  -1  -3  -4   3    0   0   0   0   0   0   0   0   0   2  62   0  13   0   0   0   3   0   0  20  1.16 0.48
    5 Q    -2  -3  -3  -4  -4   4   0  -5  -1   1  -1   0  -2  -4  -4  -2   5  -5  -4   2    1   0   0   0   0  22   5   0   1   9   4   5   0   0   0   0  38   0   0  15  0.69 0.42
    6 E    -4  -3  -4  -3  -7   8   4  -6  -3  -6  -6  -2  -4  -7  -5  -4   0  -6  -5  -6    0   0   0   0   0  71  23   0   0   0   0   0   0   0   0   0   7   0   0   0  2.00 0.79
    7 S    -1  -4  -2  -3  -4  -1   0  -4  -4  -5  -4  -3  -4  -5   4   5   2  -3  -5  -4    2   0   1   0   0   2   6   0   0   0   1   0   0   0  22  50  14   0   0   0  1.03 0.52
    8 G    -3  -4  -1  -1  -5  -4   0   4  -2  -6  -5  -4  -5  -6   6   1  -2  -6  -5  -5    1   0   2   2   0   0   7  34   1   0   1   0   0   0  41   9   2   0   0   0  1.23 0.50
    9 P     2   1  -2  -2  -3  -2  -1   2  -1  -4  -1  -1  -3  -3   3   3  -1  -5  -4  -3   21   7   0   1   0   0   2  15   1   0   6   2   0   1  15  26   1   0   0   0  0.46 0.30
   10 G     0  -1  -2  -1  -1  -1   1   2  -1  -2  -1  -1  -1  -1  -3   2  -1  -3   1   1    6   3   0   3   1   0  13  16   1   1   6   2   1   2   0  24   2   0   6  11  0.18 0.20
   11 L    -2  -4  -4  -5  -3  -4  -4  -5  -5   1   4  -4   1  -2  -4   1   1  -4  -3   3    1   0   0   0   0   0   0   0   0   5  50   0   3   1   0  13   8   0   0  19  0.71 0.38
   12 V     2  -2  -4  -5  -3  -4  -3  -2  -5   1  -1   0  -2  -2  -4  -1   1  -5  -4   5   16   2   0   0   0   0   1   2   0   4   3   6   0   2   0   3   8   0   0  54  0.72 0.41
   13 K     0   0  -2  -3  -4   3  -1  -3  -3  -4  -3   4  -3  -3  -1   3   1  -5  -4   0    8   3   0   0   0  15   2   0   0   0   2  27   0   1   3  25   7   0   0   7  0.50 0.35
   14 P     0  -1  -4  -4  -5  -2   1  -3  -5  -4   0  -3  -1  -5   7  -3   1  -6  -5  -1    7   3   0   0   0   1  11   2   0   0  12   0   1   0  48   0   9   0   0   5  1.06 0.48
   15 S    -3  -2   0  -4  -6  -5  -4   7  -5  -7  -7  -2  -3  -6  -5   0  -1  -6  -6  -6    0   2   5   0   0   0   0  78   0   0   0   2   1   0   0   6   5   0   0   0  1.69 0.65
   16 E     2  -1  -2   1  -5   4   3   2   0  -5  -4  -1  -3  -5  -3  -1  -2  -5  -4  -4   16   2   0   9   0  24  20  17   2   0   1   1   0   0   1   4   2   0   0   0  0.58 0.36
   17 T    -1   2   1  -2  -4  -1  -1  -3  -3  -2  -3   0   1  -5   0   4   3  -5  -4  -3    2  11   5   1   0   2   2   1   0   3   1   6   3   0   4  37  21   0   0   1  0.55 0.38
   18 L     2  -4  -5  -6  -4  -5  -5  -5  -3   0   2  -3  -1  -3  -5  -3  -2  -5  -4   5   20   0   0   0   0   0   0   0   1   3  23   1   0   0   0   1   1   0   0  50  0.92 0.47
   19 S    -3   2   0  -3  -4   1  -3  -4  -4  -1  -3   3   0  -5  -4   2   5  -5  -4  -3    0  13   4   0   0   5   0   0   0   3   2  19   2   0   0  14  37   0   0   0  0.71 0.43
   20 L    -4  -5  -6  -7  -4  -5  -6  -7  -6   5   5  -6   3  -1  -6  -5  -4  -5  -4   0    0   0   0   0   0   0   0   0   0  29  57   0   7   2   0   0   0   0   0   4  1.30 0.54
   21 T    -3   1   1  -1  -4  -3  -1  -4  -1  -5  -4  -1  -4  -5  -4   5   4  -1  -5  -4    0   8   7   2   0   0   3   0   2   0   1   2   0   0   0  45  29   1   0   0  0.93 0.53
   22 C    -5  -8  -8  -8  12  -8  -9  -7  -8  -6  -6  -8  -6  -7  -8  -6  -6  -7  -7  -6    0   0   0   0 100   0   0   0   0   0   0   0   0   0   0   0   0   0   0   0  4.41 1.24
   23 T     1   2  -1  -2  -3   1   1  -2  -1   0  -3   3  -2  -4  -3   1   3  -2  -3  -1   10  12   1   1   0   7   7   2   1   6   0  18   1   0   0   7  21   0   0   3  0.31 0.24
   24 V     4  -3  -3  -3  -2  -3  -3   0  -3   0  -1  -3  -1   0  -2   1   0  -3   2   2   36   0   0   0   0   0   1   5   0   4   6   1   1   4   2  11   6   0   7  15  0.34 0.25
   25 S    -1  -3  -1  -3  -4  -2  -1  -3  -3  -4  -4   0  -4  -4  -3   6   2  -4  -2  -4    2   1   1   1   0   1   3   1   0   1   1   5   0   0   1  71   9   0   1   1  1.24 0.56
   26 G    -2  -2   0   0  -3   1  -1   5  -3  -4  -2   0  -3  -4  -2   1  -1  -3  -3  -3    1   1   4   4   0   8   3  50   0   1   5   5   0   1   2   9   3   0   1   1  0.69 0.30
   27 A    -1  -2  -1   0  -4   3  -2  -1   2   0  -2  -2  -2   4   0   1  -2  -2   3  -3    4   1   2   5   0  14   1   5   6   6   1   1   0  22   4  13   1   0  12   0  0.35 0.26
   28 S    -1  -3   0   1  -3  -2  -1  -2  -1   0  -1  -2  -1  -3   0   3   3  -4  -1   0    1   0   4  10   0   0   2   1   2   7   7   1   1   0   5  27  20   0   2   7  0.30 0.25
   29 I    -2  -2  -2  -2  -3  -3  -3  -2  -2   2   2  -3   0   4  -1  -1   0  -2   1   1    3   2   2   3   0   1   1   2   1  15  19   1   1  25   2   6   5   0   3   8  0.32 0.20
   30 S    -1  -2   0  -1  -3  -2  -2   2   0  -2  -4  -2  -3  -4  -1   4   3  -4  -1  -2    1   2   4   3   0   0   2  15   2   2   1   2   0   0   3  37  22   0   2   2  0.55 0.35
   31 S    -2  -1   3   1  -4   0  -2   1   2  -2  -4  -1  -3  -4  -1   4   0  -4  -3  -2    1   3  13   9   0   3   1  10   6   2   1   2   0   0   3  36   5   0   1   3  0.45 0.32
   32 Y    -3  -3   2  -1  -4  -3  -2  -2   1  -2  -3  -2  -2   1  -1   0   1  -2   7  -3    1   1  12   3   0   1   1   2   3   2   2   2   1   4   3   7   8   0  43   1  0.84 0.44
   33 Y     1   1  -1   0  -2  -2  -2   0  -1  -2  -3  -2  -3   1  -2   0   0   6   5  -3   10   7   3   5   1   1   1   8   1   2   2   1   0   5   2   6   6  10  26   1  0.49 0.28
   34 W    -1  -5  -5  -6  -4  -4  -5  -5  -5   3   3  -5   7  -3  -3  -4  -3   4  -3   2    4   0   0   0   0   0   0   0   0  17  27   0  30   0   1   0   0   6   0  12  1.03 0.48
   35 S     0  -2   3  -1  -3   0  -1  -1   5  -4  -2  -2  -3   2  -4   2  -2  -1   4  -3    9   1  14   2   0   4   3   4  14   0   3   1   0   8   0  18   1   1  16   0  0.43 0.30
   36 W    -7  -3  -8  -9  -7  -7  -8  -7  -7  -7  -5  -8  -6  -4  -8  -5  -7  13  -3  -8    0   2   0   0   0   0   0   0   0   0   1   0   0   0   0   1   0  96   0   0  4.86 1.40
   37 I    -4  -5  -6  -6  -5  -5  -3  -6  -1   1  -1  -5  -3   3  -6  -2  -4  -2   7   4    1   0   0   0   0   0   2   0   1   7   6   0   0   9   0   3   0   0  44  27  1.32 0.59
   38 R    -5   6  -3  -5  -6   6  -3  -6  -2  -5  -2   1  -4  -3  -5  -4  -4  -6  -5  -1    0  44   1   0   0  36   0   0   1   0   4   8   0   1   0   0   0   0   0   4  1.42 0.67
   39 Q    -5  -2  -4  -5  -7   9  -1  -3  -4  -7  -7  -1  -5  -7  -6  -4  -5  -6  -2  -7    0   1   0   0   0  89   2   2   0   0   0   2   0   0   0   0   0   0   1   0  2.60 1.04
   40 P     2   2  -2   1  -4  -1  -2  -2   1  -4  -3   4  -2  -2   2   0   0  -4   0  -2   19   9   1   8   0   1   1   2   4   0   2  26   1   1  10   5   5   0   4   1  0.35 0.28
   41 P    -1  -4  -4  -3  -5  -3  -4  -5  -1  -3  -1  -3  -2  -5   8   0  -1  -6  -5  -3    4   1   0   1   0   1   0   0   2   1   6   1   1   0  68   7   4   0   0   1  1.75 0.66
   42 G    -1  -3   1   1  -6  -1  -1   6  -1  -6  -6  -3  -2  -6  -5  -2  -4  -6  -6  -4    3   1   5   8   0   2   4  68   1   0   0   1   1   0   0   2   0   0   0   1  1.34 0.56
   43 K    -2   0   0  -3  -6   5   1  -1   2  -6  -4   5  -4  -6  -1  -1  -2  -5  -4  -5    2   4   4   0   0  27   7   4   5   0   1  36   0   0   4   4   2   0   0   0  0.82 0.47
   44 G     2  -1  -1  -3  -3   0  -1   4  -1  -5  -4  -1  -4  -4   2   1  -1  -5  -2  -4   19   3   2   0   0   5   3  38   1   0   1   3   0   0  10  10   3   0   2   0  0.60 0.34
   45 L    -3  -1  -4  -5  -5  -2  -5  -4  -5  -2   4  -3  -2   1   6  -4  -4  -5  -2  -2    1   3   1   0   0   2   0   1   0   1  42   1   0   6  38   1   0   0   1   2  1.12 0.53
   46 E    -4   2  -3  -2  -6   3   5  -5  -3  -4  -3   3  -4  -6  -4  -3  -2  -6  -5  -2    0  10   1   0   0  13  45   0   0   1   3  21   0   0   0   0   2   0   0   4  1.02 0.54
   47 W    -3  -3  -6  -3  -2  -5  -4  -4   0  -3   3  -5  -3   4  -5  -4  -2   9   2  -3    2   1   0   2   1   0   1   1   2   1  32   0   0  14   1   1   2  33   6   0  1.44 0.59
   48 I    -4  -5  -6  -6  -4  -5  -6  -6  -6   4   5  -3   3  -2  -6  -5  -1  -5  -4   2    0   0   0   0   0   0   0   0   0  24  53   1   7   0   0   0   4   0   0  11  1.10 0.50
   49 G     1  -4  -3  -4  -3  -3  -4   3  -1   4   0  -3   1   0  -3  -1  -1  -4  -2   0   12   0   0   0   0   0   0  25   2  33   8   0   4   3   1   4   2   0   1   3  0.47 0.29
   50 Y    -2   1  -1  -3  -4  -1  -1  -3  -1  -1  -1  -1  -2   0  -4   0  -1   3   7  -1    2   8   2   1   0   3   4   2   0   3   7   4   0   2   0   7   3   3  42   4  0.70 0.38
   51 I    -2  -1  -2  -3  -2  -2  -2  -3  -2   4   0  -2  -1   1  -3  -1  -1   3   4   1    2   3   2   1   0   1   2   2   0  33   7   2   1   6   1   6   3   5  16   6  0.42 0.22
   52 G     0   1   2   1  -2   0   0   0   0  -2  -2   0  -2   0   0   1   0   0   3  -1    7   9  11   7   0   3   3   6   2   1   2   4   1   4   5  12   4   1  12   4  0.12 0.10
   53 G     0  -1   2   0  -2  -1  -1   0   0  -1  -1  -1  -2  -2   0   3   1   0   1  -2    4   2  11   5   0   1   2   6   2   3   5   3   1   1   5  29   8   1   6   3  0.21 0.16
   54 E     0  -1   2   2  -2   0   1   1  -1  -2  -2   0  -2  -2   0   2   0  -3  -2  -2    5   3  10  15   1   5   6  10   1   3   3   5   1   2   4  19   5   0   1   2  0.19 0.12
   55 G     0   0  -1   1  -3   0   0   4  -2  -3  -3   1  -3  -2  -3   1  -1  -1   0  -1    6   5   2   8   0   3   7  33   0   1   2   9   0   2   1  11   2   1   4   4  0.32 0.20
   56 S     1  -2   1   2  -3   0   0   1  -2  -2  -2  -1  -1  -3  -1   2   1  -3   0  -1   12   1   9  13   0   4   6  10   0   2   3   2   2   1   3  15  10   0   3   4  0.16 0.14
   57 T    -2  -1   1  -1  -3   0  -1  -3   0   0  -2   1  -2  -1   0   3   4  -4  -2  -1    1   3   6   3   0   4   3   1   2   7   3   8   0   2   4  22  27   0   1   3  0.32 0.26
   58 N    -2   0   4   0  -3   0   1   0   1  -2  -2   0  -1  -2  -3   0   1  -3   3  -2    2   5  23   4   0   3   8   6   4   2   4   5   2   1   0   7  10   0  12   2  0.27 0.21
   59 Y    -3   3  -3  -2  -4   0  -1  -4   0  -2   1   0  -3  -1  -2  -1  -2   0   7  -3    1  14   0   3   0   5   3   1   2   1  15   6   0   0   2   4   3   1  37   1  0.70 0.39
   60 N     2  -2   2   0  -3   0  -1   1   1  -2  -2  -1  -3  -2   1   1  -1  -3   1  -1   25   1  13   4   0   3   4  11   4   2   2   2   0   1   7  10   2   0   6   4  0.21 0.19
   61 P    -1  -1  -1   2  -4   2   1   1  -3  -4  -4  -1  -4  -5   3   3   0  -5  -4  -4    3   2   1  13   0  12   9   9   0   1   0   2   0   0  15  27   4   0   0   1  0.51 0.33
   62 S    -1  -1  -1   0  -4  -2   0   4  -2  -4  -3   1   0  -4  -2   2  -1   2  -4  -3    3   3   2   4   0   1   7  36   1   0   2  11   3   0   2  18   2   3   0   1  0.50 0.31
   63 L    -2  -4  -5  -5  -4  -4  -5  -5  -2   3   2  -3  -2   4  -2  -4  -1  -4  -2   5    3   0   0   0   0   0   0   0   1  13  15   2   0  18   3   0   3   0   0  42  0.77 0.39
   64 K    -4   0  -2  -4  -6   2  -1  -5   0  -5  -6   4  -5  -6   6   0  -2  -6  -5  -5    0   3   2   0   0  10   3   0   2   1   0  31   0   0  41   6   2   0   0   0  1.28 0.58
   65 S     0  -1  -1   3  -4  -2   1   4  -3  -5  -5   1  -4  -5  -2   3  -2  -5  -5  -3    7   2   2  18   0   0   8  29   0   0   0   9   0   0   2  21   1   0   0   1  0.59 0.35
   66 R    -3   8  -3  -5  -7  -2  -4  -1  -3  -6  -6   2  -5  -6  -6  -4  -3  -3  -5  -3    2  76   1   0   0   1   0   5   0   0   0  11   0   0   0   0   1   0   0   2  1.86 0.75
   67 V    -2  -5  -2  -3  -5  -5  -5  -6  -4   0  -1  -5  -1   8  -6  -3  -2  -3   2   1    4   0   2   2   0   0   0   0   0   6   5   0   1  59   0   2   3   0   4  12  1.34 0.56
   68 T    -2  -2  -3  -1  -4  -2  -1  -4   0  -1  -4  -1  -2  -5  -4   4   5  -5  -1  -2    1   1   0   2   0   1   4   0   2   4   0   4   1   0   0  37  36   0   2   2  0.83 0.49
   69 I     1  -5  -4  -4  -4  -4  -4   4  -5   4   0  -4   0   0  -4  -2  -3  -1  -4   1   14   0   0   0   0   0   0  32   0  28   9   0   2   4   0   2   0   1   0   8  0.63 0.36
   70 S    -1  -4  -1  -4  -4  -2  -1  -3  -2  -5  -3  -2  -4   0  -2   6   3  -5  -4  -4    3   0   1   0   0   1   4   1   1   0   2   1   0   5   1  63  16   0   0   0  1.11 0.60
   71 V     0   3  -1  -1  -1   0   0  -2  -2  -1   0   2   0   0   0  -1  -1  -2  -2   0    6  24   2   4   2   2   6   3   1   3   9  13   3   5   4   2   4   0   1   9  0.16 0.12
   72 D    -1  -1   1   5   0   0   0  -1   0  -1  -1  -1  -2  -2   1   0  -1  -2  -2  -2    5   4   7  37   2   3   3   3   2   4   7   3   1   1   6   6   2   0   1   2  0.37 0.17
   73 T    -1  -1   2   0  -3  -2  -2   3  -3  -3  -4   2  -2  -1   0   0   2  -4  -3  -2    4   2  12   4   0   0   1  23   0   0   1  16   1   3   4   7  16   0   0   3  0.35 0.24
   74 S     1  -3  -2   0  -4  -1  -2  -2  -4  -5  -4   1  -4  -5  -1   6   0  -5  -3  -4   10   0   1   5   0   2   1   2   0   0   1   7   0   0   3  61   5   0   1   0  0.97 0.53
   75 K    -1   1   0   0  -4   0  -1   3  -2  -3  -4   2  -2  -4  -1   1   0  -5  -4  -3    3   9   4   6   0   5   3  27   1   2   0  17   1   0   2  13   5   0   0   1  0.39 0.26
   76 N    -1  -2   5  -1  -4  -2  -2  -1  -3  -4  -3  -2  -4  -5  -4   4   4  -5  -4  -4    3   2  25   2   0   1   1   4   0   0   2   2   0   0   0  30  25   0   0   0  0.80 0.46
   77 Q    -1  -1   1   3  -4   2   0  -3   2  -1  -2  -1  -2  -2  -2   1   3  -4  -2  -3    3   2   7  17   0  11   5   0   5   4   3   2   1   2   1  12  23   0   1   1  0.33 0.26
   78 F     2  -2  -4  -5   0  -4  -4  -2  -4  -2   1  -4  -2   5  -1   0  -2  -3   2   1   20   2   0   0   2   0   0   3   0   0  15   0   0  32   3   6   2   0   6   9  0.55 0.35
   79 S    -1  -2  -2  -3  -4  -3  -3  -4   2  -1  -3  -3  -3   2  -4   3   4  -3   5  -2    5   2   2   1   0   0   1   0   5   3   2   0   0   7   0  21  24   0  25   3  0.69 0.43
   80 L    -5  -6  -7  -7  -5  -6  -6  -7  -6   1   6  -6   4  -1  -6  -6  -4  -5  -4  -2    0   0   0   0   0   0   0   0   0   6  82   0   9   2   0   0   0   0   0   0  1.69 0.69
   81 K    -3   0   1  -1  -4   4   1  -4   2  -2  -3   2  -3  -5  -3   0   4  -5  -4  -4    1   5   7   2   0  20  10   0   4   3   2  11   0   0   0   4  31   0   0   0  0.60 0.40
   82 L    -4  -5  -6  -6  -4  -5  -6  -7  -6   6   2  -1   6  -2  -6  -5  -4  -1  -4   0    0   0   0   0   0   0   0   0   0  50  21   4  19   1   0   0   0   1   0   3  1.32 0.57
   83 R    -1  -1   3  -1  -2   1  -3  -2   1  -3  -4  -2   1  -5  -2   5   2  -5  -4  -3    4   3  13   2   0   6   0   2   3   1   0   1   4   0   2  44  12   0   0   1  0.65 0.44
   84 S    -1   1   3   0  -3  -3  -2   2  -3  -5  -5  -2  -5  -5   0   5  -1  -6  -2  -5    3   8  15   5   0   0   2  13   0   0   0   1   0   0   5  44   2   0   2   0  0.71 0.45
   85 V     0  -5  -5  -6  -4  -4  -5  -5  -5   1   4  -5   3  -3  -4  -1  -1  -5  -4   3    9   0   0   0   0   0   0   0   0   5  48   0   7   0   0   5   3   0   0  24  0.82 0.43
   86 T    -3   3  -2  -1  -5   5   3  -5   0  -5  -5   2  -4  -6  -3  -1   2  -5  -4  -5    0  14   1   2   0  30  17   0   2   0   0  14   0   0   1   2  14   0   0   0  0.84 0.48
   87 A     2  -3  -3  -3   2   0  -1  -3  -4  -3  -1  -1   0  -3   4   2   1  -1  -3  -1   22   0   0   0   4   4   2   1   0   0   6   3   2   1  25  17   8   1   1   4  0.53 0.34
   88 A     0  -2  -1   1  -6   0   6   0  -3  -5  -5  -1  -3  -6  -4   1  -2  -6  -5  -2    9   1   3   7   0   3  54   6   0   0   0   2   0   0   0  10   2   0   0   3  0.90 0.50
   89 D    -6  -2  -2   8  -8  -1  -2  -6  -5  -8  -8  -5  -7  -8  -6  -4  -5  -9  -7  -8    0   2   0  93   0   2   1   0   0   0   0   0   0   0   0   0   0   0   0   0  2.65 0.96
   90 T     1  -3  -3  -2  -4  -3   2  -4  -4  -2  -3  -3   0   0  -4   3   5  -5  -4  -1   11   1   0   2   0   0  14   0   0   2   1   0   2   5   0  25  34   0   0   3  0.66 0.45
   91 A     6  -5  -4  -2  -4  -4  -4   3  -5  -5  -5  -4  -5  -6  -4  -1  -2  -6  -5  -3   75   0   0   2   0   0   0  17   0   0   0   0   0   0   0   3   2   0   0   1  1.47 0.67
   92 V    -2  -2  -2   1  -3  -3  -1  -4  -3   1   0  -3   3  -1  -4  -1   3  -4  -2   4    0   1   1  11   0   0   3   0   1   6   6   0   8   3   0   4  24   0   1  31  0.49 0.33
   93 Y    -6  -6  -7  -8  -7  -6  -7  -8  -3  -6  -3  -6  -5   0  -8  -6  -6  -2  10  -6    0   0   0   0   0   0   0   0   0   0   3   0   0   2   0   0   0   0  95   0  3.35 1.09
   94 Y    -6  -6  -6  -7  -6  -3  -6  -7   1  -5  -1  -6  -4   5  -7  -6  -2  -2   9  -5    0   0   0   0   0   1   0   0   3   0   6   0   0  22   0   0   3   0  64   0  2.20 0.80
   95 C    -5  -8  -8  -9  12  -8  -9  -7  -8  -6  -6  -8  -6  -7  -8  -6  -6  -7  -7  -6    0   0   0   0 100   0   0   0   0   0   0   0   0   0   0   0   0   0   0   0  4.42 1.24
   96 A     5  -3  -3  -4  -2   2  -2  -1  -2  -3  -1  -3   2  -4  -3  -1   0  -4  -4  -1   58   0   0   0   0  11   1   4   1   0   5   0   6   0   0   2   5   0   0   5  0.77 0.42
   97 R    -2   5  -2  -3   0   4  -1  -2  -1  -2  -1   0  -2  -4  -3   1  -2  -4  -3   0    3  33   1   1   3  21   2   3   1   1   6   4   0   0   0  12   1   0   0   8  0.53 0.31
   98 E    -1  -1  -1   1  -3   0  -1   2   1  -2  -2  -2  -1   0  -3   2   0   4   3  -2    2   3   2  10   0   5   1  14   3   3   3   1   1   3   0  21   6   6  13   2  0.26 0.20
   99 R     0   1   1   1  -3  -1  -1   0   2  -1  -1  -1  -2  -1  -1   0   0   0   2   0    9   8   9  11   0   1   1   6   8   2   6   2   0   2   2   7   6   1  11   7  0.10 0.11
  100 L     0  -2  -1  -2  -3  -2   0   2   0  -1  -1  -1   0   0  -1   2   1  -1   3  -2    7   1   3   1   0   0   6  15   2   3   7   3   2   4   3  18   8   0  16   1  0.17 0.16
  101 G     1  -2   0  -2  -3  -2   0   3  -2  -3  -2  -2  -1   1   0   2  -1   3   3  -2    9   1   3   1   0   0   7  24   0   0   3   1   1   6   4  18   3   5  10   2  0.30 0.21
  102 I    -1  -3  -1  -2  -4  -2  -1   0  -1  -2  -1  -3  -3   1   4   0   0   2   5  -3    3   0   4   2   0   1   5   9   1   3   5   0   0   5  23   8   7   2  22   1  0.48 0.28
  103 G     0  -2   1  -2  -3  -2   0  -2  -1  -2  -1   0   1   3   2   1   0   2   2  -1    7   0   7   0   0   0   5   3   1   1   6   6   5  16  12  13   6   3   7   4  0.18 0.16
  104 D    -1   0   2   3  -3   1   0  -2  -2  -1   0   0   0  -1  -2   0   1  -3  -1  -1    5   5   9  23   0   6   3   2   0   3  12   4   2   2   1   5  12   0   2   3  0.18 0.15
  105 Y    -2  -3  -2  -3  -3  -2  -3  -3   2   1  -1  -1  -1   0  -3  -2   2  -2   5   2    2   1   1   1   0   1   1   2   6   7   4   3   1   3   1   2  17   0  28  20  0.50 0.27
  106 W    -5  -6  -6  -7  -6  -6  -6  -6  -5  -4  -2  -6  -4   8  -7  -3  -5   9   1  -3    0   0   0   0   0   0   0   0   0   0   2   0   0  62   0   2   0  29   2   1  2.41 0.74
  107 G    -2  -6  -4  -5  -6  -5  -6   7  -6  -7  -7  -5  -6  -7  -6  -4  -5  -6  -7  -7    3   0   0   0   0   0   0  97   0   0   0   0   0   0   0   0   0   0   0   0  2.40 0.74
  108 Q     1  -2  -2  -2  -4   3   0   2  -3  -4  -4   1  -3  -5   2   2   2  -4  -4  -3   12   0   0   1   0  19   6  19   0   0   0   7   0   0   9  14  12   0   0   0  0.45 0.28
  109 G    -3  -6  -4  -5  -6  -5  -6   8  -6  -7  -7  -5  -6  -7  -6  -4  -5  -6  -7  -4    0   0   0   0   0   0   0  99   0   0   0   0   0   0   0   0   0   0   0   1  2.46 0.75
  110 T    -3  -5  -4  -5  -4  -4  -4  -5  -5  -4  -5  -4  -4  -6  -5   0   8  -6  -5  -4    0   0   0   0   0   0   0   0   0   0   0   0   0   0   0   5  95   0   0   0  2.23 0.79
  111 L    -3   3  -2  -2  -4   0   1  -4  -1  -2   1   4   1  -2  -3  -1   2  -4  -3  -3    0  19   0   1   0   2  10   0   1   1  15  31   3   1   1   2  14   0   0   0  0.50 0.30
  112 V    -4  -5  -6  -6  -4  -5  -6  -6  -6  -1   5  -5  -1  -3  -6  -5  -4  -5  -4   4    0   0   0   0   0   0   0   0   0   0  67   0   0   0   0   0   0   0   0  33  1.35 0.52
  113 T    -2  -3  -3  -3  -3  -1  -2  -4  -2   0  -1  -2  -2  -4  -4   2   6  -5  -4   1    0   0   0   0   0   2   2   0   1   4   6   2   0   0   0  14  56   0   0  11  0.81 0.41
  114 V    -3  -6  -6  -6  -4  -5  -6  -6  -6   2  -2  -5  -2  -2  -5  -5  -3  -6  -4   7    0   0   0   0   0   0   0   0   0   6   0   0   0   1   0   0   0   0   0  93  1.81 0.61
  115 S     0  -2  -1  -2  -2  -2  -2  -2  -2  -3  -4  -2  -3  -4  -2   5   4  -4  -3  -3    0   0   0   0   0   0   0   0   0   0   0   0   0   0   0  74  26   0   0   0  0.94 0.27
  116 S     2  -2  -1  -2  -2  -1  -1  -1  -2  -3  -3  -1  -3  -4  -2   5   0  -4  -3  -2   20   0   0   0   0   0   0   0   0   0   0   0   0   0   0  80   0   0   0   0  0.82 0.21

                      K         Lambda
Standard Ungapped    0.1299     0.3124
Standard Gapped      0.0527     0.2670
PSI Ungapped         0.1721     0.3176
PSI Gapped           0.0527     0.2670
