
Last position-specific scoring matrix computed, weighted observed percentages rounded down, information per position, and relative weight of gapless real matches to pseudocounts
            A   R   N   D   C   Q   E   G   H   I   L   K   M   F   P   S   T   W   Y   V   A   R   N   D   C   Q   E   G   H   I   L   K   M   F   P   S   T   W   Y   V
    1 V     4  -4  -4  -4  -2  -3  -3  -3  -4   1   0  -3  -1  -3  -3  -2  -1  -4  -3   5   39   0   0   0   0   0   0   0   0   6   5   0   0   0   0   0   0   0   0  50  0.66 0.22
    2 R    -4   5  -3  -4  -6  -1   0  -5  -3  -6  -5   6  -4  -6  -4  -3  -4  -6  -5  -5    0  34   0   0   0   0   3   0   0   0   0  62   0   0   0   0   0   0   0   0  1.63 0.49
    3 D    -4  -4   2   7  -6  -3   3  -4  -1  -6  -7  -3  -6  -7  -5  -1  -4  -7  -6  -6    0   0   8  68   0   0  18   0   2   0   0   0   0   0   0   4   0   0   0   0  1.71 0.51
    4 A     1  -5  -4  -2  -5  -5  -5   7  -5  -6  -7  -5  -6  -6  -5  -3  -5  -6  -6  -4   10   0   0   2   0   0   0  87   0   0   0   0   0   0   0   0   0   0   0   2  1.98 0.56
    5 Y    -6  -6  -6  -8  -7  -6  -6  -7  -2  -6  -5  -6  -5   1  -7  -6  -6  -2  10  -5    0   0   0   0   0   0   0   0   0   0   0   0   0   4   0   0   0   0  96   0  3.31 0.92
    6 I    -1  -5  -5  -5  -4  -5  -5  -4  -5   5   2  -5   0  -1   5  -4  -4  -5  -4  -1    5   0   0   0   0   0   0   1   0  35  20   0   1   2  35   0   0   0   0   2  1.12 0.43
    7 A     2  -1  -3  -5  -3  -3  -4  -4  -4   0   1  -2   4  -1  -4  -3  -1  -4  -1   5   16   4   1   0   0   0   0   0   0   3  13   3  10   2   0   0   2   0   2  43  0.59 0.31
    8 K    -3   0   1   5  -5   1   2   1  -3  -4  -4   2  -3  -5  -4  -1  -2  -5  -1  -4    0   5   7  36   0   6  11  10   0   1   1  16   1   0   0   2   1   0   2   1  0.68 0.34
    9 P    -1   0   2   1  -4  -1  -1   0   2  -4  -3   1  -2  -3   4   2  -1   0   0  -2    4   5   9   9   0   1   3   6   5   0   1  11   1   1  19  16   1   2   4   2  0.34 0.21
   10 E    -2   0   2   3  -4  -2   1  -1   1  -3  -3   2  -3  -1  -3   0   1   4   2  -3    1   5  10  18   0   0   8   3   4   1   1  17   0   2   0   7  10   5   7   1  0.37 0.24
   11 N    -4  -1   6   0  -6  -3   0   5  -4  -6  -6  -3  -5  -6  -5  -3  -4  -6  -6  -6    0   4  39   3   0   0   7  47   0   0   0   0   0   0   0   0   0   0   0   0  1.39 0.54
   12 C    -4  -7  -1  -3  11  -6  -7  -3  -6  -5  -4  -1  -5  -2  -7  -5  -5  -6  -2  -5    0   0   3   2  84   0   0   2   0   0   1   5   0   2   0   0   0   0   1   0  3.12 0.89
   13 V     0   0   0  -4  -4  -2  -2  -3  -3  -2  -2   5  -1  -4  -3  -2   1  -5  -1   2    8   3   3   0   0   0   0   1   0   1   2  47   1   0   1   1  11   0   2  19  0.66 0.38
   14 Y    -3  -1  -2  -6  -5  -4  -5  -6  -1   1   0  -3   1   2  -3  -3  -2  -2   8   0    1   3   2   0   0   0   0   0   1   7   9   1   3   7   2   1   2   0  53   7  1.17 0.48
   15 E     0  -1   0   1  -3  -1   1   0   3  -1  -2  -1  -2   1  -1   2   1   3   1  -2    6   2   4   7   0   0  11   7   9   3   2   2   0   8   3  20   8   4   5   1  0.18 0.17
   16 C    -5  -7  -1  -7  12  -7  -2  -7  -7  -6  -6  -7  -6  -7  -7  -5  -5  -7  -7  -5    0   0   3   0  93   0   3   0   0   0   0   0   0   0   0   0   0   0   0   0  3.77 1.01
   17 G     0  -3   0  -2  -3  -3  -2   2  -3   0   0  -3   0   2  -2  -1  -1   3   1   1    7   0   5   2   0   0   2  21   0   5  10   0   2  13   1   3   4   5   6  15  0.20 0.16
   18 I    -1   0  -1   0  -3   0   0  -1  -2   1   0   1   0   2   1  -1   0  -2   0   0    2   6   1   5   0   2   7   5   0  12   9   9   2  10   8   4   7   0   3   7  0.05 0.07
   19 T    -2   1   6   2  -5  -2  -3   1  -2  -5  -5  -2  -4  -5  -4   1   0   3  -1  -3    1   8  47  10   0   0   0   8   0   0   0   2   0   0   0  11   4   4   2   2  0.88 0.40
   20 Q     0  -2   2   2  -4   0   2  -2   1  -4  -4   1  -4  -5   4   1  -1  -1  -4  -3    9   0  11  12   0   3  16   2   3   0   0  11   0   0  19  11   1   1   0   2  0.48 0.25
   21 D    -3  -4   0   0  -5  -4  -1   0   1  -4  -4  -3  -4   2  -1  -2  -4   3   8  -3    1   0   4   6   0   0   5   7   3   0   0   1   0   6   3   3   0   4  55   2  1.24 0.51
   22 C    -5  -8  -7  -8  12  -7  -8  -7  -8  -6  -6  -8  -6  -7  -7  -5  -5  -7  -7  -5    0   0   0   0 100   0   0   0   0   0   0   0   0   0   0   0   0   0   0   0  4.25 1.09
   23 N    -1  -1   5   4  -5  -1   1  -1  -1  -1  -2   1  -4  -5  -3  -1  -2  -5  -3  -2    5   2  31  28   0   1   6   4   1   3   3   7   0   0   1   2   1   0   1   4  0.61 0.32
   24 K    -1   1   3   2  -4  -1   0   0  -1  -3  -3   3  -2  -4   0   0   1  -5  -4  -3    3   9  14  14   0   0   5   8   1   1   1  20   1   0   5   7  10   0   0   1  0.33 0.21
   25 L    -3  -3  -2  -1  -4   0   5  -3  -3   1   3  -1   0  -2  -4  -3  -1  -4  -2   0    1   0   2   1   0   4  40   2   0   7  29   2   2   1   0   0   3   0   1   6  0.55 0.31
   26 C    -5  -8  -7  -8  12  -7  -8  -7  -7  -6  -6  -7  -6  -7  -7  -5  -5  -7  -7  -5    0   0   0   0 100   0   0   0   0   0   0   0   0   0   0   0   0   0   0   0  4.19 0.99
   27 T    -3   1  -3  -3  -5   1   0  -3  -2  -3  -3   6  -4  -5  -4   0   3  -5  -4  -3    1   5   0   0   0   4   4   1   1   2   2  55   0   0   0   6  20   0   0   1  0.95 0.42
   28 E     1   2  -1   0  -4   0   1  -1   0  -1  -1   3  -1  -3  -3   0  -1  -1  -2  -2   12   9   2   5   0   3  11   3   3   3   8  28   1   1   0   8   2   1   1   0  0.24 0.17
   29 N    -3   2   4  -2  -4   0   0  -3   3  -3  -1   3  -2  -2  -4  -2  -2   0   2  -1    1  12  24   1   0   4   4   0   8   1   7  20   1   1   0   1   0   1   8   5  0.44 0.25
   30 G    -2  -1  -1  -2  -5  -2  -3   5  -4  -6  -6   4  -5  -5  -4  -2  -3   1   0  -5    2   2   2   1   0   1   0  53   0   0   0  32   0   0   0   2   1   2   3   0  1.15 0.44
   31 A     5  -2  -4  -4  -4  -3  -4   5  -5  -4  -5  -4  -4  -5  -4  -2  -3  -5  -5   0   49   2   0   0   0   1   0  40   0   0   0   0   0   0   0   1   0   0   0   7  1.13 0.45
   32 E    -1   1  -1   2  -4   0   2  -2  -2  -4  -4   2  -3  -4  -1   2   2  -4  -2  -2    4   7   2  12   0   3  14   2   0   0   0  17   0   0   2  21  13   0   1   2  0.37 0.22
   33 S    -2  -2  -1   2  -4  -1  -2   0  -2  -3  -4   0  -4  -1  -4   4   0   0   5  -4    2   1   1  12   0   2   1   8   0   1   0   6   0   2   0  37   5   1  21   0  0.59 0.34
   34 G    -3  -6  -4  -5  -6  -5  -6   7  -6  -7  -7  -5  -6  -7  -6  -2  -5  -6  -7  -7    0   0   0   0   0   0   0  98   0   0   0   0   0   0   0   2   0   0   0   0  2.44 0.69
   35 Y    -4  -5  -5  -4  -6  -5  -5  -6   1  -4  -3  -1  -4   1  -6   0  -3  -2   9  -5    1   0   0   1   0   0   0   0   3   1   2   4   0   3   0   7   1   0  77   0  2.17 0.68
   36 C    -5  -8  -7  -8  12  -7  -8  -7  -7  -5  -5  -7  -6  -2  -7  -3  -5  -6  -6  -5    0   0   0   0  96   0   0   0   0   0   0   0   0   2   0   2   0   0   0   0  3.92 0.94
   37 Q     0   0  -1   0   3   2  -1   0  -1  -2  -2  -1  -2  -1  -2  -1  -2   5   5  -2    9   4   2   6   7  14   2   6   1   2   2   3   0   1   1   5   1   8  25   2  0.40 0.20
   38 W     0  -2  -2  -2  -2   0  -1  -1  -1  -1  -1  -2  -1   4  -2  -1   0   8   2  -2    8   2   1   2   1   4   4   4   1   4   5   2   1  18   2   4   8  24   5   2  0.61 0.18
   39 G     0  -1  -1  -1  -1  -1  -1   0  -1   0   1   0   0   1   0   0  -1   5   0   0   10   2   2   2   1   3   4   7   1   7  15   6   1   9   5   6   3   9   1   7  0.08 0.04
   40 G     0  -1   0  -1  -1   0   0   2   0   0   0   0   0  -1   0   0   0  -1   0   0    5   3   4   3   1   2   4  21   3   5   8   5   3   2   4   9   5   1   4   7  0.06 0.02
   41 K     0   1   0   0  -1   0   0   1  -1  -1  -1   1  -1  -1   2   0   0  -1  -1  -1    7   9   2   4   1   3   5  12   1   3   5  14   1   2  10   5   8   1   2   4  0.11 0.03
   42 Y    -2  -1  -2  -2  -2  -2  -1  -1   3  -2  -1  -2  -2   1  -2   0  -1   7   6  -2    2   4   1   2   1   1   3   5   7   2   6   2   1   4   2   6   2  16  31   3  0.65 0.20
   43 G     0  -1   1  -1  -2  -1  -1   5   0  -3  -2   1  -2  -3  -2  -1  -1   0  -2  -2    9   2   6   4   1   1   3  45   2   1   3   9   1   1   1   3   3   1   1   2  0.46 0.16
   44 N    -2  -2   3  -1  -3  -2  -2  -3  -2   0   2  -2   0   3   0  -1  -1   1  -1  -1    2   1  19   4   0   1   1   1   0   6  25   1   2  18   6   4   3   2   0   3  0.27 0.17
   45 A     5  -2  -3  -3  -3  -2  -3   0  -3  -3  -2  -2  -3  -2  -3   2  -1  -4  -2  -1   60   2   0   0   0   1   0   5   0   0   4   1   0   2   0  15   3   0   1   2  0.72 0.33
   46 C    -4  -8  -7  -8  12  -7  -8  -7  -7  -5  -5  -7  -6  -7  -7  -5  -5  -6  -7  -5    0   0   0   0 100   0   0   0   0   0   0   0   0   0   0   0   0   0   0   0  4.09 0.96
   47 W    -5  -6  -7  -7  -6  -5  -6  -6  -4  -6  -4  -6  -5   1  -7  -6  -6  11   7  -6    1   0   0   0   0   0   0   0   0   0   1   0   0   4   0   0   0  54  41   0  3.08 0.80
   48 C    -4  -8  -7  -8  12  -7  -8  -7  -7  -5  -5  -7  -6  -7  -7  -5  -5  -6  -7  -5    0   0   0   0 100   0   0   0   0   0   0   0   0   0   0   0   0   0   0   0  4.09 0.96
   49 I    -2  -2  -1   0  -4   0   3  -4  -2   1  -2   2  -2   1  -4  -2   0  -2   5  -1    1   1   3   5   0   2  23   0   0  12   1  13   0   5   0   0   8   0  23   3  0.44 0.27
   50 K     0  -3   3   2  -4  -1  -1   4   0  -5  -5   1  -4  -4  -4  -1  -2  -4   0  -4    9   0  15  13   0   1   3  39   2   0   0  10   0   0   0   1   1   0   4   0  0.65 0.29
   51 L    -3  -5  -6  -6  -4  -3  -5  -6  -5   0   6  -5   4   0  -6  -5  -4  -4  -3   0    1   0   0   0   0   1   0   0   0   3  79   0   9   2   0   0   0   0   0   5  1.30 0.46
   52 P    -3  -5  -3  -2  -6  -4  -1  -5  -1  -6  -6  -2  -6  -7   8  -3  -2  -7  -6  -6    1   0   1   2   0   0   4   0   2   0   0   2   0   0  84   1   2   0   0   0  2.44 0.66
   53 D    -3  -4   3   7  -6  -1   3  -2  -3  -6  -6  -3  -5  -6  -4  -2  -2  -7  -6  -6    1   0  11  67   0   1  16   2   0   0   0   0   0   0   0   1   1   0   0   0  1.55 0.49
   54 S    -2  -1   4   3  -4  -2   0  -3   1  -3  -5   2  -4  -4  -2   1  -1   5  -2  -4    1   3  27  20   0   0   4   0   4   1   0  16   0   0   1  14   2   8   1   0  0.63 0.29
   55 V     1  -2  -3  -4  -3  -2  -1  -4  -4   1  -2   0  -2  -3  -4   0   1  -4  -1   5   14   1   0   0   0   1   4   0   0   4   0   7   0   0   0   6   9   0   2  52  0.55 0.29
   56 P    -1   1  -1  -3  -5  -1   0  -1  -4  -5  -5   3  -4  -6   7  -2  -3  -6  -5  -5    4   6   3   0   0   2   4   4   0   0   0  23   0   0  52   1   0   0   0   0  1.29 0.40
   57 I    -3  -4  -4  -5  -3  -4  -4  -5  -5   5   0  -4  -1  -3  -4  -3   4  -1  -2   3    0   0   0   0   0   0   0   0   0  44   4   0   0   0   0   0  29   1   1  21  0.95 0.36
   58 R    -1   5  -2  -3  -4  -1  -1  -3  -2  -1  -3   4  -1  -4  -3  -1  -2   3  -3  -2    3  42   0   0   0   0   3   0   0   6   0  35   1   0   0   4   0   5   0   2  0.79 0.27
   59 V     1  -1  -1   2  -2  -1   0   0  -2   1  -1  -1   1  -2  -2   0   1  -3  -1   2   12   2   0  16   0   1   4   7   0   9   1   3   5   0   1   3  14   0   1  21  0.13 0.10
   60 P    -1  -2   1   0  -3  -1  -1  -2  -1  -3  -4   0  -3  -3   5   2   2  -1   0  -3    1   0   7   5   0   2   2   2   1   1   0   7   0   0  33  15  18   1   5   0  0.63 0.20
   61 G    -2  -3   4  -2  -4  -2  -3   6  -3  -5  -5  -2  -4  -5  -2  -1  -2  -5  -2  -5    0   0  29   0   0   1   0  61   0   0   0   1   0   0   2   3   1   0   2   0  1.15 0.30
   62 K    -2   4  -2  -3  -5   1   0  -3  -1  -5  -4   6  -3  -2  -2  -2  -2  -5  -3  -4    1  29   0   0   0   3   3   1   1   0   0  59   0   2   1   1   0   0   0   0  1.01 0.29
   63 C    -3  -6  -5  -6  11  -6  -6  -5  -6  -4  -4  -6  -4  -5  -5  -3  -3  -5  -5  -3    0   0   0   0 100   0   0   0   0   0   0   0   0   0   0   0   0   0   0   0  3.25 0.51
   64 Q    -3   4   4  -2  -5   1  -1  -3   7  -5  -4   1  -3  -4  -3  -2  -2  -4  -1  -4    0  31  21   0   0   5   0   0  35   0   0   8   0   0   0   0   0   0   0   0  0.93 0.22

                      K         Lambda
Standard Ungapped    0.1403     0.3206
Standard Gapped      0.0527     0.2670
PSI Ungapped         0.1720     0.3193
PSI Gapped           0.0527     0.2670
