
Last position-specific scoring matrix computed, weighted observed percentages rounded down, information per position, and relative weight of gapless real matches to pseudocounts
            A   R   N   D   C   Q   E   G   H   I   L   K   M   F   P   S   T   W   Y   V   A   R   N   D   C   Q   E   G   H   I   L   K   M   F   P   S   T   W   Y   V
    1 V    -3  -4  -5  -5  -3  -4  -5  -5  -5   0   0  -4   7  -3  -5  -4  -2  -4  -3   5    0   0   0   0   0   0   0   0   0   0   4   0  39   0   0   0   0   0   0  57  1.33 0.49
    2 F    -5  -6  -7  -7  -5  -6  -6  -7  -6  -2   6  -6   1   4  -7  -6  -5  -1  -1  -3    0   0   0   0   0   0   0   0   0   0  81   0   2  15   0   0   0   1   1   0  1.67 0.69
    3 S    -2  -5  -1  -3  -5  -4  -4  -4  -5  -5  -6  -4  -3  -6  -5   5   6  -7  -6  -5    1   0   2   1   0   0   0   1   0   0   0   0   0   0   0  50  45   0   0   0  1.59 0.79
    4 E     4  -3  -1   3  -4   0   3   0  -3  -5  -4  -1  -3  -5   1   0  -1  -6  -5  -4   33   0   2  18   0   4  19   5   0   0   1   2   0   0   6   5   2   0   0   0  0.58 0.39
    5 E     2  -2  -1   3  -3   1   3  -1  -1  -5  -3   3  -4  -4  -2  -1  -2  -5  -4  -3   20   1   2  15   0   4  24   5   1   0   2  17   0   0   2   3   2   0   0   1  0.49 0.35
    6 K    -4  -4  -1   5  -7   5   5  -5  -1  -4  -6  -2  -5  -7  -5  -2   0  -6  -6  -4    0   0   3  26   0  24  34   0   1   1   0   1   0   0   0   1   7   0   0   1  1.21 0.63
    7 E    -1   3  -3  -4  -5  -1   1  -5  -2   1  -4   6  -3  -4  -3  -3  -3   4  -4  -2    5  15   0   0   0   1   9   0   1   9   1  47   0   1   1   0   1   5   0   3  0.92 0.53
    8 A     3  -1   0   0  -3   2   0  -1   0  -3  -3   2  -3  -5  -3   1   1  -5  -4  -3   31   3   5   6   0  11   6   3   3   1   2  12   0   0   0   8   8   0   0   1  0.37 0.31
    9 L     2  -2   2  -2  -3  -2  -2  -4   1   2   3  -1   0  -2  -4  -2   0  -4  -1   0   19   1  10   1   0   1   2   0   4  14  30   3   1   1   0   1   6   0   1   3  0.31 0.28
   10 V    -4  -6  -7  -7  -5  -6  -7  -7  -7   5   1  -6  -2  -3  -6  -6  -4  -6  -5   6    1   0   0   0   0   0   0   0   0  36   9   0   1   0   0   0   0   0   0  54  1.60 0.70
   11 L    -1   2   1  -3  -4   1  -1  -3  -2  -3   0   5  -3  -5  -4  -1   1  -5  -4  -2    3  12   7   1   0   7   2   2   0   1  10  40   0   0   0   2   9   0   0   3  0.60 0.41
   12 K     3  -1   0   1  -3   1  -1   1   1  -4  -3   1  -3  -5  -3   3   0  -5  -4  -3   25   2   3   9   0   5   3   9   4   0   2   9   0   0   0  22   6   0   0   1  0.40 0.32
   13 S     0  -4  -2  -3  -1   0  -3  -4  -2   2   1  -3  -1   0  -4   3   3  -4  -2   1    6   0   1   1   1   5   0   0   1  11  15   0   1   5   0  23  20   0   1   9  0.35 0.32
   14 W    -2  -8  -8  -9  -4  -7  -8  -6  -7  -2  -5  -8  -4   1  -8  -6  -5  12  -1   1    4   0   0   0   0   0   0   0   0   3   1   0   0   6   0   1   1  74   1   8  3.51 1.22
   15 A     1  -2  -1   1  -3  -1   2   3  -1  -5  -5   0  -4  -4   3   1  -1  -5  -4  -4   14   1   2   7   1   3  12  25   1   0   0   6   0   1  15  10   2   0   0   0  0.49 0.33
   16 I     0  -1  -2  -2  -3   0  -1  -3   1   0   0   5  -2  -3   0  -1  -1  -4  -3   1    7   2   1   1   0   4   4   1   3   6  11  37   0   0   4   5   3   0   0  11  0.36 0.30
   17 M    -1  -5  -5  -6  -4  -5  -5  -5  -5   3   3  -5   2   1  -5  -4  -3  -4  -3   5    4   0   0   0   0   0   0   0   0  15  27   0   6   7   0   1   1   0   0  38  0.87 0.44
   18 K     1  -1  -1  -2  -2   0   2   1  -1  -3  -3   3   0  -2  -3   1  -1  -1   1  -3   12   2   2   1   1   2  14  12   1   1   2  23   3   2   1  12   3   1   6   1  0.28 0.24
   19 K     2   0   0   0  -2   1   1   2   1  -1  -3   1  -2  -3   0   1   0  -3  -2  -1   18   3   3   4   1   8   8  15   4   4   1  10   0   1   3   8   5   0   1   4  0.17 0.14
   20 D    -2  -1   5   4  -2   1  -1  -1   6  -6  -6   0  -5  -6  -5   0  -2  -6  -3  -5    3   2  28  25   1   6   2   4  17   0   0   4   0   0   0   5   2   0   1   0  0.95 0.51
   21 S     1   0  -2  -3  -1  -1   0   2  -1   1   0   0  -1  -2  -1   0  -1  -1   0   1   14   6   0   0   1   2   6  19   1   8   8   6   1   1   3   5   2   1   4  11  0.11 0.13
   22 A     1  -3  -1   2  -4   0   3   0  -2  -2  -3  -1  -3  -4   2  -1   0  -5  -2   1   13   0   1  14   0   3  24   7   0   2   2   3   0   0   9   2   5   0   1  12  0.34 0.28
   23 N     2  -1   0   2  -4   1   3   1  -1  -4  -3   0  -3  -3  -1   0   1  -5  -4  -1   20   1   3  10   0   5  22  10   1   0   3   5   0   1   2   4   7   0   0   4  0.29 0.25
   24 L    -1  -4   1  -3   1  -3  -4  -4   3   3   1  -4  -1   3  -4  -3  -1  -1   3   1    4   0   7   1   3   0   0   0   8  21  15   0   1  12   0   1   3   0  12   9  0.42 0.28
   25 G    -2  -5  -4  -5  -2  -3  -5   6  -5  -3  -6  -5  -3  -6  -5   1   2  -6  -6  -2    3   0   0   0   1   1   0  66   0   2   0   0   1   0   0   8  14   0   0   3  1.41 0.64
   26 L     2   0  -1  -1  -3   1  -1   1   0  -1   0   0  -1  -3   0   0   0  -4  -2   0   24   7   2   2   0   7   2  12   3   3   9   4   1   0   4   4   7   0   1   9  0.14 0.16
   27 R     0   0   0   1  -2   1   4  -3   3  -3  -1   0  -1  -3  -4  -2  -1  -5  -3  -2   10   5   5   8   1   4  36   1   7   1   6   6   2   1   0   1   4   0   0   3  0.45 0.32
   28 F     4  -5  -5  -5  -1  -4  -5  -4  -5   2   1  -4   2   5  -5  -2   0  -4  -2   1   32   0   0   0   1   0   0   0   0  10  10   0   5  25   0   2   5   0   0   8  0.69 0.43
   29 F    -5  -6  -7  -7  -5  -6  -6  -7  -4  -2   5  -6   1   4  -7  -6  -5   3   5  -2    0   0   0   0   0   0   0   0   0   1  54   0   3  18   0   0   0   3  20   1  1.41 0.65
   30 L     1   0  -1   0  -1   0   2   1  -1   0  -1   0   0  -2  -3   1   1  -3   0  -1   12   3   1   3   1   4  14  12   1   7   5   6   2   1   0   9  11   0   5   2  0.10 0.13
   31 K    -1   7   1  -2  -5  -2  -1  -4  -2  -3  -2   2  -3  -3  -5  -1  -1  -2  -3  -4    4  58   6   2   0   1   3   1   1   2   3  10   1   1   0   3   3   1   1   1  1.11 0.58
   32 I    -4  -5  -6  -7   0  -5  -6  -7  -6   2   4  -5   7   1  -6  -5  -2  -5  -1   1    1   0   0   0   2   0   0   0   0   9  40   0  31   5   0   0   3   0   2   7  1.22 0.59
   33 F    -5  -7  -7  -8  -6  -7  -7  -7  -6   0   4  -7  -2   8  -7  -6  -6  -4  -2  -3    1   0   0   0   0   0   0   0   0   4  32   0   1  62   0   0   0   0   0   1  2.01 0.81
   34 E     1  -1  -1  -1  -2   0   2  -2   0   1  -1   2  -1  -3  -3   0   2  -3  -2   1   11   1   2   2   1   4  17   2   2   9   5  13   1   0   0   4  13   0   0  13  0.17 0.20
   35 I     1  -1   0   0   0  -1   0  -1   1   1  -1   0   0  -3  -3   0   0  -4  -2   3   13   2   4   5   3   2   7   3   4   6   4   7   2   0   0   7   5   0   1  25  0.13 0.17
   36 A     0  -3   2   0  -4  -2  -3  -5   6  -3  -4  -4  -3   3  -6  -3  -3  -3   7  -4   10   1  10   6   0   1   2   0  17   1   1   0   1  11   0   2   1   0  36   1  1.13 0.58
   37 P    -4  -7  -5  -3  -8  -4  -3  -4  -4  -8  -8  -5  -7  -8   9  -5  -4  -9  -8  -7    1   0   1   2   0   1   2   1   1   0   0   0   0   0  90   0   1   0   0   0  2.96 1.12
   38 S     0  -3  -2   2  -5   3   3  -1  -4  -4  -4  -2  -4  -5  -3   0   1   7  -4  -4    9   0   1  11   0  14  24   4   0   1   1   2   0   0   1   7   8  18   0   0  0.79 0.48
   39 A     2  -4  -3  -3  -4  -4  -4  -5  -5   0   1  -3   0  -3  -4   0   6  -2  -2   0   14   0   1   1   0   0   0   0   0   5  12   1   2   1   0   5  50   1   2   6  0.84 0.52
   40 R    -2   2  -2  -4  -6   5  -2  -5  -2  -3   0   5  -1  -3  -4  -3  -2  -6  -5  -3    2  10   1   0   0  24   1   0   1   1  12  41   2   1   0   1   2   0   0   1  0.95 0.56
   41 Q     1   3   2   1  -4   0   0  -1  -2  -2  -4   0  -2  -3   0   0   3  -5  -3  -3   12  18  11   8   0   3   6   4   1   2   1   3   1   1   4   5  21   0   0   1  0.33 0.27
   42 M    -4  -2  -5  -5  -5  -3  -4  -6   1   1   2   1   3   3  -3  -4  -4  -2   6  -1    1   2   0   0   0   1   0   0   3   8  18   8   7  12   2   1   0   0  33   4  0.85 0.46
   43 F    -7  -7  -7  -8  -7  -8  -8  -8  -6  -5  -4  -7  -5  10  -8  -7  -7  -4   0  -5    0   0   0   0   0   0   0   0   0   0   0   0   0  97   0   0   0   0   1   0  3.31 1.14
   44 P     0  -2   2   1  -4  -1   0   0   1  -5  -4   0  -4  -5   4   3  -1  -5  -4  -3    7   1  11   8   0   2   5   5   3   0   1   6   0   0  21  24   3   0   0   1  0.54 0.35
   45 F    -2   1   0  -1  -4   2  -2  -4   6  -4  -3   2   1   3  -4   0  -2  -3   1  -3    2   7   3   3   0  10   1   1  24   0   1  13   4  13   0   8   2   0   5   1  0.59 0.36
   46 L    -2  -3  -2  -4  -4  -2  -4  -3  -4  -2   1  -2   0   7  -4  -1  -1   5   0  -1    3   1   2   1   0   2   1   2   0   1  14   2   2  48   1   4   3   6   2   5  0.96 0.45
   47 R     0   1   1   0  -2   0  -1   3   2  -3  -3   2  -3  -3  -1   0  -1  -3  -3  -2    8   8   8   5   1   2   2  25   5   1   2  18   0   1   3   5   4   0   1   2  0.30 0.19
   48 D    -1  -1   3   4  -3   2  -1   2   1  -3  -2  -1  -2  -2  -3  -1  -1  -3  -2  -3    3   3  16  23   0  10   3  18   4   1   4   2   1   1   1   3   4   0   1   2  0.41 0.24
   49 S     1   0   0  -1  -1  -1  -1  -1  -1  -1   0   1   0  -1  -2   3   1  -3  -1   0    9   3   3   3   1   1   2   4   1   3  13   9   2   3   1  26   7   0   1   7  0.13 0.15
   50 D     1   0   1   2  -2   0   0  -1   0  -1  -2   0  -2  -2   2   2   1  -3  -2  -1   14   3   7  10   1   3   5   3   2   3   3   6   0   2   8  17   7   0   1   3  0.16 0.14
   51 V     1  -2   0   3  -2   1   0   1  -2  -1  -1  -1  -2  -2   0   0   0  -4  -3  -1   13   0   3  23   0   6   5  12   1   4   6   2   0   2   5   8   4   0   0   6  0.21 0.19
   52 P     1  -1  -1   2  -3   1   1   0   0  -1   0  -1  -2  -2   3   0  -1  -3  -2  -1   17   2   1  13   0   6   8   8   2   2  10   2   0   2  14   5   3   0   1   4  0.18 0.15
   53 L    -1  -2  -1  -1   0   1  -1  -2   1   2   1  -1   2  -1   0   0   0  -2  -2   1    3   1   2   3   3   7   2   2   4  19  13   4   7   2   5   9   4   0   1   9  0.10 0.11
   54 E     0   1  -1  -1  -1   1   1   0   2  -1   0   2   2  -2   0  -1  -1  -3  -2  -2    8   7   1   2   1   6  12   7   7   2   8  15   9   1   5   2   3   0   1   2  0.14 0.14
   55 T     0   0   2   1  -1   0   0   3   2  -3  -2   0  -2  -3  -2   1   0  -3  -1  -3    9   4  10   9   1   5   4  24   5   1   4   4   0   1   1  10   4   0   2   1  0.26 0.18
   56 N    -2  -3   5   0  -4   1  -2  -1  -1  -4  -3  -3  -4  -5  -4   4   0  -5  -4  -4    2   0  33   4   0   5   1   3   1   0   3   1   0   0   1  38   6   0   0   1  0.90 0.52
   57 P     2  -1  -3   0  -4  -1   0  -1  -4  -4  -4  -2  -3  -4   6   0  -2  -5  -3  -3   20   3   1   5   0   3   7   5   0   1   1   2   1   1  41   5   2   0   1   1  0.87 0.46
   58 K     0   1  -1   1  -4   4   1  -2   0  -4  -3   4  -1  -3  -1   0  -1  -4  -2  -3    7   5   2   9   0  18   9   2   2   0   2  29   2   1   3   5   3   0   1   2  0.44 0.32
   59 L    -1  -4  -2  -4  -3  -2  -3  -3  -4   2   2  -2   1   2  -3  -3  -2  -2  -1   4    3   0   2   0   0   1   1   2   0  11  23   2   3  10   1   1   1   1   1  33  0.47 0.32
   60 K     0   3  -2  -3  -4   2  -1  -3   1  -3   0   5  -2  -3  -3  -1  -1  -4  -3  -1    9  13   1   0   0  10   2   1   3   1  10  36   0   1   1   3   2   0   0   4  0.50 0.37
   61 T     4  -2  -1  -1  -3  -1  -1   0   0  -3  -4   2  -3  -4  -1   0   0  -1  -4  -2   46   1   3   3   0   1   3   7   2   1   1  14   0   0   2   5   5   1   0   2  0.51 0.40
   62 H    -5  -4  -1  -5  -6   2  -4  -5  10  -6  -2  -4  -5  -3  -5  -4  -5  -5   0  -2    0   0   3   0   0   8   0   0  72   0   4   0   0   1   0   0   0   0   3   3  2.44 0.98
   63 A     3  -3  -3  -4  -2  -4  -4   5  -4  -3  -4  -4  -2  -5  -3   0  -2  -5  -5  -2   29   1   0   0   1   0   0  50   0   1   2   0   1   0   1   5   2   0   0   3  1.01 0.55
   64 V     0   1   0  -1  -2   0   1  -1  -1   0  -1   3   1  -3  -3  -1   0  -4  -3   0    8   7   4   2   1   4  10   4   1   6   5  25   4   0   0   3   5   0   0   8  0.17 0.20
   65 S     0   3  -2  -3  -4   0  -2  -3  -3  -2  -2   5  -2  -4  -4   0   2  -5  -3  -1    7  14   1   0   0   3   0   1   0   3   3  38   1   0   0   7  14   0   1   5  0.59 0.43
   66 V    -2  -5  -6  -6  -4  -5  -5  -6  -6   3   0  -5   1  -1  -3  -4  -3  -5  -4   6    2   0   0   0   0   0   0   0   0  15   8   0   3   3   2   1   1   0   0  64  1.28 0.63
   67 F     0  -2  -2  -4   0  -3  -3  -3  -3   1   3  -3   4   3  -4  -2  -2  -3   1   1    8   1   2   0   2   1   1   1   0   8  26   1  14  16   0   2   2   0   4  11  0.44 0.30
   68 V     2  -1   3   1  -2  -1  -1   2   0  -3  -2   0  -1  -4  -3   0   2  -4  -2  -2   17   3  15   8   1   1   2  17   3   0   3   6   1   0   0   6  12   0   1   3  0.27 0.24
   69 M     4   0  -3  -4  -3  -1  -3   2  -4  -2   0  -1   2  -1  -3   1  -1  -4  -2  -1   38   4   0   0   0   2   1  15   0   2   7   2   7   3   0  12   2   0   1   3  0.43 0.35
   70 T    -2  -5  -5  -5  -2  -4  -5  -5  -1   3   4  -5   1   3  -5  -4  -1  -4  -1   2    3   0   0   0   1   0   0   0   2  15  41   0   3  13   0   0   4   0   2  14  0.72 0.40
   71 C     0  -1   2   2   2  -1  -1   3  -1  -2  -3  -2  -3  -4  -3   1   1  -4  -1  -2    6   4   9  14   5   2   3  27   2   3   2   1   0   0   0  10   8   0   2   3  0.34 0.27
   72 E     0   0   2   3  -4   0   3  -2  -1  -2  -2   0  -1  -4  -3  -1   0  -3  -2  -2    8   5  11  19   0   4  24   2   1   2   5   6   1   0   0   3   5   0   1   2  0.36 0.27
   73 A     5  -3  -4  -4  -1  -2  -4   0  -2   0  -1  -3  -1   0  -3   0  -1   0   1   0   48   1   0   0   1   1   0   6   1   5   7   0   1   5   1   6   3   1   6   7  0.53 0.40
   74 A     2  -4  -3  -3  -2  -3  -4  -4  -4   3   1  -4  -1  -2  -4  -3  -2  -4  -1   5   18   0   1   2   1   1   0   1   0  19  11   0   1   1   0   1   1   0   2  39  0.66 0.40
   75 A     1  -1   1   1  -2   0   1   1  -1  -1  -2   2  -2  -3  -2   1   0  -4  -3  -1   14   2   7   9   1   3   8   8   1   3   3  18   0   1   1  11   5   0   0   4  0.18 0.17
   76 Q    -1  -2   4  -2  -4   3  -1  -3   7  -2   0   0  -2  -4  -3   0  -2  -4  -2  -2    6   1  20   2   0  13   3   1  25   3   8   4   1   0   1   7   1   0   1   2  0.64 0.39
   77 L    -1  -4  -5  -5  -4  -4  -5  -5  -5   3   5  -3   4  -2  -4  -3  -3  -4  -4   0    6   0   0   0   0   0   0   1   0  17  54   1  12   1   1   1   0   0   0   4  0.96 0.49
   78 R    -3   1   0   6  -5  -1   0   1  -1  -5  -5   2  -5  -6  -4  -3  -3  -6  -5  -5    2   7   4  53   0   2   4  10   2   0   1  11   0   0   1   0   1   0   0   1  1.09 0.56
   79 K    -1  -1   4   5  -5  -1   0  -3   0  -5  -4   1  -4  -5  -4   0  -1  -5  -3  -4    6   2  24  36   0   3   3   1   3   0   1   9   0   0   0   5   3   0   1   1  0.80 0.44
   80 A     0  -1   0   0  -1   0   0  -1  -1   1   0   1   0  -1   2   0   0  -2  -1   0    9   3   4   4   1   3   6   4   1  12  11  10   1   2  11   5   7   1   1   4  0.08 0.06
   81 G     0  -1   0   1  -2   0   1   3  -1  -2  -2   0  -1  -2   0   0  -1  -2  -2  -2    9   3   3  10   1   2  10  26   1   2   4   7   2   2   4   8   3   1   1   3  0.20 0.11
   82 K     0   0   3   1   0   1   1   0   2  -2  -2   2  -1  -2  -1   0   0  -2  -1  -1    6   3  16   7   2   6   7   5   7   2   4  14   1   2   2   4   5   1   1   4  0.15 0.09
   83 I     0  -1  -1  -2  -1  -1  -1  -1  -1   1   2  -1   2   0  -1  -1   0  -1   0   2    8   3   2   2   1   3   3   3   1   7  25   3   7   3   3   3   5   1   3  15  0.10 0.07
   84 T     0  -1   0   0  -1   0   0  -1   0   0  -1   0   0  -1   1   1   1  -1   0   0    9   3   3   7   1   4   5   4   2   4   5   6   2   3   7  10   8   1   4  12  0.05 0.03
   85 V     1  -1   0   0   0   0   0   0  -1   0   0  -1   0  -1   0   0   0  -1  -1   1   17   3   4   6   2   3   4   6   1   3   9   3   2   2   4   6   5   1   2  15  0.03 0.03
   86 R    -1  -1  -2  -1  -2  -1  -1  -1   2   2   3  -1   1  -1  -2  -2  -1  -2  -1   0    5   3   2   4   0   2   3   5   7  13  34   3   2   2   1   2   2   0   2   6  0.20 0.16
   87 E     0   0   0   1  -2   0   1  -2   0  -2   0   2   0  -1   1   0  -1  -2   0  -1    8   3   5   9   1   3  12   2   2   2  12  16   3   2   7   5   3   0   3   2  0.10 0.11
   88 T     2  -2  -1   0  -2  -1   0   3  -2  -2  -3  -2  -2  -4   1   2   1  -4  -3  -2   22   1   1   4   1   2   5  25   0   2   2   1   1   0   6  14   9   0   0   1  0.36 0.27
   89 T     1  -2   0  -2  -1   0   0   0   2  -1   1  -1   0   0  -2   0   2  -3  -1   0   16   0   4   1   1   3   7   5   7   3  13   3   2   4   1   4  16   0   2   7  0.09 0.15
   90 L    -2  -5  -5  -5  -2  -4  -5  -5  -5   1   5  -4   1   3  -5  -4  -4  -4   1   2    3   0   0   0   1   0   0   0   0   7  54   1   3  10   0   0   0   0   4  13  0.87 0.47
   91 K     2  -1   0  -1  -1   0   1  -1   1  -4  -2   3  -1  -3  -3   3  -1  -4  -3  -2   17   1   3   3   1   4   7   3   4   0   5  22   1   1   0  22   2   0   0   2  0.33 0.30
   92 R     0   1   1   1  -4   2   1  -2   2  -4  -3   3  -3  -4   1   0   0  -4  -2  -3   10   7   5   6   0  10   8   1   6   0   2  24   0   0   8   5   5   0   1   1  0.36 0.27
   93 L    -4  -5  -5  -5  -4  -4  -5  -6  -5   3   6  -4   1   1  -5  -4  -4  -4  -3  -1    0   0   1   1   0   1   0   0   0  13  70   1   3   5   0   1   0   0   1   3  1.24 0.60
   94 G     3  -3  -3  -3  -4  -3  -3   3   1  -4  -5  -3  -4  -4  -4   5  -2  -5  -4  -1   26   1   0   1   0   1   1  18   3   1   0   1   0   0   0  40   1   0   0   5  0.82 0.54
   95 G     1   0   1   2  -4   1   2  -2   3  -3  -3   1  -3  -4  -2   1   0  -4  -3   0   10   5   5  13   0   7  17   2   8   1   2   8   0   0   1   8   5   0   0   8  0.27 0.24
   96 T    -2  -1   0  -1  -4   1  -1  -4  -3   0   3   3  -1  -1  -3   1   0  -4   0  -1    2   1   5   4   0   7   2   0   0   4  28  23   1   2   0   9   6   0   3   3  0.27 0.28
   97 H    -6  -5  -2  -6  -7  -4  -5  -7  11  -8  -7  -5  -6  -6  -7  -6  -5  -7  -3  -8    0   0   1   0   0   0   0   0  96   0   0   0   0   0   0   0   1   0   0   0  3.93 1.39
   98 L     2  -1  -2  -1   4  -1  -2  -2  -3   0  -1   0  -1   1  -3   0   1  -4  -2   1   21   3   1   3  11   3   1   2   0   7   5   8   1   8   0   6  10   0   1  10  0.21 0.22
   99 K     1   0   1  -1  -4   2   1   0   2  -4  -3   4  -2  -4  -1   1  -1  -4  -1  -4   10   3   8   1   0  10  10   6   6   0   1  26   1   0   2  10   3   0   3   0  0.39 0.31
  100 Y    -3   3   0  -2  -4  -2  -1  -4   3  -1   2   3   0   1  -4  -2  -2  -4   0  -1    1  17   5   2   0   0   3   1   7   2  26  18   2   7   0   1   1   0   2   4  0.35 0.29
  101 G    -2   3   0  -2  -4   1  -2   4   5  -5  -2   2  -1  -4  -4  -2  -3  -5  -2  -5    3  19   5   1   0   5   1  31  14   0   4  12   2   0   0   1   0   0   1   0  0.68 0.42
  102 V    -4  -6  -6  -7  -3  -6  -6  -7  -2   5  -1  -6  -3  -3  -6  -5  -2  -6  -5   6    0   0   0   0   0   0   0   0   1  29   3   0   0   1   0   0   2   0   0  63  1.63 0.75
  103 A    -2  -1  -1   6  -5   0  -1  -1  -3  -3  -2   1  -3  -5   1   0   1  -6  -5  -1    2   3   2  44   0   3   2   4   0   1   4   9   0   0   7   5   8   0   0   6  0.67 0.44
  104 D     1  -3  -3   2  -4  -3  -4  -3  -2  -1  -4  -1  -5  -6   7  -2  -1  -7  -6  -2   10   1   1  11   0   1   0   2   1   4   1   4   0   0  54   2   3   0   0   3  1.29 0.66
  105 G     1  -3  -1   2  -3   1   3  -1  -1  -2  -3   0  -3  -4   1  -1  -2  -5  -3   1   15   0   2  11   0   5  24   5   1   2   1   6   0   0   8   4   1   0   0  14  0.32 0.30
  106 H    -4  -3   6  -2  -6   3  -2  -4   6  -6  -5  -4  -1  -1  -5  -2  -4  -2   3  -4    1   0  41   2   0  13   2   1  18   0   1   0   1   2   0   3   0   0  11   1  1.23 0.67
  107 F    -6  -7  -7  -7  -6  -7  -5  -7  -5  -4   0  -7  -4   9  -7  -6  -6  -3   5  -4    0   0   0   0   0   0   1   0   0   0   7   0   0  74   0   0   0   0  15   1  2.41 0.98
  108 E    -2   2  -1   0  -5   1   2  -1  -1  -5  -4   4  -2  -4   3  -2  -2  -5  -3  -2    2  12   3   4   0   5  12   5   1   0   1  33   1   1  13   2   1   0   1   4  0.55 0.39
  109 V    -2  -1  -1  -3  -4  -2   0  -4  -3   3   3  -2  -1   1  -3  -3  -2  -4  -1   2    3   3   3   1   0   1   6   1   0  18  38   3   0   5   1   0   2   0   1  12  0.40 0.31
  110 T    -3  -5  -6  -6  -4  -5  -6  -5  -6   2   4  -5   1   3  -6  -4  -1  -4  -3   3    2   0   0   0   0   0   0   1   0   9  46   0   3  12   0   0   3   0   0  22  0.90 0.51
  111 R     1   1  -1  -3  -1  -2  -3   4  -2  -3  -3   1  -4  -3  -3   3  -1  -5  -2  -3   12   7   2   0   2   1   1  34   0   1   2   9   0   1   0  21   2   0   1   2  0.52 0.39
  112 F     0  -2   2   2  -5   2   3   0   5  -4  -4   1  -3  -1  -3  -1   0  -5  -2  -4    7   0   9  10   0   9  20   6  15   1   1   7   0   3   1   3   6   0   1   0  0.44 0.34
  113 A     2  -4   0  -4   7  -3  -3  -3   3   1  -3  -3  -1  -4  -2   0  -2  -5  -1   2   21   0   5   0  26   1   1   1   6   7   1   1   2   0   2   5   2   0   2  15  0.68 0.44
  114 L    -3  -5  -6  -6  -4  -5  -6  -6  -5   4   5  -5   1   3  -6  -5  -3  -4  -3   0    1   0   0   0   0   0   0   0   0  23  54   0   3  11   0   0   1   0   0   4  1.11 0.57
  115 L    -1  -3  -3  -4  -3  -1  -3  -2  -2   2   4  -2   2  -1  -3  -3   0  -4  -3   2    4   1   1   1   0   3   1   3   1  13  41   2   5   2   1   1   5   0   0  15  0.48 0.33
  116 E     0   0  -2  -1  -1   0   1  -1   1   1  -2   0  -1  -3  -3   0   0  -4   0   3    7   4   1   3   2   4   8   5   4   9   1   7   1   0   0   6   4   0   3  28  0.15 0.20
  117 T     1  -4  -4  -5   1  -4  -2  -4  -3  -1  -3  -4   0   0  -5  -1   4  -5   1   4   13   0   0   0   3   0   2   1   0   2   1   0   2   3   0   3  27   0   6  36  0.71 0.50
  118 I    -4  -6  -6  -7  -3  -5  -6  -7  -6   4   5  -6   4   1  -5  -5  -4  -5  -4   2    1   0   0   0   0   0   0   0   0  23  47   0  11   4   0   0   0   0   0  11  1.10 0.56
  119 K     4  -1  -2  -1  -2   1   1   0  -1  -3  -3   3  -3  -3  -1   0  -2  -5  -4  -2   37   3   1   4   0   6   7   6   1   1   1  17   0   1   3   7   2   0   0   2  0.41 0.35
  120 E     2   0  -1   0   0   0   3  -2   1  -1  -2  -1   1  -3  -2   1   0  -4  -3  -1   20   4   2   4   3   3  26   2   3   5   2   3   4   1   2   8   4   0   0   3  0.26 0.26
  121 A     1   1  -1  -3  -2  -1  -1  -2   7  -2  -2   2   2  -2  -4  -2  -2  -5  -1   1   12   6   3   1   1   2   4   3  28   1   3  12   5   1   0   2   2   0   2  11  0.52 0.38
  122 L    -2  -4  -3  -4  -2  -3  -4  -5   4   0   3  -3   2   5  -5  -3  -3  -3   1   2    4   1   1   1   1   1   0   0  12   3  27   1   5  25   0   1   1   0   4  13  0.67 0.39
  123 P    -1  -2  -1  -2  -3  -1  -2   4   1  -3  -3  -2   0  -3   5   1  -1  -4  -3  -2    5   1   2   2   0   3   1  28   4   1   3   2   2   1  27   9   4   0   1   2  0.62 0.32
  124 A     2  -1  -1  -2  -3   0  -1   4   0  -4  -2   2  -3  -3   1   0  -1  -4  -3  -2   16   2   2   1   0   4   3  30   3   0   3  15   0   1   6   7   4   0   0   2  0.39 0.28
  125 D    -1  -2   0   5   0  -1   3  -2  -1  -4  -3   0  -4  -4  -2   0  -1  -5  -4  -3    4   2   4  37   2   2  22   2   2   1   2   5   0   1   2   8   3   0   0   1  0.69 0.40
  126 M     1  -1   0  -1   1   0   1   0  -1   0   0   1   1   0  -1   0   0  -1   1   0   16   2   4   3   3   2   8   6   1   4   8  11   5   5   2   3   4   1   5   6  0.03 0.05
  127 W     1  -3  -4  -4  -4  -4  -4  -3  -3  -2  -2  -4  -3   7  -3  -1  -1   6   2  -3   11   1   1   1   0   1   1   3   0   1   3   1   0  48   1   4   4  12   6   1  1.18 0.52
  128 G    -1  -3   1   0  -3  -3  -3   2  -3  -4  -4  -2  -4  -4   0   2   6  -5  -3  -3    4   1   7   4   0   0   1  14   0   0   1   1   0   1   4  14  46   0   1   1  0.82 0.51
  129 P     1  -4  -2   2  -3  -1   1  -3  -4  -4  -3  -2  -3  -3   6  -2  -2  -5  -4  -2   13   1   1  12   1   3   8   2   0   1   2   2   0   1  47   2   2   0   1   3  1.07 0.50
  130 E     1  -2  -1   3  -3   2   5  -2   0  -4  -4   0  -2  -4  -1  -1  -1  -4  -3  -2   15   1   3  14   0   7  38   2   2   1   1   4   1   0   2   3   3   0   0   3  0.59 0.36
  131 M     1  -3  -2  -2   0  -2  -3  -4  -1   1   1  -3   2  -1  -3  -2   1  -3  -1   4   11   1   1   2   2   1   1   1   1   8  14   1   6   2   1   2  11   0   1  32  0.35 0.27
  132 R    -2   0  -1  -1  -4   5   0  -3   6  -2  -1   1  -2  -4  -4  -1  -3  -5  -2  -2    4   5   2   3   0  29   3   1  23   3   7  10   1   0   0   4   0   0   1   3  0.75 0.48
  133 N     4  -2   1   1   1  -1   1   0  -1  -2  -2  -1  -2  -3  -3   0   0  -5  -4   0   39   1   6   8   3   3   8   5   1   1   3   2   0   0   0   6   5   0   0   7  0.35 0.31
  134 A     6  -5  -5  -4  -4  -4  -4  -4  -5  -4  -4  -5  -3  -6  -4   2  -2  -7  -4  -2   76   0   0   1   0   0   0   0   0   1   1   0   1   0   0  14   1   0   1   2  1.55 0.83
  135 W    -4  -7  -8  -5  -5  -6  -7  -7  -6  -4   1  -7   3   3  -8  -7  -6  11   1   0    1   0   0   1   0   0   0   0   0   1  13   0   6  12   0   0   0  55   5   6  2.55 0.99
  136 G     0   0   1   4  -5   3   2   1   0  -5  -3   0  -4  -5  -4   0   0  -5  -3  -4    8   4   5  24   0  16  11  12   2   0   2   4   0   0   0   6   6   0   1   0  0.47 0.34
  137 E     1   0   0  -1  -6   0   1  -3   0  -3  -4   6  -4  -6  -3  -2  -3  -6  -5  -1   10   2   3   3   0   2   8   1   2   1   1  58   0   0   1   2   1   0   0   5  0.99 0.58
  138 A     3  -5  -5  -6   3  -5  -5  -3  -4  -2   2  -5   0   6  -5  -3  -3  -4  -1   1   29   0   0   0   7   0   0   1   0   1  17   0   2  31   0   1   1   0   1   9  0.85 0.51
  139 Y    -3  -5  -5  -6  -5  -5  -5  -5  -4   0   4  -5   2   4  -6  -4  -3  -1   6   2    2   0   0   0   0   0   0   1   0   3  35   0   5  14   0   1   1   0  25  13  0.99 0.53
  140 D     2  -1   0   3   2  -1   1   2  -2  -4  -4  -2  -3  -3  -4   1   0  -3  -3  -3   21   3   4  17   4   3   9  16   1   0   1   1   0   1   0  12   5   0   0   0  0.38 0.30
  141 Q     2  -1   1  -3  -2   1   0   1   0   0   0  -2  -1   0  -3   0  -1  -4  -1   2   17   2   7   0   1   6   7  13   3   4   8   1   1   4   0   4   2   0   1  18  0.12 0.17
  142 L    -3  -5  -6  -7  -4  -6  -6  -7  -6   3   3  -6  -1   2  -6  -5  -2  -5  -4   5    1   0   0   0   0   0   0   0   0  16  26   0   1   7   0   0   1   0   0  47  1.15 0.58
  143 V     4   0  -3  -4   1   0  -3  -1  -4   1  -3  -3  -1  -1  -4   1  -1  -5  -1   2   41   5   1   0   3   4   1   4   0   7   0   0   1   2   0  12   3   0   2  16  0.48 0.39
  144 A     2  -2   2   1  -2  -1  -1  -1   2  -2  -1  -1  -2  -4  -2   1   2  -2  -2  -2   22   2  12   8   0   2   3   4   5   2   6   4   0   0   1  12  13   1   1   1  0.24 0.24
  145 A     5  -3  -4   1  -2  -2  -3   0  -3  -1  -2  -4   0  -4  -4  -1  -1  -6  -5   2   51   1   0   8   0   2   1   7   0   2   2   0   2   0   0   2   3   0   0  17  0.71 0.49
  146 I    -5  -6  -7  -7  -5  -4  -5  -7  -6   4   5  -6   4  -2  -6  -6  -4  -5  -3   0    0   0   0   0   0   1   1   0   0  27  59   0   8   1   0   0   0   0   0   3  1.36 0.64
  147 K     2  -1  -2  -1  -2  -1   0   1  -3  -3  -3   3  -1   0  -3   2   2  -4  -3  -3   18   1   0   2   1   1   6   9   0   1   1  21   1   4   0  19  13   0   0   0  0.35 0.31
  148 Q     2   3  -1   0  -2   0   2  -2   0  -4  -4   3  -3  -4  -2   2  -1  -5  -4  -3   20  14   1   5   1   3  12   1   2   0   0  18   0   0   1  19   2   0   0   0  0.45 0.32
  149 E     1   1   0  -1  -3   2   2   0  -3  -4  -3   4  -2  -3  -3  -2  -2  -5  -2  -3   12   5   3   2   1  10  16   7   0   0   2  34   1   1   0   0   1   0   1   1  0.51 0.35
  150 M    -5  -6  -6  -7  -6  -3  -6  -2  -3  -4  -1  -6   6  -1  -7  -6  -5  -2   9  -4    0   0   0   0   0   1   0   4   0   0   5   0  20   0   0   0   0   0  70   0  2.33 0.90
  151 K    -3   6  -1  -3  -6  -1   0  -3  -3  -5  -5   5  -4  -5  -4  -3  -2  -5  -2  -5    1  49   3   0   0   0   4   1   0   0   0  40   0   0   0   0   1   0   2   0  1.31 0.50
  152 P    -1  -2  -1   3  -4   0   5  -3  -2  -4  -4  -1  -3  -5   3   0  -1  -4  -4  -4    5   0   0  13   0   0  60   0   0   0   0   0   0   0  13   6   3   0   0   0  0.84 0.24
  153 A     5  -2  -2  -2  -1  -1  -1   0  -2  -2  -2  -1  -2  -3  -1   2   0  -3  -2  -1   85   0   0   0   0   0   0   0   0   0   0   0   0   0   0  15   0   0   0   0  0.57 0.10

                      K         Lambda
Standard Ungapped    0.1333     0.3205
Standard Gapped      0.0427     0.2670
PSI Ungapped         0.1396     0.3173
PSI Gapped           0.0427     0.2670
