
Last position-specific scoring matrix computed, weighted observed percentages rounded down, information per position, and relative weight of gapless real matches to pseudocounts
            A   R   N   D   C   Q   E   G   H   I   L   K   M   F   P   S   T   W   Y   V   A   R   N   D   C   Q   E   G   H   I   L   K   M   F   P   S   T   W   Y   V
    1 N    -1  -1   2   4  -4   1   4  -2   0  -3  -3   0  -2  -3  -2   0  -1  -4  -2  -3    0   0  17  26   0   0  56   0   0   0   0   0   0   0   0   0   0   0   0   0  0.62 0.02
    2 V     3  -2  -2  -3  -1  -2  -2  -2  -3   2   0  -2   0  -2  -2   0   1  -3  -2   3   41   0   0   0   0   0   0   0   0  16   0   0   0   0   0   0   7   0   0  36  0.25 0.04
    3 K     0   0  -1  -1  -2   1   2  -2  -1  -2  -2   1  -2  -3   1   2   3  -3  -2  -1    0   4   0   0   0   4  16   0   0   0   0  12   0   0   6  23  31   0   0   3  0.33 0.09
    4 L    -2  -3  -4  -4  -2  -3  -4  -4  -4   4   3  -3   2  -1  -4  -3  -1  -3  -2   3    0   0   0   0   0   0   0   0   0  37  39   0   6   0   0   0   0   0   0  18  0.57 0.14
    5 K    -1   1   1  -2  -2  -1  -1  -2   2   1  -1   2  -1  -2  -2   0   3  -3  -2   1    0   6  10   0   0   0   0   0   7  17   0  18   0   0   0   6  26   0   0   9  0.20 0.10
    6 V    -1  -3  -3  -4  -2  -3  -3  -4  -4   4   0  -3   1  -2  -3  -2   1  -4  -2   4    0   0   0   0   0   0   0   0   0  33   0   0   3   0   0   0  10   0   0  53  0.62 0.17
    7 F    -3  -4  -4  -4  -3  -4  -4  -4  -2  -1   2  -4  -1   7  -4   0  -2  -1   3  -2    0   0   0   0   0   0   0   0   0   0  18   0   0  67   0   9   0   0   6   0  0.96 0.22
    8 H     4  -2  -2  -3  -2  -1  -2  -2   6  -2  -2  -2  -2  -2  -2   0  -1  -3   1   1   47   0   0   0   0   0   0   0  31   0   0   0   0   0   0   6   0   0   4  12  0.57 0.19
    9 A     6  -3  -3  -3  -2  -2  -2  -1  -3  -3  -3  -2  -2  -4  -2   0  -1  -4  -3  -1  100   0   0   0   0   0   0   0   0   0   0   0   0   0   0   0   0   0   0   0  1.09 0.28
   10 G     2  -3  -2  -3  -3  -3  -3   6  -3  -4  -4  -3  -4  -4  -3  -1  -2  -4  -4  -4   16   0   0   0   0   0   0  84   0   0   0   0   0   0   0   0   0   0   0   0  1.30 0.23
   11 S     2  -2  -1  -2  -2  -1  -1  -1  -2  -4  -4  -1  -3  -4  -2   6   0  -4  -3  -3   12   0   0   0   0   0   0   0   0   0   0   0   0   0   0  88   0   0   0   0  0.97 0.27
   12 L    -1  -3  -4  -4  -2  -3  -4  -4  -3   0   5  -3   1   2  -4  -3  -2  -2   3   0    5   0   0   0   0   0   0   0   0   0  78   0   0   6   0   0   0   0  12   0  0.69 0.19
   13 T     0   1  -1  -1   2   1   0  -2  -1  -2  -1   2  -1  -3  -2   2   2  -3  -2  -2    8   7   0   0   6   9   0   0   0   0   7  23   0   0   0  19  19   0   0   0  0.23 0.09
   14 E     1  -1   0   0  -1   1   0  -1  -1   1  -1  -1   0  -1  -1   1   0  -2   1   1   13   1   4   6   0   7   8   4   0   8   1   1   4   1   1  11   1   0   6  22  0.06 0.04
   15 P     1  -2  -2  -2  -2  -2  -2  -2  -2   1  -2  -1  -2  -2   6   0   0  -3  -2  -1   19   1   1   1   0   1   1   1   0  13   1   1   0   1  45   5   7   0   1   1  0.74 0.12
   16 M    -2  -2  -3  -3  -2   0  -3  -3  -2   1   2  -2   3   5  -3  -2  -2  -1   1  -1    1   1   0   1   0   6   1   1   0   7  23   1  11  46   1   1   1   0   0   1  0.51 0.13
   17 K    -1   1   1   2  -3   2   3  -1  -1  -3  -2   0  -2  -2  -2   0   1  -2   2  -2    2   6   6  12   0  14  27   3   0   0   2   3   0   0   0   5  10   0  10   0  0.30 0.09
   18 A     2  -1  -1   2  -3   2   3  -1  -1  -3  -1   0  -2  -2  -2  -1  -1  -2   2  -2   22   0   0  10   0  14  30   2   0   0   6   3   0   0   0   0   0   0  12   0  0.31 0.12
   19 F    -1  -3  -3  -4  -2  -2  -3  -4   2   2   3  -3   1   1  -3  -3  -2   4   3   1    4   0   0   0   0   0   0   0   7  17  40   0   3   3   0   0   0   6  13   8  0.37 0.11
   20 K     2  -1  -1  -1  -3   2   3   1  -1  -1  -2   0  -2  -3  -2   0   0  -3  -3  -2   22   0   0   0   0  11  29  14   0   7   0   6   0   0   0   6   6   0   0   0  0.29 0.10
   21 R     0   2   2   2  -3   1   1  -2  -1  -3  -3   3  -2  -3  -2   1   2  -4  -2  -2    5   9  13  12   0   6   6   0   0   0   0  26   0   0   0   6  17   0   0   0  0.33 0.09
   22 A     1  -1   0   1  -3   3   2  -2  -1   0  -1   0   0  -3   1  -1  -1  -3  -2  -1   15   0   5  10   0  19  20   0   0  10   5   5   4   0   7   0   0   0   0   0  0.22 0.09
   23 F    -1  -4  -4  -4  -3  -4  -4  -4  -1  -1   0  -4  -1   7  -4  -3  -3   0   5  -2    7   0   0   0   0   0   0   0   0   0   6   0   0  65   0   0   0   0  22   0  1.11 0.23
   24 E    -1   1   2   1  -3   1   4  -2  -1  -1  -3   1  -2   0  -2   0  -1  -3  -2  -2    2   6  10   6   0   6  39   0   0   6   0  11   0   7   0   7   0   0   0   0  0.35 0.11
   25 E     2   0   1   0  -3   3   2  -2  -1  -3  -3   2  -2  -3   2   0  -1  -3  -2  -2   21   0   8   2   0  18  16   0   0   0   0  19   0   0  11   3   0   0   0   0  0.36 0.10
   26 K    -1   0  -1   2  -3   3   2  -1  -1  -1  -2   1  -1  -2   1  -1  -1  -2   2  -2    0   4   0  12   0  24  18   4   0   6   3   9   0   0   6   0   0   0  10   0  0.27 0.09
   27 H     2  -2   1   0  -2  -1  -1  -1   5  -2  -2  -2  -2   1  -2  -1  -2  -1   4  -2   24   0   6   6   0   0   1   3  24   0   1   1   0   5   0   1   1   0  26   1  0.42 0.13
   28 P    -1  -1   0  -1  -2   1   1  -2  -1  -2  -2   0  -1  -2   4   0   3  -2  -2  -1    2   1   5   1   0   6   8   1   0   1   2   7   0   1  20   4  35   0   1   4  0.37 0.09
   29 N    -1  -1   3   1  -4   1   0   4   3  -4  -4   1  -3  -4  -3  -1  -2  -4  -2  -4    0   0  21   7   0   6   6  40  11   0   0   9   0   0   0   0   0   0   0   0  0.55 0.13
   30 V    -1  -3  -3  -3  -2  -3  -3  -4   1   3   1  -3   1  -1  -3  -2   1  -3  -2   4    0   0   0   0   0   0   0   0   7  27   6   0   4   0   0   0  12   0   0  45  0.44 0.14
   31 E    -1   1   1   3  -3   1   1  -1  -1  -3  -3   1  -2  -4   2   0   2  -4  -3  -2    0  11   6  20   0   6   9   4   0   0   0   7   0   0  10   2  24   0   0   0  0.34 0.10
   32 V    -1  -4  -4  -4  -2  -3  -4  -4  -4   3   1  -3   0   2  -4  -3  -1  -3  -1   5    0   0   0   0   0   0   0   0   0  19  10   0   0   9   0   0   0   0   0  62  0.62 0.17
   33 Q    -1   2   0   1  -3   4   2   1   2  -2  -2   1  -2  -3  -2  -1  -1  -3  -1  -1    0  10   4   6   0  33  14  10   6   2   3   6   0   0   0   0   0   0   2   4  0.33 0.11
   34 T     0   2  -1   1  -2  -1  -1  -3  -2   1   0  -1   2   0   1  -1   0  -3  -2   2    6  20   0  14   0   0   0   0   0   9   3   0  10   4   7   4   3   0   0  21  0.13 0.08
   35 E     0  -1   0   0  -3   0   5  -2  -1  -2  -2  -1  -2  -3  -2   1   1  -3  -2   0    4   0   5   0   0   0  56   0   0   0   1   0   0   0   0   8  11   0   0  12  0.49 0.15
   36 A     3  -3  -3  -3  -2  -2  -2   0  -2  -2  -2  -2  -2   4   2   0  -2  -1   3  -2   35   0   0   0   0   0   0   6   0   0   0   0   0  30  10   4   0   0  15   0  0.46 0.15
   37 A     3  -2  -1  -2   2  -1  -1   1   3  -2  -2  -1  -2  -2  -2   3   0  -3  -2  -2   31   1   1   1   6   0   1  10  12   1   1   1   0   0   1  32   1   0   0   1  0.34 0.11
   38 G     0  -3  -2  -2  -4  -3  -3   6  -3  -5  -5  -3  -4  -4  -3   0  -3  -4  -4  -4    4   0   0   0   0   0   0  92   0   0   0   0   0   0   0   4   0   0   0   0  1.48 0.25
   39 S     0  -2  -1  -2  -2  -1  -1  -2  -2  -4  -4  -2  -3  -4   3   6   0  -4  -3  -3    0   0   0   0   0   0   0   0   0   0   0   0   0   0  12  88   0   0   0   0  1.01 0.27
   40 A     2  -1  -2  -2  -2  -1  -2  -2  -2   1  -1  -2  -1   2  -2   1   1  -3  -1   2   22   2   0   0   0   3   0   0   0  10   0   0   0  12   0  16   7   0   0  27  0.18 0.10
   41 A     2   0  -1   0  -2   0   1   2  -2  -2  -2   0   0  -3  -2   1   1  -3  -3  -2   25   6   0   6   0   2   9  23   0   0   0   5   5   0   0  10  10   0   0   0  0.25 0.08
   42 T     2  -3  -3  -3   4  -2  -3   1  -3   1   2  -2   0  -1  -3  -1  -1  -3  -2   0   22   0   0   0  16   0   0  10   0   6  36   0   0   0   0   2   3   0   0   6  0.28 0.10
   43 I     3  -3  -3  -3  -1  -2  -3  -2  -3   2   2  -2   0  -2  -2  -1  -1  -3  -2   2   42   0   0   0   0   0   0   0   0   9  24   0   0   0   0   0   0   0   0  25  0.36 0.13
   44 R     0   5  -1  -2   2   2   0  -3  -1  -3  -3   2  -2  -4  -3   0   0  -4  -3  -3    6  56   0   0   6  11   4   0   0   0   0   7   0   0   0   6   4   0   0   0  0.66 0.17
   45 K    -2   0  -1  -1  -4   5   2  -3  -1  -3  -1   4   1  -3  -2  -1  -2  -3  -3  -3    0   0   0   0   0  35  10   0   0   0   7  42   6   0   0   0   0   0   0   0  0.64 0.19
   46 V    -2   0  -3  -3  -2   1  -2  -4  -3   4   1  -2   0  -2  -3  -3  -1  -3  -2   4    0   6   0   0   0  11   0   0   0  43   4   0   0   0   0   0   0   0   0  36  0.48 0.16
   47 T     0  -2  -1   0  -2   0  -1  -2  -2   2  -1  -1  -1  -2  -2   1   3  -3  -2   0    7   1   1   6   0   6   1   1   0  23   1   1   0   0   1  13  37   0   0   1  0.24 0.10
   48 E    -2  -1   0   4  -4   3   4  -3  -1  -4  -4   1  -3  -3  -2   0  -2  -4   0  -3    0   0   0  33   0  14  38   0   0   0   0   6   0   0   0   5   0   0   4   0  0.71 0.17
   49 L     0  -1   0   0  -2   3  -1   1  -2  -1   2  -1   0  -2  -2  -1   0  -2  -2  -1    9   0   3   6   0  21   1  13   0   0  35   1   0   0   0   1   7   0   0   1  0.15 0.09
   50 G    -1  -2   2  -1  -3   0  -2   5   0  -4  -4   0  -3  -4   1  -1   0  -4  -3  -3    0   0  14   0   0   6   0  56   2   0   0   8   0   0   6   0   7   0   0   0  0.68 0.15
   51 R     1   3   2   0  -3   1   1  -2  -1  -2  -3   3  -2  -3  -2  -1  -1  -4  -2  -1   16  20  12   4   0   6   6   0   0   0   0  31   0   0   0   0   0   0   0   6  0.34 0.11
   52 K    -1   1   0   0  -3   1   0  -1   2  -3  -3   2  -2  -3   4  -1   1  -3   1  -3    0   9   2   6   0   5   5   5   7   0   0  19   0   0  25   0  13   0   6   0  0.43 0.10
   53 A     4  -2  -2  -3   1  -2  -2   0  -2  -1  -2  -2  -2  -2   2   1  -1  -3   0   1   56   0   0   0   3   0   0   6   0   0   0   0   0   0  12   6   0   0   5  12  0.43 0.15
   54 D    -2  -2   1   6  -4  -1   1  -2   0  -3  -4  -2  -3  -4  -3   1  -2  -5  -4  -1    0   0   6  70   0   0   5   0   2   0   0   0   0   0   0  10   0   0   0   6  0.97 0.21
   55 V    -2  -3  -4  -4  -2  -3  -4  -4  -4   4   2  -3   0   1  -3  -3  -1  -3  -2   4    0   0   0   0   0   0   0   0   0  31  15   0   0   6   0   0   0   0   0  48  0.58 0.15
   56 I    -1  -3  -4  -4  -2  -3  -4  -4  -3   2   2  -3   1   5  -4  -3  -2  -1   1   1    7   0   0   0   0   0   0   0   0  16  17   0   3  45   0   0   0   0   0  13  0.54 0.14
   57 A     3  -3  -3  -3  -2  -2  -2   0  -3   2  -1  -2  -1   1  -2   0  -1  -3  -2   1   49   0   0   0   0   0   0   5   0  22   0   0   0   9   0   6   0   0   0  10  0.32 0.13
   58 T     1  -2  -1  -2  -2  -1  -1  -2  -2  -2  -1  -1  -2  -3   2   4   1  -4  -3   0    6   0   0   0   0   0   0   0   0   0   6   0   0   0  12  63   5   0   0   9  0.52 0.18
   59 A     5  -3  -3  -3  -2  -2  -2  -1  -3  -2  -2  -2  -2  -3  -2   1  -1  -4  -3   1   82   0   0   0   0   0   0   0   0   0   0   0   0   0   0   6   0   0   0  12  0.76 0.22
   60 D     2  -2   2   6  -3  -1   0  -2  -2  -4  -4  -2  -3  -4  -2   0  -1  -5  -4  -3   22   0  12  61   0   0   0   0   0   0   0   0   0   0   0   5   0   0   0   0  0.85 0.20
   61 Y     0  -2  -2   0  -3   0   0  -3   0  -3  -2  -2  -2   1   3  -1   0   0   6  -2   11   0   0   7   0   6   6   0   0   0   0   0   0   3  17   0   5   0  45   0  0.62 0.18
   62 T     1   0  -1   0  -2  -1  -1   0  -2   1  -1   1  -1  -2   0   0   2  -3  -2   1   15   3   0   6   0   0   0   6   0  17   0  11   0   0   5   5  25   0   0   7  0.14 0.08
   63 L    -2  -1   0  -3  -2   2  -1  -3   2   0   3   0   0  -1  -3  -2  -2   3  -1   1    0   0   6   0   0  16   0   0   7   0  46   6   0   0   0   0   0   6   0  13  0.29 0.13
   64 I     0  -3  -3  -4  -2  -3  -3  -3  -3   3   1  -3   2   2   1  -2  -1  -2   1   1   12   0   0   0   0   0   0   0   0  37  11   0  10  12   7   0   0   0   5   6  0.30 0.11
   65 Q    -2   2  -1   2  -3   1   0  -3  -2  -2  -1   0  -2  -2   4  -1  -1  -3   0   0    0  13   0  20   0   8   3   0   0   0   6   6   0   0  25   3   0   0   5  12  0.38 0.10
   66 K     0   0   0   1  -3   3   2  -2  -1  -3  -3   2  -2  -3  -2   1   1  -3   0  -2    6   0   3   9   0  23  14   0   0   0   0  12   0   0   0  15  12   0   6   0  0.32 0.11
   67 M    -1   0  -1  -3  -2  -2  -3  -3  -2   0   4  -2   4   0  -3  -2  -1  -2  -2   0    6   6   5   0   0   0   0   0   0   0  53   0  17   3   0   0   0   0   0   5  0.36 0.13
   68 M     1  -2  -2  -2  -2   1   0  -3  -2   0   2  -2   5  -1  -2  -1   0  -2  -2   1   12   0   0   0   0   7   6   0   0   0  22   0  32   0   0   0   6   0   0  12  0.28 0.12
   69 Y    -1  -2   0   2  -2  -1  -1   1  -1   1  -1  -1   2   1  -2  -1  -1  -2   2   1    0   0   5  18   0   0   0  12   0  15   1   5  12   6   0   0   0   0  10  12  0.11 0.08
   70 P     0  -2   1   2  -3  -2  -1  -2  -2  -3  -4   0  -3  -4   6   1   1  -4  -3  -3    5   0   6  12   0   0   0   0   0   0   0   6   0   0  50  12  10   0   0   0  0.98 0.17
   71 E     0   2   2   1  -3   0   1   0   4  -3  -1   2  -2  -3  -2  -1  -1  -3  -1  -2    6  12  11   8   0   0  13   6  17   0  11  17   0   0   0   0   0   0   0   0  0.24 0.09
   72 F    -1  -2   1   2  -3  -1  -1  -3   3   0  -1   0  -2   1  -3   0  -2  -1   5  -2    6   0   6  14   0   0   0   0   9   7   5   6   0   3   0   6   0   0  38   0  0.39 0.14
   73 A     3  -2  -2  -3  -2   0  -2  -2  -3   2  -1  -2  -1  -3   2   0   1  -3  -2   1   44   0   0   0   0   7   0   0   0  18   0   0   0   0  12   0  14   0   0   6  0.34 0.14
   74 N     0  -2   1   4  -3  -1   0   2  -1  -3  -3  -1  -3  -2   1   1  -1  -3   1  -3    7   0   3  40   0   0   3  17   0   0   1   0   0   0   6  13   0   0   7   0  0.44 0.11
   75 W    -3  -2  -3  -4  -3   1  -3  -3   1  -3  -3   0  -2   2  -4  -3   0  11   1  -3    1   0   0   0   0   7   0   1   5   0   1   7   0   9   0   0   6  62   0   0  1.83 0.28
   76 T     2  -2  -1  -2  -2   1  -1  -2   0  -2  -1   0  -1   0   0   0  -1  -1   5  -2   23   0   3   0   0  10   0   0   0   0   7   6   0   0   5   6   3   0  37   0  0.36 0.14
   77 I     0  -3  -3  -3  -2  -3  -3  -3  -3   3   2  -3   0  -1  -3  -2   2  -3  -2   3    8   0   0   0   0   0   0   0   0  33  18   0   0   0   0   0  16   0   0  24  0.37 0.12
   78 M     1  -1   1  -1  -2  -1   1  -1  -2   0   0  -1   3  -2   1   0   2  -3  -2   0   14   3   8   0   0   0  12   3   0   5   8   0  15   0   7   0  20   0   0   5  0.13 0.08
   79 F    -3  -4  -1  -4  -3  -4  -4  -4  -3   1   1  -4  -1   7  -4  -3  -3  -1   1   0    0   0   3   0   0   0   0   0   0   6  12   0   0  71   0   0   0   0   0   7  1.00 0.23
   80 A     4  -2  -2  -3  -1  -2  -2  -1  -3   0   0  -2  -1  -2  -2   2  -1  -3  -2   0   63   0   0   0   0   0   0   0   0   6  11   0   0   0   0  14   0   0   0   6  0.45 0.17
   81 K     1   1   1  -1  -2  -1  -1   1  -2  -2  -2   1  -2   0  -2   2   3  -3  -2  -2   10   7   9   0   0   0   0  12   0   0   0  13   0   6   0  18  26   0   0   0  0.24 0.10
   82 N    -3  -2   7   2  -4  -1  -1  -2  -1  -5  -5  -2  -4  -5  -3  -1  -1  -5  -4  -4    0   0  88  12   0   0   0   0   0   0   0   0   0   0   0   0   0   0   0   0  1.47 0.30
   83 Q     0   2  -1   0  -4   4   4  -3  -1  -4  -3   0  -2  -4  -2   0   0  -3  -3  -3    6  16   0   0   0  26  42   0   0   0   0   0   0   0   0   6   5   0   0   0  0.63 0.17
   84 I    -2  -3  -4  -4  -2  -3  -4  -4  -3   4   3  -3   6  -1  -4  -3  -2  -3  -2   1    0   0   0   0   0   0   0   0   0  30  34   0  34   0   0   0   0   0   0   3  0.69 0.19
   85 V     2  -3  -3  -3   3  -3  -3   0  -3   1  -1  -3  -1  -2  -3  -1   0  -4  -2   4   22   0   0   0   7   0   0   6   0   2   0   0   0   0   0   0   6   0   0  57  0.43 0.16
   86 L    -2  -4  -4  -4  -2  -3  -4  -5  -4   5   3  -4   1  -1  -4  -3  -2  -3  -2   2    0   0   0   0   0   0   0   0   0  54  35   0   0   0   0   0   0   0   0  11  0.69 0.17
   87 A     2  -3  -2  -3   3  -2  -2  -2  -3   2  -1  -2   0  -2  -2  -1   2  -3  -2   2   31   0   0   0   9   0   0   0   0  13   0   0   3   0   0   0  19   0   0  25  0.32 0.13
   88 Y     0  -3  -3  -3  -3  -2  -3  -3   0  -2  -2  -2  -2   3  -3  -2   1   5   7  -2   11   0   0   0   0   0   0   0   0   0   1   0   0   8   0   0  14  10  53   0  0.85 0.20
   89 R     0   0   1  -1  -2  -1  -1  -2  -2  -1  -1   0  -1  -2   1   2   4  -3  -2   0    5   3   6   0   0   0   0   0   0   0   7   7   0   0   6  15  42   0   0   7  0.28 0.11
   90 N    -1  -1   4   2  -3   0   2  -2  -1  -3  -3   1  -3  -4   2   0  -1  -4  -3  -3    5   0  38  13   0   0  14   0   0   0   1  13   0   0  12   0   0   0   0   0  0.52 0.13
   91 D     0   0   1   1  -2   2   1   0  -1  -2  -2   2   0  -3  -1   1   0  -3  -2  -1    7   1   6   6   0  12   7   7   0   1   1  24   2   0   1  15   1   0   0   8  0.18 0.06
   92 S     0  -2   1  -1  -2  -1  -1  -2  -2  -2  -3  -1  -2  -3   3   4   2  -4  -3   0    0   0   7   0   0   0   0   0   0   0   0   0   0   0  13  60  13   0   0   7  0.56 0.17
   93 R    -1   2   0  -1  -3   1   1  -3  -2  -2  -3   4  -2  -4   4  -1   0  -4  -3  -1    0   8   3   0   0   6   6   0   0   0   0  39   0   0  24   0   7   0   0   6  0.54 0.13
   94 Y    -2  -2   1  -3  -3   0  -2  -1   3  -2  -1   0  -2   2  -3  -2  -2   0   7  -2    0   0   7   0   0   6   0   6   7   0   6   7   0   3   0   0   0   0  56   0  0.70 0.18
   95 A     1  -1   0  -2  -3  -1  -1   2   3  -3  -3   2  -2  -2  -2   0  -1   5   1  -2   20   0   2   0   0   0   0  22  11   0   0  21   0   0   0   6   0  11   6   2  0.35 0.11
   96 D    -2   0   1   5  -3  -1   1  -2  -2   1  -2   0  -2  -3  -2   0   0  -4  -3  -1    0   6   8  48   0   0   5   0   0  17   0   3   0   0   0   6   6   0   0   0  0.47 0.13
   97 E    -2   3   0   0  -4   2   4  -3  -1  -3  -1   0  -2   0  -2   0  -1  -3  -2  -3    0  19   5   0   0  11  45   0   0   0   6   0   0   6   0   7   0   0   0   0  0.47 0.14
   98 I    -1  -2  -1  -2  -2  -2  -2  -3  -2   2   1  -2   2  -1   3   0   0  -3  -2   1    1   0   3   0   0   0   0   1   0  23  18   0   8   0  18   7   7   0   0  10  0.27 0.07
   99 N     0  -1   4   0  -2  -1   0  -1  -1  -2  -2   0  -2   0  -2   2   2  -3  -1   0    7   0  34   0   0   0   6   1   0   0   1   3   0   7   0  17  15   0   0   8  0.27 0.10
  100 S     2  -1  -1  -2  -2  -1  -1  -1  -2  -2  -2   0  -2  -2   2   2   2   5  -1  -1   26   0   0   0   0   0   0   3   0   0   1   7   0   0  12  20  18  11   0   0  0.37 0.10
  101 Q     0  -1   0   3  -2   1   1   0  -1  -3  -3   1  -2  -3   2   1   1  -3  -2  -2    7   0   0  25   0   8   9   7   0   0   1  10   0   0  11  11   8   0   0   0  0.31 0.07
  102 N    -1  -1   5   0  -2  -1   0  -1   0  -2  -2   1  -2  -1  -2   1   1  -1   4  -2    1   1  41   1   0   1   4   1   0   1   1   9   0   1   1   7   7   0  22   1  0.41 0.12
  103 W    -3  -3  -4  -4  -3  -3  -3  -3  -3  -3  -3  -3  -2   0  -4  -3  -3  12   1  -3    1   1   1   1   0   1   1   1   0   1   1   1   0   1   1   1   1  86   0   1  2.85 0.32
  104 Y    -2  -3  -3  -3  -3  -2  -3  -3   0  -2   0  -3  -1   4   1  -2   0   4   6  -2    1   0   0   0   0   0   0   0   0   0   8   0   0  18   7   0   7   7  49   0  0.77 0.16
  105 E    -1   1   3   1  -3   0   4  -2  -1  -3  -3   1  -2  -3  -2   1   1  -3  -2  -3    1   7  18   7   0   0  37   0   0   0   1   5   0   0   0  14   8   0   0   0  0.42 0.10
  106 I     0  -2   2  -2  -2  -2  -2  -3  -2   3   1  -2   0   2  -3  -2  -1  -2  -1   1    7   0  18   0   0   0   0   0   0  36  14   0   0  11   0   0   0   0   0   9  0.22 0.09
  107 L    -2  -3  -3   0  -2  -3  -3  -4  -3   2   4  -3   1   3  -4  -3  -2  -2  -1   0    0   0   0   6   0   0   0   0   0  10  64   0   0  19   0   0   0   0   0   0  0.54 0.15
  108 K     2   0   0  -2  -2   1  -1  -2  -1  -1   0   0   2  -1  -2   0   2  -2   2  -1   23   2   4   0   0  11   0   0   0   0  10   5  11   0   0   3  17   0  11   0  0.13 0.08
  109 R     0   4  -1   1  -3   0   1  -2  -1  -2   0   2  -1  -3  -2   0  -1  -3  -2  -2    7  41   0   7   0   0  13   0   0   0  12   9   0   0   0   8   0   0   0   0  0.35 0.10
  110 P    -2  -2   3   2  -3  -1   0  -1  -2  -3  -1  -1  -2  -3   5   0  -1  -4  -3  -3    0   0  20  17   0   0   4   2   0   0  11   3   0   0  35   7   0   0   0   0  0.65 0.13
  111 D     0  -2   1   3  -3  -1   1   3   2  -3  -3  -1  -3  -3  -2   1   1  -4  -2  -3    6   0   3  27   0   0   7  26   7   0   0   0   0   0   0  10  11   0   0   0  0.40 0.10
  112 V    -1  -2  -2  -3  -2  -2  -2   0  -3   1   1  -2   0  -2  -2  -1   3  -3  -2   3    1   0   0   0   0   0   0   7   0   0  15   0   0   0   0   1  29   0   0  45  0.31 0.12
  113 R    -1   4   1  -1  -3   0   0  -2  -1   0  -2   3  -1  -3  -2   1  -1  -3  -2  -1    1  29   7   0   0   0   3   0   0  11   1  29   0   0   0  13   0   0   0   4  0.33 0.10
  114 F    -2  -3  -4  -4  -2  -3  -3  -4  -2   2   2  -3   0   4  -4  -3  -2   5   3   2    0   0   0   0   0   0   0   0   0  16  20   0   0  26   0   0   0   9  13  17  0.50 0.11
  115 G     3  -3  -2  -2  -2  -2  -3   5  -3  -3  -3  -2  -3  -4  -3  -1  -2  -3  -3  -1   31   0   0   0   0   0   0  63   0   0   0   0   0   0   0   0   0   0   0   7  0.85 0.17
  116 F     0   0  -3  -3  -2  -2  -3  -3   1   2   1  -2   0   4  -3  -2  -1  -2   0   2   10   6   0   0   0   0   0   0   6  11   7   0   0  32   0   0   0   0   0  27  0.29 0.11
  117 S     1  -2  -1  -2   2  -1  -1   2  -2  -3  -3  -1  -2  -3  -2   4   2  -4  -3  -2    6   0   0   0   7   0   0  14   0   0   0   0   0   0   0  64  10   0   0   0  0.59 0.18
  118 N    -2  -2   4   4  -3   1   0  -2  -1  -3  -4  -1  -3  -4  -2   1   2  -4  -3  -3    0   0  28  39   0   7   0   0   0   0   0   0   0   0   0  11  15   0   0   0  0.65 0.15
  119 P     0  -3  -3  -3  -4  -3  -2  -3  -3  -4  -4  -2  -4  -5   8  -2  -2  -5  -4  -3   10   0   0   0   0   0   0   0   0   0   0   0   0   0  90   0   0   0   0   0  2.21 0.29
  120 N     0  -1   5   1  -3   0   2  -1  -1  -4  -4   1  -3  -4  -2   2  -1  -4  -3  -3    6   0  44   6   0   0  14   0   0   0   0   7   0   0   0  22   0   0   0   0  0.55 0.15
  121 D     0  -1  -1   2  -2   1  -1  -2   1  -1   1   0   0  -2  -2   1   0  -3  -2   0   10   0   0  14   0   8   0   0   6   0  27   7   0   0   0  15   6   0   0   7  0.11 0.07
  122 D    -2  -3   0   7  -4  -1   0  -2  -2  -2  -3  -2  -3  -4  -2  -1  -2  -4  -3   1    1   0   0  80   0   0   0   0   0   0   1   0   0   0   0   0   0   0   0  14  1.06 0.21
  123 P    -2  -4  -3  -3  -4  -3  -3  -4  -4  -4  -4  -2  -4  -5   8  -2  -3  -5  -4  -4    0   0   0   0   0   0   0   0   0   0   0   0   0   0 100   0   0   0   0   0  2.61 0.33
  124 C     1  -3  -3  -3   8  -2   1  -3  -3  -2   0  -2  -2  -3  -3   1  -1  -3  -3  -2   16   0   0   0  50   0  11   0   0   0  13   0   0   0   0  10   0   0   0   0  0.81 0.19
  125 G    -1  -4  -2  -3  -4  -3  -3   7  -3  -5  -5  -3  -4  -4  -3  -1  -3  -4  -4  -4    0   0   0   0   0   0   0 100   0   0   0   0   0   0   0   0   0   0   0   0  1.64 0.26
  126 Y    -2  -2  -2   0  -3  -2  -2  -3   0   0   0  -2  -1   3  -3  -1  -2   0   6  -1    1   0   0   8   0   0   0   1   0   7  12   0   0  11   0   7   0   0  51   0  0.60 0.15
  127 R     0   5  -1  -2  -3   2  -1  -3   0  -3  -2   0  -2  -1  -3  -1  -2  -1   4  -2    7  51   0   0   0  11   0   1   0   0   1   0   0   0   0   1   0   0  25   0  0.64 0.16
  128 S     3  -2  -1  -2  -1  -1  -1  -1  -2  -2  -2  -1  -2  -3  -1   3   4  -3  -2  -1   32   0   0   0   0   0   0   1   0   0   1   0   0   0   0  27  35   0   0   0  0.45 0.14
  129 L    -1   2  -2  -2  -2   2  -1  -3  -1   1   2   0   0   0  -1  -2  -1  -1   2   1    1  13   0   0   0  15   0   1   0  11  26   7   0   0   3   1   0   0  11  10  0.15 0.07
  130 M    -1   0  -2  -2  -2  -1   2  -1  -2   0   1  -1   5   1  -2  -2  -1  -2  -1  -1    1   7   1   1   0   1  18   4   0   4  13   1  39   7   1   1   1   0   0   1  0.27 0.11
  131 A     2  -2  -2  -2  -1  -2  -2  -2  -2   3   0  -2   0  -1  -2  -1   1  -2  -2   3   23   1   1   1   0   1   1   1   0  24   1   1   0   1   1   1  15   0   0  27  0.22 0.08
  132 I    -1  -2  -2  -2  -1  -2  -2  -2  -2   2   2  -2   3   1  -2  -2  -1   2  -1   1    2   1   1   1   0   1   1   2   0  17  31   1  17   7   1   2   3   3   1   7  0.22 0.06
  133 Q     0   0  -1  -1  -2   4   0  -1  -1  -2  -2   3  -1  -3  -1   0   0  -2  -2  -2    8   1   1   1   0  37   1   5   0   1   2  28   0   1   1   2   8   0   1   1  0.37 0.10
  134 L    -1  -2  -2  -3  -1  -2  -2  -3  -2   1   4  -2   3   0  -2  -2  -1  -2  -1   0    2   1   1   1   0   1   1   2   1   1  68   1  11   1   1   2   1   0   1   2  0.40 0.10
  135 A     5  -1  -1  -2  -1  -1  -1   0  -2  -2  -2  -1  -1  -2  -1   1   0  -2  -2  -1   76   1   1   1   0   1   1   2   1   1   2   1   1   1   1   4   1   0   1   2  0.48 0.12
  136 E     1  -1   0   1  -2   0   3   2  -1  -2  -2   0  -2  -2  -1   1  -1  -2  -2  -2   14   1   1   8   0   1  34  18   1   1   2   1   1   1   1  11   1   0   1   2  0.27 0.06
  137 L    -1  -1  -1   0  -1  -1  -1  -1  -1   1   2   0   0   0  -1   0   1  -1   2   0    2   1   1   7   0   1   4   5   1  10  28   8   1   1   1   5  12   0  12   2  0.05 0.03
  138 Y     1  -2  -2  -2  -2  -1  -2  -2   3  -1   1  -2   0   1  -2  -1  -1   0   5  -1   21   1   1   1   0   1   1   1   9   1  23   1   0   1   1   1   1   0  34   1  0.31 0.10
  139 Y    -2  -2  -2  -3  -3  -2  -2  -3   3  -2  -2  -2  -2   2  -3  -2  -2   1   8  -2    1   1   1   1   0   1   1   1   7   1   1   1   0   1   1   1   1   0  78   1  1.16 0.20
  140 N     1  -1   2   2  -2   0   0   3  -1  -2  -3   1  -2  -3  -1   0   0  -3  -2  -2   12   1  16  18   0   1   4  24   0   1   1   9   0   1   1   1   6   0   1   1  0.27 0.06
  141 D     0   1   3   3  -2   0   0  -1  -1  -1  -2   2  -2  -3  -1   0  -1  -3  -2  -1    8   9  22  25   0   1   1   1   0   4   1  19   0   1   1   1   1   0   1   4  0.28 0.07
  142 P    -1  -1   0   1  -2   0   1  -2   3  -2  -2  -1  -2  -2   5   2   0  -3  -1  -2    1   1   1  10   0   1   9   1  11   1   2   1   0   1  32  21   5   0   1   1  0.53 0.09
  143 T     1  -1   1   2  -1   0   0   0  -1  -2  -2  -1   0  -2  -1   2   2  -3  -2  -1   16   1   6  12   0   4   3   4   0   1   1   1   3   1   1  26  18   0   0   1  0.22 0.06
  144 I    -2  -3  -3  -3  -2  -3  -3  -4  -3   4   3  -3   1   1   0  -3  -1  -2  -1   1    1   0   0   0   0   0   0   1   0  48  36   0   0   6   6   1   0   0   0   0  0.43 0.12
  145 F    -2  -2  -2  -3  -2  -2  -2  -3  -1  -1   1  -2  -1   5  -3  -2   1   0   4  -1    1   1   1   1   0   1   1   1   0   1  10   1   0  45   1   1  14   0  20   1  0.53 0.12
  146 D     0   0   1   2  -2   0   2  -1  -1   0  -2   1  -1  -2  -1   1   0  -3  -2   0    7   1   9  18   0   1  16   1   0   6   1  16   0   1   1  10   1   0   0  12  0.17 0.05
  147 E    -1  -1   3   2  -3   1   2  -1   2  -2  -1   1  -1  -2  -2   0   0  -3  -2  -2    1   1  24  15   0   6  17   1   6   1   9   7   0   1   1   1   9   0   0   1  0.26 0.07
  148 L    -1  -2  -2  -3  -2  -2  -2  -3  -2   2   3  -2   2   0   1   0  -1  -2  -1   0    1   1   1   1   0   1   1   1   0  13  57   1   6   1   6   9   1   0   0   1  0.31 0.09
  149 V     1  -2  -2  -2  -1  -1   0  -2  -2   1   2  -2   2  -1  -2  -1  -1  -2  -1   2   13   1   1   1   0   1  10   1   0   6  22   1   9   1   1   1   1   0   0  32  0.16 0.06
  150 A     0  -1   0   0  -2   0   1  -1  -1  -1   1   1   0   0  -1   0  -1   4  -1  -1    8   1   6   4   0   1  10   5   0   1  22  15   0   6   1   7   1   8   1   1  0.08 0.04
  151 K     0   1   2   1  -2   0   1  -1   2  -2  -2   2  -1  -2  -1   0  -1  -2   1  -2   13  10  13   9   0   1   9   4   6   1   2  19   1   1   1   2   1   0   6   1  0.15 0.04
  152 N    -1   0   4   0   1   0  -1  -1   4  -2  -2   1  -2  -2  -2   0   0  -2   1  -2    2   1  35   1   3   1   1   2  20   1   2  12   1   1   1   2   6   0   6   1  0.34 0.09
  153 S     0  -1   1  -1  -1  -1  -1  -1  -1   0  -1  -1   1  -2   3   1   2  -2  -2   1    2   1   6   1   0   1   1   2   1   1   2   1   9   1  15  14  25   0   1  14  0.22 0.06
  154 N    -1   1   4   0  -2   0   1   1   0  -2  -2   0  -2  -2  -1   0  -1  -2  -2  -2    3   7  42   2   1   1  11  14   1   2   3   2   1   1   2   2   2   0   1   2  0.32 0.07
  155 L    -1  -1  -1  -1  -1  -1  -1  -1  -1   2   1  -1   1   2  -1   0   0  -1   0   1    4   2   2   3   1   2   3   3   1  20  13   3   4  14   2   9   3   1   2   9  0.04 0.02
  156 R     0   0  -1  -1  -1   0   0   0   0  -1   0   1   0   0  -1   0   0   0   3  -1   12   5   2   2   1   2   7   6   1   2   9  12   3   1   2   3   9   1  19   2  0.07 0.03
  157 F     0  -1  -1  -1  -1  -1  -1   1  -1   1   0  -1   0   2  -1  -1   0  -1   0   2    4   2   2   3   1   2   3  12   1   2   7   3   1  16   2   3   3   1   2  30  0.05 0.02
  158 S     0  -1   0   2  -1   0   1  -1  -1  -1   0   0  -1  -1   0   1   1  -1  -1  -1    9   2   4  15   1   2  12   4   1   2  10   3   1   2   2  15   9   1   2   3  0.09 0.01
  159 E    -1   0   0   1  -2   1   2  -1   0  -1  -1   2  -1  -2   1   0   0  -1  -1  -1    4   2   2   8   1   7  23   4   1   2   4  18   1   2   8   3   3   1   2   3  0.19 0.03
  160 D     0  -1   2   1  -2   0   2  -1   0  -1   0   0  -1  -1  -1   1   0  -1   1  -1    7   2  18   5   1   1  19   2   1   2  12   2   1   1   2  13   2   0   6   6  0.10 0.03
  161 N    -1   0   4   2  -2   0   0   0   0  -2  -2   1  -1   0  -1   0   0  -2  -1  -2    2   2  31  18   1   1   2   6   1   2   3  11   1   7   2   2   7   0   1   2  0.23 0.05
  162 G     1  -1  -1   0  -2   0   1   3  -1  -2  -2   0  -1  -2  -1   0  -1  -2  -2  -1   21   2   1   5   1   1  11  35   1   2   3   7   1   1   2   2   2   0   1   2  0.26 0.05
  163 S     0  -1   1  -1  -1   0  -1  -1  -1  -1  -1   1   1  -2  -1   1   3  -2  -1   0    8   2   7   2   1   1   2   2   1   2   3  11   6   1   2   5  39   0   1   6  0.17 0.06
  164 Y     1  -1   0  -1  -2   0  -1   0   2  -1  -1  -1  -1   1  -1  -1  -1   0   5  -1   14   2   5   2   1   4   2  10   5   2   7   2   1   1   2   2   2   0  35   2  0.22 0.06
  165 V    -1  -1   0  -1   0  -1  -1  -1  -1   1   1   0   2  -1  -1  -1   1  -1  -1   1    3   2   5   2   3   2   2   3   1  16  15   8  15   2   2   3   9   1   1   6  0.05 0.02
  166 L     0  -1  -1  -1  -1  -1  -1  -1   2   1   1  -1   0   1  -1  -1  -1  -1   1   1   12   2   2   2   1   2   2   3   8  18  16   2   1   7   2   3   2   1   8   7  0.04 0.02
  167 R    -1   1  -1  -1  -1   0  -1   1   1   1   0   0   0  -1  -1  -1  -1  -1  -1   0    3  14   2   2   1   2   3  14   7  18  13   3   1   2   2   3   3   1   1   5  0.03 0.02
  168 M     0  -1   1  -1  -1  -1  -1  -1   0   1   0  -1   0   0  -1   0   0  -1   2   1    7   2   9   2   1   2   3   3   1   8   4   3   4   2   2  12   3   1  12  20  0.04 0.02
  169 P     0  -1  -1  -1  -2  -1  -1   1  -1  -2  -2   0  -1  -2   5   0  -1  -2   0  -1    7   2   2   2   1   2   3  12   1   2   4   8   1   2  41   3   2   1   4   3  0.59 0.06
  170 S     2  -1  -1   0  -1   0   0   1  -1   0  -1   0  -1  -1  -1   1   0  -1  -1   1   26   2   2   6   1   2   3  12   1   2   4   9   1   2   2   8   2   1   1  15  0.07 0.02
  171 S     0  -1   2   1  -1   0   0  -1  -1  -2  -2   0  -1  -2   4   1   0  -2  -1  -1    3   2  16   6   1   2   3   3   1   2   4   3   1   2  24  18   5   1   1   3  0.31 0.04
  172 E    -1   1   0   3  -2   1   2  -1  -1  -2  -1   2  -1  -2  -1   0  -1  -2  -1  -2    3   8   2  21   1   2  21   3   1   2   7  19   1   1   2   3   2   0   1   2  0.23 0.04
  173 R     0   2   0   0  -2   0   2  -1  -1  -1  -2   1  -1  -2   1   2   0  -2  -1  -1    2  17   1   2   1   1  23   2   1   5   3   5   1   1   5  26   2   0   1   2  0.21 0.05
  174 I     0  -1  -2   0  -1  -1  -1  -2  -2   3   2  -1   1  -1  -1  -1  -1  -2  -1   1    9   1   1   7   1   1   2   2   1  34  22   5   1   1   1   2   2   0   1   5  0.11 0.04
  175 E     0  -1   0   2  -2   2   1  -1  -1  -1  -2   0  -1  -2  -1   1   1  -2  -1  -1    2   1   1  17   1  20   7   2   1   6   3   2   1   1   1  16  15   0   1   2  0.20 0.05
  176 I    -1  -2  -2  -2  -1  -1  -1  -2  -2   3   1  -2   0  -1   0  -1  -1  -2  -1   3    2   1   1   2   1   1   5   2   1  36   9   2   1   1   4   2   2   0   1  27  0.18 0.06
  177 N    -1  -1   3   2  -2   0   0  -1   0  -2  -2   0  -1   2   2   0  -1  -1   1  -2    2   1  29  13   1   1   2   2   1   1   3   8   1  12  10   2   2   0   7   2  0.23 0.05
  178 K    -1   0   0   0  -2   0   1  -1  -1   0  -1   1  -1  -2   3   0   2  -2  -2  -1    2   5   3   6   0   1  10   2   1  12   2  12   1   1  16   5  18   0   1   2  0.19 0.04
  179 S     1  -1   1   2  -2   0   1   1  -1  -2  -2   0  -1  -2   1   2   0  -2  -2  -2   11   1   5  15   1   1   6  13   1   1   2   6   1   1   5  22   5   0   1   2  0.18 0.03
  180 K    -1   3   0  -1  -2   0   0  -1  -1  -2  -2   4  -1  -2  -1   0   1  -2  -2  -1    2  19   5   1   1   1   2   2   1   1   2  40   1   1   1   2  11   0   1   5  0.28 0.07
  181 I    -1  -2   1  -2  -1  -1  -1  -2  -1   2   1  -2   0   0  -2  -1  -1  -1   2   2    2   1  10   1   0   1   5   2   0  23  11   1   0   1   1   2   1   0  11  26  0.13 0.05
  182 M    -1  -1   0  -2  -1  -1  -1  -2  -2   1   1  -1   1   2  -1  -1   1  -1   0   2    2   1   5   1   1   1   2   2   1   7  13   2   7  15   1   2  14   0   1  21  0.09 0.03
  183 I     0  -2  -2  -2  -1  -1  -2  -2  -1   2   2  -2   2   0  -2   0   0  -1   1   1   10   1   1   1   0   1   1   1   0  21  21   1   9   1   1   7   7   0   8   6  0.11 0.04
  184 R     0   4  -1  -1  -2   0   1   0  -1  -2  -2   1  -2  -2  -2   0   1  -2  -2  -2    7  44   1   1   0   1  10   9   0   1   2   7   0   1   1   1  12   0   1   1  0.34 0.08
  185 S    -1  -1   0  -1  -2  -1  -1  -1  -2  -2  -2   0  -2  -2   5   2   1   4  -1  -2    1   1   4   1   0   1   1   1   0   1   2   9   0   1  32  22  12   9   1   1  0.55 0.09
  186 M    -1   0  -1   1  -2   0   0  -2  -1  -1   0   3   1  -2  -1   0   1  -2  -2   0    1   1   1   9   0   1   1   1   0   1  10  34   6   1   1   8  10   0   1  12  0.12 0.06
  187 E    -1  -1  -1   0  -3   0   4  -2  -1  -2  -2   0  -2   1  -2   1   0  -2  -1   0    1   1   1   1   0   1  56   1   0   1   1   1   0   9   1  11   6   0   0   8  0.41 0.12
  188 M     0   0  -1  -2  -2  -1   0  -2  -2   1  -1  -1   0  -2  -2   1   3  -3  -2   2    6   8   0   0   0   0   9   0   0  11   1   0   3   0   0  10  27   0   0  23  0.16 0.08
  189 E    -2  -1   0   4  -4   4   3   1  -1  -4  -3   0  -2  -4  -2  -1  -2  -3  -3  -3    0   0   0  39   0  29  17  11   0   0   1   0   0   0   0   0   0   0   0   0  0.62 0.14
  190 L    -2  -2   0  -3  -2  -2  -3  -3  -3   1   4  -3   1   1  -3  -2  -1  -2  -1   2    0   0   9   0   0   0   0   0   0   0  63   0   0   6   0   0   0   0   0  19  0.39 0.12
  191 I    -2  -3  -2   1  -2  -2  -2  -4  -2   2   3  -3   1   0  -3  -1  -1  -2   1   2    0   0   0  11   0   0   0   0   0  10  43   0   0   0   0   3   2   0   9  22  0.27 0.10
  192 H     2  -2   1  -1  -2   0   0   3   0  -3  -3  -1  -2  -3   1   2  -1  -3  -2  -2   31   0   7   0   0   3   3  29   3   0   0   0   0   0   5  18   0   0   0   0  0.38 0.10
  193 L    -1  -2  -1   2  -3   0  -1  -3  -1  -1   1   0   0  -1   3  -1  -2  -2   3  -2    3   0   0  20   0   6   0   0   0   0  22   7   3   0  20   0   0   0  18   0  0.32 0.10
  194 V    -2  -3  -4  -4  -2  -3  -3  -4  -4   2   4  -3   1   1  -3  -3  -1  -2  -1   3    0   0   0   0   0   0   0   0   0   3  54   0   0   6   0   0   0   0   0  37  0.53 0.14
  195 E     0  -1  -1   1  -3   2   4  -2  -1  -1  -2   1  -2   1  -2  -1   1  -3  -1  -2    5   0   0   6   0  10  44   0   0   7   0   9   0   9   0   0  11   0   0   0  0.35 0.11
  196 S     3  -2  -1  -2  -1  -1  -2  -1  -2   0  -2  -1  -1  -3  -2   2   4  -3  -2  -1   31   0   0   0   0   0   0   0   0   9   0   0   0   0   0  18  42   0   0   0  0.43 0.14
  197 G    -1  -3  -1  -2  -4  -3  -3   6  -3  -5  -5  -3  -4  -4  -3  -1  -3  -3  -1  -4    0   0   0   0   0   0   0  97   0   0   0   0   0   0   0   0   0   0   3   0  1.49 0.24
  198 E     1  -1   2   0  -2   1   1   1  -1  -2  -2   0  -1  -3  -1   1   1  -3  -2  -1   17   0  18   0   0   8  10  10   0   0   1   6   0   0   0  10  15   0   0   4  0.20 0.06
  199 L     1  -2  -2  -3  -1  -2  -2  -2   1   1   2  -2   1   1  -2  -1  -1  -1   2   1   19   0   0   0   0   0   1   1   7   9  28   1   4   6   0   1   1   0   8  14  0.15 0.06
  200 D    -1  -2   0   7  -4  -1   0  -2  -2  -3  -4  -1  -3  -4  -2  -1  -2  -4  -3  -3    7   0   0  85   0   0   1   1   0   0   1   1   0   0   0   1   1   0   0   1  1.16 0.20
  201 Y     2  -3  -3  -4  -3  -2  -3  -3   0  -2  -2  -3  -2   3  -3  -2  -2   0   7  -2   27   0   0   0   0   0   0   0   0   0   0   0   0  11   0   0   0   0  62   0  0.95 0.22
  202 F     3  -2  -2  -3  -2  -2  -2   2  -2   0   1  -2  -1   1  -2   0   1  -2  -1   0   42   0   0   0   0   0   0  15   0   8  17   0   0   7   0   0  11   0   0   0  0.22 0.10
  203 F    -2  -3  -3  -4  -2  -3  -3  -4  -2   0   1  -3   0   5  -4  -1  -2   4   2   1    0   0   0   0   0   0   0   0   0   0  18   0   0  50   0   9   0   7   3  14  0.58 0.14
  204 I    -1  -2   1  -2  -2  -1   0  -3  -2   3   0  -2   0  -2  -2   0   1  -3  -2   3    0   0   9   0   0   0  11   0   0  32   0   0   0   0   0  11  11   0   0  27  0.22 0.10
  205 Y    -3  -3  -3  -4  -4  -2  -3  -4   4  -3  -2  -3  -2   2  -4  -3  -3   1   8  -3    0   0   0   0   0   0   0   0   9   0   0   0   0   0   0   0   0   0  91   0  1.68 0.30
  206 K    -1   3  -1  -2  -3   2   1  -3  -2  -1  -2   3  -1  -3  -2  -1  -1  -3  -2   2    0  16   0   0   0  12   6   0   0   0   0  37   0   0   0   0   0   0   0  29  0.36 0.13
  207 S     0  -2   1  -1  -2  -1  -1  -1  -2  -3  -3  -1  -2  -3  -2   5   2  -4  -3  -3    0   0   6   0   0   0   0   0   0   0   0   0   0   0   0  86   8   0   0   0  0.83 0.23
  208 V    -1  -2  -2   2  -2   1  -1  -3  -2   1   1  -2   3  -1  -3  -2  -1  -2   2   3    0   0   0  15   0  11   0   0   0   0   9   0  12   0   0   0   0   0  11  43  0.25 0.12
  209 A     5   1  -2  -3  -2  -2  -2  -1  -2  -2  -3  -1  -2  -3  -2   0  -1  -4  -3  -1   91   9   0   0   0   0   0   0   0   0   0   0   0   0   0   0   0   0   0   0  0.79 0.22
  210 K    -1  -1   0   0  -2   1   0  -3  -2   2   2   0   0  -1  -3  -1  -1  -3  -2   2    0   0   8   6   0   9   7   0   0  16  24   8   0   0   0   0   0   0   0  22  0.13 0.07
  211 Q    -1   0   2   1  -3   5   1  -2   3  -3  -3   0  -2  -3  -2   2  -1  -3  -2  -3    1   0  11   7   0  43   6   1   9   0   1   0   0   0   0  19   0   0   0   0  0.49 0.13
  212 H    -1   1   1  -1  -3   3   0  -2   7  -3  -3   0  -2  -2  -2   1  -1  -2   0  -3    1   7   4   1   0  22   1   1  46   1   1   1   0   1   1  10   1   0   0   1  0.65 0.14
  213 G    -1   0   3   3  -3  -1   0   2   3  -3  -3  -1  -2  -3  -2   0  -1  -3  -2  -3    1   4  24  25   0   1   1  23  14   1   1   1   0   1   1   1   1   0   0   1  0.43 0.09
  214 F    -2  -2  -3  -3  -2  -2  -3  -3  -2   2   4  -2   2   1  -3  -2  -1  -1   1   0    1   1   1   1   0   1   1   1   0  10  63   1   3   7   1   1   1   0   6   1  0.38 0.10
  215 N     0   0   0   0   3   0   2  -1  -1  -2  -2   2  -2  -3   3   2   0  -3  -2  -2    1   1   4   1   9   1  18   1   0   1   1  18   0   1  16  25   1   0   0   1  0.33 0.08
  216 F    -2  -2  -2  -3  -2  -2  -2  -3   0  -1  -1  -2  -1   4  -3  -2  -2   1   7   0    1   1   1   1   0   1   1   1   0   1   1   1   0  16   1   1   1   0  62  10  0.86 0.17
  217 V    -1  -2  -3  -3  -1  -2  -2  -3  -2   3   3  -2   1   0  -2  -2  -1  -1   2   2    1   1   1   1   0   1   1   1   0  28  33   1   0   1   1   1   1   0  11  16  0.28 0.08
  218 E     0   0   0   2  -3   1   3   0  -1  -3  -2   2  -2  -3  -1   0   1  -3  -2  -2    4   1   1  10   0   1  36   7   0   1   1  21   0   1   1   5  10   0   0   1  0.32 0.08
  219 L    -2  -3  -3  -4  -2  -3  -3  -4  -3   2   4  -3   1   1  -3  -3  -2  -2  -1   1    1   0   0   0   0   0   0   1   0   9  71   0   0   7   0   1   0   0   0   8  0.51 0.12
  220 P    -2  -3  -2  -2  -3  -2  -2  -3  -3  -3  -3  -2  -3  -4   8   0  -2  -4  -3  -3    1   0   0   0   0   0   0   1   0   0   1   0   0   0  86   8   0   0   0   0  1.97 0.24
  221 V     1  -1   1   3  -3   0   1  -2  -1  -1  -2   1  -2  -3   3   0  -1  -3  -2  -1   14   0   5  29   0   0   9   1   0   6   1  13   0   0  14   3   0   0   0   4  0.32 0.07
  222 E     1  -1  -1   1  -3   1   3  -2  -1  -3  -3   1  -2  -2  -2  -1  -1   7  -1  -2   16   0   0   5   0   7  35   1   0   0   1  11   0   0   0   1   0  22   0   0  0.59 0.13
  223 I    -2  -3  -3  -3  -2  -3  -3  -4  -2   5   1  -3   0   0  -3  -3  -1  -2   3   2    1   0   0   0   0   0   0   1   0  60  12   0   0   0   0   1   0   0  15   8  0.48 0.13
  224 D    -2  -1   6   2  -3  -1  -1  -1  -1  -4  -4  -1  -3  -3  -2   1  -1  -4  -3  -3    1   0  73  10   0   0   0   1   0   0   1   0   0   0   0  11   0   0   0   0  0.92 0.19
  225 L    -2  -3  -3  -4  -2  -3  -3  -4  -3   2   4  -3   1   3  -3  -3  -2  -2   0   1    1   0   0   0   0   0   0   1   0   8  60   0   0  18   0   1   0   0   0   9  0.46 0.11
  226 S     1  -2  -1  -2  -2  -1  -2   4  -2  -2  -3   0  -2  -3  -2   1  -1  -3  -3  -1   16   0   0   0   0   0   0  48   0   0   1   8   0   0   0  16   0   0   0   8  0.47 0.10
  227 S     0  -2   3   3  -2  -1   0  -1  -1  -3  -3  -1  -2  -1  -2   2   0  -2   3  -2    7   0  18  28   0   0   0   1   0   0   1   0   0   0   0  26   0   0  16   0  0.38 0.11
  228 P    -2  -2  -2   0  -3  -1   0  -3   1  -1   0  -2  -1   2   4  -2  -1   0   4  -1    1   0   0   6   0   0   8   1   4   4   9   0   0   9  25   1   3   0  29   0  0.45 0.10
  229 D     1  -1   2   3  -2   0   2  -1  -1  -3  -3   1  -2  -3   1   1   1  -3  -2  -2   12   0  14  18   0   2  15   1   0   0   1  13   0   0   6   7   9   0   0   0  0.28 0.06
  230 Y    -2   1   1  -1  -3   0   1  -2   2  -2   0   2  -1   2  -2  -1  -1  -1   3  -2    1   7  12   0   0   0  10   1   6   0   9  17   0  14   0   3   0   0  18   0  0.19 0.07
  231 A     4  -2  -2   0  -1  -1   1  -1  -1  -2  -2  -1  -2  -2  -2   0   0  -2   2  -1   63   0   0   4   0   0  11   1   0   0   1   0   0   0   0   1   6   0  11   0  0.39 0.13
  232 E     0  -1   0   4  -3   0   2  -2  -1  -3  -3   0  -2  -3   0   0   1  -3   0  -2    9   0   0  38   0   0  20   1   0   0   1   3   0   0   4   6  11   0   4   0  0.42 0.10
  233 L     0  -1   1   0  -2   1   0  -2   2  -2  -1  -1  -1   3  -2   0   1   3   2  -2    6   0  10   4   0  11   3   1   6   0   4   0   0  25   0   6  10   6   6   0  0.19 0.07
  234 Y    -2  -2  -2  -3  -3  -2  -2  -3   3   1  -1  -2  -1   1  -3  -2   0   4   7  -1    1   0   0   0   0   0   0   1   8  11   1   0   0   0   0   1   9   5  61   0  0.83 0.18
  235 S     3  -1   2   0  -2  -1  -1   1  -2  -2  -2   0  -2  -3  -2   2   0  -3  -2   0   34   0  11   5   0   0   0  11   0   0   0   7   0   0   0  25   0   0   0   7  0.27 0.09
  236 K     0   1   0   0  -2   2   2  -2  -1  -2  -2   3  -2  -3  -1   1   1  -3  -2  -2    8   3   0   0   0  14  20   1   0   0   1  24   0   0   0  12  15   0   0   0  0.31 0.08
  237 V     2  -2  -2  -2  -1  -2  -2  -2  -2   1  -1  -2  -1   1  -2   1   1  -2  -1   3   26   0   0   0   0   0   0   1   0   3   1   0   0  11   0  11  10   0   0  34  0.19 0.09
  238 K     1   0  -1  -1  -2   1   0   1  -1  -1  -2   1  -1   0  -1   2   1  -2  -1  -1    9   0   0   0   0   7   3  12   0   4   1  15   0   6   0  28   7   0   0   5  0.14 0.05
  239 V    -1  -2  -3  -3  -2  -2  -2  -3  -1   2   0  -2   0   2   2  -2   0  -1   3   2    1   0   0   0   0   0   1   1   0  20   7   0   0  10  12   1   4   0  20  23  0.27 0.07
  240 V     1  -1  -1   0  -2  -1   0  -2  -2   2  -1   0  -1  -1  -2   0   3  -3  -2   0   12   0   0   4   0   0   8   1   0  19   1   9   0   3   0   1  38   0   0   4  0.18 0.08
  241 L     0  -2  -2  -3   3  -2  -2  -2  -2   0   2  -2   1  -1  -2   0   2   5  -1   1    4   0   0   0   8   0   1   1   0   3  30   0   3   0   0   7  21  12   0   8  0.25 0.07
  242 A     0  -2  -1   3  -2  -1  -1   3  -2  -1  -2  -2  -1  -2   1  -1   0  -3  -2   1    6   0   0  23   0   0   1  27   0   0   1   0   0   0   7   1   8   0   0  23  0.25 0.07
  243 N    -1   1   4   3  -3   1   0   1  -1  -3  -3   1  -2  -3  -2   1  -1  -3  -2  -3    1   8  30  21   0  10   1   8   0   0   1   7   0   0   0  10   0   0   0   1  0.38 0.08
  244 G    -1  -2   2  -1  -3  -1  -1   4  -2  -2  -2  -1  -2   1  -2  -1  -1  -2  -2   0    1   0  12   0   0   0   5  53   0   0   1   5   0   8   0   1   0   0   0  12  0.44 0.10
  245 K     0   0  -1  -1  -2   2   1   1  -1  -2  -2   3  -1  -3   2   0   1  -3  -2  -1    3   0   0   0   0  12   7  12   0   0   1  30   0   0   8   5  11   0   0   7  0.23 0.06
  246 E    -1   1   2  -1  -2   0   2  -2  -1  -2  -2  -1   0  -3  -2   1   4  -3  -2  -1    1   7  12   0   0   0  16   1   0   0   1   0   4   0   0   5  48   0   0   4  0.34 0.11
  247 V     0  -2  -3  -3  -2  -2  -2  -3  -3   4   2  -1   1  -1  -2  -2  -1  -2   0   2    9   0   0   0   0   0   1   1   0  45  16   4   4   0   0   1   0   0   3  14  0.27 0.08
  248 T     0   1   0  -2  -2   0  -1  -2   3  -1  -1   1   0  -1   2   0   1  -2   2  -1   13   7   3   0   0   0   1   1  13   0   5  12   3   0  12   1  14   0  12   3  0.17 0.06
  249 G     2  -2  -1  -2  -2  -2  -2   5  -2  -3  -3  -2   0  -3  -2   0  -2  -3  -3  -2   26   0   0   0   0   0   1  63   0   0   1   0   4   0   0   1   0   0   0   1  0.74 0.13
  250 K     1   1   2  -1  -2   1   0   0  -1  -2  -2   2  -1  -3  -1   1   0  -3  -2   0   16   7  12   0   0   4   1   7   0   0   1  26   0   0   0  12   3   0   0   8  0.18 0.05
  251 P    -2  -3  -3  -3  -4  -2  -2  -3  -3  -3  -3  -2  -3  -4   8  -1  -2  -5  -4   0    0   0   0   0   0   0   0   0   0   0   0   0   0   0  88   4   0   0   0   8  2.04 0.25
  252 I    -2  -3   0  -3  -2  -3  -3  -4  -3   5   1  -3   1  -1  -3  -2   0  -3  -2   2    0   0   8   0   0   0   0   0   0  73   0   0   3   0   0   0   4   0   0  12  0.58 0.16
  253 V    -1   0  -3  -3  -2  -2  -3  -4  -2   2   1  -2   0   1  -3  -2   1  -2   2   4    0   7   0   0   0   0   0   0   0   8   6   0   0   6   0   0  11   0  12  52  0.31 0.11
  254 Y    -3  -3  -3  -4  -3  -3  -3  -4   0  -2   0  -3  -2   2  -4  -3  -3   1   8  -2    0   0   0   0   0   0   0   0   0   0  12   0   0   0   0   0   0   0  88   0  1.46 0.27
  255 G     2  -2  -1  -2  -2  -2  -2   4  -2  -3  -3  -2  -2  -2   1   1  -1  -2   2  -2   25   0   0   0   0   0   0  44   0   0   0   0   0   0   8  11   0   0  12   0  0.52 0.11
  256 I     0  -3  -3  -3  -2  -3  -3  -3  -3   4   2  -3   2  -1  -3  -2   0  -3  -2   2    7   0   0   0   0   0   0   0   0  45  15   0   9   0   0   0   7   0   0  18  0.38 0.10
  257 T     0  -2  -1  -2  -2  -2  -2   0  -3  -2  -2  -2  -2  -3  -2   0   6  -3  -3  -1    8   0   0   0   0   0   0   8   0   0   0   0   0   0   0   0  84   0   0   0  0.80 0.21
  258 I    -1  -3  -3  -3  -2  -3  -3  -4  -3   4   1  -3   0  -1  -3  -2  -1  -3  -2   4    1   0   0   0   0   0   0   0   0  36   5   0   0   0   0   0   0   0   0  54  0.54 0.13
  259 P    -1  -3  -3  -3  -2  -2  -2  -3  -3   2   2  -2   0  -2   5  -2  -1  -3  -2   1    1   0   0   0   0   0   0   0   0  16  29   0   0   0  41   0   0   0   0   9  0.71 0.12
  260 K    -1   0   3   0  -3   0   0  -2  -1  -2  -1   4  -1  -3  -2   1   0  -3  -2  -1    1   0  19   4   0   0   0   0   0   0   7  44   0   0   0  13   3   0   0   6  0.30 0.10
  261 N    -2   2   6   3  -4  -1  -1  -2  -1  -2  -4  -1  -3  -4  -3   0   0  -4  -3  -3    0  14  56  22   0   0   0   0   0   4   0   0   0   0   0   0   4   0   0   0  0.72 0.16
  262 A     4   0  -2  -2  -2  -1  -2  -1  -2  -2  -2  -1  -2  -2  -2   0   2  -2   2  -1   66   7   0   0   0   0   0   0   0   0   0   0   0   0   0   0  16   0  11   0  0.46 0.15
  263 E    -1  -1  -1   0  -2   1   2  -2  -2  -3  -3   1  -2  -3   4   2   2  -4  -3  -2    0   0   0   2   0   4  14   0   0   0   0  12   0   0  24  26  18   0   0   0  0.50 0.11
  264 N    -2  -1   5   3  -3   1   0  -2   5  -4  -4  -1  -3  -3  -2  -1  -1  -4  -1  -3    0   0  48  17   0   8   0   0  22   0   1   0   0   0   0   0   0   0   0   0  0.72 0.15
  265 R    -1   3  -1  -1  -2   1   0  -2  -1  -1  -1   1  -1  -2   2   0   1  -2   1  -1    0  29   0   0   0   8   6   0   0   6   4   3   0   0  12   9  14   0   7   0  0.25 0.07
  266 E     1   0  -1   1  -3   2   3  -2  -1  -3  -3   2  -2  -4   2   0  -1  -3  -2  -2   21   0   0   7   0  15  27   0   0   0   0  14   0   0  11   4   0   0   0   0  0.41 0.09
  267 L     0  -2  -2  -1  -2  -1   2   1  -1  -1   1  -1   0  -1  -2  -1   0  -2   2  -1   11   0   0   0   0   0  25  16   0   0  28   0   0   0   0   0   6   0  11   3  0.15 0.08
  268 A     5  -2  -2  -2  -2  -2  -2   3  -3  -3  -3  -2  -2  -3  -2   0  -1  -3  -3  -1   76   0   0   0   0   0   0  24   0   0   0   0   0   0   0   0   0   0   0   0  0.71 0.18
  269 V    -1   2  -2  -3  -2  -1  -2  -3  -2   3   1   1   0  -1  -3  -2   0  -2   1   2    0  15   0   0   0   0   0   0   0  35   6  15   0   0   0   0   3   0   6  20  0.22 0.09
  270 E     1   0   0   0  -3   4   4  -2  -1  -3  -3   1  -2  -4  -2   1  -1  -3  -2  -3   14   0   5   0   0  25  40   0   0   0   0   4   0   0   0  12   0   0   0   0  0.51 0.13
  271 F    -3  -4  -4  -5  -3  -4  -4  -4  -2  -1  -1  -4  -1   7  -5  -3  -3   0   4   0    0   0   0   0   0   0   0   0   0   0   0   0   0  82   0   0   0   0  11   7  1.23 0.22
  272 V    -1  -3  -3  -4  -2  -3  -3  -4  -3   2   2  -3   0   1  -3  -2  -1  -2   2   4    0   0   0   0   0   0   0   0   0   9  18   0   0   7   0   0   2   0   8  55  0.42 0.12
  273 K     0   2  -1  -1  -3   0   3   0  -1  -3  -3   3  -2  -2  -2  -1  -1  -2   2  -3   11  12   0   0   0   0  29   6   0   0   0  31   0   0   0   0   0   0  11   0  0.36 0.11
  274 L    -1  -3  -2   1  -3  -2  -2  -3  -1  -1   1  -2   3   5  -3  -2   0   0   3  -1    7   0   0  11   0   0   0   0   0   0   9   0  14  35   0   0   8   0  15   0  0.36 0.11
  275 V    -2  -3  -4  -4  -2  -3  -3  -4  -4   2   4  -3   2  -1  -3  -3  -1  -3  -2   3    0   0   0   0   0   0   0   0   0   9  54   0   4   0   0   0   0   0   0  33  0.52 0.12
  276 I     0  -2  -3  -3  -2   0  -2  -3  -3   3   3  -2   1  -1  -3  -2   0  -3  -2   2    7   0   0   0   0   8   0   0   0  22  43   0   0   0   0   0   8   0   0  12  0.28 0.09
  277 S     1  -2   1   0  -2  -1  -1   3  -2  -2  -3  -1  -2  -3  -2   2   1  -3  -2  -2   16   1   7   6   0   0   1  35   0   1   1   1   0   0   1  17  12   0   0   1  0.35 0.07
  278 E     0  -1   2   1  -2   1   2   0   4  -3  -3  -1  -2  -3   1   0   0  -3  -1  -2   13   1  14   9   0   6  14   6  17   1   1   1   0   0   8   1   7   0   0   1  0.26 0.06
  279 E     1  -1   0   0  -2   1   3  -2  -1  -1  -1   1   1  -2  -1   0   1  -2  -2   0   15   1   3   1   0   4  34   1   0   1   7   7   6   0   1   1  12   0   0   7  0.19 0.06
  280 G     1  -2   0  -1  -2   0  -1   5   2  -3  -3  -1  -2  -3  -2   0  -1  -3  -2  -3    9   1   3   1   0   6   1  58   9   1   1   1   0   0   1   7   1   0   0   1  0.60 0.10
  281 Q    -1   2  -1  -1  -3   3   1  -1  -1  -3  -2   1   1  -3   4  -1  -1  -3  -2  -2    1  18   0   0   0  28   6   5   0   0   1   8   9   0  23   0   0   0   0   0  0.49 0.11
  282 E    -1   2   0   2  -3   1   3  -2   3  -3  -3   2  -2  -3  -1  -1  -1  -3  -1  -2    4  11   1  16   0   4  27   1  12   1   1  18   0   0   1   1   1   0   0   1  0.37 0.08
  283 I    -1  -2  -3  -3  -2  -2  -3  -3  -2   3   1  -2   2   1  -3  -2  -1  -1   2   3    1   1   1   1   0   0   1   1   0  38   1   1   7   7   1   1   1   0  12  27  0.31 0.09
  284 L    -2  -3  -4  -4  -2  -3  -4  -4  -3   0   3  -3   2   5  -4  -3  -2  -1   1   1    0   0   0   0   0   0   0   0   0   0  51   0   3  39   0   0   0   0   0   7  0.63 0.14
  285 R     0   2  -1   2  -3   1   4  -2  -1  -2  -3   1  -1  -3  -2   1   0  -3  -2  -2    6  12   0   8   0   0  47   0   0   3   0   4   2   0   0  11   6   0   0   0  0.41 0.11
  286 E    -2   1   2   2  -3   2   2  -2  -1  -2  -2   1   3  -3   1  -1  -1  -3  -2  -2    0  10  16  13   0   8  19   0   0   0   0  11  17   0   7   0   0   0   0   0  0.31 0.09
  287 L     1  -1   2   0  -2   0  -1  -1  -1  -2  -1   0  -1   2  -2   2   0  -2   2  -2   18   0  19   4   0   4   0   0   0   0   3   4   0  12   0  28   0   0   8   0  0.21 0.09
  288 G    -1   0   1  -2  -3  -2  -2   5   2  -4  -4   0  -3  -3  -3  -1  -2  -3  -1  -4    0   6   6   0   0   0   0  73   7   0   0   6   0   0   0   0   0   0   2   0  0.89 0.16
  289 Q    -2  -1  -2  -2  -3   5  -1  -3  -1  -1   0  -1  -1   4  -3  -2  -2  -1   0   1    0   0   0   0   0  47   0   0   0   0   7   0   0  34   0   0   0   0   0  12  0.54 0.17
  290 E     0  -2  -1   3  -3  -1   0  -2  -2  -1  -2  -1  -2  -3   5   0   2  -4  -3  -2    8   0   0  20   0   0   6   0   0   6   0   0   0   0  37   0  23   0   0   0  0.67 0.12
  291 P     1  -3  -3  -3  -2  -2  -2  -2  -2  -1  -2  -2  -2   1   6   0  -1  -3   0   1   18   0   0   0   0   0   0   0   0   0   0   0   0  10  48   4   0   0   4  16  0.82 0.13
  292 L     0  -3  -3  -3  -2  -2   0  -4  -3   4   3  -2   1   1  -3  -2  -1  -2  -1   1    8   0   0   0   0   0   9   0   0  45  34   0   0   5   0   0   0   0   0   0  0.33 0.09
  293 V     1  -1   2   0  -2   1   1  -1  -1   0  -2  -1  -1  -2  -2   2   1  -3  -2   1    7   0  10   5   0   7   7   0   0   8   0   0   0   0   0  34   9   0   0  12  0.19 0.06
  294 P    -2  -2  -2  -2  -4   2   0  -3   4  -3  -1  -1  -2  -3   6  -2  -2  -4  -2  -3    0   0   0   0   0  13   5   0  15   0   9   0   0   0  58   0   0   0   0   0  1.17 0.15
  295 P     3  -3  -3  -2   2  -2  -2  -2  -3  -3  -3  -2  -2  -1   6  -1  -1  -4  -3  -2   34   0   0   0   5   0   0   0   0   0   0   0   0   5  56   0   0   0   0   0  1.14 0.15
  296 R    -1   0  -2  -2  -2  -1  -1  -1   2   2   1  -1   0   2  -3  -2   0  -2   0   2    0   9   0   0   0   0   4   4   8  23  14   0   0  13   0   0   9   0   0  15  0.11 0.05
  297 A     2  -2  -2  -3  -2  -2  -2   2   2  -1   0  -2  -1  -1  -2  -1  -1  -2   2   0   30   0   0   0   0   0   0  23   9   0  14   0   0   0   0   0   0   0  15  10  0.21 0.07
  298 D    -2  -2  -2  -1  -3   0  -1  -3  -1   1   0  -2  -1   4   0  -2  -2   0   4   1    0   0   0   4   0   9   4   0   0   9   0   0   0  30   5   0   0   0  19  20  0.31 0.08
  299 T     0  -2   0  -2  -3  -2  -2   5  -2  -4  -4  -2  -3  -4  -2   2   1  -3  -3  -3    0   0   4   0   0   0   0  66   0   0   0   0   0   0   0  21   9   0   0   0  0.81 0.12
  300 A     1  -1   4   3  -3   1   1  -1  -1  -3  -3   0   0  -3  -2   0  -1  -4  -3  -3   17   0  41  24   0   5   4   0   0   0   0   5   4   0   0   0   0   0   0   0  0.48 0.10
  301 V    -1  -3  -3  -4  -2  -3  -3  -4  -3   3   2  -3   2  -1   1  -2  -1  -3  -2   4    0   0   0   0   0   0   0   0   0  16  14   0   7   0   8   0   0   0   0  55  0.44 0.10
  302 P    -2  -3  -3  -2  -4   0  -1  -3  -3  -4  -4  -2  -3  -5   8  -2  -2  -5  -4  -3    0   0   0   0   0   4   4   0   0   0   0   0   0   0  92   0   0   0   0   0  2.17 0.22
  303 S     0  -1   0   3  -3   3   4  -2  -1  -3  -3   0  -2  -4  -2   1  -1  -3  -3  -3    7   0   0  15   0  15  52   0   0   0   0   0   0   0   0  12   0   0   0   0  0.59 0.10
  304 L    -2  -3  -4  -4  -2  -3  -3  -4  -3   2   4  -3   2   0  -3  -3  -2  -2  -2   1    0   0   0   0   0   0   0   0   0  13  87   0   0   0   0   0   0   0   0   0  0.59 0.08
  305 K    -1   2   0  -1  -3   4   1  -2  -1  -3  -3   4  -1  -4  -2   1  -1  -3  -2  -3    0   5   0   0   0  39   0   0   0   0   0  47   0   0   0   9   0   0   0   0  0.56 0.08
  306 A     1   0   0   2  -2   0   1   1  -1  -3  -3   1  -2  -3   3   1  -1  -3  -3  -2   23   5   0  21   0   0   7   9   0   0   0   8   0   0  15  12   0   0   0   0  0.33 0.03
  307 M    -2  -3  -4  -4  -2  -3  -3  -4  -3   1   4  -3   2   2  -3  -3  -1  -2   0   1    0   0   0   0   0   0   0   0   0   0  69   0   6  14   0   0   0   0   0  11  0.46 0.06
  308 V    -1  -3  -4  -4  -1  -3  -3  -4  -4   2   1  -3   0  -1  -3  -2  -1  -3  -2   5    0   0   0   0   0   0   0   0   0   0   7   0   0   0   0   0   0   0   0  93  0.57 0.09
  309 E    -1   0   0   1  -3   1   4  -2  -1  -2  -2   2  -2  -3  -1   0   1  -3  -2  -1    0   0   0   0   0   0  58   0   0   0   0  16   0   0   0   6  13   0   0   6  0.43 0.04
  310 V    -1  -3  -3  -3  -1  -2  -3  -3  -3   3   1  -2   4  -1  -3  -2  -1  -3  -1   3    0   0   0   0   0   0   0   0   0  31   0   0  32   0   0   0   0   0   0  37  0.36 0.04
  311 S     1  -1   1   0  -1   0   0   0  -1  -2  -2   0  -1  -2  -1   4   1  -3  -2  -2    0   0   0   0   0   0   0   0   0   0   0   0   0   0   0   0   0   0   0   0  0.00     0.00

                      K         Lambda
Standard Ungapped    0.1335     0.3166
Standard Gapped      0.0405     0.2670
PSI Ungapped         0.1324     0.3175
PSI Gapped           0.0405     0.2670
