
Last position-specific scoring matrix computed, weighted observed percentages rounded down, information per position, and relative weight of gapless real matches to pseudocounts
            A   R   N   D   C   Q   E   G   H   I   L   K   M   F   P   S   T   W   Y   V   A   R   N   D   C   Q   E   G   H   I   L   K   M   F   P   S   T   W   Y   V
    1 L    -3  -4  -5  -6  -3  -4  -5  -6  -5   3   5  -5   0   0  -5  -4  -3  -4  -3   3    0   0   0   0   0   0   0   0   0  17  60   0   0   3   0   0   0   0   0  20  0.96 0.31
    2 P    -4  -6  -6  -5  -7  -5  -5  -6  -6  -7  -7  -5  -6  -7   9  -4  -5  -8  -7  -6    0   0   0   0   0   0   0   0   0   0   0   0   0   0 100   0   0   0   0   0  3.26 0.74
    3 E    -1  -1   0   2  -4   0   3  -3  -2  -2  -1   3  -3  -3   1   0   0  -4  -3  -2    5   2   3  12   0   3  25   1   0   2   5  20   0   1   7   8   6   0   0   1  0.34 0.19
    4 Q     0  -1   2  -1  -3   0   1  -3   0  -2  -4  -1  -3   0  -3   4   2  -4   0  -2    6   2  12   1   0   3   9   0   2   1   0   2   0   5   0  38  13   0   3   2  0.42 0.25
    5 I    -3  -2  -5  -5   1  -4  -5  -5  -4   2   0  -2   0   6  -5  -4  -3   4   2   3    0   2   0   0   3   0   0   0   0   9   6   3   2  35   0   0   0   6   6  29  0.77 0.30
    6 D    -5  -5   1   8  -7  -3   0  -4  -4  -6  -7  -4  -6  -7  -5  -3  -1  -7  -6  -6    0   0   7  86   0   0   4   0   0   0   0   0   0   0   0   0   4   0   0   0  2.10 0.60
    7 W    -1  -6  -7  -7  -6  -5  -2  -6  -6  -6  -3  -6  -5   0  -3  -4  -6  12   1  -6    5   0   0   0   0   0   3   0   0   0   3   0   0   3   2   1   0  80   3   0  3.45 0.80
    8 R    -1   7  -1  -4  -6  -2  -3  -1  -3  -6  -5   0  -4  -5   1   0  -1   0  -4  -5    4  69   3   0   0   0   0   4   0   0   0   3   0   0   7   6   3   2   0   0  1.30 0.46
    9 K    -1   0   3   3  -4   1   3  -3  -1  -4  -4   3  -2  -5  -3   1  -1  -5  -4  -3    4   3  18  15   0   6  18   0   1   0   0  21   1   0   0   8   3   0   0   1  0.52 0.24
   10 K    -2   1  -1  -1   5   0   1  -3  -1  -3  -1   4  -1  -3   0  -2  -1  -4  -1   0    1   4   3   3  14   3   8   1   1   0   6  37   1   1   4   1   2   0   2   7  0.41 0.22
   11 G    -2  -1   2  -1  -4  -1  -3   4   1  -2  -4   0  -1  -2  -1  -1  -1   6  -3  -4    1   3  12   3   0   2   0  41   3   3   0   5   1   2   2   4   3  12   0   0  0.65 0.26
   12 A     2  -2   0  -3   2  -2  -2   0  -2   0  -1   1  -2  -1   0   1   0  -3   3  -1   23   0   6   0   6   0   0   5   0   5   4   9   0   2   4  13   6   0  12   4  0.18 0.15
   13 V    -3  -4   0  -5  -3  -3  -4  -5  -5   4  -1  -1   0  -1  -5  -4  -3  -5  -1   6    0   0   5   0   0   1   0   0   0  24   3   4   2   2   0   0   0   0   2  57  0.95 0.37
   14 T     0  -3   2  -3   0  -2  -3  -2   2  -3  -1   0  -1  -2  -1   2   5  -4  -3  -1    5   0   9   0   2   0   0   2   6   0   5   4   1   2   2  16  41   0   0   3  0.50 0.28
   15 P    -1  -1  -1  -1  -4   1   3  -3   0  -3  -3  -1  -4  -5   6   1   0  -5  -4  -2    3   2   2   1   0   7  19   2   3   1   1   3   0   0  40   9   4   0   0   3  0.83 0.30
   16 V    -2  -5  -5  -5  -3  -5  -5  -6  -6   4  -1  -5  -2  -3   2  -4  -1  -5  -4   6    2   0   0   0   0   0   0   0   0  26   1   0   0   0  10   0   3   0   0  57  1.09 0.40
   17 K    -2   4  -3  -1  -5   0   0  -4  -3  -4  -1   6  -3  -5  -1  -3  -1  -5  -4  -3    1  25   0   3   0   3   4   0   0   0   6  50   0   0   2   0   4   0   0   2  0.89 0.36
   18 N    -2  -1   6   5  -5  -2  -1  -3   2  -5  -5   0   0  -5  -4  -1  -1  -5   0  -3    2   3  41  32   0   0   3   0   4   0   0   4   3   0   0   2   2   0   3   2  0.96 0.31
   19 Q    -4  -3  -4  -4  -7   9  -2  -6  -3  -7  -6  -2  -4  -7  -5  -4  -4  -6  -5  -6    0   0   0   0   0 100   0   0   0   0   0   0   0   0   0   0   0   0   0   0  2.75 0.69
   20 G    -1  -1   0  -3  -4  -1  -1   6   1  -4  -3   0  -1  -4  -4  -1  -3  -4  -1  -3    5   3   4   0   0   3   5  58   3   0   3   5   2   0   0   4   0   0   3   2  0.81 0.29
   21 K     0   0   1   0  -3   1   0   0   2  -2  -1   0   1  -2   0   1   0  -3   1  -2    5   5   8   5   0   9   5   5   7   2   5   2   5   0   4  14   4   0   8   2  0.09 0.10
   22 C    -5  -8  -7  -8  12  -7  -8  -7  -7  -6  -6  -8  -6  -7  -7  -5  -5  -7  -7  -5    0   0   0   0 100   0   0   0   0   0   0   0   0   0   0   0   0   0   0   0  4.19 0.91
   23 G    -1  -1   1  -1  -5  -4  -1   6  -4  -6  -6  -1  -5  -6  -5  -1  -4  -5  -6  -6    5   3   8   4   0   0   3  69   0   0   0   3   0   0   0   4   0   0   0   0  1.31 0.41
   24 S     1   0   0  -2   3  -2  -2   0  -2  -3  -3  -2  -3  -4  -2   5   0  -4  -3  -3    9   4   3   0   8   0   0   7   0   0   1   0   0   0   0  62   4   0   0   0  0.65 0.23
   25 C    -2  -4  -4  -4  10  -4  -4   0  -4  -3  -3  -4  -3  -4  -4   1  -2  -4  -4  -3    1   0   0   0  76   0   0   7   0   0   1   0   0   0   0  12   0   0   0   0  2.07 0.40
   26 W    -5  -5  -6  -7  -5  -5  -6  -5  -4  -5  -4  -6  -4  -2  -6  -5  -5  12   3  -5    0   0   0   0   0   0   0   0   0   0   0   0   0   0   0   0   0  84  10   0  3.48 0.60
   27 A     5  -2  -2  -3  -2  -2  -2  -1  -3   0  -2  -2  -2  -3  -2   1   1  -3  -3  -1   69   2   0   0   0   0   1   1   0   8   1   0   0   0   0   9   6   0   0   1  0.63 0.23
   28 F    -1  -3  -4  -4  -3  -3  -4  -4   0  -1  -1  -4   2   8  -4  -2  -3  -1   1  -1    4   0   0   0   0   0   1   1   3   0   2   0   7  73   0   2   0   0   0   4  1.15 0.29
   29 S     3  -2  -1  -1   0  -2  -2   1  -2  -3  -3  -2  -2  -3   0   4   0  -3  -3  -2   25   0   0   2   1   0   1   9   0   0   1   0   0   0   3  54   0   0   0   2  0.56 0.21
   30 T     3  -2  -1  -2  -2   0  -1  -1  -2  -2  -2  -1  -2  -3  -2   3   3  -3  -2   0   28   0   0   0   0   4   1   3   0   0   1   0   0   0   0  23  28   0   0   8  0.38 0.16
   31 V     1  -2  -2  -2  -2  -2  -2  -2  -3   2   1  -1   0  -2  -2   0   2  -3  -2   2   15   0   0   0   0   0   1   1   0  13  11   5   2   0   0   4  22   0   0  22  0.20 0.11
   32 S     2  -2  -1  -1  -3  -1   0   4  -2  -3  -4  -1  -3  -3  -3   0  -2  -3   1  -2   26   0   2   2   0   2   5  45   0   0   0   4   0   0   0   5   0   0   8   2  0.54 0.18
   33 T     3  -2   1  -2   0  -2  -2  -1   1  -2  -2  -2   0  -3  -2   2   2  -4  -3   0   41   0   9   0   1   0   0   1   4   1   0   0   4   0   0  20  14   0   0   5  0.37 0.18
   34 V    -1  -4  -4  -4  -2  -3  -4  -4  -4   3   3  -4   2   1  -4  -2  -1  -3  -2   3    4   0   0   0   0   0   0   0   0  22  31   0   6   6   0   2   4   0   0  25  0.52 0.21
   35 E    -1   1  -2  -1  -5   0   6  -1  -2  -5  -5   0  -4  -5  -3   1  -2  -5  -4  -4    3   7   0   0   0   2  68   5   0   0   0   4   0   0   0   9   1   0   0   0  1.05 0.38
   36 S     1  -1  -1   3  -1  -2  -2   4  -3  -3  -4  -2  -3  -4  -3   2   1  -4  -2  -3   15   4   0  19   1   0   0  32   0   1   0   0   0   0   0  16  11   0   1   0  0.49 0.22
   37 I     1   4  -1   0  -4   3  -1  -3  -2   1   0  -1  -1  -3  -3  -2  -2   1  -1  -1   13  29   3   7   0  21   0   0   0  14   8   0   1   0   0   0   1   2   1   2  0.36 0.22
   38 N    -2   0   1  -3  -3  -2  -3  -4   2   2   0  -2   1   2  -4  -2  -1   4   4   1    2   5  11   0   0   1   0   0   7  16   7   0   5   7   0   1   3   6  18  11  0.30 0.16
   39 Q     2   2   0  -2   4   0   0  -3   0  -2  -1   1  -1   2  -3  -1  -1  -3   0  -1   20  14   4   1  13   4   4   0   2   1   5  10   2  11   0   2   1   0   2   2  0.20 0.14
   40 I    -1  -1  -3  -4  -3  -1  -3  -4  -3   5   1   0   1  -1  -3  -2  -1   0  -2   2    3   4   0   0   0   3   0   0   0  50  11   6   4   1   0   3   2   2   0  10  0.46 0.21
   41 R     2   2  -1  -1  -3   1   0  -3   1  -2  -2   4  -1  -3  -3  -1  -1  -4   0  -1   19   8   2   1   0   4   4   0   4   2   3  37   2   0   0   3   2   0   3   6  0.32 0.19
   42 T    -1   0   0  -2  -3  -1  -2   1   3  -3  -1   0  -2  -1  -3   1   4  -3   0  -2    1   4   4   1   0   1   1  13   9   0   6   5   0   3   0  11  38   0   4   0  0.35 0.21
   43 G    -2  -1   4   0  -4   0   1   4  -1  -4  -3   0  -3  -2  -3  -1  -1   0   0  -4    1   2  21   5   0   3  10  39   1   0   2   6   0   2   0   0   4   1   3   0  0.55 0.23
   44 N    -1   1   1   0  -4   2   2   0  -2  -3  -3   4   0  -4  -2   0  -1   2  -2  -2    3   5   8   4   0   9  12   8   0   1   1  32   3   0   1   4   2   4   1   3  0.35 0.19
   45 L    -1   0   0  -3  -3  -1  -2  -3   0  -1   3   0   1   0   0   0   0   1  -2  -1    4   4   4   0   0   3   0   1   2   1  43   8   2   3   5   9   6   2   0   3  0.22 0.17
   46 I    -1  -3  -3  -3  -3   0  -2  -4  -4   3   1  -3   1  -2   1  -3   0  -4   0   4    2   0   1   1   0   4   2   0   0  22  14   1   2   0   7   0   6   0   3  35  0.43 0.21
   47 S    -1  -2   2   3  -4   0   1  -3  -2  -3  -3   0  -3  -3   1   4   1  -5  -2  -3    1   0  12  18   0   3   6   0   0   1   1   4   0   1   6  37   8   0   1   1  0.49 0.25
   48 L    -2  -5  -6  -6  -4  -4  -5  -6  -5   2   6  -5   0   1  -5  -5  -3  -4   0   1    2   0   0   0   0   0   0   0   0   8  77   0   0   4   0   0   0   0   3   6  1.11 0.38
   49 S     0  -4  -2  -3  -4  -3  -3  -3  -4  -5  -6  -3  -5  -6  -4   7  -2  -6  -5  -5    4   0   0   0   0   0   0   0   0   0   0   0   0   0   0  96   0   0   0   0  1.83 0.61
   50 E     1  -3  -2  -2  -4  -1   5  -4  -3  -1  -3  -2  -3  -2   2  -1   0  -5  -4   2   12   0   1   0   0   1  46   0   0   3   0   0   0   1  12   2   4   0   0  18  0.63 0.31
   51 Q    -3  -2  -2  -2  -6   8   1  -5  -3  -5  -2  -2  -1  -6  -4  -3  -1  -5  -4  -4    1   0   1   1   0  82   5   0   0   0   4   0   1   0   0   0   3   0   0   1  1.81 0.59
   52 Q    -4  -3   4   3  -6   5   4  -4   2  -5  -5  -2   0  -5  -4  -3  -1   0   1  -5    0   0  20  13   0  25  25   0   4   0   0   0   3   0   0   0   3   1   5   0  0.91 0.44
   53 L    -1  -5  -6  -6  -4  -5  -6  -6  -6   1   5  -5   3  -2  -6  -5  -4  -5  -4   3    4   0   0   0   0   0   0   0   0   4  66   0   6   1   0   0   0   0   0  19  1.18 0.46
   54 V    -2  -5  -6  -6  -4  -5  -5  -6  -6   3   3  -5   0  -3  -5  -4  -3  -5  -4   5    3   0   0   0   0   0   0   0   0  18  27   0   1   0   0   0   0   0   0  50  1.09 0.43
   55 D    -2  -4   1   7  -5  -1  -2  -4  -4  -6  -6  -3  -5  -6  -4   2   0  -6  -4  -5    2   0   6  63   0   2   1   0   0   0   0   0   0   0   0  18   6   0   1   0  1.46 0.54
   56 C    -5  -7  -7  -7  12  -7  -7  -5  -7  -5  -5  -7  -6  -6  -7  -4  -5  -6  -6  -5    0   0   0   0  96   0   0   1   0   0   0   0   0   0   0   1   0   0   0   0  4.02 1.00
   57 N     0  -4   0   5   4  -3  -1   0  -3  -2  -4  -3  -2  -4  -4   3  -1  -5   0  -2    8   0   3  34  11   0   2   6   0   3   0   0   1   0   0  24   2   0   4   2  0.68 0.35
   58 K    -2   2   1  -2  -4   0   0  -1   3  -3  -2   2  -3   2  -1   1   1  -3   2  -3    2  12   6   1   0   4   5   4   7   0   2  15   0   9   3   9  12   0   9   0  0.25 0.19
   59 K    -1  -1   1  -1   5   1   0   1  -1  -2  -2  -1  -1  -2  -1   0  -1  -3   2   0    4   3   9   2  16   6   7  12   1   2   1   2   1   1   3   7   3   0   9  10  0.21 0.17
   60 N    -2  -2   6   3  -5  -1  -1   2  -3  -5  -5  -3  -4  -5  -1   1  -2  -5  -5  -5    3   1  39  19   0   3   3  18   0   0   0   0   0   0   3   9   1   0   0   0  0.89 0.38
   61 H    -2  -2   3   1  -4   3   0  -3   5  -4  -3   0   2   1  -4   1  -2  -1   2  -3    3   1  14   9   0  16   6   0  14   0   1   5   6   7   0   9   1   1   6   1  0.41 0.26
   62 G    -1  -5  -4  -3  -5  -5  -5   7  -5  -6  -6  -2  -5  -6  -5  -3  -5  -5  -6  -6    4   0   0   1   0   0   0  88   0   0   0   3   0   0   0   0   0   0   0   0  2.06 0.63
   63 C    -5  -8  -7  -8  12  -8  -8  -7  -8  -6  -6  -8  -6  -7  -8  -4  -5  -7  -7  -5    0   0   0   0  99   0   0   0   0   0   0   0   0   0   0   1   0   0   0   0  4.26 1.08
   64 K    -2  -1   5   3  -5   0   2  -1   1  -5  -3   0  -3  -4  -4   0  -3  -5  -1  -5    2   3  34  17   0   4  15   4   3   0   3   6   1   0   0   6   0   0   2   0  0.65 0.32
   65 G    -4  -5  -3  -5  -1  -6  -3   7  -6  -8  -6  -4  -7  -7  -6  -3  -5  -1  -7  -7    0   1   1   0   1   0   2  92   0   0   1   0   0   0   0   2   0   1   0   0  2.30 0.78
   66 G    -4  -6  -4  -1  -7  -6  -4   8  -6  -8  -8  -6  -7  -7  -6  -4  -6  -7  -7  -7    0   0   0   4   0   0   1  95   0   0   0   0   0   0   0   0   0   0   0   0  2.50 0.83
   67 A    -3  -2   1   0  -4  -4  -4  -4   0  -2   3  -3  -2   3  -5   0  -1   6   4  -3    1   2   7   6   0   0   0   1   2   1  34   1   0  12   0   6   4  10  13   0  0.59 0.34
   68 F    -1  -4  -3  -1  -5  -1  -4  -3  -5   0   1  -4   6  -1   5  -1  -1  -5  -4   0    3   0   1   4   0   3   0   1   0   5  10   0  25   2  31   5   3   0   0   6  0.83 0.42
   69 V     0  -3   1   2  -3  -1  -1  -1   3   0   0  -2  -1   0   1   1   0   1   2  -1    6   0   6  13   0   2   3   3   9   6   8   0   1   4   8  12   7   2   8   2  0.16 0.16
   70 Y    -2   1   3   0  -2   1  -1  -1  -2  -1  -1  -1   0  -2   1   0   2   1   2  -2    2   7  18   4   1   9   3   5   0   3   6   2   2   1   6   7  14   2   8   1  0.19 0.19
   71 A     6  -5  -5  -5  -4  -4  -2  -1  -5  -4  -2  -4  -4  -5  -4   0  -2  -6  -2   1   74   0   0   0   0   0   2   4   0   0   4   0   0   0   0   5   1   0   1   8  1.28 0.60
   72 Y    -5  -6  -6  -7  -6  -6  -6  -2  -4  -1   1  -6   1   7  -7  -4  -5   8   4  -4    0   0   0   0   0   0   0   3   0   3  12   0   3  45   0   1   0  21  12   0  1.70 0.62
   73 Q    -3   1   1   1  -6   4   4  -4  -2  -3  -3   2  -1  -5  -4  -1  -3   2  -2  -5    1   8   7   6   0  20  33   0   0   2   3  11   1   0   0   3   0   3   1   0  0.69 0.39
   74 Y    -1  -5  -3  -6  -6  -1  -2  -5  -2  -2  -4  -5  -4   4  -6  -3  -3   5   8  -4    5   0   1   0   0   3   3   1   0   2   1   0   0  18   0   2   2   7  54   0  1.64 0.63
   75 I     0  -5  -6  -6  -4  -5  -5  -4  -3   6   1  -5   0   0  -5  -4  -3   5  -3   3    9   0   0   0   0   0   0   1   1  43  14   0   1   4   0   0   1   7   0  19  0.95 0.42
   76 I     0   1  -2  -3  -3   1  -1  -4   2   3   1   2   3  -3  -3  -1   0  -2  -3   0    8   7   1   0   0   8   3   0   6  19  11  13   8   0   0   2   6   0   0   6  0.22 0.19
   77 D    -2   1   3   3  -5   2   1  -4   1  -5  -4   4  -4  -2  -4   0  -2  -5   1  -5    1   6  14  15   0  11   9   0   3   0   2  27   0   2   0   5   2   0   5   0  0.56 0.32
   78 N    -2   0   6  -1  -5  -2  -1  -2   3  -2  -2  -1   3   0  -4  -1   0  -5   0  -3    3   5  44   1   0   1   3   3   7   2   4   3   7   4   0   3   7   0   4   1  0.69 0.38
   79 G    -3  -3   0  -5  -6  -1  -4   7  -5  -4  -7   0  -6  -7  -3  -2  -5  -6  -4  -6    0   2   5   0   0   3   1  79   0   1   0   6   0   0   1   2   0   0   1   0  1.73 0.65
   80 G    -1  -4  -3  -3  -4  -3  -3   6  -2   1   0  -3  -3  -1  -4  -2  -3  -4  -4   1    4   1   1   1   0   0   1  54   1   8  11   1   0   3   1   2   1   0   0  11  0.82 0.35
   81 I    -4  -5  -6  -6  -4  -5  -6  -5  -6   4   3  -5  -2  -3   0  -5  -1  -5  -4   5    0   0   0   0   0   0   0   1   0  24  30   0   0   0   5   0   3   0   0  38  1.01 0.45
   82 D     0  -2   0   3   0   1   2  -2   1  -3  -3  -2   1  -2   0   1   1  -4  -2   0   10   1   3  18   3   7  14   2   4   1   0   1   5   2   4   9  12   0   1   6  0.25 0.20
   83 T     1  -2  -2  -3  -3   0  -1   0  -2  -2  -1   0   0  -2  -3   2   4  -4   0  -3   11   1   0   0   0   5   4   7   1   1   7   6   2   1   0  20  30   0   4   0  0.37 0.27
   84 E    -3  -2  -2   2   4  -1   6   0   1  -6  -6  -2  -5  -6  -4  -3  -3  -6  -5  -5    2   1   1   9   8   1  63   9   3   0   0   1   0   0   0   1   1   0   0   0  1.29 0.57
   85 A     1  -1   1   2   3  -1   2  -1   0  -1  -3   1  -3  -3  -3   2  -1  -5  -3  -2   13   1   8  12   6   2  14   3   3   3   2  10   0   1   0  18   1   0   1   3  0.26 0.21
   86 N    -2  -3   3   5   5  -1   0  -4  -2  -4  -5  -2  -4  -5  -2   2   0  -5  -1  -2    3   1  12  32  12   2   6   0   1   1   0   2   0   0   2  16   6   0   3   2  0.68 0.37
   87 Y    -6  -2  -6  -4  -7  -6  -3  -7  -1  -4  -3  -6  -5   1  -7  -6  -6  -2  10  -2    0   3   0   1   0   0   1   0   1   1   3   0   0   4   0   0   0   0  83   3  2.65 0.91
   88 P    -4  -4  -6  -6  -7   0  -5  -2  -3  -7  -7  -3  -7  -8   8  -1  -5  -8  -7  -7    1   1   0   0   0   4   0   3   1   0   0   2   0   0  85   5   0   0   0   0  2.62 0.89
   89 Y    -2  -6  -6  -7  -7  -6  -6  -7   0  -5  -5  -6  -5   3  -7  -6  -2   2   9  -4    4   0   0   0   0   0   0   0   1   0   0   0   0  11   0   0   3   3  78   1  2.61 0.89
   90 K    -1   0   0  -2   2   1   2  -4  -2  -2  -3   3  -3  -4   0   0   3  -5  -3   0    2   3   5   1   4   7  13   0   1   2   2  22   0   0   5   4  21   0   1   9  0.35 0.27
   91 A     4  -3  -3   0  -4  -3  -3   4  -4  -4  -5  -1  -1  -5  -3   1  -3  -5  -1  -4   37   1   0   6   0   0   1  36   0   1   0   4   2   0   1   9   1   0   2   0  0.82 0.42
   92 V    -1   2  -1  -1   2   2   0  -1   0  -1  -3   2   0  -3  -1   1   1  -4  -2   1    3  10   2   2   5  12   5   3   2   3   0  18   2   1   2   9  10   0   1  11  0.20 0.18
   93 Q    -1   1   4   4  -5   2   3  -3  -3  -5  -4   0  -3  -5  -4  -2   0  -6  -3  -1    4   8  18  28   0   8  17   1   0   0   0   4   1   0   0   1   5   0   1   4  0.64 0.35
   94 G    -1   1   0   1  -5   2   0   4  -2  -4  -5  -1  -4  -5   2   0  -3  -5  -1  -5    3   7   5   7   0   9   7  39   1   1   1   2   0   0  11   6   0   0   2   0  0.60 0.32
   95 P    -2   1  -1  -2  -4   1  -1  -3   0  -2  -2   2  -1  -2   4   1   3  -4   0  -1    1   8   2   1   0   6   3   0   3   2   2  12   1   1  18  10  23   0   3   3  0.40 0.27
   96 C    -5  -8  -4  -8  12  -8  -9  -7  -8  -6  -6  -8  -6  -1  -8  -6  -6  -7  -7  -6    0   0   1   0  96   0   0   0   0   0   0   0   0   3   0   0   0   0   0   0  4.18 1.17
   97 R    -3   4   2  -3   0   0  -2  -4   2  -3  -3   4  -3  -5   0  -1   1  -5  -4  -3    0  25  10   1   3   2   1   0   5   1   3  31   0   0   4   2  10   0   0   2  0.68 0.38
   98 A     1  -2   0  -2   0  -1   0   0  -1  -2  -1  -1   0   2   3   0   1  -3   1  -1   11   1   5   1   2   3   6   7   1   1   7   4   2   9  15   7  10   0   5   4  0.15 0.13
   99 A    -1  -1   4   2  -2  -1   2  -3  -1  -4  -4   2  -4   0  -1   2   1  -5   0  -3    3   2  24   9   1   1  11   1   1   0   0  12   0   5   3  14   8   0   3   2  0.40 0.28
  100 K     1   1   3  -1   2  -1   0  -1  -2  -2  -4   3  -3  -4   2   1  -1  -5  -1  -1   10   5  14   2   5   1   4   3   1   2   0  23   0   0  11   9   3   0   3   6  0.31 0.23
  101 K     0   1   2   0  -4   2   1  -2   1  -3  -3   3  -2   0  -1   2  -2  -4  -2  -3    7   6  12   3   0   8   9   2   3   2   1  21   1   4   2  16   1   0   0   1  0.31 0.24
  102 V     1   0  -1  -3   4  -2  -2   0  -1  -1  -1   1   0  -3  -3   0   0  -4   1   2   14   4   3   1  10   1   1   6   2   2   6  11   2   0   1   7   5   0   5  21  0.17 0.18
  103 V     3  -4  -4  -5  -4  -4  -4  -2   2  -1  -1  -2  -3   1  -2  -1  -2   0   3   4   29   0   0   0   0   0   0   2   6   1   4   2   0   5   2   3   2   1  12  32  0.58 0.37
  104 R    -1   1   1  -1  -2   0  -1   0   1  -3  -3   2  -2   0  -2   1   2   1   1  -2    3   9   5   3   1   4   2   8   3   0   1  16   0   4   1  13  17   2   6   2  0.22 0.20
  105 I    -1  -5  -3  -2   3  -3  -2  -3  -5   5   0  -2  -2  -2  -3  -1  -2  -5  -1   3    5   0   1   3   7   1   2   2   0  39   6   3   0   1   1   4   2   0   2  23  0.62 0.34
  106 D    -1   0   2   3  -2   1  -2  -1  -1  -3  -4   2  -3  -4  -2   2   3  -5   0  -2    2   4   8  17   1   5   0   4   1   1   1  15   0   0   1  14  20   0   3   3  0.39 0.28
  107 G    -2  -1   2   2   0  -2  -2   4  -2  -4  -5   1  -4  -3  -3   2  -2  -5  -3  -4    2   3  11  12   2   1   1  38   1   1   0   9   0   1   1  15   1   0   1   1  0.63 0.35
  108 Y    -4  -4  -2  -6   4  -4  -4  -6   4  -1  -2  -5  -4   4  -4   0  -2  -2   7  -1    1   1   1   0   8   0   1   0   9   3   3   0   0  16   1   8   2   0  42   4  1.21 0.53
  109 K    -1   0  -1  -2   2   0   1  -1   0  -1  -2   1  -2   0  -3   0   1  -1   4   2    2   6   3   1   4   3  10   5   2   2   1   8   0   4   0   9   8   0  16  16  0.18 0.19
  110 G    -1   1   2   2  -2   2   0   1  -1  -2  -3   0   0  -1  -3   0  -1  -3   1  -1    5   9  11  13   1  10   6  14   0   1   1   3   3   3   0   5   4   0   6   5  0.18 0.16
  111 V    -3  -5  -5  -3  -1  -4  -5  -6  -4   4   1  -3  -2  -2  -4  -1  -1  -4   4   4    0   0   0   1   1   0   0   0   0  23  12   2   0   0   1   6   4   0  17  33  0.76 0.40
  112 P    -1  -2  -1   0  -4  -1  -1   1  -2  -1  -1  -1  -3  -2   5   1   2  -4   0  -1    4   1   3   5   0   3   3  10   1   3   5   3   0   1  27   8  17   0   3   5  0.42 0.26
  113 H     0   0  -2  -1  -3   1   0  -1   2   0   0   1  -1  -1   1   2   0  -3  -1   0    9   5   0   1   0   7   3   4   5   4   9   7   2   3   8  19   5   0   1   6  0.11 0.12
  114 C    -2  -1   4   2   2  -1  -2   2  -2  -3  -3  -1  -2  -2   0   1  -2  -4   1  -1    0   3  24  13   5   2   0  19   1   1   2   4   1   1   4   9   0   0   6   5  0.39 0.26
  115 N    -2   1   5   4  -3  -1   1  -4  -2  -4  -5   0  -4  -2  -4   2  -1  -6  -2  -3    2   7  28  24   1   1  10   0   0   1   0   4   0   2   0  14   3   0   1   2  0.71 0.38
  116 E    -2  -2  -2   0  -6   0   7  -4  -4  -5  -6  -2   0  -6  -1  -3  -3  -6  -5   0    2   2   1   3   0   2  72   1   0   0   0   1   2   0   3   1   2   0   0   7  1.45 0.64
  117 N     1   0   1   2  -4   2   2  -2  -1  -2  -3   3  -2  -4  -2   0   0  -2  -3  -2   11   3   7  11   0   8  15   1   1   3   2  21   1   0   1   7   5   0   1   2  0.29 0.21
  118 A     2  -1   0   0  -3   0   2  -2   0   1   0   1   2  -3  -3   1  -1  -4  -2   0   23   2   4   4   0   3  13   1   2   8   9  11   6   0   0  11   1   0   1   4  0.17 0.18
  119 L    -1  -5  -6  -6  -4  -3  -6  -6  -6   4   4  -3   6  -2  -6  -4  -4  -5  -4  -1    6   0   0   0   0   1   0   0   0  27  43   2  19   1   0   1   0   0   0   1  1.11 0.50
  120 K     2   0  -2  -2  -4   4  -1  -3  -3  -1  -1   4   4  -4  -4  -3  -2  -1  -4  -2   17   5   1   2   0  18   3   2   0   3   5  26  14   0   0   0   2   1   0   2  0.52 0.36
  121 K     1   1   1   0  -4   1   3  -3   1  -4  -2   2  -1  -4  -3  -1   0   3   0  -3   12   8   7   5   0   6  18   1   4   0   3  16   2   0   0   3   7   4   4   1  0.31 0.23
  122 A     4  -4  -4  -2  -4  -3   2  -3  -4   1   2  -3  -2  -3  -4  -1  -3  -1   1  -1   41   0   0   2   0   0  16   1   0   7  19   1   0   0   0   3   0   1   6   4  0.54 0.37
  123 V    -2  -3  -6  -6  -4  -5  -4  -6  -5   4   3  -5  -1  -3  -5  -3  -3  -5   1   4    3   2   0   0   0   0   1   0   0  19  32   0   0   0   0   1   0   0   6  35  0.88 0.42
  124 A     4  -1  -1  -4  -3  -1  -3  -2  -1  -1   0   0   3  -3  -4   0   1  -4   2  -1   35   3   3   0   0   2   0   2   1   2   9   7   9   0   0   5   8   0   9   3  0.35 0.29
  125 S    -2   0   4  -2  -4   1   0  -3   4  -2  -2   1  -2  -4  -4   0   2  -5  -1   1    3   3  24   1   0   7   4   1  12   1   3   8   1   0   0   6  15   0   2  11  0.42 0.30
  126 Q    -2  -1   2  -3  -5   3  -3   5  -1  -4  -5   0  -4  -5  -4  -1  -1  -4   1  -5    0   4  11   0   0  15   0  51   2   1   0   5   0   0   0   2   4   0   5   0  0.90 0.40
  127 P    -4  -5  -2  -5  -6  -2  -4   3   0  -6  -4  -4  -5  -2   8  -4  -2  -6  -6  -6    0   0   2   0   0   2   0  20   3   0   2   0   0   2  67   0   2   0   0   0  1.90 0.62
  128 S    -2  -5  -5  -5  -1  -4  -4  -5  -5   4   1  -4   0  -2   4  -1  -1  -5  -4   4    2   0   0   0   1   0   0   0   0  28   9   0   1   1  21   4   3   0   0  29  0.77 0.35
  129 V     3  -3  -3  -1  -2  -1  -2  -3  -4   0  -2  -3  -2  -4   0   4   0  -5  -4   2   22   0   0   2   0   2   1   0   0   4   3   0   1   0   5  37   4   0   0  19  0.51 0.33
  130 V    -1  -4  -5  -5   2   0   0  -5  -5   2  -1  -4   0  -4  -5  -1  -2  -5  -4   6    5   0   0   0   5   4   7   0   0  12   2   0   2   0   0   4   1   0   0  59  0.87 0.41
  131 A     5  -4  -2  -4  -1  -3  -4   3  -4  -2  -3  -3  -1   0  -4   0   0  -4  -1  -1   50   0   1   0   1   0   0  23   0   2   2   0   2   4   0   6   5   0   2   3  0.70 0.36
  132 I     0  -4  -4  -4  -2  -4  -4  -2  -2   5   0  -4   2   0  -4  -2  -1  -4  -1   3    9   0   0   0   1   0   0   4   1  43   5   0   4   4   0   3   2   0   2  21  0.62 0.30
  133 D    -3  -3   1   5  -4  -2   1  -3  -2  -1  -3  -1   2   4  -4  -1  -3  -4  -1  -3    0   0   8  38   0   1  11   1   1   5   0   3   7  19   0   3   0   0   2   0  0.69 0.33
  134 A     5  -3  -3  -3  -1  -2   0  -1  -4   0  -2  -2   0  -4  -3   0   0  -4  -4   1   53   0   0   1   1   1   6   4   0   5   2   2   2   0   0   4   6   0   0  13  0.56 0.31
  135 S     1  -2  -1  -3  -3  -2  -1   1  -3   0  -2  -1  -2  -1  -3   3   1  -4  -3   3    9   2   2   0   0   0   4  13   0   2   1   3   0   3   0  24   8   0   0  29  0.31 0.23
  136 S    -1  -2   1  -1  -3  -1   0   1   4  -1  -2  -1  -2   1  -1   1   0  -2   3  -2    2   1   8   2   0   2   5  14  15   5   2   2   0   5   3  11   5   0  15   2  0.25 0.16
  137 K     0   2  -1   0  -3   0   3  -1  -2  -2  -2   1   0  -2   0   1  -1   3  -2  -1    6  13   2   5   0   3  20   4   0   2   2  10   3   1   4  10   1   5   1   4  0.20 0.13
  138 Q    -1  -2   0   5  -3   0   0  -2  -2  -2  -2  -1   1  -3  -1   2  -1   0  -1  -3    4   1   3  40   0   5   4   2   0   3   3   2   5   1   3  19   1   1   2   1  0.53 0.26
  139 F    -5  -5  -6  -6  -5  -5  -6  -2  -4   0   0  -6   4   8  -6  -5  -5   0  -1  -3    0   0   0   0   0   0   0   3   0   6   9   0  10  70   0   0   0   1   0   0  1.77 0.58
  140 Q    -1   2  -3  -3  -4   5  -2  -3  -1  -1   0   0   3   1  -3   0  -1  -3   1  -1    5  10   0   0   0  33   0   1   1   2   9   4   8   5   0   8   3   0   6   5  0.42 0.28
  141 H    -2  -1   3   0  -4  -1  -1  -3   4  -2   1  -2   1   3  -4   0   0  -3   1  -2    1   2  17   5   0   3   3   1  12   0  20   2   5  15   0   5   5   0   4   0  0.31 0.21
  142 Y    -6  -6  -6  -7  -6  -2  -6  -7  -2  -2  -5  -6  -5   2  -7  -6  -6  -2  10  -5    0   0   0   0   0   2   0   0   0   2   0   0   0   4   0   0   0   0  92   0  2.99 0.88
  143 K    -2   3   0   0  -4   1   0  -1  -1  -2  -3   4  -1  -3  -3   1   1  -4  -2  -3    1  15   4   6   0   5   4   4   1   3   2  33   1   1   0  11   9   0   1   0  0.41 0.25
  144 S    -1   0  -1  -2  -4  -1  -1   4   0  -5  -5   0  -4  -5  -4   4   0  -5  -2  -4    1   5   2   2   0   1   4  33   3   0   0   6   0   0   0  38   4   0   1   0  0.73 0.37
  145 G    -3  -5  -4  -5  -2  -5  -5   7  -5  -7  -7  -2  -6  -7  -6  -3  -1  -6  -6  -6    0   0   0   0   1   0   0  92   0   0   0   3   0   0   0   0   4   0   0   0  2.16 0.67
  146 I    -2  -5  -6  -6  -4  -5  -5  -6  -6   6  -1  -1  -2  -3  -5  -5  -3  -6  -4   5    2   0   0   0   0   0   0   0   0  48   1   4   0   0   0   0   0   0   0  44  1.35 0.51
  147 F    -3  -5  -5  -6  -5  -5  -5  -6  -2   1  -1  -5   1   4  -6  -4  -4   2   8   0    2   0   0   0   0   0   0   0   0   9   6   0   3  18   0   1   0   2  52   6  1.43 0.51
  148 S    -1   0   2   0  -4   3  -1  -3   2  -3  -4   1  -3  -2  -3   2   2  -4   2  -2    3   4  11   6   0  14   2   0   6   1   0  10   0   1   0  18  15   0   8   3  0.34 0.24
  149 G    -1  -2   1   1   0  -1   2   2   6  -2  -3  -2  -1  -1  -2   0  -3  -4   1  -2    3   1   5   9   2   1  14  18  26   2   1   0   2   2   1   6   0   0   4   2  0.49 0.27
  150 P    -2  -2  -3   0   6  -3  -1  -3   1  -1  -1   0  -3  -3   4   0   2  -4   1  -2    2   1   0   5  19   0   4   1   4   3   5   5   0   0  19   6  18   0   6   2  0.52 0.28
  151 C     0  -3   3  -2   8   0  -2  -1  -2  -3  -3  -1  -3  -3  -3   1   1  -4   0  -3    6   1  13   2  36   6   2   4   1   0   2   3   0   1   1  10   9   0   4   1  0.81 0.36
  152 G    -1  -2   2   1   3  -3  -3   4  -3  -3  -3   0  -4  -5  -1   2  -1  -1  -4  -3    1   1  11   6   8   0   0  36   0   1   2   5   0   0   3  19   4   1   0   2  0.55 0.29
  153 T    -2   1   1   2  -4   1   0  -1   0  -2  -3   1  -3  -2  -1   1   2   1   3  -3    1   6   7  12   0   6   6   3   2   2   1   9   0   0   2   9  18   2  13   0  0.25 0.19
  154 K     0   1   2   2  -3   1   1   1   0  -3  -2   1  -1  -2  -3   1   0  -2  -1  -3    7   7  13  12   0   7  10  10   2   1   3   9   2   1   0  10   3   1   2   1  0.21 0.13
  155 L    -1  -2  -3  -4  -3  -2  -3   1  -4   1   4  -3   1  -2  -1  -3   1   0  -1   2    3   2   1   0   0   1   1  11   0   6  42   0   4   0   3   0   8   2   1  15  0.37 0.24
  156 N    -4  -4   6   4  -5  -3  -3   2  -1  -1  -6  -3  -5  -5  -5  -1  -1  -6  -2  -5    0   0  46  27   0   0   0  15   1   4   0   0   0   0   0   3   2   0   2   0  1.18 0.48
  157 H    -6  -4   0  -5  -7  -4  -4  -6  11  -8  -7  -5  -6  -6  -6  -5  -6  -7  -2  -7    0   0   4   0   0   0   0   0  96   0   0   0   0   0   0   0   0   0   0   0  3.61 0.98
  158 G     5  -4  -2  -4  -1  -3  -2   3   1  -3  -4  -3  -4  -3  -4   0  -3  -5   0  -2   57   0   1   0   1   0   3  22   4   1   1   0   0   1   0   6   0   0   3   1  0.87 0.42
  159 V    -2  -3  -6  -6  -4  -5  -6  -6  -6   3  -1  -5   0  -4  -6  -5  -3  -6  -4   7    1   1   0   0   0   0   0   0   0  13   3   0   2   0   0   0   0   0   0  79  1.58 0.58
  160 V    -1   0   1  -3   2  -3  -2  -4  -3   0   4   0  -1  -2  -4  -1   0  -4  -3   1    4   5   8   1   4   0   2   0   0   4  44   7   0   0   0   4   7   0   0   9  0.35 0.24
  161 I     2  -4  -5  -5  -3  -4  -4  -4  -5   4   3  -4   1  -2  -4  -1  -2  -4  -3   2   22   0   0   0   0   0   0   0   0  29  30   0   2   0   0   4   0   0   0  14  0.66 0.32
  162 V    -2  -5  -6  -6  -4  -5  -5  -4  -6   3   0  -5   0  -4  -5  -4  -1  -6  -4   6    1   0   0   0   0   0   0   1   0  12   6   0   2   0   0   0   4   0   0  73  1.35 0.52
  163 G    -3  -6  -4  -5  -6  -5  -6   8  -6  -7  -7  -5  -6  -7  -6  -2  -5  -6  -7  -7    0   0   0   0   0   0   0  98   0   0   0   0   0   0   0   2   0   0   0   0  2.42 0.70
  164 Y    -5  -3  -6  -7  -6  -5  -3  -3  -3  -5  -4  -5  -3   3  -7  -5  -5   8   8  -3    0   2   0   0   0   0   2   2   0   0   0   0   1  10   0   0   0  22  61   1  2.28 0.69
  165 W    -2  -5   0   0  -5  -2  -4   7  -5  -7  -7  -4  -6  -6  -5  -2  -4  -2  -6  -6    1   0   4   6   0   2   0  87   0   0   0   0   0   0   0   1   0   0   0   0  1.86 0.51
  166 K    -1  -1  -1  -2  -3   1   1  -3  -3   0  -2   3  -2  -1  -3   0   2  -4   0   3    2   2   3   1   0   7   8   0   0   4   0  21   0   2   0   5  19   0   3  24  0.28 0.20
  167 D    -2  -2   2   5  -4   0   3  -2  -1  -4  -4   1  -4  -5   2  -1  -2  -5  -4  -3    2   0   8  39   0   1  26   1   1   0   0   7   0   0  11   1   1   0   0   1  0.73 0.20
  168 Y    -2  -4  -2  -5  -1  -2  -4  -5   0  -3  -3  -4  -3   3  -5  -1  -2   0   9  -3    2   0   2   0   1   2   0   0   1   0   0   0   0   7   0   6   1   0  78   0  1.65 0.38
  169 W    -5  -5  -6  -7  -5  -5  -5  -5  -5   0  -2  -6  -3   0  -6  -5  -5  12   2  -3    0   0   0   0   0   0   0   0   0   8   3   0   0   2   0   0   0  82   4   1  3.21 0.52
  170 I    -1  -4  -4  -4  -3  -3  -4  -5  -4   5   3  -2   1  -1  -4  -3   0  -3  -1   1    4   0   0   0   0   0   0   0   0  53  30   2   1   1   0   0   5   0   2   2  0.65 0.21
  171 V     0  -4  -4  -3   1  -3  -4  -3  -4   3   1  -3   0   0  -4  -3  -2  -3   1   4    6   0   0   2   3   0   0   1   0  23   8   0   2   3   0   0   0   0   6  47  0.50 0.18
  172 R     1   4   0  -2  -4   0  -1  -2  -2  -4  -4   5  -3  -5   1  -2  -2  -4  -3  -4   11  24   3   0   0   2   0   1   0   0   0  54   0   0   6   0   0   0   0   0  0.80 0.24
  173 N    -4  -2   8  -1  -5  -2  -2  -3  -2  -6  -6   0  -4  -5  -4  -2  -2  -6  -4  -5    0   0  94   0   0   0   0   0   0   0   0   6   0   0   0   0   0   0   0   0  1.93 0.43
  174 S    -1  -2  -1  -2  -3   1  -2  -2  -3  -4  -4   0  -3  -4  -3   6   1  -5  -4  -4    0   0   0   0   0   5   0   0   0   0   0   6   0   0   0  84   5   0   0   0  1.12 0.35
  175 W    -5  -3  -6  -7  -5  -5  -6  -5  -1  -5  -4  -6  -1  -2  -7  -6  -5  13   0  -6    0   2   0   0   0   0   0   0   2   0   0   0   1   0   0   0   0  95   0   0  3.95 0.60
  176 G    -1  -3   1  -1  -4  -3  -3   6  -1  -5  -5  -3  -4  -5  -4  -1  -1  -4  -4  -5    1   1   8   3   0   0   0  80   2   0   0   0   0   0   0   3   3   0   0   0  1.31 0.29
  177 R     1   0   0  -1  -2  -1   1  -2  -1  -2  -2   0  -2  -3   3   1   3  -4  -3  -1   14   3   2   2   0   1  10   1   1   2   3   6   0   1  14  13  26   0   0   2  0.29 0.12
  178 Y    -1   0   3   3  -3   1   1   0   0  -3  -3   1  -2  -3  -1   1   0   0  -1  -3    2   4  17  18   0   7   8   5   1   0   0  10   1   1   2  15   7   2   2   0  0.30 0.10
  179 W    -5  -6  -7  -7   2  -5  -6  -5  -5  -5  -4  -6  -4   0  -7  -5  -5  12   1  -5    0   0   0   0   4   0   0   0   0   0   0   0   0   3   0   0   0  91   2   0  3.80 0.58
  180 G    -2  -1  -2  -3  -5  -4  -4   7  -4  -6  -6  -3  -5  -5  -4  -2  -4  -5  -5  -5    0   4   0   0   0   0   0  96   0   0   0   0   0   0   0   0   0   0   0   0  1.85 0.37
  181 E    -3  -2   0   3  -5   0   5  -4  -2  -2  -2  -1   1  -4  -3  -2  -2  -1  -4  -2    0   0   4  19   0   1  59   0   0   3   2   1   6   0   0   1   0   1   0   2  0.82 0.25
  182 Q     0   1   4   2  -3   1   1  -1   0  -4  -4   2  -3  -4  -2   1  -1  -4  -3  -3   10   4  28  13   0   7   7   3   1   0   0  18   0   0   0   8   1   0   0   0  0.42 0.14
  183 G    -2  -4  -2  -3  -5  -4  -4   7  -4  -6  -6  -4  -5  -5  -4  -2  -4  -5  -5  -5    0   0   0   0   0   0   0 100   0   0   0   0   0   0   0   0   0   0   0   0  2.00 0.38
  184 Y    -4  -4  -2  -5  -5  -4  -4  -5   1  -3  -3  -4  -3   3  -5  -4  -2   2   9  -3    0   0   2   0   0   0   0   0   2   0   1   0   0  11   0   0   3   2  80   0  1.86 0.40
  185 I    -2  -4  -4  -5  -3  -4  -4  -2  -3   4   1  -4   4   5  -4  -3  -2  -2   1   1    2   0   0   0   0   0   0   3   0  33   6   0  13  31   0   0   0   0   4   8  0.62 0.20
  186 R    -3   6   0  -3  -5   0  -1  -4   1  -4  -1   4  -1  -2  -3  -2  -2   0   1  -3    0  49   3   0   0   1   0   0   3   0   7  28   2   1   0   0   0   1   5   0  0.79 0.24
  187 M    -2  -4  -4  -5  -3  -3  -4  -5  -4   4   2  -4   6   0  -4  -3  -2  -3  -2   2    1   0   0   0   0   0   0   0   0  37  13   0  32   3   0   0   0   0   0  14  0.79 0.24
  188 K     2   1  -2  -1   0   2   1  -2   0  -1  -1   1  -1  -2  -1   0  -1  -3   0   0   28   9   0   1   2  10   8   0   1   2   6  11   0   0   2   5   2   0   4   8  0.15 0.09
  189 R    -3   7  -2  -3  -4   1  -1  -3  -2  -2  -3   2   2  -4  -3  -2  -1  -4  -3  -3    1  66   0   0   0   5   0   1   0   3   1  10   8   0   0   1   3   0   0   0  1.03 0.27
  190 V     0  -1   3   2  -1   0   0   0   0  -1  -1   0  -1  -1  -1   1   0  -1  -1  -1    9   2  21  13   1   3   5   5   1   2   4   3   2   2   2  13   4   1   3   5  0.15 0.04
  191 G     0   1   1   0  -1   0   0   1   0  -2  -2   1  -1  -2   0   2   1  -2  -1  -1    7   8   8   4   1   4   4  12   3   2   3   8   1   1   3  20   7   1   1   2  0.12 0.03
  192 G    -1  -1   2   1  -3  -1  -2   4  -2  -3  -3   0  -1  -3   1   1  -2  -1  -1  -3    1   2  12   8   0   1   1  42   0   1   1   5   2   0   8  11   1   1   3   1  0.49 0.16
  193 C    -1   1   3   0  -1   1   0  -1   0   0  -2   1  -2  -2  -2   1   1  -3  -2  -1    2   5  20   3   1   4   4   4   2   7   2  13   0   1   0  14  10   0   0   6  0.17 0.09
  194 G    -3  -3   6   2  -4  -1  -2   4  -2  -5  -5  -2  -4  -5  -4  -1  -2  -5  -4  -3    0   0  53   9   0   1   0  33   0   0   0   0   0   0   0   1   0   0   0   2  1.13 0.33
  195 L     0  -1  -1  -1  -2   0   1  -1   4   0   1   0   1   0  -2  -1   1  -3   0   0    8   1   1   3   0   3   8   3  15   6  16   6   5   3   0   3  11   0   2   6  0.09 0.08
  196 C    -2  -6  -5  -6  11  -6  -6  -5  -6  -4  -4  -6   1  -5  -6  -2  -1  -5  -5  -4    2   0   0   0  90   0   0   0   0   0   0   0   4   0   0   2   3   0   0   0  3.05 0.61
  197 G    -1  -3  -2  -2  -5  -3  -3   7  -2  -3  -4  -3   0  -5  -4  -2  -3  -5  -5  -5    3   1   0   2   0   1   1  85   1   2   1   0   3   0   0   2   0   0   0   0  1.50 0.37
  198 I    -3  -5  -5  -5  -3  -4  -5  -6  -5   6   1  -4   2   0  -5  -4  -2  -4  -3   3    0   0   0   0   0   0   0   0   0  69   8   0   5   3   0   0   0   0   0  15  1.09 0.31
  199 A     4  -2   0   0  -1  -1   3  -1  -2  -3  -2  -1  -2  -3  -2   0   0  -4   0  -2   46   0   5   3   1   1  22   3   0   0   3   2   0   0   0   5   4   0   5   0  0.42 0.21
  200 R    -1   0   1   0  -3   0   1  -2  -1   0  -2   1   2  -3  -2   2   2  -3   0  -1    3   3   9   3   0   3   8   0   1   8   0   8   9   0   0  22  18   0   3   2  0.21 0.14
  201 L     0  -1  -1   1   1   0   2  -3  -1  -1   0  -1   3   1  -3   0  -2  -2   3  -1    6   1   3   9   4   3  19   0   0   2   9   1  12   7   0   8   0   0  14   1  0.20 0.14
  202 P     4  -3  -3  -3  -1  -3  -3  -2  -4  -3  -3  -3  -3  -4   5   1  -2  -5  -4   1   43   0   0   0   1   0   0   1   0   0   0   0   0   0  31  13   0   0   0  10  0.86 0.27
  203 Y    -1  -3  -1  -3  -1  -2  -2  -3  -1  -2   1  -2   0   1  -3   4   0  -2   3  -1    0   0   1   0   1   1   0   0   1   0  16   0   2   7   0  53   2   0  15   3  0.53 0.25
  204 Y    -4  -3  -2  -5  -5  -4  -4  -5  -1  -2  -2  -4  -3   4  -5  -3  -4   0   9  -3    0   1   2   0   0   0   0   0   0   1   1   0   0  17   0   2   0   0  76   0  1.80 0.38
  205 P    -1  -4  -4  -4  -5  -3  -3  -4  -4  -5  -5  -3  -5  -6   9  -3  -3  -6  -5  -5    3   0   0   0   0   0   0   0   0   0   0   0   0   0  97   0   0   0   0   0  2.72 0.42
  206 T    -2  -3  -3  -3  -2  -3  -3  -4  -4   4   0  -3   0  -1  -3  -1   4  -4  -2   2    0   0   0   0   0   0   0   0   0  35   6   0   1   1   0   0  43   0   0  13  0.57 0.19
  207 K    -1   0  -2  -3  -3  -1  -1  -3  -3   0   0   4  -1  -3  -3  -2  -1  -4  -2   3    2   0   0   0   0   0   0   0   0   0   9  53   0   0   0   0   0   0   0  36  0.43 0.14
  208 A     3  -2  -1  -2  -1  -1  -1   3  -2  -2  -2  -1  -2  -3  -2   2   2  -3  -2  -1   37   0   0   0   0   0   0  22   0   0   0   0   0   0   0  20  21   0   0   0  0.37 0.05

                      K         Lambda
Standard Ungapped    0.1367     0.3190
Standard Gapped      0.0517     0.2670
PSI Ungapped         0.1689     0.3180
PSI Gapped           0.0517     0.2670
