
Last position-specific scoring matrix computed, weighted observed percentages rounded down, information per position, and relative weight of gapless real matches to pseudocounts
            A   R   N   D   C   Q   E   G   H   I   L   K   M   F   P   S   T   W   Y   V   A   R   N   D   C   Q   E   G   H   I   L   K   M   F   P   S   T   W   Y   V
    1 S     1  -2   0   3  -3  -1  -1  -2  -2  -3  -4   2  -3  -4  -2   3   3  -4  -3  -3   12   0   1  22   0   0   0   0   0   0   0  15   0   0   0  31  19   0   0   0  0.52 0.25
    2 Q    -2   4  -1   3  -5   3   1  -2  -2  -5  -4   2  -1  -5  -1   1  -2  -5  -4  -4    0  32   0  16   0  13   9   3   0   0   0  12   2   0   2  12   0   0   0   0  0.62 0.29
    3 R    -4   6   3  -1  -6   1  -1  -4  -3  -5  -1   3  -3  -3  -4  -2  -3  -5  -4  -5    0  48  16   3   0   5   3   0   0   0   6  16   0   1   0   1   0   0   0   0  0.98 0.45
    4 W    -4  -2  -3  -3  -5  -1  -2  -4  -3  -2   2   1   5   4  -1  -4  -3   6   2  -2    0   1   1   2   0   2   2   1   0   0  19  10  16  21   3   1   0  11   6   1  0.70 0.39
    5 S     0   1   2   3  -4  -2  -1  -2  -3  -5  -5  -3  -4  -5   1   4   1  -6  -4  -3    8   7  12  19   0   1   2   1   0   0   0   0   0   0   7  33   7   0   0   1  0.64 0.42
    6 L    -5  -6  -7  -7  -3  -4  -6  -7  -6   0   5  -4   3   2  -5  -6  -4   1  -3   3    0   0   0   0   0   1   0   0   0   4  59   1   5   9   1   0   1   2   0  17  1.23 0.59
    7 K     1   1   1   0  -5   3   2  -4  -1  -4  -4   3  -2  -5  -1   0   2  -5  -3  -3   12   7   6   6   0  13  12   0   1   0   0  18   1   0   2   6  12   0   1   2  0.42 0.33
    8 A    -2  -4   3   3  -7  -3  -4   6  -4  -8  -8  -2  -7  -8  -5   0  -3  -8  -7  -8    2   1  11  14   0   1   1  57   0   0   0   3   0   0   1   7   1   0   0   0  1.41 0.70
    9 K    -2   3  -4  -6  -3   1  -2  -4  -3  -8  -4   7   0  -8  -4  -2  -3  -8  -6  -7    3  15   0   0   1   6   3   2   1   0   2  61   2   0   1   2   1   0   0   0  1.57 0.80
   10 T    -2   1   2  -6  -2  -5  -6  -6  -1   0  -3   0  -4  -3  -4  -2   3   3   0   5    2   8   8   0   1   0   0   0   1   5   2   6   0   1   1   3  18   4   3  35  0.74 0.49
   11 V     4  -7  -7  -8   2  -7  -7  -3  -7   3  -4  -7  -3  -2  -7  -5  -4  -7   1   5   36   0   0   0   4   0   0   2   0  16   1   0   0   2   0   0   1   0   5  33  1.24 0.67
   12 L    -2  -7  -8  -8  -6  -7  -8  -8  -7   3   5  -7  -1   2  -8  -5  -6  -2  -2   4    3   0   0   0   0   0   0   0   0  13  50   0   1   7   0   1   0   1   2  22  1.32 0.65
   13 V    -6  -8  -9  -9  -7  -8  -8  -9  -8   6   0  -8  -2  -1  -8  -8  -6  -8  -3   6    0   0   0   0   0   0   0   0   0  41   7   0   1   3   0   0   0   0   1  47  1.94 0.86
   14 T    -3  -7  -6  -7  -4  -7  -7  -7  -7  -2  -4  -7  -1  -2  -7  -2   8  -8  -4   0    3   0   0   0   0   0   0   0   0   3   2   0   1   2   0   3  77   0   1   7  2.16 1.05
   15 G    -2  -8  -7  -4  -9  -8  -8   8  -8  -9  -9  -8  -9  -9  -8  -5  -8  -9  -9  -9    4   0   0   1   0   0   0  93   0   0   0   0   0   0   0   1   0   0   0   0  2.85 1.25
   16 G     5  -7  -2  -7   2  -4  -7   5  -7  -4  -4  -6  -3  -7  -5   0  -3  -8  -7  -3   38   0   2   0   5   1   0  40   0   1   2   0   1   0   1   6   1   0   0   2  1.32 0.73
   17 T     3  -3   1   0  -3  -5  -4   1  -6  -5  -1  -5  -3  -4  -6   4   2  -7  -6  -5   22   1   7   6   0   0   1  12   0   1   6   0   1   1   0  30  12   0   0   1  0.73 0.54
   18 K    -2   3  -4   0  -4   0  -3   4  -2  -5  -7   1  -2  -7  -5   4  -1  -7  -4  -6    3  15   0   6   0   5   1  25   1   1   0   7   1   0   0  30   4   0   0   0  0.83 0.56
   19 G    -3  -3  -4  -4  -8  -4  -5   7  -3  -7  -9  -6  -4   1  -8  -1  -5  -4   0  -5    3   1   1   1   0   1   1  74   1   0   0   1   1   5   0   6   1   0   3   1  1.88 0.94
   20 I    -5  -8  -6  -8  -7  -5  -8  -9  -8   7   3  -8   0   2  -5  -8  -5  -8  -4  -1    1   0   0   0   0   1   0   0   0  62  22   0   2   6   1   0   0   0   1   3  1.96 0.88
   21 G    -1  -8  -7  -8  -2  -8  -8   8  -8  -9  -9  -8  -9  -9  -8  -3  -8  -3  -9  -9    5   0   0   0   1   0   0  90   0   0   0   0   0   0   0   2   0   1   0   0  2.75 1.25
   22 H     0   3  -2  -5  -3   0   0  -4  -1  -4   2   3  -4   2  -5   0  -2   3   1  -4    8  17   2   0   1   3   5   1   1   1  17  17   0   8   0   7   2   3   5   1  0.45 0.36
   23 A     5  -2  -3  -2  -2  -1   3   0   3  -5  -3  -4  -2  -4  -5   1  -3  -7  -3  -1   39   2   1   2   1   3  17   7   6   0   3   1   1   1   0   8   1   0   1   4  0.72 0.52
   24 I    -1  -7  -7  -7   1  -5  -7  -6  -3   5   2  -7   2   1  -7  -4   3  -7   0   2    6   0   0   0   3   1   0   0   1  28  18   0   4   5   0   1  18   0   3  11  0.90 0.53
   25 V     6  -3  -6  -6   5  -7  -7  -5  -8  -3  -3  -7  -4  -8  -7   0  -2  -9  -8   3   56   1   0   0  10   0   0   1   0   1   2   0   0   0   0   6   3   0   0  17  1.51 0.86
   26 E    -4   4  -4  -2  -5   2   2  -6   0  -1   0   4  -1  -3  -5  -3  -2  -2   0  -1    1  20   0   2   0   8  13   0   3   4  11  20   1   1   1   2   3   1   3   5  0.58 0.42
   27 E     1   2  -3  -2  -3   3   3  -2   2  -3   0   0  -2  -3  -6  -1  -1   4  -2  -1   13  12   1   2   0  11  16   3   5   2   9   5   1   1   0   5   3   5   1   5  0.35 0.32
   28 F    -2  -9  -9 -10   0  -6  -9  -6  -8   0   5  -9   3   5  -9  -8  -8  -2   0  -4    4   0   0   0   2   0   0   1   0   5  57   0   7  19   0   0   0   1   3   1  1.62 0.84
   29 A     5  -3  -6  -2  -1  -4  -5  -3   3   1   1  -2   0  -4  -7  -1  -4  -7  -2   2   39   2   0   2   2   1   0   2   5   8  14   3   2   1   0   4   1   0   2  11  0.69 0.48
   30 G     2   3   0  -1  -3   3   2  -2  -1  -5  -3   3  -3  -7  -3   0  -1  -8  -5  -5   14  14   4   4   1  10  13   3   1   1   3  16   1   0   1   8   4   0   0   0  0.48 0.40
   31 F     2   3   0  -1  -3   3   2  -3   4  -5  -1   2   0  -2  -5  -1  -3  -7  -2  -6   14  15   5   4   1  11  12   3   8   0   7  10   2   2   0   4   2   0   2   0  0.44 0.37
   32 G    -3  -3   0  -1 -10  -3  -5   7  -5  -7  -8  -3  -4  -6  -6  -3  -9 -10  -6  -8    2   2   5   4   0   1   1  78   0   0   0   2   1   0   1   2   0   0   0   0  2.12 1.10
   33 A     6  -6  -3  -4   1  -4  -5  -4   1  -2  -3  -3   0   2  -5  -1  -4   3   2  -3   50   0   1   1   3   1   1   1   3   3   3   2   2   8   1   5   1   3   7   2  1.05 0.66
   34 V    -3   3   3   0  -3   0   0  -6   4  -1  -5   3  -4  -3  -4  -1   1  -3  -2  -2    3  15  13   5   1   5   6   0   9   4   1  18   0   1   1   6   8   1   1   3  0.57 0.41
   35 I    -4  -7  -7 -10  -2  -9  -9 -10  -5   3   2  -7  -2  -4  -5  -6  -2  -9  -5   6    1   0   0   0   1   0   0   0   0  14  20   0   1   1   1   1   3   0   1  56  1.68 0.88
   36 H     1  -4  -4  -8  -2  -5  -6  -4   0   4  -1  -7  -1   1  -6  -2  -1  -1   1   5   13   1   1   0   1   1   0   2   2  20   7   0   2   6   0   4   4   1   4  33  0.81 0.49
   37 T     1  -5  -4  -6  -3  -7  -7  -2  -7   4   3  -7   1   1  -7  -2  -2  -7  -4   3   12   1   1   0   0   0   0   4   0  21  28   0   3   6   0   3   2   0   1  18  0.82 0.49
   38 C     1  -6  -1  -4   4  -4  -6  -2  -2   1   1  -5  -1  -2  -5   0   3   2  -2   2   13   0   4   1   7   1   0   4   1   7  14   1   1   2   0   8  18   3   2  14  0.44 0.34
   39 A     1  -5  -3   5   4  -4  -4   2  -2  -6  -4  -5  -3  -7  -5   3  -2  -7   2  -3   12   1   1  26   7   1   1  13   1   0   2   1   1   0   1  21   2   0   8   2  0.83 0.57
   40 R    -3   7   1  -5  -4   0  -3  -5  -1   1   0  -1  -2  -2  -3  -1  -2  -1  -5  -3    2  48   5   0   0   4   1   1   2   9   9   3   1   2   2   4   2   1   0   2  1.08 0.64
   41 N    -4   1   5   2  -8  -1  -3  -2   0  -3  -2  -2  -3  -3  -3   3   2  -8  -4  -4    2   7  22  11   0   3   2   4   2   2   5   3   1   1   2  18  13   0   1   2  0.64 0.45
   42 E     0  -1  -2   0  -1   2   4  -1  -1  -4  -1   0  -1  -1   1   0  -2   0  -3  -1    8   3   2   6   1   7  22   5   2   1   7   6   2   3   8   7   3   1   1   4  0.26 0.25
   43 Y     0  -2   2   2  -7   0   4  -1  -1  -4  -2   1  -4  -3   0   1  -1  -2  -1  -3    9   3   8  10   0   5  22   5   2   1   4   7   1   1   5  10   3   1   2   2  0.34 0.30
   44 E     1   2   0   1  -2   0   0   0  -3  -5  -2   4  -3  -7   1   0  -2  -7  -7  -2   12  11   4   7   1   3   6   8   1   1   4  20   1   0   7   8   2   0   0   3  0.39 0.31
   45 L     3  -2  -2  -3  -2  -2  -4   1  -2  -1   4  -3  -2  -4  -3  -2  -2  -2  -5   1   21   2   2   2   1   2   2  10   1   4  31   2   1   1   2   4   3   1   0   8  0.50 0.33
   46 N     1   0   0   1  -3   3   4  -3   0  -2  -3   1  -3  -4  -1  -1   0  -2  -3  -2   10   5   4   8   1  12  22   2   2   3   3   9   1   1   3   4   5   1   1   3  0.38 0.31
   47 E     1   1  -1   1  -7   2   4  -3  -2  -1  -4   2  -4  -5  -2  -1  -1  -8  -4  -3   12   8   3   7   0   7  25   2   1   4   2  13   0   1   3   5   4   0   1   2  0.52 0.39
   48 C     3  -1  -4  -4   2  -3  -4  -3  -3   0   2  -4   0  -1  -7  -2   2   1  -4   3   21   3   1   1   4   2   1   2   1   6  20   1   2   2   0   3  11   2   1  16  0.51 0.33
   49 L     3  -1  -4  -6   0  -1   0  -4  -2   1   1   1  -2  -3  -3  -2  -3  -7  -1   3   24   4   1   0   2   3   6   1   1   7  13   8   1   1   1   4   2   0   3  18  0.42 0.29
   50 S     2   1   0   1  -2   1   2  -2  -2  -3  -3   2  -2  -4  -3   1  -1  -2  -3  -3   16   8   4   8   1   6  14   3   1   2   3  13   1   1   2  11   4   1   1   2  0.32 0.27
   51 K     0   1  -2   1  -2   2   4  -4  -1  -3   0   2  -1  -4  -2   0  -1  -7  -2  -5    8   7   2   6   1   8  27   2   2   2   8  10   2   1   3   6   4   0   2   1  0.44 0.35
   52 W     1  -2  -3  -5   3  -4  -2  -4  -2   4   3  -4  -1   0  -3  -3  -2   2  -1   0   10   2   1   1   6   1   3   2   1  20  29   1   2   4   2   2   3   2   2   6  0.60 0.34
   53 Q     0   2   0  -2  -3   2   2   2  -1  -1  -1   1  -2  -3  -1   0  -1  -6  -6  -2    7  10   5   2   1   7  11  13   2   3   7  10   1   1   4   8   4   0   0   3  0.20 0.19
   54 K     2  -1   0   1  -2   0   3   0  -1  -3  -3   2   0  -3  -1   0  -1  -1  -3  -3   19   3   5   6   1   5  16   6   1   2   2  12   2   2   3   7   4   1   1   2  0.29 0.26
   55 K     0   0   1  -1  -2   1   2  -3   0  -2   0   2   0  -3   2   0  -1  -1   0  -3    9   5   7   4   1   5  11   2   2   2  11  10   2   1   9   7   5   1   3   2  0.14 0.16
   56 G    -1  -2   1  -1   0  -2  -2   5   0  -1  -2  -1  -2  -1  -2   0  -1   0  -2  -3    6   2   5   4   2   2   3  38   2   3   4   5   1   3   3   7   5   1   2   2  0.53 0.36
   57 F     0   0  -1   0   0  -1   0   1   2   0  -1   0  -1  -1   1   0  -1   0   0   0    7   5   3   6   2   3   6  13   5   6   6   5   1   3   6   8   3   1   3   8  0.05 0.05
   58 Q    -1   1   2   1   3   1   0  -1   2  -1  -3   1   1  -1  -1   1  -1   2   0  -2    4   7   9   7   5   7   7   4   4   3   3   8   3   3   4   9   4   2   3   3  0.14 0.13
   59 V     0  -2  -1  -1   2  -5  -2  -2   2   2   0  -2   1   0  -1  -2  -1   2   0   3    8   3   3   4   4   0   3   3   5  10  10   3   3   3   4   4   4   3   3  20  0.22 0.16
   60 T     0   0  -2  -1  -1   0   1  -2   2   0   0   1  -1   0  -2   0   1   1   0   0    7   6   1   4   1   5  10   3   6   7   9   8   1   4   1   6   8   2   3   8  0.05 0.09
   61 G     2  -3  -3  -2   0  -3  -4   1  -2   0  -1  -3  -2   3   0  -2   2  -1   1   2   16   1   1   2   2   1   0  10   1   6   5   1   1  13   5   2  14   1   5  13  0.30 0.27
   62 S    -1  -2  -2   0  -1  -2  -1  -3   1   2   0   0   1   1  -3  -1   0   2   3   2    6   2   2   6   1   1   3   1   3  11   8   5   4   6   1   5   5   3   9  16  0.16 0.16
   63 V     0   0  -3  -3  -1   2   0  -2   2   0  -1   1   1  -3   2  -1   0  -5  -1   2    7   5   0   1   1  11   6   3   4   6   5   8   3   1   9   5   7   0   2  15  0.18 0.21
   64 C     1  -4  -4  -2   7  -3  -3   0  -2   0   2  -5   1   2  -3  -3  -1   0  -1   1   13   1   1   3  20   1   2   8   1   4  17   0   3   8   1   1   4   1   2  11  0.56 0.37
   65 D    -2  -7   2   8   0  -4  -3  -5  -1  -8  -9  -4  -8  -9  -4  -3  -4  -9  -8  -4    3   0   8  74   2   1   2   1   1   0   0   1   0   0   1   2   1   0   0   2  2.22 1.11
   66 A    -1  -3  -7  -7  -1  -2  -4  -5  -3   3   2  -6   3   1  -7  -4  -3  -6  -1   5    6   2   0   0   1   2   1   1   1  16  18   0   6   5   0   1   1   0   2  37  0.88 0.52
   67 S     2   1  -2   2   0  -3  -3   0  -6  -4  -3  -3  -2  -4  -6   4   4  -7  -5  -5   13   8   2   9   2   1   2   7   0   1   3   1   1   1   0  25  23   0   0   1  0.65 0.53
   68 L    -2  -2   3   5  -1  -1  -1  -5  -2  -4  -2   2  -6   2  -6   2  -2  -7  -3  -2    3   2  11  28   1   3   4   1   1   1   4  11   0   7   0  17   3   0   1   3  0.65 0.49
   69 R     0   1  -1   0  -4   0   2  -2   0  -1   0   0   0  -2   2   0  -1   0   0  -1    9   9   3   5   0   3  15   3   3   3   8   6   3   2  11   7   3   1   3   4  0.14 0.17
   70 P     2  -1  -1   3  -6   1   4  -1  -1  -3  -5   0  -3  -6  -1   1  -1  -2  -4  -3   14   3   3  16   0   5  23   4   1   1   1   7   1   0   3   9   4   1   0   2  0.48 0.39
   71 E     2  -2   1   3  -3   1   2  -1  -2  -2  -5  -3  -2  -5  -4   3  -1  -7  -5  -4   15   2   6  15   1   7  15   6   1   2   1   1   1   1   1  21   3   0   0   1  0.52 0.44
   72 R     0   1  -3  -6   3  -4  -6  -5  -2   4   0  -4   0  -2  -3  -4  -1  -1  -1   5    8   7   2   1   5   1   1   1   1  17  10   1   3   2   2   1   4   1   2  31  0.71 0.41
   73 E    -1   2   0   3  -2   2   3  -4  -1  -3  -3   2  -2  -4  -3  -1  -1  -3  -1  -2    6  11   4  12   1   9  19   1   2   2   4  11   1   1   2   5   4   1   2   3  0.40 0.33
   74 K     2   3   0   1  -3   2   1  -2  -1  -1  -4   2  -3  -8  -4   0  -1  -8  -4  -4   18  12   5   8   1   9   8   3   2   3   2  13   1   0   1   7   4   0   1   1  0.42 0.33
   75 L     3  -5  -4  -2   0  -4  -6  -3  -3   0   3  -4   2   2  -5  -3  -1   0   2   2   19   1   1   3   2   1   1   2   1   5  25   1   4   9   1   2   4   1   7  11  0.53 0.33
   76 M     1  -2  -6  -4  -2  -5  -4  -5  -1   3   1  -3   2   4  -5  -3  -3  -2   1   3   13   2   0   1   1   1   2   1   1  12  14   2   5  14   1   2   2   1   5  20  0.60 0.35
   77 Q     1   0   0   2  -6   2   2  -2  -1  -4  -4   2  -2  -4  -2   1  -1  -6  -3  -3   14   6   4  12   0  10  14   3   1   1   2  13   1   1   2   9   4   0   1   2  0.36 0.33
   78 T     1  -1   0   0  -2   2   3  -3   0   0  -2   1  -1  -1  -3   0   2   1  -1  -3   13   3   4   5   1   8  16   2   2   5   4  10   1   3   1   5  11   2   2   1  0.22 0.25
   79 V     1  -2  -5  -4   2  -3  -2  -4  -2   4   1  -3  -1   0  -4  -2   0  -1  -1   3   14   2   0   1   4   1   2   1   1  20  14   1   1   5   1   3   6   1   2  19  0.44 0.31
   80 S    -1   1  -1   0  -1   0   1  -1   0   0   0   2   0  -1  -1   0   0  -3   0   1    5   6   2   6   1   4   7   4   2   7   9  14   2   2   2   7   5   0   3  10  0.06 0.08
   81 S     1   0  -1   1  -2   1   3  -1  -1  -3  -4   3  -2  -2  -2   0   0  -5  -5  -2   14   5   3   9   1   6  18   5   2   1   2  15   1   2   2   8   5   0   0   2  0.32 0.29
   82 M     0   1  -1   0   1   1   1  -2   3  -1   1   2   0  -2  -2  -1  -1   0  -2  -1    8   6   3   6   3   5   9   2   7   3  17  11   2   1   2   4   4   1   1   4  0.11 0.13
   83 F    -1  -1   0  -3   0  -1  -1  -3   2  -1   1  -2   2   4  -2  -2   0   4   2   0    5   3   4   1   2   3   4   2   5   3  12   3   4  19   2   3   5   5   7   6  0.31 0.22
   84 G     0  -1   0   2  -1   0   0   3   0  -2  -1  -1  -1  -1   0   0  -1  -2  -1  -2    6   3   3  12   1   4   7  23   2   3   6   4   2   3   4   6   4   0   2   3  0.19 0.12
   85 G    -1   0  -1  -2  -4  -1  -1   5   0  -3  -1   0  -2  -3   2  -2  -3   0  -3  -3    4   5   3   2   0   3   3  41   3   1   7   6   1   1  10   3   1   1   1   2  0.58 0.36
   86 K    -2   3   0   1   0   0   0  -3   1  -1  -2   2  -3  -4   4  -1   0  -2   0  -2    3  14   3   9   2   4   5   2   3   3   3  13   0   0  18   5   6   1   3   2  0.33 0.25
   87 L    -4  -1  -4  -4  -1  -5  -6  -6  -6   5   3  -4  -1   0  -1  -5  -3  -5  -3   3    1   4   1   1   1   0   0   0   0  29  31   1   1   4   4   0   1   0   1  19  0.89 0.48
   88 D    -2   0   0   7  -6  -2  -2   0   2  -6  -5  -3  -6  -4  -6  -2  -1   2  -1  -5    4   4   4  54   0   2   2   7   5   0   1   2   0   1   0   4   3   3   2   1  1.23 0.67
   89 I     0  -4  -5  -5   1  -4  -5   2   1   4   0  -5   0   0  -5  -3  -2  -2   0   3    7   1   0   0   3   1   0  17   3  25   8   0   2   3   0   2   3   1   3  23  0.60 0.38
   90 L    -3  -6  -7  -7  -1  -6  -7  -7  -7   1   5  -6   0   0  -7  -5  -4  -1  -3   4    2   0   0   0   1   0   0   0   0   8  55   0   2   3   0   1   1   1   1  24  1.30 0.67
   91 I    -2  -7  -7  -7  -1  -4  -7  -7  -1   5  -1  -6  -1   1  -7  -4  -5   0  -1   5    3   0   0   0   1   1   0   0   1  34   4   0   1   6   0   1   0   1   2  42  1.38 0.69
   92 N    -1  -5   7  -4   2  -1  -5  -4   6  -4  -1  -5  -4  -2  -2  -2  -4  -3  -3  -3    6   0  50   1   4   3   0   1  15   1   6   0   0   2   2   3   1   1   1   3  1.42 0.76
   93 N     0  -5   8  -4   4  -6  -6  -1  -1  -5  -5  -6  -2   1  -7   0  -2  -8  -7  -3    7   1  57   1   7   0   0   5   1   1   2   0   1   6   0   6   3   0   0   2  1.64 0.86
   94 L     7  -7  -6  -8  -7  -5  -6  -4   0  -2  -4  -7  -2  -3  -7  -1  -4  -8  -7   1   74   0   0   0   0   0   0   1   2   3   2   0   1   1   0   5   1   0   0   8  1.81 0.97
   95 G     2  -8  -6  -5  -8  -7  -7   7  -8  -3  -6  -6   1  -5  -6  -2  -7  -8  -5  -5   16   0   0   1   0   0   0  70   0   2   1   1   4   1   0   3   0   0   1   1  1.92 0.95
   96 A    -1  -3  -4  -4  -4  -2  -3   0  -3   5   0  -3   1   0  -4  -3   0   0  -1   4    6   1   1   1   0   2   2   7   1  27   9   2   4   3   1   2   5   1   2  24  0.55 0.35
   97 I     1  -3   0  -3   1   0  -2  -1  -3  -1   1   0   2   1  -1   2   0   2   0  -1   11   0   5   1   3   3   2   5   0   3  16   5   5   6   3  14   7   3   3   5  0.13 0.17
   98 R     0   1   0   0  -3   0   0   0   3  -1  -2   0  -1   0   1   0   0  -1   1  -1   10  10   4   5   0   4   4   7   8   4   3   5   2   5   7   5   5   1   5   5  0.09 0.10
   99 S    -1  -1   0   3  -1  -1   0  -1   0  -2  -2  -1   0   0   3   0  -1   0  -1   0    5   3   5  17   2   2   4   5   3   2   5   3   2   5  14   8   4   1   2   8  0.18 0.17
  100 K     1   0   0  -1  -2   0  -1   3  -1  -1  -2   1   0  -1  -1   0   0  -4   0   0   10   4   4   3   1   4   3  21   1   3   3  11   2   3   3   7   6   0   4   7  0.15 0.16
  101 P     0  -1   0  -1  -3  -2   1  -2  -1  -3   0   0   0  -1   5   0   1  -5  -2  -3    7   3   4   4   0   2   9   3   2   1  10   5   2   3  27   7   7   0   1   2  0.41 0.31
  102 T     0  -3  -2  -2  -3  -2  -1  -3  -2   1   2  -2   0   4  -2   0   0  -1  -1   1    7   1   2   2   1   2   4   2   1   9  20   2   2  19   2   7   6   1   1   9  0.29 0.22
  103 L    -1  -1  -2   0  -2  -1   1  -2   1   0   2  -2   1   0  -2   0   0   1  -1   1    5   3   1   4   1   2  12   3   3   5  20   2   4   4   2   6   6   2   2  11  0.12 0.14
  104 D    -2   1   1   4  -4   1   3  -3   1  -6  -3   0  -5  -1  -2   0  -1   1  -4  -4    4   6   6  25   0   6  20   2   3   0   3   6   0   3   2   7   3   2   0   1  0.54 0.39
  105 Y    -1  -1  -2  -3   1  -1  -2  -1   0   1   2  -1   4   1  -3  -1   2  -3   0   1    4   3   2   1   3   2   3   4   2   7  18   4  11   5   1   3  13   0   4   8  0.22 0.20
  106 T    -2  -3   0   2  -6  -3  -1  -4  -3  -5  -5   0  -3  -3   3   3   4  -7  -6  -5    3   2   5  12   0   1   5   2   1   1   1   5   1   1  13  22  27   0   0   1  0.76 0.55
  107 A     0   0  -2   2  -4  -1   2  -3   0   0   0   0   0  -2   2  -1  -1  -2   0   0   10   6   2  10   0   2  13   2   2   7  12   5   3   2   9   5   3   1   3   7  0.12 0.14
  108 E    -1  -2   0   4  -7   1   5  -3   1  -4  -5   1  -4  -5  -1  -1  -2  -2  -5  -5    6   2   4  19   0   5  36   2   3   1   1   8   0   1   3   5   2   1   0   1  0.80 0.53
  109 D     0  -1   0   3  -4   1   2   1   1  -2  -1  -1   0  -2  -2  -1  -1  -4   1  -1    8   2   4  18   0   7  13  11   3   2   6   2   2   2   2   4   4   0   5   5  0.20 0.21
  110 F    -1  -3  -3  -3  -1  -3  -6  -4  -1   1   1  -5   2   5  -2  -4  -2   8   3   0    5   2   1   2   2   1   0   1   2   9  13   0   4  20   2   1   2  18   8   6  0.82 0.49
  111 S     0   2   1   3  -2   1   2  -2   1  -2  -2   1   0  -2  -2  -1  -1   0  -1  -2    7  11   6  17   1   6  13   3   4   2   4   7   3   1   1   4   4   2   2   2  0.24 0.23
  112 F     0   2   1   1  -1   1   1  -2   0  -1  -1   1   0  -1  -2   0   0   1  -2  -2    8  12   8   7   1   6  10   2   2   3   7   9   3   3   2   5   6   2   1   2  0.12 0.14
  113 H     0  -3  -1  -2   1  -1  -2  -3   1   2   0  -4   3  -1  -2   0   1  -4  -1   3    8   1   2   2   3   3   2   2   4  14   9   0   7   2   2   6  10   0   2  19  0.24 0.23
  114 I    -2  -5  -2  -6  -1  -2  -3  -4   0   4   1  -5   6   3  -6  -5  -2   3   1   1    3   0   2   0   1   2   2   2   2  21  14   0  19  11   0   0   2   4   4   9  0.78 0.48
  115 S     0   0   3   3  -2   2   1  -1   1  -3  -3   1  -1  -5  -3   0   0  -2  -2  -2    9   6  13  15   1   9  10   4   4   1   3   8   1   0   1   7   5   1   1   3  0.29 0.26
  116 T    -2  -2  -3  -5  -1  -3  -3  -3  -2   3  -1  -5   0  -3   1  -2   3  -6  -3   4    4   2   1   0   1   1   1   2   1  18   5   0   2   1   8   2  19   0   1  29  0.65 0.45
  117 N    -4  -2   8  -2  -2  -5  -6  -4   2  -3  -6   1  -3  -4  -7   0  -4  -9  -7  -3    1   3  66   2   1   0   0   1   4   2   1   9   1   1   0   6   1   0   0   3  1.87 0.99
  118 L    -2  -6  -3  -6   1  -3  -6  -3   1   2   3  -6   0   2  -6  -3   0  -5   3   3    4   0   1   0   3   1   0   2   4  10  26   0   2   8   0   2   5   0  10  21  0.61 0.41
  119 E    -1   0   0   0   2   0   0  -1   2   0  -1   0   1   0  -3   0   0   3   1   0    5   5   5   5   5   5   5   5   5   5   5   5   5   5   0   5   5   5   5   5  0.06 0.10
  120 S     2  -1  -3  -4  -4  -4  -4   4   1  -5  -5  -4  -4  -5   1   3   0   3  -4  -1   14   4   0   0   0   0   0  37   4   0   1   0   0   0   6  20   5   3   0   4  0.73 0.44
  121 A     1   0  -1  -1  -3  -1  -2  -2   1   0   0  -1   1   0   1   0   2  -3   0   1   12   4   3   2   0   3   0   3   4   3   9   3   5   3   7   8  17   0   3  10  0.12 0.15
  122 Y     0  -2  -3  -5   0  -2  -3  -3  -1   1   1  -2   1   4  -3  -2  -1   3   3   2    7   2   1   0   2   2   2   2   2   7  13   2   4  19   1   2   4   4  10  15  0.39 0.26
  123 H    -1   1   2  -1  -1   0  -1  -2   3   0   1  -1   0   1  -4  -1  -1   2   2  -1    6   8  12   2   1   4   4   3   7   4  16   4   2   5   0   4   2   3   8   4  0.14 0.15
  124 L    -1  -5  -5  -5   3  -2  -5   0  -5   0   3  -5   4   0  -2  -2   1  -5  -4   2    4   0   0   0   7   2   0   7   0   5  31   0  10   3   2   3   8   0   0  16  0.56 0.35
  125 S     1  -4  -1  -2   3  -3  -3  -3   1   1  -1  -3   0  -2  -4   1   4  -5  -2   1   13   0   2   2   6   1   1   2   3   7   5   1   2   2   0  12  31   0   1   8  0.48 0.38
  126 Q    -2   4  -1  -3  -3   4   1  -3   3  -4  -2   3  -1  -3  -5  -1  -1  -1  -1  -2    3  18   2   1   1  19   8   2   8   1   4  18   1   1   0   4   3   1   2   3  0.58 0.42
  127 L     3  -1  -2  -2  -1  -1   1  -1   1   0   1   0  -1  -2  -2   0   0  -4  -1   0   30   3   2   1   1   2  10   3   3   5  12   5   1   1   1   5   5   0   3   6  0.21 0.23
  128 A     3  -3  -5  -5   2  -2  -3  -2  -3   1   2  -3   0   3  -5  -2  -1  -4  -2   2   26   1   0   0   4   1   1   3   1   6  17   1   3  11   0   3   3   0   1  17  0.44 0.33
  129 H     1   0  -4  -2   0  -2  -2  -2   2   1   3  -1   1  -1  -2  -2  -2   0   0   0   14   5   0   3   2   1   2   3   6   7  33   3   3   1   1   3   2   1   4   6  0.27 0.24
  130 P    -3   2  -1   1  -6   0   1  -3  -1  -6  -5   2  -3  -5   6  -1  -3  -6  -4  -5    3  10   3   8   0   4   9   2   2   0   1  10   1   1  40   4   1   0   1   1  0.98 0.59
  131 L     0   0  -1  -1   0   0  -1   0   3   0   1   0   1   0  -2   0   0  -1   1  -1    9   4   2   2   2   4   4   8   8   5  16   6   4   3   2   5   5   1   6   4  0.05 0.09
  132 L    -4  -4  -5  -3  -5  -5  -4  -6  -6   0   3  -3   8   3  -3  -4  -3   3  -3  -2    2   1   1   2   0   0   2   0   0   5  25   2  40   9   1   1   2   3   1   3  1.39 0.72
  133 K    -1   2  -1   0  -1   0   0  -3  -1   1   1   3   1  -2  -2  -1  -1  -4  -1   1    3  11   2   6   1   5   4   1   2   9  14  17   3   1   2   4   3   0   2   9  0.16 0.17
  134 A     1   1  -1   2  -1   2   2  -1  -1  -3  -3   3  -3  -5   0  -1  -1  -5  -2  -3   11   7   2  12   1   7  15   4   1   2   2  18   1   0   5   4   4   0   1   1  0.34 0.28
  135 S    -1   4   1  -2  -3   3  -2  -1   2  -4  -3   1  -2   1  -3   2   0  -1  -2  -4    5  22   6   2   1  12   2   6   6   1   2   7   1   5   1  14   5   1   1   1  0.41 0.33
  136 G    -1   2   2  -1  -3   0  -2   3   1  -4  -4   2  -3  -4   3   0  -2  -1  -4  -3    5  11   8   3   1   4   2  21   3   1   1  15   1   1  12   6   3   1   1   1  0.41 0.30
  137 C     0   1  -1  -1   0   0  -1   2   1  -2  -1   1  -2  -1   1   1   0  -1  -1   0    6  10   3   3   2   4   2  17   4   1   7   8   1   3   6  10   5   1   3   6  0.10 0.12
  138 G     0  -1  -4   0  -3  -1  -4   6  -2  -6  -4   1  -5  -3  -2   0  -3  -6  -4  -3    6   4   1   5   1   3   1  53   1   0   2   7   0   1   2   7   1   0   1   2  1.00 0.55
  139 N     0   4   0  -2  -1  -1  -2  -3   3  -2  -2   0  -1   0  -3   2  -1   0  -2   0    9  20   5   2   2   2   2   2   7   2   5   6   1   5   1  18   4   1   1   6  0.29 0.26
  140 I    -5  -5  -6  -5  -4  -7  -5  -8  -1   7   1  -7   1   4  -5  -5  -5  -3  -5   3    1   1   0   1   0   0   1   0   2  49  10   0   3  14   1   1   1   0   0  15  1.43 0.71
  141 I    -3  -8  -8  -8   0  -7  -8  -5  -8   5   1  -7  -2  -2  -8  -5  -3  -3  -4   6    2   0   0   0   2   0   0   1   0  32  13   0   1   1   0   1   2   0   1  44  1.49 0.75
  142 F    -3  -4   5  -4  -1  -4  -5  -4  -1   0   1  -4   2   4  -1  -1   1   0  -2   0    2   1  30   1   2   1   0   1   1   5  12   0   5  15   3   4   8   1   1   7  0.67 0.46
  143 M    -3  -4  -2  -6  -1  -4  -4  -5  -6   4   1  -6   4   3  -4  -1   2  -6  -3   3    1   1   2   0   1   1   1   1   0  23  11   0   9  11   1   5  12   0   0  18  0.74 0.46
  144 S     1  -6  -2  -3   1  -5  -4   2  -4  -2  -4  -5  -2  -7  -6   6   1  -7  -5  -3   12   0   2   1   2   0   1  13   0   3   2   0   1   0   0  51   9   0   0   2  1.08 0.71
  145 S    -2  -7  -3  -1  -7  -4  -3  -3  -7  -6  -6  -5  -7  -8  -1   7  -2  -8   0  -6    2   0   1   3   0   1   2   2   0   0   1   1   0   0   3  79   2   0   3   0  1.94 1.08
  146 I     0  -2   1  -2   0  -2  -2  -1  -4   3   1  -3   1   1  -3   0  -1  -4  -1   3    8   2   7   2   2   2   2   4   0  17  10   1   4   7   1   6   4   0   2  19  0.24 0.21
  147 A     3  -3   0  -3  -1  -1  -2   1   2  -3  -1  -3   1  -3  -4   2   1  -3  -1   0   28   1   4   1   1   2   2  10   5   1   6   1   3   1   0  14   8   0   2   7  0.34 0.32
  148 G     3  -6  -3  -5  -1  -3  -2   6   1  -7  -6  -6  -6  -4  -3   1  -1  -2  -3  -2   19   0   1   0   2   1   3  49   3   0   1   0   0   1   1  10   4   1   1   3  1.07 0.63
  149 V    -2   0  -2  -2  -1   0   0  -3   1   1   1   0   1   2  -3  -1   0   0   1   2    2   5   2   2   1   4   6   1   4   8  16   5   3   8   1   6   7   1   5  14  0.12 0.14
  150 V    -1   2   0  -3  -2   0  -2  -3  -2   1   1   0   2   2  -3  -1   0   1   2   1    4  10   5   1   1   3   2   1   1   9  13   6   6   8   1   5   5   2   7  10  0.15 0.15
  151 S     1  -4  -3  -5  -5  -4  -6   5  -1  -6  -6  -3  -7  -8   5   0  -1   0  -4  -1   13   1   1   0   0   1   0  39   2   0   1   2   0   0  24   6   4   1   1   4  1.07 0.66
  152 A    -1  -1   2  -1  -3   0  -2   0  -2   1   0  -2   1   2   0   1   1   1   2   0    6   3  10   2   0   3   1   6   1   8   7   1   4   8   4  10   8   2   7   7  0.10 0.14
  153 S     1  -2  -1   0  -4  -1  -3  -2  -2  -2  -3   0  -1  -1   6  -1  -2  -4  -1  -2   11   3   3   6   0   3   2   4   1   3   3   5   2   3  40   5   2   0   2   3  0.78 0.52
  154 V    -1  -1   1  -1  -2   0  -2   4   0  -4  -1  -1  -2   1   1  -1  -1  -2  -1  -3    5   3   6   4   1   4   3  34   2   1   6   4   1   6   7   5   3   1   2   2  0.39 0.30
  155 G    -1  -1  -1  -4  -2   4  -2   0   2  -2   1  -3   2  -1  -2  -1  -1   3   3   0    4   3   3   1   1  21   2   8   4   2  13   1   5   3   2   5   4   4   9   6  0.33 0.30
  156 S     3  -3   2  -4   1  -3  -2   0   0  -1  -3  -3  -2  -2   0   3   1  -6  -3   0   24   1   8   0   3   1   2   8   2   3   2   1   1   2   5  20   8   0   1   6  0.40 0.34
  157 I     3  -4   2  -1  -1  -1  -3  -1   2   0  -1  -4  -1  -3   2   0   0   0  -3   2   24   1   9   3   1   2   1   4   4   5   5   0   1   1  12   6   5   1   1  13  0.35 0.30
  158 Y    -6  -9  -5 -10 -10  -7  -7 -10  -6  -6  -7  -9   2  -3 -10  -4  -5  -2  10  -6    1   0   1   0   0   0   0   0   0   0   0   0   5   1   0   2   1   0  88   1  3.60 1.58
  159 S     3  -4   0  -5   4  -4  -4   3  -3  -4  -7  -5  -6  -7  -3   4   1  -8  -5  -3   20   1   5   0   9   1   1  22   1   1   0   0   0   0   1  28   8   0   0   2  0.89 0.60
  160 A     5  -2  -4  -4   0  -2  -2   0  -3  -2  -3  -4   1  -4  -1   1   1  -7  -4   1   45   2   1   1   2   2   3   6   1   3   3   1   3   1   4  10   7   0   0   8  0.67 0.49
  161 T     3  -4  -5  -7  -3  -6  -6  -1  -5  -5  -6  -6  -3  -6  -5   6   3  -9  -4  -6   26   1   0   0   1   0   0   5   0   1   0   0   1   0   0  46  17   0   1   0  1.38 0.85
  162 K    -7  -2   2  -7  -5  -6  -6  -6  -3  -9  -7   8  -5  -9  -8  -5  -6  -9  -8  -5    0   2  10   0   0   0   0   1   1   0   1  83   0   0   0   1   0   0   0   1  2.63 1.25
  163 G     4  -1  -3  -4  -1  -3  -3   1   3  -3   0  -4  -2   2  -6   0  -1  -3   0  -4   39   4   1   1   1   1   1   9   7   2   9   1   1   7   0   7   4   0   4   1  0.59 0.44
  164 A     5  -7  -6  -7  -1  -4  -6   3  -4  -6  -3  -6  -2   3  -6  -1  -4   0   1  -4   45   0   0   0   1   1   0  23   0   0   3   0   1  11   0   5   1   1   5   1  1.15 0.68
  165 L    -1  -4  -1  -4   1   0  -5  -4  -5   2   4  -6   3  -5  -6  -3  -3  -6  -3   4    4   1   4   1   2   4   1   1   0  10  37   0   6   0   0   2   1   0   1  23  0.80 0.48
  166 N    -2   0   1   3  -3   0   3  -3   0   2  -1  -2  -1  -4  -5  -2   0  -6  -2   1    3   5   7  18   1   4  18   2   2  11   6   2   1   0   0   3   5   0   1  10  0.36 0.30
  167 Q     2  -3   1  -3  -5   1  -3   3   2  -3  -1  -4   3  -3  -5   1   0  -1  -1  -2   19   2   6   1   0   6   1  23   5   1   6   1   7   1   0  11   5   1   2   3  0.41 0.35
  168 L    -4  -7  -5  -5  -2  -6  -8  -7  -4   0   4  -7   4   6  -8  -5  -3   3   1  -3    2   0   1   1   1   0   0   0   1   5  41   0   8  29   0   1   1   4   3   2  1.33 0.68
  169 A     2  -6  -2  -6   0  -4  -5  -4   0   0  -4  -5   2   1  -6   2   5  -6  -2   1   17   0   2   0   2   1   0   1   3   4   1   0   5   6   0  15  31   0   1  11  0.75 0.53
  170 R    -2   5   0   0  -4   2   1  -4   0  -3  -3   3  -2  -5  -4  -2  -1  -7  -3  -4    3  34   4   5   0   8   9   1   2   2   3  17   1   0   1   3   4   0   1   1  0.75 0.49
  171 N     2  -2   0  -1   3  -1  -1   0   0  -1  -4  -2  -2  -2  -3   3   1   2   0  -1   14   2   4   4   5   2   4   8   3   4   1   2   1   2   1  24   9   2   4   5  0.27 0.27
  172 L    -1  -1  -7  -8  -2  -4  -7  -6  -3   1   5  -7   3   0  -7  -6  -2   3   0  -1    5   3   0   0   1   1   0   0   1   7  58   0   7   3   0   0   2   4   3   4  1.14 0.62
  173 A     6   3  -4  -5   0   0  -5  -2   2  -6  -6  -4  -5  -5  -5   1  -3  -8  -2  -5   55  16   1   1   2   4   1   3   4   0   1   1   0   0   0   8   1   0   1   1  1.21 0.73
  174 C     1   3   0  -2   1   1   0  -2   1  -1   0   1  -1   0  -3   0  -1  -2   0   0   12  16   4   2   3   5   5   3   4   4   9   9   2   4   1   6   3   1   3   6  0.11 0.13
  175 E    -2   1  -2   2  -4   1   6  -2  -2  -6  -5   0  -5  -7  -6  -3  -2  -7  -1  -3    3   6   2   9   1   7  53   3   1   0   1   5   0   0   0   2   2   0   2   2  1.15 0.68
  176 W    -2  -2  -5  -6  -2  -4  -4  -2  -2  -2   4  -4   1   1  -6  -3  -3   6   4   0    4   3   0   0   1   1   1   3   1   2  40   1   4   4   0   2   2  11  13   7  0.85 0.49
  177 A     3   2  -2  -2  -4   0  -1   3  -1  -2  -2   1  -1  -3  -3  -1  -2   1  -2  -2   28   9   2   2   0   4   4  21   2   2   4   8   2   1   1   4   2   2   1   2  0.39 0.31
  178 S     0   1  -1   0  -3   1   1   1   1  -4  -3   2  -2  -5   4   1  -1  -2  -3  -4    7   7   2   4   1   5   8   9   3   1   3  14   1   0  20  10   3   1   1   1  0.39 0.31
  179 D    -2   1  -1   2  -4   1   0  -4   3  -3  -2   1  -2   1   0   0   2   0   3  -3    2   7   3  10   0   6   6   0   7   1   3  10   1   6   5   8  11   1   9   1  0.28 0.25
  180 G    -1  -3   4  -1  -6  -2  -3   6  -2  -4  -6   0  -5  -4  -3  -2  -3  -6  -3  -4    4   2  17   3   0   2   2  51   1   1   1   6   0   1   1   3   2   0   1   1  1.11 0.58
  181 I    -4  -7  -7  -7  -4  -7  -7  -7  -4   7  -1  -7  -2  -1  -7  -5  -3  -3  -3   5    1   0   0   0   0   0   0   0   0  51   5   0   1   2   0   1   2   1   1  34  1.73 0.79
  182 R    -2   6  -1  -1  -4  -2  -3  -3   0  -1  -3   1  -2  -3  -3  -1   3  -6  -2  -2    4  40   3   4   0   2   2   2   2   3   3   8   1   1   1   4  15   0   1   3  0.78 0.50
  183 A     1  -6  -7  -7   3  -4  -7  -7  -7   3  -2  -7  -2   0  -7  -1   0  -7  -5   6    9   0   0   0   5   1   0   0   0  12   3   0   1   4   0   4   5   0   0  54  1.28 0.67
  184 N    -4  -6   7  -4   0   0  -3  -3   0  -3  -3  -5  -1  -2  -7   1   1  -3   0   0    1   0  49   0   2   4   2   2   2   2   3   0   2   2   0  10   9   1   3   7  1.15 0.68
  185 A     3  -5  -2  -3   5  -5  -4   0   0   0   0  -5  -1  -4  -4   2   2  -6  -5   0   25   0   2   1  13   0   1   7   2   5   9   0   2   1   0  15  10   0   0   7  0.56 0.41
  186 V    -2  -7  -5  -8   1  -5  -7  -8  -7   5   1  -7   1  -2  -7  -6  -4  -7  -1   6    3   0   1   0   3   0   0   0   0  30  12   0   3   2   0   0   1   0   2  44  1.39 0.68
  187 A     3  -2   1  -2   5  -1  -1  -3   4  -2  -1  -4  -2  -2  -5   2  -2   1   0  -2   24   2   7   2  13   2   5   2   9   2   6   0   1   1   0  15   2   2   3   2  0.50 0.37
  188 P    -1  -7  -7  -7  -1  -5  -7  -6  -4  -4  -3  -5  -5  -5   8  -2  -4  -2  -8  -6    4   0   0   0   1   1   0   1   1   1   3   1   0   1  80   3   1   1   0   0  2.58 1.19
  189 A    -2  -5  -3  -5  -2  -7  -6   7  -4  -6  -6  -7  -4  -2  -3  -3  -2   1   1  -5    3   1   1   0   1   0   0  75   0   1   1   0   1   2   1   2   2   2   6   1  1.86 0.90
  190 V    -1  -3  -1  -3  -2  -3  -4   0  -1   1   1  -4   2   3   3  -2  -1   3   3   0    6   1   4   1   1   1   1   6   1   7  14   0   5  11  13   3   4   4   9   7  0.28 0.23
  191 I    -2  -5  -7  -7  -1  -6  -5  -5  -7   5  -1  -6   0   1  -6  -5   1  -6  -3   5    3   1   0   0   1   0   1   1   0  31   5   0   2   6   0   0   9   0   1  39  1.21 0.61
  192 A     1   2   1   2  -4   0   0  -2  -1  -3  -1   2  -1  -3  -2  -1   0   2   0  -1   12  11   6  14   0   4   6   3   1   0   6  14   1   1   2   4   5   3   4   4  0.20 0.20
  193 T    -4  -5  -5  -4  -6  -4  -6  -2  -7  -6  -7  -4  -6  -7  -6   3   7  -7  -7  -5    1   0   0   1   0   1   0   4   0   0   0   1   0   0   0  17  73   0   0   1  2.10 1.05
  194 P     0   0   2   3  -6  -1   3  -1  -3  -5  -3   0  -5  -6   4  -1  -3  -6  -5  -5    8   5   8  18   0   2  17   6   0   0   4   5   0   0  21   3   1   0   0   0  0.62 0.42
  195 L    -1  -2  -4  -6  -5  -2  -5  -1  -5   1   3  -4   8   1  -4  -2  -2   0  -4  -2    6   3   1   0   0   1   1   6   0   7  22   1  37   5   1   3   3   1   0   2  1.07 0.59
  196 A     1  -2  -1  -3  -4   0  -2   0  -2  -1   0  -2   1   1  -2   2   2   1   0   0   14   2   3   1   0   5   1   6   1   2   8   1   3   6   1  16  16   2   3   8  0.20 0.22
  197 E    -1   2   1   1  -4   2   2  -1   1  -3  -3   2   0  -2  -1   0  -1  -2   0  -2    5  11   6   8   0   8  14   5   3   1   2  13   3   2   2   8   3   1   3   3  0.21 0.19
  198 A     1  -1   2   0  -4   1   0   1   1  -3  -2   1  -1  -2   0   1   0  -1  -1  -1   12   3   9   5   0   6   7  12   3   1   2  11   1   2   4  10   4   1   2   4  0.14 0.14
  199 V     0   0  -1  -2  -2  -2  -1  -1  -1   3   1  -1   1   2  -2   0  -1  -1   0   1    7   6   3   1   0   1   4   4   2  18  16   2   3   8   1   6   3   1   2  11  0.13 0.13
  200 Y     0   0   1  -1  -3  -1  -1   0   0  -1   0   0   2   1  -1  -1   0   3   1   0    8   6   7   4   0   1   4   6   2   3  11   7   6   8   3   4   5   5   5   5  0.06 0.09
  201 D     0  -2   1   3  -4   0   2   1   0  -2  -3  -1  -1  -3   3   0   0  -2  -3  -3    6   1   6  17   0   3  13   9   2   3   3   3   2   1  15   7   5   1   1   2  0.32 0.25
  202 D    -1  -1   1   3  -5   1   3  -1  -3  -2  -3   2  -2  -3   2   0  -1   0  -3  -2    5   2   5  15   0   5  19   5   0   2   2  11   1   1  11   6   3   2   1   2  0.35 0.28
  203 E    -1  -1  -1   1  -3   2   4  -2   0  -3  -2   1   0  -1   1   0   0   0  -1  -2    5   2   2   8   0   9  25   3   3   1   4   9   2   2   6   5   6   1   2   3  0.27 0.24
  204 F     0   0  -1  -2  -3   0  -1  -2  -1   1   1   0   2   2  -2  -1   0  -1   1   0    6   5   2   2   0   3   3   2   2   8  16   7   7  12   2   4   6   1   5   7  0.11 0.12
  205 K     0   2  -2   0  -3   1   1  -1  -2  -1  -1   2   1   0  -2  -1  -1   0  -1   0    9  13   1   5   0   5  11   4   1   4   6  14   4   4   1   3   3   1   1   8  0.14 0.15
  206 K     0   2   0   1  -5   1   3  -2  -2  -5  -4   4  -2  -4   0  -1  -1  -5  -2  -4    9   9   4   7   0   5  19   3   1   0   2  27   1   1   4   3   4   0   1   1  0.52 0.36
  207 V     1   0  -1  -1  -1   1   1   0   1   0   0   1   1   0  -1  -1   0  -1   0  -1   12   3   1   4   1   8  10   6   3   6   9   9   5   4   3   4   4   1   4   4  0.05 0.08
  208 V     0  -3  -2  -3  -2  -2  -2  -1  -2   1   1  -3   3   2  -2  -1   0   3   1   1    7   1   1   1   1   2   2   6   1   9  16   1   9   8   2   5   6   4   5  12  0.21 0.17
  209 I     1   0  -2   0  -2  -1   1  -1   0   0   1   1   1   0  -2   0   0   2   0   0   12   5   1   5   1   2   8   4   2   6  15   9   4   4   1   5   6   3   3   5  0.05 0.08
  210 S     1  -1   2   2  -4   1   1   0  -1  -3  -3   1  -2  -3   0   2  -1  -2  -1  -3   11   3   9  11   0   6  10   6   1   2   3   9   1   1   4  16   3   1   2   1  0.24 0.21
  211 R     0   3   1  -1  -3   1   0  -1   0  -1   0   1   2  -2  -2   0   0   0   0   0    7  15   6   2   0   5   5   4   2   3   8  10   5   1   2   7   5   2   3   7  0.11 0.12
  212 K     0  -1   0  -2  -2   0  -1  -2   0   3  -1   0   0  -2  -2   1   2  -3  -2   1    6   3   5   1   0   4   4   2   3  20   6   6   2   1   2   9  15   0   1   9  0.20 0.19
  213 P     0  -3  -4  -4  -3  -3  -3  -2  -3  -4  -1  -1  -1  -2   7  -2  -1  -2  -5  -4    8   2   1   1   1   1   2   3   1   1   8   4   1   2  54   4   4   1   0   1  1.26 0.63
  214 L     1  -4  -3  -3  -1  -2  -2  -3  -4   2   3  -2   5   0  -3  -2  -1  -1  -3   0   10   1   1   2   1   2   3   2   0   9  33   2  14   4   1   2   4   1   1   6  0.46 0.29
  215 G    -1   1   0  -3  -4   1  -1   4  -1  -3  -2   3  -4  -3  -1  -2  -3  -3  -1  -4    5   8   4   1   0   6   4  35   1   2   5  17   0   1   4   2   1   0   3   1  0.55 0.33
  216 R    -3   7  -1  -2  -3  -1  -2  -2  -1  -3  -4   1  -3  -1  -2  -1  -1  -5   0  -3    2  55   3   2   1   3   2   3   1   2   2   6   1   3   2   4   3   0   3   3  1.11 0.55
  217 F     0  -2  -1  -2   0  -2  -2  -2  -2   1   2  -2   2   2   0  -1   0   1   1   1    9   2   4   2   2   1   3   2   1   7  18   1   7  11   4   5   5   2   5  10  0.15 0.13
  218 G     1  -3  -3  -3   0  -2  -4   5  -4   0   1  -2  -1  -4  -1  -1  -1  -4  -4   0   11   1   1   1   2   2   1  39   0   5  12   3   2   1   4   4   5   0   0   8  0.53 0.32
  219 E    -2   1  -1   2  -5   2   2  -1  -1  -3  -2   1  -1  -4  -3   1   3  -5  -1  -1    2   6   2  10   0   8  15   4   1   1   5   8   2   1   1  11  18   0   2   4  0.30 0.28
  220 P     3  -6  -6  -6  -7  -2  -3  -4  -7  -1  -5  -3  -4  -7   7  -2  -1  -8  -5   0   21   0   0   0   0   2   2   1   0   3   1   1   0   0  54   3   3   0   0   6  1.55 0.81
  221 E    -1   0  -1   2  -6   1   6  -4  -3  -3  -4   0  -4  -6  -2  -1  -1  -4  -3  -1    6   4   2  12   0   5  45   1   0   1   2   6   0   0   2   4   3   0   1   4  0.80 0.52
  222 E    -4  -3  -1   5  -8  -1   6  -4   0  -7  -5  -2  -4  -5  -4  -5  -3  -8  -2  -6    1   1   2  30   0   2  49   2   2   0   1   2   1   1   1   0   2   0   1   0  1.49 0.79
  223 V    -3  -7  -7  -7   2  -4  -7  -1  -4   4   0  -6   2  -1  -5  -4  -3  -6   0   6    1   0   0   0   4   1   0   5   0  23   6   0   4   2   0   1   1   0   3  46  1.14 0.59
  224 S     6  -5  -6  -7  -2  -5  -6   1  -7  -3  -4  -4   0  -7  -5   0  -2  -7  -7   1   66   1   0   0   1   0   0   9   0   1   2   1   2   0   0   6   3   0   0   8  1.37 0.75
  225 S     1   1   3   2  -3   1   2   2   2  -5  -5   0  -2  -4   0   0  -2  -1  -4  -5   10   7  13  13   1   5  11  13   4   0   0   5   1   0   4   7   2   1   0   0  0.36 0.29
  226 L     3  -5  -5  -4   0  -3  -4  -3  -5   0   2  -3   1  -3  -1   0   3  -4  -3   2   29   0   0   1   2   1   1   1   0   5  18   1   3   1   3   6  16   0   1  13  0.49 0.38
  227 V     2  -6  -6  -7   0  -6  -6  -5  -3   3   0  -6  -1  -4  -2  -3  -1  -6   3   5   17   0   0   0   2   0   0   1   1  17   8   0   1   0   2   1   3   0   9  38  0.89 0.52
  228 A     2  -4  -4  -3   2  -2  -3  -3  -5   1   2  -4  -1  -3  -3  -1  -1  -2  -3   4   20   1   0   2   4   1   1   2   0   7  24   1   1   1   1   5   2   0   1  26  0.49 0.35
  229 F    -3  -5  -4  -8  -7  -4  -7  -5  -3  -3  -2  -4  -1   8  -8  -4  -4   6   6  -5    2   1   1   0   0   1   0   1   0   1   3   1   1  52   0   1   1   9  23   0  2.01 0.89
  230 L    -3  -7  -8  -8  -3  -7  -7  -4  -7  -1   6  -7   0  -1  -7  -6  -6   0  -4  -2    3   0   0   0   0   0   0   2   0   2  83   0   2   2   0   0   0   1   1   3  1.81 0.84
  231 C     5  -6  -6  -7   5  -6  -6  -4  -6  -1   2  -6   0  -3  -6  -1  -2  -7  -4   0   50   0   0   0  13   0   0   1   0   3  17   0   2   1   0   4   2   0   0   7  1.11 0.63
  232 M    -2  -3  -2  -1   0  -2  -1  -2   0  -3  -2  -4  -2  -4  -5   6   1  -6  -5  -5    3   1   2   3   2   1   4   3   3   1   5   0   1   1   0  61   9   0   0   0  1.12 0.67
  233 P    -2   1   0   5  -4  -1   2  -4  -4  -4  -6  -3  -5  -6   4  -1  -3  -6  -4  -5    3   7   3  36   0   3  15   1   0   1   1   1   0   0  22   4   2   0   0   0  1.02 0.55
  234 A     2   0   0   3  -5  -1   3  -2   0  -4   0   1  -3  -3  -2  -2  -2   0  -2  -3   17   4   5  18   0   2  19   3   2   0  11   9   0   1   1   2   2   1   2   1  0.33 0.29
  235 A     5  -5   0  -2  -3  -3  -2  -1  -2  -5  -2  -4  -2  -4  -5   4  -2  -6  -3  -3   42   0   5   2   0   1   2   5   1   0   4   0   1   0   0  33   2   0   1   1  0.94 0.60
  236 S     1   1   0  -1   0  -2   0  -1  -2  -3  -4   1  -4  -5   0   4   0  -5  -4  -2   11   9   4   3   2   1   6   5   1   1   1   8   0   0   4  34   6   0   0   2  0.42 0.34
  237 Y    -1  -3  -3  -6  -5  -4  -3   1  -1  -3  -2  -2   0   4  -1  -4  -4   5   7  -2    5   1   1   0   0   1   1  10   1   1   3   2   2  13   4   1   1   8  41   3  1.17 0.59
  238 I    -3  -6  -6  -5   1  -5  -3  -6  -6   5   1  -5   2  -4  -2  -3   1  -1  -3   4    2   0   0   0   2   0   2   0   0  31  10   0   5   0   2   1   8   1   1  33  0.92 0.49
  239 T    -4  -4   3  -5  -6  -4  -5  -5  -1  -1  -5  -5  -5  -3  -6   2   7  -7  -3  -4    1   1  13   0   0   1   0   1   2   3   1   0   0   1   0  12  64   0   1   1  1.62 0.85
  240 G    -2  -6  -5  -7  -8  -7  -5   8  -7  -9  -7  -7  -5  -8  -7  -5  -5  -8  -8  -6    4   0   0   0   0   0   1  92   0   0   1   0   0   0   0   0   1   0   0   1  2.57 1.05
  241 Q     1   0  -1  -1  -3   5   2  -3   2  -1  -3  -1  -3  -5  -4   1   1  -5  -3  -2   13   4   3   3   1  27  11   2   5   4   2   3   0   0   0  10   8   0   0   3  0.48 0.38
  242 T    -1  -4   2   0   0  -1  -1  -4  -3   2  -1  -3   1  -2  -3  -1   3  -5  -1   3    4   0  10   5   2   2   4   0   0  13   3   1   3   1   1   4  23   0   3  22  0.42 0.34
  243 I    -5  -6  -5  -7  -5  -5  -6  -7   0   5   4  -6   2   2  -6  -6  -4  -3   0   2    0   0   0   0   0   0   0   0   3  35  33   0   5   7   0   0   1   0   3  12  1.11 0.53
  244 C    -1   0   2   0   1  -2   0  -1   3   0  -1  -1  -1  -1   1  -1   0  -1   2   1    4   5  10   6   4   0   5   4   8   5   4   3   1   3   7   4   5   1   8  13  0.10 0.14
  245 V     1  -6  -5  -5  -3  -6  -6  -6  -2   3  -1  -6  -1  -2  -4  -4  -1  -6  -2   6   10   0   0   1   0   0   0   0   1  16   5   0   1   1   1   1   3   0   1  58  1.22 0.61
  246 D    -3  -6   3   8   0  -4  -2  -1  -5  -7  -7  -5  -7  -4  -6  -3  -1  -8  -7  -7    3   0  12  71   2   1   1   4   0   0   0   0   0   1   0   1   5   0   0   0  1.92 0.83
  247 G    -1  -5  -2  -4  -2  -4  -6   7  -4  -8  -8  -4  -7  -7  -4  -1  -6  -7  -7  -7    6   1   2   1   1   1   0  83   0   0   0   1   0   0   1   4   0   0   0   0  2.06 0.82
  248 G    -1  -7  -5  -6  -7  -6  -7   7  -7  -8  -8  -4  -7  -8  -7  -3  -6  -7  -8  -7    5   0   0   0   0   0   0  93   0   0   0   1   0   0   0   1   0   0   0   0  2.54 0.94
  249 L    -1   0  -5  -5  -4  -1  -3  -5  -3   1   2  -4   5   3  -5  -2  -3   5   4  -2    5   5   0   0   0   3   1   0   0   7  21   0  15  13   0   2   1   8  17   2  0.70 0.38
  250 T    -1  -1   1  -3  -2  -1  -2   0   3  -1  -1  -2  -1  -2  -2   2   4   2   0  -1    4   4   7   0   0   2   2   7   7   3   5   0   1   1   1  17  27   3   3   4  0.30 0.25
  251 V    -1  -3  -4  -5  -2  -4  -5  -4  -5   3   3  -4   4  -2  -5  -3   0  -5  -2   4    3   2   0   0   0   0   0   1   0  14  26   0  14   1   0   2   5   0   1  31  0.72 0.36
  252 N     0   3   4  -2  -4   1  -2  -3   1  -3  -3  -2   3  -4  -4   1   2  -4   1  -2    6  16  27   0   0   6   0   1   4   1   1   0   9   0   0   8  14   0   5   3  0.49 0.32
  253 G     1  -3   2  -3   0  -3  -3   5  -3  -3  -3  -1  -1  -4  -2  -1   0  -4  -4  -2   11   0  10   0   2   0   0  56   0   1   2   3   2   0   2   2   5   0   0   3  0.79 0.29
  254 F    -3  -2  -3  -4  -3   0  -3  -3   2   1   0  -3   4   5   3  -1  -2  -2   0  -1    0   1   0   0   0   5   0   2   6   9   7   0  16  29  14   6   0   0   2   2  0.48 0.23
  255 S     1   2   3  -1  -3   1   1  -2   1  -4  -4  -1  -3  -4  -1   3   1  -4  -3  -3   15  11  15   0   0   5   8   0   4   0   0   0   0   0   2  33   6   0   0   0  0.40 0.19
  256 Y    -3  -3  -2   0  -4  -3  -3  -4   5  -2  -1  -3  -2   5  -4  -2  -1   0   6  -3    0   0   0   5   0   0   0   0  20   0   3   0   0  32   0   1   5   0  33   0  0.92 0.26
  257 Q    -2   0   2  -1  -4   5   2  -3  -1  -3  -1   3  -2  -4  -2  -1  -1  -3  -3  -3    0   0  12   0   0  38  14   0   0   0   6  30   0   0   0   0   0   0   0   0  0.56 0.15
  258 P     0  -3  -3  -2  -3  -2  -2  -3  -3  -2  -2  -2   2  -3   7  -1  -2  -4  -3  -2   10   0   0   0   0   0   0   0   0   0   0   0  13   0  77   0   0   0   0   0  1.59 0.13
  259 Q    -1   0   0   0  -4   4   3  -2   5  -3  -3   2  -2  -3  -2  -1  -1  -3  -1  -3    0   0   0   0   0  36  20   0  29   0   0  15   0   0   0   0   0   0   0   0  0.57 0.06

                      K         Lambda
Standard Ungapped    0.1324     0.3180
Standard Gapped      0.0526     0.2670
PSI Ungapped         0.1720     0.3174
PSI Gapped           0.0526     0.2670
