
Last position-specific scoring matrix computed, weighted observed percentages rounded down, information per position, and relative weight of gapless real matches to pseudocounts
            A   R   N   D   C   Q   E   G   H   I   L   K   M   F   P   S   T   W   Y   V   A   R   N   D   C   Q   E   G   H   I   L   K   M   F   P   S   T   W   Y   V
    1 D    -2  -1   4   5  -3   0   1  -1   0  -3  -4  -1  -3  -3  -2   0  -1  -4  -3  -3    0   0  40  60   0   0   0   0   0   0   0   0   0   0   0   0   0   0   0   0  0.70 0.00
    2 I    -1  -3  -3  -3  -1  -3  -3  -4  -3   4   1  -3   1   0  -3  -2   0  -3  -1   3    0   0   0   0   0   0   0   0   0  60   0   0   0   0   0   0   0   0   0  40  0.35 0.00
    3 P    -1  -2  -2  -2  -3  -1  -1  -2  -2  -3  -3  -1  -3  -4   8  -1  -1  -4  -3  -3    0   0   0   0   0   0   0   0   0   0   0   0   0   0 100   0   0   0   0   0  2.07 0.02
    4 Q    -1   1   0  -1  -3   6   1  -2   0  -3  -3   1  -1  -4  -2  -1  -1  -2  -2  -3    0   0   0   0   0 100   0   0   0   0   0   0   0   0   0   0   0   0   0   0  0.95 0.11
    5 P    -1   1   3   2  -3  -1   0  -2  -1  -3  -3   0  -3  -4   6  -1  -1  -4  -3  -3    0  14  23  17   0   0   0   0   0   0   0   0   0   0  46   0   0   0   0   0  0.88 0.05
    6 I    -1  -1  -2  -2  -2   4   0  -3  -1   3   0  -1   0  -1  -2  -1  -1  -3  -2   2    0   0   0   0   0  40   0   0   0  46   0   0   0   0   0   0   0   0   0  14  0.29 0.06
    7 R    -1   4   0  -1  -3   5   1  -2   0  -3  -3   2  -1  -3  -2  -1  -1  -3  -2  -3    0  39   0   0   0  51   0   0   0   0   0  11   0   0   0   0   0   0   0   0  0.65 0.07
    8 G     0  -2   0   3  -2  -1   0   3  -1  -3  -3  -1  -2  -1  -2   2   0  -1   2  -2    0   0   0  23   0   0   0  28   0   0   0   0   0   0   0  31   0   0  17   0  0.35 0.04
    9 D    -1  -1   4   3  -3  -1   0   2  -1  -3  -4  -1  -3  -3  -2   1   0  -4  -3  -3    0   0  37  25   0   0   0  21   0   0   0   0   0   0   0  17   0   0   0   0  0.50 0.04
   10 K     0   4   0  -1  -3   1   0  -2  -1  -3  -2   3  -2  -3  -2   1   0  -3  -2  -2   10  37   0   0   0   0   0   0   0   0   0  36   0   0   0  17   0   0   0   0  0.43 0.04
   11 G     0  -3  -1  -2  -3  -2  -3   6  -2  -4  -4  -2  -3  -4  -3  -1  -2  -3  -3  -4    0   0   0   0   0   0   0 100   0   0   0   0   0   0   0   0   0   0   0   0  1.23 0.08
   12 A     3  -2   3  -1  -1  -1  -1  -1  -1  -2  -2  -1  -1  -2  -2   0   1   6  -1  -1   46   0  23   0   0   0   0   0   0   0   0   0   0   0   0   0  14  17   0   0  0.40 0.05
   13 T    -1  -2  -2  -2  -1  -2  -2  -3  -3   3   0  -2   0  -1  -2   1   1  -3  -2   2    0   0   0   0   0   0   0   0   0  48   0   0   0   0   0  17  15   0   0  21  0.24 0.04
   14 V    -2  -3  -2   0  -2  -2  -2  -3  -3   2   0  -3   0   3  -3  -2  -1   6   1   2    0   0   0  10   0   0   0   0   0  29   0   0   0  21   0   0   0  17   0  23  0.37 0.04
   15 K    -1   5   0  -2  -3   0   0  -2  -1  -3  -3   2  -2  -3  -2   1   1  -3  -2  -2    0  61   0   0   0   0   0   0   0   0   0  13   0   0   0  17   9   0   0   0  0.57 0.07
   16 I    -1  -2   2  -2  -2  -2  -2   3  -2   1  -1  -2  -1  -2  -3  -1  -1  -3  -2   2    0   0  15   0   0   0   0  39   0  13   0   0   0   0   0   0   0   0   0  33  0.29 0.05
   17 P     0  -1  -1  -1  -2   2   0   2  -1   0  -1  -1  -1  -2   4  -1  -1  -2  -2  -1   10   1   1   1   0  22   1  23   0  15   1   1   0   0  22   1   1   0   0   1  0.31 0.03
   18 R     0   2  -1  -1  -2  -1  -1   2  -1  -1  -1   0  -1  -2  -1   1   2  -2  -2   0    1  22   1   1   0   1   1  22   0   1   1   1   0   0   1  14  18   0   0  16  0.17 0.03
   19 N    -1   2   4   0  -3   0   0  -1   0  -3  -3   1  -2  -3   4   0  -1  -3  -2  -2    1  15  39   1   0   1   1   1   0   1   1  14   0   0  22   1   1   0   0   1  0.48 0.05
   20 I     0  -2   1  -1  -2  -1  -1  -2  -1   1   0  -1   0   3   2   2   0  -1   0   0    1   1   9   1   0   1   1   1   0  22   1   1   0  21   9  29   1   0   0   1  0.13 0.03
   21 E    -1   0  -1  -1  -2   3   2   0  -1   1  -1   0   0  -2  -1   1   0  -2  -2   0    1   1   1   1   0  31  13   8   0  24   1   1   0   0   1  14   1   0   0   1  0.16 0.04
   22 R    -1   4  -2  -3  -2  -1  -1  -3  -2   0   2   0   0  -1  -3  -2  -1  -3  -2   1    0  47   0   0   0   0   0   0   0   0  32   0   0   0   0   0   0   0   0  21  0.32 0.06
   23 D    -2  -2   0   6  -3  -1   1  -2  -2   1  -2  -1  -2  -3  -2  -1  -1  -4  -3  -1    0   0   0  79   0   0   0   0   0  21   0   0   0   0   0   0   0   0   0   0  0.76 0.09
   24 R    -2   4   1  -2  -3   0  -1  -3  -1   0   2   0   0  -1  -3  -1  -1  -3  -2  -1    0  46  13   0   0   0   0   0   0   9  32   0   0   0   0   0   0   0   0   0  0.29 0.06
   25 Q    -1   0  -1  -1  -2   4   0   1  -1  -2  -2   0  -1  -3   4   0   1  -2  -2  -2    1   1   1   1   0  39   1  14   0   1   1   1   0   0  22   1  16   0   0   1  0.44 0.05
   26 N    -1  -1   4   0  -3   0   1  -1   0  -2  -2  -1  -2   1   4   0  -1  -2  -1  -2    1   1  39   1   0   1  16   1   0   1   1   1   0  14  22   1   1   0   0   1  0.42 0.05
   27 P    -1  -2  -2  -1  -3   0   2  -3  -2  -1   2  -1   0  -2   5  -1  -1  -3  -2  -1    0   0   0   0   0   0  28   0   0   0  33   0   0   0  39   0   0   0   0   0  0.63 0.06
   28 D    -1   2   1   2  -3   2   2  -2  -1  -3  -3   2  -2  -3  -1   1   0  -3  -2  -3    0  14   9  13   0  12  13   0   0   0   0  22   0   0   0  17   0   0   0   0  0.35 0.03
   29 M    -1  -1   3  -1  -2  -1  -1  -1  -1   0  -1  -1   2  -2  -2   2   1  -3  -2   1    0   0  32   0   0   0   0   0   0   9   0   0  13   0   0  21  13   0   0  12  0.21 0.05
   30 L    -1  -1  -2  -2  -2   2  -1  -3  -2   2   1   1   0   1  -2  -2  -1  -2  -1   1    0   0   0   0   0  21   0   0   0  31  13  15   0   9   0   0   0   0   0  12  0.15 0.04
   31 V    -1   2   1  -2   3  -1  -2   3  -2  -1  -2  -1  -1  -3  -2  -1   1  -3  -2   1    0  18   8   0  12   0   0  31   0   0   0   0   0   0   0   0  11   0   0  19  0.23 0.05
   32 P    -1  -1  -1  -1  -3   2  -1  -2  -2  -3  -3  -1  -2  -4   6   1   1  -4  -3  -2    0   0   0   0   0  16   0   0   0   0   0   0   0   0  57  14  12   0   0   0  1.10 0.09
   33 P     0  -2  -2  -2  -3   2  -1   1  -2  -3  -3  -1  -2  -4   6  -1  -1  -4  -3  -3   11   0   0   0   0  16   0  13   0   0   0   0   0   0  60   0   0   0   0   0  1.17 0.11
   34 E     1   2   1   0  -2   2   3  -2  -1  -2  -2   0  -2  -3  -2   1   0  -3  -2  -1   15  21   9   0   0   8  27   0   0   0   0   0   0   0   0  13   0   0   0   7  0.27 0.05
   35 T     0  -2  -1  -1  -2  -1   0   1  -2  -1   0  -1   2  -2  -2   2   3  -3  -2  -1    0   0   0   0   0   0   6   9   0   0  11   0  10   0   0  21  44   0   0   0  0.26 0.07
   36 D    -2  -1   0   4  -3   0   3  -2   3  -2  -1  -1  -2  -3   1  -1  -1  -3  -2  -1    0   0   0  33   0   0  34   0  11   0   9   0   0   0   8   0   0   0   0   6  0.43 0.07
   37 H    -2  -1   1   2   3   1   4  -3   2  -1  -3   0  -2  -3  -2  -1  -1  -4  -2  -2    0   0   9   8   9   6  55   0   7   6   0   0   0   0   0   0   0   0   0   0  0.55 0.12
   38 G    -1  -1   1   0  -4   1   5   3  -1  -4  -4   0  -3  -4  -2  -1  -2  -4  -3  -3    0   0   6   0   0   4  63  27   0   0   0   0   0   0   0   0   0   0   0   0  0.74 0.15
   39 T    -1  -2   0   1  -2  -1   0  -2  -2   0   1  -1   1  -2  -2   0   4  -3  -2   0    3   0   3   9   0   0   7   0   0   5  17   0   5   0   0   0  50   0   0   0  0.29 0.11
   40 V    -1   0  -2  -3  -2  -2  -2  -1  -2   3   1  -2   0   2  -3   0  -1  -2  -1   2    0  10   0   0   0   0   3   5   0  35   4   0   0  15   0   9   0   0   0  18  0.17 0.07
   41 S    -1  -3  -2  -2   8  -2   1  -3  -2  -3  -3  -2  -2  -2   3   1  -1  -3   1  -2    0   0   0   0  51   0  12   0   0   0   0   0   0   0  16  12   0   0   9   0  0.91 0.16
   42 N    -1  -1   5   0  -2  -1   0  -1  -1  -3  -3  -1  -2  -3  -2   3   3  -4  -3  -2    0   0  40   0   0   0   7   0   0   0   0   0   0   0   0  27  26   0   0   0  0.56 0.13
   43 M     0   0  -3  -3  -2  -1  -3  -3  -2   2   2  -2   6  -1  -3  -2  -1  -2  -2   0    6   7   0   0   0   0   0   0   0  14  24   0  45   0   0   0   0   0   0   0  0.44 0.13
   44 K    -1   4  -1  -1   0   2   0  -2  -1  -3  -2   4  -2  -3  -2  -1  -1  -3  -2  -2    1  36   1   1   3   7   1   1   0   1   1  43   0   1   1   1   1   0   0   1  0.55 0.10
   45 F    -2  -2  -2  -3   3   0  -2  -3   2   0   1  -2   0   4  -3  -1  -2   5   2   0    0   0   0   0  10   7   0   0   6   4  13   0   0  27   0   6   0  11   9   4  0.33 0.07
   46 S     0   1   0   1  -2   0   2  -1  -1  -3  -3   0  -2  -3  -1   4   1  -4  -2  -2    4   8   2   8   0   0  14   0   0   0   0   3   0   0   2  53   8   0   0   0  0.42 0.12
   47 F    -2   4   0   0  -3   3   0  -3   0  -3  -2   1  -2   3  -3   0  -1  -2   0  -3    0  33   5   4   0  18   3   0   2   0   0   7   0  21   0   6   0   0   0   0  0.37 0.11
   48 S     2   1   0  -1  -2  -1  -1   0  -2  -1  -2   1  -2  -3   0   3   0  -3  -2  -1   30  10   5   0   0   0   0   3   0   5   0   7   0   0   4  33   2   0   0   0  0.28 0.09
   49 D    -2  -2   2   6  -4  -1   1  -2  -2  -1   0  -2  -2  -2  -3  -1  -2  -4   0  -3    0   0   8  67   0   0   4   0   0   3  12   0   0   0   0   0   0   0   6   0  0.78 0.16
   50 T     1   0   0   0  -2  -1  -1  -1   0   0  -1   0  -1   1  -2   1   1  -2   0   0   20   6   2   5   0   0   0   3   3   4   5   7   0   8   0  11  15   0   3   8  0.06 0.04
   51 H    -2  -1  -1   2  -3   0  -1  -3   3  -2  -2   0  -2   2   3  -2  -2  -1   5  -2    0   0   0  15   0   3   0   0  12   0   0  10   0   9  19   0   0   0  29   3  0.50 0.12
   52 N     0  -2   4  -1  -2  -1  -1  -2  -1  -1  -2  -1   0  -3  -2   1   3  -4  -2   0    4   0  38   0   0   0   0   0   0   4   0   2   4   0   0   8  31   0   0   9  0.43 0.15
   53 R    -1   3   1   0  -2   0   0  -1   0  -2  -1   1  -1   2  -1   1   0  -1   2  -2    2  25   7   7   1   1   2   2   1   1   3   6   1  13   1  12   4   0  10   2  0.16 0.05
   54 L     0  -1   3   1  -2   0   0   1  -1  -1   0   1   1  -1  -1   0   0  -2  -1  -1    8   2  21   8   1   1   2   9   1   2  12  10   9   1   2   8   2   0   1   2  0.09 0.04
   55 E    -2  -1   0   0  -4  -2   0  -1  -2  -3  -2  -2  -3  -1   7  -2  -2  -4  -3  -3    0   4   6   4   0   0   5   5   0   0   4   0   0   4  66   0   0   0   0   0  1.31 0.20
   56 K     0   3   0  -2  -3   3   0  -2   2  -3  -2   2  -2   1  -2   1  -1  -2   1  -3    5  22   2   0   0  23   2   0   7   0   0  15   0  10   0  10   0   0   4   0  0.34 0.11
   57 G     3  -2  -2  -3  -2   0  -2   4  -2  -2   0  -2  -2  -2  -2  -1  -2  -3   1  -2   39   0   0   0   0   4   0  39   0   0  13   0   0   0   0   0   0   0   6   0  0.48 0.15
   58 G     0  -3  -1   0  -3  -3  -3   6  -3  -4  -4  -2  -3  -4  -3   1  -2  -4  -4  -2    4   0   0   4   0   0   0  76   0   0   0   0   0   0   0  11   0   0   0   4  1.07 0.22
   59 Y    -1   4   2  -2  -3  -1  -2  -3  -1  -3  -3   0  -2  -1  -3   1  -2   6   3  -2    4  38  11   0   0   0   0   0   0   0   0   0   0   0   0  12   0  15  17   3  0.62 0.19
   60 A     0  -3  -3  -3  -2  -3  -3   0  -3   4   0  -3   0  -2  -3   0   0  -3  -2   3    4   0   0   0   0   0   0   8   0  45   4   0   0   0   0  12   5   0   0  22  0.36 0.14
   61 R    -1   2   0  -2  -2  -1  -1  -2   0   0  -1   1  -1   0  -2   2   3  -3  -2  -1    2  18   3   0   0   0   0   0   3   9   3   8   0   4   0  18  32   0   0   0  0.26 0.13
   62 E     0   0   0  -1  -2  -1   2  -2   0  -1  -2  -1  -2  -3   1   1   4  -3  -1  -1    8   5   4   0   0   0  18   0   2   2   2   0   0   0   8   5  43   0   1   3  0.35 0.15
   63 V     2  -2  -3  -3  -2   0  -1  -1  -3   1   2  -2   0  -2  -2  -1  -1  -3  -2   2   29   0   0   0   0   6   3   3   0   8  26   0   0   0   0   0   0   0   0  24  0.23 0.12
   64 T    -2   0   6   1  -3  -1  -2  -2  -1  -3  -4  -2  -3  -4  -3  -1   3  -5  -3  -1    0   4  60   8   0   0   0   0   0   0   0   0   0   0   0   0  22   0   0   6  0.88 0.26
   65 V    -1   0  -1  -2  -2  -2  -1  -2  -2   2  -1  -2  -1   0  -3   3   0  -3   1   2    0   7   2   0   0   0   2   1   0  12   0   0   0   3   0  39   1   0   6  28  0.27 0.17
   66 R    -1   1   1   0   0   2   1  -2   0  -2   0   0  -1   0  -2   1  -1  -2   2  -1    0   7   7   4   3  14  13   0   1   0  14   6   0   4   0  12   0   0  10   4  0.13 0.08
   67 E     1  -1   2   4  -3   1   1  -2  -1  -3  -3   2  -2  -4  -2   1   1  -4  -3  -3   13   0  10  31   0   5   6   0   0   0   0  17   0   0   0   6  11   0   0   0  0.41 0.14
   68 L    -2  -3  -4  -4  -2  -3  -4  -4  -3   1   4  -3   1   4  -4  -3  -2  -2   1   1    0   0   0   0   0   0   0   0   0   6  53   0   3  22   0   0   0   0   4  12  0.61 0.18
   69 P    -2  -1  -3  -3  -5   1  -2  -4  -3  -4  -4   0  -4  -5   8  -2  -3  -5  -4  -4    0   3   0   0   0   8   0   0   0   0   0   4   0   0  85   0   0   0   0   0  2.16 0.37
   70 I     1  -3  -3  -3  -2  -3  -3   2  -3   4   0  -3  -1  -2  -3  -2   0  -3  -3   1   15   0   0   0   0   0   0  21   0  47   4   0   0   0   0   0   5   0   0   8  0.40 0.17
   71 S    -2  -2  -3  -4  -2  -2  -3  -1  -3   0   4   0   0  -1  -3   0  -2  -3  -2   0    0   0   0   0   0   0   0   6   0   0  72   7   0   0   0  13   0   0   0   2  0.52 0.21
   72 E    -2   3   4   1  -4   1   1  -2   3  -4  -3   1  -3  -4  -3   0  -1  -4  -2  -3    0  21  34   6   0   3  12   0  10   0   1   7   0   0   0   3   3   0   0   0  0.53 0.17
   73 N    -1   2   1   1  -3   2   0   1  -1  -3  -2   1  -2  -3  -2   0   2  -3  -3  -2    3  17   8   8   0  15   0  12   0   0   2   5   0   0   0   4  25   0   0   0  0.30 0.13
   74 L    -2  -3  -4  -4  -2  -3  -4  -2  -3   2   4  -3   3   0  -4  -3  -2  -2   1   1    0   0   0   0   0   0   0   4   0   9  68   0   9   0   0   0   0   0   6   4  0.64 0.20
   75 A     2  -1   0  -2  -2  -1  -2   3   2  -1  -3  -2  -2  -3  -2   4  -1  -4  -2  -2   19   2   2   0   0   0   0  22   6   4   0   0   0   0   0  46   0   0   0   0  0.49 0.19
   76 S     3  -3  -2  -1  -2  -2  -2   1  -3   1   0  -2  -1  -2  -2   0  -1  -3  -3   1   45   0   0   3   0   0   0  13   0  12   7   0   0   0   0   4   0   0   0  15  0.31 0.15
   77 V     1  -1   0  -1  -2   2   2  -2  -2   0   0  -1  -1  -3  -2   2   1  -3  -2   1   11   0   3   0   0  13  17   0   0   3   7   0   0   0   0  24   7   0   0  14  0.20 0.11
   78 N    -2   3   0  -2  -3   1  -1  -3   1   0   0   1   2   2  -3  -2  -2  -1   3  -1    2  28   7   0   0   6   0   0   4   6   8   6   8  13   0   0   0   0  14   0  0.28 0.13
   79 M     1  -3  -2  -3  -2  -1  -3   3  -3   1   0  -2   1  -2  -3   0   0  -3  -2   3    9   0   0   0   0   2   0  25   0   6   6   0   6   0   0   5   3   0   0  37  0.29 0.14
   80 R    -1   3   3   1  -3   1  -1  -2   2  -2  -2   0  -2  -2  -2   1   0  -3  -1   0    0  26  18   7   0   5   1   0   5   2   2   0   0   1   0  18   6   0   1   8  0.28 0.13
   81 L    -2  -3  -4  -5  -2  -3  -4  -5  -4   3   4  -4   2  -1  -4  -4  -2  -3  -2   1    0   0   0   0   0   0   0   0   0  23  69   0   5   0   0   0   0   0   0   3  0.82 0.23
   82 K     2   1   0  -2  -3   0   0  -2   2  -1  -2   0  -2  -1  -2  -1   1  -1   4  -2   25  10   5   0   0   3   8   0   6   3   0   3   0   0   0   0  13   0  25   0  0.29 0.15
   83 P     0   1  -1  -2  -3   3   0  -1  -2  -3  -3   2  -2  -4   5   0  -2  -4  -3  -3    6   7   3   0   0  17   5   3   0   0   2  16   0   0  35   6   0   0   0   0  0.69 0.18
   84 G    -2  -3   6   0  -4  -2  -2   4  -2  -5  -5  -2  -4  -4  -3  -1  -2  -4  -4  -4    0   0  51   2   0   0   0  45   0   0   0   0   0   0   0   2   0   0   0   0  1.14 0.29
   85 A     4  -3  -2  -3  -2  -2  -3   4  -3  -3  -3  -2  -3  -4  -3   0  -2  -4  -3  -2   54   0   0   0   0   0   0  42   0   0   0   0   0   0   0   4   0   0   0   0  0.88 0.25
   86 I    -2  -3  -4  -4  -2   0  -2  -4  -3   3   3  -3   5  -1  -4  -3  -2  -3  -2   2    0   0   0   0   0   5   2   0   0  28  28   0  28   0   0   0   0   0   0   9  0.58 0.20
   87 R    -2   2   3  -2  -3  -1  -2  -3  -1   0   1  -1   2   3  -3  -2  -2  -2   2   1    0  14  21   0   0   1   0   0   0   1  15   0   7  16   0   0   0   0   9  16  0.25 0.14
   88 E     1  -2  -2  -2  -2   0   0   0  -2  -1   1  -2  -1  -2   4   1  -1  -3  -3   1   11   0   0   0   0   5   6   8   0   0  17   0   0   0  25  14   0   0   0  12  0.33 0.12
   89 L    -3  -4  -4  -3  -4  -3  -3  -4  -4  -3   0  -3   1  -4   8  -3  -3  -5  -4  -3    0   0   0   0   0   0   0   0   0   0   9   0   5   0  85   0   0   0   0   0  2.15 0.39
   90 H    -3  -1  -1  -1  -4   2  -1  -4   8  -4  -1  -1  -2   1  -4  -2  -3  -3   1  -4    0   2   0   4   0  11   0   0  66   0   6   3   0   7   0   0   0   0   1   0  1.30 0.33
   91 W    -3  -4  -4  -5  -3  -3  -4  -4  -2  -3   0  -4   1   0  -4   0   1  10   4  -2    0   0   0   0   0   0   0   0   0   0   9   0   4   0   0   7   9  49  20   2  1.61 0.33
   92 H    -3  -2   6  -1  -4  -1  -2  -3   7  -4  -2  -2  -3  -3  -3   0   0  -4  -1  -4    0   0  49   0   0   0   0   0  36   0   6   0   0   0   0   4   5   0   0   0  1.08 0.30
   93 K    -1   3  -2  -3  -3  -1  -2  -3   1   1   0   1   2  -2   1  -1  -1  -3  -2   1    4  30   0   0   0   0   0   0   6  12  11   8   8   0   7   5   0   0   0   9  0.24 0.12
   94 E     2   0   5  -1  -3   0   0  -2  -1  -3  -3  -1  -2  -3  -2   1   0   2  -2  -1   25   5  42   0   0   3   3   0   0   0   0   0   0   0   0   7   6   4   0   5  0.47 0.19
   95 A     5  -2  -1   0  -2  -2  -2   0  -3  -3  -3  -2  -2  -4  -2   2   1  -4  -3  -2   67   0   2   6   0   0   0   2   0   0   0   0   0   0   0  16   7   0   0   0  0.66 0.24
   96 E    -2  -1   3   0  -4   0   4  -3   5  -4  -3  -1   1  -3  -3   0   0  -4  -2  -3    2   0  16   0   0   0  47   0  21   0   0   0   6   0   0   4   5   0   0   0  0.73 0.24
   97 W     0  -3  -2  -3  -2  -2  -2  -2  -2   2   1  -2   0  -1  -3   2   1   5   0   1    8   0   0   0   0   0   0   0   0  17  12   0   2   0   0  24   7  12   4  14  0.29 0.13
   98 A     1  -3  -3  -3  -2  -2  -3   0  -3   2   2  -2   1   1  -3  -1  -1  -3  -1   2   19   0   0   0   0   0   0   6   0  16  23   0   4   6   0   4   0   0   0  22  0.23 0.11
   99 Y    -3  -3  -3  -4  -3  -3  -3  -4   2   1   0  -3  -1   4  -4  -3  -1   0   7  -1    0   0   0   0   0   0   0   0   5   7   8   0   0  15   0   0   4   0  57   3  1.03 0.27
  100 M     0  -4  -4  -4   1  -3  -4  -4  -4   2   0  -3   3  -2  -3  -2  -1  -4  -2   5    9   0   0   0   3   0   0   0   0  10   0   0  12   0   0   0   0   0   0  66  0.72 0.25
  101 I    -1  -3  -2  -3  -2  -2  -3  -3   1   2   3  -2   1  -1  -3  -1   3  -2   1   0    5   0   0   0   0   0   0   0   6  15  39   0   2   0   0   0  26   0   5   1  0.35 0.16
  102 Y     1   2   0   0  -3   2   2  -1   0  -3  -2   1  -2  -3  -2   0   1  -3   0  -2   13  17   5   4   0  13  18   3   2   0   3   8   0   0   0   3   9   0   3   0  0.25 0.09
  103 G    -1  -4  -2  -3  -4  -3  -4   7  -4  -5  -5  -3  -4  -5  -4  -2  -3  -4  -5  -5    0   0   0   0   0   0   0 100   0   0   0   0   0   0   0   0   0   0   0   0  1.87 0.37
  104 S     0   3   0   0   0   2   2  -1   0  -3  -3   1  -2  -3  -2   1   1  -3  -2  -2    9  24   4   2   2   9  19   2   1   0   0   4   0   0   0  14   9   0   0   2  0.30 0.12
  105 A     3  -3  -2  -3  -2  -2  -2   3  -3   0   1  -2   0  -1  -2  -1  -1  -3  -2   0   41   0   0   0   0   0   0  25   0   3  16   0   3   3   0   1   0   0   0   9  0.35 0.15
  106 R    -2   4  -2  -1  -3   1   1  -3   2   0   1   1   2   0  -3  -2  -2  -2   1  -2    0  33   0   2   0   6  12   0   6   6  15   4   7   3   0   0   0   0   5   0  0.29 0.14
  107 V    -2  -4  -4  -4  -2  -4  -4  -5  -4   3   1  -4   0   0  -4  -3  -1  -4  -2   5    0   0   0   0   0   0   0   0   0  21   9   0   0   3   0   0   0   0   0  67  0.81 0.25
  108 T    -2   2   1  -2  -4   5   1   3  -1  -4  -3   0  -2  -1  -3   0   0  -3  -1  -3    0  10   6   0   0  41   5  25   0   0   0   0   0   3   0   3   6   0   2   0  0.55 0.21
  109 I     0  -3  -3  -4  -2  -3  -3  -4  -3   2   0  -3   0   4  -3  -2  -2   3   0   4   10   0   1   0   0   0   0   0   0  11   5   0   1  25   0   0   0   6   0  41  0.49 0.18
  110 V    -1  -4  -4  -4  -2  -3  -4  -4  -4   3   1  -3   0  -2  -4  -3   0  -4  -2   5    2   0   0   0   0   0   0   0   0  12   9   0   0   0   0   0   3   0   0  74  0.83 0.26
  111 D    -2  -2   4   3  -3  -1  -1   0  -2  -3  -3  -2  -3  -1  -3   1   3  -4  -3  -3    0   0  31  20   0   0   0   8   0   0   0   0   0   4   0  11  27   0   0   0  0.55 0.20
  112 E     0  -2   2   2   3   0   2  -2   1  -2  -2  -1  -2  -2   0   1   2  -3  -2  -2    3   0  11  15  10   3  16   0   5   0   5   0   0   1   4  13  15   0   0   0  0.27 0.11
  113 K     1  -1   4   2  -3   2   2  -2   0  -3  -3   0  -2  -2  -2   0   0  -4  -2  -3   15   0  33  12   0  12  15   0   1   0   1   5   0   3   0   0   3   0   0   0  0.43 0.16
  114 G    -1  -3   2  -2   1  -3  -3   6  -3  -4  -2  -3  -3  -4  -3   1  -2  -4  -4  -4    0   0  10   0   4   0   0  72   0   0   5   0   0   0   0   9   0   0   0   0  1.06 0.26
  115 R    -2   3   3   1  -4   3   2  -2  -1  -3  -3   3  -2  -4  -2  -1   0  -4  -3  -2    0  20  16   7   0  17  12   0   0   0   0  23   0   0   0   0   4   0   0   2  0.49 0.16
  116 S     0   3   1  -2  -2  -1  -1  -2  -1  -1   1   0  -1   0  -2   1   1  -2   1  -1   11  22  10   0   0   0   0   0   0   0  18   3   0   3   0  17   8   0   6   3  0.16 0.11
  117 F    -1  -2  -3  -4  -2   1  -2  -4  -2   1  -1   0   1   3  -3  -2  -1  -2   2   4    4   0   0   0   0   8   0   0   0   6   0   6   2  14   0   0   0   0   8  52  0.42 0.19
  118 I     0  -1  -1  -3  -2  -2  -3  -3  -2   1   1  -2   1   5  -3   1   0  -1   0  -1   10   4   2   0   0   0   0   0   0   9  12   0   4  43   0  12   4   0   0   0  0.40 0.17
  119 D     0  -1   2   5  -4  -1   1  -2  -2  -4  -4   2  -3  -1  -2  -1  -1  -4  -3  -3    7   0  10  47   0   0   7   0   0   0   0  22   0   4   0   0   3   0   0   0  0.66 0.20
  120 D    -1   1   1   2  -3   2   2  -1   1  -2  -2   2  -2  -3  -2  -1   1  -3  -2   0    0   6   6  15   0  13  15   5   3   0   1  15   0   0   0   0   9   0   0  11  0.24 0.09
  121 V    -2  -4  -4  -4  -2  -3  -4  -5  -4   2   3  -4   0  -1  -4  -3  -2  -3  -2   4    0   0   0   0   0   0   0   0   0   9  38   0   0   0   0   0   0   0   0  53  0.73 0.23
  122 G    -1   3   1  -1  -3   2   1   2   0  -2  -3   1  -2  -3  -2   1   0  -3  -3  -3    0  27   8   0   0  10  10  16   2   2   0   3   0   0   0  17   5   0   0   0  0.35 0.13
  123 E     0   3  -1  -1  -3   2   3  -3  -1  -2  -2   2  -2  -3   2  -1  -1  -4  -3  -1    5  19   0   0   0  13  26   0   0   2   2  15   0   0  11   1   0   0   0   6  0.41 0.15
  124 G    -1  -4  -2  -3  -4  -3  -4   7  -4  -5  -5  -1  -4  -5  -4  -2  -3  -4  -5  -5    0   0   0   0   0   0   0  97   0   0   0   3   0   0   0   0   0   0   0   0  1.74 0.35
  125 D    -2   0  -1   5  -5   5   3  -2  -2  -4  -4  -1  -3  -5  -3  -1  -2  -4  -3  -4    0   4   0  41   0  38  16   1   0   0   0   0   0   0   0   0   0   0   0   0  0.96 0.27
  126 L    -1  -3  -4  -4  -2  -3  -3  -4  -4   3   3  -3   2  -1  -3  -2   0  -3  -2   3    3   0   0   0   0   0   0   0   0  15  38   0   5   0   0   2   3   0   0  34  0.50 0.16
  127 W    -3  -4  -4  -5  -3  -4  -4  -4  -3   1   3  -4   0   5  -4  -3  -2   4   2   1    0   0   0   0   0   0   0   0   0   9  30   0   0  40   0   0   0   6   5   8  0.71 0.20
  128 Y     1   0  -3  -3  -2  -2  -3  -3  -2   2  -1  -2   0  -1  -3  -1   0   2   2   3   12   6   0   0   0   0   0   0   0  14   0   0   1   0   0   3   6   4  12  42  0.32 0.16
  129 F    -2  -4  -4  -4  -2  -4  -4  -4  -4   4   1  -4   0   4  -4  -3  -2  -2   0   4    0   0   0   0   0   0   0   0   0  29   6   0   0  26   0   0   0   0   0  39  0.68 0.21
  130 P    -3   0  -4  -3  -5  -3  -3  -4  -4  -5  -5  -3  -4  -5   8  -3  -3  -5  -5  -4    0   6   0   0   0   0   0   0   0   0   0   0   0   0  94   0   0   0   0   0  2.55 0.43
  131 S    -1   3  -1  -2  -4   6   0  -3  -1  -4  -4   2  -2  -4  -3   1  -2  -4  -3  -3    3  21   0   0   0  52   0   0   0   0   0  11   0   0   0  14   0   0   0   0  0.85 0.27
  132 G    -1  -3   3  -2  -3  -2  -2   5   2  -4  -2  -2  -3  -3  -3   0  -2  -3   1  -3    3   0  22   0   0   0   0  53   7   0   4   0   0   0   0   5   0   0   7   0  0.74 0.21
  133 L    -1  -3  -3  -4  -3  -3  -3  -4   2   0   2  -3   0   5  -2  -2   0  -1   3  -1    5   0   0   0   0   0   0   0   8   3  28   0   0  39   1   0   6   0   9   0  0.56 0.19
  134 P     3  -2  -3  -3  -2  -1  -2  -2  -3   1  -1  -2   0  -2   3   0   0  -4  -2   2   34   0   0   0   0   3   0   0   0   5   3   0   3   0  15   6   2   0   0  28  0.35 0.15
  135 H    -2  -3  -2  -3  -3  -2  -3  -4   7   0  -1  -3   1   2  -4  -2  -2  -3   1   4    0   0   0   0   0   0   0   0  36   2   0   0   4  11   0   2   0   0   3  41  0.73 0.25
  136 S     2  -2  -2  -2   1   1  -1  -2  -2   0   0  -1   1   2  -2   1   0  -2   1   1   23   0   0   0   4  11   0   0   0   6   4   0   4  11   0  13   3   0   6  14  0.13 0.10
  137 I     0   0  -2  -2  -3   2   0  -3  -2   0   1   3  -1   0  -2  -1  -1  -2   0   0   10   0   0   0   0  16   5   0   0   6  16  28   0   5   0   0   0   0   3   9  0.19 0.12
  138 Q    -2   2   2  -2  -4   4   0  -3   3  -2  -3   3   0  -4  -3  -1  -1  -4  -2  -3    0  13  11   0   0  31   0   0  11   4   0  25   4   0   0   0   1   0   0   0  0.56 0.20
  139 A     3  -2   2  -2  -2  -1  -2   1  -2  -2  -2  -1  -2  -3   0   2  -1  -3  -3  -1   46   0  12   0   0   0   0  10   0   0   3   0   0   0   3  21   0   0   0   4  0.40 0.16
  140 L     0  -1   0  -1  -2   1   0   3   0   0   0  -1  -1   0   0   0   0  -2  -2  -1    5   3   4   0   0   8   6  29   3   7  13   1   0   4   4   6   6   0   0   1  0.14 0.06
  141 E    -1   2   4   0  -3   0   2   0   1  -4  -4   0  -3  -4  -2   2  -1  -4  -3  -3    3  12  31   1   0   2  22   5   3   0   0   2   0   0   0  18   0   0   0   0  0.48 0.17
  142 E    -1   0   2   3  -3   1   3   0   1  -3  -3   0  -2  -4  -2   0   0  -4  -2  -2    3   2  15  18   0   6  29   6   5   0   0   3   0   0   0   4   5   0   0   2  0.41 0.13
  143 G     0   0   1   0  -3   1   1   4   0  -3  -2   0  -2  -3   1   0  -1  -3  -3  -3    6   4   8   4   0   6  10  37   2   0   5   7   0   0   7   3   0   0   0   0  0.34 0.10
  144 A     2  -3   1  -2   4  -2  -2  -1  -2  -1   0  -2  -1   4   1   0  -1  -2   0  -1   21   0  10   0  11   0   0   4   0   0   9   0   0  27   7   9   0   0   0   3  0.26 0.14
  145 E     0   2  -1  -1  -3   2   4  -2  -1  -2  -1   0   1   0   0   1  -1  -3  -2  -2    9  14   0   0   0   8  37   0   0   0   8   0   5   5   3  11   0   0   0   0  0.32 0.15
  146 F    -1  -3  -3  -3  -3  -2   0  -3  -2   0  -1  -3  -1   2  -1  -1  -2   7   4   2    6   0   0   0   0   0   8   0   0   3   0   0   0  10   3   3   0  22  20  25  0.66 0.20
  147 L    -1  -3  -4  -4  -2  -3  -3  -4  -3   4   2  -3   1   2  -3  -3  -2  -2   2   3    3   0   0   0   0   0   0   0   0  32  16   0   3   7   0   0   0   0  10  28  0.46 0.15
  148 L     3  -2  -2  -2  -2  -1   1   0  -2  -1   0  -2  -1  -2  -2   2   0  -3  -2   1   36   0   0   0   0   0   9   5   0   0  13   0   0   0   0  18   3   0   0  15  0.24 0.14
  149 V     1  -3  -3  -4  -2  -3  -3   0  -3   2   0  -3   1   5  -3  -2  -2  -2   0   2   14   0   0   0   0   0   0   7   0  14   7   0   3  36   0   0   0   0   0  18  0.40 0.16
  150 F    -1  -1   0  -3  -4  -2  -2  -3  -2  -2  -2   4  -2   6  -3  -2  -2  -2   1  -3    6   0   5   0   0   0   0   0   0   0   0  40   0  47   0   0   0   0   3   0  0.76 0.26
  151 D     1  -2   3   3  -3  -1  -1  -2  -2  -3  -3   0  -2  -1  -2   0   4  -4  -3  -2   11   0  18  17   0   0   0   0   0   0   0   4   0   3   0   1  46   0   0   0  0.53 0.21
  152 D    -1  -2   4   2  -3  -1   1  -2   0  -2  -2  -1  -2  -3  -2   2   2  -4  -2  -1    0   0  33  13   0   0   7   0   2   2   3   0   0   0   0  15  14   0   0   6  0.39 0.15
  153 G     1  -2   1   2  -2   0   0   3   0  -3  -2  -1  -2  -3   0   2   0  -3  -2  -2   10   0   9  14   0   6   3  24   2   0   4   0   0   0   4  19   3   0   0   0  0.28 0.09
  154 S     0   1   4   1  -3   1   0  -1  -1  -3  -3   1  -2  -3  -2   2   0  -4  -3  -3    8   7  34   8   0   8   2   0   0   0   0   6   0   0   0  21   3   0   0   0  0.44 0.15
  155 F     2  -1  -1  -2   2   1   0   0   1  -2  -1   0  -1   2   1   1  -1  -2  -1  -2   31   0   0   0   6   8   5   6   4   0   3   4   0  12   7  12   0   0   0   0  0.19 0.11
  156 D    -1   0   1   1  -2   1  -1  -2  -2   0   1   0   3  -1   0   0   0  -3  -1   0    0   5   7  12   0  10   0   2   0   6  14   5  14   1   3  11   6   0   2   3  0.09 0.09
  157 S    -1   1   3  -1  -3   0   0  -1  -2   2  -1   0  -1  -2   2   0   0  -4  -2   1    0   9  24   0   0   2   5   3   0  19   0   3   0   0  10   4   4   0   0  16  0.21 0.13
  158 S     1   0   2   0  -2  -1   0   2  -1  -2  -2  -1  -2   0   0   2   1  -3  -2  -2   12   7  13   6   0   0   4  14   0   3   0   0   0   7   4  21   9   0   0   0  0.19 0.10
  159 N     0  -1   1  -2  -2   0  -1  -1   1  -1  -1  -1  -1  -3   4   0   2   0  -2   0    7   2   8   0   0   6   0   4   5   3   7   0   0   0  25   5  22   1   0   6  0.35 0.13
  160 T     0  -2  -2  -3   2   1  -2  -3  -3   1   2  -2   1  -1  -3  -1   2  -3  -2   1    7   0   0   0   6  10   0   0   0   9  33   0   3   0   0   0  19   0   0  12  0.26 0.13
  161 F     3  -3  -2  -3  -2  -2  -2   0  -2  -1   0  -2  -1   3   0   1   0  -2  -1   0   36   0   0   0   0   0   0   6   0   0  11   0   0  23   3   9   3   0   0   8  0.27 0.15
  162 Q     0  -3  -2  -3  -3   0  -2   5   3  -2  -1  -2   0  -1  -3  -1   0  -3   0  -3    6   0   0   0   0   7   0  57   9   3   5   0   3   2   0   0   5   0   3   0  0.63 0.20
  163 L     1   2  -2  -2  -2   0   0  -2  -2   0   0   2  -1  -2   0   0  -1  -3  -1   1   20  16   0   0   0   2   4   0   0   4  11  15   0   0   3   6   2   0   2  16  0.14 0.09
  164 T     1  -2   3   0  -2   0   0  -2  -1  -2  -2   0  -2   0  -2   1   2  -3   1   0   13   0  18   4   0   3   5   0   0   0   1   3   0   6   0  12  23   0   6   6  0.21 0.12
  165 D     1  -2   1   2  -2   0   0  -2  -2  -3  -2  -1  -3  -4  -1   4   0  -4  -3  -3   12   0   5  16   0   4   5   0   0   0   3   0   0   0   3  53   0   0   0   0  0.52 0.22
  166 W     1  -3  -3  -3  -2  -1  -2  -3  -3   1   1  -2   0   1  -3   0   0   5   1   3   15   0   0   0   0   2   0   0   0   8  14   0   0   5   0   6   4  12   3  29  0.30 0.12
  167 L    -1  -3  -3  -3  -2  -1  -3  -2  -3   2   3  -3   3   3  -3  -2  -2  -2   0   1    3   0   0   0   0   4   0   4   0  15  35   0  10  20   0   2   0   0   0   6  0.35 0.14
  168 A     1   5   0  -2  -3  -1  -2   0  -2  -3  -2   0  -2  -3   1   0  -2   0  -3  -3   11  54   5   0   0   0   0   8   0   0   4   0   0   0   8   6   0   2   0   0  0.61 0.22
  169 H     4  -2   1  -2  -2   0  -2   1   3  -2  -2  -2   1  -3   0   0   0  -4  -2  -1   50   0   7   0   0   5   0   8  12   0   0   0   6   0   5   3   4   0   0   2  0.41 0.19
  170 T    -2  -3  -3  -4  -2  -3  -3  -4  -3   3   3  -3   2  -1  -3  -1   2  -3  -2   2    0   0   0   0   0   0   0   0   0  18  43   0   7   0   0   2  19   0   0  12  0.47 0.18
  171 P    -3  -4  -1  -1  -5  -3  -3  -4  -4  -5  -5  -3  -4  -6   8  -3  -3  -6  -5  -4    0   0   4   4   0   0   0   0   0   0   0   0   0   0  92   0   0   0   0   0  2.49 0.45
  172 K    -1   1  -1   2  -3   0   2  -2  -2  -1   1   1   1  -2  -2   0  -1  -3  -2   1    3   9   1  15   0   3  16   2   0   0  20   9   3   0   0   5   1   0   0  13  0.14 0.09
  173 E    -1  -2  -1   5  -4   2   4  -2  -2  -4  -4  -1  -3  -5  -3  -1   0  -5  -4  -4    3   0   0  48   0  11  31   2   0   0   0   0   0   0   0   0   6   0   0   0  0.92 0.26
  174 V    -2  -4  -4  -4  -2  -4  -4  -4  -4   2   1  -4  -1  -2  -4  -1  -1  -4  -3   6    0   0   0   0   0   0   0   0   0   8   9   0   0   0   0   4   0   0   0  80  0.94 0.30
  175 I    -2  -3  -4  -4  -2  -3  -4  -4  -4   3   4  -3   1  -1  -4  -1  -2   1  -2   2    0   0   0   0   0   0   0   0   0  22  60   0   0   0   0   5   0   2   0  11  0.67 0.22
  176 A     4   1  -2   0  -2   0  -1  -1  -2  -3  -3  -1  -2  -4  -2   2   1  -4  -3  -2   61   7   0   5   0   3   0   0   0   0   0   2   0   0   0  14   8   0   0   0  0.57 0.23
  177 A     1   0   4  -1  -3   0  -1  -2   1  -1  -2   4  -2  -3  -3  -1  -1  -4  -3  -2   15   0  33   0   0   4   0   0   4   4   5  34   0   0   0   1   0   0   0   0  0.49 0.21
  178 N     2  -1   2  -2  -2  -1  -2   1  -2  -1  -2  -1  -1  -3  -2   2   3  -4  -3  -1   26   2  12   0   0   0   0   8   0   6   0   0   2   0   0  24  21   0   0   0  0.35 0.17
  179 F    -3   0  -4  -5  -4  -4  -4  -5  -2  -2   0  -4  -2   7  -5  -4  -3   0   5  -2    0   6   0   0   0   0   0   0   0   0   8   0   0  58   0   0   0   0  29   0  1.29 0.32
  180 G    -2   2   2   1  -4   3  -1   3  -1  -3  -1  -1   0  -4   0  -1  -2  -4  -3  -3    0  12  15   8   0  26   0  25   0   0   7   0   3   0   5   0   0   0   0   0  0.40 0.18
  181 V     0  -3  -3  -4  -2  -3  -3  -1  -4   4   2  -3   1  -1  -3  -2   0  -3  -2   3    9   0   0   0   0   0   0   5   0  34  18   0   3   0   0   0   4   0   0  28  0.42 0.16
  182 T     0   2   1   2  -3   0  -1   0  -2  -4  -4   0  -3  -4   1   3   0  -4  -3  -3    3  12   4  16   0   3   0   7   0   0   0   4   0   0   6  40   4   0   0   0  0.40 0.17
  183 K     0   2  -1  -1  -3   1   2  -1   1  -2  -1   1  -2  -3   2   1   1  -3  -1  -1    6  17   0   0   0   6  15   5   4   0   4   6   0   0  10  10  13   0   2   2  0.22 0.09
  184 E    -1   0   1   1  -4   2   4  -1  -1  -3  -3   1  -2  -4   1   0  -1  -4  -3  -2    4   3   7   8   0  11  42   3   0   0   0   6   0   0   6   7   0   0   0   4  0.48 0.17
  185 E    -1  -1  -1   1  -4   4   4   0  -2  -2  -3  -1  -1  -4  -2  -1   2  -4  -3  -3    3   0   0   4   0  24  40   9   0   3   0   0   2   0   0   0  14   0   0   0  0.57 0.22
  186 I     3  -3  -3  -3  -2  -2  -3  -2  -3   2   0  -3   1   1  -3  -1   0  -3  -2   3   37   0   0   0   0   0   0   0   0  14   6   0   4   6   0   0   3   0   0  31  0.38 0.18
  187 S    -1   3   0   2  -4   2   2  -1  -1  -3  -3   1  -1  -1  -2   0  -1  -3  -1  -3    2  27   3  18   0  14  12   3   0   0   0   8   1   4   0   5   3   0   1   0  0.39 0.14
  188 N     0   3   0   0  -3   2   2  -1  -1  -3  -2   2  -2  -3  -2   0  -1   1  -2  -3    8  22   5   3   0  14  16   4   0   0   3  16   0   0   0   6   0   3   0   0  0.35 0.13
  189 L    -2  -3  -3  -1  -2  -3  -3  -4  -3   4   3  -3   0   1  -3  -3  -1  -3  -2   2    0   0   0   6   0   0   0   0   0  32  44   0   0   4   0   0   3   0   0   9  0.49 0.17
  190 P    -2   1  -2  -2  -4   1  -1  -3  -2  -1   0   6  -2  -3   1  -2  -2  -4   0  -3    0   4   0   0   0   3   0   0   0   4   9  69   0   0   6   0   0   0   3   0  0.74 0.27
  191 G     0  -2   2  -1  -2  -1   0   1   1  -2  -1  -1   0   2  -2   1  -1   3   1  -2   10   0  16   0   0   0   9  11   4   0   3   0   2  15   0  16   0   6   6   0  0.21 0.11
  192 K     0  -1   5  -1  -3   1   0   0  -1  -4  -4   3  -3  -4   0   1  -1  -4  -3  -3    8   0  37   0   0   8   4   5   0   0   0  26   0   0   3   9   0   0   0   0  0.52 0.20
  193 E    -2   3   2   0  -3   3   1  -2  -1  -3  -3   0  -2   1  -2   0   2  -3  -1  -2    0  20  11   4   0  26   5   0   0   0   0   0   0  11   0   7  16   0   0   0  0.36 0.14
  194 K    -1   2  -1  -2  -3   2  -1   1  -2  -1  -1   3  -1  -3   2  -1  -1  -3  -2  -1    2  15   0   0   0  11   0  11   0   6   6  34   0   0   9   0   0   0   0   4  0.29 0.11
  195 Y    -2  -1   0   1  -3   0   4  -3  -1  -2  -1  -1  -2   2  -2   0  -1  -2   2  -2    0   0   3   7   0   0  50   0   0   0   9   0   0  10   0   8   0   0  10   0  0.42 0.14
  196 I     0  -1   0  -1  -2   0   1  -2  -2   1  -1   0   0  -2  -2   1   2  -3  -2   1    9   0   5   0   0   4  12   0   0  11   0   5   3   0   0  11  24   0   0  14  0.14 0.06
  197 F    -1   1  -2  -3  -2  -2  -2  -3   0   0   0  -1   2   4  -3  -1   1  -1   3   1    0   9   0   0   0   0   0   0   2   3   7   0   8  26   0   4  15   0  12  10  0.22 0.08
  198 E    -2  -2  -3  -1  -2   0   0   1  -3   1   3  -2   1   1  -3  -2  -2  -2  -2   0    0   0   0   2   0   5   7  13   0   8  60   0   0   4   0   0   0   0   0   0  0.28 0.10
  199 N     1  -2   1  -1  -2  -1   0   0  -2  -1   0  -1  -1   1   0   0   2  -2  -1   0   19   0   9   0   0   0   7   6   0   0  15   0   0  12   4   4  21   0   0   3  0.10 0.05
  200 Q    -2   2   1  -2  -3   1  -1  -3   3   0   0   0   1   1   0  -1  -1  -2  -1   1    0  20   9   0   0  12   0   0  11   8   9   0   4  10   4   0   0   0   0  12  0.14 0.09
  201 L     2  -2  -1  -2  -1  -2  -2  -2  -2   2   0  -2   0  -2  -2   2   2  -3  -2   1   20   0   0   0   0   0   0   0   0  18   9   0   0   0   0  25  19   0   0   9  0.22 0.11
  202 P     0   1   2  -2  -3  -1  -1  -2  -2  -2  -3  -1  -2  -4   6   1  -1  -4  -3   0   10  10  14   0   0   0   0   0   0   0   0   0   0   0  44  14   0   0   0   8  0.77 0.16
  203 G     1  -2  -1  -1  -2  -1   0   4  -2  -1  -1   0  -2  -3  -2   2  -1  -3  -3  -2   10   0   0   0   0   0  10  45   0   5   5   5   0   0   0  20   0   0   0   0  0.43 0.13
  204 S     0   1  -1   1  -2   2  -1   0  -2  -3  -3  -1  -2   0   3   2   2  -3  -2  -2    6  12   0  10   0  11   0   6   0   0   0   0   0   7  14  19  15   0   0   0  0.28 0.11
  205 L     1  -2  -2  -2  -2   1  -1  -2  -1   1   0  -1   1  -1  -2   1   1  -2   2   1   16   0   0   0   0  12   0   0   0   8   8   0   4   0   0  11  14   0  11  16  0.15 0.10
  206 K     1   0   1  -1  -2   3   0  -2  -1  -3  -3   2  -2  -3   1   2   1  -3  -2  -2    8   0   7   0   0  18   0   0   0   0   0  20   0   0   7  29  11   0   0   0  0.37 0.14
  207 D     1  -1   0   3  -2   2   0  -2  -2  -3  -3  -1  -2  -3   2   2   2  -3  -3  -2   10   0   0  23   0  13   0   0   0   0   0   0   0   0  10  20  24   0   0   0  0.39 0.12
  208 D    -2   0   0   2  -4   2   3  -2   6  -4  -3   1  -2  -3  -2  -1  -2  -3   0  -3    0   0   0  14   0  14  23   0  39   0   0  11   0   0   0   0   0   0   0   0  0.63 0.11
  209 I    -1  -2   2   1  -2  -2  -1  -2  -2   1   2  -2   0  -1  -2  -1   1  -3  -2   1    0   0  21  12   0   0   0   0   0  14  29   0   0   0   0   0  11   0   0  14  0.17 0.06
  210 V     1  -3  -3  -3  -1  -2  -3   1  -3   3   0  -2   0  -1  -3  -1  -1  -3  -2   3   15   0   0   0   0   0   0  14   0  37   0   0   0   0   0   0   0   0   0  34  0.29 0.08
  211 E    -1  -1  -1   0  -3   2   4  -3  -1  -2  -2   0   3  -3  -2   0   2  -3  -2  -2    0   0   0   0   0  12  52   0   0   0   0   0  15   0   0   0  21   0   0   0  0.49 0.12
  212 G     0  -1   0  -1  -3  -1  -1   5  -2  -3  -3   2  -2  -3  -2   1  -1  -3  -3  -3    0   0   0   0   0   0   0  64   0   0   0  23   0   0   0  13   0   0   0   0  0.62 0.03
  213 P    -1  -2  -1   2  -3  -1  -1   0  -2  -3  -3  -1  -3  -4   7  -1  -1  -4  -3  -3    0   0   0  19   0   0   0   9   0   0   0   0   0   0  72   0   0   0   0   0  1.44 0.07
  214 N    -2  -2   4   0  -3  -1  -2  -2   0   1  -1  -1  -1   3  -3  -1  -1  -1   2  -1    0   0  51   0   0   0   0   0   0  19   0   0   0  19   0   0   0   0  11   0  0.32 0.05
  215 G     0   0   2   0  -2   0  -1   4  -1  -3  -3   1  -2  -2  -1   0  -1  -2  -2  -2    1   1  20   1   0   1   1  45   0   1   2  20   0   1   1   1   1   0   1   1  0.39 0.03
  216 E     1   0   0   0  -2   0   2   2  -1  -2  -2   2  -1  -2  -1   0  -1  -2  -2  -2   19   1   1   1   0   1  17  21   0   1   2  30   0   1   1   1   1   0   1   1  0.22 0.02
  217 V    -1  -1  -2  -2  -1  -1  -1  -2  -2   1   2   1   1  -1  -2  -1  -1  -2  -1   2    1   1   1   1   0   1   1   1   0   1  38  20   0   1   1   1   1   0   1  27  0.12 0.02
  218 P     0  -1  -1  -1  -2  -1  -1  -1  -1  -2  -2  -1  -2  -2   6   2   0  -2  -2  -2    1   1   1   1   0   1   1   1   0   1   2   1   0   1  46  37   1   0   1   1  0.79 0.04
  219 Y    -2   1  -2  -3  -3  -2  -2  -3   0   1   0  -1   1   4  -3  -2  -2   0   4   0    0  17   0   0   0   0   0   0   0  17   0   0   9  29   0   0   0   0  28   0  0.38 0.05
  220 P     0  -2  -1  -2  -1  -1  -2  -2  -2   0  -1  -1  -1  -2   2   0   4  -3  -2   2    0   0   0   0   0   0   0   0   0   0   0   0   0   0  13   0  55   0   0  31  0.40 0.07
  221 F    -3   2  -3  -4  -3  -2  -3  -3  -1  -1   0  -2  -1   6  -4  -3  -2   0   2  -2    0  17   0   0   0   0   0   0   0   0   0   0   0  83   0   0   0   0   0   0  0.80 0.10
  222 T    -1  -1   4   2  -2   0   0  -1   3  -3  -3   1  -2  -3  -2   0   2  -3  -1  -2    0   0  34  15   0   0   0   0  15   0   0   9   0   0   0   0  28   0   0   0  0.39 0.05
  223 Y    -2  -2  -3  -3  -2  -2  -3  -4   2   3   1  -3   1   2  -3  -2  -1  -1   3   2    0   0   0   0   0   0   0   0   9  32  15   0   0  15   0   0   0   0  13  17  0.27 0.04
  224 R     0   3   0   0  -2   0   1  -1  -1  -2  -2   2  -1  -2  -1   2   0  -2  -2  -2    1  22   1   1   0   1  10   1   0   1   2  16   0   1   1  40   1   0   1   1  0.28 0.03
  225 L    -2  -2   2   3  -2  -1  -1  -2  -1   0   1  -2   2   2  -3  -1  -1  -2   0  -1    0   0  22  24   0   0   0   0   0   0  22   0  15  17   0   0   0   0   0   0  0.21 0.04
  226 L     1  -1   2  -1  -2   0   1  -2  -1   0   2  -1   0  -1  -2   1   0  -3  -2  -1   15   0  15   0   0   0  17   0   0   0  39   0   0   0   0  15   0   0   0   0  0.13 0.03
  227 E    -1  -1   1   0  -3   0   3  -2  -1  -2  -2   1   2  -3   5  -1  -1  -3  -2  -2    0   0   9   0   0   0  30   0   0   0   0  15  15   0  32   0   0   0   0   0  0.56 0.06
  228 Q    -1   2   0   2  -3   4   2  -2  -1  -2   0   0  -1  -3  -2   1  -1  -3  -2  -2    0  12   0  15   0  35  13   0   0   0  12   0   0   0   0  13   0   0   0   0  0.32 0.05
  229 E    -1  -2  -1   2  -3  -1   1   1  -2   0  -1  -1   2  -2   5  -1  -1  -3  -3  -1    0   0   0  15   0   0  12  12   0  13   0   0  13   0  34   0   0   0   0   0  0.49 0.06
  230 P    -1  -2   2   2  -3   1   0  -2  -1  -2  -2  -1  -2  -3   5  -1  -1  -4  -3   0    0   0  15  15   0  13   0   0   0   0   0   0   0   0  45   0   0   0   0  12  0.76 0.07
  231 I    -1  -2   1  -2  -2  -2  -2  -3  -1   2   0  -2   3   2  -3  -1   1  -1   3   1    0   0  10   0   0   0   0   0   0  17   0   0  24  13   0   0  11   0  13  12  0.20 0.06
  232 E    -1   1  -1  -1  -3   2   2   1  -1  -3  -3   0  -2  -4   5  -1  -1  -3  -3  -3    0  12   0   0   0  17  24  13   0   0   0   0   0   0  33   0   0   0   0   0  0.66 0.07
  233 S     0   1   3  -1  -2  -1  -1   3  -1  -3  -3   1   0  -3  -2   2   0  -3  -2  -3    0  12  20   0   0   0   0  29   0   0   0   7   5   0   0  27   0   0   0   0  0.36 0.07
  234 E     0  -2   1  -1  -2  -1   0   3  -2  -3  -3  -1  -2  -3   3   0   2  -3  -3  -2    9   0  10   0   0   0   9  31   0   0   0   0   0   0  17   0  24   0   0   0  0.42 0.07
  235 G     1  -2   2  -1  -3  -1  -2   5  -2  -4  -4   1  -3  -4  -2   0  -1  -3  -3  -3   14   0  16   0   0   0   0  60   0   0   0  10   0   0   0   0   0   0   0   0  0.69 0.11
  236 G     0  -2  -1  -2  -2  -2  -2   5  -2  -2  -1  -2  -2   1  -3   1  -1  -3  -2  -2    0   0   0   0   0   0   0  61   0   0  11   0   0   8   0  20   0   0   0   0  0.61 0.11
  237 K     1   2   1  -1  -2   0   1  -1  -1  -2  -2   2  -1  -3  -2   2   2  -3  -2  -1   10  18   6   0   0   0  10   0   0   0   0  16   0   0   0  19  16   0   0   5  0.25 0.06
  238 V    -1  -2  -2  -3  -2  -2  -2  -3   2   3   0  -2   0  -1  -3   0   1  -3  -1   4    0   0   0   0   0   0   0   0  11  23   0   0   0   0   0   9   8   0   0  51  0.32 0.10
  239 Y    -1   1  -1  -1  -2   1   1  -2  -1   0  -1   0   2  -1  -2   1   2  -2   1   0    0   9   0   0   0   9  10   0   0   9   0   0  11   0   0   9  28   0   8   8  0.15 0.06
  240 I     1  -2  -1  -2  -2  -1  -2   1  -2   1   0   0   2  -2  -2   0   2  -3  -2   1   13   0   0   0   0   0   0  15   0  16   0   8  10   0   0   0  25   0   0  13  0.15 0.06
  241 A     3  -2  -2  -3  -1  -2  -2  -2  -3   1  -1  -2  -1  -2  -2   0   1  -3  -2   3   50   0   0   0   0   0   0   0   0   0   0   0   0   0   0   0   8   0   0  43  0.38 0.11
  242 D     0  -1   4   4  -3  -1   0  -1   3  -3  -3  -1  -2  -3  -2   1   1  -4  -2  -3   11   0  34  29   0   0   0   0  10   0   0   0   0   0   0   8   8   0   0   0  0.50 0.10
  243 S     0   0  -1  -1  -2  -1   0   1  -2  -1  -1  -1   1  -2  -2   3   0  -3  -2   1    0   8   0   0   0   0   9  11   0   0   0   0   8   0   0  45   0   0   0  20  0.21 0.09
  244 T     0   0   1  -1  -2   0   1  -2  -1  -2   0   2  -1  -2  -2   1   1  -3  -2  -1    8   0   6   0   0   0  15   0   0   0  14  27   0   0   0  15  16   0   0   0  0.19 0.06
  245 N    -1  -1   4   2  -3   0   2  -2  -1  -2  -2   1  -2  -3  -2   0   1  -4  -2   0    0   0  34   9   0   0  18   0   0   0   0  15   0   0   0   0  14   0   0  11  0.34 0.08
  246 F     0  -3  -4  -4  -2  -3  -3  -3  -3   1   3  -3   1   5  -3  -2  -2  -1   1   0    9   0   0   0   0   0   0   0   0   5  41   0   0  41   0   0   0   0   0   5  0.48 0.11
  247 K    -2  -2  -2   1  -4  -1  -1  -3   3  -3  -3   0   2  -3   7  -2  -2  -4  -3  -3    0   0   0   8   0   0   0   0  10   0   0   8   9   0  65   0   0   0   0   0  1.32 0.16
  248 V     1  -3  -2  -3  -2  -2  -2   3   2   2  -1  -2  -1  -2  -3  -1  -1  -3  -2   2   14   0   0   0   0   0   0  32   9  23   0   0   0   0   0   0   0   0   0  22  0.29 0.09
  249 S    -1  -2   1  -2  -2  -1  -2   1  -2   0   3   0   2  -1  -3   1  -1  -3  -2  -1    0   0   9   0   0   0   0  13   0   0  44   7   9   0   0  18   0   0   0   0  0.18 0.09
  250 K    -2   2   3  -1  -4   2   0  -2   2  -4  -3   4  -2  -4  -2  -1  -1  -4  -2  -3    0  13  23   0   0  13   0   0   7   0   0  43   0   0   0   0   0   0   0   0  0.56 0.13
  251 T     0   2   2  -1  -2   0   1  -2  -1  -2  -2   0  -2  -3  -2   2   4  -3  -2  -1    9  16  11   0   0   0   9   0   0   0   0   0   0   0   0  13  42   0   0   0  0.37 0.11
  252 I    -2   0  -3  -4  -2  -2  -3  -4  -3   3   3  -2   1   1  -3  -3  -1  -2  -1   2    0   8   0   0   0   0   0   0   0  26  40   0   0   7   0   0   0   0   0  19  0.39 0.10
  253 A     2  -2  -1  -2  -2  -1   0   3  -2   0  -1  -1  -1  -2  -2   2  -1  -3  -2  -1   29   0   0   0   0   0   8  25   0   9   8   0   0   0   0  22   0   0   0   0  0.27 0.09
  254 S     1  -2  -2  -3   2  -2  -1  -2  -2   2   0  -2   1   1  -2   0  -1  -2   1   2   16   0   0   0   7   0   6   0   0  27   4   0   6   8   0   6   0   0   6  15  0.15 0.07
  255 A     2  -2  -1  -1  -2  -1   1   2  -2  -3  -2  -1  -2   0  -2   2   0   4  -1  -2   32   0   0   0   0   0  11  18   0   0   0   0   0   6   0  20   5   7   0   0  0.32 0.11
  256 L    -2   0  -3  -4  -2  -2  -3  -4  -2   2   2  -2   3   0  -3  -2  -1  -2   2   2    0   7   0   0   0   0   0   0   0  12  29   0  15   0   0   0   0   0  11  26  0.35 0.11
  257 V     1  -2  -2  -3  -2   0  -2  -1  -3   1   0  -2   2  -2  -2   0   1  -3  -2   3   10   0   0   0   0   7   0   5   0   0   5   0   7   0   0   7  12   0   0  46  0.23 0.11
  258 T    -1   4   0  -2  -3   0  -1  -3  -1   0  -1   1   1   0   0  -1   1  -3  -2  -1    5  40   6   0   0   3   0   0   0   6   4   7   5   5   5   0  12   0   0   0  0.28 0.11
  259 V    -2  -3  -4  -4  -2  -3  -3  -4  -3   3   3  -3   4   1  -3  -3  -1  -2   1   2    0   0   0   0   0   0   0   0   0  28  31   0  18   7   0   0   0   0   5  10  0.45 0.12
  260 E     0   0  -1   2  -3   0   2  -2  -1  -2  -1   0  -2  -1   2  -1   0  -2   2  -2   12   7   0  15   0   0  21   0   0   0   6   7   0   0  13   0   6   0  11   0  0.24 0.08
  261 P     0   1  -2  -2  -3  -2  -2  -3  -2  -3  -3   0  -3  -3   7  -2  -2  -3   0  -3    6  12   0   0   0   0   0   0   0   0   0   6   0   0  69   0   0   0   4   0  1.45 0.21
  262 G     0  -3   2  -2   2  -2  -3   6  -2  -4  -4  -2  -3  -4  -3  -1  -2  -4  -4  -4    5   0  15   0   5   0   0  74   0   0   0   0   0   0   0   0   0   0   0   0  1.06 0.20
  263 A     1  -1  -1  -1  -2  -1   0   4  -2  -3  -3   1  -2  -3  -2   2   0  -3  -3  -3   12   0   0   0   0   0   6  40   0   0   0  12   0   0   0  25   5   0   0   0  0.47 0.12
  264 M    -1   0  -2  -3  -2   0   0  -3  -2   2   2   0   4  -1  -3  -1  -1  -2   0   1    0   6   0   0   0   4   6   0   0  21  19   4  23   0   0   7   0   0   5   5  0.20 0.10
  265 R    -1   2   3  -1  -3  -1  -2   1  -1   1  -2  -1  -1  -1  -3  -1   2  -2   2   0    0  15  29   0   0   0   0  11   0  12   0   0   0   0   0   0  16   0  11   7  0.24 0.12
  266 E     0  -1  -1   1  -3   1   2   1  -2  -3  -1   0  -2  -3   4   0  -1  -3  -3  -2   11   0   0   6   0   5  20  13   0   0   9   6   0   0  25   6   0   0   0   0  0.41 0.10
  267 L    -2  -3  -3  -3  -3  -2  -1  -1  -3   2   2  -2  -1   0   6  -2  -2  -3  -2  -1    0   0   0   0   0   0   6   5   0  17  25   0   0   3  44   0   0   0   0   0  0.76 0.16
  268 H    -3  -2  -1  -3  -5  -1  -2  -4  10  -5  -5  -2  -3  -3  -4  -3  -3  -4   0  -5    0   0   0   0   0   0   0   0 100   0   0   0   0   0   0   0   0   0   0   0  2.36 0.41
  269 W    -1   1  -2  -3  -3  -1  -2  -3  -2  -2  -1   1  -2   1  -3   0   1   8   3  -1    6   8   0   0   0   0   0   0   0   0   3  13   0   4   0   4  16  29  13   4  0.67 0.16
  270 H    -3   0   3  -2  -4   1  -1  -3   9  -5  -4  -1  -3  -3  -3  -2  -3  -4   0  -4    0   4  16   0   0   6   0   0  73   0   0   2   0   0   0   0   0   0   0   0  1.46 0.30
  271 P     0  -2  -2  -2  -3  -2   0  -2  -2   0  -2  -2  -2  -3   6   1  -1  -3   0  -2    8   0   0   0   0   0   7   0   0  10   0   0   0   0  57  11   0   0   4   0  1.08 0.18
  272 N    -1   3   3   1  -3   0  -1   1  -1  -3  -3   1  -2  -3  -2   1   1  -3   0  -3    0  23  21   8   0   0   0  10   0   0   0  11   0   0   0  11  10   0   5   0  0.32 0.11
  273 T     3   2  -1  -2   2  -1   0  -1  -2  -1  -2   0  -1  -3  -2   2   0  -3  -2   0   43  13   0   0   6   0   6   0   0   2   2   2   0   0   0  16   5   0   0   4  0.28 0.12
  274 H     0  -2   1   2   2   0   2  -2   1  -3  -3  -1  -2   0   2   1   1  -3  -2  -2    7   0  10  14   6   0  21   0   5   0   0   0   0   6  10  10  12   0   0   0  0.27 0.09
  275 E    -2   1  -1   0  -4   1   6  -3  -1  -4  -4   0  -3  -4  -2   1  -2  -4  -3  -4    0   8   0   0   0   0  82   0   0   0   0   0   0   0   0  10   0   0   0   0  1.08 0.26
  276 W     1  -3  -4  -4  -2  -3  -3  -3  -3   3   1  -3   1   1  -3  -2  -1   6  -1   2   16   0   0   0   0   0   0   0   0  35  14   0   4   5   0   0   0  14   0  13  0.44 0.13
  277 Q    -2  -2  -1  -2  -2   1   0  -1  -1   1   2  -2   0   1  -3  -1  -1  -1   4   0    0   0   4   0   0   7   8   4   0   7  24   0   0   6   0   6   0   0  25   9  0.19 0.10
  278 Y    -2  -3  -4  -4  -3  -3  -3  -4   0   1   0  -3  -1   3  -4  -3  -2   0   7   2    0   0   0   0   0   0   0   0   0   6   4   0   0  11   0   0   0   0  61  18  0.99 0.23
  279 Y    -1  -3  -3  -4  -2  -3  -3   1  -2   2   0  -3   0   1  -3  -2  -1  -2   3   3    3   0   0   0   0   0   0  12   0  14   4   0   0   6   0   0   0   0  16  44  0.34 0.13
  280 I     0  -2  -3  -3  -2   0  -1  -3   1   3   3  -2   1  -1  -3  -2  -1  -3  -2   2    8   0   0   0   0   6   4   0   6  24  39   0   0   0   0   0   0   0   0  14  0.29 0.11
  281 S     0   2  -1   1  -3   0   3  -2  -1  -2  -1   2  -2  -3  -2   1   0  -3  -2  -1   10  10   0   4   0   0  29   0   0   0   6  19   0   0   0  15   3   0   0   3  0.29 0.10
  282 G    -1  -4  -2  -3  -4  -3  -3   7  -3  -5  -5  -3  -4  -4  -3  -2  -3  -4  -4  -4    0   0   0   0   0   0   0 100   0   0   0   0   0   0   0   0   0   0   0   0  1.70 0.29
  283 K     0   2   1   0  -3   2   3  -2  -1  -3  -3   3  -2  -3  -2   1   0  -3  -2  -1    4  15   6   0   0   6  26   0   0   0   0  22   0   0   0  13   3   0   0   4  0.37 0.11
  284 A     1  -3  -2  -3  -3  -3  -3   5  -3  -2   1  -2  -1   0  -3  -1  -2  -3  -2  -1   11   0   0   0   0   0   0  57   0   0  24   0   0   4   0   0   0   0   0   4  0.60 0.16
  285 R    -1   3  -1  -1  -2   0   1   1  -1  -1   0   0   1   1  -2   0  -1  -2   0  -1    1  24   1   1   0   1  14  14   0   1  15   1   6   7   1   5   1   0   4   5  0.12 0.07
  286 M     1  -2  -3  -3  -2  -2  -2  -3  -3   1   0  -2   5  -1  -2  -2  -1  -3  -2   4   11   1   1   1   0   1   1   1   0   1   1   1  35   0   1   1   1   0   0  44  0.48 0.17
  287 T    -1   2  -1   0  -2  -1  -2   3  -2  -1   1  -1  -1  -2  -2  -1   2  -3  -2  -1    0  16   0   5   0   0   0  27   0   0  24   0   0   0   0   0  23   0   0   0  0.24 0.11
  288 V    -2  -3  -4  -4  -2  -3  -4  -4  -3   2   3  -3   1   4  -4  -3  -2  -2   0   2    0   0   0   0   0   0   0   0   0  10  38   0   0  27   0   0   0   0   0  26  0.52 0.14
  289 F    -1  -2  -2  -2  -2   2   1  -3  -1   1   0  -1   0   3  -2  -2  -1  -1   3   2    1   0   0   0   0  14  10   1   0   4   8   1   0  18   0   1   1   0  12  28  0.21 0.10
  290 A     0  -1   2   0  -2  -1  -1  -2   2   0   0  -1  -1  -2  -2   1   3  -3  -2   0    5   0  16   5   0   0   1   1   6   6  11   1   0   0   0  10  32   0   0   4  0.20 0.09
  291 S     0  -1  -1   1  -2   0  -1   0  -2  -2  -2  -1  -2  -1   4   2   2  -3  -2  -2    7   1   1   7   0   6   1   7   0   1   1   1   0   4  24  19  20   0   0   1  0.38 0.09
  292 D     0  -1   2   1  -3   2   3   0   1  -3  -3   0  -2  -3  -2   0   1  -3  -2  -2    8   0  17   5   0  13  33   7   4   0   1   1   0   0   0   1   8   0   0   1  0.36 0.10
  293 G    -1  -2   2  -1  -3  -2  -2   5  -2  -3  -3  -2  -3  -3   0   0   0  -3   0  -3    1   0  13   0   0   0   1  61   0   0   1   1   0   0   4   6   6   0   4   1  0.70 0.15
  294 H    -1   0   1   2  -3   1   3  -2   3  -2   0   2  -1  -2  -2  -1   0  -3  -1  -2    1   0   5  15   0   5  23   1  10   0  13  16   0   0   1   1   7   0   0   1  0.25 0.08
  295 A     2  -2   1  -2  -1  -1  -2   1  -2   0   1  -1  -1  -2  -2   1  -1  -3  -2   0   35   0  11   0   0   0   0  11   0   4  20   0   0   0   0   9   0   0   0   6  0.17 0.09
  296 R    -2   4   0  -1  -3   0   2  -2  -1  -1  -2   2  -2   0  -2  -1  -1  -2   2  -2    1  33   6   0   0   0  19   0   0   7   1  18   0   4   0   0   0   0   9   0  0.36 0.12
  297 T     0  -2  -1   0  -2  -2  -2  -2  -2   0  -1  -1  -1   2  -2   1   3   5  -1   1    4   0   0   6   0   0   0   0   0   3   3   4   0  12   0  13  31  11   0  13  0.28 0.12
  298 F    -2  -2  -3  -3  -3   0  -3  -4  -2   2   0   1  -1   5  -3  -3  -2  -1   1   1    0   0   0   0   0   4   0   0   0  20   0  15   0  47   0   0   0   0   0  14  0.52 0.17
  299 N     0  -2   1   3  -3  -1   1  -2   1  -2  -3  -1   0  -3   4   0   0  -4  -3  -1    6   0   8  23   0   0  10   0   3   0   0   0   6   0  26   5   8   0   0   4  0.48 0.11
  300 Y    -2  -3  -3  -4  -2  -2  -3  -4  -2   3   2  -1   3   1  -3  -2  -1  -2   1   3    0   0   0   0   0   0   0   0   0  22  17   3  17   6   0   0   0   0   7  26  0.37 0.12
  301 Q     0   2   1   1  -3   1   2   0  -1  -3  -3   2  -2   0  -2   0   1  -3  -2  -2    4  18   7   6   0   5  21   6   0   0   0  14   0   6   0   3  10   0   0   0  0.26 0.08
  302 A     3  -1  -2  -2  -2  -1   1  -2  -2  -1  -2   2  -2  -3   3   0  -1  -4  -3  -1   49   0   0   0   0   0   9   0   0   4   3  17   0   0  18   0   0   0   0   0  0.45 0.15
  303 G    -1   0   1   0  -4  -1  -2   6  -3  -5  -5  -2  -4  -4  -3  -1  -2  -4  -4  -4    0   7   6   5   0   3   0  80   0   0   0   0   0   0   0   0   0   0   0   0  1.13 0.22
  304 D    -2  -2   0   5  -3   2   1  -2  -2  -3  -3  -1   0  -4  -2   0   2  -4  -3  -3    0   0   0  48   0  15   4   0   0   0   0   0   4   0   0   6  23   0   0   0  0.66 0.18
  305 V     0  -3  -3  -3  -2  -2  -3  -1  -3   1   1  -2   3  -2  -3  -1   1  -3  -2   4    7   0   0   0   0   0   0   5   0   2  10   0  12   0   0   0  12   0   0  50  0.36 0.14
  306 G    -1  -3  -3  -4   4  -3  -3   1  -3   1   0  -3  -1   4  -3  -2   0  -2   0   2    0   0   0   0  16   0   0  14   0   9   5   0   0  28   0   0   4   0   0  23  0.37 0.13
  307 Y    -2  -3  -3  -4  -2  -3  -3  -4   2   0  -1  -3   1   2  -3  -2  -1  -1   5   4    0   0   0   0   0   0   0   0   6   0   0   0   5   6   0   0   4   0  34  45  0.60 0.19
  308 V    -2  -3  -4  -4  -2  -3  -4  -4  -3   3   0  -3   0   4  -4  -2   0  -2   0   4    0   0   0   0   0   0   0   0   0  19   0   0   0  29   0   0   6   0   0  46  0.57 0.17
  309 P    -2  -4  -3   0  -4  -3  -2  -4  -4  -4  -4  -2  -4  -5   8  -2  -3  -5  -4  -4    0   0   0   6   0   0   0   0   0   0   0   0   0   0  94   0   0   0   0   0  2.41 0.34
  310 F    -1   0  -1   0  -3   2  -1  -3  -2   0  -2   2  -2   0   5   0  -1  -3  -2  -2    0   4   0   6   0  18   0   0   0  11   0  17   0   5  31   9   0   0   0   0  0.52 0.14
  311 A     0  -2   3   0  -3  -2  -2   3  -1  -3  -3  -1  -2   2  -3  -1  -2  -1   3  -3    8   0  24   5   0   0   0  30   0   0   0   4   0  10   0   0   0   0  19   0  0.42 0.14
  312 M     0  -2  -2   0  -2  -2   0  -3   1  -1   1  -2   3   2  -3  -1  -1   7   0  -1   10   0   0   6   0   0   6   0   6   0  18   0  14  10   0   3   4  23   0   0  0.47 0.14
  313 G     1  -1  -2  -3  -2  -2  -2   1  -3   2   0  -2  -1  -2   2   0  -1  -3  -2   2   19   5   0   0   0   0   0  14   0  25   3   0   0   0  10   6   0   0   0  18  0.19 0.09
  314 H    -3  -2  -1  -3  -4  -1  -2  -4   9  -3  -3  -2   1  -3  -4  -2  -3  -4   0   0    0   0   0   0   0   0   0   0  84   0   0   0   6   0   0   0   0   0   0  10  1.71 0.34
  315 Y     1   3  -2  -3  -3   1  -1  -2  -1  -2  -2   0  -2   4  -3   0  -2  -1   4  -2   16  28   0   0   0   6   0   0   0   0   0   4   0  23   0   6   0   0  18   0  0.39 0.14
  316 V    -1  -1  -1  -1  -2   3   2  -3  -1   2  -1  -1  -1   0  -2   1   1  -3  -2   1    0   0   0   0   0  28  15   0   0  19   0   0   0   5   0  10  13   0   0  10  0.25 0.13
  317 E    -1   1  -2  -1  -3   2   2  -1  -1   1  -1   1   1   0  -2  -1  -1  -3  -2   2    0   5   0   0   0  16  21   4   0   7   0  13   6   4   0   0   0   0   0  24  0.19 0.10
  318 N     0  -2   7   0  -4  -1  -2  -2  -1  -4  -4  -1  -3  -4  -3   1  -1  -5  -3  -4   10   0  84   0   0   0   0   0   0   0   0   0   0   0   0   6   0   0   0   0  1.25 0.29
  319 I    -1  -2   0  -2  -2  -2  -2   0  -3   2   0  -2   1   0   0   0   3  -3  -2   2    0   0   4   0   0   0   0  10   0  20   0   0   4   6   3   4  29   0   0  20  0.20 0.11
  320 G     0  -2   2  -1  -3  -2   1   5  -2  -4  -4  -2  -3  -4  -3   0  -2  -4  -4  -4    4   0  11   0   0   0  12  67   0   0   0   0   0   0   0   6   0   0   0   0  0.89 0.19
  321 D    -2  -1   3   3   1   0   2   0   2  -3  -2   1  -2  -3  -2  -1  -1  -4  -2  -3    0   0  26  23   4   0  13   7   6   0   4  15   0   0   0   0   3   0   0   0  0.39 0.12
  322 E     0  -1  -1   1  -3   1   5  -2  -1  -3  -3   0  -2  -3  -2   1   1  -3   0  -1    3   0   0   3   0   4  56   0   0   0   0   2   0   0   0  13  10   0   3   4  0.56 0.17
  323 P    -1  -2  -1   2  -4   0   2   1  -2  -4  -4  -1  -3  -4   6   0  -1  -4  -4  -3    0   0   0  15   0   4  14  10   0   0   0   0   0   0  49   6   3   0   0   0  0.99 0.18
  324 L     2  -3  -3  -4   2  -3  -3  -3  -3   0   3  -3   0   4  -3  -2  -2  -2   0  -1   24   0   0   0   5   0   0   0   0   0  48   0   0  23   0   0   0   0   0   0  0.43 0.15
  325 V    -1   0  -2  -2  -2   1   1  -3  -2   2   0   0   2  -2  -2   0  -1   1  -2   2    0   5   0   0   0   6  16   0   0  15   0   5   9   0   0  11   0   3   0  30  0.17 0.10
  326 F     0  -3  -3  -4  -2  -3  -3  -3  -2   1   0  -3   2   5  -3  -2  -2   0   4   2    8   0   0   0   0   0   0   0   0   5   5   0  10  38   0   0   0   0  17  17  0.52 0.14
  327 L    -2  -3  -4  -4  -2  -3  -4  -4  -3   1   4  -3   2   1  -4  -3  -1  -2  -2   1    0   0   0   0   0   0   0   0   0   0  75   0   6   4   0   0   4   0   0  12  0.65 0.17
  328 E     3  -2  -2  -2  -2  -1   1   0  -2  -1  -1  -1  -1   1  -2   1   0  -3  -1   1   37   0   0   0   0   0  15   6   0   0   0   0   0  11   0   9   5   0   0  17  0.20 0.10
  329 I     1  -3  -3  -3   2  -2  -3  -1  -3   2   1  -2   1   2  -3  -1  -1  -2  -1   1   21   0   0   0   7   0   0   4   0  23   9   0   3  17   0   4   0   0   0  12  0.19 0.08
  330 F    -2  -2  -3  -3  -3  -2  -2  -3  -1   0   0   0  -1   5  -3  -1  -2   0   5   0    0   0   0   0   0   0   0   0   0   7   4  11   0  31   0   7   0   0  33   6  0.54 0.14
  331 K     0  -1   1   0  -3  -1  -1   0  -2  -3  -3   1  -2  -3   5   1   2  -4  -3  -2    6   0   9   4   0   0   0   5   0   0   0  16   0   0  30  12  18   0   0   0  0.53 0.11
  332 D     2   1   2   2  -2  -1   0   0  -1  -3  -3  -1  -2  -3  -2   2   0  -3  -3  -2   33   7  11  11   0   0   5   4   0   0   0   0   0   0   0  28   0   0   0   0  0.33 0.11
  333 D     0  -2   1   5  -3   2   0  -2  -2  -4  -4  -1  -3  -4   1  -1   0  -4  -3  -3   12   0   4  60   0  13   0   0   0   0   0   0   0   0   7   0   4   0   0   0  0.76 0.17
  334 H     0   3   0  -2  -2   1  -1  -2   2  -2   0   1  -1  -2   3   0  -1  -3  -2  -2   12  24   5   0   0   5   0   0   7   0  16   7   0   0  14  10   0   0   0   0  0.25 0.07
  335 Y     1  -2  -2  -2  -2  -2  -2   2  -2   1  -1  -2  -1  -1   3  -1   0  -2   2   1   18   0   0   0   0   0   0  21   0  14   0   0   0   0  16   0   7   0  11  13  0.26 0.08
  336 A     3  -1   1  -1  -2   2  -1   2  -1  -2  -2   1  -1  -3  -2   1  -1  -3  -2   0   36   0   7   0   0  16   0  15   0   0   0   9   0   0   0   7   0   0   0  11  0.25 0.09
  337 D    -2  -2   0   4  -3   0   1  -1   2   0  -1  -1  -1  -2  -2  -1   0  -4  -2   1    0   0   0  39   0   6   7   5   7   9   6   0   0   0   0   0   9   0   0  12  0.29 0.09
  338 V     0  -2  -2  -2  -2   0  -2  -2  -2   1  -1  -2   0   1   1   1   1  -2  -1   3    5   0   0   0   0   5   0   0   0   0   0   0   0  11   6  14  14   0   0  45  0.20 0.09
  339 S     0  -2   0  -1  -2  -1  -1   2   3   0  -2  -1  -1  -2  -2   3   1  -3  -1   0    0   0   0   0   0   0   0  16  14  11   0   0   0   0   0  45   7   0   0   7  0.28 0.10
  340 L     0  -2  -3  -3  -2   0  -2  -3  -2   1   2  -2   1   1  -3  -2  -1  -1   2   2    7   0   0   0   0   9   0   0   0   0  32   0   0   7   0   0   0   0  11  34  0.24 0.08
  341 N     1  -1   2   0  -2   1   1   0  -1  -2  -2   0  -2   0   1   2   0  -2  -1  -2   11   0  18   0   0   9  11   7   0   0   1   0   0   6   8  25   0   0   0   1  0.23 0.06
  342 Q     0  -1   0   1  -2   4   0   0   2  -3  -3   0  -2  -3  -1   2   0  -3  -2  -2    6   0   0  11   0  35   0   6   7   0   1   0   0   0   0  28   0   0   0   1  0.36 0.09
  343 W    -1  -2   0  -2  -2  -2  -2  -2  -2   0   0  -2  -1   1  -3   0   1   8   0   2    1   0   7   0   0   0   0   1   0   0   6   0   0   8   0   6  13  32   0  23  0.63 0.10
  344 L    -2  -2   0  -3  -2  -2  -3  -3  -2   0   3  -2   2   4   1  -2  -2  -1   0   0    1   0   6   0   0   0   0   1   0   0  43   0   5  33   7   1   0   0   0   1  0.36 0.09
  345 A     1   2  -1  -1  -2   1   0   1  -1  -2  -1   1  -1  -2   2   0  -1  -2  -2  -1   23  15   1   1   0   8   1  14   0   1   9  10   0   1  12   1   1   0   1   1  0.18 0.04
  346 M     2  -2  -2  -2  -1  -1  -1  -1  -2   1   1  -1   2  -1   1   0  -1  -2  -1   1   32   1   1   1   0   1   1   1   0   8  22   1   9   1   7   1   1   0   1  10  0.14 0.04
  347 L    -1  -2  -1   0  -1  -1  -1  -2  -2   1   2  -1   2  -1  -2   0   3  -2  -1   0    1   1   1   8   0   1   1   1   0   7  28   1  11   1   1   1  35   0   0   1  0.20 0.07
  348 P    -2  -3  -2   1  -4  -2  -2  -3  -3  -4  -4  -2  -4  -5   8  -2  -2  -5  -4  -3    0   0   0   9   0   0   0   0   0   0   0   0   0   0  91   0   0   0   0   0  2.17 0.22
  349 E     1   1   1   1  -2   0   1   0   3  -2  -2   0  -2  -3  -2   1  -1  -3  -1  -1   16   9   7  11   0   0  13   5  15   0   0   5   0   0   0  11   0   0   0   8  0.19 0.05
  350 T    -2  -2   0   5  -3   0   3  -2  -2  -3  -3  -1  -2   0  -2   0   2  -3  -2  -2    0   0   0  45   0   0  21   0   0   0   0   0   0   7   0   0  27   0   0   0  0.57 0.12
  351 F    -1  -2  -3  -3  -1  -2  -3  -3  -3   2   2  -2   1   1  -2  -2  -1  -2  -1   3    1   1   0   1   0   0   1   1   0  14  18   1   0   9   1   1   1   0   0  51  0.33 0.08
  352 V     1  -2  -3  -3  -1  -2  -2  -2  -2   1   2  -2   1   1  -2  -1  -1  -2  -1   2   16   1   0   1   0   0   1   1   0   1  38   1   0   8   1   1   1   0   0  30  0.22 0.06
  353 Q     3  -2  -1  -2  -1   1  -1   2  -2   0  -2  -1  -1  -3  -2   1   0  -3  -2  -1   53   0   0   0   0  13   0  15   0   7   0   0   0   0   0   7   5   0   0   0  0.33 0.10
  354 A     2  -1   2  -1  -2  -1  -1  -1  -2  -1  -2   1  -1  -3  -2   1   1  -3  -2   1   34   0  14   0   0   0   0   0   0   0   0  16   0   0   0  12   8   0   0  16  0.21 0.07
  355 H     2   1   2  -1  -2  -1  -1  -1   2  -2  -2  -1  -2   0  -2   2   0  -3  -1  -2   35  11  13   0   0   0   0   0   8   0   0   0   0   7   0  21   5   0   0   0  0.24 0.08
  356 L    -2  -3  -3  -4  -2   0  -3  -4  -2   2   2  -3   0   5  -4  -3  -2  -1   1   0    0   0   0   0   0   7   0   0   0  16  31   0   0  46   0   0   0   0   0   0  0.52 0.11
  357 D    -1   0   4   2  -3   1   0   2  -1  -3  -3   2  -2  -3  -2   0  -1  -4  -3  -1    0   0  29  16   0  10   0  19   0   0   0  18   0   0   0   0   0   0   0   7  0.37 0.09
  358 L     1  -2  -2   0  -1  -2  -2  -2  -2   1   2  -2   1   2  -2  -1  -1  -2  -1   1   18   0   0   7   0   0   0   1   0   8  36   0   0  11   0   1   0   0   0  14  0.16 0.05
  359 G     0   1  -1   1  -2  -1  -1   2  -2  -3  -3   0  -2  -3   4   1  -1  -3  -2  -2    6  14   0   8   0   0   0  19   0   0   1   5   0   0  27  17   0   0   0   1  0.45 0.06
  360 K     0   0   1   1  -2   1   0  -2   3  -1  -2   1  -1  -1  -2   2   0  -2   2  -1    6   0   9   8   0   9   0   0  10   9   0  15   0   0   0  25   0   0  11   0  0.18 0.06
  361 D     0   1  -1   2  -3   0   1  -2  -1   0  -2   2  -1  -1   1   0  -1  -2   2  -1    9   9   0  13   0   0  14   0   0   8   0  19   0   0   6   5   0   0  12   5  0.16 0.04
  362 F    -1  -1  -2  -2  -2   2   0  -3  -2   0  -1  -1   2   1  -2  -1   1   5   0   2    0   0   0   0   0  20   6   0   0   0   0   0  11   9   0   0  17  12   0  26  0.27 0.09
  363 T    -1  -3  -2   1  -2  -2  -2  -3  -3   3   1  -2   2  -1  -3  -2   1  -3  -2   3    0   0   0  12   0   0   0   0   0  32  14   0   8   0   0   0   9   0   0  26  0.26 0.07
  364 D     1  -1   1   4  -3   1   2  -2  -1  -3  -3   1  -2  -3  -2   0   1  -4  -3  -2   14   0   8  32   0   6  16   0   0   0   0  14   0   0   0   0   9   0   0   0  0.39 0.07
  365 V    -1   0  -1  -1  -3   3   1  -2  -1  -1   1   3   1  -2  -2   0  -1  -3  -2   0    0   0   0   0   0  22   9   0   0   0  17  31   8   0   0   5   0   0   0   9  0.23 0.08
  366 L    -1  -2  -3  -3   3   0  -2  -3  -3   3   3  -2   1  -1  -3   0  -1  -3  -2   1    0   0   0   0  12   8   0   0   0  27  45   0   0   0   0   9   0   0   0   0  0.31 0.09
  367 S    -1   2  -1  -2  -3   0   0  -2  -1   0  -2   4  -1   1  -2   0   0  -3  -1  -1    0  13   0   0   0   0   0   0   0  12   0  50   0   9   0   9   8   0   0   0  0.31 0.10
  368 K     1   1  -1  -1  -2   2   1   0  -1  -2  -1   3  -1  -3  -2   1  -1  -3  -2  -2   10   0   0   0   0  12   6   7   0   0   6  41   0   0   0  18   0   0   0   0  0.30 0.08
  369 E    -1   2   2   1  -3   2   3  -2  -1  -3  -3   2  -2  -3  -2   0   1  -3  -2  -2    0  13  11   5   0  11  28   0   0   0   0  22   0   0   0   0  10   0   0   0  0.41 0.06
  370 K    -1   2   0   1  -3   0   0  -2  -1  -3  -2   3  -2   1  -2   1  -1  -2   2  -2    0  12   0  12   0   0   0   0   0   0   0  42   0  10   0  14   0   0   9   0  0.29 0.06
  371 H     0  -1  -1  -1  -2   3   1   1   3  -1  -2   0  -1  -3   2  -1  -1  -3  -1   1    9   0   0   0   0  26  12  12  11   0   0   0   0   0  10   0   0   0   0  19  0.22 0.05
  372 P    -1  -2  -2  -2  -3  -2  -2  -2  -1  -3  -3  -1  -3  -2   7   1  -1  -2   2  -3    0   0   0   0   0   0   0   0   0   0   0   0   0   0  72  14   0   0  14   0  1.41 0.09
  373 V    -1  -2  -2  -3  -1  -2  -2  -3  -3   2   2  -2   1  -1  -2  -1   2  -3  -1   3    0   0   0   0   0   0   0   0   0  18  18   0   0   0   0   0  19   0   0  45  0.28 0.03
  374 V    -1  -3  -3  -3  -1  -3  -3  -4  -3   4   1  -3   1  -1  -3  -2  -1  -3  -2   4    0   0   0   0   0   0   0   0   0  46   0   0   0   0   0   0   0   0   0  54  0.44 0.05
  375 K    -1   1   0  -1  -3   5   1  -2   0  -3  -3   3  -1  -3  -1   1  -1  -3  -2  -2    0   0   0   0   0  57   0   0   0   0   0  32   0   0   0  11   0   0   0   0  0.52 0.04
  376 K    -1   1  -1  -1  -3   1   0  -2  -1  -3  -3   4  -2  -3   5   0  -1  -3  -2  -2    0   0   0   0   0   0   0   0   0   0   0  67   0   0  33   0   0   0   0   0  0.70 0.02
  377 K    -1   2   0  -1  -3   4   1  -2   0  -3  -2   4  -1  -3  -1   0  -1  -3  -2  -2    0   0   0   0   0  47   0   0   0   0   0  53   0   0   0   0   0   0   0   0  0.49 0.00

                      K         Lambda
Standard Ungapped    0.1359     0.3164
Standard Gapped      0.0394     0.2670
PSI Ungapped         0.1287     0.3178
PSI Gapped           0.0394     0.2670
