
Last position-specific scoring matrix computed, weighted observed percentages rounded down, information per position, and relative weight of gapless real matches to pseudocounts
            A   R   N   D   C   Q   E   G   H   I   L   K   M   F   P   S   T   W   Y   V   A   R   N   D   C   Q   E   G   H   I   L   K   M   F   P   S   T   W   Y   V
    1 G     0  -3  -1  -2  -3  -2  -3   6  -3  -4  -4  -2  -3  -4  -3  -1  -2  -3  -4  -4    0   0   0   0   0   0   0 100   0   0   0   0   0   0   0   0   0   0   0   0  1.29 0.10
    2 I    -2  -4  -5  -5  -3  -4  -4  -5  -4   4   3  -4   3  -1  -4  -4  -2   0  -3   3    0   0   0   0   0   0   0   0   0  24  38   0   8   0   0   0   0   2   0  29  0.75 0.28
    3 T     0   1   0  -1  -3   2   0  -3  -2  -2   1   3  -1  -3  -3   0   1  -4  -2  -1    6   6   3   1   0  13   5   0   0   0  19  24   0   0   0   7  10   0   1   5  0.23 0.17
    4 L    -1  -4  -4  -4  -3  -4  -2  -5  -5   4   1  -2   0  -2  -1  -3  -1  -4  -3   4    4   0   0   0   0   0   2   0   0  30  11   3   1   0   2   0   3   0   0  44  0.69 0.30
    5 G    -2  -4  -2  -4  -5  -3  -5   7  -4  -6  -6  -4  -5  -6  -5  -2  -2  -5  -2  -6    0   1   1   0   0   1   0  92   0   0   0   0   0   0   0   1   2   0   2   0  1.97 0.57
    6 E    -1  -2   0   5  -5   2   2  -2  -1  -5  -5   2  -4  -5  -3   0  -2  -5  -3  -4    4   0   3  44   0  10  10   2   1   0   0  15   0   0   0   8   1   0   1   0  0.80 0.33
    7 V    -1   1  -1   0  -3   1   0  -3  -1   0  -1   3  -1  -1   2   0   2  -4  -3   0    4   5   1   4   0   6   6   0   1   5   4  22   1   2  11   4  16   0   0   7  0.22 0.16
    8 F     4  -4  -2  -4  -3  -3  -4  -3  -4   0  -1  -3  -2   3   0  -2  -2  -4  -2   2   52   0   2   0   0   0   0   0   0   5   4   0   0  17   4   0   0   0   0  16  0.67 0.35
    9 P    -3  -5  -5  -5  -6  -3  -4  -5  -1  -6  -4  -2  -5  -7   8  -4  -3  -7  -6  -5    1   0   0   0   0   1   0   0   2   0   2   2   0   0  91   0   1   0   0   0  2.69 0.73
   10 N     0  -1   3   5  -4   0   3  -3  -1  -3  -5  -1  -4  -5   0   0  -1  -5  -2  -4    7   2  15  39   0   3  17   0   1   2   0   3   0   0   4   5   2   0   1   0  0.68 0.30
   11 F    -2  -5  -5  -5  -4  -5  -3  -5  -4  -1   0  -5   1   8  -5  -4  -2   1   1   1    3   0   0   0   0   0   2   0   0   3   7   0   3  68   0   1   2   2   1   8  1.39 0.47
   12 E    -1   0  -1   1  -3   1   3  -3  -2  -1  -2   1  -2  -4  -3   1   3  -4  -3  -1    2   4   1   7   0   6  21   0   0   3   2  11   0   0   0   9  28   0   0   5  0.36 0.23
   13 A     2  -3  -4  -3  -3  -2  -1  -1  -4   0   3  -3   1  -1  -4  -2  -1  -4  -3   3   17   0   0   1   0   1   3   5   0   0  33   0   2   2   0   1   3   0   0  31  0.39 0.25
   14 D    -2   0   2   3  -4   0   1  -1  -1  -1  -1   2  -2  -4   1  -1   1  -4  -3  -1    0   3   9  20   0   3  10   3   1   4   5  14   1   0   8   2  11   0   0   6  0.25 0.16
   15 S     2  -2   1   3  -3   0  -1   1  -3  -2  -4  -2  -3  -4  -3   1   3  -4  -4  -2   19   1   6  17   0   5   2  13   0   1   0   1   0   0   0   7  26   0   0   1  0.41 0.24
   16 T    -1  -1   1   1  -1   2   1  -2  -2   0  -1   0  -1  -1  -2   0   2  -3  -2   1    3   2   7  10   1  10   8   1   0   4   6   3   0   2   1   5  22   0   0  14  0.16 0.15
   17 I    -2  -2  -1   1  -1   1   0  -3   3   0   2   0   0   3  -1  -1  -1  -3  -1  -1    2   1   1  12   1   7   4   1  11   5  22   5   2  15   2   5   1   0   0   3  0.15 0.14
   18 G    -2  -2   1  -1  -1   1   0   5  -3  -4  -2   2  -3  -4  -3   1  -2  -4  -4  -4    0   0   8   3   1   5   6  46   0   0   6  15   0   0   0  10   0   0   0   0  0.62 0.29
   19 K    -2   0   1   1  -4   1   2  -1   0  -3  -2   3  -2  -2   2  -1   1  -4  -2  -1    0   3   5   6   0   7  19   5   2   1   2  21   0   2   8   2  11   0   1   4  0.27 0.17
   20 L    -2  -1  -3  -3  -3  -3  -2  -2  -2   4   0   0   1   1  -2  -3  -1  -4  -2   3    1   3   1   1   0   0   3   3   1  32   6   8   3   7   2   0   3   0   0  28  0.37 0.22
   21 K    -1   2   1   0  -3   0   0  -3  -1  -2  -2   3  -1  -2   0   2   2  -4  -3  -1    1  10   5   4   0   1   5   0   1   2   2  23   1   1   3  21  13   0   0   4  0.29 0.19
   22 F    -3  -4  -4  -4  -3  -3  -4  -5  -4   1   5  -3   0   2  -4   0   0   0  -2   1    0   0   0   1   0   0   0   0   0   7  60   1   1   8   0   8   6   1   0   7  0.66 0.31
   23 H     1   0  -1  -1  -3   0   0  -2   3  -2  -1   1  -2  -2   1   2  -1  -3   1  -2    9   6   1   3   0   3   3   1  10   1   8   9   0   1   8  27   1   0   5   2  0.21 0.16
   24 D    -2  -2   0   6  -3   0   2  -1  -1  -5  -5   0  -4  -5  -3   0  -1  -5  -3  -3    2   1   1  59   0   2  12   5   1   0   0   6   0   0   0   6   2   0   1   1  0.98 0.35
   25 W    -3  -3  -1   1  -4  -1  -1  -2   1   1   0  -2  -2   3  -4  -2  -2   2   6  -2    1   0   3  11   0   2   4   2   3   8  11   3   0  15   0   1   1   2  34   0  0.52 0.24
   26 L     1   1  -2  -1   0  -1  -1  -2  -1   0   1   0   0   3  -2  -1   0   0   1   0   15  12   0   3   2   1   3   1   1   3  17   5   1  18   0   3   5   1   4   4  0.10 0.09
   27 G     1   0   0  -2  -4  -1  -1   4  -1  -4  -4   4  -3  -5  -2   0  -1  -4  -4  -4   10   2   3   1   0   1   1  39   1   0   0  36   0   0   1   4   2   0   0   0  0.69 0.28
   28 N    -1  -1   1   1  -4   0  -2   5  -2  -4  -4   3  -3  -4  -3  -1  -2  -4  -4  -4    3   1   7   9   0   3   0  46   0   0   1  25   0   0   0   0   1   0   0   0  0.70 0.25
   29 S    -2   2  -1  -2  -4   0   0   0  -1  -4  -4   6  -3  -5  -3   0  -2  -5  -3  -2    1   7   2   0   0   3   4   6   1   0   0  64   0   0   0   8   1   0   0   4  0.84 0.34
   30 W    -2   0  -1  -3  -3  -2  -2  -1  -2  -2  -3   2  -2  -1   1  -1  -1   8   3  -1    1   4   3   1   0   1   1   6   0   1   1  19   0   1   6   3   4  29  14   5  0.78 0.24
   31 G    -1  -1  -3  -4  -3  -1  -3  -1  -4   1   1  -1  -1   2  -4  -1   0  -2  -2   4    2   3   1   0   0   2   0   5   0   1  14   5   0  10   0   5   4   0   0  49  0.37 0.23
   32 V    -2  -3  -5  -5  -3  -4  -4  -5  -4   4   1  -4   1   1  -4  -4  -2  -4  -2   5    0   1   0   0   0   0   0   0   0  30  13   0   2   6   0   0   0   0   1  47  0.81 0.30
   33 L    -3  -4  -3  -5  -3  -4  -4  -5  -4   2   5  -4   1   0  -4  -1  -2  -3  -2   1    0   0   1   0   0   0   0   0   0  11  66   0   1   3   0   7   0   0   0  10  0.77 0.30
   34 F    -2  -4   2  -4   3  -4  -4  -3  -2   0  -1  -4  -2   6  -4  -1  -3  -2   3   1    2   0  14   0   7   0   0   1   0   5   2   0   0  45   0   4   0   0   9  12  0.72 0.30
   35 S     0  -4  -3  -4  -3  -3  -4  -1  -3   1  -2  -3  -2   6  -4   2  -1  -2   0   1    7   0   0   0   0   0   0   5   0   7   0   0   0  47   0  22   2   0   0  10  0.70 0.32
   36 H    -3  -3  -3  -4  -4  -3  -4  -5   5   0   0  -4  -1   2   1  -3  -3   6   5   1    0   0   0   0   0   0   0   0  16   4   6   0   1   9   8   0   0  12  29  14  0.84 0.31
   37 P    -2  -4  -3  -3  -4  -3  -3  -3  -4  -4  -4  -3  -4  -5   8   1  -3  -5  -4  -4    1   0   0   1   0   0   1   1   0   1   1   1   0   0  80  12   1   0   0   1  2.10 0.48
   38 R     2   0  -2  -3  -3  -2  -2   3  -3   0   0   0   0  -3  -3   1  -1  -4  -3  -2   23   4   0   0   0   0   0  29   0   8  13   8   2   0   0  13   0   0   0   0  0.32 0.19
   39 D     2  -3   0   6  -4  -2  -1  -3  -3   0  -2  -3  -3  -4  -3  -1   1  -5  -4  -1   25   0   2  50   0   0   0   0   0   5   4   0   0   0   0   0  10   0   0   4  0.75 0.32
   40 F    -3  -3  -2   2  -4  -3  -2  -4  -2  -2  -1  -3   1   7  -4  -1  -3   6   2  -3    1   0   1  14   0   0   3   1   0   0   2   0   4  51   0   4   0  10   6   1  0.97 0.32
   41 T    -2  -4  -3  -4   4  -3  -3  -2  -4  -3  -4  -3  -3  -5  -2   0   7  -5  -4  -3    0   0   0   0  10   0   0   3   0   0   0   0   0   0   2   3  82   0   0   0  1.48 0.52
   42 P    -2  -4  -3  -2  -4  -3  -2   2  -3  -4  -4  -1  -4   4   6  -2  -3  -3   0  -4    2   0   0   1   0   0   2  17   0   0   0   4   0  20  48   2   0   0   3   0  1.15 0.36
   43 V    -2  -4  -2  -4  -3  -4  -4   1  -4   2  -1  -4  -1  -3   1  -3   1  -5  -3   5    0   0   1   0   0   0   0  13   0  10   1   0   0   0   8   0   9   0   0  57  0.66 0.31
   44 S    -3  -6  -5  -6  11  -6  -6  -5  -6  -4  -4  -6  -4  -5  -6  -2  -4  -5  -5  -1    0   0   0   0  93   0   0   0   0   0   0   0   0   0   0   3   0   0   0   3  3.20 0.72
   45 T     0  -2  -2   1  -3  -1   0  -3  -1  -3  -4  -1  -3  -4   4   2   4  -4  -1  -3    8   1   0   7   0   2   4   0   1   0   0   3   0   0  24  16  30   0   2   0  0.59 0.26
   46 T     0   0  -1  -2  -3   1  -1  -2  -3  -2  -1   1  -1  -4  -3   1   5  -4  -3  -1    9   3   1   0   0   6   3   2   0   0   6  12   1   0   0   6  49   0   0   2  0.50 0.27
   47 E    -3  -1  -2  -1  -5   4   6  -4   4  -5  -5  -1  -4  -5  -3   0  -3  -5  -3  -5    0   2   0   0   0  24  59   0  10   0   0   0   0   0   0   6   0   0   0   0  1.21 0.43
   48 L     0  -3  -3  -3  -2  -3  -3  -2   1   3   2  -3   2   2  -3  -2   2  -3  -1   1   11   0   0   0   0   0   0   2   4  20  19   0   6  11   0   0  15   0   0  11  0.26 0.16
   49 G    -1   2  -1  -1   4  -1  -1  -1  -2   1  -2   0   0  -2   3   0  -1  -3  -1   1    3  17   2   2  11   0   4   5   0  10   1   5   3   1  16   5   3   0   2  10  0.22 0.13
   50 R     2   2  -1   1  -3   0   0   1   0  -2  -2   1  -2  -2  -1   0   0  -3   1  -1   24  12   1   9   0   2   5  14   3   0   2  11   0   0   1   3   4   0   6   3  0.17 0.12
   51 V    -2  -4  -5  -5  -4  -4  -4  -5  -3   1   1  -4   4   7  -5  -4  -3  -1   3  -1    3   0   0   0   0   0   0   0   0   6  11   0  11  57   0   0   0   0   7   3  1.11 0.36
   52 I     1   2   4   0  -3   1   0  -1   0   0  -3  -1  -2  -4  -3   2  -1  -4  -3  -1   14  12  26   2   0   7   3   1   2   7   0   1   0   0   0  18   1   0   0   4  0.32 0.20
   53 Q    -1   0   1   4  -4   2   3  -1   1  -4  -4   2  -3  -4  -3   0  -2  -4  -3  -4    5   2   7  24   0  11  24   2   3   1   0  15   0   0   0   5   0   0   0   0  0.55 0.22
   54 L    -1   2   1  -2  -3   1   1  -3   1  -1   1   1  -1   0  -3  -1  -1  -3   1  -1    3  18   7   0   0   8  12   0   4   2  19  10   1   3   0   4   2   0   6   2  0.17 0.13
   55 E     3  -3  -2  -4  -2  -1  -2  -3   0   0   1  -1   1   0  -3  -2  -2   0   5   0   33   0   2   0   0   2   1   0   2   4  15   2   3   2   0   0   0   1  27   6  0.42 0.24
   56 G     1  -2   0   1  -3  -1   2   0  -2  -4  -4   1  -3  -4   4   2  -1  -4  -3  -3   13   0   4   8   0   1  18   8   0   0   0   9   0   0  19  17   2   0   0   1  0.43 0.19
   57 D    -1  -1   0   2   1   1   5  -1  -1  -3  -3   2  -2  -4  -3  -1  -2  -4  -3  -2    5   1   2  10   3   3  47   5   1   1   1  14   1   0   0   2   0   0   0   2  0.57 0.25
   58 F    -3  -4  -4  -5  -3  -4  -3  -5  -3   1   3  -4   0   6  -5  -4  -3  -1   2  -2    1   0   0   0   0   0   2   0   0   6  30   0   2  51   0   0   0   0   7   0  1.00 0.33
   59 K     0   2   0   2  -4   2   2  -2   1  -4  -3   3  -2  -4  -2   0  -1  -4  -3  -3   10  11   2  10   0  12  15   2   3   0   2  28   0   0   0   3   1   0   0   1  0.42 0.19
   60 K     1   0   0   1  -3   0   2  -1  -1  -3  -3   4  -2  -3  -2   1  -1  -3  -2  -2   10   2   3   9   0   2  16   3   0   1   1  33   0   1   1  12   2   0   0   2  0.35 0.16
   61 R     0   2  -1   0  -2   1  -1  -2  -1   0   1   2   0  -1  -2  -1  -1  -2   1   0    8  13   2   5   0   6   1   1   1   5  22  19   1   1   1   3   1   0   5   5  0.11 0.09
   62 G    -2  -2   5   1  -4  -2  -2   5  -2  -5  -5  -1  -4  -4  -3  -1  -2  -4  -4  -4    0   2  30   7   0   0   0  54   0   0   0   2   0   0   0   2   0   0   0   0  1.05 0.33
   63 V     1  -3  -3  -4   3  -3  -3  -3  -4   1  -1  -3  -1  -2  -3  -1   3  -4  -2   4   15   0   0   0   6   0   0   0   0   4   4   0   0   1   0   2  21   0   1  45  0.52 0.26
   64 K     0  -1   0   3  -3   2   4  -3  -2  -2  -3   2  -2  -4  -2  -1   0  -4  -3   0    6   0   4  16   0   9  34   0   0   0   0  12   1   0   0   3   4   0   0  10  0.44 0.20
   65 L    -1  -3  -5  -5  -3  -4  -4  -5  -5   3   2  -4   0  -2  -2  -3  -1  -4  -3   5    3   1   0   0   0   0   0   0   0  21  16   0   1   0   2   0   2   0   0  54  0.78 0.30
   66 I    -3  -4  -5  -5  -3  -4  -5  -6  -4   5   3  -4   0   0  -5  -4  -2  -3   2   3    0   0   0   0   0   0   0   0   0  34  36   0   1   3   0   0   1   0   7  18  0.83 0.35
   67 A     3  -4  -3  -4   4  -3  -4   4  -4  -2  -3  -3  -3  -2  -4   0   1  -4  -4   0   25   0   0   0  10   0   0  40   0   1   2   0   0   2   0   5   8   0   0   6  0.72 0.34
   68 L    -1  -5  -5  -5   3  -4  -5  -5  -5   4   3  -4   0  -1  -5  -4  -2  -4  -3   4    4   0   0   0   6   0   0   0   0  25  25   0   1   2   0   0   1   0   0  36  0.80 0.34
   69 S    -1  -4   1  -3  -4  -3  -3  -3  -4  -5  -5  -3  -4  -5  -4   7   0  -5  -4  -4    3   0   5   0   0   0   0   0   0   0   0   0   0   0   0  86   4   0   0   0  1.58 0.64
   70 C    -1  -2  -3  -4   3  -2  -3  -1  -3   1  -1  -1   2  -2   0  -1   2  -4   0   4    4   1   0   0   7   1   0   5   0   8   2   3   5   1   4   2  15   0   3  37  0.34 0.24
   71 D    -4  -4   3   7  -6  -3  -1  -2  -4  -6  -6  -3  -5  -6  -4  -3  -4  -6  -5  -6    0   0  14  79   0   0   1   3   0   0   0   0   0   0   0   0   0   0   0   0  1.92 0.62
   72 N    -1  -2   0   3  -3   1  -1  -2  -3  -3   1  -1  -2  -3  -1   3   1  -4  -3  -3    3   0   4  21   0   6   1   2   0   0  18   2   0   0   3  31   9   0   0   0  0.38 0.27
   73 V     0  -2  -1  -2  -4   0   0  -2   3  -1  -2  -2  -3  -4   5  -1  -1  -5  -3   3    8   2   3   2   0   4   5   3   9   2   1   1   0   0  31   3   3   0   0  25  0.58 0.29
   74 A    -3  -3  -3  -2  -5   0   2  -5  -2  -2  -3  -1  -3   7  -2  -3  -3  -2   3  -3    2   1   1   2   0   4  13   0   0   2   0   4   0  56   3   1   1   0   9   0  1.06 0.44
   75 D     2  -3  -1  -1   2  -2  -2  -3  -3  -2  -3   0  -1  -4  -3   3   1  -4  -3   2   20   0   2   4   4   0   0   0   0   0   0   7   1   0   0  32   9   0   0  20  0.43 0.29
   76 H    -2  -3  -1  -2  -4   3  -2  -4   8   0  -1  -2   4  -3  -4  -1  -2  -2  -2  -3    3   0   1   2   0  15   0   0  49   5   5   1  11   0   0   3   2   1   0   0  1.20 0.47
   77 K     0   0   0  -2   0   0   0  -1  -2   1   1   3  -1  -1  -2   0   0  -3  -2  -1    7   2   4   0   2   4   4   5   1  12  19  26   0   3   0   5   4   0   0   0  0.14 0.15
   78 E     3   2  -2  -1  -3   2   2  -1  -2  -2  -3   2  -1  -4  -2  -1  -1  -4  -3  -2   38  13   0   2   0   9  12   4   0   2   1  13   1   0   0   1   2   0   0   1  0.42 0.25
   79 W    -5  -5  -5  -6  -2  -5  -5  -3  -5  -4  -4  -3  -4   4  -5  -5  -5  12   0  -1    1   0   0   0   1   0   0   2   0   0   1   2   0  16   0   1   0  69   2   4  2.92 0.75
   80 S     0  -1  -2  -2   5  -1  -2   0   2   2   0   0   0  -2  -2   0   0  -3  -2   1   10   2   1   1  15   3   1   7   6  17   8   7   2   1   1   6   6   0   0   8  0.16 0.12
   81 E    -1   0   4   1  -3   1   3  -2  -1  -3  -2   2  -1  -3  -2   0  -1  -3  -2  -2    3   4  22   6   0   5  21   2   1   1   4  17   2   1   1   6   3   0   1   2  0.35 0.17
   82 D     0  -1   0   2   0   0  -1  -2   0  -1  -1   0  -1   0  -1   0   2   4  -1  -1    6   2   4  15   2   3   2   2   2   3   6   6   1   6   2   7  19   8   1   4  0.15 0.10
   83 V    -1  -1   0   0  -2   0  -1  -2   0   2   0  -1   0   0   2   0  -1  -1   1   0    4   3   6   6   1   4   4   2   3  20   7   2   3   4  11   7   2   0   6   6  0.08 0.06
   84 K    -1   3   1   0  -2   1   1  -1   0  -2  -2   3  -1  -2   0  -1  -1  -2  -1  -1    2  21   8   3   1   5  11   3   1   2   3  21   1   1   4   2   2   0   2   6  0.25 0.12
   85 C     2   0  -1   1  -1   0   2  -1  -1  -1  -1   2  -2  -1  -1   0  -1  -2  -2  -1   23   5   1   7   1   4  18   3   1   3   4  16   1   2   1   6   2   0   1   2  0.19 0.12
   86 L     0   0   1   0   0   1   1  -1   2  -1  -1   1  -1   0  -1   0   0  -1   1  -1    8   2   8   4   2   8  11   2   6   5   4  10   2   3   1   7   4   0   8   4  0.08 0.06
   87 S     0  -1   1  -1   0  -1   0   3   0  -1   0   0  -1   1  -2   0   0  -2   0  -1    6   1   6   3   2   2   5  27   2   2   9   6   1   8   1   7   5   0   2   2  0.13 0.08
   88 G     0  -2   0  -2  -1  -2  -1   5   1  -2  -2   1  -1  -3   1  -1  -2  -3  -2  -2    6   1   5   1   1   1   3  46   4   3   3  10   1   1   7   2   1   0   1   3  0.49 0.19
   89 V     1  -1  -2   0  -1  -1   0  -1  -2   1   2  -1   0  -1  -2  -1   0  -2  -1   1   13   3   1   6   0   2   5   6   1   8  24   2   2   1   1   4   3   0   2  16  0.07 0.07
   90 K     0   1   1   1  -2   1   2  -1  -1  -1  -1   2  -1  -2  -1   0   0  -2  -1  -1    6   6   6  10   1   7  13   5   1   3   7  16   1   1   3   4   5   1   1   5  0.11 0.05
   91 G    -1  -1   1   1  -1   0   0   3  -1  -1  -1   0  -1   0  -1   0  -1  -2   1  -1    4   2   7   8   2   4   4  30   1   3   6   6   1   4   2   4   3   0   5   4  0.17 0.08
   92 D     0   0   0   2  -2   1   1   0   0  -1  -1   1  -1  -2   0   0   0  -3  -2  -1    8   3   5  14   0   5  12   8   2   3   6  14   1   1   4   4   5   0   0   5  0.12 0.07
   93 M    -1  -3  -1  -1  -2  -2  -2  -4  -3   3   2  -1   2   1  -3  -2  -1  -3  -2   2    3   0   3   4   0   0   3   1   0  26  26   3   6   6   0   2   2   0   0  14  0.31 0.18
   94 P    -2  -1   4   0  -3   0   0  -2  -1  -3  -2   1  -2  -4   4   0   2  -4  -3  -2    2   1  24   4   0   3   5   2   1   0   5  12   1   0  19   4  16   0   0   2  0.46 0.24
   95 Y    -2  -3  -4  -4  -3  -3  -4  -4  -2   1   0  -3  -1   6  -4  -3  -3   0   4   1    2   1   1   1   0   1   1   1   0   9   6   1   0  45   1   1   1   1  17  11  0.91 0.32
   96 P    -1  -2  -2  -2  -3  -2  -2  -3   0  -1  -2  -1  -1  -3   7  -1   2  -3  -3  -2    4   2   1   1   0   1   2   2   2   4   3   2   2   1  53   4  13   0   1   2  1.08 0.33
   97 I    -2  -3  -3  -4  -2  -3  -3  -4  -3   3   3  -3   3   1  -2  -3   0  -3  -2   2    2   1   1   1   0   0   1   1   0  19  34   1  11   4   2   1   5   0   0  17  0.48 0.22
   98 I     0  -4  -5  -5  -3  -4  -4  -5  -4   4   4  -4   1  -1  -2  -2  -2  -4  -2   2    7   0   0   0   0   0   0   0   0  28  40   0   1   1   2   2   0   0   1  17  0.66 0.30
   99 A     3  -2  -2  -2  -1  -2  -1   0  -1  -1  -3  -2  -3  -4   0   4  -1  -1  -3  -2   28   1   0   1   1   0   2   7   2   4   2   0   0   0   3  44   2   1   0   1  0.56 0.34
  100 D    -2  -5  -2   8  -6  -4  -2  -4  -4  -6  -6  -4  -6  -2  -5  -3  -2  -7  -3  -6    3   0   0  90   0   0   0   0   0   0   0   0   0   2   0   0   2   0   1   0  2.25 0.79
  101 E    -1   0  -1   0  -3  -1   0   1  -1   0  -1   1  -2   1   4  -1   0  -3  -1  -1    4   4   1   5   0   1   8  10   1   6   7  10   0   9  22   1   6   0   1   4  0.25 0.17
  102 T    -2   1   3   3  -4   0  -1   0  -1  -4  -3   1   0  -3  -3   0   2  -5  -3  -3    1   9  17  21   0   3   2   7   1   0   2  11   4   1   0   7  14   0   0   0  0.40 0.27
  103 R    -1   3   1  -1  -4   0  -1   3   3  -4  -2   2   0  -1  -2  -2  -2  -4  -1  -4    3  20   5   3   0   3   1  28  10   0   4  12   3   3   2   1   1   0   2   0  0.41 0.27
  104 E     0   1   0   1  -1   1   3  -3  -1  -2  -3   2  -1  -3  -3   1   1  -4  -3  -1    7   6   3   9   1   5  24   0   1   1   0  14   1   1   0  14   8   0   0   4  0.33 0.23
  105 L    -2  -4  -5  -3   0  -4  -5  -5  -4   4   2  -4  -1   4  -5  -4  -3  -3   1   3    2   0   0   1   2   0   0   0   0  24  19   0   0  23   0   0   0   0   3  25  0.73 0.36
  106 A     3  -1  -1  -3   1  -1  -2   2   0   0  -2  -1  -1  -4  -3   2   2  -4  -3  -2   25   3   1   0   3   2   0  13   3   6   2   3   2   0   0  21  14   0   0   0  0.34 0.26
  107 V    -1   3   1   0  -4   2   2  -2   0  -2  -3   4  -3  -3  -2  -1   1  -4  -3  -2    3  19   6   3   0   8  12   2   2   3   1  28   0   1   1   1   8   0   0   2  0.42 0.27
  108 K     2   0   0   2  -3   2   1  -2  -2  -3   0   2  -1  -4  -3   0  -1  -4  -3  -3   23   3   5  14   0  11   8   1   0   0  10  16   2   0   0   7   2   0   0   0  0.30 0.24
  109 L    -3  -5  -5  -3  -2  -4  -5  -6  -2  -1   3  -5   1   3  -6  -4  -2   3   7  -3    1   0   0   2   1   0   0   0   0   3  31   0   4  12   0   0   2   4  41   0  1.16 0.52
  110 G    -2  -5   2   2  -5  -3  -4   6  -2  -6  -4  -2  -5  -6  -5  -3  -4  -6  -6  -6    1   0   8  10   0   1   0  74   1   0   2   2   0   0   0   0   0   0   0   0  1.54 0.60
  111 M    -1  -2  -3  -5  -3  -4  -4  -5  -5   1   2  -4   6  -3  -5  -3  -1   1  -3   5    4   2   1   0   0   0   0   0   0   5  14   0  23   0   0   1   2   2   0  45  0.87 0.44
  112 V    -1  -3  -3  -3  -2  -1  -1  -3   0   2   3  -3   2   0  -3  -2  -1   2   1   1    5   1   1   1   0   2   4   1   2  16  37   1   4   3   1   1   4   4   7   8  0.32 0.19
  113 D    -1  -1   1   3  -3   0   0   0   3   2  -1   0   0  -2  -2  -1  -1  -3  -2   0    3   2   6  20   0   3   3   7  11  16   7   8   2   1   1   4   1   0   1   4  0.16 0.14
  114 P     1  -2   0   1  -3  -1   4  -2  -1  -3  -3   0  -3  -4   5  -1  -1  -4  -3  -2   13   1   3   8   0   1  28   3   1   1   2   5   0   0  26   2   3   0   0   2  0.62 0.30
  115 D     0  -1   0   4  -3   0   3   0  -2  -2  -1   1  -2  -2  -1   0  -2  -3  -1  -2    7   2   2  24   0   4  24   6   0   2   8  10   0   1   2   4   1   0   2   1  0.34 0.21
  116 E     0   0   0   2  -2   1   2   0  -1  -1  -1   1   0  -2  -1   1  -1  -2  -2  -1    7   3   4  10   1   4  18   6   1   6   5  11   3   1   1  15   2   0   1   2  0.14 0.10
  117 R     0   0   0   0  -2  -1  -1   3  -2  -1   0   0   0  -1   1   0  -1  -2  -2  -1    6   7   6   5   1   1   2  26   1   1  11   7   2   3   6   6   2   0   1   6  0.14 0.09
  118 T     0  -1   0   1  -1   0   0  -1   0   0   0   0   0   1  -1   0   1  -1   0   0    6   2   4   8   1   3   6   5   2   4  10   7   4   6   2   7  15   1   4   4  0.03 0.03
  119 S     0  -1   1   0  -2   0   0   3   0  -2  -1   0  -1  -1   1   0   0  -2  -1  -1   10   2   9   5   1   3   6  24   3   2   7   4   2   2   6   8   5   1   1   2  0.15 0.07
  120 T     0   0   1   0  -1   0   0  -1  -1  -1   0   1   0   1   1   0   0  -1  -1  -1    8   3   7   4   1   3   4   4   1   3   9  14   2   7   8   6   7   1   2   4  0.05 0.03
  121 G     0  -1   0   0  -1   0   0   3  -1  -1   0   0  -1   0   0   0   0  -1  -1  -1    5   3   3   4   1   3   7  28   1   3  12   5   1   4   4   4   7   1   2   4  0.13 0.06
  122 M     0   0   0  -1  -1   0   0   0   0  -1   1   0   1  -1  -1   0   0   2   1   0    8   3   6   2   1   3   5   9   2   2  16   8   4   2   3   5   5   3   6   5  0.02 0.03
  123 P     0   1   0   0  -2   0  -1   3   1  -2  -1   0   0  -1   1   0   0  -2  -1  -1    5  11   5   4   1   3   3  26   4   2   8   4   2   3   6   5   5   0   1   3  0.15 0.08
  124 L    -1   0  -2  -3  -2  -2  -2   1  -1   2   2  -1   1   0  -2  -1  -1  -2  -2   1    2   6   1   1   0   1   1  14   2  15  30   3   2   4   1   4   2   0   1  10  0.18 0.14
  125 T     2   1  -3  -3  -3  -3  -3  -3  -3   1   0  -2  -2  -3   2   1   3   0  -3  -1   22   8   0   0   0   0   0   0   0   8  12   0   0   0  12   9  25   2   0   2  0.41 0.31
  126 C     1  -1  -1  -1  -1  -1   0  -1   0   0   1   0   0   0  -2   1  -1   0   1   1   17   3   2   3   1   2   5   4   2   5  14   5   1   3   0  10   1   2   6  14  0.06 0.10
  127 R    -5   8  -4  -3  -6  -3  -3  -6  -4  -6  -5   0  -5  -6   0  -4  -4  -6  -2  -6    0  87   0   2   0   0   0   0   0   0   0   3   0   0   5   0   0   0   2   0  2.20 0.81
  128 A     2   1  -2  -2  -1  -1  -2   2  -2  -2  -2  -1  -2  -1  -2   2   0   2   0  -1   27  10   0   0   1   3   1  20   0   2   1   0   0   2   0  15   7   3   4   3  0.25 0.17
  129 V     0  -2  -2  -3  -2  -2  -3  -3   1   1   1  -2   1   2  -3   1   2  -3   0   3    4   1   1   0   0   0   0   0   5   4  15   0   3   9   0  12  16   0   3  28  0.23 0.17
  130 F     0  -4  -4  -5  -3  -4  -4  -4   1   0   0  -4   1   7  -4  -1  -3   2   2   0   10   0   0   0   0   0   0   0   4   3   5   0   4  54   0   5   0   2   6   8  0.83 0.33
  131 I    -2  -4  -5  -5  -3  -4  -4  -5  -4   5   2  -4   2   0  -4  -4  -2  -3   0   3    0   0   0   0   0   0   0   0   0  39  24   0   5   3   0   0   0   0   3  27  0.72 0.28
  132 I    -1  -4  -4  -4  -2  -4  -4  -3  -4   5   2  -4   0   1  -4  -3  -2  -3  -2   3    3   0   0   0   0   0   0   2   0  41  20   0   0   5   0   0   0   0   0  28  0.66 0.27
  133 G    -1  -3   1   6  -4  -2   1   1  -2  -2  -2  -1  -3  -4  -3   0  -2  -5  -4  -2    5   0   7  55   0   0   6   9   0   3   3   2   0   0   0   4   0   0   0   4  0.74 0.29
  134 P     0   0   0   2  -3   0   1  -1  -2  -3  -3   2  -3  -4   5   0  -1  -4  -3  -3    7   4   4  14   0   3  10   4   0   0   1  14   0   0  29   6   2   0   0   0  0.54 0.19
  135 D    -2  -1   4   5  -4   0   1  -2   0  -4  -4   2  -3  -4  -3   0  -1  -4  -3  -4    0   2  22  36   0   2   9   0   2   0   0  16   0   0   0   6   2   0   0   0  0.68 0.26
  136 K    -1  -1   1  -1   1  -1  -2   5  -3  -3  -1   1  -1  -3  -3  -1  -2   0  -3  -3    2   2   6   2   3   3   0  58   0   0   7  10   1   0   0   2   0   1   0   0  0.69 0.26
  137 K    -1   0  -1  -2  -3  -1   0  -3  -2   3  -1   3  -1  -1  -3  -1   1  -3  -2   2    1   3   3   0   0   1   5   0   0  24   2  29   0   1   0   2   8   0   1  19  0.27 0.20
  138 L    -2  -4  -4  -4  -2  -4  -4  -2  -4   4   2  -4   0   0  -4  -3  -2  -4  -2   5    0   0   0   0   0   0   0   3   0  30  17   0   0   2   0   0   0   0   0  47  0.74 0.30
  139 K    -2   4  -2  -1  -4   2   1  -3  -2  -3  -2   4  -1  -4  -3  -1   0  -4  -2  -2    2  32   0   2   0   9   9   1   0   0   3  29   1   0   0   1   6   0   1   3  0.58 0.28
  140 L     1   0  -2  -2  -3   1   0  -2   3  -1   0   0  -1   0  -3  -1  -1   0   3   0   16   5   0   2   0  10   5   1   8   1  13   8   0   4   0   4   2   1  14   8  0.13 0.14
  141 S     0  -1  -3  -3  -1   0  -2  -3  -3   3   1  -1   2  -2  -3   0   0  -3  -1   2   10   4   0   0   1   6   2   0   0  26   8   2   7   0   0  10   4   0   2  18  0.24 0.18
  142 I     0  -2   2   0  -3   0   1  -3   0   1   0  -1   0   2  -3   0   1  -2   0   0    6   0  12   5   0   2  13   0   2  10   8   2   1  12   0   3  12   0   3   8  0.11 0.12
  143 L    -2  -3  -1  -4  -1  -1  -3  -4  -2   3   1  -3   1  -1  -4  -2  -1   1   4   3    2   0   4   0   1   4   0   0   0  24  14   0   4   0   0   3   2   2  18  23  0.42 0.24
  144 Y    -2  -1   4  -1  -4  -1   2  -1   0  -3  -1  -1  -2  -1  -3   0  -1  -2   4   0    0   2  29   0   0   0  17   4   1   0   7   2   0   1   0   6   2   0  21   7  0.44 0.28
  145 P    -1  -3   0   3  -4   0   1  -2  -1  -2  -4  -1  -4  -4   6  -1  -2  -5  -2  -3    6   0   5  19   0   4   9   2   1   3   0   3   0   0  44   2   0   0   2   1  0.94 0.35
  146 A     0  -2   1   1  -2   0   0   0   0   0   1  -1   1   1  -2  -1  -1  -3  -1   0   12   0   7   8   0   6   8   8   2   6  23   2   5   6   0   2   0   0   0   4  0.07 0.10
  147 T     0   0   0  -1   0   1   2   2  -2  -2  -3   0  -2  -4   3   0   1  -4  -3  -2    4   3   4   1   2   7  19  16   0   1   1   3   1   0  18   7  11   0   0   2  0.34 0.18
  148 T    -1  -3  -2  -3  -1  -3  -2  -2  -3   2   0  -3   1   1   1  -1   4  -3  -1   3    1   0   1   0   1   0   2   2   0  11   5   0   3   7   6   2  36   0   1  22  0.39 0.25
  149 G    -1  -3  -1   0  -4  -3   1   6  -3  -5  -5  -2  -4  -5  -4  -1   0  -4  -4  -2    4   0   1   5   0   0  10  66   0   0   0   2   0   0   0   2   5   0   0   3  1.03 0.39
  150 R    -1   6  -2  -1  -4   0   0  -2   0  -4  -4   1  -3  -4   0   0  -1  -4  -1  -4    3  61   0   3   0   2   4   3   2   0   0   6   0   0   4   6   4   0   2   0  0.89 0.37
  151 N    -2  -2   6   1   1   0  -2  -1   4  -4  -3  -1  -1  -4  -3   2  -2  -5  -3  -4    0   0  42   8   4   3   0   3  12   0   1   2   2   0   0  22   0   0   0   0  0.75 0.34
  152 F     2  -3  -3  -4  -2  -3  -3  -3  -3   3   0  -3   2   1  -3  -2  -1   2   2   3   20   0   0   0   0   0   0   0   0  20   4   0   8   6   0   0   2   3   8  26  0.35 0.20
  153 S    -2  -2   1   6  -4   0   2  -1   0  -4  -4  -2  -4  -4  -2   1  -1  -5  -4  -4    1   1   3  54   0   3  15   3   3   0   0   0   0   0   1  12   2   0   0   0  0.89 0.32
  154 E     0  -2  -1   2  -4   0   6  -3  -2  -4  -4   0  -3  -5  -3  -2   0  -4  -4  -4    8   0   1   7   0   0  70   0   0   0   0   3   0   0   0   0   6   0   0   0  1.08 0.41
  155 I     1  -3  -3  -3  -2  -2  -3  -3  -3   3   1  -3   2  -1  -3  -1   2  -3   1   2   14   0   0   0   0   0   0   0   0  25  13   0   5   0   0   1  20   0   5  14  0.31 0.19
  156 L    -2  -3  -4  -5  -3  -3  -4  -5  -4   3   5  -3   2  -1  -4  -3  -2  -3  -2   1    1   0   0   0   0   0   0   0   0  14  66   1   3   1   0   0   0   0   0  10  0.80 0.30
  157 R     1   6   1  -3  -4   0  -1  -3   0  -4  -4   3  -3  -4  -3  -2  -1  -4  -3  -3   12  54   7   0   0   2   0   0   2   0   0  16   0   0   0   0   4   0   0   0  0.85 0.32
  158 V     2  -2  -2  -3  -2  -1  -2  -2  -3   1   1   1   2  -1  -2  -1   0  -3  -2   1   28   0   0   0   0   2   0   0   0  11  19  10   6   3   0   1   7   0   0  11  0.19 0.14
  159 I    -1  -3  -4  -4  -2  -3  -3  -4  -4   3   3  -3   0  -1  -3  -3   0  -3  -2   4    3   0   0   0   0   0   0   0   0  20  35   0   0   0   0   0   5   0   0  34  0.57 0.23
  160 D    -3   1  -1   4  -5   4   1  -3  -2  -3  -4   5  -3  -5  -3  -2  -2  -5  -4  -3    0   5   0  26   0  22   4   0   0   1   0  41   0   0   0   0   0   0   0   1  0.81 0.32
  161 S     5  -3  -1   0  -2  -2  -1  -1  -3  -3  -3  -2  -3  -4  -2   2  -1  -4  -3  -2   68   0   1   7   0   0   2   1   0   0   0   0   0   0   0  19   0   0   0   1  0.75 0.30
  162 L     1  -3  -4  -4  -2  -3  -4  -4  -3   2   3  -3   1   4  -4  -2  -2  -2   0   0   16   0   0   0   0   0   0   0   0  11  45   0   2  25   0   0   0   0   0   0  0.51 0.21
  163 Q    -2   0  -1  -1  -4   6   0  -3   0  -1  -1   3  -2  -4  -3  -2  -1  -4  -3  -3    0   2   1   2   0  59   0   0   1   4   7  21   0   0   0   0   3   0   0   0  0.81 0.29
  164 L    -2  -2  -2  -3  -2  -2  -3  -3   1   0   1  -2   0   4  -3  -2   2   1   4   1    1   0   0   0   0   0   0   0   3   5  13   3   2  21   0   0  20   1  21   9  0.36 0.14
  165 T     1  -2   2  -2  -2  -1  -2  -1   1   0  -2  -2  -1  -1  -2   2   3  -3  -1   2   11   0  13   0   0   0   0   2   4   1   0   0   0   2   0  18  24   0   1  22  0.23 0.13
  166 A     1   1   2   4  -3   0   1  -1  -1  -3  -3   0  -3  -3  -2   0  -1   1   0  -3   14   9  12  36   0   2   8   2   0   0   0   2   0   0   0   3   2   2   6   0  0.39 0.13
  167 Q     0   1   0  -1  -3   2   2  -2   3  -3  -3   4  -2  -3  -2   0  -1  -3  -1  -2    6   2   3   1   0   8  18   0   9   0   0  39   0   0   0   7   2   0   1   2  0.42 0.15
  168 K    -1   0   3  -2  -4  -1   0  -3   7  -3  -3   1  -2   0  -1  -1  -1  -2   3  -3    4   2  15   0   0   0   5   0  39   0   2   9   0   3   2   3   2   0  12   0  0.65 0.21
  169 K    -1   0  -1   2  -4  -2  -2   5  -3  -4  -3   3  -3  -4  -1  -2  -3  -4  -4  -4    1   3   1  11   0   0   0  57   0   0   2  23   0   0   2   0   0   0   0   0  0.82 0.24
  170 V    -1  -1  -2   0  -3  -1   4  -2  -2   1  -1  -2  -2  -3  -3  -2  -1  -4   0   3    1   3   0   2   0   0  41   3   0   5   1   0   0   0   0   0   2   0   4  37  0.45 0.22
  171 A     3  -3  -4  -4  -2  -3  -3  -3  -4   1   0  -3   0  -3  -3  -1  -1  -4  -3   5   37   0   0   0   0   0   0   0   0   2   5   0   1   0   0   1   0   0   0  53  0.64 0.24
  172 T    -1  -4  -3  -4   8  -3  -4  -4  -4  -1   1  -4   1  -3  -4  -2   3  -4  -3  -1    4   0   0   0  47   0   0   0   0   2  16   0   3   0   0   0  27   0   0   1  1.11 0.29
  173 P    -1  -4  -4  -3  -4  -3  -3  -4  -4  -4  -4  -3  -4  -5   8  -2  -3  -5  -4  -4    4   0   0   0   0   0   0   0   0   0   1   0   0   0  90   0   0   0   0   0  2.40 0.40
  174 A     5  -3  -3  -3   2  -2  -2  -2   0  -1  -1  -2  -2  -3  -2   0  -1  -3  -3   2   64   0   0   0   5   0   1   0   3   2   3   0   0   0   0   3   0   0   0  16  0.56 0.22
  175 D    -3  -2   6   3  -4  -1   0   1  -1  -5  -5   2  -4  -5  -3  -1  -2  -5  -4  -4    0   0  56  17   0   0   2  11   0   0   0  14   0   0   0   0   0   0   0   0  0.95 0.27
  176 W    -5  -5  -7  -7  -5  -5  -6  -5  -5  -5  -4  -6  -4  -2  -6  -6  -5  13   0  -6    0   0   0   0   0   0   0   0   0   0   0   0   0   0   0   0   0 100   0   0  4.24 0.65
  177 Q    -2   1   0  -2  -4   2   1  -3   2  -3  -3   4  -2  -4   3  -1   0  -4  -1  -2    0   6   3   0   0  12   9   0   6   0   0  38   0   0  16   2   5   0   1   2  0.53 0.17
  178 P    -2  -2   2   0  -1  -1   2  -2  -1  -4  -4   1  -3  -2   6  -1  -2  -4  -2  -3    0   0  13   5   2   0  16   1   2   0   0  11   0   3  43   3   0   0   1   1  0.87 0.21
  179 G    -1  -3   1  -1  -4  -3  -1   6  -3  -5  -5  -2  -4  -5  -4  -2  -3  -4  -4  -5    2   0   6   2   0   0   4  84   0   0   0   1   0   0   0   0   0   0   0   0  1.39 0.29
  180 D    -1  -2   1   5  -4   2   3  -1  -2  -4  -4   0  -2  -4  -2   1  -1  -4  -3  -3    4   0   4  40   0   9  20   2   0   0   0   4   1   0   0  15   1   0   0   0  0.63 0.19
  181 R    -1   1   0   3   0   1   2  -2   1  -4  -4   3  -3  -4   2   0  -1  -4  -3  -3    4   5   1  20   3   3  14   1   4   0   0  28   0   0  10   6   1   0   0   0  0.40 0.13
  182 C     0  -3  -2  -3   2  -2  -3   0  -3   0  -1  -2  -1  -3  -1   0   4  -4  -3   3    3   0   0   0   5   0   0   8   0   0   2   0   1   0   2   5  37   0   0  36  0.43 0.19
  183 M    -2  -3  -4  -4  -2  -3  -4  -4  -4   5   2  -3   4   0  -4  -3  -1  -3  -2   2    0   0   0   0   0   0   0   0   0  47  18   0  15   4   0   0   2   0   0  12  0.63 0.19
  184 V    -1  -1   0  -2  -2   0  -1  -3  -2   3   0   2  -1  -2  -2  -2  -1  -3   0   3    5   0   5   0   0   5   4   0   0  27   1  21   0   0   0   0   2   0   3  25  0.21 0.12
  185 V     0  -3  -3  -3  -3  -2  -2  -2  -3  -3  -2   0  -3  -4   7   0  -2  -4  -4  -1    7   0   0   0   0   0   0   1   0   0   5   5   0   0  67   7   0   0   0   5  1.42 0.25
  186 P     0  -2  -2   1  -3  -2  -1  -1   1  -3  -3  -2  -3  -3   7   0  -2  -3  -3  -3    7   1   1  11   0   1   1   4   4   1   2   1   0   1  56   6   1   0   1   1  1.08 0.17
  187 G     1  -2  -2  -1  -2  -2  -1   1  -2  -3  -3   0  -2  -3   6   0   1  -3  -3  -2   16   1   1   3   0   0   1  13   0   1   1   5   0   0  40   6  12   0   0   1  0.71 0.14
  188 V     1  -1   0  -1  -1  -1  -1  -1  -2   1   0   0   0  -1  -1   1   1  -2  -1   2   11   3   4   1   0   1   1   3   0  10   9   5   0   1   2  15  10   0   1  21  0.08 0.04
  189 S     0  -1   1   2  -2  -1  -1  -1  -2  -1  -2  -1  -2  -1   0   2   3  -3  -2  -1    6   1   6  14   0   1   1   1   0   3   2   1   0   3   4  26  27   0   1   3  0.27 0.10
  190 A    -1  -1   0   2  -2   1   1  -2  -1   0   0  -1   0   0   0   0   0  -2   0   1    3   1   4  17   0   6  10   2   0   6   5   1   4   4   4   4   3   0   3  22  0.08 0.04
  191 E    -1  -1   1   3  -3   1   4  -2  -1  -3  -3   2  -2  -3  -1  -1  -1  -3  -3  -3    4   1   4  20   0   6  39   1   0   1   1  16   0   0   2   1   2   0   0   1  0.53 0.14
  192 E     0  -1  -1   2  -3   1   4   1  -1  -3  -3   2  -3  -4  -2   0  -1  -4  -3  -3    5   0   0  15   0   4  38  15   0   0   1  15   0   0   0   2   3   0   0   0  0.46 0.14
  193 A     4  -1  -2  -2  -2  -2  -2  -1  -3   0  -2  -1  -2  -3  -2   3  -1  -4  -3   0   46   2   0   0   0   0   0   0   0   7   2   3   0   0   0  34   0   0   0   6  0.47 0.18
  194 K    -2   2  -1  -2  -4   1   1  -3   0  -4  -3   6  -3  -4  -2   0  -1  -4  -3  -3    1   6   1   0   0   3   4   0   2   0   1  73   0   0   0   4   3   0   0   0  0.88 0.25
  195 T     0   0   0   1  -3   2   3  -2  -1  -1  -2   3   0  -3  -2   0  -1  -4  -3  -2    8   1   2   4   0  12  33   1   0   5   1  24   4   0   0   2   3   0   0   0  0.38 0.13
  196 L    -3   4  -3  -4  -1  -2  -2  -4  -1  -2   0   0   2   1  -4  -3  -3  -1   6  -2    0  33   0   0   1   0   0   0   0   0  12   3   7   2   0   0   0   0  41   0  0.76 0.23
  197 F    -3  -3  -4  -5  -3  -2  -4  -4  -3   0   2  -1   2   7  -4  -3  -2  -1   1  -1    0   0   0   0   0   1   0   0   0   3  22   4   5  62   0   0   1   0   0   0  0.92 0.23
  198 P    -1  -1   0  -1  -4   1   3   0  -2  -4  -4   3  -3  -4   4   1  -1  -4  -3  -3    2   0   5   0   0   2  27   5   0   0   0  24   0   0  22  13   0   0   0   0  0.55 0.14
  199 N     0   0   1   0  -3   3   1  -1  -1  -3  -3   4  -2  -3  -2   0  -1  -3  -2  -3    8   0   6   4   0  17   6   4   0   0   1  45   0   0   0   3   2   0   0   1  0.43 0.13
  200 M    -1  -2  -3  -3   1  -2  -2  -3  -1   2   0  -2   1   3  -3  -2  -1   2   3   2    2   0   0   0   3   0   3   1   0  13   5   2   4  18   0   1   1   3  16  26  0.28 0.09
  201 E    -1   0   3   2  -3   0   3  -2   1  -3  -3   2  -2   1  -2   0  -1  -2  -1  -3    1   1  22   8   0   0  24   1   4   1   1  19   0  11   1   4   1   0   0   1  0.32 0.09
  202 V     0   0  -1  -1   4  -1  -1  -1  -2  -1  -1   0  -1  -2  -1   1   3  -2  -2   0    7   4   1   1  15   1   1   4   0   1   2   8   0   1   1  11  37   0   1   4  0.25 0.06
  203 K     1   0  -1  -2  -2   0  -1   1  -1   0  -1   3  -1   1  -1   0  -1  -1   1   0   20   1   1   1   0   1   1   9   0   6   1  33   0   8   1   1   1   0   8   5  0.12 0.05
  204 A    -1  -1   1   5  -3   1   2   0  -1  -3  -3  -1  -2  -3  -1   0  -1  -3  -2  -2    5   1   6  49   0   4  18   6   0   1   2   1   0   1   1   1   1   0   1   1  0.52 0.06
  205 V    -2  -3  -3  -4  -2  -2  -3  -4  -3   2   4  -3   2   2  -3  -3  -1  -2  -1   1    0   0   0   0   0   0   0   0   0  13  62   0   5  11   0   0   0   0   0   5  0.41 0.06
  206 P    -1  -2  -2  -1  -3  -1   1  -2  -2  -3  -3  -1  -3  -4   7   0  -1  -4  -3  -3    0   0   0   0   0   0  11   0   0   0   1   0   0   0  79   5   0   0   0   0  1.65 0.11
  207 S     1   0   2   0  -2   0   0   1  -1  -3  -3   2  -2  -3  -1   3   0  -3  -2  -2    6   0  12   0   0   0   6  10   0   0   0  18   0   0   0  49   0   0   0   0  0.35 0.06
  208 G     1  -1   0  -2  -2  -1  -1   3  -1   0  -2   1  -1   0  -2   0  -1  -2   2  -1   23   0   4   0   0   0   0  28   0  12   0  17   0   6   0   0   0   0  10   0  0.17 0.04
  209 K    -1   1   0   2  -3   1   0  -2  -1  -3  -3   5  -2  -3  -1  -1  -1  -3  -2  -3    0   0   0  16   0   0   0   0   0   0   1  79   0   0   0   0   0   0   0   0  0.63 0.10
  210 G     0  -1  -1  -1   1  -1   0   2   2  -3  -2   1  -2  -2   1   1   0   6  -1  -2    6   0   0   0   4   0   4  22   8   0   1  13   0   0   6  13   6  16   0   0  0.31 0.04
  211 Y    -3  -3  -3  -4  -3  -2  -3  -3   0  -2  -2  -3  -2   2  -3  -3  -2   8   7  -2    0   0   0   0   0   0   0   0   0   0   1   0   0   0   0   0   0  33  62   0  1.40 0.13
  212 L    -2  -3  -4  -4  -2  -3  -3  -4  -3   1   4  -3   1   3  -4  -3  -2  -1   0   0    0   0   0   0   0   0   0   0   0   0  79   0   0  21   0   0   0   0   0   0  0.55 0.07
  213 R    -2   6  -1  -2   4   0  -1  -3  -1  -2  -2   1  -2  -3  -3  -1  -1  -3  -2  -1    0  79   0   0  13   0   0   0   0   0   0   0   0   0   0   0   0   0   0   8  0.74 0.09
  214 Y    -2  -2  -2  -3  -3  -2  -2  -3   3   0   0  -2   3   4  -3  -2  -2   0   5   0    0   0   0   0   0   0   0   0  13   0   0   0  16  31   0   0   0   0  32   8  0.52 0.06
  215 T    -1  -1  -1  -2  -1  -1  -1  -2  -2  -1  -2   0  -1  -3  -2   1   5  -3  -2   1    0   0   0   0   0   0   0   0   0   0   0   8   0   0   0   0  83   0   0   9  0.56 0.09
  216 P     0  -2  -2  -2  -3  -2  -1  -2  -2  -3  -3  -1  -3  -4   8  -1  -1  -4  -3  -2   10   0   0   0   0   0   0   0   0   0   0   0   0   0  90   0   0   0   0   0  1.85 0.04
  217 Q    -1   1   0  -1  -3   5   1  -2   5  -3  -3   1  -1  -3  -2   0  -1  -2   0  -3    0   0   0   0   0  76   0   0  24   0   0   0   0   0   0   0   0   0   0   0  0.61 0.02
  218 P    -1  -2  -2  -2  -3  -1  -1  -2  -2  -3  -3  -1  -3  -4   8  -1  -1  -4  -3  -3    0   0   0   0   0   0   0   0   0   0   0   0   0   0 100   0   0   0   0   0  2.10 0.02
  219 K    -1   2   0   0  -3   1   3  -2  -1  -3  -3   4  -2  -3  -1   0  -1  -3  -2  -2    0   0   0   0   0   0  26   0   0   0   0  74   0   0   0   0   0   0   0   0  0.48 0.00
  220 S     1  -1   1   0  -1   0   0   0  -1  -2  -2   0  -1  -2  -1   4   1  -3  -2  -2    0   0   0   0   0   0   0   0   0   0   0   0   0   0   0   0   0   0   0   0  0.00     0.00

                      K         Lambda
Standard Ungapped    0.1366     0.3177
Standard Gapped      0.0473     0.2670
PSI Ungapped         0.1547     0.3177
PSI Gapped           0.0473     0.2670
