
Last position-specific scoring matrix computed, weighted observed percentages rounded down, information per position, and relative weight of gapless real matches to pseudocounts
            A   R   N   D   C   Q   E   G   H   I   L   K   M   F   P   S   T   W   Y   V   A   R   N   D   C   Q   E   G   H   I   L   K   M   F   P   S   T   W   Y   V
    1 N    -1  -1   6   1  -3   0   0  -1   0  -3  -4   0  -2  -3  -2   1   0  -4  -2  -3    0   0  90   0   0   0   0   0   0   0   0   0   0   0   0  10   0   0   0   0  0.71 0.02
    2 W    -3  -3  -4  -5  -3  -2  -3  -3  -3  -3  -2  -3  -2   1  -4  -3  -3  12   2  -3    0   0   0   0   0   0   0   0   0   0   0   0   0   0   0   0   0 100   0   0  2.51 0.04
    3 V    -1   0  -1  -1  -3   4   2  -2   4   0  -1   0   0  -2  -2  -1  -1  -3  -1   1    0   0   0   0   0  46  10   0  17  12   0   0   0   0   0   0   0   0   0  15  0.27 0.01
    4 N    -1  -1   2   4  -3  -1   1  -1   2  -3  -3  -1  -2   1  -2   0  -1  -2   1  -3    0   0  15  48   0   0   0   0   9   0   0   0   0  10   0  10   0   0   8   0  0.40 0.01
    5 V     0  -3  -3  -3  -1  -2  -3  -3  -3   3   1  -3   1  -1  -3  -2   0  -3  -1   4    0   0   0   0   0   0   0   0   0   0   0   0   0   0   0   0   0   0   0 100  0.41 0.02
    6 I    -2   2  -3  -3  -2  -2  -2  -4  -3   4   1  -1   1  -1  -3  -2  -1  -3  -2   2    0  22   0   0   0   0   0   0   0  78   0   0   0   0   0   0   0   0   0   0  0.27 0.01
    7 S     0   1   1  -1  -2   0   0  -1   3  -3  -2   1  -2   0  -2   2   0  -1   3  -2    0  10   8   0   0   0   0   0  10   0   0  10   0   0   0  41   0   0  21   0  0.24 0.01
    8 D    -2  -2   1   6  -4   0   1  -2  -1  -3  -4  -1  -3  -4  -2   0  -1  -5  -3  -4    0   0   0 100   0   0   0   0   0   0   0   0   0   0   0   0   0   0   0   0  1.01 0.02
    9 L    -2  -2  -4  -4  -1  -2  -3  -4  -3   2   4  -3   2   0  -3  -3  -1  -2  -1   1    0   0   0   0   0   0   0   0   0   0 100   0   0   0   0   0   0   0   0   0  0.50 0.01
   10 K    -1   2   0   0  -3   2   3  -2  -1  -3  -3   4  -2  -3  -1   0  -1  -3  -2  -3    0   0   0   0   0  10  22   0   0   0   0  68   0   0   0   0   0   0   0   0  0.49 0.01
   11 K    -1   3   0  -1  -3   1   0  -2  -1  -1  -2   4  -1  -3  -1   0   1  -3  -2  -1    0  17   0   0   0   0   0   0   0   9   0  56   0   0   0   0  18   0   0   0  0.31 0.01
   12 I    -2  -3  -4  -3  -1  -3  -4  -4  -4   5   2  -3   1   0  -3  -3  -1  -3  -2   3    0   0   0   0   0   0   0   0   0 100   0   0   0   0   0   0   0   0   0   0  0.46 0.02
   13 E    -1   0   0   3  -4   2   5  -2   0  -4  -3   0  -2  -4  -1   0  -1  -3  -2  -3    0   0   0  19   0   0  81   0   0   0   0   0   0   0   0   0   0   0   0   0  0.72 0.02
   14 D    -1   0   3   4  -3   0   1  -1   4  -3  -3   1  -2  -3  -2   1   0  -4  -1  -3    0   0  28  32   0   0   0   0  18   0   0   9   0   0   0  12   0   0   0   0  0.44 0.01
   15 L    -2  -3  -4  -4  -1  -2  -3  -4  -3   2   4  -3   2   0  -3  -3  -1  -2  -1   1    0   0   0   0   0   0   0   0   0  19  81   0   0   0   0   0   0   0   0   0  0.44 0.01
   16 I    -2  -3  -4  -3  -1  -3  -4  -4  -4   5   2  -3   1   0  -3  -3  -1  -3  -2   3    0   0   0   0   0   0   0   0   0 100   0   0   0   0   0   0   0   0   0   0  0.46 0.02
   17 Q    -1   2   0  -1  -3   6   2  -2   0  -3  -2   2  -1  -3  -2   0  -1  -2  -2  -3    0   9   0   0   0  83   0   0   0   0   0   8   0   0   0   0   0   0   0   0  0.64 0.02
   18 S     1  -1   0  -1  -1   0  -1  -1  -1  -2  -2  -1  -1   1  -1   4   1  -2  -1  -2    0   0   0   0   0   0   0   0   0   0   0   0   0  12   0  88   0   0   0   0  0.38 0.02
   19 M    -1  -3  -3  -4  -1  -2  -3  -4  -3   4   2  -2   3   0  -3  -2  -1  -2  -1   2    0   0   0   0   0   0   0   0   0  56  19   0  25   0   0   0   0   0   0   0  0.34 0.01
   20 H    -2   0   0  -1  -3   0   0  -2   8  -4  -3  -1  -2  -2  -3  -1  -2  -3   2  -4    0   0   0   0   0   0   0   0 100   0   0   0   0   0   0   0   0   0   0   0  1.02 0.03
   21 I    -1  -3  -3  -3  -1  -2  -3  -4  -3   4   2  -2   4   0  -3  -2  -1  -2  -1   2    0   0   0   0   0   0   0   0   0  63   0   0  37   0   0   0   0   0   0   0  0.35 0.02
   22 D    -2  -2   1   6  -4   0   1  -2  -1  -3  -4  -1  -3  -4  -2   0  -1  -5  -3  -4    0   0   0 100   0   0   0   0   0   0   0   0   0   0   0   0   0   0   0   0  1.01 0.02
   23 A     4  -2  -1  -2  -1  -1  -1   0  -2  -1  -2  -1  -1  -2  -1   1   2  -3  -2   0   78   0   0   0   0   0   0   0   0   0   0   0   0   0   0   0  22   0   0   0  0.36 0.01
   24 T     0  -1   0  -1  -1  -1  -1  -2  -2  -1  -1  -1  -1  -2  -1   1   5  -3  -2   0    0   0   0   0   0   0   0   0   0   0   0   0   0   0   0   0 100   0   0   0  0.55 0.02
   25 L    -2  -2  -4  -4  -1  -2  -3  -4  -3   2   4  -3   2   0  -3  -3  -1  -2  -1   1    0   0   0   0   0   0   0   0   0   0 100   0   0   0   0   0   0   0   0   0  0.50 0.01
   26 Y    -2  -2  -2  -3  -3  -2  -2  -3   2  -2  -1  -2  -1   3  -3  -2  -2   2   7  -1    0   0   0   0   0   0   0   0   0   0   0   0   0   0   0   0   0   0 100   0  0.99 0.03
   27 T     0  -1   0  -1  -1  -1  -1  -2  -2  -1  -1  -1  -1  -2  -1   1   5  -3  -2   0    0   0   0   0   0   0   0   0   0   0   0   0   0   0   0   0 100   0   0   0  0.55 0.02
   28 E    -1   0   0   3  -4   2   5  -2   0  -4  -3   1  -2  -4  -1   0  -1  -3  -2  -3    0   0   0  12   0   0  88   0   0   0   0   0   0   0   0   0   0   0   0   0  0.74 0.02
   29 S     1  -1   1   0  -1   0   0   0  -1  -3  -3   0  -2  -3  -1   5   1  -3  -2  -2    0   0   0   0   0   0   0   0   0   0   0   0   0   0   0 100   0   0   0   0  0.51 0.02
   30 D    -2  -2   1   6  -4   0   1  -2  -1  -3  -4  -1  -3  -4  -2   0  -1  -5  -3  -4    0   0   0 100   0   0   0   0   0   0   0   0   0   0   0   0   0   0   0   0  1.01 0.02
   31 V     3  -2  -2  -3  -1  -2  -2  -1  -2   1   0  -2   0   1  -2   0   0  -2  -1   2   45   0   0   0   0   0   0   0   0   0   0   0   0  12   0   0   0   0   0  43  0.19 0.01
   32 H    -2   0   0  -1  -3   0   0  -2   8  -4  -3  -1  -2  -2  -3  -1  -2  -3   2  -4    0   0   0   0   0   0   0   0 100   0   0   0   0   0   0   0   0   0   0   0  1.02 0.03
   33 P    -1  -2  -2  -2  -3  -2  -1  -2  -2  -3  -3  -1  -3  -4   8  -1  -1  -4  -3  -3    0   0   0   0   0   0   0   0   0   0   0   0   0   0 100   0   0   0   0   0  2.11 0.02
   34 S     0   1   5   1  -2   0   0  -1   0  -3  -3   0  -2  -3  -2   2   0  -4  -2  -3    0  10  53   0   0   0   0   0   0   0   0   0   0   0   0  37   0   0   0   0  0.46 0.01
   35 C    -1  -4  -3  -4  10  -3  -4  -3  -3  -2  -2  -3  -2  -3  -3  -1  -1  -3  -3  -1    0   0   0   0 100   0   0   0   0   0   0   0   0   0   0   0   0   0   0   0  1.39 0.03
   36 K    -1   2   0  -1  -3   1   1  -2  -1  -3  -3   5  -2  -3  -1   0  -1  -3  -2  -3    0   0   0   0   0   0   0   0   0   0   0 100   0   0   0   0   0   0   0   0  0.59 0.02
   37 V     0  -3  -3  -3  -1  -3  -3  -4  -3   3   1  -3   1  -1  -3  -2   0  -3  -1   4    0   0   0   0   0   0   0   0   0   9   0   0   0   0   0   0   0   0   0  91  0.39 0.02
   38 T     0  -1   0  -1  -1  -1  -1  -2  -2  -1  -1  -1  -1  -2  -1   1   5  -3  -2   0    0   0   0   0   0   0   0   0   0   0   0   0   0   0   0   0 100   0   0   0  0.55 0.02
   39 A     4  -2  -2  -2  -1  -1  -1   0  -2  -2  -2  -1  -1  -2  -1   1   0  -3  -2   0  100   0   0   0   0   0   0   0   0   0   0   0   0   0   0   0   0   0   0   0  0.46 0.02
   40 M    -1  -2  -3  -4  -2  -1  -2  -3  -2   1   2  -2   6   0  -3  -2  -1  -2  -1   1    0   0   0   0   0   0   0   0   0   0  10   0  90   0   0   0   0   0   0   0  0.45 0.03
   41 K    -1   2   3   0  -3   3   1  -1   0  -3  -3   4  -1  -3  -1   0  -1  -3  -2  -3    0   0  22   0   0  18   0   0   0   0   0  59   0   0   0   0   0   0   0   0  0.44 0.01
   42 C    -1  -4  -3  -4  10  -3  -4  -3  -3  -2  -2  -3  -2  -3  -3  -1  -1  -3  -3  -1    0   0   0   0 100   0   0   0   0   0   0   0   0   0   0   0   0   0   0   0  1.39 0.03
   43 F    -3  -3  -3  -4  -3  -4  -4  -3  -1   0   0  -3   0   7  -4  -3  -2   1   3  -1    0   0   0   0   0   0   0   0   0   0   0   0   0 100   0   0   0   0   0   0  0.84 0.02
   44 L    -2  -2  -4  -4  -1  -2  -3  -4  -3   2   4  -3   2   0  -3  -3  -1  -2  -1   1    0   0   0   0   0   0   0   0   0   0 100   0   0   0   0   0   0   0   0   0  0.50 0.01
   45 L    -2  -2  -4  -4  -1  -2  -3  -4  -3   2   4  -3   2   0  -3  -3  -1  -2  -1   1    0   0   0   0   0   0   0   0   0   0 100   0   0   0   0   0   0   0   0   0  0.50 0.01
   46 E    -1   0   0   1  -4   2   6  -2   0  -4  -3   1  -2  -4  -1   0  -1  -3  -2  -3    0   0   0   0   0   0 100   0   0   0   0   0   0   0   0   0   0   0   0   0  0.80 0.02
   47 L    -2  -2  -4  -4  -1  -2  -3  -4  -3   2   4  -3   2   0  -3  -3  -1  -2  -1   1    0   0   0   0   0   0   0   0   0   0 100   0   0   0   0   0   0   0   0   0  0.50 0.01
   48 Q    -1   5   0  -1  -4   3   2  -2   2  -3  -3   2  -1  -3  -2  -1  -1  -3  -1  -3    0  54   0   0   0  27  10   0   9   0   0   0   0   0   0   0   0   0   0   0  0.53 0.01
   49 V     0  -3  -3  -3  -1  -2  -3  -3  -3   3   1  -3   1  -1  -3  -2   0  -3  -1   4    0   0   0   0   0   0   0   0   0   0   0   0   0   0   0   0   0   0   0 100  0.41 0.02
   50 I    -2  -3  -4  -3  -1  -3  -4  -4  -4   5   2  -3   1   0  -3  -3  -1  -3  -2   3    0   0   0   0   0   0   0   0   0 100   0   0   0   0   0   0   0   0   0   0  0.46 0.02
   51 S     0  -2  -1  -2  -1  -1  -1  -2  -2   0   2  -1   1  -1  -2   3   0  -2  -2   0    0   0   0   0   0   0   0   0   0   0  48   0   0   0   0  52   0   0   0   0  0.20 0.01
   52 L    -2  -1   0  -2  -3   1   0  -3   7  -1   1  -1   0  -1  -3  -1  -2  -2   1  -2    0   0   0   0   0   9   0   0  65   0  26   0   0   0   0   0   0   0   0   0  0.50 0.02
   53 E    -1   0   0   1  -4   2   6  -2   0  -4  -3   1  -2  -4  -1   0  -1  -3  -2  -3    0   0   0   0   0   0 100   0   0   0   0   0   0   0   0   0   0   0   0   0  0.80 0.02
   54 S     1  -1   0  -1  -1  -1  -1  -1  -1  -2  -2  -1  -1   1  -1   4   1  -1   2  -2    0   0   0   0   0   0   0   0   0   0   0   0   0  10   0  78   0   0  12   0  0.33 0.01
   55 G    -1   4   0  -1  -3   1   0   1  -1  -3  -3   3  -2  -3  -2   1  -1  -3  -2  -3    0  36   0   0   0   0   0  15   0   0   0  37   0   0   0  12   0   0   0   0  0.39 0.01
   56 D    -2  -1   5   3  -3   0   0  -1   3  -4  -4   0  -3  -3  -2   0  -1  -4  -2  -3    0   0  65  25   0   0   0   0  10   0   0   0   0   0   0   0   0   0   0   0  0.63 0.01
   57 A     2  -1  -1  -1  -2   0   1   1   2  -1  -1  -1   2  -2  -2   1   0  -3  -1  -1   26   0   0   0   0   0  17  10  10   0   0   0  20   0   0   9   8   0   0   0  0.13 0.01
   58 S     0  -2   0   4  -2  -1   0  -1  -2  -1  -2  -1  -2  -3  -1   1   2  -3  -2   0   10   0   0  43   0   0   0   0   0   0   0   0   0   0   0   8  29   0   0  10  0.33 0.01
   59 I    -2  -3  -4  -4  -1  -3  -3  -4  -3   4   2  -3   1   0  -3  -3  -1  -3  -1   2    0   0   0   0   0   0   0   0   0  78  22   0   0   0   0   0   0   0   0   0  0.40 0.01
   60 H    -1  -1   3   0  -3   0   1  -2   5  -3  -3  -1  -2   0  -2   0  -1  -1   3  -3    0   0  30   0   0   0  10   0  33   0   0   0   0   0   0   9   0   0  18   0  0.40 0.01
   61 D    -1   0   0   3  -4   2   5  -2   0  -3  -3   0  -2  -4  -1   0  -1  -3  -2  -3    0   0   0  24   0   9  67   0   0   0   0   0   0   0   0   0   0   0   0   0  0.66 0.01
   62 T     0  -2  -1  -2  -1  -1  -1  -2  -2   1  -1  -1   0  -2  -2   1   5  -3  -2   1    0   0   0   0   0   0   0   0   0  18   0   0   0   0   0   0  82   0   0   0  0.39 0.02
   63 V    -1  -3  -3  -3  -1  -3  -3  -4  -3   3   1  -3   1  -1  -3  -2   0  -3  -1   4    0   0   0   0   0   0   0   0   0  27   0   0   0   0   0   0   0   0   0  73  0.38 0.01
   64 E    -1   2   0   1  -3   2   4  -2   0  -3  -3   2  -2  -3  -1   0   0  -3  -2  -2    0  12   0   0   0   8  61   0   0   0   0  10   0   0   0   0   9   0   0   0  0.50 0.01
   65 N    -2  -1   6   1  -3   0   0  -1   0  -4  -4   0  -2  -3  -2   0   0  -4  -2  -3    0   0 100   0   0   0   0   0   0   0   0   0   0   0   0   0   0   0   0   0  0.82 0.02
   66 L    -1  -2  -4  -4  -1  -2  -3  -4  -3   2   4  -3   2   0  -3  -3  -1  -2  -1   2    0   0   0   0   0   0   0   0   0   9  79   0   0   0   0   0   0   0   0  12  0.41 0.01
   67 I    -1  -3  -3  -3  -1  -2  -3  -3  -3   4   2  -2   1   0  -3  -1   1  -3  -2   2    0   0   0   0   0   0   0   0   0  70  12   0   0   0   0   0  18   0   0   0  0.29 0.01
   68 I    -2  -3  -3  -3  -2  -2  -3  -4  -2   3   2  -3   3   2  -3  -2  -1  -1   2   2    0   0   0   0   0   0   0   0   0  50  10   0  18  10   0   0   0   0  12   0  0.28 0.01
   69 L    -2  -2  -4  -4  -1  -2  -3  -4  -3   2   4  -3   2   0  -3  -3  -1  -2  -1   1    0   0   0   0   0   0   0   0   0   0 100   0   0   0   0   0   0   0   0   0  0.50 0.01
   70 A     4  -2  -2  -2  -1  -1  -1   0  -2  -2  -2  -1  -1  -2  -1   1   0  -3  -2   0  100   0   0   0   0   0   0   0   0   0   0   0   0   0   0   0   0   0   0   0  0.46 0.02
   71 N    -2  -1   6   2  -3   0   0  -1   0  -4  -4   0  -3  -3  -2   0   0  -4  -2  -3    0   0  90  10   0   0   0   0   0   0   0   0   0   0   0   0   0   0   0   0  0.75 0.02
   72 N     0   1   2   1  -2   0   0  -1  -1  -3  -3   0  -2  -3  -1   3   1  -3  -2  -2    0  10  15  10   0   0   0   0   0   0   0   0   0   0   0  57   8   0   0   0  0.34 0.01
   73 S     0   1   2   0  -2   0  -1   1  -1  -1  -2   0  -1  -3  -2   3   2  -3  -2  -1    0  10  18   0   0   0   0   9   0   8   0   0   0   0   0  43  12   0   0   0  0.24 0.01
   74 L    -2  -2  -4  -4  -1  -2  -3  -4  -3   2   4  -3   2   0  -3  -3  -1  -2  -1   1    0   0   0   0   0   0   0   0   0   0 100   0   0   0   0   0   0   0   0   0  0.50 0.01
   75 S     1  -1   2   0  -1   0   0   0  -1  -3  -3   0  -2  -3  -1   4   1  -3  -2  -2    0   0   9   0   0   0   0   0   0   0   0   0   0   0   0  91   0   0   0   0  0.47 0.02
   76 S     1  -1   1   0  -1   0   0   0  -1  -3  -3   0  -2  -3  -1   5   1  -3  -2  -2    0   0   0   0   0   0   0   0   0   0   0   0   0   0   0 100   0   0   0   0  0.51 0.02
   77 N    -2  -1   5   0  -2   0  -1  -1   0   1  -1   0  -1  -2  -2   0   0  -4  -2   0    0   0  64   0   0   0   0   0   0  27   0   8   0   0   0   0   0   0   0   0  0.34 0.01
   78 G     0   1   0   0  -3   0   2   4  -1  -4  -3   1  -2  -3  -2   0  -1  -3  -3  -3    0   9   0   0   0   0  27  52   0   0   0  12   0   0   0   0   0   0   0   0  0.50 0.01
   79 N    -2  -1   6   2  -3   0   0  -1   0  -3  -3   0  -2  -2  -2   0   0  -3   1  -3    0   0  82  10   0   0   0   0   0   0   0   0   0   0   0   0   0   0   9   0  0.63 0.02
   80 V    -1  -1  -2  -2  -2  -1  -1  -3  -3   3   1   2   0  -1  -2  -2  -1  -3  -2   3    0   0   0   0   0   0   0   0   0  36   0  27   0   0   0   0   0   0   0  37  0.18 0.01
   81 T     0  -2   0  -1  -1  -1  -1  -2  -2   1  -1  -1  -1  -2  -1   1   5  -3  -2   0    0   0   0   0   0   0   0   0   0  12   0   0   0   0   0   0  88   0   0   0  0.43 0.02
   82 E    -1   0   0   1  -4   2   6  -2   0  -4  -3   1  -2  -4  -1   0  -1  -3  -2  -3    0   0   0   0   0   0 100   0   0   0   0   0   0   0   0   0   0   0   0   0  0.80 0.02
   83 S     1  -1   0  -1  -1  -1  -1  -1  -1  -1   0  -1   0  -2  -1   3   2  -3  -2  -1    0   0   0   0   0   0   0   0   0   0  18   0   0   0   0  63  19   0   0   0  0.27 0.01
   84 G     0  -3  -1  -2  -3  -2  -2   6  -2  -4  -4  -2  -3  -3  -2   0  -2  -3  -3  -3    0   0   0   0   0   0   0 100   0   0   0   0   0   0   0   0   0   0   0   0  1.10 0.02
   85 C    -1  -4  -3  -4  10  -3  -4  -3  -3  -2  -2  -3  -2  -3  -3  -1  -1  -3  -3  -1    0   0   0   0 100   0   0   0   0   0   0   0   0   0   0   0   0   0   0   0  1.39 0.03
   86 K    -1   2   0  -1  -3   1   1  -2  -1  -3  -3   5  -2  -3  -1   0  -1  -3  -2  -3    0   0   0   0   0   0   0   0   0   0   0 100   0   0   0   0   0   0   0   0  0.59 0.02
   87 E    -1   0  -1   1  -4   2   5  -2   0  -2  -2   1  -2  -3  -1   0  -1  -3  -2  -1    0   0   0   0   0   0  90   0   0   0   0   0   0   0   0   0   0   0   0  10  0.63 0.02
   88 C    -1  -4  -3  -4  10  -3  -4  -3  -3  -2  -2  -3  -2  -3  -3  -1  -1  -3  -3  -1    0   0   0   0 100   0   0   0   0   0   0   0   0   0   0   0   0   0   0   0  1.39 0.03
   89 E    -1   0   0   1  -4   2   6  -2   0  -4  -3   1  -2  -4  -1   0  -1  -3  -2  -3    0   0   0   0   0   0 100   0   0   0   0   0   0   0   0   0   0   0   0   0  0.80 0.02
   90 E    -1   0   0   1  -4   2   6  -2   0  -4  -3   1  -2  -4  -1   0  -1  -3  -2  -3    0   0   0   0   0   0 100   0   0   0   0   0   0   0   0   0   0   0   0   0  0.80 0.02
   91 L    -2  -2  -4  -4  -1  -2  -3  -4  -3   2   4  -3   2   0  -3  -3  -1  -2  -1   1    0   0   0   0   0   0   0   0   0   0 100   0   0   0   0   0   0   0   0   0  0.50 0.01
   92 E    -1   0   0   1  -4   2   6  -2   0  -4  -3   1  -2  -4  -1   0  -1  -3  -2  -3    0   0   0   0   0   0 100   0   0   0   0   0   0   0   0   0   0   0   0   0  0.80 0.02
   93 E    -1   0   0   1  -4   2   5  -2   0  -3  -3   2  -2  -4  -1   0  -1  -3  -2  -3    0   0   0   0   0   0  90   0   0   0   0  10   0   0   0   0   0   0   0   0  0.72 0.02
   94 K    -1   3   0  -1  -3   1   1  -2  -1  -3  -3   5  -2  -3  -1   0  -1  -3  -2  -3    0  12   0   0   0   0   0   0   0   0   0  88   0   0   0   0   0   0   0   0  0.56 0.02
   95 N    -1  -1   5   1  -2   0   0  -1   0  -3  -3   0  -2  -3  -2   2   0  -4  -2  -3    0   0  73   0   0   0   0   0   0   0   0   0   0   0   0  27   0   0   0   0  0.59 0.02
   96 I    -2  -3  -4  -4  -2  -3  -4  -4  -3   4   1  -3   1   2  -3  -3  -1  -2   0   2    0   0   0   0   0   0   0   0   0  88   0   0   0  12   0   0   0   0   0   0  0.39 0.02
   97 K     0   1   1  -1  -2   1   0  -1  -1  -2  -2   3  -1  -3  -1   1   2  -3  -2  -1    9   0   9   0   0   0   0   0   0   0   0  52   0   0   0   0  31   0   0   0  0.30 0.01
   98 E    -1   0   0   1  -4   2   6  -2   0  -4  -3   1  -2  -4  -1   0  -1  -3  -2  -3    0   0   0   0   0   0 100   0   0   0   0   0   0   0   0   0   0   0   0   0  0.80 0.02
   99 F    -3  -3  -3  -4  -3  -4  -4  -3  -1   0   0  -3   0   7  -4  -3  -2   1   3  -1    0   0   0   0   0   0   0   0   0   0   0   0   0 100   0   0   0   0   0   0  0.84 0.02
  100 L    -2  -2  -4  -4  -1  -2  -3  -4  -3   2   4  -3   2   0  -3  -3  -1  -2  -1   1    0   0   0   0   0   0   0   0   0   0 100   0   0   0   0   0   0   0   0   0  0.50 0.01
  101 Q    -1   1   0   0  -3   5   2  -2   0  -3  -3   3  -1  -3  -1   0  -1  -3  -2  -3    0   0   0   0   0  63  10   0   0   0   0  27   0   0   0   0   0   0   0   0  0.56 0.02
  102 S     1  -1   1   0  -1   0   0   0  -1  -3  -3   0  -2  -3  -1   5   1  -3  -2  -2    0   0   0   0   0   0   0   0   0   0   0   0   0   0   0 100   0   0   0   0  0.51 0.02
  103 F    -3  -3  -3  -4  -3  -4  -4  -3  -1   0   0  -3   0   7  -4  -3  -2   1   3  -1    0   0   0   0   0   0   0   0   0   0   0   0   0 100   0   0   0   0   0   0  0.84 0.02
  104 V    -1  -2  -3  -3  -1  -2  -2  -3  -3   3   1   0   1  -1  -3  -2   0  -3  -1   4    0   0   0   0   0   0   0   0   0  29   0  10   0   0   0   0   0   0   0  61  0.27 0.01
  105 H    -2   0   0  -1  -3   0   0  -2   8  -4  -3  -1  -2  -2  -3  -1  -2  -3   2  -4    0   0   0   0   0   0   0   0 100   0   0   0   0   0   0   0   0   0   0   0  1.02 0.03
  106 I    -2  -3  -4  -3  -1  -3  -4  -4  -4   5   2  -3   1   0  -3  -3  -1  -3  -2   3    0   0   0   0   0   0   0   0   0 100   0   0   0   0   0   0   0   0   0   0  0.46 0.02
  107 V     0  -3  -3  -3  -1  -2  -3  -3  -3   3   1  -3   1  -1  -3  -2   0  -3  -1   4    0   0   0   0   0   0   0   0   0   0   0   0   0   0   0   0   0   0   0 100  0.41 0.02
  108 Q    -1   1   0  -1  -3   6   2  -2   0  -3  -2   1  -1  -4  -2   0  -1  -2  -2  -3    0   0   0   0   0 100   0   0   0   0   0   0   0   0   0   0   0   0   0   0  0.75 0.03
  109 M    -1  -2  -3  -3  -2  -1  -2  -3  -2   1   2  -2   7   0  -3  -2  -1  -2  -1   1    0   0   0   0   0   0   0   0   0   0   0   0 100   0   0   0   0   0   0   0  0.49 0.03
  110 F    -3  -3  -3  -4  -3  -4  -4  -3  -1   0   0  -3   0   7  -4  -3  -2   1   3  -1    0   0   0   0   0   0   0   0   0   0   0   0   0 100   0   0   0   0   0   0  0.84 0.02
  111 I    -2  -3  -4  -3  -1  -3  -4  -4  -4   5   2  -3   1   0  -3  -3  -1  -3  -2   3    0   0   0   0   0   0   0   0   0 100   0   0   0   0   0   0   0   0   0   0  0.46 0.02
  112 N    -2  -1   6   1  -3   0   0  -1   0  -4  -4   0  -2  -3  -2   0   0  -4  -2  -3    0   0 100   0   0   0   0   0   0   0   0   0   0   0   0   0   0   0   0   0  0.82 0.02
  113 T     0  -1   0  -1  -1  -1  -1  -2  -2  -1  -2  -1  -1  -3   3   2   4  -3  -2  -1    0   0   0   0   0   0   0   0   0   0   0   0   0   0  19   8  73   0   0   0  0.52 0.01
  114 S     1  -1   0  -1  -1   0   0  -1  -1  -3  -3   0  -2  -3   3   4   1  -3  -2  -2    0   0   0   0   0   0   0   0   0   0   0   0   0   0  19  81   0   0   0   0  0.54 0.02

                      K         Lambda
Standard Ungapped    0.1299     0.3153
Standard Gapped      0.0410     0.2670
PSI Ungapped         0.1299     0.3153
PSI Gapped           0.0410     0.2670
