
Last position-specific scoring matrix computed, weighted observed percentages rounded down, information per position, and relative weight of gapless real matches to pseudocounts
            A   R   N   D   C   Q   E   G   H   I   L   K   M   F   P   S   T   W   Y   V   A   R   N   D   C   Q   E   G   H   I   L   K   M   F   P   S   T   W   Y   V
    1 S     3  -2  -1  -1  -1  -1  -1  -1  -2  -2  -2  -1  -2  -3  -1   3   3  -3  -2  -1   33   0   0   0   0   0   0   0   0   0   0   0   0   0   0  44  23   0   0   0  0.45 0.09
    2 F    -3  -4  -4  -5  -4  -3  -4  -5  -3   0   0  -4   7   5  -5  -3  -3  -2   3   0    0   0   0   0   0   0   0   0   0   5   3   0  44  31   0   2   0   0  12   3  1.13 0.35
    3 G     2  -2   0   1  -3   0  -1   2  -2  -2  -2  -1  -2  -2  -2   3   1  -1  -3  -2   15   0   4   9   0   2   2  18   0   1   3   3   0   1   0  34   7   1   0   1  0.34 0.17
    4 K    -2   0   4  -2  -4   0  -1  -3   0  -1  -3   4  -3  -4  -3   2  -1  -4  -2  -1    0   3  27   0   0   3   2   0   1   5   1  31   0   0   0  19   0   0   1   5  0.50 0.24
    5 L    -1  -3  -3  -2  -3  -2  -2  -4  -3   2   3  -2   2   0  -2  -1   0   1  -1   1    3   0   0   2   0   1   3   0   0  13  43   2   4   4   2   6   4   2   2  10  0.32 0.16
    6 F     0   0  -1  -3  -3   0  -3  -2   0   0   0  -2  -1   4  -1   0  -2   2   4  -1    9   4   3   0   0   5   0   3   1   4  11   2   0  25   3   7   1   2  18   2  0.32 0.17
    7 S    -1   1   1   2  -1   1   0   1  -2  -4  -4   3  -3  -5  -3   3  -1  -5  -4  -4    3   5   7  10   1   7   2   8   0   0   0  23   0   0   0  32   2   0   0   0  0.46 0.23
    8 R    -1   3   1  -2  -3   0  -1  -2   1  -2   0   1  -1   1  -2   2  -2   1   2  -2    2  22   6   1   0   3   2   2   4   0  12   7   1   8   1  20   0   2   7   1  0.22 0.16
    9 L    -2   0  -1  -3  -1  -2  -3   1  -3   0   3   1   3   1  -4  -1  -1   4  -1  -1    0   6   4   0   1   0   0  11   0   4  34  10   9   6   0   4   2   7   1   1  0.26 0.17
   10 F    -2  -2   0  -2  -4  -1   0  -4   1  -2   1  -2   3   5   1  -1  -1   0   0  -2    1   2   5   2   0   3   8   0   4   0  16   1  10  32   6   6   3   1   1   0  0.40 0.23
   11 A     1  -1   0  -2  -2   1  -1   3  -1  -2  -2   1  -2  -1   1   0   0   3  -1  -2   16   2   4   1   1   8   3  22   1   3   2  10   1   2   6   6   6   5   2   1  0.22 0.14
   12 K    -1   3   2  -1  -4   2   0  -2   0  -3  -3   4  -3  -1  -3   1   0  -4  -2  -3    2  15  13   1   0   8   6   2   2   1   2  29   0   2   0   9   4   0   1   2  0.41 0.23
   13 K    -2   4  -2  -2  -5   2   0  -4  -3  -2  -3   5  -2  -5   1  -2  -3  -5  -4  -2    2  26   1   1   0  10   4   0   0   2   2  38   1   0   6   1   1   0   0   3  0.79 0.36
   14 E    -1  -2   2   1  -4   2   4  -3   2  -3  -3   2  -3  -2  -2   1  -1  -4  -3  -3    3   0   9   7   0   9  31   1   5   2   1  11   0   2   1  12   3   0   0   1  0.47 0.27
   15 M    -1  -1  -4  -5  -3  -4  -4  -2   0   2   1  -3   2   5  -5  -3  -3  -3   3   1    6   4   0   0   0   0   0   3   3  13  14   1   6  25   0   1   1   0  11  11  0.55 0.29
   16 R    -5   3  -3  -4  -4   0  -1  -6   2  -7  -7   7  -2  -7  -5  -3  -1  -7  -6  -6    0  12   1   1   0   3   2   0   5   0   0  69   1   0   0   2   5   0   0   0  1.68 0.71
   17 I    -3  -6  -7  -7   3  -6  -6  -7  -6   5   3  -6  -1   0  -6  -5  -3  -5  -2   4    1   0   0   0   6   0   0   0   0  32  30   0   1   3   0   0   0   0   1  26  1.10 0.48
   18 L    -1  -5  -6  -6   1  -5  -6  -4  -6   3   3  -3   1  -4  -4  -4  -2  -6  -4   5    5   0   0   0   3   0   0   2   0  16  27   2   3   0   1   1   2   0   0  39  0.87 0.42
   19 M    -3  -5  -5  -6   0  -5  -5  -6  -5   4   3  -5   4   2  -5  -5  -1  -4  -3   3    1   0   0   0   2   0   0   0   0  21  31   0  10   8   0   0   3   0   0  21  0.86 0.39
   20 V    -3  -5  -1  -6  -2  -5  -5  -6  -5   4   4  -5   1  -1  -5  -5  -3  -5  -4   4    1   0   3   0   1   0   0   0   0  24  34   0   3   2   0   0   1   0   0  28  0.97 0.43
   21 G    -4  -6  -5  -6  -7  -6  -6   8  -6  -8  -8  -6  -7  -7  -6  -2  -6  -7  -7  -7    0   0   0   0   0   0   0  95   0   0   0   0   0   0   0   2   0   0   0   0  2.63 0.92
   22 L    -1  -4  -1   6  -6  -3   0  -4  -5  -3   3  -4  -1  -5  -4  -1  -4  -6  -1  -4    6   1   2  49   0   1   6   1   0   1  25   1   2   0   1   4   0   0   3   1  1.03 0.52
   23 D    -1  -1  -1   4  -5   0  -1   3  -4  -5  -4  -2  -2  -5  -2   3  -1  -2  -1  -4    4   4   2  22   0   4   3  22   0   0   2   2   1   0   2  26   3   1   3   1  0.56 0.37
   24 A     3  -5   4  -2   0  -3  -3   4  -2  -6  -6  -2  -4  -5  -5   1  -2  -6  -2  -5   22   0  22   2   2   1   1  35   1   0   0   2   0   0   0   8   2   0   2   0  0.90 0.47
   25 A     2  -6  -6  -6   2  -6  -4  -6  -7  -2  -4  -6  -4  -5  -6   1   1  -7  -5   6   19   0   0   0   4   0   1   0   0   0   0   0   0   0   0   9   7   0   0  60  1.33 0.65
   26 G    -4  -7  -5  -6  -8  -7  -7   8  -7  -9  -9  -7  -8  -8  -7  -5  -7  -7  -1  -8    1   0   0   0   0   0   0  97   0   0   0   0   0   0   0   0   0   0   3   0  2.76 0.99
   27 K    -6  -3  -6  -6  -9  -4  -5  -7  -6  -8  -8   8  -7  -8  -6  -6  -6  -8  -1  -8    0   0   0   0   0   0   0   0   0   0   0  98   0   0   0   0   0   0   2   0  2.93 1.13
   28 T    -4  -6  -5  -6  -6  -5  -5  -3  -6  -6  -4  -5  -6  -7  -6   5   7  -8  -7  -5    0   0   0   0   0   0   0   1   0   0   1   0   0   0   0  37  60   0   0   0  1.96 0.93
   29 T     1  -4  -1  -5   6   0  -3  -5  -3  -5  -4  -3  -5  -4  -5   4   4  -6  -6  -4   11   1   3   0  16   4   1   0   1   0   1   1   0   1   0  33  27   0   0   1  1.08 0.60
   30 I    -5  -6  -7  -7  -5  -6  -7  -8  -1   4   5  -6   1   2  -7  -6  -3  -5  -3   0    0   0   0   0   0   0   0   0   1  22  60   0   2   8   0   0   2   0   1   5  1.35 0.60
   31 L    -2  -1  -6  -7  -1  -5  -6  -5  -6   1   5  -5   2  -1  -6  -4   2  -5  -5   2    2   3   0   0   2   0   0   0   0   7  51   0   5   2   0   1  11   0   0  15  0.93 0.50
   32 Y    -1   0   2  -3  -2   0  -1  -4   3   2   0   1   1   0  -3  -1  -1  -2   3   0    5   4  11   0   0   5   4   0   8  14   9   9   3   3   0   4   3   0  12   5  0.21 0.20
   33 K    -2   6  -3  -5   1   4  -3  -4  -2  -6  -4   2   2  -6  -6   0  -3  -6  -4  -1    3  45   1   0   3  18   1   1   1   0   1  10   5   0   0   6   1   0   1   5  1.11 0.60
   34 L    -4  -7  -7  -8  -6  -7  -7  -8   1  -1   3  -7  -2   7  -8  -7  -6  -4   5  -3    1   0   0   0   0   0   0   0   3   3  26   0   1  44   0   0   0   0  21   1  1.70 0.73
   35 K     0  -3  -2  -4   2   2  -3  -4   0   1  -1   2   1  -3  -4   0   3  -5  -3   2    8   0   2   0   5   9   0   0   2   7   6  14   3   1   0   6  18   0   1  16  0.32 0.30
   36 L    -2   1   2   2  -3   3   1  -1   1  -4  -2   1  -1  -1  -3   1   1  -4   0  -4    1   8   8  13   0  12   9   5   3   0   5   8   1   3   0   8  11   0   3   0  0.26 0.24
   37 G    -3  -2   4   5  -5  -1   0   3  -2  -7  -4   1  -6  -7  -4  -1  -4  -7  -5  -5    1   2  22  27   0   2   6  23   1   0   2   9   0   0   1   5   0   0   0   0  0.89 0.50
   38 E    -1   2  -1   1  -2   1   3  -2   2   1  -3   1  -1  -4  -2   0   1  -5  -2  -1    5  10   2   6   1   6  21   2   5   8   1   9   1   0   1   8   8   0   1   5  0.25 0.23
   39 I    -5  -5  -5  -5  -6  -5  -6  -7  -6   0   1  -6  -3   8   0  -5  -2   1   1   0    1   1   1   1   0   0   0   0   0   5  12   0   0  58   6   1   3   1   4   6  1.57 0.70
   40 V     0   1  -1   0  -2   0   0  -2   0  -1  -1  -2  -1  -4   3   1   0  -5  -2   2    5   8   3   6   1   4   7   3   3   3   4   1   1   0  13  13   5   0   1  20  0.20 0.21
   41 T    -2  -3   1   3  -5   1   4  -4   2  -3  -4   0  -4  -5   1   1   2  -6  -2  -3    3   0   5  15   0   4  24   0   5   2   1   6   0   0   6  11  14   0   1   2  0.50 0.37
   42 T    -2   2   0  -3  -2   0  -2  -2   2  -1  -2   0   1  -2  -2   1   2  -4   4   0    2  13   4   1   1   4   2   2   5   4   3   5   3   1   1  12  16   0  15   5  0.30 0.28
   43 I    -2  -2  -3   0  -1   1  -2  -3   1   2  -1   2   0  -1  -3  -2  -1  -4   3   3    1   2   1   7   2   7   2   1   4  14   5  12   2   1   1   2   4   0  12  20  0.27 0.25
   44 P     2  -2  -4  -5  -3  -3  -3  -5  -1  -1  -3   0  -4  -6   7   1  -3  -7  -6  -4   15   2   0   0   1   1   1   0   1   4   3   6   0   0  50  12   1   0   0   1  1.28 0.64
   45 T    -5  -6  -5  -6  -3  -2  -4  -4  -4  -6  -7  -6  -6  -7  -2  -1   8  -8  -7  -5    0   0   0   0   1   2   1   1   0   0   0   0   0   0   2   4  88   0   0   0  2.43 1.07
   46 I    -3  -4  -4  -6  -5  -2  -4  -6  -3   6   0  -3   1  -3  -6  -3   2   0  -5   3    1   1   1   0   0   2   1   0   1  44   8   2   3   1   0   1  14   1   0  19  1.00 0.51
   47 G    -3   0  -4  -1  -6  -3  -1   6   3  -5  -6  -3  -6   1  -6  -3  -5  -5   1  -5    1   6   0   4   0   1   5  61   6   1   0   2   0   7   0   2   0   0   5   1  1.28 0.60
   48 F    -2  -2  -2   0   2  -3  -2  -4  -3   3  -2  -3  -2   5   0  -1  -1  -1   0   3    3   3   2   5   4   1   3   1   1  15   1   1   0  26   6   5   3   1   2  18  0.48 0.33
   49 N    -2  -2   4   2  -2  -1   1  -4   1  -1  -2   2  -2  -1  -4   0   1  -5   0   0    2   1  21  13   1   1  10   0   3   3   3  14   1   3   0   7   9   0   3   6  0.35 0.27
   50 V    -2  -2  -2  -3  -1   1   2  -4  -2   2  -1  -2   0   3  -4   0   1  -3   1   2    2   1   2   0   1   6  13   0   1  12   3   1   2  16   0   9   8   0   6  16  0.31 0.25
   51 E    -1   1  -2  -3  -3   1   2  -4   1   0  -2   2  -1  -2  -4  -2   2  -4   1   2    5   7   1   0   0   5  17   1   3   4   4  15   1   1   0   2  13   0   6  15  0.29 0.26
   52 T    -2   1   1   0   0   0   2  -4   1  -1  -3   1   0  -4   0   1   4  -5  -3  -1    2   7   6   5   2   3  13   1   3   3   2   9   3   0   4   8  27   0   1   3  0.33 0.27
   53 V    -3  -3  -4  -6  -3  -5  -5  -6  -5   5   2  -3   0   3  -5  -5  -4  -5  -3   4    1   1   1   0   0   0   1   0   0  30  17   1   1  13   0   0   0   0   0  30  0.99 0.47
   54 E    -1  -1   1   4  -3   1   2  -2  -2   0  -2   0   0  -3   0   0   0  -5  -3  -1    4   2   6  24   0   5  16   3   1   6   3   6   2   1   4   5   7   0   1   5  0.31 0.23
   55 Y    -1  -3   0   0   0  -2  -2   3  -1   2   0  -2   0   2  -4  -1  -1   0   2   0    2   1   5   7   2   2   3  21   1  12  10   2   2   8   0   4   3   1   8   7  0.17 0.16
   56 K    -3   2   0   1  -5   2   2   2  -2  -3  -4   5  -4  -5  -2  -2  -3  -5  -4  -5    1   9   4   8   0   9  12  13   1   1   1  34   0   0   2   1   1   0   0   0  0.67 0.40
   57 N    -2   1   3   2  -3   0   0   0   1  -2  -3   2  -2  -3   0   0   1  -3  -2  -2    2   6  18  13   0   4   6   7   3   2   1  12   1   1   6   6   8   0   1   3  0.27 0.21
   58 I    -1  -4  -4  -5   1  -4  -4  -5  -2   4   0  -3  -1   2  -5  -3  -1   0   2   4    4   1   1   0   3   1   1   0   1  26   8   1   1   7   0   2   3   2   8  30  0.66 0.35
   59 S    -2   1   1  -1  -1   1   1  -3   2  -1  -2   4   0  -3  -2   0   1  -5  -3  -3    1   8   8   2   1   4   7   1   5   4   5  28   3   1   2   8  10   0   1   1  0.37 0.28
   60 F    -2  -5  -6  -6  -3  -5  -6  -6  -5   1   5  -6   1   5  -6  -5  -5  -4  -1   0    4   0   0   0   0   0   0   0   0   8  49   0   3  26   0   0   0   0   1   6  1.18 0.53
   61 T    -2   1   2   1  -3   5   1  -1   2  -4  -3   1   0  -1  -4  -1   1  -5  -3  -4    3   7   8   9   0  26   7   4   4   1   2   8   2   2   0   4  10   0   0   1  0.45 0.32
   62 V    -1  -5  -6  -6  -1  -5  -6  -6  -6   6   3  -5   3   0  -5  -5  -1  -5  -4   3    4   0   0   0   1   0   0   0   0  39  22   0   8   3   0   0   3   0   0  17  1.00 0.47
   63 W    -6  -4  -7  -7  -3  -6  -7  -4  -4  -1   1  -5  -2   4  -7  -6  -2  11   1  -1    0   1   0   0   1   0   0   2   0   4  12   1   1  14   0   0   2  53   4   4  2.39 0.89
   64 D    -6  -6  -4   9  -7  -5  -1  -6  -6  -7  -8  -5  -7  -7  -6  -5  -6  -8  -7  -7    0   0   0  93   0   0   3   0   0   0   0   0   0   0   0   0   0   0   0   0  2.93 1.08
   65 V    -3  -5  -5  -5  -2  -5  -5  -4  -5   2   1  -5   0  -3  -5  -2   6  -6  -3   3    1   0   0   0   1   0   0   1   0   9  12   0   2   1   0   2  51   0   1  16  1.12 0.59
   66 G     5  -5  -1  -5  -2  -3  -5   4  -5  -5  -4  -5  -5  -6  -5  -1  -2  -6  -6  -3   50   0   2   0   1   1   0  33   0   0   2   0   0   0   0   4   2   0   0   2  1.23 0.61
   67 G    -3  -4  -5  -6  -7  -6  -6   8  -6  -7  -7  -6  -7  -7  -6  -2  -6  -6  -2  -7    2   1   0   0   0   0   0  90   0   0   0   0   0   0   0   3   0   0   2   0  2.43 0.92
   68 Q    -4  -3  -3  -1   0   8  -3  -3   3  -6  -6  -3  -3  -7  -2  -2  -3  -6  -5  -5    1   1   1   3   2  71   1   2   7   0   1   1   1   0   3   3   2   0   0   1  1.97 0.90
   69 D    -3   2  -1   2  -2   1   6  -4  -1  -4  -4   0  -3  -4  -1  -3  -2  -6  -4  -4    2  12   2   9   1   5  51   1   1   1   2   4   1   1   3   1   2   0   0   1  0.97 0.52
   70 K    -2   5   0   1  -3   1   2  -4  -1  -2  -5   2  -4  -3  -3   1  -2  -5  -1  -4    3  31   4   7   0   7  12   1   1   2   0  13   0   1   1  12   2   0   2   1  0.60 0.38
   71 I    -2  -6  -4  -6  -6  -2   1  -3  -1   1   0  -5  -1   7  -7  -5  -5  -3   6  -4    4   0   1   0   0   2   9   2   1   9   8   0   1  39   0   0   0   0  22   0  1.21 0.59
   72 R    -3   6  -1   0  -2   2  -2   0   1  -7  -5  -1  -3  -5  -4   1  -1  -2  -2  -6    2  50   3   6   1   8   1   6   4   0   1   2   0   0   1   9   3   1   2   0  1.03 0.56
   73 P     2   3  -2  -3   0  -1   0  -1  -2  -2  -3   1  -3  -1   1   2   0  -4   0  -2   17  15   1   0   2   2   4   5   0   3   1   9   0   3   7  18   5   0   4   3  0.25 0.24
   74 L    -3  -3  -3  -5  -2  -4  -4  -6  -2   3   3   2   5   0  -5  -1  -2  -5   1   0    1   1   1   0   1   0   1   0   1  14  33  12  14   4   0   5   1   0   4   6  0.62 0.38
   75 W    -2   4   2  -6  -4  -3  -4  -2  -3  -3  -5  -3  -6  -3  -2  -3   2  10   0  -4    3  22   9   0   0   1   1   4   1   1   1   1   0   1   2   2  14  34   3   1  1.50 0.70
   76 R    -1   2   0   2  -5  -1   1  -4   1   1  -4   2  -2  -3   3   1  -1  -4  -2  -2    5  12   5  10   0   2   7   0   3  10   1  11   1   1  14  11   3   0   1   2  0.31 0.25
   77 H     0  -1   1   0  -2   2  -1  -2   5  -2   1  -1   1  -4   1   2  -1  -5  -3  -2    8   2   8   4   1  11   3   2  14   2  13   2   4   0   7  15   3   0   0   2  0.28 0.26
   78 Y    -6  -7  -7  -8   5  -5  -7  -8  -1  -5  -3  -7  -6   3  -8   1  -6   0   9  -4    0   0   0   0  11   0   0   0   1   0   2   0   0  11   0   9   0   1  62   1  2.26 0.93
   79 F    -6  -6  -7  -6   0  -6  -7  -7  -4   1   0  -6   2   5  -7  -2  -5  -1   8  -3    0   0   0   0   2   0   0   0   0   6   8   0   5  22   0   3   1   1  50   2  1.79 0.77
   80 Q    -1   5  -2   0  -6   0   1  -4   0  -1  -2   2  -3  -5   2   0  -2  -6  -2  -4    5  37   2   4   0   4   9   1   2   4   3  10   1   0   9   7   2   0   1   1  0.61 0.39
   81 N    -2  -3   4   3  -1   0   1   4   0  -6  -6  -1  -4  -6  -5   0  -1  -1  -4  -5    2   1  17  14   1   4   9  32   2   0   0   4   0   0   0   7   4   1   0   0  0.69 0.41
   82 T     4  -4  -4  -5   2  -3  -5   1  -5   0  -4  -4  -3  -5  -5   1   3  -6  -4   2   33   0   0   0   5   1   0  11   0   4   1   0   0   0   0  11  16   0   1  17  0.69 0.45
   83 Q    -1  -2   2   4  -2   3   1  -4   5  -3  -4  -1   0  -5  -5  -1   1  -6  -3   0    4   2   8  23   1  13   8   0  13   1   1   3   2   0   0   4   8   0   1   8  0.56 0.38
   84 G     3  -6  -5  -5   3  -5  -6   5  -6  -1  -4  -5  -3  -3  -6  -1  -3  -6  -4   1   22   0   0   0   7   0   0  47   0   4   2   0   1   1   0   4   1   0   1  11  1.06 0.54
   85 L     2  -6  -6  -6   2  -5  -6  -4  -5   4   1  -5  -2   4  -6  -4  -3  -4   0   3   17   0   0   0   5   0   0   1   0  25  11   0   1  20   0   0   1   0   3  16  0.82 0.44
   86 I    -4  -6  -7  -7  -4  -6  -6  -7  -6   6   3  -6   3  -1  -6  -6  -3  -6  -2   3    1   0   0   0   0   0   0   0   0  38  31   0   7   2   0   0   1   0   1  19  1.26 0.56
   87 F    -5  -6  -6  -7   0  -6  -6  -5  -5   2   4  -6   0   5  -6  -6  -4   0   2   1    0   0   0   0   2   0   0   1   0  12  38   0   2  25   0   0   1   1   7   9  1.08 0.50
   88 V    -2  -7  -7  -7   6  -6  -7  -5  -7   0   0  -6   3  -2  -6  -5  -2  -6  -5   6    3   0   0   0  16   0   0   1   0   4   9   0   7   1   0   0   2   0   0  57  1.50 0.67
   89 V    -2  -6  -7  -7  -6  -6  -7  -7  -4   1  -2  -6  -2   5  -7  -5  -4  -3   7   3    3   0   0   0   0   0   0   0   0   6   3   0   1  25   0   1   1   0  38  21  1.59 0.69
   90 D     2  -6  -2   7  -7  -5  -3  -5  -6  -7  -7  -3  -7  -7  -6   3  -5  -8  -7  -7   14   0   1  62   0   0   1   0   0   0   0   1   0   0   0  20   0   0   0   0  1.80 0.81
   91 S    -1  -5  -5  -6   1  -5  -5  -5  -6   5   1  -5   2  -4  -5   2  -3  -6  -3   4    4   0   0   0   3   0   0   1   0  28  14   0   4   0   0  16   1   0   1  28  0.85 0.46
   92 N     0  -4   2   0  -2  -3  -4  -3  -1  -1  -5  -3  -4  -4  -5   3   6  -6  -3  -1    8   0   8   5   1   1   0   2   1   3   1   1   0   1   0  21  42   0   1   3  0.86 0.53
   93 D    -2   0   4   5  -2  -2   1  -3  -1  -2  -5  -1  -5  -6  -5   3  -3  -7  -5  -5    4   5  18  32   1   2   9   1   1   2   1   3   0   0   0  19   1   0   0   0  0.83 0.47
   94 R    -3   5  -3  -3  -5   1   1  -4   1  -2  -2   1  -2  -1   2  -1  -2  -4   3  -2    2  28   1   1   0   7   9   1   4   3   3   7   1   2  11   4   2   0  12   3  0.53 0.36
   95 D     0  -1   1   4  -5   2   3  -3  -1  -3  -2   1  -3  -5  -3   1  -1  -2  -4  -2    7   3   7  20   0   7  21   1   2   1   3   8   1   0   1  10   4   1   0   3  0.43 0.30
   96 R    -3   4  -2  -4  -6   2  -4  -5  -5  -6  -4  -3  -1  -3  -5   5   3  -7  -6  -6    0  19   1   1   0   9   0   0   0   0   2   1   2   1   0  49  14   0   0   0  1.18 0.67
   97 V    -4  -6  -5  -7  -3  -6  -7  -7  -5   0   2  -3   2   8  -7  -6  -4  -2   3   1    1   0   1   0   1   0   0   0   0   4  18   2   5  52   0   0   1   0   7   8  1.51 0.64
   98 V    -2  -2   1   2  -5   1   4  -3  -1  -2   1   0  -2  -4  -1  -1  -1  -5  -3  -2    4   1   8  13   0   6  30   1   1   2  15   5   0   0   3   4   3   0   1   2  0.42 0.31
   99 E     0   0   5   0  -3   0   4  -3   3  -3  -4  -1  -2  -2  -4  -1  -2  -2  -2  -2    8   5  28   4   0   3  24   1   7   2   2   3   1   2   0   3   2   1   1   3  0.59 0.38
  100 A     1  -4  -4  -4   1  -4   1  -5  -5   3   2  -4  -1  -3  -5   1   0   2  -4   3   13   0   0   0   3   0  11   0   0  15  16   0   1   1   0   9   5   3   0  24  0.46 0.33
  101 R    -2   2   0   3  -2   1   0  -2   0  -1  -3   4  -2  -5   1   0  -1  -6  -3  -3    3  12   4  15   1   6   5   3   2   4   3  25   1   0   6   6   3   0   0   1  0.38 0.28
  102 D    -1   1   3   1  -3   2   2  -2   0  -1  -2   2  -1  -2  -2   0   0  -5  -1  -2    6   6  14   7   0   8  16   2   2   4   3  12   1   2   1   7   5   0   2   2  0.24 0.20
  103 E    -4  -3  -3  -4  -5   0   3  -7  -6  -1  -2   1  -3   0  -7  -3  -1  10  -1  -4    1   2   2   1   0   5  21   0   0   4   4   7   1   3   0   2   4  40   2   1  1.64 0.74
  104 L    -3   0  -5  -6  -4  -2  -4  -6   1   2   4  -2   2   1  -6  -4  -1   6   2   1    1   7   0   0   0   1   1   0   3  12  35   2   5   5   0   0   4  10   6   7  0.67 0.38
  105 H    -1   0   3   2  -4   2   2  -3   2  -2  -1   1  -2  -2  -2   0   0  -1  -1  -2    5   3  15  12   0   8  14   1   6   2   5   8   1   2   1   5   6   1   2   2  0.27 0.21
  106 R    -2   3  -2   2  -6   2   4  -3  -1  -4  -3   2  -3  -6   1  -1  -1  -6  -2  -4    3  17   1  10   0   9  27   2   1   1   2  10   0   0   6   5   3   0   1   1  0.56 0.36
  107 M    -2  -3  -3  -3  -1  -2   1  -4  -4   3   3  -2   5   0  -4  -3  -2  -1  -2   2    3   1   1   1   1   1  10   1   0  16  26   2  15   3   1   1   1   1   1  12  0.50 0.28
  108 L    -1  -2  -4  -2   2  -2  -3  -4   0   3   4   1   1  -1  -5  -4  -2  -2  -3   1    4   2   1   2   5   2   1   1   3  17  36   9   2   2   0   0   2   1   0  11  0.47 0.29
  109 N    -1   4   3   1  -3   2   2  -3  -2  -3  -4   1  -1  -3  -3   1   0  -5  -3  -3    5  20  16   6   0   8  11   2   1   1   1   6   1   1   1  11   6   0   1   1  0.44 0.30
  110 E    -2   0   1   1  -3   1   2  -2   4  -1  -2   0   0  -2  -2   1  -1  -4   0   0    2   5   8   8   0   6  15   2  12   4   3   6   2   1   2  10   2   0   3   9  0.23 0.20
  111 D    -1   1   0   0  -2   0   2  -3   4  -3  -1   2   0  -1   2   0  -1  -2   1  -2    4   6   5   4   1   3  14   1  13   1   7  11   2   2   9   5   3   1   6   2  0.25 0.20
  112 E     1  -1   1   2   0   0   1   0   1  -3  -3   0  -2   0  -2   0  -1   5   1  -1   15   4   5  10   2   4  10   8   4   1   2   5   1   4   1   5   3   8   4   4  0.19 0.16
  113 L    -1  -1   0   0   4  -1  -2  -2  -2   0   2  -1   0   2   1   0  -1  -3  -2   0    4   4   5   7   9   2   2   3   1   6  20   2   3  10   7   8   3   0   1   5  0.12 0.13
  114 R     0   1   0   2  -2   1   2  -2  -1  -3  -3   2  -3  -1   3   1  -1  -4  -2  -2    9   7   4  10   1   6  11   3   1   1   2  11   0   3  15  10   4   0   1   2  0.28 0.21
  115 D    -3  -1   5   3   0  -1   0   2   0  -5  -5   1  -5  -5  -2   0   0  -3  -3  -4    1   3  29  17   2   2   6  13   2   0   0   7   0   0   2   8   5   0   1   1  0.62 0.37
  116 A     1  -5  -5  -5   2  -5  -5  -5  -3   4  -1  -2  -1   0  -1   0   1  -5  -2   4   10   0   0   0   4   0   0   0   1  23   5   2   1   4   4   6  10   0   1  30  0.60 0.36
  117 V    -1  -6  -3  -4  -1  -2  -4  -5  -3   1  -3  -4  -4  -5   7   1  -2  -7  -4   2    4   0   1   1   1   2   1   0   1   8   2   1   0   0  50  10   2   0   1  14  1.26 0.63
  118 L    -4  -2  -4  -7  -1  -4  -6  -6  -6   5   1  -1   3   4  -6  -5  -3  -4  -3   3    1   2   1   0   1   0   0   0   0  36  12   4   8  15   0   0   1   0   0  18  0.96 0.47
  119 L    -2  -6  -7  -7  -1  -6  -7  -6  -5   5   3  -6   4   0  -6  -6  -4  -6  -3   4    4   0   0   0   1   0   0   0   0  29  26   0   9   3   0   0   0   0   1  26  1.10 0.52
  120 V    -6  -7  -8  -8  -6  -7  -7  -8  -7   4   5  -7   0  -2  -7  -7  -5  -6  -5   3    0   0   0   0   0   0   0   0   0  19  60   0   2   1   0   0   0   0   0  18  1.53 0.67
  121 F    -2  -6  -7  -7   2  -5  -7  -7  -6   2   2  -6  -1   4  -7  -5  -5  -4  -3   5    3   0   0   0   4   0   0   0   0  11  20   0   1  19   0   0   0   0   0  41  1.17 0.55
  122 A     3  -5  -5  -4  -4  -5  -6   6  -6  -6   1  -6  -2  -3  -6  -3  -5  -7  -7  -5   23   0   0   1   0   0   0  59   0   0  12   0   1   1   0   1   0   0   0   1  1.46 0.69
  123 N    -7  -6   9  -4  -1  -6  -6  -6  -2  -8  -5  -6  -5  -8  -8  -3   2  -9  -8  -8    0   0  84   0   1   0   0   0   1   0   1   0   0   0   0   1  11   0   0   0  2.73 1.10
  124 K    -6  -1  -3  -6  -9  -1  -5  -7  -1  -8  -8   8  -7  -6  -7  -6  -6  -9  -7  -8    0   2   1   0   0   2   0   0   2   0   0  93   0   0   0   0   0   0   0   0  2.79 1.12
  125 Q     0  -2  -2  -5   6   3  -4  -5  -5   3  -2   1   0  -3  -5   1   1  -6  -3   0    6   2   1   0  16  16   0   0   0  17   3   9   2   1   0  12   8   0   1   7  0.57 0.39
  126 D    -8  -7  -4   9  -9  -4  -2  -7  -4  -9 -10  -6  -9  -9  -7  -6  -6 -10  -9  -9    0   0   0  97   0   1   1   0   0   0   0   0   0   0   0   0   0   0   0   0  3.21 1.19
  127 L    -3  -3  -6  -5  -1  -2  -5  -7  -1   1   6  -1   3  -4  -6  -4  -4  -6  -5   1    2   1   0   1   2   2   0   0   1   6  65   4   5   0   0   1   1   0   0   7  1.15 0.55
  128 P    -1   2   0   0  -1  -1   2  -3  -1  -2  -2   2  -3  -3   4   0  -1  -4  -3  -1    4  12   3   6   1   2  17   1   1   2   5  11   0   1  19   6   3   0   1   4  0.36 0.25
  129 N    -2   0   3   3  -1   0   2   2   1  -4  -4   0  -4  -3  -3   0   1  -5  -2  -4    3   4  15  20   1   4  11  14   3   1   2   5   0   1   1   5   8   0   1   1  0.41 0.26
  130 A     2   1  -1   0   1   2   1  -1   1  -3  -2   1  -2  -3  -1   0   0  -2   0  -3   23   6   2   6   3   9   8   4   3   1   3   9   1   1   3   6   5   0   3   1  0.19 0.17
  131 M     0   4  -1  -1  -3   0   0  -3   0   0   0   1   3  -3  -2  -1  -1  -4  -1   1    7  24   3   3   1   3   5   2   2   5   9   7   9   1   2   3   3   0   2  11  0.24 0.20
  132 N     0  -1   1   0   0   2   0  -1   1  -2  -3   0  -1  -4   1   2   1  -4  -3   1    6   3   6   5   2   9   4   5   3   1   2   6   2   0   6  21   9   0   0  10  0.19 0.19
  133 A     2  -1  -2   0  -2   0   2  -2  -2   1  -1  -1   0  -1   0   0   0  -3  -1   2   16   3   1   4   1   3  14   2   1   8   6   4   2   2   5   5   5   0   2  17  0.13 0.14
  134 A     0   2   0   1   0   1   1  -2   0  -2  -2   1  -2  -3   1   1   0  -4  -3  -1   10  14   4   6   2   7   8   2   2   2   3   9   1   1   6  13   4   0   0   5  0.19 0.16
  135 E     0  -2  -1   1  -3   3   5  -4  -1  -3  -4   0  -4  -3   0  -2  -1  -5  -3  -1    7   2   2   8   1  11  41   1   2   1   1   5   0   1   6   2   4   0   1   4  0.68 0.41
  136 I    -1  -3  -3  -3  -2   0  -1  -4  -4   4   1  -2   1   1  -4  -2  -2  -4   1   3    4   1   1   1   0   4   4   1   0  22  14   2   3   6   0   3   1   0   4  25  0.44 0.28
  137 T     2   1  -2   0  -1   0   1  -2  -1   0  -2   1  -2  -4  -2   2   2  -5  -3  -1   18   7   1   4   1   4   9   2   1   5   3   8   0   0   2  14  16   0   1   3  0.23 0.22
  138 D     0   1   0   2  -4   2   2  -2   0  -2  -3   2  -2  -2  -2   0   1  -2   0  -2    9   8   3  11   0   9  14   3   2   3   1  13   1   2   1   7   7   0   4   2  0.24 0.20
  139 K     0   1  -1  -1  -3   2   3  -1  -1  -2  -2   3  -2   0  -2  -1  -2  -2   2  -3   10   8   2   3   0   8  19   4   1   3   3  17   1   4   1   5   2   1   7   1  0.27 0.24
  140 L    -1  -2  -3  -1  -1   1   3  -4  -2   0   3  -2   1   1  -4  -3  -2   0  -1  -2    4   2   1   3   1   7  22   1   1   4  30   2   4   7   1   1   1   1   2   2  0.40 0.30
  141 G     2  -1   0  -1   0  -1  -1   5  -1  -4  -3   0  -4  -2  -5   0  -2   3  -2  -4   15   3   5   4   2   2   4  39   1   1   3   6   0   1   0   5   2   4   2   1  0.55 0.34
  142 L     1  -1  -3  -2   1   1   1  -4  -3   1   3   1   1   0  -4  -2  -2  -4  -2   0   10   3   1   2   2   6   9   1   1   9  34   8   2   3   0   2   1   0   1   5  0.31 0.24
  143 H     0   0   2   0  -3   2   3  -3   3  -4  -3   1  -2  -3   0   0  -1   0   0  -3   10   3   9   5   1   9  18   1   7   1   2  10   1   1   5   8   4   1   4   1  0.31 0.25
  144 S    -1   0   1   0  -1  -1  -1  -1  -2  -2   1   1   0   3   0   1  -1   0   0  -2    3   5   6   4   2   3   4   5   1   1  16   8   3  15   5  10   4   1   3   2  0.11 0.13
  145 L     3  -1  -1  -1   2  -2  -2  -2   1   2   1  -1   0  -1  -2   0  -1  -1  -1   0   27   3   3   4   4   1   1   2   3  11  15   3   2   2   1   5   3   1   2   7  0.19 0.17
  146 R    -1   4   1   0  -3   1   1  -1  -3  -3  -3   3  -2  -3  -1   0   1  -4  -3  -2    5  20   7   5   1   5   9   5   0   1   2  18   1   1   3   5   9   0   1   3  0.34 0.23
  147 Q     0  -1   2   2  -2   2   2   0  -1  -3  -4   2  -2  -3  -2   1  -1  -3  -2  -2    9   3  10  13   1   8  14   5   1   1   1  14   1   1   2   9   3   0   1   2  0.30 0.21
  148 R    -2   3   1  -3  -2   0   0  -2   3   0  -1   3   0  -1  -3  -2  -2   2   0  -3    3  19   6   1   1   4   5   4   8   7   7  18   3   3   1   2   2   3   4   1  0.29 0.22
  149 H    -1   0   3   0  -1   0   1   2   2  -3  -3   0  -3  -4   2   0   0  -4  -2  -2    5   4  13   4   2   3  10  19   5   2   2   6   1   0  10   7   5   0   1   2  0.28 0.20
  150 W     0  -4  -2  -4   4  -3  -4  -4  -4   4   1  -4   2   1  -5  -3  -2   7   1   1    8   0   2   1   8   1   1   1   0  22  14   1   6   6   0   2   2  13   4   8  0.66 0.34
  151 Y    -1  -1  -2  -2   1   1   0  -3   2  -2   0   0   0   3   1  -1  -1  -3   4  -2    4   4   1   1   3   7   7   2   5   2   8   7   2  10   8   4   4   0  18   1  0.28 0.23
  152 I    -3  -5  -5  -5   3  -5  -4  -5  -2   2  -1  -5  -1   6  -3  -2   0  -2   5   1    2   0   0   0   5   0   1   1   1  12   6   0   1  28   1   4   5   0  20  11  0.89 0.44
  153 Q    -3  -2  -2  -4   0   2  -2  -4   5   1   1  -3   3   4  -4  -3  -3  -1   2   0    2   2   2   1   2   9   2   1  14   9  13   1   9  18   1   1   1   1   6   6  0.54 0.32
  154 S    -1  -3  -3  -1  -7  -2   6  -2  -3  -4  -5  -3   2   2   0  -1  -5  -6  -3  -4    5   1   1   2   0   1  58   3   1   1   1   1   5   8   5   5   0   0   1   1  1.21 0.67
  155 T    -1  -7  -6  -7   8  -6  -7  -7  -7   0  -4  -6  -2  -7  -7  -2   6  -8  -7   1    5   0   0   0  24   0   0   0   0   5   1   0   1   0   0   2  52   0   0   9  1.82 0.86
  156 C    -5  -5  -4  -4   6  -6  -6  -6  -7  -6  -8  -6  -7  -8  -7   7  -2  -9  -8  -7    0   1   1   1  15   0   0   0   0   0   0   0   0   0   0  79   2   0   0   0  2.36 1.10
  157 A     7  -7  -7  -7   0  -4  -6  -4  -7  -4  -4  -6  -6  -7  -4  -1  -3  -8  -7  -1   84   0   0   0   2   1   0   1   0   1   1   0   0   0   1   4   1   0   0   4  1.99 0.93
  158 T    -2   0  -3  -4  -3  -2  -4  -6  -4   0   2   6  -3  -5  -4  -4   2  -7  -4   0    3   4   1   1   0   1   0   0   0   5  19  44   0   0   1   0  12   0   1   7  0.87 0.53
  159 S    -2  -2   2   4  -1   0   1  -5  -1  -3  -2  -1   0  -4  -5   1   4  -6  -4  -4    4   2   8  21   1   4  10   0   1   1   4   3   3   1   0   9  29   0   1   0  0.62 0.43
  160 G     0   2   3  -1  -4   1  -3   4  -3  -6  -6   0  -2  -6  -3   1   2  -6  -5  -5    7  11  16   3   0   6   1  26   0   0   0   5   1   0   1  10  12   0   0   0  0.60 0.40
  161 E    -2  -1   0   1  -2   3   3  -4   0   1  -2   0   1  -1  -3  -1   1  -4   1  -1    2   2   5   7   1  13  17   0   2  10   4   6   3   3   1   5  11   0   6   3  0.25 0.24
  162 G    -4  -4   7  -4  -5  -1  -6   4  -4  -8  -6  -5  -5  -8  -4  -2  -3  -8  -6  -8    1   1  55   1   0   3   0  32   0   0   1   0   0   0   1   2   1   0   0   0  1.87 0.86
  163 L    -5  -7  -8  -8  -6  -7  -7  -8  -7   5   2  -7  -2   0  -7  -6  -4  -6   1   6    0   0   0   0   0   0   0   0   0  28  16   0   1   3   0   0   0   0   4  48  1.48 0.67
  164 Y    -2   1   1   3  -4   2   4  -1  -2  -3  -4   2  -4  -3  -2  -2  -1  -6   0  -2    2   7   7  14   0   9  25   4   1   2   2  14   0   1   1   1   3   0   3   3  0.47 0.34
  165 E    -1  -2   0   2  -4   2   5  -3  -4  -2  -1   1  -4   1  -3  -2  -2  -6  -3  -3    5   1   4  11   0   9  38   1   0   2   5   8   0   7   1   2   2   0   1   1  0.64 0.43
  166 G     3  -4  -5  -5   1  -5  -5   2  -6   1   0  -5   0  -4   0   0  -1  -6  -5   4   27   1   0   0   2   0   0  14   0   6   8   0   2   0   4   5   3   0   0  28  0.60 0.40
  167 L    -6  -6  -8  -9  -7  -8  -8  -9  -7   1   1  -8   2   9  -9  -6  -5  -5  -2  -3    1   1   0   0   0   0   0   0   0   7  11   0   5  73   0   1   0   0   0   1  2.42 0.95
  168 D    -2   1   1   3  -4   2   2  -3   0  -2  -1   0   0  -1  -4  -1   0  -5   1  -2    3   9   8  19   0   9  15   1   2   3   7   5   3   2   0   3   5   0   5   2  0.32 0.26
  169 W     1  -2  -2   0   0   0   2  -3  -1  -3  -2   0  -2  -2  -5   0   2   8  -2  -3   12   2   1   6   2   4  13   1   2   2   3   6   1   2   0   6  12  23   1   2  0.69 0.42
  170 L    -1  -6  -7  -7   0  -6  -7  -7  -7   3   5  -6   2  -3  -7  -4  -3  -6  -5   3    6   0   0   0   2   0   0   0   0  14  49   0   5   1   0   1   1   0   0  22  1.14 0.55
  171 S     2  -1  -2  -4   0  -2  -3  -3  -3   2   1  -1  -1  -1  -4   1   1  -3  -2   3   20   3   1   0   2   1   1   1   0  11  13   3   1   2   0  11   9   0   1  19  0.29 0.25
  172 N    -1   4   1   3  -4   1   1  -4   1  -5  -4   3  -5  -6  -5   0   0  -6  -5  -5    4  23   6  16   0   7   8   1   3   0   1  15   0   0   0   8   6   0   0   0  0.61 0.39
  173 N    -1   0   1   1  -1   2   3  -4   1   1  -1   1   0  -2  -4  -1   0  -4   1  -1    4   4   8   6   1   9  19   0   4   8   6   8   3   1   0   4   7   0   5   5  0.19 0.19
  174 I    -3  -7  -7  -7  -2  -7  -5  -8  -7   7   2  -7   0  -3  -7  -3  -3  -7  -3   3    2   0   0   0   1   0   1   0   0  55  17   0   2   0   0   2   1   0   1  18  1.49 0.64
  175 A    -1   1   0  -3   0   0   0  -3  -3   2   1   3   2   0   0  -2  -2  -4  -2  -1    6   8   5   0   2   4   6   1   0  13  17  18   6   4   5   2   0   0   1   3  0.19 0.19
  176 S     1   1   2  -1  -2   1   0  -2  -3  -4  -3   4  -2  -5  -4   2  -1  -5  -4  -3   14   5  11   3   1   6   4   1   0   0   3  27   1   0   0  17   3   0   0   2  0.46 0.32
  177 K    -5   6  -4  -4  -7   4  -3  -5  -4  -6  -6   5  -5  -7  -5  -4  -4  -6  -5  -6    0  44   0   0   0  15   0   0   0   0   0  41   0   0   0   0   0   0   0   0  1.67 0.66

                      K         Lambda
Standard Ungapped    0.1369     0.3207
Standard Gapped      0.0527     0.2670
PSI Ungapped         0.1721     0.3182
PSI Gapped           0.0527     0.2670
