
Last position-specific scoring matrix computed, weighted observed percentages rounded down, information per position, and relative weight of gapless real matches to pseudocounts
            A   R   N   D   C   Q   E   G   H   I   L   K   M   F   P   S   T   W   Y   V   A   R   N   D   C   Q   E   G   H   I   L   K   M   F   P   S   T   W   Y   V
    1 E    -1   0   0   3  -4   4   4  -2   0  -3  -3   1  -2  -4  -2   0  -1  -3  -2  -3    0   0   0  21   0  34  45   0   0   0   0   0   0   0   0   0   0   0   0   0  0.65 0.06
    2 D    -1  -1   0   3  -3   0   3  -2  -1  -3  -3   0  -2  -3  -2   2   2  -4  -3  -2    0   0   0  27   0   0  34   0   0   0   0   0   0   0   0  19  21   0   0   0  0.49 0.09
    3 W    -4  -4  -5  -5  -3  -3  -4  -4  -3  -3  -2  -4  -2   3  -5  -4  -3  11   3  -3    0   0   0   0   0   0   0   0   0   0   0   0   0  13   0   0   0  78   9   0  2.49 0.26
    4 Q    -2   0   2   0  -4   5   3  -3  -1  -1  -3   1  -2  -4   0  -1  -1  -3  -3  -1    0   0  13   0   0  41  26   0   0   6   0   7   0   0   3   0   0   0   0   4  0.55 0.18
    5 L    -2  -3  -4  -5  -2  -3  -4  -5  -4   0   5  -3   2  -1  -4  -3   0  -3  -2   0    0   0   0   0   0   0   0   0   0   0  88   0   4   0   0   0   8   0   0   0  0.85 0.24
    6 V    -2  -2  -3  -3  -2   2  -2  -4  -3   3   2  -2   0  -1  -3  -2  -1  -3  -2   3    0   0   0   0   0  18   0   0   0  23  30   0   0   0   0   0   0   0   0  29  0.40 0.16
    7 W    -1  -3  -3  -4  -4   1  -3  -4   1  -2  -1  -3   1   6  -4  -3  -3   6   3  -1    4   0   0   0   0  11   0   0   4   0   0   0   4  48   0   0   0  14   8   6  0.89 0.27
    8 S    -1  -2  -1  -1  -3   0   2  -2  -2  -3  -1   1  -2  -4  -2   5   0  -4  -3  -1    0   0   0   0   0   3  14   0   0   0   6   8   0   0   0  62   4   0   0   3  0.60 0.29
    9 Q    -3   0  -1   7  -5   0   2  -3  -3  -5  -5  -2  -4  -5  -3  -1  -3  -6  -5  -5    0   7   0  78   0   3   9   0   0   0   0   0   0   0   0   3   0   0   0   0  1.41 0.39
   10 E    -2  -2   3   3  -4   1   5  -3  -2  -4  -4  -1  -3  -4  -3   1   0  -5  -3  -4    0   0  14  17   0   3  50   0   0   0   0   0   0   0   0  12   4   0   0   0  0.79 0.28
   11 F    -4  -5  -4  -1  -4  -5  -5  -1  -3  -2  -2  -5  -2   8  -5  -4  -4  -1   1  -3    0   0   0   4   0   0   0   6   0   0   0   0   0  90   0   0   0   0   0   0  1.80 0.47
   12 D    -3  -2   6   4  -4  -1   2  -2  -1  -5  -5  -2  -4  -5  -3   0   0  -5  -4  -4    0   0  52  25   0   0  13   0   0   0   0   0   0   0   0   5   5   0   0   0  1.02 0.34
   13 D     1  -2  -1   0  -3   0   0   2  -1  -2  -2  -1  -2   1  -2   1  -1  -1   4  -2   16   0   0   7   0   4   5  21   0   3   0   3   0   7   0  15   0   0  19   0  0.26 0.15
   14 G     0  -1   1  -1  -2  -1   2   2  -2  -1  -3   0  -2  -3   1   1   2  -3  -3  -2    8   0   9   0   0   0  17  19   0   4   1   7   0   0   5  10  18   0   0   0  0.25 0.13
   15 V     0   0  -1  -2  -2   0   0   2  -2   0   0   0  -1  -2  -2   1   1  -3  -2   1    7   4   0   0   0   4   8  20   0   3  10   7   0   0   0  13  10   0   0  13  0.12 0.09
   16 I    -1   1  -2  -1  -3  -2  -2  -3   1   1   2   1  -1   2   1  -1  -2   5  -1  -1    5   9   0   3   0   0   0   0   6   8  28  11   0  10   6   4   0  10   0   0  0.23 0.16
   17 D    -1  -1   3   6  -4  -1   3  -2  -2  -4  -4  -1  -3  -4   0  -1  -2  -4  -4  -4    4   3  13  53   0   0  17   1   0   0   1   1   0   0   4   1   1   0   0   1  0.89 0.29
   18 P     0  -1  -1   0  -2   0   0   1  -2  -2   0   0  -1  -3   3   1   2  -3  -2  -1    9   0   0   4   0   4   7   9   0   0   9   7   0   0  15  10  18   0   0   4  0.21 0.11
   19 N     0   0   3   0  -3  -1  -1  -1  -2  -2  -1   1   0  -3  -3   1   4  -4  -3  -2    5   5  19   3   0   0   2   2   0   0   6  10   3   0   0   9  36   0   0   0  0.36 0.22
   20 I    -2   1   0  -1  -3   0  -1  -3  -2   1  -1   4  -2   3  -3   0   0  -3   0  -1    0   4   5   3   0   3   0   0   0   9   3  40   0  17   0   6   4   0   2   3  0.32 0.22
   21 W    -4  -4  -5  -5  -4  -4  -4   0  -3  -4  -3  -4  -3   1   0  -4  -4  11   4  -4    0   0   0   0   0   0   0   7   0   0   1   0   0   4   5   0   0  65  15   0  2.44 0.54
   22 N    -1   0   2   1  -2   0   1  -2   1  -1  -2   1  -1   1  -2   1   1   3   0  -1    1   4  11  10   0   4   7   1   3   4   1  10   0   9   1  12   9   4   3   3  0.13 0.08
   23 F     1  -2   0  -2  -2  -1   0   1   2  -1  -2  -1  -1   2   2  -1  -1  -1   3  -1   18   1   5   1   0   1   7   9   7   4   2   1   0  12  11   1   1   0  14   4  0.19 0.11
   24 E    -1   0   0   3  -3   1   3  -2   1  -2  -2   0  -2   1  -2   1   0  -2  -1  -2    5   6   1  23   0   4  21   1   3   1   2   4   0  11   1   9   5   0   1   1  0.26 0.12
   25 I    -1  -1  -1   2  -2  -1   0  -1  -2   1  -1  -1  -1  -2   2   0   2  -2   0   1    2   4   1  14   0   1   4   5   0   9   5   1   0   1   9   9  16   0   4  16  0.11 0.08
   26 G     0   1  -1  -1  -2   1   1   3  -1  -2  -2   1  -1   0   1   0   0  -2  -2  -2    4   7   1   1   0  10  12  24   1   1   2   8   2   5   6   7   5   0   1   1  0.19 0.09
   27 N    -1   1   2  -1  -2   0  -1  -1  -1  -2  -1   2  -1   2  -2   0  -1   3   3  -2    2   7  14   2   1   4   2   4   1   1   6  15   1  13   1   5   2   4  14   2  0.19 0.10
   28 G     0  -1   0   0  -2   0   0   0   2  -1  -2  -1  -1   2   0  -1  -1   7   0  -2   11   4   6   4   1   3   7   6   6   5   3   2   1  10   4   2   2  21   1   2  0.35 0.12
   29 H    -1  -1   0   0  -2  -1   0  -1   0  -1   0   1  -1   0   1   0   1   2   3  -1    2   2   4   4   1   1   5   5   2   2   8  11   1   3   8   4  12   4  15   5  0.10 0.07
   30 A     1  -1   1   4  -2  -1   2  -1   1  -2  -2   0  -2  -3   0  -1   0  -3  -2  -2   17   1   8  29   0   1  14   2   3   1   5   3   1   1   5   2   4   0   1   2  0.31 0.14
   31 K     0   1   0   1  -2   0   0   0  -1  -2  -2   1  -2   1   3   1   0  -2   1  -2    4   7   3   8   0   4   4   5   1   1   2  11   1   8  17  11   6   0   5   2  0.19 0.08
   32 G     0   1  -1   1  -3   0   0   3   2  -2  -2  -1  -2   2  -2  -1  -2  -1   3  -2    8   8   1   8   0   4   7  24   6   1   2   1   0  13   1   1   1   0  11   1  0.22 0.12
   33 I     0  -2  -2   1  -2  -2  -2  -2   2   1   1  -1   0   3  -2  -1   0  -1   1   1    7   1   1  10   0   1   1   1   8   9  14   3   2  19   1   4   6   0   4  10  0.12 0.10
   34 P    -1  -1   1  -1  -2  -1  -2  -2   3   0  -2  -2  -2  -2   3   1   0   5  -1   1    4   4   9   3   0   1   1   1  10   5   1   1   0   1  18  11   4  11   0  15  0.34 0.17
   35 G     1  -2   1  -2  -3   0  -1   4   0  -3  -2  -2  -2   0  -3   0   2  -2   2  -2   10   0   6   0   0   4   2  35   3   0   4   0   0   4   0   5  15   0  10   0  0.35 0.19
   36 W    -4  -4  -1   1  -5  -1   0  -1  -4  -5  -4  -1  -4   0   0   0  -2  11  -1  -5    0   0   4   7   0   2   7   4   0   0   0   3   0   3   5   7   2  56   0   0  1.83 0.55
   37 G     1  -2   0   0  -3  -1  -1   2  -2  -1  -3   0  -2  -3   3   0   1  -3  -1  -1   16   0   5   6   0   2   2  19   0   5   0   8   0   0  14   4  13   0   3   3  0.25 0.15
   38 N    -2  -3   5   3  -4  -1  -2   3  -2  -4  -4  -2  -1  -4  -3   0   1  -5  -4  -3    0   0  35  21   0   2   0  24   0   0   0   0   2   0   0   5   7   0   0   2  0.72 0.31
   39 G     0   1  -1  -1  -3  -1  -2   3  -2  -3  -2   1  -1   1   2  -1  -2  -2   2  -2    8   8   3   2   0   2   0  25   0   0   3  10   2   9  13   0   0   0  11   2  0.28 0.17
   40 E     1   0   0   1  -3   1   3   1  -1  -3  -3   0  -2  -1   2   0  -2  -3   1  -3   16   4   4   8   0   5  22  12   0   0   0   2   0   4  12   4   0   0   6   0  0.28 0.16
   41 L     0   0   1  -2   1   0  -2  -3  -2  -1   1  -2   0   2   4   0  -2  -2   1  -1    7   6   8   0   3   5   0   0   0   0  22   0   2  10  21   7   0   0   5   3  0.27 0.17
   42 E     0  -1   3  -1   3   2   1   0  -2  -3  -3   0  -2  -4  -2   1   2  -4  -3  -2    7   0  21   0   7  12  11   5   0   0   0   5   0   0   0  11  14   0   0   3  0.33 0.20
   43 Y    -2  -2   0  -3   0  -2  -2  -4   2   1   1  -1  -1  -1  -3  -2   1   7   2   1    0   2   6   0   3   0   3   0   6   9  17   3   0   0   0   0  11  21   8   9  0.49 0.24
   44 Y    -2  -1  -4  -4  -4  -3  -4  -4   0  -2  -2  -3   3   5  -4  -3  -2   7   6  -1    4   3   0   0   0   0   0   0   2   0   1   0  10  25   0   0   3  18  28   3  1.08 0.38
   45 T     0   0   0   0  -2   0   0   0  -1  -1   0   1   1   0  -2   1   2  -2   1   0    3   3   3   4   0   3   5   5   0   2   9   9   4   3   0  14  18   0   6   8  0.08 0.09
   46 D     1   1   2   2  -3  -1   0  -2   2  -3  -3   1  -3  -3   3   1  -1  -4  -1  -3   16   7  13  14   0   0   4   0   6   0   0   8   0   0  14  14   0   0   3   0  0.35 0.19
   47 E    -2   0   1   3   0   1   2   2   1  -4  -2   0  -3  -4   1   0  -2  -4  -3  -3    0   5   5  20   3   7  18  17   3   0   5   5   0   0   6   6   0   0   0   0  0.33 0.18
   48 N     0  -1   4   0  -3   2   0  -2   2  -1  -3  -1  -2  -1   0   1   1  -3   0  -1    9   3  29   2   0  12   2   0   5   3   0   2   0   2   5   8   8   0   5   3  0.31 0.21
   49 A     2  -3  -1   0  -2  -2  -2  -2  -3   0   1  -1  -1   0   0   1  -1   2  -2   2   21   0   3   6   0   0   0   0   0   3  13   3   0   5   5  11   0   3   0  26  0.18 0.18
   50 F    -2   1  -2  -2   0  -1  -1  -2   0  -2  -2   1  -2   3  -3   2   1   4   2   0    0   7   0   0   2   0   3   2   2   0   0  11   0  15   0  21  12   8   8   7  0.28 0.21
   51 V     0  -3  -3  -4  -2  -3  -3  -4  -4   2   1  -3  -1   2  -3  -2   2  -3  -2   4    5   0   0   0   0   0   0   0   0   7  15   0   0   9   0   0  17   0   0  44  0.52 0.28
   52 E     1  -2   3  -1  -3   0   1   2   4  -3  -3   0  -3  -3  -3   1   0  -4  -2  -2   12   0  22   0   0   2  10  16  12   0   0   5   0   0   0  12   4   0   0   4  0.36 0.21
   53 N    -1  -2   4   5  -4   1   0   0  -2  -4  -5  -1  -4  -5  -1   1  -1  -5  -4  -4    3   0  28  36   0   5   5   7   0   0   0   3   0   0   3   8   3   0   0   0  0.74 0.32
   54 G    -2  -2  -2   1  -4  -3  -3   6  -4  -5  -5  -3  -4  -5  -4   0  -1  -5  -5  -2    0   2   0   8   0   0   0  77   0   0   0   0   0   0   0   6   3   0   0   3  1.36 0.46
   55 C    -1  -1   2  -2   3   0   0   0   0  -1  -2   1  -2   2  -3   0   0  -2   0   0    0   0  11   0   8   5   5   9   2   2   2  14   0  14   0   9   7   0   2   7  0.13 0.14
   56 L    -3  -3  -4  -5  -3  -3  -4  -2  -4   0   5  -2   2  -2  -4  -1   0   2  -3   0    0   0   0   0   0   0   0   3   0   2  68   3   6   0   0   4   6   3   0   4  0.73 0.34
   57 V     0   1   2  -2  -3   2   0  -2  -2   1  -1   2  -1  -3  -2   1   2  -3  -2   0    6   7  11   0   0  11   2   0   0   9   3  14   0   0   0   9  17   0   0   9  0.19 0.16
   58 I    -2  -2  -4  -5  -3  -3  -4  -5  -4   4   3  -4   2  -2  -1  -2  -1  -4  -3   2    3   2   0   0   0   0   0   0   0  34  39   0   5   0   3   3   2   0   0  11  0.61 0.29
   59 E    -2   2  -2   0  -3   0   3  -3  -2  -2  -3   1  -3  -4  -3   1   4   1  -3  -2    0  14   0   5   0   3  24   0   0   3   0   8   0   0   0   8  30   3   0   2  0.46 0.28
   60 A     2  -3   0  -3   1  -2  -2   1  -3   0   1  -2   3  -1   1   0   0  -3  -1  -1   22   0   5   0   4   0   2  12   0   5  14   0  12   2   7   4   7   0   2   0  0.17 0.16
   61 R     0   2   0   1   2   0   0   0  -2  -2  -2   1  -1  -3   0   1   1  -3  -2  -1    5  15   3  10   5   4   6   5   0   2   3  12   2   0   3  10  13   0   0   2  0.16 0.10
   62 K    -1   3   0  -2  -3   0   0  -2   0  -1   0   2   2  -2   0   1   0  -3  -2   0    3  18   5   1   0   3   5   1   2   1  14  16   7   0   4  13   3   0   0   7  0.16 0.13
   63 E     0   1   0   3  -3   1   2  -1  -2  -2  -1   1  -2   0   0  -1  -2  -3  -2  -2    8   7   3  19   0   6  20   4   0   0   9  10   0   6   3   2   1   0   0   3  0.22 0.14
   64 Q    -1   1   0   2  -3   1   1   0  -1  -3  -2   1  -2  -3   2   1   0   1  -1  -2    3   9   4  14   0   7  10   7   0   0   5   7   0   0  11  11   6   2   1   2  0.21 0.11
   65 V     1  -1   0   0   3  -1  -1   1  -2   1  -1  -1  -1  -2   1   1   1  -3  -2   0   13   3   6   6   8   2   3  11   0  11   3   0   0   0   8   9   9   0   0   5  0.12 0.09
   66 S    -1  -2   0  -1  -2   0  -2   1   0  -1  -2  -1  -2  -1   0   3   2   1  -1   1    0   0   5   3   0   5   0  11   2   2   0   2   0   4   3  33  14   2   2  11  0.24 0.20
   67 D     0   0   0   2  -3  -1   0   2   0  -1  -2   1  -2  -3   2   0  -1  -3  -2  -1    9   3   3  14   0   0   5  22   3   6   3  11   0   0  10   4   1   0   0   5  0.20 0.11
   68 E     2  -1   1  -1  -2   1   0  -1  -2  -2  -2   1  -1   0   0   1   1  -3  -2   0   20   1   8   1   0   7   5   3   0   1   3  13   0   4   4  13   9   0   0   6  0.14 0.12
   69 Y    -1  -2   1  -1  -3  -1  -1   1   3   1   0   0  -1   0  -3  -1  -1  -1   4   0    2   0   7   3   0   2   3  13  10  12   8   6   0   0   0   2   2   0  25   4  0.24 0.18
   70 G    -1  -1   4   0   0   0   0   2  -2   0  -2  -1  -2   1   1   0  -1  -3  -2  -2    3   2  28   5   3   3   5  17   0   8   1   1   0   8   7   8   1   0   0   1  0.26 0.17
   71 T    -1  -1   0  -1  -2   0  -1   1  -2   0   1   1   2   0   1  -1   0  -2  -1   0    3   1   5   3   0   3   1  14   0   7  16  11  11   3   6   2   6   0   2   6  0.06 0.08
   72 Y    -1   1  -1  -2  -3  -1  -2   0   0  -1  -1   1  -2   2   4  -1  -2  -2   3  -1    6   8   2   1   0   1   1   6   2   3   4  12   0  11  25   1   1   0  12   3  0.36 0.16
   73 D    -1  -1   1   3   0   0   0   0  -2  -1  -2   0  -2  -3   4  -1   0  -3  -2  -1    4   3   6  20   3   3   3   7   1   3   2   8   1   1  23   2   8   0   1   4  0.34 0.13
   74 Y    -2  -2  -1  -3   3  -2  -3  -1   1   2  -1   0  -1   2  -3  -2  -1  -1   6   1    1   1   4   1   7   1   1   6   2  15   1   8   0   6   1   1   3   0  33  10  0.42 0.22
   75 T     0   1   1   1  -2  -1  -1   0   1  -1  -2  -1   0  -1  -2   1   3  -3   0   0    6   7   7   8   0   1   1   6   4   2   1   3   3   3   1   7  31   0   3   8  0.18 0.14
   76 S     1  -2   0   0   1  -1   0   0   0  -1  -3   0  -2  -3  -2   3   2  -3  -2  -1    8   1   2   4   3   1   5   7   3   3   1   5   0   0   1  36  17   0   0   3  0.30 0.19
   77 A     2  -2   0  -2  -2  -2  -2   4  -2  -3  -3  -2  -2  -2   0  -1   0  -2   0  -1   25   1   3   1   0   1   1  40   0   1   2   1   0   1   5   1   7   0   5   3  0.49 0.20
   78 R     0   2  -1  -1   0   0   0   2  -1  -2  -2   1   2  -2   0   1  -1  -2  -2  -2    4  17   1   1   2   4   8  19   0   1   2  10  10   1   4  10   3   0   1   1  0.20 0.12
   79 M     0  -2  -2  -3  -2  -2  -2  -1  -2   3   2  -2   1   1   0  -1   0  -2   0   2    6   1   1   1   0   1   1   4   0  23  19   1   2   7   5   5   6   0   3  15  0.17 0.10
   80 T     1   1   0  -2  -2   3  -1  -1   0   0  -1   1  -1  -2  -2   0   2  -3  -1   1   10   7   3   0   0  17   2   2   2   7   4   7   0   0   0   6  18   0   3  11  0.15 0.14
   81 T    -1  -1   0  -2  -2  -2  -2  -1  -2   0  -2  -1  -2  -1  -2   3   4  -3  -3   0    3   3   4   1   0   0   1   3   0   6   2   3   0   2   0  26  39   0   0   5  0.44 0.26
   82 E    -1   3   0   0  -3   2   0  -1  -2  -3  -3   3   0  -3  -3   1  -1   4   1  -2    2  16   4   4   0   9   3   5   0   0   1  27   3   0   0  10   1   7   5   3  0.36 0.20
   83 G     0  -1   3   0  -3  -1  -1   1   0  -3  -3   0  -3  -3  -2   3   2  -4  -1  -1    6   1  15   2   0   0   3  11   2   0   0   6   0   0   0  33  12   0   3   5  0.35 0.22
   84 K    -2   2   2   0  -3   1  -1  -1  -2  -3  -3   4  -2   0  -1   0   0  -3  -2  -1    1   9  11   4   0   6   1   3   0   1   1  36   0   5   3   7   6   0   0   5  0.32 0.19
   85 F     0  -1  -1  -1  -3  -1  -2  -1   1  -1   0   1   0   4  -3  -1  -1   1   3   0    9   3   4   4   0   1   1   3   3   1   6  11   2  27   1   2   1   1  11   9  0.22 0.15
   86 E     2  -2  -1  -2   3   0   1  -1   1  -1  -2  -1  -1  -2   0   1   0  -2   2  -2   19   0   0   0   7   4  11   4   5   5   3   3   1   0   5  16   5   0  11   1  0.16 0.14
   87 I    -3  -3  -3  -3  -3   0  -3  -2   0   1  -1  -3   1   5  -1  -3  -1   2   5   0    1   1   0   1   0   6   1   3   1   9   2   1   4  26   3   1   3   3  28   8  0.60 0.26
   88 K    -1   0  -1  -2  -2   1  -1   0  -2  -1   1   2   1   0   0  -1   2   1   0  -1    1   4   2   1   0   6   1   7   0   1  22  16   4   4   5   1  16   3   4   3  0.11 0.12
   89 Y    -3  -3  -4  -4  -4   0  -2  -4   2  -3  -2  -3  -2   5  -1  -2  -3  -1   7  -2    0   0   0   0   0   5   2   0   5   0   3   0   0  24   4   3   0   0  48   2  1.17 0.42
   90 G    -2  -4  -2  -3  -4  -3  -4   7  -4  -4  -5  -3  -4  -4  -4  -2  -3  -4  -4  -2    1   1   0   1   0   0   1  87   0   1   1   1   0   0   1   1   1   0   0   4  1.71 0.49
   91 K    -2   3  -3  -3  -4  -1  -2  -4   2  -3  -1   3  -1   2  -4  -2  -1   0   6  -3    3  16   0   0   0   1   1   0   5   0   5  23   1   7   0   1   4   1  31   0  0.66 0.32
   92 I    -1  -4  -4  -5  -3  -4  -4  -5  -3   3   1  -4   1   4  -4  -3  -1  -2   4   3    4   0   0   0   0   0   0   0   0  17  10   0   3  23   0   0   2   0  19  23  0.67 0.29
   93 E    -2  -3  -1   1  -5   0   6  -1  -3  -5  -5  -2  -4  -2  -3   2  -2  -5  -4  -3    1   0   2   7   0   2  62   4   0   0   0   0   0   2   0  16   1   0   0   2  1.01 0.44
   94 I     2  -4  -4  -4   2  -3  -4  -3  -4   3  -1  -3   4   0  -4  -1  -1   0  -3   3   25   0   0   0   5   0   0   0   0  16   0   0  16   3   0   3   2   1   0  27  0.53 0.30
   95 R    -2   5   0  -3  -4   1   0  -3   1  -3  -2   2  -2  -4  -3   2  -1  -4  -1  -3    0  42   3   0   0   6   4   0   3   1   4  13   1   0   0  18   3   0   2   1  0.63 0.31
   96 A     3  -4  -4  -5  -3  -3  -4  -4  -4   4   0  -4   6  -1  -4  -2  -2  -4  -3   0   35   0   0   0   0   0   0   0   0  28   7   0  26   2   0   0   0   0   0   2  0.81 0.40
   97 K    -4   2  -1  -1  -6   0  -2  -4  -3  -6  -5   7  -4  -6  -4  -3  -3  -6  -5  -5    0   7   3   2   0   1   0   0   0   0   0  86   0   0   0   0   0   0   0   0  1.72 0.61
   98 L     1  -3  -3  -4  -2  -3  -3  -2  -3   0   3  -3   3  -1   0  -2   0  -3  -2   1   15   0   0   0   0   0   0   3   0   4  42   0  11   2   5   2   5   0   0   8  0.38 0.22
   99 P     2  -3  -3  -3  -3  -1  -2  -3  -3  -1  -3  -2   1  -4   5   1  -1  -4  -3   1   24   0   0   0   0   3   0   0   0   4   0   0   4   0  35  13   2   0   0  12  0.73 0.31
  100 K     1   2   2   0  -3   1  -1  -1   0  -3  -2   2   0  -4   3   1  -1  -4  -3  -3   12  12  11   3   0   5   1   4   2   0   2  17   3   0  13  10   2   0   0   0  0.30 0.17
  101 G     0  -2   1   1  -3  -2  -2   5  -3  -2  -2  -1  -3  -4  -3   1   0  -4  -4  -1    4   1   6  11   0   0   0  48   0   2   3   2   0   0   0  11   6   0   0   5  0.61 0.27
  102 K     0   0   2   3  -3   1   0  -2  -2  -2  -2   0  -2  -4   0   0   3  -4  -3  -2   10   5   9  22   0   8   3   1   0   2   4   4   0   0   4   5  22   0   0   1  0.30 0.20
  103 G    -1  -3  -2  -3  -4  -3  -3   6  -3  -4  -4  -2  -3  -1  -3  -1  -3   6  -3  -2    3   0   0   1   0   0   1  63   0   0   1   3   0   2   1   5   1  14   0   4  1.21 0.39
  104 I    -2  -4  -4  -4  -3  -3  -4  -4  -4   3   2  -3   4  -1  -4  -2   2  -4  -3   3    1   0   0   0   0   0   0   0   0  15  23   0  13   2   0   2  16   0   0  28  0.57 0.28
  105 W     0  -4  -2  -2  -3  -3  -3  -4  -4   1  -1  -4  -2  -1  -4   1   0   6   1   4    7   0   1   2   0   0   0   0   0   6   1   0   0   2   0  15   4  14   4  44  0.65 0.33
  106 P    -1  -3   0  -3  -3  -3  -3  -3  -3  -2  -2  -3  -3  -4   5   3   4  -5  -4  -1    3   0   3   0   0   0   0   0   0   1   2   0   0   0  27  31  28   0   0   5  0.82 0.38
  107 A     4  -3   0   0  -3  -1   0   0  -3  -3  -2  -2  -3  -4  -3   3   1  -4  -1  -2   39   0   4   4   0   1   6   7   0   0   4   0   0   0   0  23  10   0   2   0  0.44 0.27
  108 L    -3  -5  -5  -6  -4  -5  -5  -5  -4   2   2  -5   1   7  -5  -4  -4  -2   2   0    1   0   0   0   0   0   0   0   0  14  17   0   3  55   0   0   0   0   6   4  1.18 0.42
  109 W    -4  -5  -2  -3  -2  -1  -5  -5  -3  -1  -1  -5   0   3  -6  -4  -4  10   6  -1    0   0   3   1   1   3   0   0   0   4   5   0   2  10   0   0   0  38  29   5  1.68 0.52
  110 M    -3  -4  -4  -5  -3  -3  -2  -5  -4   0   5  -4   5   1  -4  -2   2  -4  -3  -1    0   0   0   0   0   0   2   0   0   1  57   0  16   6   0   2  16   0   0   0  0.83 0.38
  111 L    -1  -1  -1  -2  -1   1   0  -3  -2   0   1   0   2   0  -1   1   0  -2   3  -2    2   2   2   0   1   6   8   0   0   3  20   7   8   1   2  17   3   0  15   0  0.17 0.17
  112 G    -1  -3   2  -2  -3  -1  -1  -2  -3  -2  -2  -2  -3  -4   4   4   2  -4  -3  -2    0   0  10   0   0   2   3   1   0   1   3   0   0   0  20  43  13   0   0   3  0.67 0.33
  113 N    -1   1   1   3  -3   0   1   2  -2  -3  -3   1  -1  -4  -1   0  -1  -4  -3  -3    2  10   8  21   0   3  10  20   0   0   1  11   2   0   2   6   4   0   0   1  0.34 0.17
  114 N    -1  -2   4   3  -1  -1   0   0  -2  -2  -3   0  -3  -3   3   0   1  -3  -3  -2    2   1  25  17   2   2   5   6   0   2   1   4   0   1  15   4  10   0   0   3  0.41 0.19
  115 I     0  -1   0  -1  -2   0   0   0   0   0   0   0   0  -1  -1   0   0   3   1   0    6   1   4   3   0   6   6   5   3   7  14   6   1   1   1  11   6   5   5   7  0.03 0.04
  116 G     0  -1  -1   3  -2   0   1   1   0  -2  -2  -1  -2   1  -1  -1   1   1   2  -2    6   1   1  24   0   3   9  12   2   1   2   3   1   6   2   2  11   2   8   3  0.20 0.12
  117 E    -1   1   0   0  -2   1   2   2   1  -2  -2   1  -2  -2  -1   0  -1  -2   1  -1    2   8   4   5   1   5  22  16   3   3   2  10   1   1   1   5   2   0   7   4  0.18 0.09
  118 V     0  -1   0  -1  -2   0   0   1  -1   2   0  -1  -1  -1   1   0   1   0  -1   0    6   4   5   2   1   4   5  12   1  19   7   3   1   1   8   3  10   1   1   6  0.06 0.05
  119 G    -1   0   0   3   0   0   0   1   2  -2  -2   0  -2  -2   2   0   0  -2  -1  -2    3   5   3  22   2   4   2  14   7   1   3   5   1   1  12   5   5   0   3   2  0.23 0.10
  120 W    -2  -1   0   2  -3  -2  -1   2  -1  -1  -2  -2  -2   0   0  -2  -1   7   3  -2    2   4   4  16   0   1   2  16   1   4   2   1   1   4   5   2   3  18  14   2  0.47 0.18
  121 P     0   0  -1   1  -2  -1   0  -1   0  -1   0   0  -1   0   2   0  -1   1   2  -1    8   5   2  10   1   1   7   5   3   2  10   6   1   3  12   4   3   2  12   3  0.11 0.06
  122 T     1   0   0   1  -2   1   2  -1  -1  -2  -1   0  -1   0   1   1   1  -2   0  -1   13   4   4  10   0   5  16   2   1   1   4   3   1   5   7   8  10   0   3   4  0.13 0.07
  123 C     0   0   0  -1   2   0  -1  -1   4  -2  -1  -1  -1   0  -2   2   0   5   0  -1    5   4   4   1   5   3   4   4  14   1   5   2   1   3   1  22   5   9   2   6  0.21 0.12
  124 G    -1  -1   0   3  -2   1  -1   2  -1  -2  -1  -1  -1  -1  -2   0   0  -2   0  -1    2   3   4  22   1   7   2  22   1   1   6   2   1   3   1   6   8   0   3   7  0.19 0.10
  125 E    -3  -2   0   0  -4   3   6  -2  -2  -3  -2  -1  -3  -4  -3  -2  -3  -4  -3  -2    1   0   3   3   0  11  66   3   0   2   5   1   0   0   1   1   1   0   0   2  1.03 0.40
  126 I    -2  -4  -4  -4  -3  -4  -4  -4  -4   6   2  -4   1  -1  -4  -3  -2   2  -3   1    3   1   1   1   0   1   1   1   0  58  20   1   3   1   1   1   1   3   0   4  0.90 0.35
  127 D    -4   2  -2   7  -5  -2  -1  -4  -3  -5  -5  -1  -4  -4  -4  -3  -3  -5   0  -5    1  14   0  70   0   0   2   1   0   1   1   4   0   0   1   1   1   0   3   1  1.50 0.53
  128 I    -2  -2  -1  -2  -2  -2  -2  -2  -2   5   0  -2  -1   1  -2  -1  -1  -2   0   3    2   1   4   2   1   1   3   3   1  40   3   2   1   6   1   4   2   0   3  21  0.41 0.19
  129 M     1  -1  -2  -2  -2   0  -2  -2   1   2   0  -1   2   4  -2  -1  -1  -2   0   1   16   2   1   1   0   4   1   2   4  12   7   2   7  23   1   4   1   0   1   9  0.22 0.15
  130 E    -4  -3  -3  -2  -1  -2   7  -3  -3  -6  -4  -3  -5  -1  -4   0  -4  -5   0  -5    0   0   0   0   1   0  83   1   0   0   2   0   0   3   0   6   0   0   3   0  1.70 0.70
  131 M     0  -4  -3  -2   1  -3  -4  -3   1  -1  -1  -4   1   5  -4   0   0   4  -1   2    9   0   0   2   4   0   0   2   5   2   3   0   4  31   0   9   5   5   0  18  0.49 0.30
  132 L    -2   2  -3  -4  -3  -2  -3  -4  -1   1   3   0   1   0  -4  -3  -1  -3   3   2    2  15   0   0   0   0   0   0   1   5  35   4   3   2   0   0   4   0  11  15  0.40 0.26
  133 G    -3  -4   1  -4   0  -1  -4   7  -4  -6  -6  -4  -5  -5  -1  -3  -4  -5  -5  -5    0   0   6   0   2   2   0  82   0   0   0   0   0   0   4   0   0   0   0   0  1.75 0.59
  134 H    -1   1   5  -2  -4   1  -2   1   1  -5  -4   2  -4   0  -4   1  -2  -4  -1  -4    3   7  40   0   0   6   0  11   3   0   0  13   0   5   0  10   0   0   2   0  0.66 0.36
  135 D    -1   0   2   5  -4   1   2  -2  -2  -2  -2   0  -3  -4  -3  -1   0  -5  -4  -3    6   5  11  37   0   6  13   2   0   2   4   4   0   0   0   2   7   0   0   1  0.54 0.28
  136 T    -1  -2  -1   0  -3  -2  -1  -3   0  -2   1  -1   1  -3   4   0   3  -4  -3  -1    2   2   3   5   0   1   2   0   2   0  19   2   3   0  22   7  24   0   0   3  0.42 0.26
  137 R    -2   1   1  -1  -3  -2  -1   2   2  -3  -2  -1  -1   1  -1  -1   2   3   3  -2    2   8   8   2   0   0   3  18   7   0   2   2   1   5   2   2  18   4  14   1  0.29 0.22
  138 T     0  -1   1   0  -3   2  -1   0   0  -1  -2   1  -1  -2  -3   1   3  -3   1  -1    5   2   8   5   0  10   1   7   2   4   3   9   2   0   0  10  21   0   7   3  0.17 0.17
  139 V    -1  -3  -3  -4  -3  -1  -3  -2  -3   1   1   0   3   2   2  -2  -1   2   0   3    2   0   0   0   0   4   0   4   0   8  10   6   9  12  12   2   4   3   3  24  0.28 0.21
  140 Y    -3   0   2  -3   0   5  -2  -4   3  -2  -3   1  -3  -3  -4   0  -1  -3   4  -2    0   4  11   0   2  35   0   0   7   3   2   7   0   0   0   5   3   0  19   2  0.73 0.42
  141 G     0  -3  -2  -3  -3  -1  -3   2   2   0  -2  -1  -2   1  -3   1   4  -4  -3   0    5   0   0   0   0   2   0  19   7   6   2   2   0   6   0   8  37   0   0   6  0.46 0.31
  142 T    -2  -3   6   0  -4  -3  -2  -1  -2  -2   0   0  -1  -4  -4  -1   2  -5   1  -4    2   0  48   3   0   0   2   3   0   3  11   6   1   0   0   3  12   0   6   0  0.76 0.42
  143 A     0  -3  -1  -2  -3   1  -3  -2   2   1  -1  -3   0   3  -1  -3  -2   2   4   2    7   0   4   1   0   8   0   3   6   9   3   0   2  11   3   0   2   3  21  19  0.35 0.25
  144 H    -2  -4  -3  -3  -4  -3  -4   1   5   0  -3  -2  -3   4  -5  -1   0  -2   6  -2    3   0   0   1   0   0   0  11  18   5   0   2   0  19   0   3   7   0  28   2  0.82 0.41
  145 G     0   0   2  -1  -3  -1  -2   2  -2  -1  -2  -1   0  -1  -2   1   2   0   0  -1    7   5  12   2   0   2   0  21   0   5   1   3   2   2   1  11  15   1   3   5  0.19 0.17
  146 P    -2   0   4  -2  -4   2  -1   1   0  -3  -4   1  -3  -2   2   1  -2  -4  -2   0    0   5  25   0   0  12   2  12   2   0   0  11   0   2  11   9   0   0   1   8  0.41 0.28
  147 G     0  -2  -1  -3  -4  -2  -2   4  -1  -1  -2  -2  -1   2   0   0   0  -3  -1  -2    6   2   3   0   0   2   2  41   2   3   4   2   2  11   5   8   6   0   1   1  0.43 0.26
  148 Y     0  -1   0  -1   0   0  -1  -3   2   0   0   1   2   0  -3   0   1   4   2   0    6   2   4   3   2   5   3   0   8   3   6   9   7   4   0   4  12   6   7   9  0.12 0.13
  149 S     0  -1   0   0  -3   0  -2   3   1  -1   0  -1   0  -1   0   0   1  -3  -1  -1    9   2   5   4   0   5   0  25   4   2  10   3   2   2   3   7  12   0   1   4  0.16 0.13
  150 G     0  -1   4   2  -4  -1  -1   3   0  -4  -4  -2  -3  -1  -3   0   1  -4   0  -2    7   3  21  12   0   1   3  25   2   0   0   0   0   4   0   6   9   0   3   2  0.41 0.24
  151 G     0   1   2  -1  -3  -1  -1   1   2  -1  -2   0  -2  -2  -1   0   1   1   2  -1    5  11  10   2   0   2   3  13   6   4   3   7   0   0   2   4  11   2  12   4  0.15 0.14
  152 A     0  -1   1   0  -3   1   2   2   0  -3  -3  -1  -3  -3   1   0   0  -3   2  -2    8   3   7   4   0   8  16  19   1   0   1   1   0   0   6   6   7   0  10   2  0.26 0.19
  153 S    -1   0   0   3  -3   1   1  -1   2  -2  -2   0   0   0   2   1  -1  -3  -1  -2    5   4   3  21   0   7   6   4   5   2   4   4   3   4  12  10   1   0   2   3  0.21 0.13
  154 I    -2   4  -2  -3   0   1  -1  -1  -2   1   0   1   1   2  -1  -1   0  -3   0  -1    1  30   0   1   2   7   2   4   0   9   7   8   4   9   2   4   5   0   3   2  0.27 0.20
  155 G    -1   0  -1  -1  -3   1   2   3  -1  -2  -2   0  -2   0  -1   1  -2   2  -2  -2    3   5   2   2   0   6  14  25   1   3   4   5   0   5   3  15   1   4   0   2  0.23 0.17
  156 V     0   0   1   0  -2   2   0   0   0  -2  -1   0   0  -2  -2   0   2  -2   1   0    5   3   9   4   0  13   6   7   2   1   5   6   3   1   1   6  17   0   5   8  0.13 0.12
  157 A     0   1  -1   0  -2   1   1  -2   1  -1   1   1  -1   0  -2   0   1  -3   0   0    7   9   0   7   0   7   8   1   4   0  18   7   0   4   1   6  10   0   2   6  0.08 0.10
  158 Y    -1  -1   1  -1  -3  -1   0  -2   2  -1  -2   0   0   2  -3   0  -1   6   4  -1    6   2   9   4   0   2   5   3   5   3   2   5   3  10   1   7   2  14  14   3  0.35 0.19
  159 H    -2   0   1  -1   3   0  -1   0   4  -2  -3   2  -2  -1  -1  -1  -1   0   2  -1    1   5   8   3   7   3   3   9  15   1   1  14   0   2   2   4   3   2  10   6  0.23 0.16
  160 L     0  -1   1   0  -2   0  -1  -1  -1   1   1   0   1   0   0  -1   0  -2   0   0    9   1   8   6   0   4   4   3   2   9  20   6   3   5   3   1   5   0   4   7  0.03 0.05
  161 P     0   0   0  -1  -2  -1  -1   1   0  -1  -2   1  -1  -1   2   1   0   2   0  -1    8   4   5   3   1   1   2  11   2   3   3  11   1   3  10  14   5   4   4   6  0.11 0.07
  162 E     0  -1   1   2  -2   0   1   0  -1   0  -2   1  -1  -1  -1   0   0  -1   2  -1    6   3   8  12   1   4   9   6   1   6   3   8   1   1   3   7   8   0  10   5  0.09 0.07
  163 G     0   0   1  -1  -2  -1   0   1   0  -1   1   0   0   1  -1   0  -1   1  -1  -1    8   5   7   2   1   1   7  14   3   1  17   8   3   7   3   6   2   2   1   3  0.04 0.05
  164 V    -1  -2   0  -1  -2  -1  -1   2   0  -1  -1  -2  -1   1  -1  -1   0   6   2   0    5   1   4   3   0   3   3  22   2   4   4   1   2   6   2   3   7  16   7   6  0.32 0.14
  165 P    -1  -2   0   1  -3  -1  -2   2  -2  -3  -2  -1  -2   5   2   0   0  -2   0  -3    3   2   5   9   0   2   1  17   0   0   1   2   0  32  11   6   6   0   2   0  0.39 0.22
  166 D    -2  -2   2   5  -3  -1   0  -2   2  -3  -2   0  -3  -3   0   1   1  -4   0  -2    2   0  10  39   0   2   4   2   6   0   4   4   0   0   4   8   8   0   3   2  0.48 0.22
  167 F     1  -3   1  -3  -3  -3  -2  -3   0  -3  -2  -3  -3   1   5  -1   0   7   0  -3   13   0   7   0   0   0   2   1   2   0   3   0   0   6  32   4   7  19   3   0  0.86 0.31
  168 S     1   1   1  -1  -3   0  -2   1  -1  -3  -2  -1  -2  -1  -3   2   3  -3  -1  -2   14  11   7   3   0   3   0   9   1   0   3   0   0   3   0  18  25   0   2   0  0.29 0.20
  169 E    -1   0   3   3  -4   1   2   0   1  -4  -4   2  -2  -4  -3   0   0  -4  -3  -2    4   3  14  19   0   7  16   5   4   0   0  14   1   0   0   5   7   0   0   2  0.38 0.19
  170 D     1  -3   2   5  -4  -1   2   1  -1  -4  -4  -1  -4  -4  -3   0  -2  -4   0  -4   12   0  11  42   0   1  11  11   1   0   0   1   0   0   0   4   1   0   3   0  0.68 0.29
  171 F    -5  -5  -6  -6  -5  -6  -6  -6  -3  -3  -3  -6  -3   8  -6  -5  -5   2   6  -4    0   0   0   0   0   0   0   0   0   0   0   0   0  73   0   0   0   2  25   0  2.23 0.63
  172 H    -5  -3   2  -4  -6   2  -3  -5  10  -6  -6  -3  -5  -4  -5  -4  -5  -5   0  -6    0   0   8   0   0  10   0   0  79   0   0   0   0   0   0   0   0   0   2   0  2.55 0.72
  173 I    -2   2   2  -1  -3  -1   0  -3  -1   0  -2   1  -2  -4  -3   0   4  -4  -3   1    0  11  11   3   0   1   4   0   1   6   2  12   0   0   0   3  35   0   0  12  0.38 0.25
  174 F    -5  -5  -5  -6  -6  -5  -5  -6  -2  -4  -4  -5  -4   2  -6  -5  -5   2   9  -3    0   0   0   0   0   0   0   0   0   0   0   0   0   5   0   0   0   2  91   2  2.72 0.76
  175 S     2  -1  -2  -3  -1  -2   0   4  -3  -2  -4  -2  -3  -4  -3   2   2  -4  -4  -2   15   2   0   0   1   0   5  36   0   1   0   1   0   0   0  19  17   0   0   3  0.55 0.27
  176 I    -2  -4  -4  -5   2  -4  -4  -2  -4   4   2  -4   2   3  -4  -3  -2  -3   1   3    2   0   0   0   4   0   0   4   0  28  16   0   4  14   0   0   0   0   3  24  0.53 0.25
  177 E    -3  -2   0   3  -4  -2   2  -4   1   1   2  -2  -2   0  -4  -2  -2   5   1  -1    0   2   3  22   0   0  16   0   3   9  21   0   0   3   0   1   1  11   6   4  0.40 0.23
  178 W    -6  -6  -7  -8  -6  -6  -6  -6  -5  -6  -5  -7  -5  -2  -7  -6  -6  12   3  -3    0   0   0   0   0   0   0   0   0   0   0   0   0   0   0   0   0  88  10   2  4.11 0.94
  179 D    -1   1   3   2  -3   1   0  -2   1  -3  -1   1  -2  -4  -3   2   2  -4  -3  -3    4   8  18  10   0   5   3   0   3   0   7   9   0   0   0  16  17   0   0   0  0.32 0.20
  180 E     0  -1   1   0  -4  -1   1  -3  -1  -3  -3   1   0  -5   6  -1  -2  -5  -4  -4    9   2   7   5   0   1   8   0   2   1   2  10   3   0  45   2   2   0   0   0  0.91 0.33
  181 D    -3  -1   3   5  -4   1   2  -1   1  -4  -3  -1  -3  -1  -3  -1  -1   0   1  -3    0   3  16  35   0   6  11   5   4   0   2   1   0   3   0   2   4   1   6   1  0.55 0.26
  182 E    -1   2   1   0  -3   2   2  -1   2  -3  -2   1  -2  -2  -3   1   0  -3   3  -3    5  10   6   3   0  10  14   3   7   0   2  11   1   0   0  10   6   0  12   0  0.26 0.17
  183 V    -3  -5  -5  -5  -3  -4  -5  -6  -5   6   2  -5   1  -1  -5  -4   0  -4  -3   2    0   0   0   0   0   0   0   0   0  62  14   0   2   2   0   0   7   0   0  13  1.06 0.40
  184 E     0   2  -2   0  -3  -1   1  -3  -1   2  -1   1  -1  -3  -3   0   2  -4  -3   2    5  13   0   6   0   0  11   0   1  13   3   7   0   0   0   3  20   0   0  16  0.21 0.18
  185 W    -5  -5  -6  -6  -5  -5  -5  -5  -4  -1  -1  -5   1   6  -6  -2  -4  10   2  -4    0   0   0   0   0   0   0   0   0   3   6   0   4  40   0   4   0  38   6   0  1.95 0.56
  186 Y    -3  -4  -4  -5  -4  -3  -4  -5  -2  -3   0  -4   3   4  -5   0  -1   1   7  -3    1   0   0   0   0   1   0   0   0   0   8   0   8  18   0   8   4   1  50   0  1.23 0.46
  187 V    -3  -4  -5  -5  -3  -4  -4  -5  -5   3   0  -4  -1   1  -4  -4  -2  -4  -1   6    0   0   0   0   0   0   0   0   0  14   6   0   0   7   0   0   0   0   2  69  1.09 0.41
  188 D    -4  -4   2   7  -5  -3  -1   1  -3  -5  -6  -3  -5  -5  -4  -3  -3  -6  -5  -5    0   0   9  78   0   0   0  10   0   0   0   0   0   0   0   0   0   0   0   0  1.71 0.53
  189 G    -2  -3   2   4  -4  -2  -1   5  -3  -5  -5  -2  -4  -5  -1  -2  -2  -5  -5  -5    0   1   8  25   0   1   3  54   0   0   0   1   0   0   2   0   2   0   0   0  1.03 0.36
  190 Q    -1   0   0  -1  -3   2   3  -3  -2   1  -2   1  -2  -3  -3  -1   1  -4  -2   2    4   3   6   2   0   9  21   0   0   9   1  12   0   0   0   4   7   0   1  21  0.23 0.17
  191 L    -1  -2  -2  -3  -3  -1   0  -3  -3   0   1   0   0  -1   5  -1  -2  -3   1   1    2   0   1   0   0   3   5   0   0   4  19   6   2   2  33   3   0   0   7  11  0.53 0.22
  192 Y    -2  -3  -3  -4  -3   1  -2  -3  -3   3  -1  -1   0  -1  -4  -2   1   2   3   3    1   0   0   0   0   7   2   1   0  23   0   5   2   1   0   0  12   3  13  28  0.40 0.25
  193 H    -1   5  -3  -4  -2  -2  -3   1   2  -4  -2   0   0   1  -4  -2  -2   2   3  -4    4  46   0   0   1   0   0  10   6   0   4   2   2   5   0   1   2   3  13   0  0.69 0.33
  194 V    -1   1   1  -2  -3  -1   2  -3  -3  -1  -2   0  -1  -4  -3   0   4  -4  -3   1    2  10   5   0   0   1  15   0   0   2   1   6   1   0   0   5  37   0   0  14  0.43 0.27
  195 L     0  -3  -1  -4  -3  -3  -4  -2  -3   3   2  -3   2   3  -4  -3  -1  -2   2   2    8   0   4   0   0   0   0   2   0  17  21   0   6  16   0   0   1   0   7  16  0.36 0.19
  196 S    -1   2   0  -1  -3  -1   0  -2   0  -2  -2   3  -2  -2   0   0   2  -3   3  -2    4  10   4   3   0   0   4   2   2   1   3  25   0   0   5   6  16   0  13   3  0.26 0.19
  197 K     0   1   4   0  -4   0  -1   0  -2  -4  -4   1  -3  -3   4   0  -1   2  -1  -3    7  10  25   4   0   4   0   7   0   0   0  10   0   0  19   4   2   3   3   0  0.47 0.22
  198 D     0   0   2   1  -3   2   1   1   1  -2  -2   1  -1  -3   0   1   0  -3  -1  -1    5   5  10  10   0  11   6  11   3   1   1   8   1   0   4  10   7   0   2   4  0.17 0.09
  199 E     0   0   2   1  -3   2   2  -2  -1   0  -2   1  -2  -3  -2   0   1  -3  -2  -1    9   4  10   7   0  10  18   1   0   7   2   9   0   0   0   7  11   0   0   3  0.21 0.14
  200 L    -1  -1   0  -1  -2  -1  -1  -1  -2   0   1   1  -1   0   3  -1   0   5  -1   0    5   1   5   3   0   3   2   5   0   5  15  11   1   5  16   2   4  10   1   5  0.21 0.11
  201 A     0   0   0   0  -2   0  -1   1   1   0   0   0   0   0  -1   0   0  -1   1   0   10   4   3   5   0   2   2  12   4   6   8   5   3   3   1  10   3   0   9   9  0.03 0.04
  202 E     0  -1   3   3  -3   0   1   1  -1  -3  -3   0  -1  -3   2   0   0  -3  -3  -3    9   3  17  17   0   2  10   9   1   1   1   4   2   0  11   6   7   0   0   1  0.30 0.15
  203 L     0  -1   0  -1  -2  -1   0   0   0   1   1   0   1  -1   2  -1   0  -3  -2   0    7   0   5   3   0   1   6   9   4   8  16   9   6   1   9   2   5   0   0   9  0.06 0.06
  204 G     1  -2   2   0  -3  -2  -1   4  -1  -3  -3  -2  -2  -1   0   0   1  -3  -3  -1   13   1   9   4   0   1   4  35   2   1   1   1   0   3   5   5  10   0   0   5  0.36 0.18
  205 L     0   0   0  -1   0   0  -1   0  -2   0   0   2  -1  -2   1   0   0   3  -1   1    7   4   4   1   2   2   1   6   0   5  10  18   0   0   7   8   7   5   1  12  0.09 0.09
  206 E     0   2  -1   1  -3   2   0  -1   0  -2  -2   1   1  -1   1   0  -1  -3  -1  -2    6  18   2   9   0   9   5   5   2   2   3  10   5   3   8   9   2   0   3   1  0.17 0.11
  207 W     0   0  -1  -2  -2   1  -2  -1  -1  -2  -1   0   0   2   0  -1   0   5   3  -2   11   6   3   1   0   9   1   3   0   2   5   6   3  12   4   1   8  10  15   1  0.26 0.16
  208 V    -2  -1  -3  -1  -3  -2  -2   0  -3   1  -1  -2  -2   1   6  -2  -1  -3   2  -1    2   4   1   4   0   1   1   8   0  11   4   2   0   8  40   1   3   0   8   3  0.68 0.27
  209 F    -2  -1  -1  -3  -3  -2  -2   0  -2  -2   0   0   0   5   3   0  -1  -2   1  -2    2   3   2   1   0   1   1   7   0   1   7   8   3  33  16   9   2   0   5   1  0.44 0.23
  210 D    -2   0   2   4  -4   2   0  -2   1  -3  -3   1  -3  -3   0   1   0  -4  -3  -3    1   3  12  32   0  12   4   1   3   0   2   8   0   1   5  10   5   0   0   1  0.46 0.23
  211 H    -1   0  -2   0  -4   5   2  -3  -1  -2  -4   3  -3  -4  -3   0   1  -4  -3  -2    3   3   0   5   0  35  14   0   1   2   0  17   0   0   0   5  11   0   0   2  0.61 0.32
  212 P    -2  -4  -1  -2  -5  -3   0  -2  -1  -2  -4  -1   0  -5   7  -3  -3  -5  -2  -4    3   0   3   2   0   0   6   3   2   2   1   4   2   0  69   0   0   0   1   0  1.68 0.55
  213 F    -2  -4  -4  -5  -1  -2  -4  -4   1  -2   0  -4   9   4  -5  -1  -2  -3  -2  -2    2   0   0   0   1   1   0   1   3   0   4   0  57  22   0   5   2   0   0   0  1.43 0.58
  214 F    -1   2  -1  -1  -3  -1  -2  -1   1  -2  -2   1  -1   3  -3   1  -1   1   5  -3    5  15   2   2   0   2   0   3   3   2   1  10   2  12   0  12   2   2  25   0  0.38 0.23
  215 L    -2  -4  -4  -2  -3  -3  -4  -5  -4   4   3  -4   3  -1  -4  -2  -1  -4  -3   2    2   0   0   3   0   0   0   0   0  28  36   0  10   2   0   2   3   0   0  14  0.61 0.29
  216 I    -1   1  -1  -2  -3   0  -1  -3   1   3   0  -1   2   0  -3  -1  -1  -2   4   0    3   7   2   1   0   6   2   0   4  24   6   2   6   2   0   5   4   0  21   5  0.26 0.20
  217 L     0  -3  -2  -3  -2  -3  -3  -1  -3   2   3  -3   3   1  -3   1   0   1  -2   0    9   0   2   0   0   0   0   5   0  12  31   0  11   7   0  12   4   2   0   4  0.28 0.20
  218 N    -1  -3   4  -1  -3   0  -2   2  -2  -3  -4  -2  -3  -4  -3   3   1   4  -3  -1    2   0  28   2   0   3   0  19   0   0   1   0   0   0   0  26   7   6   0   5  0.58 0.31
  219 V    -1  -2  -4  -4   0  -2  -3  -4  -4   2   4  -3   1   0  -4  -1   0   2  -2   2    3   2   0   0   2   2   0   0   0  14  42   0   3   3   0   4   5   3   0  15  0.44 0.23
  220 A     1  -2   0  -1  -4  -3   1   1  -4  -5  -4  -1  -4  -3  -4   0  -1  10  -2  -4   12   2   4   3   0   0   8  11   0   0   0   3   0   0   0   6   4  44   0   0  1.38 0.49
  221 V     0  -3   3   1   1  -2   1  -1  -3   2  -2  -2  -2  -3   2  -1   0  -4  -3   2    6   0  18   8   3   0  13   3   0  13   0   0   0   0  10   2   4   0   0  20  0.27 0.22
  222 G     3  -3   1  -3  -3  -1  -3   4   0  -4  -3  -1  -3  -4  -3   1   0  -4  -2  -3   26   0   6   0   0   2   0  40   2   0   2   2   0   0   0  11   7   0   2   0  0.64 0.32
  223 G     0  -3   1   2  -4   0   1   4  -2  -3  -3  -2  -3  -4  -1   1   0  -4  -1  -3    4   0   8  16   0   5   8  32   0   2   3   0   0   0   2  11   6   0   3   1  0.40 0.23
  224 Y     0  -2   2   3  -3  -1   1   0   1  -1  -2  -1  -1   1  -1  -1   0   3   0  -1    8   0  14  22   0   1   8   6   5   5   2   1   1   6   3   3   7   4   2   3  0.21 0.16
  225 W    -4  -1  -1  -5  -5  -4  -2  -5   2  -2  -3  -2  -4  -1  -6  -2  -4  11   2  -1    0   4   4   0   0   0   3   0   5   2   2   3   0   1   0   4   0  61   6   5  2.23 0.66
  226 P     4  -3  -2   1  -3  -3  -1  -1  -4  -2  -3  -3   0  -4   4  -1  -1  -5  -4  -1   52   0   2   8   0   0   3   3   0   2   1   0   2   0  20   1   1   0   0   4  0.71 0.37
  227 G    -2  -3   0   0  -3  -2   0   4  -2  -2  -3  -3   0   1  -3   0   3  -3   2  -3    0   0   5   5   0   0   6  31   0   2   0   0   3   7   0   4  26   0  11   0  0.46 0.28
  228 Y     0   2   0   0  -3   1  -1   2  -2  -1  -3   0  -2   0   1  -1  -1   3   1  -2    9  17   3   5   0   6   2  19   0   7   0   6   0   6   6   0   4   5   6   0  0.20 0.16
  229 P    -1  -2   1   1  -3  -1   1  -2  -1  -1   0   1   0   1   4  -2  -1  -3   1  -2    4   0   7   7   0   1  12   3   1   3  11  13   2   7  21   0   3   0   5   0  0.26 0.17
  230 D    -1   0   0   2  -3  -1   0   1  -3   0  -3  -1  -2  -1  -2  -1   3   6  -2  -2    5   6   3  12   0   1   5   9   0   9   0   3   0   2   2   2  25  15   0   1  0.36 0.23
  231 E    -1   0   2   4  -4   0   2  -1  -2  -3  -1   0  -3  -3   0   1  -1  -4   0  -3    3   5  10  31   0   3  12   5   0   0   8   3   0   0   5   9   2   0   5   0  0.35 0.20
  232 T     1  -2   1  -1  -3  -2   0  -1  -2  -1  -3   0  -2   0   1   0  -1   7   3  -2   17   1   8   2   0   0   6   4   0   4   0   8   0   3   7   6   2  17  15   0  0.43 0.23
  233 T     0  -1   1   1  -3  -1   2  -2  -2   0   1   0  -1  -3  -2   2   1  -4  -3  -2    5   2   8   9   0   0  13   0   0   7  19   5   0   0   0  25   7   0   0   0  0.21 0.18
  234 Q     0   0   2   2  -3   1   1   1  -1  -3  -3   2  -1  -1  -2   1   0  -3  -1  -1    6   2  10  12   0   5   7   9   0   0   0  19   2   4   0  16   2   0   2   5  0.20 0.14
  235 F     2  -2  -2   2  -3  -2  -1   0  -2  -1  -1  -1  -2   4  -3   0   0  -2  -1  -1   26   0   0  14   0   0   3   6   0   2   5   4   0  25   0   4   5   0   0   4  0.26 0.20
  236 P    -3   0  -3   0  -5  -3  -1  -2   1  -5  -5   1  -4  -5   7  -3  -3  -5  -4  -5    0   5   0   5   0   0   3   3   4   0   0   8   0   0  70   0   0   0   0   0  1.77 0.53
  237 Q     0  -2   1  -3  -3   1  -2  -3   0  -1   0  -2  -1   4  -3   1   1   1   2   0   11   0   9   0   0   7   0   0   3   0  10   0   0  24   0  11  11   2   6   7  0.25 0.20
  238 R     1  -1  -1  -3  -3  -1  -1  -3  -3   0  -3   0  -2  -1  -3   1   5  -3   1   0   14   2   2   0   0   3   3   0   0   4   0   5   0   2   0  10  45   0   5   5  0.45 0.29
  239 M     1  -2  -4  -4  -3   0  -3  -4  -3   0   1  -3   7   1  -4  -2   0  -3  -2   0   11   1   0   0   0   5   0   0   0   3  13   0  45   7   0   2   6   0   0   6  0.71 0.36
  240 Y    -2   0  -2  -3  -4   2   0  -2   1  -3  -1   2  -2   2  -3   0  -2   2   5  -1    0   4   0   0   0  11   7   2   3   0   5  14   0  10   0   9   0   3  30   4  0.45 0.26
  241 I    -2  -4  -4  -4  -3  -3  -4  -4  -3   4   0  -4  -1  -1  -4  -3  -2  -2   4   5    0   0   0   0   0   0   0   0   0  27   2   0   0   0   0   0   0   0  19  48  0.84 0.34
  242 D    -4  -1   1   7  -6  -2   1  -3   0  -5  -6   1  -5  -6  -4  -2  -3  -6  -5  -5    0   3   5  75   0   0   4   0   2   0   0  11   0   0   0   0   0   0   0   0  1.47 0.46
  243 Y    -4  -1  -1  -5  -5  -4  -2  -5  -2  -4  -4  -2  -4   0  -5  -1  -4  10   7  -4    0   3   3   0   0   0   2   0   0   0   0   2   0   0   0   5   0  39  45   0  2.02 0.56
  244 I    -2  -5  -5  -5  -3  -4  -5  -5  -5   3   0  -4  -1  -3  -5  -4  -2  -5  -3   6    0   0   0   0   0   0   0   0   0  16   5   0   0   0   0   0   0   0   0  79  1.27 0.45
  245 R    -3   7  -3  -4  -5  -1  -2  -4  -3  -2  -3   4  -3  -5  -4  -3  -3  -5  -4  -4    0  73   0   0   0   0   0   0   0   2   2  22   0   0   0   0   0   0   0   0  1.50 0.48
  246 V     1  -4  -4  -4  -2  -3  -4  -4  -4   2   0  -3  -1  -2  -4  -1   1  -4   0   5   11   0   0   0   0   0   0   0   0   9   3   0   0   0   0   5   7   0   3  62  0.68 0.31
  247 Y    -4  -4  -5  -6  -5  -4  -5  -5  -1  -4  -3  -4  -3   2  -6  -4  -4   7   9  -4    0   0   0   0   0   0   0   0   0   0   0   0   0   5   0   0   0  15  80   0  2.27 0.55
  248 K     2   2  -2  -2  -3   5   0  -2  -2  -4  -3   4  -2  -4  -2   1  -2  -4  -3  -3   18   8   0   0   0  32   0   0   0   0   0  33   0   0   0   9   0   0   0   0  0.65 0.26
  249 D    -1  -1   0   4  -3   0   3  -2  -1  -3  -3   0  -3  -4   3   0   1  -4  -3  -2    0   0   0  39   0   0  31   0   0   0   0   0   0   0  15   0  15   0   0   0  0.59 0.05
  250 M     0  -1   0   3  -2   3   1  -1  -1  -1  -1   0   2  -2  -2   2   0  -3  -2  -1    0   0   0  25   0  24   0   0   0   0   0   0  22   0   0  29   0   0   0   0  0.25 0.02
  251 N    -2  -1   6   1  -3   0   0  -1   1  -4  -4   0  -2  -3  -2   1   0  -4  -2  -3    0   0 100   0   0   0   0   0   0   0   0   0   0   0   0   0   0   0   0   0  0.78 0.02

                      K         Lambda
Standard Ungapped    0.1417     0.3181
Standard Gapped      0.0368     0.2670
PSI Ungapped         0.1201     0.3177
PSI Gapped           0.0368     0.2670
