
Last position-specific scoring matrix computed, weighted observed percentages rounded down, information per position, and relative weight of gapless real matches to pseudocounts
            A   R   N   D   C   Q   E   G   H   I   L   K   M   F   P   S   T   W   Y   V   A   R   N   D   C   Q   E   G   H   I   L   K   M   F   P   S   T   W   Y   V
    1 S     1  -1   1   0  -1   0   0   0  -1  -2  -2   0  -1  -2  -1   4   1  -3  -2  -2    0   0   0   0   0   0   0   0   0   0   0   0   0   0   0   0   0   0   0   0  0.00     0.00
    2 T     0  -1   0  -1  -1  -1  -1  -2  -2  -1  -1  -1  -1  -2  -1   1   4  -2  -2   0    0   0   0   0   0   0   0   0   0   0   0   0   0   0   0   0   0   0   0   0  0.00     0.00
    3 V     3  -2  -2  -2  -1  -1  -1  -1  -2   1   0  -1   0  -2  -1   0   0  -3  -2   2   61   0   0   0   0   0   0   0   0   0   0   0   0   0   0   0   0   0   0  39  0.23 0.00
    4 E    -1  -1   1   5  -3   0   3  -2  -1  -3  -3   0  -3  -3  -1   1  -1  -4  -3  -3    0   0   0  52   0   0  30   0   0   0   0   0   0   0   0  18   0   0   0   0  0.62 0.03
    5 L    -2  -3  -3  -4  -2  -2  -3  -4  -2   1   3  -3   3   4  -3  -3  -2  -1   1   1    0   0   0   0   0   0   0   0   0   0  41   0  17  32   0   0   0   0   0   9  0.41 0.05
    6 C    -1  -4  -3  -4  10  -4  -4  -3  -4  -2  -2  -4  -2  -3  -4  -2  -2  -3  -3  -2    0   0   0   0 100   0   0   0   0   0   0   0   0   0   0   0   0   0   0   0  1.86 0.14
    7 G     0  -2   0   3  -3  -1   0   4  -2  -3  -3   0  -3  -3  -2   1   1  -3  -3  -3    0   0   0  29   0   0   0  44   0   0   0   6   0   0   0   9  11   0   0   0  0.50 0.05
    8 Q    -1   0  -1  -1  -4   7   1  -2   0  -4  -3   1  -1  -4  -2  -1  -1  -3  -2  -3    0   0   0   0   0 100   0   0   0   0   0   0   0   0   0   0   0   0   0   0  1.04 0.13
    9 W    -3  -3  -4  -5  -3  -2  -3  -3  -1  -3  -2  -3  -2   1  -4  -3  -3  10   5  -3    0   0   0   0   0   0   0   0   0   0   0   0   0   0   0   0   0  63  37   0  1.95 0.13
   10 D     1  -2   0   5  -3  -1   0   2  -2  -3  -4  -1  -3  -4  -2   0  -1  -4  -3  -3   16   0   0  64   0   0   0  20   0   0   0   0   0   0   0   0   0   0   0   0  0.69 0.08
   11 T     0  -1   0  -1  -2   1  -1  -2  -1  -2  -2   1  -1  -1  -2   2   3  -1   3  -1    0   0   0   0   0   5   0   0   0   0   0  12   0   0   0  27  37   0  18   0  0.31 0.07
   12 R     1   1  -2  -2  -1  -1  -1  -1  -1   0   1  -1   0   0  -1   0   0   4   1   0   25  11   1   1   0   1   1   1   0   1  24   1   0   1   1   1   7   9   7   7  0.12 0.02
   13 T     0  -1   0  -1  -1   0  -1  -1  -1  -1  -1   1  -1  -1  -1   2   3  -1   2  -1    1   1   1   1   0   1   1   1   0   1   2  11   0   1   1  17  44   0  13   1  0.25 0.04
   14 V     1  -2  -1  -2  -1  -1  -1  -1  -2   1   0  -1   0   2  -1   1   2  -2   0   2   17   1   1   1   0   1   1   1   0   6   1   1   0  13   1   9  22   0   0  24  0.12 0.03
   15 A     1  -1   1   0  -1   1   0   1  -1  -1  -1   0  -1  -1   2   0   0  -1  -1  -1   13   2  12   2   1   9   3  15   1   8   4   2   1   2  10   3   8   1   1   3  0.11 0.01
   16 G     0  -1   2   0  -2   0   1   3  -1  -2  -2   0  -1  -2  -1   0   0  -2  -2  -2    3   2  14   2   1   1  14  37   1   2   3   2   1   1   2   2  10   0   1   2  0.26 0.02
   17 G     0  -2   3   1  -2  -1  -1   5  -1  -3  -3  -1  -2  -3  -2   0  -1  -2  -2  -3    1   1  21   7   0   1   1  57   0   1   2   1   0   1   1   1   1   0   1   1  0.57 0.05
   18 R    -1   1   3   1  -3   0   0   2  -1  -2  -2   2  -2  -3   1   0  -1  -3  -2  -1    1  10  22  11   0   0   1  17   0   1   1  19   0   0   8   1   1   0   0   7  0.24 0.03
   19 Y    -3  -3  -3  -4  -3  -3  -3  -4   1  -1  -1  -3  -1   5  -4  -3  -2   1   7  -2    0   0   0   0   0   0   0   0   0   0   0   0   0  32   0   0   0   0  68   0  1.08 0.12
   20 T    -1  -2  -1  -2  -2  -1   0  -3  -1   2  -1  -1  -1   0  -2   0   3  -1   3   0    0   0   0   0   0   0  10   0   0  27   0   0   0   0   0   8  35   0  21   0  0.22 0.06
   21 V    -1  -3  -4  -4  -1  -3  -3  -4  -3   3   3  -3   1   0  -3  -2  -1  -3  -2   3    0   0   0   0   0   0   0   0   0  16  40   0   0   0   0   0   0   0   0  44  0.42 0.06
   22 S    -2  -2   3  -2  -3  -2  -2  -2   0  -1   0  -2  -1   3  -3   0  -1   0   5  -2    0   0  22   0   0   0   0   0   0   0  10   0   0  12   0  10   0   0  46   0  0.47 0.08
   23 N    -2  -1   7   1  -3   1  -1  -1   0  -4  -4  -1  -3  -4  -3   0  -1  -4  -3  -4    0   0  92   0   0   8   0   0   0   0   0   0   0   0   0   0   0   0   0   0  1.03 0.13
   24 N    -2  -1   7   2  -3  -1  -1  -1   0  -4  -4  -1  -3  -4  -3   0  -1  -5  -3  -4    0   0  89  11   0   0   0   0   0   0   0   0   0   0   0   0   0   0   0   0  1.02 0.12
   25 V    -1  -3  -4  -4  -2  -2  -3  -4  -3   2   4  -3   3   0  -3  -3  -1  -2  -1   2    0   0   0   0   0   0   0   0   0   0  70   0   8   0   0   0   0   0   0  22  0.48 0.07
   26 W    -4  -4  -5  -5  -3  -3  -4  -4  -3  -4  -3  -4  -2   0  -5  -4  -3  12   1  -4    0   0   0   0   0   0   0   0   0   0   0   0   0   0   0   0   0 100   0   0  3.09 0.21
   27 G     0  -3  -1  -2  -3  -2  -3   6  -3  -4  -4  -2  -3  -4  -3  -1  -2  -3  -4  -4    0   0   0   0   0   0   0 100   0   0   0   0   0   0   0   0   0   0   0   0  1.33 0.11
   28 A     0   1  -1  -1  -3   3   2   0  -1   0  -2   3  -1  -3  -2   0  -1  -3  -2  -1   10   0   0   0   0  22  17   8   0  10   0  34   0   0   0   0   0   0   0   0  0.28 0.05
   29 E     0  -2   0   5  -3  -1   2   2  -2  -3  -3  -1  -3  -4  -2   0   0  -4  -3  -3    6   0   0  55   0   0  10  17   0   0   0   0   0   0   0   6   8   0   0   0  0.56 0.06
   30 T     1  -1   3   0  -2   1   1   1  -1  -2  -3   0  -2  -3  -2   2   2  -3  -2  -2   12   0  27   0   0   6  12   8   0   0   0   0   0   0   0  16  20   0   0   0  0.30 0.04
   31 A     3  -2  -1  -2  -1  -1  -1  -1  -2   0  -2  -1  -1  -2  -1   3   0  -3  -2   0   52   0   0   0   0   0   0   0   0  12   0   0   0   0   0  35   0   0   0   0  0.35 0.07
   32 Q    -1   1  -1  -1  -4   6   1  -2   0  -4  -3   2  -1  -4  -2  -1  -1  -3  -2  -3    0   0   0   0   0  88   0   0   0   0   0  12   0   0   0   0   0   0   0   0  0.94 0.13
   33 C    -1  -4  -3  -4   9  -4  -4   1  -4  -2  -2  -4  -2  -3  -4  -2  -2  -3  -3  -2    0   0   0   0  88   0   0  12   0   0   0   0   0   0   0   0   0   0   0   0  1.58 0.15
   34 I    -1  -2  -1  -2  -1  -2  -2  -3  -3   2   0  -2   0  -2  -2   0   4  -3  -2   1    0   0   0   0   0   0   0   0   0  22   8   0   0   0   0   0  63   0   0   8  0.40 0.08
   35 E    -1  -2  -1  -1  -2  -1   0   3  -1  -2  -2  -1  -2   0  -2   1   2  -1   4  -2    0   0   0   0   0   0  10  27   0   0   0   0   0   0   0  12  25   0  26   0  0.31 0.06
   36 V    -1  -3  -3  -4  -2  -2  -3  -4  -2   2   1  -3   2   1  -3  -2  -1  -2   2   3    0   0   0   0   0   0   0   0   0   8  11   0  12   6   0   0   0   0  10  52  0.33 0.06
   37 G    -1  -1   3   4  -3  -1   1   3  -1  -4  -4   0  -3  -4  -2   0  -1  -4  -3  -3    0   0  16  43   0   0   6  29   0   0   0   6   0   0   0   0   0   0   0   0  0.59 0.06
   38 L     0  -1  -1  -1  -2  -1  -1   1  -2  -1   0   0  -1  -2  -2   3   0   5  -1   0    0   0   0   0   0   0   0  10   0   0  10   8   0   0   0  53   0  12   0   8  0.30 0.07
   39 E     2  -1  -1   0  -1   0   1  -1  -1  -1  -1  -1  -1  -1  -1   2   0  -2   0  -1   27   1   1   6   0   1  10   1   0   6   7   1   0   0   1  30   1   0   6   1  0.15 0.03
   40 T     0  -1   1   1  -1  -1   0  -1  -1  -1  -2  -1  -1  -2  -1   4   2  -3  -2   0    1   1   5   6   0   1   1   1   0   1   1   1   0   0   1  58  10   0   0  11  0.30 0.06
   41 G     1  -2  -1  -2  -2  -2  -2   6  -2  -3  -3  -2  -2  -3  -2   0  -2  -2  -3  -3    9   1   1   1   0   1   1  80   0   1   1   1   0   0   1   1   1   0   0   1  0.88 0.07
   42 N     0  -1   5   2  -3  -1  -1  -1   0  -3  -3  -1  -2  -3   2   1   1  -4  -3  -3    8   0  57  11   0   0   0   0   0   0   0   0   0   0  10   8   6   0   0   0  0.56 0.08
   43 F     0  -2  -1   0  -2  -1  -1  -2   2  -2  -2  -1  -1   1  -2   1   1   8   1  -2   11   1   1   6   0   0   1   1   9   1   1   1   0  10   1  15  12  30   0   1  0.53 0.06
   44 T    -1  -1  -1  -2  -2  -1  -1  -2   4   1  -1  -1  -1  -1  -2   1   1   5   0   1    1   1   1   1   0   0   1   1  23   6   1   1   0   0   1  14  10  14   0  25  0.27 0.05
   45 I     1  -2  -1  -2  -1  -1  -1  -2   2   1  -1  -1   0  -1  -2   1   2   5   0   1   11   1   1   1   0   0   1   1   8  16   1   1   0   0   1  15  18  12   0  12  0.19 0.03
   46 T    -1  -2  -1  -2  -2  -1  -2  -2  -2  -2  -2  -1  -1   1   2   1   4   6   0  -1    0   0   0   0   0   0   0   0   0   0   0   0   0  10  12  11  53  14   0   0  0.51 0.08
   47 R    -1   2  -1  -2  -2   0  -1  -2  -2   0  -2   2  -1  -1  -2   2  -1   7  -1  -1    0  18   0   0   0   0   0   0   0  11   0  20   0   0   0  28   0  23   0   0  0.46 0.07
   48 A     2  -2  -1  -2  -1  -1  -1  -1  -2  -3  -2  -1  -2  -2  -2   3   1   7  -1  -2   21   0   0   0   0   0   0   0   0   0   0   0   0   0   0  54   6  20   0   0  0.57 0.08
   49 E    -1  -2   1   1  -2  -1   1  -2  -2  -3  -2  -1  -2  -1  -2   0   2   8   0  -2    0   0   6  10   0   0  15   0   0   0   0   0   0   0   0   6  28  34   0   0  0.74 0.08
   50 H    -1  -1   2  -1  -3   0   0  -2   6  -3  -3  -1  -2  -2  -2   2  -1   7   0  -3    0   0  10   0   0   0   5   0  33   0   0   0   0   0   0  32   0  20   0   0  0.63 0.09
   51 D     0  -2   0   2  -2  -1  -1   4  -2  -3  -3  -1  -2  -3  -1   2   0  -3  -2  -2    1   1   1  20   0   1   1  43   0   1   1   1   0   0   1  21   6   0   0   1  0.44 0.04
   52 N     0  -2   3  -1  -2  -1  -2   5  -1  -3  -3  -1  -2  -3  -2   0  -1  -3  -3  -3    1   1  20   1   0   1   1  63   0   1   1   1   0   0   1   7   1   0   0   1  0.67 0.06
   53 G     1  -1   0  -1  -2   2   0   3  -1  -2  -2   0  -1  -3   1   1   1  -2  -2  -2   12   1   1   1   0  16   1  30   0   1   1   1   0   0   6  17  11   0   0   1  0.29 0.03
   54 N     0  -1   3   0  -2   1   1   2   0  -1  -2  -1  -1  -1  -2   1   0  -2   1   0    1   1  25   1   0   6   8  18   0   1   1   1   0   0   1  17   1   0   8  11  0.18 0.03
   55 N     0   0   3   1  -2   3   0   1   0  -3  -3   1  -2  -3  -2   2   0  -3  -2  -3    0   0  26   5   0  23   0   8   0   0   0  10   0   0   0  29   0   0   0   0  0.37 0.06
   56 V    -1  -3  -3  -3  -1  -2  -3  -3  -3   2   0  -3   0  -1  -3   0   0  -3  -2   5    0   0   0   0   0   0   0   0   0   0   0   0   0   0   0  10   0   0   0  90  0.51 0.10
   57 A     0   1  -1  -1  -3   1   0  -2  -1  -3  -3   5  -2  -2  -2  -1  -1  -2   2  -2   10   0   0   0   0   0   0   0   0   0   0  80   0   0   0   0   0   0  10   0  0.56 0.10
   58 A     2  -1   0  -1  -1  -1  -1  -1  -2  -2  -2  -1  -2  -3  -1   4   1  -3  -2   0   22   0   0   0   0   0   0   0   0   0   0   0   0   0   0  68   0   0   0  10  0.43 0.09
   59 Y    -3  -3  -3  -4  -3  -2  -3  -4   1  -2  -2  -3  -2   4  -4  -2  -2   2   8  -2    0   0   0   0   0   0   0   0   0   0   0   0   0  12   0   0   0   0  88   0  1.26 0.14
   60 P     3  -2  -2  -2  -2  -1  -1  -1  -2  -2  -2  -1  -2  -3   5   1  -1  -3  -3   0   49   0   0   0   0   0   0   0   0   0   0   0   0   0  38   8   0   0   0   6  0.73 0.08
   61 N    -2  -1   6   0  -3  -1  -1  -1   0  -4  -4  -1  -3  -2  -2   1   0  -3   1  -3    0   0  79   0   0   0   0   0   0   0   0   0   0   0   0  12   0   0   8   0  0.80 0.11
   62 I     2   1  -2  -2  -1  -1  -2  -2  -2   1   2  -1   0  -1  -2   1   0  -3  -2   1   23  10   0   0   0   0   0   0   0  10  29   0   0   0   0  22   0   0   0   6  0.13 0.04
   63 Q     2  -1  -1  -2  -2   3  -1   2  -2   0  -1  -1  -1  -2  -2   0  -1  -3  -2   2   22   0   0   0   0  26   0  22   0   0   0   0   0   0   0   0   0   0   0  30  0.22 0.06
   64 F    -1   0  -2  -3  -2  -2  -2  -3  -1   0   1  -2   0   4  -3   0  -1   0   3   0    0   8   0   0   0   0   0   0   0   0  19   0   0  36   0  12   0   0  16   8  0.31 0.05
   65 A     1  -1   1  -1  -1   0  -1   1  -1  -1  -2  -1  -1  -2  -1   1   3  -2  -2   0   10   1   6   1   0   5   1  13   0   1   1   1   0   0   1   8  45   0   0   6  0.25 0.04
   66 I     0  -2  -2  -2  -2  -2  -2   0  -2   1   0  -2   0   4  -2  -1  -1   5   1   0    9   1   1   1   0   1   1   7   0  19   2   1   0  36   1   2   1  13   1   1  0.29 0.04
   67 P    -1  -1   1   1  -2   1   0  -1   3  -2  -2   0  -1  -2   3   0   1  -2  -1  -1    3   2   8   9   1  10   2   2  13   2   3   2   1   1  19   2  17   0   1   2  0.26 0.02
   68 Q     0   1  -1   0  -2   2   2  -1  -1  -2  -2   2  -1  -2  -1   0   0   5  -1  -2    9   9   1   1   0  16  17   2   0   1   2  15   0   1   1   2   7  13   1   1  0.28 0.03
   69 P     1   1  -1  -1  -2  -1  -1   1  -1  -2  -2   0  -2  -2   6   0  -1  -2  -2  -2   13  11   1   1   1   1   2  10   1   1   2   2   1   1  46   2   2   0   1   2  0.70 0.04
   70 R     0   3  -1  -2  -2   0  -1  -2  -1   0  -1   3  -1  -2  -2   0   2  -3  -2  -1    8  28   0   0   0   0   0   0   0  13   0  25   0   0   0   0  22   0   0   0  0.25 0.05
   71 R    -1   2  -1  -1  -2   3   0  -2  -1  -1   1   1   0  -2  -2  -1   1  -2  -2  -1    0  17   0   0   0  34   0   0   0   0  24   6   0   0   0   0  14   0   0   0  0.25 0.05
   72 V    -1  -3  -4  -4  -1  -3  -3  -4  -3   2   3  -3   1   0  -3  -3  -1  -2  -1   3    0   0   0   0   0   0   0   0   0   8  58   0   0   0   0   0   0   0   0  34  0.45 0.06
   73 Q     1  -1   1  -1  -2   1   0   1  -1  -3  -3  -1  -2  -3  -1   4   1  -3  -2  -2    8   0   6   0   0  10   0  10   0   0   0   0   0   0   0  66   0   0   0   0  0.44 0.08
   74 E     1  -1   0   2   2   2   1  -1  -1  -3  -3   0  -2  -3  -1   3   0  -3  -2  -2   13   0   0  18   6  12  10   0   0   0   0   0   0   0   0  42   0   0   0   0  0.34 0.06
   75 L    -1  -3   1  -3  -2  -2  -3  -3  -3   3   2  -2   1  -1  -3  -2  -1  -3  -2   2    0   0  12   0   0   0   0   0   0  43  26   0   0   0   0   0   0   0   0  19  0.31 0.05
   76 S     0   0   2  -1  -2   0   0   0  -1  -3  -3   3  -2  -3  -1   4   0  -3  -2  -2    0   0   8   0   0   0   0   5   0   0   0  28   0   0   0  58   0   0   0   0  0.42 0.08
   77 D     0  -1   0   1  -2   1   0  -1  -1  -3  -3  -1  -2  -3  -1   5   1  -3  -2  -2    0   0   0  10   0   6   0   0   0   0   0   0   0   0   0  84   0   0   0   0  0.58 0.10
   78 V    -2  -3  -4  -4  -2  -3  -3  -4  -4   5   2  -3   2  -1  -3  -3  -1  -3  -2   2    0   0   0   0   0   0   0   0   0  72  10   0   8   0   0   0   0   0   0  10  0.51 0.08
   79 R    -1   1  -1   1  -3  -1  -1  -3  -2  -3  -3  -1  -3  -4   7  -1   1  -4  -3  -3    0  10   0  11   0   0   0   0   0   0   0   0   0   0  67   0  12   0   0   0  1.30 0.10
   80 T     0  -1   0  -1  -1  -1  -1  -1  -2  -2  -2  -1  -2  -3  -1   4   4  -3  -2  -1    0   0   0   0   0   0   0   0   0   0   0   0   0   0   0  48  52   0   0   0  0.56 0.10
   81 S     0   1   2  -1  -2   1   0  -1  -1  -2  -2   0  -1  -3  -2   3   3  -3  -2  -1    0   8  12   0   0   8   0   0   0   0   0   0   0   0   0  33  39   0   0   0  0.38 0.07
   82 W    -1  -3  -4  -5  -3  -3  -3  -3  -3  -1  -2  -3  -2   0  -4  -3  -2  11   1   1    6   0   0   0   0   0   0   0   0   0   0   0   0   0   0   0   0  74   0  20  1.94 0.15
   83 T     0   1   1  -1  -2   1   1  -1  -1  -2  -2   1  -1  -2  -1   1   3  -2  -2  -1    1   7   9   1   0   8   6   1   0   1   1  12   0   0   1  11  41   0   0   1  0.26 0.04
   84 L    -2  -2  -2  -3  -2  -2  -2   1  -1  -2   0  -2  -1   1  -3  -2  -2   9   5  -2    1   1   1   1   0   0   1  12   0   1  11   1   0   0   1   1   1  37  31   1  0.93 0.08
   85 T     0   0   3   0  -2   1   0  -1  -1  -2  -2   0  -1  -2  -1   3   2  -3  -2  -2    1   6  19   1   0   5   1   1   0   1   1   1   0   0   1  46  16   0   0   1  0.32 0.05
   86 P    -1  -1   1   2  -2   1   0  -1   0   0  -1  -1  -1   0   2  -1  -1  -1   3  -1    2   1  10  18   1   9   2   2   1  14   3   2   1   1  11   2   2   0  17   2  0.14 0.02
   87 I     0  -1   0   2  -2  -1   0   1  -1   1  -1   1  -1  -2  -1   1   1  -2  -2   0    1   1   1  15   0   1   1  10   0  22   2  13   0   1   1  17  11   0   1   1  0.08 0.02
   88 T     1  -1   2   1  -2  -1  -1   0  -1   0  -1  -1  -1  -1  -2   0   2  -1   2   0   13   1  15   8   0   0   1   6   0   6   1   1   0   0   1   1  25   0  13   6  0.12 0.03
   89 T     1  -1   1  -1  -1  -1  -1  -1  -1   0  -1  -1  -1  -2  -1   1   4  -2  -2   0   12   1  11   1   0   0   1   1   0   9   1   1   0   0   1   6  54   0   0   1  0.30 0.06
   90 G     0  -1   1   1  -2  -1  -1   4  -1  -1  -2  -1  -1  -2  -1   0  -1  -2  -2   0    2   2   9  12   1   1   2  44   1   2   3   2   1   1   2   2   2   0   1  12  0.28 0.02
   91 R    -1   4   1  -1  -2   1   0  -2  -1  -1  -2   2  -1  -2  -2   0   1  -3  -2   0    1  35   8   1   0   8   1   1   0   1   1  12   0   0   1   6  13   0   0  11  0.25 0.04
   92 W     3  -2  -2  -2  -1  -1  -2  -1  -1  -2  -2  -1  -1   0  -2   0  -1   7   2  -1   56   1   0   1   0   0   1   1   0   1   1   1   0   0   1   1   1  21  13   1  0.54 0.07
   93 N    -2  -1   6   4  -4  -1   0  -1   0  -4  -4  -1  -3  -4  -2   0  -1  -5  -3  -4    0   0  69  31   0   0   0   0   0   0   0   0   0   0   0   0   0   0   0   0  0.90 0.11
   94 A     2  -3  -3  -3  -1  -2  -3  -3  -3   2   0  -2   0  -2  -2  -1   0  -3  -2   4   22   0   0   0   0   0   0   0   0   0   0   0   0   0   0   0   0   0   0  78  0.43 0.09
   95 A     5  -2  -2  -2  -1  -1  -1   0  -2  -2  -2  -1  -2  -3  -1   1   0  -3  -2  -1   92   0   0   0   0   0   0   0   0   0   0   0   0   0   0   8   0   0   0   0  0.61 0.10
   96 Y    -3  -2  -3  -4  -3  -2  -3  -4   1  -2  -2  -3  -2   2  -4  -2  -2   2   8  -2    0   0   0   0   0   0   0   0   0   0   0   0   0   0   0   0   0   0 100   0  1.43 0.16
   97 D    -2  -2   1   7  -4  -1   1  -2  -2  -4  -4  -1  -4  -4  -2  -1  -2  -5  -4  -4    0   0   0 100   0   0   0   0   0   0   0   0   0   0   0   0   0   0   0   0  1.30 0.13
   98 I    -2  -3  -3  -4  -2  -2  -3  -4  -3   3   3  -3   3   0  -3  -2   0  -2  -2   1    0   0   0   0   0   0   0   0   0  32  46   0  17   0   0   0   6   0   0   0  0.40 0.06
   99 F    -3  -3  -4  -4  -3  -4  -4  -4  -2  -1   0  -4  -1   7  -4  -3  -3   6   2  -2    0   0   0   0   0   0   0   0   0   0   0   0   0  88   0   0   0  12   0   0  1.17 0.13
  100 F    -1  -2  -1  -2  -2  -2  -2  -3  -2   0   1  -2   0   3  -2   0   4  -2   0   0    0   0   0   0   0   0   0   0   0   0  22   0   0  22   0   0  56   0   0   0  0.36 0.08
  101 A     2  -1   1  -1  -1  -1  -1   0   2  -2  -2  -1  -2  -3  -1   3   2  -3  -2  -1   29   0   8   0   0   0   0   5  10   0   0   0   0   0   0  36  12   0   0   0  0.31 0.05
  102 A     2  -1   0  -1  -1  -1   0  -1  -2  -2  -2  -1  -1  -3  -1   3   3  -3  -2  -1   24   0   0   0   0   0   6   0   0   0   0   0   0   0   0  34  37   0   0   0  0.39 0.07
  103 N    -1  -1   3   4  -2  -1   0  -1  -1  -3  -3  -1  -2  -3  -2   2   2  -4  -2  -2    0   0  25  37   0   0   0   0   0   0   0   0   0   0   0  18  17   0   0   0  0.48 0.06
  104 P     2  -1  -2  -2   2  -1  -1  -1  -2   0  -1   1  -1  -2   4   0  -1  -3  -2   0   30   1   0   1   8   0   1   1   0   7   1  13   0   0  24   1   1   0   0  11  0.33 0.04
  105 N     1  -1   4   3  -2  -1   0   2  -1  -3  -3  -1  -2  -3  -2   1  -1  -3  -2  -2   13   1  35  25   0   0   1  14   0   1   1   1   0   0   1   6   1   0   0   1  0.39 0.05
  106 H     0   1   2  -1  -2   0  -1   1   5  -2  -2   0  -1  -2  -1   0   0  -2   0  -2    7  10  13   1   0   1   1  13  34   1   2   1   0   1   1   2   9   0   1   1  0.28 0.04
  107 V     1  -1  -1   1  -1  -1  -1  -1  -1   0  -1  -1  -1  -1   2   0   1   5  -1   1   15   1   1  10   1   1   2   2   1   1   2   2   1   1  11   7   9  13   1  18  0.20 0.02
  108 T    -1  -1   3   2  -1   0   0  -1  -1  -1  -2  -1  -1  -2   2   1   3  -2  -2  -1    2   1  20  14   1   1   2   2   1   1   3   2   1   1   9   7  31   0   1   2  0.24 0.03
  109 Y     0  -1   0  -1  -1  -1  -1   0  -1  -1  -1  -1  -1   0  -1   2   1   4   2  -1    3   2   2   2   1   2   2   8   1   7   3   2   1   1   2  32  10   7  11   2  0.14 0.02
  110 S     0  -1   0   1  -1   0   0   0   2  -2  -2  -1  -2  -2  -1   4   1  -2  -1  -2    1   1   1   6   0   1   1   6   9   1   2   1   0   1   1  64   1   0   1   1  0.33 0.06
  111 G     0  -2   1   0  -3  -1   0   5  -2  -3  -3  -1  -3  -3   2   0  -1  -3  -3  -3    1   0   6   6   0   0   6  59   0   0   1   0   0   0  13   6   0   0   0   0  0.62 0.05
  112 D    -2  -1   0   5  -4   0   3  -2  -1  -3  -3   0  -3  -4  -2   0   1  -4  -3  -3    0   0   0  58   0   0  24   0   0   0   0   6   0   0   0   0  12   0   0   0  0.71 0.08
  113 A     0  -2  -1   1  -3  -1   0  -2   2  -2  -2  -2  -2   3  -3   0  -2   1   6  -2   10   0   0  12   0   0   6   0   6   0   0   0   0  10   0   5   0   0  52   0  0.50 0.08
  114 E    -2  -1  -1   1  -4   1   6  -3  -1  -4  -4   0  -3  -4  -2  -1  -2  -4  -3  -3    0   0   0   0   0   0 100   0   0   0   0   0   0   0   0   0   0   0   0   0  1.06 0.13
  115 L    -2  -3  -4  -4  -2  -3  -4  -4  -3   4   4  -3   1   0  -3  -3  -1  -2  -2   1    0   0   0   0   0   0   0   0   0  46  54   0   0   0   0   0   0   0   0   0  0.51 0.07
  116 M    -2  -2  -3  -4  -2  -1  -3  -4  -2   0   1  -2   8  -1  -3  -2  -1  -2  -2   0    0   0   0   0   0   0   0   0   0   0   0   0 100   0   0   0   0   0   0   0  1.03 0.17
  117 I    -1  -3  -4  -4  -2  -3  -3  -4  -4   5   1  -3   1  -1  -3  -3  -1  -3  -2   4    0   0   0   0   0   0   0   0   0  62   0   0   0   0   0   0   0   0   0  38  0.55 0.08
  118 W    -4  -4  -5  -5  -3  -3  -4  -4  -3  -4  -3  -4  -2   0  -5  -4  -3  12   1  -4    0   0   0   0   0   0   0   0   0   0   0   0   0   0   0   0   0 100   0   0  3.09 0.21
  119 L    -2  -3  -4  -4  -2  -3  -3  -4  -3   2   5  -3   2   0  -3  -3  -2  -2  -2   1    0   0   0   0   0   0   0   0   0   8  92   0   0   0   0   0   0   0   0   0  0.64 0.09
  120 N     3  -1   3  -1  -2   1  -1   3  -1  -3  -3  -1  -2  -3  -2   0  -1  -3  -2  -2   46   0  22   0   0  10   0  22   0   0   0   0   0   0   0   0   0   0   0   0  0.37 0.06
  121 K     3   3  -1  -2  -2   0  -1  -1  -1  -2  -2   1  -1  -2  -1   0  -1  -2  -2  -1   47  33   1   1   0   1   1   1   0   1   1  10   0   0   1   1   1   0   0   1  0.32 0.05
  122 N    -2  -2   1   1  -2  -2  -2  -3   0   0   2  -2   0   1  -3  -2  -2   0   5  -1    0   0  10  12   0   0   0   0   0   0  38   0   0   0   0   0   0   0  40   0  0.36 0.07
  123 G     0  -3  -1  -2  -3  -2  -2   6  -3  -4  -4  -2  -3  -4  -3   0   1  -3  -3  -3    0   0   0   0   0   0   0  88   0   0   0   0   0   0   0   0  12   0   0   0  1.06 0.10
  124 D    -1  -2   2   2  -3  -1  -1   5  -2  -4  -4  -1  -3  -4  -2   0  -1  -3  -3  -3    0   0  12  18   0   0   0  62   0   0   0   0   0   0   0   8   0   0   0   0  0.73 0.07
  125 V     3  -2  -2  -3  -1  -2  -2  -1  -3   1  -1  -2   0  -2  -2   0   0  -3  -2   2   58   0   0   0   0   0   0   0   0  10   0   0   0   0   0   0   0   0   0  32  0.33 0.07
  126 M    -1  -2  -1  -2  -3   2  -1   5  -2  -3  -2  -1   1  -2  -3  -1  -2   5  -2  -3    0   0   0   0   0  22   0  58   0   0   0   0  10   0   0   0   0  10   0   0  0.65 0.08
  127 P    -2  -3  -3  -2  -4  -2  -2  -3  -3  -4  -4  -2  -3  -4   8  -2  -2  -5  -4  -3    0   0   0   0   0   0   0   0   0   0   0   0   0   0 100   0   0   0   0   0  2.33 0.15
  128 I     0  -3  -4  -4  -2  -3  -3  -3  -4   5   1  -3   1  -1  -3  -2  -1  -3  -2   2   12   0   0   0   0   0   0   0   0  88   0   0   0   0   0   0   0   0   0   0  0.54 0.10
  129 G     0  -3  -1  -2  -3  -2  -3   6  -3  -4  -4  -2  -3  -4  -3  -1  -2  -3  -4  -4    0   0   0   0   0   0   0 100   0   0   0   0   0   0   0   0   0   0   0   0  1.33 0.11
  130 S     0  -1   0   2  -2   1   0  -1  -1  -3  -3   1  -2  -3  -1   4   1  -3  -2  -2    0   0   0  12   0   8   0   0   0   0   0   8   0   0   0  73   0   0   0   0  0.49 0.09
  131 R     0   1  -1  -2  -3   3   0  -2  -1  -3  -2   0  -2  -2   5   0   1  -2   2  -2    6  10   0   0   0  22   0   0   0   0   0   0   0   0  34   5  11   0  12   0  0.57 0.06
  132 V    -1  -3  -4  -4  -2  -3  -4  -4  -4   5   1  -3   1  -1  -3  -3  -1  -3  -2   3    0   0   0   0   0   0   0   0   0  75   0   0   0   0   0   0   0   0   0  25  0.58 0.09
  133 A     4  -2  -2  -1  -1   0   2   1  -2  -2  -2  -1  -2  -3  -1   0  -1  -3  -2  -1   69   0   0   0   0   0  22   8   0   0   0   0   0   0   0   0   0   0   0   0  0.43 0.08
  134 T     0   1   1  -1  -2  -1  -1  -2  -2  -2  -2  -1  -1  -3  -2   2   5  -3  -2  -1    0  10   8   0   0   0   0   0   0   0   0   0   0   0   0  13  69   0   0   0  0.50 0.09
  135 V     2  -3  -3  -3  -2  -2  -2  -2  -3   0  -1  -2  -1  -2   5  -1  -1  -4  -2   2   22   0   0   0   0   0   0   0   0   0   0   0   0   0  41   0   0   0   0  37  0.70 0.08
  136 E    -1  -1   2  -1  -2  -1   1  -2  -1  -2  -2  -1  -1   1  -2   1   4  -2  -1  -1    0   0  16   0   0   0  10   0   0   0   0   0   0  12   0   0  62   0   0   0  0.40 0.08
  137 L    -1  -3  -4  -4  -1  -3  -3  -4  -3   3   2  -3   1  -1  -3  -2  -1  -3  -2   3    0   0   0   0   0   0   0   0   0  34  27   0   0   0   0   0   0   0   0  39  0.43 0.06
  138 A     2  -2   1   0  -2  -1  -1   4  -2  -3  -3  -1  -2  -3  -2   0  -1  -3  -3  -2   37   0  11   6   0   0   0  46   0   0   0   0   0   0   0   0   0   0   0   0  0.52 0.06
  139 G     0  -3  -1   1  -3  -2  -2   6  -2  -4  -4  -2  -3  -4  -3  -1  -2  -3  -4  -4    0   0   0  12   0   0   0  88   0   0   0   0   0   0   0   0   0   0   0   0  1.09 0.10
  140 A     0   1  -1  -2  -2   1  -1  -2   1   1  -1   0   0  -1  -2   0   0  -2   2   2   10   8   0   0   0  12   0   0   5   6   0   8   0   0   0  12   0   0  10  29  0.09 0.03
  141 T     0  -1   2  -1  -2   1  -1  -1  -1  -2  -2   0  -1  -3  -1   3   4  -3  -2  -1    0   0  14   0   0   6   0   0   0   0   0   6   0   0   0  31  44   0   0   0  0.40 0.07
  142 W    -3  -4  -5  -5  -3  -3  -4  -3  -3  -3  -2  -4  -2   2  -5  -4  -3  11   1  -4    0   0   0   0   0   0   0   0   0   0   0   0   0   6   0   0   0  94   0   0  2.85 0.19
  143 E    -1   1   3   3  -3   2   3  -2   0  -3  -3   1  -2  -4  -2   0  -1  -4  -2  -3    0   8  23  16   0   8  34   0   0   0   0   6   0   0   0   6   0   0   0   0  0.47 0.05
  144 V    -1  -3  -4  -4  -2  -3  -3  -4  -3   2   4  -3   1   0  -3  -3  -1  -2  -2   3    0   0   0   0   0   0   0   0   0   0  70   0   0   0   0   0   0   0   0  30  0.50 0.07
  145 W    -3  -3  -3  -4  -3  -3  -3  -4   0  -2  -1  -3  -1   4  -4  -3  -3   8   6  -2    0   0   0   0   0   0   0   0   0   0   0   0   0  22   0   0   0  32  46   0  1.28 0.11
  146 Y     0   0  -1  -2  -2  -1  -1  -2  -1  -1   0   2  -1   0  -2   2   2  -1   3  -1    0   0   0   0   0   0   0   0   0   0  11  20   0   0   0  30  15   0  24   0  0.22 0.06
  147 A     2  -3  -1  -2  -2  -2  -2   6  -2  -4  -4  -2  -3  -3  -2   0  -2  -3  -3  -3   22   0   0   0   0   0   0  78   0   0   0   0   0   0   0   0   0   0   0   0  0.94 0.09
  148 D     0  -2  -1   2  -2  -1  -1  -2  -2  -2  -1  -1   0  -2   5   0   0   5  -2  -2    6   0   0  22   0   0   0   0   0   0   8   0   5   0  33   8   8  10   0   0  0.56 0.06
  149 N    -2  -1   6   1  -3  -1  -1  -1   3  -4  -4  -1  -3  -3  -3   1  -1  -4  -2  -3    0   0  85   0   0   0   0   0   8   0   0   0   0   0   0   8   0   0   0   0  0.92 0.12
  150 G     1  -2   1  -1  -3  -2  -2   5  -2  -4  -4  -2  -3  -3  -2   0  -1  -3  -3  -3    8   0   8   0   0   0   0  76   0   0   0   0   0   0   0   8   0   0   0   0  0.89 0.08
  151 A     2  -1   0   1  -2   2   1   2  -1  -3  -3   0  -2  -3  -1   1   0  -3  -2  -2   25   0   0  11   0  19   8  21   0   0   0   0   0   0   0  17   0   0   0   0  0.31 0.04
  152 M    -2  -2  -2  -3  -2   2  -2  -3  -2   0   1  -1   6  -1  -3  -1   1   5  -1   0    0   0   0   0   0  14   0   0   0   0   0   0  63   0   0   0  11  12   0   0  0.57 0.12
  153 N    -1   3   3  -1  -3   3   0  -2   0  -3  -3   2  -1  -3  -2   0   2  -3  -2  -2    0  18  22   0   0  22   0   0   0   0   0  14   0   0   0   0  24   0   0   0  0.38 0.06
  154 V    -1  -3  -3  -3  -1  -2  -3  -3  -3   2   0  -3   0  -2  -3  -1   1  -3  -2   5    0   0   0   0   0   0   0   0   0   0   0   0   0   0   0   0  14   0   0  86  0.51 0.10
  155 I    -2  -3  -3  -4  -3  -2  -3  -4   0   0  -1  -3  -1   4  -4  -3  -2   1   7  -1    0   0   0   0   0   0   0   0   0  10   0   0   0  26   0   0   0   0  65   0  0.92 0.11
  156 S     1  -1   0  -1  -2  -1  -1  -1  -2  -3  -3  -1  -2  -3  -1   5   1  -3  -2  -2    0   0   0   0   0   0   0   0   0   0   0   0   0   0   0 100   0   0   0   0  0.75 0.13
  157 Y    -3  -3  -4  -4  -3  -4  -4  -4  -1  -1   0  -4  -1   7  -4  -3  -3   1   4  -1    0   0   0   0   0   0   0   0   0   0   0   0   0  90   0   0   0   0  10   0  1.12 0.12
  158 V    -1  -3  -4  -4  -1  -3  -3  -4  -4   2   1  -3   0  -1  -3  -2  -1  -3  -2   5    0   0   0   0   0   0   0   0   0   0  10   0   0   0   0   0   0   0   0  90  0.57 0.10
  159 R     3   1  -1  -2  -1  -1  -1  -1   3  -2  -2  -1  -2  -3   2   1   1  -3  -1  -1   52  10   0   0   0   0   0   0  12   0   0   0   0   0  10   8   8   0   0   0  0.32 0.06
  160 T     0  -1  -1   0  -2   1  -1   0  -2  -2  -3  -1  -2  -3   4   1   3  -3  -2  -2    0   0   0   6   0  11   0   8   0   0   0   0   0   0  29  16  30   0   0   0  0.53 0.06
  161 T     0  -1   0  -1  -2   1  -1   1  -1  -3  -3  -1  -2  -3  -1   4   2  -3  -2  -2    0   0   0   0   0   8   0   8   0   0   0   0   0   0   0  68  16   0   0   0  0.47 0.09
  162 P     0  -1  -1  -1  -2   1  -1   3  -2  -3  -3  -1  -2  -3   4   0   2  -3  -2  -2    0   0   0   0   0  13   0  31   0   0   1   0   0   0  24   6  22   0   0   0  0.49 0.05
  163 T     0  -2  -1  -2  -1  -2  -2  -2  -2   2  -1  -1  -1  -2  -2   0   5  -3  -2   0    8   0   0   0   0   0   0   0   0  21   0   0   0   0   0   0  70   0   0   0  0.46 0.09
  164 T    -1  -1   3   0  -2   0   2  -2  -1   0  -2   0  -1  -3  -2   1   3  -3  -2  -1    0   0  26   0   0   0  27   0   0   8   0   0   0   0   0  10  29   0   0   0  0.32 0.06
  165 S     0  -1   3   1  -2   0   1  -1  -1  -3  -3  -1  -2  -3  -2   4   1  -3  -2  -2    0   0  23   5   0   0   6   0   0   0   0   0   0   0   0  57   8   0   0   0  0.46 0.08
  166 V     0  -2  -2  -1  -2  -2  -2  -2  -1  -1  -1  -2  -1   5  -3   0  -1   4   3   0   12   0   0   6   0   0   0   0   0   0   0   0   0  39   0  10   0   8  16  10  0.36 0.06
  167 T     1  -2   0  -1  -1  -1  -1  -1  -1  -2  -2  -1  -1   3  -2   3   1  -2   0  -1    6   0   0   0   0   0   0   0   0   0   1   0   0  24   0  55  10   0   0   0  0.31 0.07
  168 E     1  -1   1   0  -2   1   1   4  -1  -3  -3  -1  -2  -3  -1   1   0  -2  -2  -2   11   1   9   1   0   7  10  38   0   1   1   1   0   0   1  17   1   0   0   1  0.34 0.03
  169 L     2  -1  -1  -1  -1  -1  -1   1  -1   0   1  -1   0  -1  -1   0   0  -1  -1   0   28   2   2   3   1   2   3  10   1   2  26   3   1   2   2   3   3   1   2   3  0.05 0.01
  170 D    -2  -2   3   6  -4  -1   1  -2  -1  -4  -4  -1  -4  -4  -2  -1  -1  -5  -4  -4    0   0  12  88   0   0   0   0   0   0   0   0   0   0   0   0   0   0   0   0  1.12 0.11
  171 L    -1  -3  -3  -4  -2  -2  -3  -4  -3   3   3  -3   3   0  -3  -3  -1  -2  -1   2    0   0   0   0   0   0   0   0   0  28  44   0  11   0   0   0   0   0   0  16  0.41 0.05
  172 K    -1   3   3  -1  -3   1   0  -2  -1  -2  -2   3   0  -3  -2  -1  -1  -3  -2  -1    0  18  23   0   0   5   0   0   0   0   0  41   5   0   0   0   0   0   0   8  0.37 0.06
  173 A     0  -1   1   4  -3   1   1   0   3  -2  -1  -1  -2  -3  -2   0  -1  -3  -2  -2   10   0   8  41   0   8   5   6  12   0  10   0   0   0   0   0   0   0   0   0  0.34 0.05
  174 F    -3  -4  -4  -4  -3  -4  -4  -4  -2  -1   0  -4  -1   7  -4  -3  -3   0   2  -2    0   0   0   0   0   0   0   0   0   0   0   0   0 100   0   0   0   0   0   0  1.23 0.14
  175 I    -2  -3  -3  -3  -2  -3  -3  -4  -2   2   1  -3   0   5  -3  -2   1  -1   1   1    0   0   0   0   0   0   0   0   0  25   6   0   0  49   0   0  12   0   0   8  0.43 0.07
  176 D    -1   1   2   3  -2   0   0  -1  -1  -2  -2   1   0  -3  -1   0   2  -3  -2  -2    1   8  13  28   0   0   1   1   0   1   1  13   6   0   1   1  26   0   0   1  0.27 0.04
  177 D    -2  -2  -2   2  -3  -2  -2  -3   1  -2  -2  -2  -2   2  -3  -2  -2   1   7  -2    0   0   0  20   0   0   0   0   0   0   0   0   0   0   0   0   0   0  80   0  1.00 0.13
  178 A     0  -2  -3  -3  -2   0  -2  -3  -2   1   4  -2   1   0  -3  -2  -1  -1   2   0   10   0   0   0   0   8   0   0   0   0  72   0   0   0   0   0   0   0  10   0  0.35 0.07
  179 V    -1  -1  -1  -2  -2   2   0  -3  -2   1   0  -1   0  -2  -2   0   2  -3  -2   2    0   0   0   0   0  19   6   0   0   0  10   0   0   0   0   0  27   0   0  38  0.21 0.06
  180 A     1  -1   0   1  -2   3   1   1  -1  -3  -3   0  -2  -3  -1   2   1  -3  -2  -2   10   0   0  11   0  21  11  10   0   0   0   0   0   0   0  25  12   0   0   0  0.29 0.04
  181 R    -1   2   3   0  -3   3   2  -2   2  -3  -3   2  -2  -3  -2   1  -1  -3  -2  -3    0  10  27   0   0  26  11   0   6   0   0  12   0   0   0   8   0   0   0   0  0.42 0.05
  182 G    -1   0  -1  -1  -3   4   2   3  -1  -4  -3   1  -2  -4  -2  -1  -1  -3  -2  -3    0   0   0   0   0  47  11  32   0   0   0  10   0   0   0   0   0   0   0   0  0.55 0.08
  183 Y    -1  -3  -2  -3  -3  -2  -3   4  -1  -2  -2  -2  -2   3  -3  -2  -2   5   4  -2    0   0   0   0   0   0   0  46   0   0   0   0   0  22   0   0   0  12  20   0  0.67 0.07
  184 I     0  -2  -3  -3  -2  -2  -2  -3  -3   1   2  -2   4  -1   4  -1  -1  -3  -2   1   10   0   0   0   0   0   0   0   0  10  22   0  26   0  22   0   0   0   0  11  0.37 0.05
  185 R     2   1  -1  -1  -2  -1  -1  -1  -2  -2  -2  -1  -2   1   3   3   0  -3  -1  -2   22  10   0   0   0   0   0   0   0   0   0   0   0  10  19  39   0   0   0   0  0.36 0.06
  186 P     0  -1   1   3  -2  -1   0  -1  -1  -3  -3   0  -2  -3   3   2   1  -4  -3  -2    8   0   5  23   0   0   0   0   0   0   0   6   0   0  20  34   5   0   0   0  0.45 0.05
  187 E     0  -1   0   2  -3   2   3  -1  -1  -3  -3   0  -2  -3  -1   3   0  -3  -2  -3    0   0   0  11   0   8  38   0   0   0   0   0   0   0   0  43   0   0   0   0  0.49 0.07
  188 W    -2   0  -1  -2  -3   5   0  -3  -1  -2   1   2   0  -2  -2  -1  -1   5  -1  -2    0   0   0   0   0  56   0   0   0   0  22  12   0   0   0   0   0  10   0   0  0.48 0.09
  189 Y    -2  -2  -3  -4   2  -2  -3  -4   3  -2  -2  -2  -2   2  -4  -2  -2   1   7  -2    0   0   0   0   8   0   0   0   8   0   0   0   0   0   0   0   0   0  85   0  1.13 0.13
  190 L    -2  -3  -4  -4  -2  -2  -3  -4  -3   2   4  -3   3   0  -3  -3  -1  -2  -2   1    0   0   0   0   0   0   0   0   0  12  78   0  10   0   0   0   0   0   0   0  0.55 0.08
  191 L    -1  -2  -2  -2  -1  -2  -2  -3  -2   2   2  -2   0   0  -2   1   2  -2   1   1    0   0   0   0   0   0   0   0   0  14  25   0   0   0   0  12  30   0   8  11  0.19 0.04
  192 S     0  -1   0   2  -2  -1   0  -2   2   0  -2  -1  -1  -2  -2   2   3  -3  -2  -1    0   0   0  17   0   0   0   0  11  10   0   0   0   0   0  29  33   0   0   0  0.28 0.06
  193 V     0  -3  -3  -4  -1  -2  -3  -3  -2   2   2  -3   1   2  -3  -2  -1  -1   2   3    8   0   0   0   0   0   0   0   0   0  25   0   0   8   0   0   0   0  10  49  0.28 0.05
  194 Q    -1   0   2   0  -4   5   3   0   0  -4  -3   0  -1  -4  -2   0  -1  -3  -2  -3    0   0  10   0   0  59  23   8   0   0   0   0   0   0   0   0   0   0   0   0  0.64 0.09
  195 T     3  -2  -2  -3  -2  -2  -2  -1  -2  -1  -1  -2  -1   5  -2   0   1  -1   1  -1   46   0   0   0   0   0   0   0   0   0   0   0   0  45   0   0  10   0   0   0  0.39 0.08
  196 G     0  -3  -1  -2  -3  -2  -3   6  -3  -4  -4  -2  -3  -4  -3  -1  -2  -3  -4  -4    0   0   0   0   0   0   0 100   0   0   0   0   0   0   0   0   0   0   0   0  1.33 0.11
  197 F    -1  -2  -1  -2  -2  -1  -2  -2  -2  -1  -2  -1  -1   1  -2   1   6  -3  -1  -1    0   0   0   0   0   0   0   0   0   0   0   0   0  10   0   0  90   0   0   0  0.68 0.12
  198 E    -2  -1  -1   1  -4   1   6  -3  -1  -4  -4   0  -3  -4  -2  -1  -2  -4  -3  -3    0   0   0   0   0   0 100   0   0   0   0   0   0   0   0   0   0   0   0   0  1.06 0.13
  199 L     0  -3  -3  -2  -3  -2  -2  -3  -3   0   0  -2  -1  -3   7  -1  -1  -4  -3  -1   10   0   0   0   0   0   0   0   0  12  10   0   0   0  68   0   0   0   0   0  1.26 0.09
  200 F    -3  -4  -4  -4  -3  -4  -4  -4  -2  -1   0  -4  -1   7  -4  -3  -3   0   2  -2    0   0   0   0   0   0   0   0   0   0   0   0   0 100   0   0   0   0   0   0  1.23 0.14
  201 T     0  -2   0  -1  -1  -1  -1   1  -2  -2  -2  -1  -1  -3  -2   2   5  -3  -2  -1    0   0   0   0   0   0   0  12   0   0   0   0   0   0   0  23  65   0   0   0  0.51 0.09
  202 G     0  -3  -1  -2  -3  -2  -3   6  -3  -4  -4  -2  -3  -4  -3  -1  -2  -3  -4  -4    0   0   0   0   0   0   0 100   0   0   0   0   0   0   0   0   0   0   0   0  1.33 0.11
  203 G     0  -2   0   2  -2  -1  -1   4  -2  -3  -4  -1  -3  -3  -2   3   0  -3  -3  -3    0   0   0  13   0   0   0  47   0   0   0   0   0   0   0  40   0   0   0   0  0.56 0.06
  204 A     4  -2  -2  -2  -1  -1  -1   2  -2  -1  -2  -1  -1  -3   2   0  -1  -3  -2   0   68   0   0   0   0   0   0  15   0   0   0   0   0   0  10   0   0   0   0   8  0.41 0.06
  205 G     0   0  -1  -1  -2   2   1   1   3  -1  -2   1  -1  -2  -2   0   1  -3  -1   0   10   0   0   0   0  15   7  12  12   0   0  15   0   0   0   0  15   0   0  15  0.14 0.03
  206 L    -2  -3  -3  -3  -2  -3  -3  -4  -3   2   3  -3   1   4  -3  -2   0  -1   0   1    0   0   0   0   0   0   0   0   0  15  48   0   0  27   0   0  10   0   0   0  0.35 0.04
  207 R    -1   1   0   3  -2   0   0  -2  -1  -2  -2   1  -2   1  -2   1   3  -3  -1  -2    0  12   0  27   0   0   0   0   0   0   0   7   0  10   0   8  36   0   0   0  0.27 0.04
  208 S     0  -2  -2  -2  -1  -2  -2  -3  -3   2   0  -2   0  -1  -2   1   2  -3  -2   3    0   0   0   0   0   0   0   0   0  15   0   0   0   0   0  12  25   0   0  49  0.27 0.05
  209 A     1  -1   0  -1  -1  -1  -1  -1  -2  -1  -2  -1  -1  -3  -1   4   2  -3  -2   0   12   0   0   0   0   0   0   0   0   0   0   0   0   0   0  63  15   0   0  10  0.38 0.06
  210 D     0   1   1   4  -3   1   3  -2  -1  -3  -3   0  -2  -3  -2   1  -1  -4  -3  -3    7  12   8  29   0   0  36   0   0   0   0   0   0   0   0   8   0   0   0   0  0.46 0.04
  211 F    -3  -3  -3  -4  -3  -2  -3  -3   0  -2  -1  -3  -1   4  -4  -3  -2   8   6  -2    0   0   0   0   0   0   0   0   0   0   0   0   0  26   0   0   0  26  48   0  1.10 0.08
  212 S     0   2   0  -1  -2   2   0  -1  -1  -3  -3   0  -2  -3  -1   4   1  -3  -2  -2    0  16   0   0   0  13   0   0   0   0   0   0   0   0   0  71   0   0   0   0  0.44 0.06
  213 V     2  -3  -3  -3  -1  -2  -2  -2  -3   2   0  -2   0  -1  -2  -1   0  -3  -2   4   24   0   0   0   0   0   0   0   0   8   0   0   0   0   0   0   0   0   0  69  0.33 0.05
  214 T     0  -1   2   2  -2   0   2  -1  -1  -3  -3   0  -2  -3  -1   3   2  -3  -2  -2    0   0   8  16   0   0  13   0   0   0   0   0   0   0   0  50  13   0   0   0  0.38 0.04
  215 V    -1  -3  -3  -4  -1  -3  -3  -4  -4   3   1  -3   1  -1  -3  -2  -1  -3  -2   4    0   0   0   0   0   0   0   0   0  15   8   0   0   0   0   0   0   0   0  76  0.45 0.06
  216 Q    -1   1   0   0  -3   5   3  -2   0  -3  -3   2  -1  -3  -1   0  -1  -3  -2  -3    0   0   0   0   0  51  28   0   0   0   0  21   0   0   0   0   0   0   0   0  0.57 0.04

                      K         Lambda
Standard Ungapped    0.1320     0.3175
Standard Gapped      0.0410     0.2670
PSI Ungapped         0.1320     0.3175
PSI Gapped           0.0410     0.2670
