
Last position-specific scoring matrix computed, weighted observed percentages rounded down, information per position, and relative weight of gapless real matches to pseudocounts
            A   R   N   D   C   Q   E   G   H   I   L   K   M   F   P   S   T   W   Y   V   A   R   N   D   C   Q   E   G   H   I   L   K   M   F   P   S   T   W   Y   V
    1 G     2  -3  -2  -3  -3  -3  -3   6  -3  -4  -4  -2  -3  -4  -3   0  -2  -4  -4  -3   24   0   0   0   0   0   0  70   0   0   0   0   0   0   0   5   0   0   0   0  1.07 0.22
    2 D    -3  -2   2   5  -5  -1   4  -3  -2  -4  -1  -1  -3  -4  -2  -1  -2  -5  -2  -4    0   1  10  39   0   0  33   1   0   0   9   2   0   0   1   1   1   0   2   0  0.81 0.31
    3 Y    -2  -2  -1  -1  -2  -1  -1  -5   1  -3  -2  -1   3   2  -1  -3  -2  -1   7  -2    3   1   3   4   1   3   5   0   3   0   1   3   9   6   3   0   1   0  52   2  0.95 0.39
    4 D    -3  -3   1   7  -6  -1   2  -3  -3  -3  -6   1  -5  -6  -4  -1  -3  -7  -5  -5    1   0   6  64   0   2  13   1   0   2   0   8   0   0   0   2   0   0   0   0  1.37 0.50
    5 Y    -3  -2  -4  -2   1  -3  -4  -2   3  -1  -2   1  -2   3  -3  -4  -4  -2   7  -1    1   2   0   2   3   0   0   3   6   4   2  11   1  10   1   0   0   0  48   4  1.02 0.45
    6 L    -2  -2   0  -3  -3   0  -3  -4  -2   1   4  -2   2   0  -4  -1  -1  -4  -3   2    1   2   5   1   0   5   1   1   1   8  41   2   4   3   0   4   4   0   0  17  0.40 0.26
    7 I    -4  -6  -6  -6   2  -5  -6  -5  -3   3   1  -5   3   5  -6  -4  -4  -4   4   3    1   0   0   0   4   0   0   1   0  17  14   0   8  22   0   1   0   0  12  19  0.93 0.45
    8 K    -6   4  -1  -6  -9  -2  -4  -7  -2  -8  -8   8  -7  -8  -7  -5  -5  -8  -7  -8    0  19   3   0   0   1   1   0   1   0   0  74   0   0   0   0   1   0   0   0  2.28 0.97
    9 F    -3  -7  -7  -8   3  -7  -7  -8  -7   5   3  -7  -1  -1  -7  -6  -4  -6  -2   4    1   0   0   0   5   0   0   0   0  33  26   0   1   2   0   0   0   0   1  29  1.29 0.59
   10 L    -1  -6  -7  -7   2  -6  -6  -3  -3   3   3  -6   2  -1  -6  -5  -2  -6  -4   5    6   0   0   0   3   0   0   2   1  13  25   0   4   3   0   0   3   0   0  39  0.97 0.50
   11 A    -3  -6  -7  -7   0  -6  -7  -7  -7   4   3  -6   3   2  -7  -5  -1  -6  -4   4    1   0   0   0   2   0   0   0   0  19  31   0   8   8   0   1   3   0   0  26  1.05 0.52
   12 L    -2  -4  -5  -7   3  -6  -7  -7  -7   4   4  -6   1  -3  -7  -4  -4  -6  -5   4    3   1   1   0   6   0   0   0   0  20  33   0   3   1   0   1   0   0   0  31  1.12 0.55
   13 G    -6  -9  -6  -7  -9  -8  -8   8  -8 -10 -10  -8  -9  -9  -8  -6  -8  -9  -9  -9    0   0   0   0   0   0   0 100   0   0   0   0   0   0   0   0   0   0   0   0  3.13 1.24
   14 D    -1  -4  -1   7  -7   0   1  -4  -5  -6   1  -2  -3  -7  -2  -2  -5  -8  -2  -4    5   1   3  52   0   4   8   1   0   0  15   2   1   0   3   3   0   0   1   1  1.16 0.63
   15 S     0   0  -1   3  -2   0   0   2  -3  -4  -3  -2  -2  -5   0   3  -1  -3   0  -3    7   5   2  15   1   4   7  17   0   1   3   1   1   0   5  23   3   0   4   2  0.36 0.31
   16 G     2  -2   3  -2   0  -1  -1   5  -1  -6  -5  -2  -2  -4  -5   1  -3  -6  -3  -6   15   2  15   2   2   3   5  39   1   0   1   2   1   1   0   8   1   0   1   0  0.80 0.49
   17 V     1  -7  -7  -7   3  -7  -5  -7  -8  -1  -5  -7  -5  -6  -7   0   1  -8  -6   6   13   0   0   0   6   0   0   0   0   2   0   0   0   0   0   8   9   0   0  62  1.54 0.79
   18 G    -4  -9  -7  -7  -9  -8  -8   8  -8 -10 -10  -8  -9  -9  -8  -6  -8  -9  -9  -9    1   0   0   0   0   0   0  99   0   0   0   0   0   0   0   0   0   0   0   0  3.06 1.26
   19 K    -7  -4  -6  -7  -9  -5  -5  -8  -7  -3  -9   9  -8  -9  -7  -6  -7  -9  -8  -8    0   0   0   0   0   0   0   0   0   2   0  98   0   0   0   0   0   0   0   0  3.18 1.39
   20 T    -5  -6  -5  -6  -6  -6  -6  -3  -7  -7  -5  -5  -6  -8  -6   5   7  -8  -7  -6    0   0   0   0   0   0   0   2   0   0   1   1   0   0   0  35  61   0   0   0  2.08 1.11
   21 S     2  -4  -1  -6   5  -2  -4  -5  -6  -4  -6  -4  -6  -4  -6   5   4  -7  -6  -4   18   1   3   0  12   2   1   0   0   1   0   1   0   1   0  37  22   0   0   1  1.19 0.76
   22 V    -5  -7  -8  -8  -6  -7  -7  -8  -7   4   6  -7   1   2  -7  -5  -4  -6  -3   0    0   0   0   0   0   0   0   0   0  21  61   0   3   7   0   1   1   0   1   6  1.50 0.76
   23 L     0  -5  -7  -7   0  -6  -7  -5  -7   3   4  -6   2  -2  -6  -5   1  -1  -5   2    7   0   0   0   2   0   0   1   0  17  43   0   4   1   0   1   8   1   0  15  0.94 0.56
   24 Y    -1   0   2  -3  -2   1   0  -3   4   1   0   1   2   0  -4  -1  -1  -2   1   0    5   5   9   0   1   6   5   1  11   9   9   9   5   3   0   5   4   0   6   8  0.18 0.20
   25 Q    -2   6  -3  -5   0   4  -2  -6  -3  -3  -2   1   2  -4  -6   1  -1  -6  -4  -1    4  36   1   0   2  17   1   0   1   2   4   7   4   1   0  12   4   0   0   4  0.85 0.58
   26 Y    -5  -7  -7  -8  -6  -7  -7  -5   1  -2   4  -5  -2   7  -7  -5  -6   0   5  -3    1   0   0   0   0   0   0   1   3   2  32   1   1  37   0   1   0   1  19   2  1.57 0.79
   27 T     1  -2  -2  -3   2   0  -3  -3  -2   1   1   1   1  -2  -4   0   2  -5  -2   2   10   1   2   1   4   3   0   2   1   7  13  11   4   1   0   6  15   0   1  17  0.25 0.25
   28 D    -3   0   1   1  -3   2   1   1   1  -2  -3   2  -1  -2  -4   1   2  -4   1  -4    1   4   7   9   1   9   8  11   3   2   3  11   1   1   0  10  13   0   5   0  0.25 0.26
   29 G    -3  -1   4   3  -4  -1   0   4  -2  -6  -3   1  -4  -6  -4  -1  -3  -6  -2  -5    1   3  20  16   0   2   5  29   1   0   3  10   0   0   1   5   1   0   2   1  0.72 0.47
   30 K    -1   2  -1  -1  -1   2   3  -2   2  -2  -4   2  -2  -4  -2   1   0  -5  -1  -2    5  11   2   3   1   9  23   3   5   2   1  11   1   0   1   9   6   0   2   3  0.36 0.31
   31 F    -4  -4  -6  -2  -4  -4  -6  -5  -1  -2  -3  -2  -3   8  -2  -3  -4   1   2   0    1   1   0   3   0   1   0   1   2   2   3   3   1  63   2   2   1   2   6   6  1.71 0.79
   32 N    -2  -1   0   0  -3   0   0  -2  -3   1  -1  -1  -2  -3   4   1  -1  -5  -2   2    2   4   5   6   1   4   6   2   1   8   6   3   0   1  19  10   4   0   2  16  0.28 0.25
   33 S    -1  -2   0   2  -3   0   3  -1   0  -2  -2   1  -1  -2   1   1   1  -3  -2  -2    5   1   5   9   0   4  20   5   2   2   4   9   2   2   6  11   8   0   1   3  0.22 0.21
   34 K    -1   0   2   2  -3   2   2  -2   1  -3  -3   0  -1  -3  -1   0   2  -4  -1  -1    4   4  10  13   1   8  16   2   3   1   2   5   2   1   2   8  12   0   2   4  0.27 0.25
   35 F    -3  -2  -2  -4  -1   0  -2  -3   4  -1  -1  -2  -1   1  -1   0  -1   0   7   0    2   2   2   1   1   4   3   2   8   3   6   2   2   4   4   8   4   1  35   6  0.71 0.44
   36 I    -1  -1   0   1  -2   0   1  -2   1   2  -1   1  -1  -2   0   0   0  -4  -1   1    4   3   4   8   1   5   8   3   4  16   5   9   1   1   4   7   4   0   1  11  0.09 0.12
   37 T     1  -3  -2  -4  -1   1  -1  -5   1  -5  -3  -3  -2  -5   6   2  -1  -1  -2  -4   12   1   2   0   2   5   4   1   3   0   3   1   1   1  44  13   3   1   2   1  1.05 0.62
   38 T    -4  -5   0  -5  -5  -4  -2  -4  -5  -4  -4  -5  -3  -6  -4   0   8  -6  -5  -4    1   0   4   0   0   1   3   1   0   1   2   1   1   0   1   5  77   0   0   1  1.98 0.99
   39 V    -2  -5  -3  -3  -4  -1  -5  -4  -3   6   0  -3  -2  -1  -5  -3   1  -5  -3   4    2   0   2   2   0   3   1   1   1  43   8   2   1   2   0   2   8   0   1  22  0.93 0.50
   40 G    -2  -4  -4  -3  -5  -2   2   6  -2  -4  -4  -4  -5   2  -1  -3  -2  -1  -4  -5    3   1   0   1   0   2  13  57   1   1   2   1   0   9   4   2   2   1   1   1  1.18 0.63
   41 I     1  -2  -1   2   1  -2   0  -2  -3   2  -1  -2  -1   1  -2  -1  -2  -2  -3   3   11   2   3  13   3   1   6   3   0  12   5   1   2   5   2   5   2   1   0  23  0.22 0.20
   42 D    -1  -1   3   5  -4  -1   3  -3  -1  -2  -3  -2  -4  -4  -2   1   0  -4  -3  -4    5   3  12  29   0   2  16   2   1   2   3   1   0   1   2  11   7   0   1   1  0.59 0.36
   43 F    -3  -2  -4  -3  -1  -3  -4  -4  -1   0  -1  -4   0   6  -4  -4  -1   0   5   1    2   2   1   2   1   1   1   1   1   5   6   1   2  37   1   1   3   1  20  11  1.02 0.49
   44 R     0   1   1   0  -2   0   0  -1   1  -1   0   1  -1   0  -2   0   0  -1   1   0    5  10   8   4   0   4   4   5   4   4   8  10   1   4   1   8   7   1   6   6  0.06 0.08
   45 E     0   0   0  -1  -3   0   0  -3   0   1  -1   2  -1  -2   1   0   2  -3  -1   2    7   3   4   3   0   5   5   1   2   7   4  13   1   1   6   8  12   0   2  14  0.12 0.14
   46 K    -2   3  -1  -1  -2   2   2  -3  -1  -1  -2   4  -2  -3  -1  -1   0   1   0  -2    2  13   2   2   1   9  12   1   2   3   4  26   1   1   3   3   6   2   3   3  0.38 0.27
   47 R     0   1  -1  -1   0   0   1  -2   1   1  -2  -1  -1  -3  -1   0   3  -3  -2   1    6   7   2   3   2   5   8   3   3   8   3   4   2   1   3   6  23   0   1  13  0.19 0.19
   48 V    -2  -3  -3  -2  -2  -2  -1  -3  -1   3   1  -2   2   0  -3  -2   1  -1  -2   3    2   1   1   2   1   2   5   2   1  21  13   2   5   4   1   3   8   1   1  22  0.33 0.21
   49 V    -1  -1   0   0   1   1   1  -2   0   1   0   0   0  -2   0   0   1  -2   0   2    4   2   4   5   3   6  10   2   2  10   8   4   2   1   4   5   9   0   3  15  0.07 0.09
   50 Y    -1  -1  -1  -1  -1  -1  -1  -2  -1   3   1  -2   0   0   0  -1   0   1   2   2    4   4   3   3   1   3   4   3   1  18  11   2   2   3   5   3   5   2   8  17  0.13 0.10
   51 R     0   1   0   1  -1   0   0   0   1  -1  -1   0  -1   0   2   0   0   0   0  -1    5   7   5  10   1   4   6   7   4   4   5   6   2   4   9   5   5   1   4   5  0.06 0.03
   52 A     0   0   0   0  -1   0   0   0   0   0   0   0   0   0   0   0   0   1   0   0    7   3   5   6   1   3   7   9   4   6   7   6   2   3   4   9   7   3   2   6  0.02 0.01
   53 N     0   0   1   0  -1   0   1   0   1   0  -1   0  -1  -1   1   0   0   0   0   0    6   4   9   5   1   5   8   8   3   5   7   5   1   3   6   5   8   1   3   6  0.04 0.02
   54 G     0   0   0   0  -1   0   0   0   1   0  -1   0   0   0   1   0   1  -1   0   0    7   5   4   6   1   4   6   7   5   5   7   4   2   3   6   8   8   1   4   9  0.03 0.01
   55 P     0   0   0   0   0   0   0   0   1   0   0   0  -1   0   2   0   0   0   0   0    8   5   3   5   2   3   5   6   4   5   8   5   1   4  11   7   6   1   4   8  0.05 0.02
   56 D     0   0   0   1   0   0   0  -1  -1   0   0   0  -1  -1   1   1   1  -1  -1   0    5   5   5   8   2   3   5   5   1   5  10   5   1   2   6  12   9   1   2   6  0.04 0.02
   57 G     0   0   0   0  -1   0   1  -1   0   0   0   0  -1   0   1   1   0  -1   0   0    5   4   4   5   1   3  10   5   2   5   9   6   1   4   7  11   6   1   3   9  0.03 0.02
   58 A     0   0   0   0  -1   0   1  -1   0   0   0   0   0   0   0   0   0  -1   0   0    8   4   4   6   1   5  10   5   2   6   9   5   2   5   4   7   8   1   2   6  0.02 0.01
   59 V     0   0   0   0   0   0   1   0   0   0   0   0   0   0   0   1   1  -1   0   0    5   5   4   5   2   3  10   6   2   6   7   5   2   4   4  10   8   1   3   8  0.02 0.01
   60 G     0   0   0   0   0   0   0   0  -1   0   0   0   0   0   1   0   0  -1  -1   0    6   5   4   7   2   6   5   8   2   7  11   4   2   3   6   6   6   1   2   9  0.01 0.01
   61 R    -1   1   2   5  -2  -1   1  -1  -2  -3  -3   1  -3  -3  -1  -1   0  -4  -3  -2    4   7   9  31   1   3   9   5   1   2   2   7   1   1   2   5   6   0   1   4  0.44 0.27
   62 G    -2   0   2   2  -2  -2   0   4  -2  -1  -3  -1  -2  -2  -1   0  -2  -2  -2  -2    3   4   9  12   1   2   5  34   1   4   2   4   1   2   3   6   2   1   2   3  0.42 0.25
   63 Q    -2   2   0   0  -4   3   2   0  -2  -1  -3   4  -2  -4  -2  -1  -1  -4  -4  -2    2  11   3   5   0  11  16   9   1   3   2  24   1   1   1   3   4   0   0   4  0.40 0.27
   64 R    -1   0   2   0  -2   1   0   0   0  -1  -2   1  -1  -2   1   0   1  -3  -2   0    3   6  11   5   1   8   7   5   2   3   4   9   1   1   8   8  11   0   1   6  0.13 0.12
   65 I    -2  -5  -5  -5   3  -5  -3  -5  -2   4   1  -5  -1   2  -5  -4  -2  -4   3   4    3   0   0   0   5   0   2   0   1  22  12   0   1   9   0   1   2   0   9  31  0.77 0.40
   66 H    -2   2   1  -1  -2   0   0  -3   1  -1  -1   3  -1  -2  -3   1   2  -4  -1  -2    3  11   6   2   1   4   6   1   4   3   8  23   2   1   1   9  12   0   2   2  0.27 0.23
   67 L    -2  -5  -5  -6  -3  -5  -4  -5  -4   2   5  -5   1   4  -6  -5  -2  -4  -2   0    3   0   1   0   1   0   1   1   0   8  54   0   3  18   0   0   2   0   1   6  1.07 0.51
   68 Q    -2  -1   2   1  -3   5   2  -1   1  -3  -2   0  -1  -2  -4   0   1  -5  -2  -3    2   3  10   8   0  25  12   4   4   1   3   4   2   2   0   6   9   0   1   2  0.42 0.31
   69 L    -2  -5  -4  -6  -1  -5  -4  -6  -6   6   3  -5   1   0  -6  -5  -1  -5  -4   3    3   0   1   0   1   0   1   0   0  40  24   0   3   4   0   0   4   0   0  18  1.02 0.48
   70 W    -6  -3  -6  -7  -4  -1  -6  -5  -3  -4   0  -5  -1   2  -6  -6  -3  11   1  -1    0   2   0   0   0   3   0   1   1   1   9   1   1   8   0   0   2  59   5   5  2.61 0.96
   71 D    -6  -6  -2   8  -7  -5  -1  -6  -6  -7  -7  -5  -7  -7  -6  -5  -6  -8  -7  -7    0   0   2  91   0   0   3   0   0   0   0   0   0   0   0   0   0   0   0   0  2.84 1.07
   72 T    -3  -5  -2  -5   0  -4  -3  -4  -5   2   0  -4   0   0  -2  -2   6  -5  -2   1    1   0   1   0   2   0   1   1   0  10  10   0   2   4   2   2  52   0   1   8  0.99 0.54
   73 A     5  -2  -2  -3   0  -3  -4   4  -1  -5  -5  -3  -5  -4  -2   1  -3   0  -5  -3   46   2   2   1   2   1   1  27   2   0   1   1   0   1   2   8   1   1   0   1  0.91 0.50
   74 G    -2  -4  -3  -3  -6  -4  -2   7  -6  -5  -7  -5  -3  -6  -6  -1  -5  -6  -6  -6    3   1   1   2   0   1   3  82   0   1   1   0   1   0   0   4   0   0   0   0  2.02 0.81
   75 L    -3  -1  -2  -3  -3   8  -2  -3   3  -5  -1  -1  -2  -4  -2  -1  -3  -3  -5  -3    3   3   1   1   1  61   1   2   6   0   6   3   1   1   2   5   2   0   0   2  1.47 0.75
   76 E    -2   1  -2   2  -3   1   6  -3  -1  -4  -5   0  -3  -6   1  -2  -3  -6  -4  -5    3   6   2  12   1   6  50   2   1   1   1   4   1   0   6   2   2   0   1   0  1.00 0.55
   77 R    -3   4  -1   1  -2   2   3  -3   0  -1  -3   2  -4  -3  -3   0  -1  -5  -2  -2    1  25   2   8   1   7  16   1   2   3   2  14   0   1   1   7   3   0   2   3  0.48 0.32
   78 F    -1  -5  -2  -3  -5  -3  -3  -2  -1   1   0  -4  -2   6  -3  -2  -3   0   5  -2    5   0   2   1   0   1   2   4   2   9   9   1   1  33   1   3   1   1  22   1  0.90 0.45
   79 R    -2   5   0   2  -2   1  -1  -1   0  -3  -3   1  -1  -3  -2   0  -1  -3   0  -4    2  36   3  10   1   5   4   5   2   1   2   6   1   1   2   9   3   0   4   1  0.54 0.34
   80 S     2   1   0  -1   0   0   0  -1   0  -1  -2  -1  -3  -2   2   2   1  -1  -3  -2   17  10   5   3   2   3   6   4   2   4   3   2   0   1   9  20   7   1   1   2  0.22 0.20
   81 L    -2  -3  -3  -5   1  -3  -3  -5  -3   2   4  -4   5   0  -3  -1   0  -1   1   0    2   1   1   0   2   1   1   1   1  11  34   1  14   3   1   4   7   1   6   7  0.55 0.32
   82 T    -2   4   0  -2  -3  -2  -3  -2   2  -2  -1  -2  -4  -3   0  -2   2   8  -2  -2    4  22   5   2   0   1   1   3   4   2   7   2   0   1   5   2  12  22   1   2  0.76 0.43
   83 T    -1   3   0   2  -5   1   1  -3  -1  -3  -3   2  -3  -3   3   1  -1  -5  -3  -2    5  15   3  12   0   5   9   1   1   2   2  14   0   1  15   9   3   0   1   3  0.38 0.27
   84 A     1  -1   1   0  -1   2   0  -2   4  -1   1   0   0  -1  -2   2  -1  -2  -2  -1   11   3   7   4   1  10   4   3  10   3  13   4   3   3   1  15   2   0   0   3  0.14 0.17
   85 F    -4  -5  -5  -6   3  -4  -2  -5  -1  -3  -3  -4  -5   4  -6   0  -4   0   8  -4    1   1   0   0   5   1   3   1   1   1   2   1   0  14   0   9   0   1  58   1  1.80 0.75
   86 F    -4  -5  -6  -5   2  -4  -6  -5  -3   1   1  -4   3   4  -6  -2  -3   1   7  -3    1   0   0   1   4   1   0   1   0   9  10   1   8  15   0   3   1   1  43   1  1.31 0.59
   87 R    -1   5  -1  -2  -4   1   1  -3   0  -2  -4   1  -2  -5   2   0   0  -6  -4  -3    4  38   3   1   0   5  10   1   2   3   1   7   1   0   9   8   5   0   0   1  0.63 0.39
   88 D    -2  -2   4   2  -2   1   1   3  -1  -5  -5   0  -3  -3  -4   1   0   3  -3  -4    2   2  18  11   1   6   8  24   1   0   0   7   1   1   0   9   5   4   0   1  0.49 0.32
   89 A     4  -1  -3  -4   1  -2  -4   1  -1  -1  -4  -4  -3  -5  -2   1   3  -5  -3   1   33   4   0   0   3   1   0  10   1   3   0   0   0   0   1  10  20   0   0  11  0.54 0.38
   90 M    -1  -3   3   5  -3   3   1  -4   4  -4  -4  -3  -1  -5  -5   0  -2  -6  -2  -1    6   0  14  34   0  12   7   0  10   1   1   1   2   0   0   6   2   0   1   5  0.76 0.44
   91 G     2  -5  -5  -5   3  -5  -5   5  -5   1  -2  -5  -2  -3  -5  -3  -3  -6  -3   3   20   0   0   0   6   0   0  40   0   8   4   0   1   1   0   0   1   0   1  19  0.88 0.47
   92 F     1  -5  -5  -5   2  -5  -5  -4  -4   4   0  -5  -1   4  -5  -4  -3  -3   3   3   14   0   0   0   5   0   0   1   0  21   8   0   1  21   0   0   1   0   9  17  0.70 0.37
   93 L    -3  -5  -6  -6   2  -5  -5  -6  -6   5   3  -5   1  -1  -5  -5  -3  -1  -4   4    1   0   0   0   4   0   0   0   0  33  29   0   3   2   0   0   1   1   0  25  1.03 0.46
   94 L    -3  -5  -5  -6   1  -5  -5  -5  -4   3   4  -5   1   4  -5  -5  -3   2   2   2    2   0   0   0   3   0   0   1   0  14  39   0   2  15   0   0   1   2   6  12  0.79 0.39
   95 L    -2  -6  -6  -6   5  -5  -6  -5  -6  -1   0  -5   2  -2  -6  -4  -2  -6  -5   6    4   0   0   0  12   0   0   1   0   2   8   0   4   1   0   1   2   0   0  63  1.39 0.62
   96 F    -5  -6  -6  -6  -6  -5  -6  -6   0   0  -2  -6  -4   6  -6  -5  -5   1   7   2    0   0   0   0   0   0   0   0   2   5   2   0   0  32   0   0   0   1  41  13  1.74 0.69
   97 D    -1  -5   0   7  -6  -4  -2  -3  -5  -6  -6  -2  -6  -6  -5   3  -4  -6  -6  -6    6   0   4  58   0   0   1   1   0   0   0   2   0   0   0  25   0   0   0   0  1.56 0.69
   98 L    -1  -4  -4  -5   2  -4  -4  -4  -5   4   1  -4   0  -2  -3   2  -2  -5  -4   4    6   0   0   0   4   0   0   1   0  28  13   0   1   2   1  14   1   0   0  27  0.65 0.36
   99 T     1  -3   2   1   0  -2  -2  -2   0  -1  -4  -2  -2  -5  -4   2   5  -5  -2  -2   11   1   8   8   2   1   2   2   2   3   1   1   1   0   0  15  38   0   1   3  0.61 0.40
  100 N    -2   1   4   5  -1  -1  -1  -4  -1  -3  -3   0  -5  -4  -4   2  -3  -6  -4  -4    3   6  19  35   2   2   2   0   1   1   3   5   0   0   0  18   1   0   0   1  0.81 0.44
  101 E    -2   4  -2  -2  -3   1   1  -2   2  -2  -2   1   0  -2   3  -1  -1  -5  -2  -2    3  28   1   2   0   5  11   2   5   2   4   9   2   1  15   4   3   0   1   3  0.45 0.29
  102 Q     0   0   1   2  -4   2   3  -2  -1  -2  -3   1  -2  -4  -2   1  -1  -1  -2  -2    7   4   6  11   0   9  21   2   1   2   2  10   1   0   1  12   4   1   1   2  0.31 0.23
  103 S    -2   3  -2  -3  -5  -3  -2  -4  -2  -5  -5  -2  -5  -2  -4   6   3  -6  -5  -5    1  17   1   1   0   0   2   0   1   0   0   1   0   2   1  55  16   0   0   0  1.18 0.62
  104 F    -3  -5  -6  -6  -3  -5  -4  -6  -4   0   2  -4   0   7  -6  -4  -4  -2   3  -1    2   0   0   0   0   0   1   0   0   6  18   1   2  52   0   1   1   0  10   3  1.39 0.58
  105 L    -1  -2   2   3  -5   2   4  -3  -1  -2  -2   0  -3  -4  -1   0  -1  -5  -3  -3    4   1   9  17   0   8  31   2   1   2   4   6   1   1   3   7   3   0   1   2  0.51 0.33
  106 N     0   1   4   1  -2   0   3  -3   2  -2  -3   0  -1  -3  -4   0  -1  -5  -1  -2    7   8  25   6   1   3  20   1   5   2   2   4   2   1   0   6   3   0   2   3  0.42 0.29
  107 V     1  -4  -4  -5   2  -4  -4  -5  -5   3   2  -4   1  -3  -4   0   0  -5  -4   4   12   0   0   0   4   0   0   0   0  19  19   0   2   0   0   7   5   0   0  28  0.60 0.34
  108 R     0   2   0   0  -3   1   2  -2   0  -2  -2   3  -2  -4   1   0   0  -4  -1  -2    6  11   5   4   0   7  11   3   2   2   3  23   1   0   6   8   4   0   2   2  0.28 0.21
  109 N     0   1   1   0  -3   1   1  -2   0  -2  -1   3  -1   0  -1   0   0  -4   1  -2    7   9   8   6   0   6   7   1   2   2   6  19   1   5   2   8   5   0   5   2  0.16 0.16
  110 W    -5  -4  -7  -6  -7  -3   3  -7  -6  -2   0  -6  -3   0  -7  -6  -3  11   1  -5    1   1   0   0   0   1  21   0   0   3   9   0   1   4   0   0   2  54   3   1  2.48 0.94
  111 I    -2   1  -3  -5  -3  -2  -4  -5   2   2   4  -1   2   1  -5  -3  -2  -2   2   0    2   9   1   0   0   1   0   0   5  12  38   4   5   4   0   2   1   1   8   5  0.49 0.31
  112 S    -1   0   0   2  -4   2   2  -2   2  -4  -2   1  -2  -2   2   0   0  -2  -1  -3    5   5   5  10   0  11  14   3   5   1   4  10   0   2  11   6   5   1   2   1  0.27 0.22
  113 Q    -2   0   0   2  -1   3   5  -3   1  -5  -2   1  -2  -6  -5  -1  -2  -2  -2  -4    2   5   4  11   1  12  37   2   3   0   4   8   1   0   0   4   2   1   1   1  0.69 0.43
  114 L    -1  -6  -6  -6  -2  -5  -6  -6  -6   5   3  -6   2   1  -6  -4  -3  -5  -4   3    6   0   0   0   1   0   0   0   0  30  31   0   5   6   0   1   1   0   0  18  0.97 0.47
  115 Q    -2   3   0   0  -2   0   0  -4  -1   0   3   2   0  -2  -3  -2  -1  -4  -3  -2    3  19   4   6   1   5   4   0   2   5  27  12   2   2   1   2   4   0   0   2  0.30 0.25
  116 M     0   3   1   1  -4   2   2  -1   2  -2  -3   1  -1  -3  -3   1   0  -4  -2  -2    7  16   6   6   0   9  11   4   6   2   3   8   1   1   0  10   7   0   1   2  0.27 0.22
  117 H    -2   0   1  -1  -2   1   2  -3   5  -1  -1   0   0   0  -4  -2   0  -1   3   1    1   4   8   3   1   6  13   2  15   3   5   6   2   3   0   2   5   1   9  11  0.28 0.23
  118 A     2   0  -1   0   1  -1   2   0   0  -2  -2   1  -2  -2   0   0   0  -4  -1  -2   21   5   2   4   4   2  13   7   2   1   4  11   1   2   5   8   4   0   2   3  0.15 0.15
  119 Y    -1   0   1   2  -2   1   2   0   0  -2  -2   0  -2   0   1   0   0  -1  -1  -2    3   4   6  14   1   5  13   9   2   3   4   6   1   5   6   8   4   1   2   3  0.13 0.11
  120 S    -1  -1   1   0   3  -1  -1  -1  -1   0   2   0   0  -2   1   1   0  -3  -2  -1    4   3   6   5   8   2   3   5   1   4  21   7   3   1   6  13   4   0   1   2  0.12 0.14
  121 E     0   1   0   2  -3   1   2  -1  -1  -3  -3   1  -3  -4   3   1  -1  -4  -3  -3    7   7   4  12   1   6  13   3   1   2   2  10   0   1  16  12   3   0   1   1  0.35 0.24
  122 N    -2   0   4   3   1  -1   1   2   0  -4  -4   0  -4  -4  -3   0   0  -3  -2  -2    2   5  21  16   3   2   9  13   2   1   1   6   0   1   1   7   5   0   1   3  0.41 0.28
  123 P     1  -4  -3  -5   2  -3  -4  -5  -5   4  -1  -3  -1  -1   1  -2   0  -5  -2   4   11   1   1   0   4   1   0   0   0  22   5   1   1   2   8   2   5   0   1  34  0.66 0.39
  124 D    -2  -4  -2  -5  -3  -1  -4  -5  -3   0  -2  -3  -2  -4   7  -2  -1  -7  -5   1    3   1   2   0   1   3   1   1   1   5   4   1   1   1  58   3   3   0   0  11  1.47 0.70
  125 I    -3  -2  -5  -6  -1  -4  -6  -5  -6   5   2  -1   3   3  -5  -4  -3  -3  -2   3    1   2   0   0   2   0   0   1   0  32  15   4   6  12   0   1   1   0   1  21  0.82 0.43
  126 V    -2  -6  -7  -7  -1  -6  -7  -6  -4   4   3  -6   4   0  -6  -6  -4  -6  -3   4    3   0   0   0   1   0   0   0   0  26  26   0   9   3   0   0   0   0   1  30  1.10 0.53
  127 L    -4  -6  -7  -7  -5  -6  -7  -8  -7   4   5  -7   0  -2  -7  -6  -5  -6  -5   3    1   0   0   0   0   0   0   0   0  18  57   0   2   1   0   0   0   0   0  21  1.44 0.65
  128 C    -3  -6  -7  -7   3  -5  -7  -7  -7   3   2  -6  -2   2  -7  -5  -4  -3  -4   6    2   0   0   0   6   1   0   0   0  13  18   0   1   9   0   0   0   0   0  49  1.24 0.59
  129 G     3  -4  -4  -5  -3  -5  -6   7  -7  -5  -6  -4  -7  -7  -6  -4  -6  -7  -7  -5   24   1   1   0   1   0   0  69   0   1   1   1   0   0   0   1   0   0   0   1  1.84 0.81
  130 N    -6  -6   8  -4   0  -5  -4  -6  -1  -5  -4  -6  -4  -8  -7  -3   3  -9  -7  -7    0   0  74   0   2   0   1   0   2   1   2   0   0   0   0   2  17   0   0   0  2.32 0.99
  131 K    -6  -2  -4  -6  -8  -1  -4  -7   2  -6  -7   8  -6  -8  -6  -4  -6  -8  -4  -7    0   2   0   0   0   2   0   0   4   0   0  89   0   0   0   1   0   0   1   0  2.55 1.04
  132 S     0  -2  -2  -4   6   3  -2  -3  -4   2   0  -1   0  -2  -4   2   0  -5  -2   0    7   2   1   0  17  15   1   1   0  13   8   4   2   2   0  14   6   0   1   6  0.45 0.32
  133 D    -7  -7  -4   9  -8  -5  -2  -6  -2  -8  -8  -6  -8  -8  -7  -5  -3  -9  -8  -8    0   0   0  94   0   0   2   0   1   0   0   0   0   0   0   0   1   0   0   0  3.01 1.12
  134 L    -2  -2  -5  -4  -1  -1  -4  -5  -3   1   5  -3   3  -3  -3  -4  -4  -5  -4   0    4   2   0   1   1   3   1   1   1   6  63   2   6   0   2   1   1   0   0   6  1.01 0.50
  135 E     0   3  -1   1   0  -1   2  -2   0  -2  -2   1  -2  -3   2   0  -1  -3  -1  -1    8  17   2   8   2   2  14   3   2   2   3   6   0   1  12   7   3   0   2   6  0.24 0.19
  136 D    -1  -1   2   3  -3   0   2  -1   3  -4  -4   0  -1  -3  -2   1   1  -5  -2  -3    4   3  12  18   0   4  12   5   7   1   1   6   2   1   2  11   9   0   1   1  0.35 0.25
  137 Q     1   0   0   2  -1   3   2  -1   1  -3  -2   1  -1  -3   0   0  -1  -2   0  -3   10   5   5  10   2  12  15   3   3   1   5  10   1   1   4   6   3   0   3   1  0.20 0.17
  138 R    -2   6  -2  -3  -3  -1   0  -3  -3  -3  -2   2   3  -5  -2  -2  -2  -5  -2  -3    4  44   2   2   0   2   7   2   0   1   4  13   8   0   2   3   3   0   2   2  0.88 0.47
  139 A     2  -2  -2  -1   0   4   2  -2  -2  -2  -3  -1  -2  -4   1   0   0  -5  -3   2   16   2   1   3   2  17  14   3   1   1   2   3   1   1   7   6   7   0   0  13  0.31 0.28
  140 V    -4  -5  -6  -3  -1  -3  -5  -5  -7   4   0  -6   0  -5  -5  -5  -2  -6  -5   6    1   1   0   2   1   1   0   1   0  18   9   0   2   0   0   0   3   0   0  60  1.41 0.65
  141 K    -1  -2   0   2  -1   0  -1  -2  -4  -2  -3   0  -2  -4   2   4   3  -6  -4  -3    3   2   3  10   1   4   4   2   0   2   3   5   1   1   9  29  18   0   0   1  0.47 0.37
  142 E     0   0  -1   0  -2   0   2  -2   1  -2  -2   1  -2   0   1   1   2  -1   1  -1    6   5   2   3   1   3  14   2   4   2   3   8   1   4   7  10  15   1   5   4  0.16 0.17
  143 E     1  -1   1   1  -5   2   4  -3   0  -1  -2   1   0  -4  -2   0  -2  -2  -4  -3   12   3   6   9   0   7  32   1   3   4   3   8   2   1   2   5   2   1   0   1  0.45 0.33
  144 E    -1   1  -2   2  -6   3   4  -5  -1  -1  -1   0   1  -4  -2  -2  -2  -6  -4  -2    5   6   1  10   0  13  32   0   1   5   7   5   4   1   2   2   2   0   0   3  0.52 0.37
  145 A     4  -5  -1  -3  -2  -4  -4   4  -3   0  -1  -3   0  -4  -3  -1  -1  -6  -5   0   31   0   3   2   1   0   0  34   1   5   5   1   2   0   1   3   4   0   0   6  0.70 0.43
  146 R    -1   2   0  -1  -1   3   2  -4  -1  -1   0   3  -1  -3  -3   0  -2  -5  -3  -2    4  12   4   4   1  14  16   1   1   3  12  16   1   1   1   5   2   0   0   3  0.32 0.26
  147 E     1   0   0   1  -5   3   3  -3   2  -3  -1   2  -2  -5  -3   0  -1  -5  -4  -3   14   5   4   8   0  14  18   1   4   1   6  11   1   0   1   7   4   0   0   2  0.37 0.29
  148 L    -4  -4  -5  -6  -1  -5  -5  -6  -5   0   4  -2   3   4  -6  -2  -3   6   2   0    1   1   1   0   1   0   1   0   0   5  35   3   7  19   0   3   1   9   7   5  0.89 0.47
  149 A     5  -1  -5  -5   5  -3  -5  -3   0   0  -1  -2  -3  -5  -3  -1  -2  -4  -2  -1   54   3   0   0  10   1   0   1   3   5   7   2   0   0   1   4   2   0   1   4  0.92 0.55
  150 E    -2   3   1   1  -4   2   3  -3  -1  -5  -4   4  -2  -6  -3  -1  -1  -6  -5  -4    3  15   7   9   0   9  20   1   1   0   2  22   1   0   1   5   3   0   0   1  0.61 0.40
  151 K    -1   1   0   2  -3   1   3  -1   0  -1  -3   2  -2  -4  -4   2  -1  -5  -4  -3    3   8   4  11   0   7  18   4   2   4   3  15   1   1   0  15   3   0   0   2  0.34 0.28
  152 Y    -4   1   1  -4  -3  -1   1  -3   2   2   2   0   1   1  -5  -3  -2   4   2  -2    0   7   8   0   1   3   9   2   6  12  19   7   3   7   0   1   1   6   6   1  0.32 0.26
  153 G    -2   0   4   0  -3   0  -1   4   0  -6  -4   1  -3  -3  -2   0  -2  -5  -4  -5    3   4  17   4   1   4   4  36   2   0   1  10   0   1   2   6   2   0   0   0  0.66 0.39
  154 I     1  -5  -5  -4   5  -5  -5  -5  -5   3   2  -4   3   0  -5  -3  -2   4  -2   2   13   0   0   1  11   0   0   1   0  19  21   1   6   3   0   2   1   6   1  12  0.65 0.37
  155 P     0   0  -2  -2   1   1   0  -2   3  -2  -1   2   0  -1   3   0   0  -4   0  -3    6   4   1   2   3   5   6   2   8   2   7  13   2   3  17   7   7   0   3   0  0.26 0.23
  156 Y    -6  -5  -5  -5   4  -6  -6  -7   1   1   0  -6  -4   6  -5  -3  -2   2   6  -1    0   0   1   1   8   0   0   0   3   7   7   0   0  33   1   2   2   3  28   4  1.38 0.64
  157 F    -4  -4  -5  -6   0   0  -5  -5   0   3   1  -4   4   5  -6  -4  -2   3   3   1    0   1   0   0   2   5   0   0   2  16  14   1   9  24   0   1   2   4   9  11  0.76 0.42
  158 E    -2  -2  -5  -1  -7  -2   7  -4   0  -7  -6  -1   1  -2  -1   0  -4  -7  -3  -6    4   2   0   2   0   1  67   2   2   0   0   3   3   2   3   6   1   0   1   0  1.47 0.77
  159 T    -1  -7  -6  -7   8  -6  -6  -6  -7   1  -4  -6  -3  -6  -6  -2   5  -7  -6   2    5   0   0   0  28   0   0   0   0   7   1   0   1   0   0   3  40   0   0  14  1.61 0.77
  160 S    -4  -3  -2  -4   4  -6  -6  -6  -6  -8  -8  -6  -7  -8  -6   7  -2  -8  -7  -7    1   1   2   1   8   0   0   0   0   0   0   0   0   0   0  85   1   0   0   0  2.31 1.08
  161 A     7  -6  -6  -7   2  -6  -6  -4  -6  -5  -5  -6  -3  -7  -2   0  -2  -7  -7   0   77   0   0   0   4   0   0   1   0   0   1   0   1   0   2   7   2   0   0   6  1.74 0.85
  162 A    -1   1  -5  -4  -3  -3  -3  -6  -3  -2   2   6  -2  -3  -5  -2   0  -6  -4   0    5   5   0   1   1   1   1   0   0   2  18  49   1   1   0   3   7   0   0   7  0.91 0.55
  163 N    -2  -3   2   2  -2  -1   2  -5  -1  -3  -2   0  -1  -3  -5   1   4  -1  -1  -4    3   1  11  11   1   3  14   0   1   1   5   4   2   1   0   9  31   1   2   0  0.54 0.41
  164 G     0   2   3   0  -4   1  -4   4   0  -6  -3   0   0  -5  -2   1  -3  -6  -4  -5    6  12  16   4   0   6   0  30   2   0   3   4   2   0   2  11   1   0   0   0  0.58 0.39
  165 T    -2   0  -1   1  -2   2   2  -4   1   1  -1   0   0   1  -2  -1   1  -1   2  -1    1   4   2   7   1   9  17   0   3  10   6   7   2   6   1   5   9   1   7   3  0.19 0.20
  166 N    -4  -3   7  -2  -5  -3  -4   4  -1  -8  -6  -3  -5  -7  -6  -1  -2  -7  -3  -6    1   1  51   2   0   1   1  31   1   0   1   1   0   0   0   4   2   0   1   0  1.61 0.77
  167 I    -4  -6  -7  -5  -5  -6  -7  -7  -7   4   2  -6  -3  -1  -7  -6  -3  -6   0   6    1   0   0   1   0   0   0   0   0  22  21   0   0   2   0   0   1   0   3  49  1.34 0.63
  168 S    -2  -1   2   3  -2   2   3  -2  -1  -2  -3   2  -4  -3  -2  -1  -1  -5   1  -3    2   3   8  16   1   8  22   3   1   3   3  13   0   1   2   5   3   0   6   2  0.42 0.31
  169 H    -1  -1   0   2  -3   2   6  -4  -2  -4  -2   1  -3  -6  -2  -2  -2  -7  -5  -5    6   2   4  12   1   9  46   1   1   1   4   7   1   0   2   2   2   0   0   0  0.90 0.53
  170 A     3  -4  -5  -5  -1  -4  -5   2  -5   1   1  -4   0  -3   1  -1  -1  -5  -5   3   28   0   0   0   1   0   0  14   0   6  13   0   3   1   8   4   3   0   0  19  0.49 0.35
  171 I    -5  -4  -8  -8  -7  -5  -8  -8  -6  -1   1  -4   2   9  -6  -6  -5  -4  -1  -3    1   1   0   0   0   1   0   0   0   4  11   1   5  73   1   0   1   0   1   2  2.29 0.92
  172 E    -3   1   1   3  -5   2   2  -4   1  -1   0   0   0  -1  -4  -1   0  -4   2  -2    1   7   7  15   0   9  16   0   3   5   8   4   2   3   0   3   6   0   9   2  0.28 0.25
  173 M    -1   0  -2  -1   0   1   2  -3   1  -2  -1   0   0  -1  -5   0   1   8   1  -2    4   5   2   4   2   5  14   2   3   2   5   6   2   2   0   6  11  19   5   2  0.50 0.34
  174 L     2  -6  -6  -7   1  -6  -6  -6  -6   3   5  -6   2  -1  -6  -4  -3  -6  -5   2   16   0   0   0   2   0   0   0   0  13  48   0   4   2   0   1   1   0   0  12  0.96 0.51
  175 L     3  -4  -3  -5   3   1  -4  -4  -3   3   0  -3  -1  -1  -4   0   1  -3  -2   3   23   0   1   0   6   6   0   1   0  14   9   0   1   3   0   8   7   0   1  18  0.40 0.31
  176 D    -1   4   1   0  -3   1   1  -4   1  -4  -3   4  -3  -5  -4   0   0  -6  -4  -3    5  26   6   6   1   5   7   1   4   1   3  22   0   0   0   7   5   0   0   1  0.57 0.37
  177 L     0   0   0   1   0   1   2  -3   0   0   0   1   0  -2  -3  -1   0  -4  -1  -1   10   4   5   8   2   8  18   0   2   5  10  10   2   1   0   3   5   0   2   4  0.16 0.17
  178 I     1  -5  -6  -7  -1  -6  -5  -6  -6   6   2  -6   0  -2  -6  -4  -4  -6  -2   3   11   0   0   0   1   0   1   0   0  41  18   0   2   2   0   1   0   0   2  20  1.06 0.52
  179 M    -1   1  -1  -4  -1   0  -1  -4  -1   1   3   2   1   0  -3  -1  -1  -4   1   0    3   8   3   0   1   3   4   0   2   9  27  13   3   4   1   4   3   0   6   5  0.21 0.20
  180 K    -1   3   2  -1  -5   2   2  -4   1  -5  -2   4  -2  -5  -2   1  -2  -6  -4  -4    5  14  10   3   0   8  11   0   4   0   3  24   1   0   1  12   2   0   0   0  0.51 0.36
  181 R    -2   4   2  -3  -6   2  -1  -5   0  -2  -2   4   0  -4   1  -2  -3  -5  -1  -3    2  26   9   0   0  10   2   0   2   3   3  25   2   0   8   2   1   0   2   2  0.65 0.41
  182 M    -1  -1  -2  -3  -1   3   0  -4  -1   2   0   1   4  -2   0  -2  -1  -4   2   1    4   3   1   1   1  14   7   1   1  14   8   7  13   0   4   2   2   0   7  10  0.24 0.23
  183 E    -2   0   1   0  -5   3   3  -3   0  -5  -5   3  -2  -5   1   2  -1  -5  -4  -4    1   4   6   5   0  13  21   1   2   0   0  20   1   0   7  15   3   0   0   1  0.55 0.35
  184 R    -3   4  -1  -1  -6   3   2  -4  -3  -5  -4   5  -2  -6   2  -2  -3  -5  -4  -5    1  23   2   2   0  16  11   0   0   0   1  34   1   0   8   2   0   0   0   0  0.88 0.42
  185 S     1  -3   2  -3   1  -3  -3  -3  -3  -5  -5  -3  -4  -5  -3   6   1  -5  -4  -4   10   0  10   0   3   0   0   0   0   0   0   0   0   0   0  70   7   0   0   0  1.09 0.45

                      K         Lambda
Standard Ungapped    0.1376     0.3207
Standard Gapped      0.0546     0.2670
PSI Ungapped         0.1783     0.3175
PSI Gapped           0.0546     0.2670
