
Last position-specific scoring matrix computed, weighted observed percentages rounded down, information per position, and relative weight of gapless real matches to pseudocounts
            A   R   N   D   C   Q   E   G   H   I   L   K   M   F   P   S   T   W   Y   V   A   R   N   D   C   Q   E   G   H   I   L   K   M   F   P   S   T   W   Y   V
    1 R    -1   4  -1  -1  -4   4   1  -2   0  -3  -3   3  -1  -4  -2  -1  -1  -3  -2  -3    0  41   0   0   0  31   7   0   0   0   0  22   0   0   0   0   0   0   0   0  0.62 0.07
    2 T    -1  -2  -1  -2  -2  -1  -1  -3   6  -2  -3  -2  -2  -3  -2   1   5  -3  -1  -2    0   0   0   0   0   0   0   0  33   0   0   0   0   0   0   5  62   0   0   0  0.79 0.17
    3 V    -2   1  -4  -4  -2  -2  -3  -4  -3   2   3  -2   1   0  -4  -3  -2  -2   2   2    0   9   0   0   0   0   0   0   0   8  51   0   0   0   0   0   0   0   9  23  0.43 0.13
    4 V    -1   2  -2  -3  -2  -1  -2  -3  -2   2   1   1   0  -2  -3   0   2  -3  -2   2    0  16   0   0   0   0   0   0   0  23   9   8   0   0   0   8  19   0   0  16  0.20 0.10
    5 V     0  -4  -4  -4  -2  -3  -4  -4  -4   3   1  -3   0  -2  -4  -3  -1  -4  -2   5    5   0   0   0   0   0   0   0   0  12   8   0   0   0   0   0   0   0   0  75  0.80 0.23
    6 T     0  -3  -2  -3  -2  -2  -2   1  -3   0   0  -2  -1  -1  -3   1   4  -3  -2   3    4   0   0   0   0   0   0  10   0   0   5   0   0   3   0  10  38   0   0  30  0.34 0.16
    7 T     0  -3  -1  -2  -2  -2  -2  -3  -3  -2  -3  -2  -2  -4  -3   2   6  -4  -3  -2    8   0   0   0   0   0   0   0   0   0   0   0   0   0   0  10  82   0   0   0  1.08 0.31
    8 I     0  -3  -1  -3  -2  -3  -3   1  -3   3   2  -3   0  -1  -3   0  -1  -3  -2   2    6   0   2   0   0   0   0  16   0  36  19   0   0   0   0   8   0   0   0  13  0.28 0.12
    9 M    -2  -2   1   0  -2   0   1  -3   0   1   3  -2   1  -1  -3  -1   1  -3  -2   0    0   0   8   5   0   6  13   0   2   5  41   0   5   0   0   0  10   0   0   5  0.20 0.11
   10 E     0   1  -1   1  -4   2   5  -3  -1  -3  -3   0  -2  -3  -2   0  -1  -3   0  -1    6   8   0   5   0  11  51   0   0   0   0   2   0   0   0   8   0   0   5   5  0.55 0.17
   11 S     0   2   0   0  -3   1   3  -2   2  -3  -2   1  -2   2  -2   0  -1  -2  -1  -2   12  11   4   4   0   7  23   0   6   0   0  12   0  17   0   5   0   0   0   0  0.27 0.11
   12 P    -3  -4  -3   2  -5  -3  -2  -4  -4  -5  -5  -3  -4  -5   8  -2  -3  -6  -5  -4    0   0   0  12   0   0   0   0   0   0   0   0   0   0  88   0   0   0   0   0  2.33 0.38
   13 Y    -3   0  -3  -4  -3  -3  -3  -4  -1   0  -1  -3  -1   7  -4  -3  -3   0   5  -2    1   7   0   0   0   0   1   1   0   5   1   1   0  60   0   1   1   0  21   1  1.00 0.23
   14 V    -1  -3  -3  -1  -2  -3  -3  -4  -4   3   1  -3   0  -2  -3  -1   0  -4  -2   5    2   0   0   3   0   0   0   0   0  12  10   0   0   0   0   5   3   0   0  61  0.58 0.23
   15 M    -2  -2  -3  -3  -2   0  -3  -3  -2   1   2  -2   5   1  -3   0   0  -2   3   1    0   0   0   0   0   4   0   0   0  10  15   0  29   5   0  10   6   0  11   6  0.37 0.20
   16 Y    -1   1  -2  -3  -2  -2  -2  -3   0   1   1   0   1   1  -1  -2   0  -2   2   3    2   9   0   0   0   0   1   1   3   4  11   5   4   4   2   1   7   0  12  33  0.20 0.13
   17 K    -1   3   2   0  -3   0   1  -2  -1  -3  -3   4  -2  -1  -2   1   1  -3  -2  -2    2  19  11   5   0   0   6   1   0   0   1  31   0   4   0   9   8   0   0   2  0.37 0.17
   18 K     0   2  -1   0  -3   1   2  -2  -2  -1  -2   1  -2  -3   2   0   0  -3  -2   1    6  17   2   3   0   5  17   2   0   3   1  11   0   0   9   7   5   0   0  13  0.21 0.11
   19 N    -1   1   3   1  -3  -1  -1  -2  -1  -3  -2  -1  -1   1   2   2   2  -3   1  -2    0   8  22   7   0   0   2   0   0   0   2   0   2   6  11  17  15   0   6   0  0.31 0.17
   20 H     0   0   1   1  -2  -1   0   0   2   0  -1  -1  -1  -1   0   0   1  -2   0   0   11   6   8   8   0   0   6   9   8   8   4   1   0   3   3   4  11   0   3   8  0.05 0.05
   21 E    -1  -1   0   2   0   0   3  -2  -1  -2  -3   0  -2  -3   1   1   2  -3  -2  -1    3   1   4  14   2   2  21   1   1   1   1   4   0   0   7  12  22   0   0   3  0.31 0.15
   22 M     0  -1  -2   0  -3   0   0  -2  -2  -1  -1  -1   0   0   4   1   1  -2   2  -1    8   3   0   4   0   3   7   0   0   3   4   2   2   6  23  10  12   0   8   4  0.29 0.14
   23 F    -2  -3  -3  -1   0  -2  -2  -2  -2   1   1  -1   0   3   1  -2  -1  -1   4   0    0   0   0   5   3   0   2   2   0  10  18   3   2  17   7   0   3   0  20   6  0.28 0.16
   24 E    -2   1   1   3  -3   2   1   0   0  -2  -3   1  -2  -2  -2   0   1  -3   1  -1    0   6   7  19   0  10   9   6   2   2   0   9   0   0   1   6  11   0   7   4  0.22 0.13
   25 G     1  -1   2   0  -1   0   1   3   0  -3  -3   0  -3  -4  -2   1   0  -3  -3  -3   12   2  10   5   1   4  12  29   2   1   0   7   0   0   0   8   5   0   0   0  0.33 0.16
   26 N    -1   1   3   2  -3   1   0   0  -1  -3  -3   1  -3  -3   1   2   0  -4  -2  -2    1   7  20  11   0   6   4   5   0   1   0  12   0   1   6  16   5   0   1   2  0.31 0.17
   27 D    -1  -2   2   4  -4   0   1   3   0  -4  -3   0  -3  -3  -2  -1   0  -4  -3  -3    2   0  13  24   0   4   7  28   3   0   2   4   0   1   1   3   6   0   0   1  0.48 0.23
   28 K    -1   2   1  -1  -2   1   2   2  -2  -1  -2   3  -1  -3  -1   0   0  -4  -3  -2    2  12   6   2   1   5  13  17   0   5   2  21   2   0   2   5   4   0   0   2  0.24 0.15
   29 Y    -1  -3  -4  -4  -2  -3  -1  -3  -1   1   1  -3   1   3   2  -3  -1   2   3   2    4   0   0   0   1   0   4   1   1   9  15   0   3  15  11   0   1   2  11  22  0.34 0.19
   30 E     0   0  -2  -1  -3   1   2  -2  -2  -1  -3   2  -2  -4  -3   0   3  -4  -3   0    5   4   0   2   0   8  17   3   0   3   0  14   0   0   0   6  29   0   0   9  0.35 0.24
   31 G    -2  -5  -3  -4  -5  -5  -5   7  -5  -7  -7  -4  -6  -6  -5  -3  -5  -6  -6  -6    1   0   0   0   0   0   0  99   0   0   0   0   0   0   0   0   0   0   0   0  2.34 0.67
   32 Y    -4  -5  -5  -6  -5  -5  -5  -6  -3  -1   0  -5   0   7  -6  -3  -4  -1   6  -3    0   0   0   0   0   0   0   0   0   2   9   0   1  59   0   2   0   0  26   0  1.69 0.54
   33 C    -1  -4  -3   4   8  -3   3  -4  -4  -5  -5  -3  -4  -5  -4   0  -3  -5  -5  -4    4   0   0  30  36   0  23   0   0   0   0   0   0   0   0   8   0   0   0   0  1.33 0.49
   34 V    -1  -4  -4  -5  -3  -1  -4  -5  -1   5  -1  -3  -1  -1  -4  -4  -1  -3   4   3    4   0   0   0   0   3   0   0   2  44   2   1   0   1   0   0   2   0  17  25  0.82 0.37
   35 D    -2  -4  -2   7  -6  -2   4  -4  -4  -6  -6  -3  -5  -6  -4  -3  -4  -7  -6  -4    2   0   0  72   0   0  25   0   0   0   0   0   0   0   0   0   0   0   0   1  1.77 0.59
   36 L    -3  -4  -5  -5  -3  -4  -5  -5  -4   2   4  -4   2   1  -5  -4  -3  -3   0   3    0   0   0   0   0   0   0   0   0  10  48   0   5   7   0   0   0   0   4  27  0.80 0.33
   37 A     3  -3  -4  -4   0  -3  -3  -2  -3   1   2  -3   2   3  -3  -1  -1   1  -1   0   33   0   0   0   2   0   0   2   0   6  21   0   5  18   0   3   1   2   0   7  0.40 0.25
   38 S    -2   2   2   0  -5   2   3  -3  -2  -2  -4   4  -3  -4  -3  -1  -1  -4  -3  -3    2  13  11   4   0   9  19   0   0   3   0  32   0   0   0   3   2   0   1   1  0.57 0.28
   39 E     3   2  -1  -1  -3   1   3  -1  -2  -3  -1   1  -1  -3  -3   0  -1  -4  -1  -2   35  13   2   1   0   4  20   3   0   0   5   7   1   0   0   3   2   0   2   1  0.36 0.24
   40 I     0  -4  -4  -4   0  -3  -4  -4  -3   3   3  -4   2   3  -4  -3  -2  -2   1   2   10   0   0   0   2   0   0   0   0  18  29   0   4  17   0   0   0   0   3  15  0.49 0.23
   41 A     4  -3  -3  -2   3  -1  -3  -2  -3   1  -1  -3  -2  -3  -1   1  -1  -4  -3   1   51   0   0   2   8   2   0   1   0   8   5   0   0   0   2   9   2   0   0   9  0.51 0.30
   42 K    -1   1   2   1  -4   2   3  -2   0  -4  -3   4  -3  -4  -3   0  -1  -4  -1  -4    3   4  11   8   0   7  19   1   2   0   3  33   0   0   0   6   1   0   2   0  0.49 0.25
   43 H     1   2  -1   1  -3   0   1  -2   2   0  -1   2  -1  -2  -2   1   0   0   0  -1   12  13   1   7   0   3   8   0   7   9   7  15   1   1   0  11   3   2   2   1  0.14 0.13
   44 I    -1  -4  -2  -5  -2  -2  -4  -4  -4   2   4  -4   3  -2  -4  -3  -1  -4  -3   2    4   0   2   0   1   1   0   1   0  14  49   0  10   0   0   1   3   0   0  13  0.63 0.29
   45 G    -1  -1   1   0  -4   0  -1   4   1  -4  -4   1  -3  -4   3  -1  -2  -4  -3  -4    4   2   7   6   0   5   2  41   3   0   1   8   0   0  15   3   0   0   0   0  0.60 0.24
   46 I    -1  -3  -3  -2  -3  -3  -3  -4  -2   1   0  -1   0   4  -2  -3  -2  -1   4   2    4   0   0   3   0   0   1   1   0   7   8   6   1  24   2   1   1   0  18  21  0.45 0.22
   47 K    -1  -1   2   3  -3   0   2  -2  -2  -3  -3   3  -3  -4   0   0   1  -4  -3  -3    3   1   8  17   0   3  13   1   0   0   2  27   0   0   5   7  11   0   0   1  0.39 0.20
   48 Y    -1  -3  -3  -4   3  -3  -3  -4   0   0   2  -2  -1   2  -2  -3  -2  -1   6   1    3   0   0   0   8   0   1   1   2   3  25   3   0   8   2   1   0   0  32  10  0.58 0.27
   49 K    -2   0   1   2  -3   1   3  -1  -2  -1  -3   1  -3  -4   0   1   1  -4  -3  -2    1   5   5  12   0   3  30   3   0   4   1  11   0   0   3  10  10   0   0   1  0.36 0.19
   50 I    -2  -3  -4  -4  -3  -3  -3  -4  -1   3   2  -3   2   3  -2  -3  -2   3   1   2    1   0   0   0   0   0   2   1   2  24  20   0   4  15   2   1   0   5   4  17  0.44 0.20
   51 A    -1   1  -1  -1  -3   1   2  -3   0   0  -1   2  -1   0  -2  -1  -1  -2   2   1    2  10   2   3   0   6  14   1   2   6   3  17   0   3   0   1   3   0   9  15  0.16 0.13
   52 I    -1  -2  -2  -1  -2  -1   0  -1   0   1   1  -2   0   2   2  -1   0   2   1   0    1   1   1   3   0   1   7   4   4   8  18   1   2  14  11   3   8   3   3   6  0.13 0.09
   53 V     1  -2  -2  -2  -2  -1  -2   0  -2   2   0  -1   2   0   0  -1   0  -2  -2   3   12   2   1   1   0   2   1   7   0  10   4   4   6   5   4   4   5   0   1  32  0.16 0.13
   54 P    -1  -2   0   3  -2   0   1   1  -2  -2  -2   0  -2  -2   4  -1   0  -3  -2  -2    5   1   3  17   0   3  10  11   1   1   2   4   1   2  25   2   8   0   1   3  0.40 0.14
   55 D    -1  -1   2   4  -2  -1   0  -1   0  -1  -2  -1  -1   0   0  -1   0  -2   0  -1    3   2  10  33   1   2   4   4   2   5   4   2   1   5   4   3   7   1   3   4  0.27 0.11
   56 G    -1  -1   0  -1  -2  -1   0   3   0  -1   0   0  -1  -2  -1  -1   0  -2  -1   0    3   2   6   2   1   2   7  33   3   3  13   4   1   2   2   3   5   1   1   7  0.19 0.08
   57 K    -1   0   2   0  -2   1   1  -1  -1  -2  -1   3  -1  -2  -1   0  -1   2  -1  -1    3   3  10   4   1   6   6   5   1   2   5  32   1   2   2   6   2   3   1   3  0.22 0.09
   58 Y     0   0  -1  -1  -2  -1   0  -1   1   1  -1  -1  -1   2   0  -1  -1   0   4   0    6   4   2   4   1   2   8   3   4   9   4   3   1   7   4   3   3   1  24   8  0.17 0.08
   59 G     0   0   0   0  -1   0   0   3  -1  -1  -1   1  -1  -1  -1   0  -1   0  -1  -1    5   4   3   4   1   3   7  30   1   3   6   9   1   2   3   7   3   2   3   3  0.17 0.05
   60 A     1   0   0   0  -1   0   0   0   0  -1   0   0   0   0   0   1   0  -1   0  -1   16   4   3   6   1   4   3   7   3   3  11   6   1   4   4  11   4   1   4   4  0.03 0.02
   61 R     0   1   0   0  -1   1   0  -1  -1   0  -1   1   0   0   1   0   0   1   0   0    6   8   5   6   1   7   7   5   1   6   5  10   2   4   8   5   5   2   2   6  0.06 0.01
   62 D     0  -1   1   1  -1   1   1   0  -1   0   0   0  -1  -1   1   0   0   1  -1  -1    6   3  10  11   1   6   9   5   1   6   9   4   1   2   9   7   3   2   2   4  0.08 0.03
   63 A     0   0   0   0  -1   0   0   0   0   0   0   0   0  -1   1   0   0  -1  -1   0   11   4   6   5   1   4   5   6   3   6  10   5   1   2   6   9   5   1   2   8  0.03 0.01
   64 D    -1   0   2   1  -1   0   0   0  -1  -1  -1   1  -1  -1   1   0   1  -1  -1  -1    4   5  16  11   1   4   6   6   1   2   4   8   1   2   6   6  10   1   2   3  0.13 0.04
   65 T     1   0   2   0  -2   0   1   1  -1  -2  -1   0  -1  -2  -1   1   1  -2  -1  -1   11   6  12   5   1   1   8  12   1   2   5   7   1   1   2  10   9   0   2   4  0.10 0.05
   66 K     0  -1   1   0  -2   1   0   1   0  -2  -2   1  -1   0   2   0   0  -2   0  -2    5   2   6   3   1   9   6  13   2   2   3  12   1   5  11   8   8   0   3   2  0.15 0.07
   67 I     0   0   2   0  -1   0   1  -1   0  -1  -1   0  -1  -2   0   1   2  -2  -1   0    7   4  14   4   1   5   9   4   2   4   3   2   1   1   3  10  15   0   3   6  0.11 0.06
   68 W    -3   1  -3  -3  -3  -2  -3  -3  -2  -2   0  -2  -2   4  -3  -3  -2   9   4  -2    2   9   1   1   0   1   1   2   1   1   7   1   1  20   1   2   1  30  15   2  1.08 0.30
   69 N    -2  -2   4   4  -3  -1  -1   0  -1  -2  -3  -1  -2  -3  -1   1   1  -3  -3  -2    2   1  25  30   0   1   1   6   1   3   2   1   1   1   2  11   9   0   1   1  0.50 0.20
   70 G     1  -2   1   1  -2  -1   0   4   0  -3  -3  -1  -2  -3   0   1  -1  -3  -2  -2   11   1   8  10   0   1   7  35   2   1   2   2   1   1   4  10   1   0   1   1  0.36 0.14
   71 M    -3  -3  -4  -4  -3  -3  -4  -4  -4   2   4  -3   6  -1  -2  -3  -2  -3  -2   1    1   1   0   1   0   0   1   1   0   8  49   1  26   1   2   1   2   0   0   6  0.81 0.32
   72 V    -2  -2  -4  -4  -3  -3  -4  -4  -4   4   1  -3   1   3  -4  -3  -2  -3  -1   4    2   2   0   0   0   0   0   0   0  30  10   0   4  15   0   0   0   0   1  32  0.62 0.27
   73 G     0  -1   0   0  -3  -1  -1   3  -1  -3  -2  -1  -2  -2   3   0   0  -2   2  -2    8   3   3   4   0   2   3  23   1   0   5   4   0   0  19   3   8   0  11   2  0.31 0.16
   74 E     1  -1   1   1  -3   1   2  -1  -1  -2  -1   1   0  -3  -2   1   0  -3  -2  -2   17   0   5   6   0   6  20   4   1   0   7   8   3   0   0  14   5   0   1   1  0.20 0.14
   75 L    -3  -4  -5  -5  -3  -4  -4  -5  -4   2   5  -4   0  -1  -4  -4  -2  -4  -3   2    0   0   0   0   0   0   0   0   0   8  68   0   0   2   0   0   1   0   0  18  0.97 0.36
   76 V    -1   1   0   0  -3   2   1  -1   0   0   0   1  -1  -1  -2  -1   0  -2   0   0    4   8   5   5   0  15   7   5   1   5   7  13   1   2   0   0   6   0   4   8  0.10 0.09
   77 Y     1   1   2   1  -3   1  -1  -1  -1  -2  -2   0  -1  -1  -1   1   1  -3   0  -2   13   9  15  10   0   5   0   2   0   1   4   6   1   3   2  15   8   0   4   0  0.18 0.13
   78 G    -2  -1   0   0  -4   0  -1   5   3  -5  -5   3  -4  -4  -3  -2  -3  -4  -3  -4    0   2   4   5   0   4   2  47   9   0   0  23   0   0   0   0   0   0   0   0  0.82 0.32
   79 K    -2   4   0   1  -4   1   2  -1  -1  -3  -3   3  -3  -4  -3  -1   1  -4  -3  -2    2  27   2   7   0   5  16   3   1   1   0  22   0   0   0   1   8   0   0   2  0.50 0.24
   80 A     3  -3  -4  -4  -3  -3  -3  -2  -3   3   0  -3  -1   3  -2  -2  -2   0   3   2   30   0   0   0   0   0   0   3   0  18   4   0   0  17   2   0   0   1  10  13  0.43 0.24
   81 E    -4  -4  -1   8  -6  -3  -1  -4   3  -5  -5  -3  -5  -5  -4  -3  -4  -6  -2  -2    0   0   1  84   0   0   2   0   6   0   0   0   0   0   0   0   0   0   1   3  1.89 0.57
   82 I     2  -3  -4  -4  -2  -3  -3  -2  -4   2   2  -3   4   1  -3  -2  -1  -3  -2   2   25   0   0   0   0   0   0   3   0  15  17   0  16   5   0   0   3   0   0  14  0.43 0.24
   83 A     4  -4  -4  -4  -3  -3  -2   0  -4   3  -1  -3  -2  -3  -3  -2  -1  -4  -3   3   38   0   0   0   0   0   3   6   0  24   3   0   0   0   0   0   4   0   0  22  0.53 0.28
   84 I     3  -3  -3  -4   1  -3  -3  -3  -4   2   0  -3   3  -3  -3   0  -2  -4  -3   3   34   0   0   0   3   0   0   0   0  13   6   0   9   0   0   7   0   0   0  26  0.49 0.26
   85 A     4  -1   1  -3  -3  -2  -3   3   1  -4  -4  -2  -3  -4  -3   2   0  -4  -3  -3   45   3   7   0   0   0   0  23   4   0   0   0   0   0   0  13   5   0   0   0  0.65 0.31
   86 P     1  -3   1   2  -3   1  -1   3  -3  -4  -4  -2  -3  -4   1   2   1  -4  -4  -3   12   0   6  16   0   7   0  26   0   0   0   0   0   0   8  15   8   0   0   0  0.46 0.23
   87 L    -3  -4  -4  -5  -3  -3  -4  -5  -4   3   3  -4   5   1  -4  -3   2  -3  -1   1    0   0   0   0   0   0   0   0   0  15  36   0  22   4   0   0  12   0   2   8  0.72 0.32
   88 T     0  -3  -1   0  -3  -3  -2  -1  -4  -1  -3  -3  -3  -2  -3   3   5  -5  -4   0    8   0   1   4   0   0   2   3   0   3   0   0   0   2   0  24  48   0   0   6  0.72 0.36
   89 I    -2  -3  -1  -4  -3  -2  -3  -5  -2   6   0   0   0  -2  -2  -2  -2   2  -1   2    3   1   3   0   0   1   1   0   1  57   4   6   1   0   2   3   0   3   2  12  0.71 0.33
   90 T    -2  -2   3  -1  -3  -2  -3  -4  -3  -1  -1  -3  -1  -4  -4   1   5  -5  -4  -1    0   2  19   3   0   1   0   0   0   2   5   0   1   0   0  10  52   0   0   4  0.82 0.39
   91 L     1  -1  -2   1  -3  -1   1  -3  -2  -2  -1   0  -3  -4   5   0   0  -4  -2  -2   12   2   1  10   0   1  12   0   1   3   5   6   0   0  30   8   7   0   1   2  0.50 0.22
   92 V     1  -2   3   1  -4   1   4  -2  -2  -4  -4   1  -3  -4  -2   0  -1  -4  -2  -1   12   0  16   5   0   4  38   2   0   0   0   8   0   0   1   6   2   0   1   4  0.52 0.27
   93 R    -4   8  -3  -4  -6  -2  -3  -5  -3  -6  -5  -1  -4  -6  -5  -4  -4  -5  -5  -5    0  97   0   0   0   0   0   0   0   0   0   0   0   0   0   0   0   0   0   0  2.42 0.69
   94 E    -1   0  -2   0   0   3   3  -2  -2  -2  -1   2  -2  -4  -3   2   0  -4  -3  -3    4   3   0   3   2  13  26   1   0   2   7  12   0   0   0  23   5   0   0   0  0.41 0.25
   95 E    -1   2  -1  -1  -4   3   2  -3   0  -3  -2   4  -1  -4  -1   0   0  -4  -3  -3    2   9   1   1   0  16  17   0   2   1   4  32   1   0   3   7   4   0   0   1  0.50 0.26
   96 V     0   0  -1  -2  -3   2   1  -1  -1   0  -1   1  -1   0  -3   0  -1  -2   3   2    6   5   2   1   0  12   9   3   0   5   4  11   1   2   0   6   1   0  13  18  0.15 0.15
   97 I     0  -4  -5  -5  -3  -4  -4  -5  -4   4   0  -4   0   3  -4  -3  -2  -3   2   4   10   0   0   0   0   0   0   0   0  24   7   0   1  12   0   0   0   0   9  37  0.67 0.30
   98 D     0   2   1   5  -4  -2  -1  -1   0  -2   0  -2  -3  -3  -3   0  -2  -1  -1  -3   10  13   6  40   0   0   2   4   2   2  11   0   0   0   0   6   0   1   2   0  0.48 0.26
   99 F    -2  -6  -6  -6  -5  -6  -6  -6  -4  -3  -1  -6  -3   8  -3  -5  -3  -2   3  -4    3   0   0   0   0   0   0   0   0   0   4   0   0  84   1   0   1   0   7   0  2.16 0.62
  100 S     0  -3   0  -3  -3  -3  -3   1  -1  -4  -3  -3   0  -4  -3   5   4  -5  -4  -3    5   0   5   0   0   0   0   9   2   0   2   0   2   0   0  46  30   0   0   0  0.79 0.39
  101 K    -2   2  -2   2  -3   1   0  -2  -1   0   0   2  -2  -2   3  -1   1  -4  -3  -1    0  11   0  12   0   6   6   2   1   5  10  15   0   1  13   3  10   0   0   5  0.21 0.14
  102 P     0  -2  -4  -4  -5  -4  -4  -2  -5  -5  -5  -1  -5  -6   8  -2  -1  -6  -2  -1    6   2   0   0   0   0   0   2   0   0   0   4   0   0  73   3   3   0   2   6  1.86 0.55
  103 F    -5  -5  -2  -6  -5  -5  -5  -6   0   0  -2  -5  -3   5  -6  -5  -4  -1   8  -2    0   0   2   0   0   0   0   0   2   6   2   0   0  22   0   0   0   0  64   3  1.84 0.57
  104 M    -1  -3  -1  -2  -3  -2  -3  -2  -2   0   1  -1   4   3  -3  -1   1  -2   4   0    4   0   3   1   0   1   0   3   0   5  11   4  14  13   0   4  12   0  18   7  0.29 0.20
  105 S     0   0  -1   1  -3   1   2  -2  -1  -1  -2   0  -2  -2   0   1   1  -2   3  -1    6   5   0   9   0   5  19   2   0   3   3   3   1   0   3  16   9   0  13   4  0.20 0.16
  106 L     1  -2   0   0  -2   0   0  -2  -1   0   0  -1   1  -2  -3   2   2  -3   1   2    9   0   3   4   0   3   4   1   1   4   8   1   5   0   0  19  14   0   6  17  0.14 0.14
  107 G    -1  -1   1  -1  -4   0  -1   5   0  -3  -4  -1  -2  -4  -1   2   1  -4  -2  -2    1   2   5   2   0   5   2  45   2   1   0   2   1   0   3  16   8   0   1   2  0.58 0.26
  108 I     0  -2  -1  -3  -3   3   0  -2  -1   3   1  -1   1  -2   2  -1   0  -4  -3   1    6   0   2   0   0  19   4   2   1  21  12   2   4   1  10   2   4   0   0  10  0.23 0.18
  109 S     0   0  -2  -1  -3   2  -1   2  -2  -1  -1   0   1  -2  -3   1   1  -3   0   1    4   5   0   1   0  16   2  20   0   2   3   5   4   1   0  14   9   0   3  12  0.19 0.16
  110 I    -1  -4  -4  -5  -3  -4  -4  -5  -1   4   2  -4   2   2  -4  -3  -1  -4  -2   3    4   0   0   0   0   0   0   0   2  27  20   0   7   9   0   0   3   0   0  29  0.63 0.27
  111 M    -1  -4  -5  -5  -3  -4  -4  -5  -4   3   3  -3   4  -1  -4  -3  -1  -4  -3   4    3   0   0   0   0   0   0   0   0  14  32   1  16   1   0   0   3   0   0  30  0.72 0.30
  112 I     0  -3  -4  -4   2  -2  -2  -3  -1   1   0  -3   0  -1  -4  -2   1  -2   4   4    5   0   0   0   4   1   2   1   1   5   6   0   1   1   0   1  11   0  18  40  0.49 0.27
  113 K     0   1   1  -2  -3   1   0  -3   2   0   0   1   2  -2   1   0   0  -3  -2   0    7   7   7   0   0   7   7   0   7   7   7   7   7   0   7   7   7   0   0   7  0.11 0.13
  114 K    -1   2   1  -2  -4   1   0  -1  -2  -1  -1   4   3  -3  -3   0  -1  -4  -1  -1    4  12   6   0   0   6   3   4   0   2   5  31  13   0   0   5   3   0   2   4  0.33 0.28
  115 G    -2   0   1   3  -4   0   2   3  -2  -4  -3   1  -3  -4   0   1   0  -4  -4  -2    0   6   5  19   0   3  12  24   0   0   3  10   0   0   3   9   4   0   0   3  0.36 0.24
  116 T     0   0   2   2  -3   1   0   0   1  -1  -1   0  -2  -3   0   1   1  -4  -3  -1    5   4  10  14   0   5   5   5   4   4   8   7   0   0   5  13   9   0   0   4  0.14 0.14
  117 P     0   0   1   1  -3  -1   0   0  -2  -2  -1   0  -2  -3   3   1   1   2   0  -1    7   6   7   8   0   0   4   7   0   0   5   5   0   0  17  14   8   4   5   5  0.22 0.18
  118 I     0   1   0  -2  -2  -1  -1  -3   0   2   0   0   1   0   0  -1   0  -3   0   1    8   9   4   0   0   0   3   0   3  21   8   7   5   4   5   4   6   0   3   9  0.09 0.13
  119 E    -1   1   0   0  -3   1   1  -3   1  -3  -2   2  -2  -3   3   1  -1   2  -2  -1    3   8   4   5   0   8  11   0   5   0   3  15   0   0  16   9   3   4   0   6  0.31 0.23
  120 S    -1   1   0   0  -3   0  -1   0  -2  -3  -2   0  -2   0  -1   3   3  -4  -3  -1    3   7   3   4   0   4   3   5   0   0   3   4   0   4   2  26  26   0   0   4  0.29 0.28
  121 A     1  -1  -1   0  -2   0  -1  -1  -2   0   0  -1   1   1   3   0  -1  -3  -1   0   14   3   3   7   0   5   2   3   0   6   8   2   4   7  18   6   3   0   2   8  0.17 0.15
  122 E     0   0  -1   2  -3   1   3  -2  -2  -1   0   0  -2  -1   0   0   0   1  -2  -2   10   3   2  12   0   7  25   2   0   3   9   6   0   2   3   5   4   2   0   2  0.21 0.18
  123 D    -3  -3   0   6  -5   0   0  -1  -3  -4   1  -1  -3  -4  -4   0  -1  -5  -4  -4    0   0   3  56   0   4   4   4   0   0  14   3   0   0   0   6   3   0   0   0  0.97 0.50
  124 L    -1   0  -1  -4  -3  -1  -4  -4  -4   0   5  -1  -1   1  -2  -2  -3  -4  -3   0    4   5   3   0   0   3   0   0   0   4  62   3   0   6   2   2   0   0   0   4  0.67 0.40
  125 A     2   0   1   0  -3  -1  -1   2  -1  -2   0   1  -2  -2  -2   0  -1  -3   0  -1   19   4   6   4   0   2   3  20   1   0  13  13   0   0   0   6   3   0   3   2  0.16 0.16
  126 K    -1   1   0   1  -4   1   0   1  -2  -4  -3   4  -1  -4   0   0   1  -4  -3  -3    3   5   4   8   0   5   4  12   0   0   1  34   1   0   4   7  10   0   0   1  0.40 0.27
  127 Q    -1   1   0  -1  -3   4  -1   0   0  -1  -1   2   1  -3   0   0  -1  -3  -3  -1    4   8   4   3   0  29   1   6   2   4   5  14   4   0   4   8   2   0   0   3  0.32 0.26
  128 T     0   0   0   0  -2  -1  -1  -1  -2   1   0   0   0  -1   0   0   2  -3  -1   1    6   6   4   5   0   0   4   3   0  12   8   8   1   2   4   4  15   0   2  15  0.06 0.10
  129 E     0  -1   0   2   0   0   0   2   0  -1  -2   1   0  -3  -1   0   1   1  -2   0    9   0   4  13   2   2   6  16   2   4   1  12   3   0   2   5   8   2   0   7  0.12 0.12
  130 I     0  -3  -3  -1  -2  -1  -1  -2  -3   3   1  -2   1   0  -3  -1  -1  -3  -2   3    9   1   0   3   0   2   4   3   0  21  15   1   3   3   1   5   1   0   0  27  0.26 0.19
  131 A     0  -1   1   0  -2   2   1   0  -2   0  -1   0  -1  -3   1   0   0  -3  -2   0    9   2   7   5   0  12  13   8   0   7   6   6   0   0   6   2   7   0   0   8  0.11 0.11
  132 Y     0  -2   1  -2  -1  -1  -2  -1  -1   1   0   0   0   2  -2   1   0   1   3   0    5   1   7   1   2   3   1   3   0   8  11   9   3   9   1  12   3   2  15   8  0.11 0.13
  133 G     1  -3   0  -1   0  -1  -3   5  -3  -1  -1  -1  -2  -1  -3  -2  -1   1  -3   0   11   1   6   3   2   3   1  46   0   3   6   3   0   2   1   1   3   3   0   7  0.50 0.27
  134 T     1  -3  -2  -3  -3  -2  -3  -3   1   0  -3  -3  -2  -3  -1   2   5  -4   0   1   13   0   0   0   0   0   0   1   3   4   1   0   0   0   3  14  43   0   3  12  0.58 0.38
  135 L    -1  -2   0  -3  -2   0  -2   0  -1   1   1  -2  -1  -1  -3   0   2  -3   0   3    4   0   5   0   0   5   0   6   2   6  18   0   0   2   0   7  13   0   3  26  0.18 0.19
  136 D     0   0   1   1  -2   1   0  -1   3  -1  -1   0  -1  -1   0   0   0   0  -1  -1    7   4   7   8   0  10   4   4   9   3   8   6   1   2   5   8   6   1   0   5  0.08 0.09
  137 S     0  -2   1   2  -3   0   2   3  -2  -3  -3  -1  -3  -3  -2   1   0   0  -2  -2    9   0   7  14   0   4  17  22   0   0   2   2   0   0   0  10   5   2   2   3  0.32 0.21
  138 G     0   0  -1   1  -3   1  -1   4  -3  -1  -3  -1  -3  -4  -3   2   0  -4  -3  -3    6   4   2   7   0   6   4  34   0   6   2   3   0   0   0  22   4   0   0   0  0.40 0.26
  139 S     0  -1   1   0  -3  -1  -2  -1  -2  -2  -1  -2  -2   0  -3   4   3  -3   1  -3    4   3   6   4   0   3   0   3   0   2   6   0   0   4   0  35  20   0   6   0  0.39 0.33
  140 T     0  -2   0  -2  -2  -1  -2   0   1   0   0  -1  -1  -1   1   0   3  -3   1   1    8   0   4   1   0   1   1   6   5   5  11   3   0   2   6   6  27   0   6   9  0.17 0.19
  141 K     1   0   0  -1  -3   1   1  -1   2  -1  -1   1   1   1  -2   0  -1   1   1   0   13   4   4   3   0   6  14   3   5   3   3   9   5   7   0   5   0   3   4   9  0.08 0.11
  142 E     1   0  -1   1  -3   2   3  -1  -2  -1  -1   0   1  -3  -2   0   0   0  -2  -2   11   4   1   7   0   9  28   3   0   4   5   5   5   0   0   6   7   2   1   1  0.26 0.22
  143 F    -1   0   1  -1   0   0  -1  -1   2  -2   0   1  -1   2  -2  -1  -1  -2   3   0    3   5  10   2   2   5   3   4   7   1  10  12   0  13   1   1   4   0  11   7  0.14 0.15
  144 F     0  -1  -3  -2  -3   0  -2  -2   1   1   1  -1  -1   4  -3  -2  -1   3   1   0    7   3   0   2   0   5   1   3   5  11  12   3   0  25   0   1   4   5   5   7  0.27 0.20
  145 R    -1   4   1  -1  -3   2   1  -1  -2  -1   0   3  -2  -3   0  -1  -1  -3  -3  -2    3  23   6   3   0   8   7   4   0   3  13  18   0   0   5   2   3   0   0   1  0.29 0.22
  146 R     0   1   2   1  -3   1   2  -1  -1  -2  -1   1   0  -3  -1   0   0  -3  -1  -1    8  10  10   9   0   5  13   2   0   2   4  11   3   0   3   7   6   0   2   6  0.15 0.12
  147 S     1  -1   0  -1  -3   1   0  -1  -2  -2  -1   1  -2  -2  -2   2   1  -3   1   0   14   0   5   3   0   7   4   3   0   1   7  11   0   0   0  24   6   0   6   6  0.18 0.20
  148 K    -1   1   0  -1  -3   1   0   1   0  -2   0   3  -1   0  -1   0  -1  -3   0  -1    4   7   3   2   0   5   5  11   2   2  11  23   0   4   3   8   2   0   4   4  0.12 0.14
  149 I    -1  -2   1   0  -2   0  -1   0  -1   1   1   0   0   1   0  -1  -1  -2   0   1    4   1   8   6   0   5   2  10   2  14  13   6   1   6   6   1   2   0   3  11  0.05 0.09
  150 A     0   0   0   1  -3   1   1  -1  -2  -1  -1   1  -2  -1   2   1   0  -3  -2  -1    8   5   2   7   0   9   9   3   0   5   6  12   0   2  11  14   4   0   1   2  0.16 0.13
  151 V    -1  -1   0   0  -2   1   2   0   0   0   0   0   1  -2   0   0   1  -3  -2   0    3   1   4   5   0   6  15   6   2   8   9   5   5   0   4   7  14   0   0   6  0.09 0.12
  152 Y    -3  -3  -3  -3  -3  -1  -1  -2   3   0   0  -1  -2   3   0  -1  -1   2   6  -1    1   1   1   1   0   2   4   3   7   6   9   4   0  14   5   5   3   2  31   4  0.52 0.32
  153 E     0   0   1   1  -3   2   2  -2   0  -2  -1  -1  -1  -1   2   1   0  -3  -2  -2    6   3   8   6   0  14  18   1   3   2   7   2   1   2   9   9   7   0   0   1  0.22 0.18
  154 K    -2   1  -1   1  -3   1   2  -1  -1   0   0   2   1  -2  -1  -1   0  -2   2  -1    1   8   2   8   0   5  15   4   0   5  12  15   4   1   2   2   4   0   8   3  0.14 0.15
  155 M     0  -1  -1  -2   0   0   0  -2  -2   0   1   0   5   0  -2  -1   0  -2   0   0   10   3   2   1   2   3   7   2   1   5  16   6  23   3   1   4   4   0   3   4  0.21 0.18
  156 W    -1  -1  -1  -2  -2   0  -2  -1   2  -2  -2  -2   0   1  -1   0   0   8   3  -1    6   2   4   2   1   6   2   4   5   2   3   2   2   6   3   9   5  22   9   6  0.50 0.23
  157 T     1   1   1   0  -2   0   1   0  -1  -2  -1   0   0  -1   0   0   2  -2  -2  -1   12  11   8   5   1   4  12   5   1   1   5   6   3   2   3   3  15   0   1   2  0.12 0.10
  158 Y     0  -1  -2  -2  -2  -1   0  -1   1  -1   0  -1   1   3  -2  -1   0   4   4   0    9   4   1   2   1   1   7   5   4   2   6   3   4  14   2   2   5   5  17   6  0.20 0.14
  159 M    -1  -1   0   0  -2  -1  -1  -1  -1   0   1  -1   4   0   0   1   0  -2   1   0    2   3   4   5   1   3   2   3   1   5  15   3  19   3   3  11   4   0   6   6  0.12 0.13
  160 R    -1   2   1   1  -2   0   0   0   1  -1  -2   1  -1  -2   1   0   0   1  -1  -1    2  13   5   8   0   4   6   7   3   3   2  12   1   1   8   9   6   2   1   7  0.12 0.09
  161 S     0   0   2  -1  -2   1   0  -1   1  -1  -1   0  -2  -2   0   2   0  -2   2  -2    9   5  12   2   0   7   3   4   3   4   5   6   0   1   3  20   3   0   9   1  0.14 0.13
  162 A     1   1   2   0  -2   0  -1   2   0  -2  -2   0   1  -1   0   0   0  -2  -2  -1   13   9  11   4   0   3   1  16   3   1   2   6   6   3   5   7   5   0   1   3  0.13 0.11
  163 E     0   0   2   0  -2   3   1  -1  -1  -2  -2   1   0  -2  -2   1   1   0  -1   0    8   3  10   3   0  15  12   4   0   1   1   7   2   1   1   8   8   2   3   9  0.16 0.15
  164 P     1  -2   0   1  -3   2  -1   1  -2  -2  -3   0  -2  -3   4   0  -1  -3  -1   0   13   1   3   9   0  12   2  10   0   2   1   4   0   1  23   5   2   0   2   8  0.36 0.22
  165 S    -1   1   2   2  -2  -1   1   0   1   0  -2   1  -1  -1  -1   1  -1  -3  -2  -1    3   7   9  15   0   1   7   6   5   7   3   9   2   2   3  17   1   0   0   5  0.13 0.13
  166 V     1  -2   1  -1  -2  -1  -1  -1  -1   2   0  -1  -1  -2  -1   0   0  -3  -1   2   12   1  11   3   0   2   4   2   1  16   9   4   0   0   3   5   6   0   2  18  0.10 0.13
  167 F    -1  -1   0   3   1   0   0  -1  -2  -1   1  -1   0   1  -1   0  -1  -2   1   0    3   3   3  22   4   3   4   4   0   2  18   2   2   7   2   5   2   0   5  10  0.11 0.14
  168 T     0  -2  -1  -1  -2  -2   0  -2  -2   1   1  -2   0  -2   0   0   1  -3   0   3    7   2   3   2   0   0   8   2   0   6  14   1   2   0   5   6  11   0   3  27  0.15 0.17
  169 R     2   2  -2  -1  -3   0   1  -2  -1  -1  -1   2  -2   0  -2   0   0  -3   0  -1   20  11   0   3   0   2  11   1   1   2   5  17   0   4   0   7   6   0   4   5  0.17 0.17
  170 T     0  -2   1   2  -3   0   2  -1  -2  -2  -1   0   0  -1  -2   1   2  -3   0  -1    8   0   6  11   0   3  16   4   0   0   6   3   2   2   0  14  16   0   4   4  0.19 0.18
  171 T     0  -2   2  -2   0   0  -2  -2  -1  -1   0  -1   1   0  -1   0   1  -2   3   1    8   1  14   1   2   4   1   2   1   1   9   4   4   3   2   7  10   0  13  14  0.12 0.16
  172 A     1  -1  -1   3  -3   1   3  -2  -2  -1  -1   0  -2  -3   1   0  -1  -4  -3   0   16   2   0  18   0   7  21   1   0   3   5   5   0   0   5   5   3   0   0   7  0.28 0.22
  173 E    -2  -2   0   3  -4   1   4  -1  -1  -2  -2  -1  -3  -4   1  -1   0  -4  -3  -2    1   0   3  19   0   7  38   4   1   2   3   2   0   0   6   4   6   0   0   2  0.55 0.34
  174 G     1  -2  -2  -1  -3  -2   0   3  -2  -1   1  -2  -1  -1  -3   0  -2  -3   0  -1   15   2   1   2   0   1   9  29   0   4  22   1   0   3   1   5   1   0   3   2  0.25 0.21
  175 V    -1  -2  -1  -2  -2   1  -1  -3  -1   3   2  -1   0   1  -1  -2   0   0   0   1    5   1   4   2   0   7   4   1   1  25  18   2   1   5   3   1   4   2   3  10  0.16 0.16
  176 A     0   1   1  -1  -2   2   1   1  -1   0   0   1   1  -1  -2   0   0  -2  -1   0   10   7   7   1   0  13   8  10   0   7   8   8   4   2   1   3   4   0   2   4  0.08 0.10
  177 R     0   3  -1   2  -3   2   0  -3   1  -2  -1   1   2  -1  -2  -1  -2  -3   0  -2    8  20   2  16   0   9   5   1   3   2   7   9   8   2   1   3   1   0   3   1  0.24 0.20
  178 V     1  -3  -3   0  -1  -2  -1  -1  -3   1   1  -2   0  -1  -3  -2  -1  -3   0   3   14   1   0   5   1   0   4   4   0   8  16   2   2   2   1   1   2   0   4  32  0.23 0.21
  179 R     0   2  -1   1  -3   1  -1  -2  -2  -1   1   2   0  -1   0   0   0  -3  -1   0    9  11   0  11   0   6   2   1   0   2  18  14   2   2   4   4   6   0   2   5  0.11 0.14
  180 K     1   0   2   1  -2   1   1  -1  -1  -2  -2   1  -1  -2  -2   1   1  -3   0   0   12   3  12  10   0   9   8   3   0   1   1   8   1   1   1  10   9   0   3   6  0.17 0.14
  181 S     1  -1   1   1  -3  -2  -2   3   0  -3  -1  -1  -2  -3  -2   2   0  -3  -1  -2   14   2   6   8   0   0   1  24   2   1   6   2   0   0   1  23   6   0   2   3  0.30 0.22
  182 K    -2   2  -1   0  -3   1   1   3  -2  -3  -2   3  -2  -1   1  -1  -1  -3  -1  -2    1  14   2   4   0   5   8  22   0   1   3  21   0   3   6   1   2   0   3   2  0.30 0.20
  183 G     0   2  -2  -2  -2   0   0   3  -2   1  -1  -1  -2  -1  -1  -1   0  -3  -2   0    8  13   1   1   0   3   5  31   0  10   4   3   0   3   2   3   7   0   1   5  0.22 0.16
  184 K     0   0   0   3   1  -1   1  -1   0  -1   0   0  -1  -3  -1  -1   0  -3  -2   0    8   4   4  26   3   2   7   3   2   2  13   7   0   0   2   2   5   0   0   7  0.17 0.15
  185 F     1  -3  -1   3  -1  -1  -2  -2  -1   1   1  -2   0   0  -3  -1  -1  -2   3   1   12   0   2  19   1   2   1   2   1   9  12   1   2   4   0   2   2   0  14  13  0.19 0.19
  186 A     4  -1  -2   0  -2  -2  -2  -2   0   0  -1  -2  -2  -3  -3   0   1   1  -1   0   48   4   0   5   0   0   1   1   3   6   5   1   0   0   0   6  11   2   2   5  0.44 0.33
  187 F     1  -3  -3  -4  -3  -3  -3  -3  -3   1   0  -3  -2   6  -3  -2  -1  -2   3   2   16   1   1   1   0   1   1   1   0   7   6   1   0  38   1   1   4   0   9  13  0.66 0.35
  188 L    -1  -3  -1  -4   0  -2  -4  -1  -4   3   2  -3   1   0  -4  -2   0  -3  -2   2    3   0   3   0   2   2   0   5   0  25  26   0   3   3   0   2   6   0   0  19  0.39 0.26
  189 L     0  -2   0   2  -3   0  -1   0  -2  -1   1  -1   3  -2  -3  -1   0   3   1   1    6   0   5  12   0   5   2   6   0   2  12   4  12   0   0   4   6   5   6  12  0.13 0.17
  190 E     0  -2   0   5  -4   0   3  -3   0  -4  -4   0  -3  -4  -1   0   1  -4  -3  -2    8   0   3  38   0   2  21   1   2   0   1   4   0   0   2   5   8   0   0   2  0.66 0.38
  191 S     0  -1   0   2  -2   0   1  -2  -2  -1  -1   0  -2  -1   1   2   0  -3  -1   0    9   3   4  14   0   4   7   1   0   3   5   5   0   2   7  22   4   0   3   7  0.16 0.16
  192 T     2   1   0  -2  -2  -1   0  -2  -1   0  -1  -1  -2  -1   2   1   2  -3   0   0   19   9   4   1   0   0   6   1   2   4   4   1   0   3   9  12  14   0   3   9  0.16 0.17
  193 M     1  -2  -1  -1  -2  -2  -1  -1  -2   0   1  -1   1  -2   1   0   0  -3   1   2   12   1   3   3   0   0   4   4   0   2  14   2   5   0   7   9   5   0   6  24  0.12 0.17
  194 N     1  -2   2  -1  -3   1   0  -2  -2   1   2  -1  -1  -2  -3  -1  -1  -3   0   0   15   0  11   2   0   9   5   2   0  12  26   4   0   0   0   2   2   0   5   6  0.15 0.20
  195 E     1   0   1   2  -3   0   2  -1  -2  -1  -1   0   0  -2  -2   0  -1  -3   0  -1   13   5   9  14   0   2  17   3   0   4   5   6   4   0   0   6   3   0   4   5  0.16 0.16
  196 Y     0  -2   0   0  -3  -2  -1  -1  -1  -1   0  -3   1   2  -3  -1  -1   1   6  -1    9   2   4   6   0   0   4   4   0   3  11   0   4   9   0   4   2   1  32   4  0.40 0.30
  197 I     1  -2  -1  -1  -3   2   0  -3  -2   1   2  -2   1   2  -3  -2  -1   0   1   1   14   0   4   2   0  11   5   0   0   7  22   1   3  10   0   0   2   1   7   8  0.16 0.19
  198 E     0   0   0  -2  -2   0   0  -1   0   0   1   1   0   1  -1   0   0  -3  -1   1    8   3   6   0   0   5   7   2   2   6  15  11   2   6   2   6   8   0   0  11  0.04 0.08
  199 Q     1   1   0   0  -3   3  -1   0  -2   0  -1   1   0  -2  -2   0   1  -3   0   0   13   5   4   5   0  17   2   6   0   5   6  12   2   0   0   5   8   0   4   7  0.13 0.17
  200 R    -1   4   1   1  -4   1  -1  -1  -1  -2  -2   2  -2   1  -1   0  -1  -3   0  -3    6  25   6  11   0   5   0   4   1   2   3  12   0   9   3   7   3   0   3   0  0.27 0.24
  201 K    -1   0   1   1  -3  -1   0   0   2  -1  -2   2  -2   1   2   0   0  -2   2  -2    3   3   8   8   0   0   6   7   6   4   3  14   0   7  10   5   6   0   9   0  0.16 0.17
  202 P    -1  -2   2   0   1  -1  -1   0   2  -3  -2  -1  -1   0   5   0  -1  -3   1  -1    2   2  11   5   3   2   2   8   6   0   2   4   2   5  28   5   4   0   5   4  0.41 0.26
  203 C    -1  -2   1   0   6  -1   0  -1  -2  -1  -1   0   0  -1   1   0  -2  -3  -3   0    5   1   8   6  24   2   6   4   0   4   7   7   2   2   6   7   1   0   0   7  0.33 0.23
  204 D    -1   1   2   3  -4   1   2   0   0  -2  -2   3  -3  -4   0  -1  -2  -4  -3  -2    3   7  10  18   0   4  14   7   2   2   3  19   0   0   3   3   0   0   0   3  0.33 0.25
  205 T    -1   0   0  -2  -3   0  -1  -1  -1   0   2  -1   1   2  -3  -2   0   1   1   0    2   4   4   2   0   4   3   4   1   3  30   3   3  11   0   0   8   2   6   7  0.15 0.17
  206 M     1   0  -2  -2  -2   0   0  -2  -2   0   1   1   1   0  -2  -1   0   1   0   1   17   5   0   2   0   4   5   2   0   6  12  11   5   3   0   2   7   2   3  13  0.08 0.12
  207 K     1   1  -2  -1  -3   0  -1  -3  -3   2   0   1   1   1  -3  -1   2  -3  -2   1   11   8   0   3   0   5   2   0   0  14   5  12   4   6   0   0  16   0   0  12  0.17 0.21
  208 V     2  -2  -3  -1  -2  -3  -3  -1  -4   3   0  -3   0   0  -3  -2   0  -4  -2   3   22   2   0   5   0   0   0   3   0  18   7   0   1   4   0   0   7   0   0  30  0.35 0.26
  209 G     0  -1  -2   1  -4  -2   0   4   0  -3  -1  -2   0   2   1  -1  -1  -3  -1  -2    5   3   0  10   0   0   7  38   3   0   6   0   3  11   7   2   2   0   2   1  0.39 0.25
  210 G    -1   0   1   2  -4   1   2   2  -2  -3  -2   0  -3  -4   2   0   0  -4  -3  -2    2   4   7  13   0   6  17  17   0   0   3   6   0   0  10   8   6   0   0   2  0.31 0.19
  211 N    -1  -1   1   1  -3  -1   1  -1  -2   0   0   0  -1  -3   3   0   0  -3  -3   0    5   2   9   9   0   1   9   5   0   6  10   5   1   0  15   4   6   0   0  10  0.16 0.12
  212 L    -1  -3  -3  -3  -3  -1  -2  -1  -3   2   2  -2  -1   4  -3  -1   1  -2   1   0    6   0   0   0   0   3   2   4   0  14  22   3   0  24   0   5   9   0   3   4  0.30 0.22
  213 D     0   0   2   2  -3   0   1  -1   0  -2  -2   1  -1   1   0   0   1  -3  -2  -1    9   3  11  14   0   3   9   3   2   0   2  11   1   8   3   7  11   0   0   3  0.16 0.14
  214 S     0   1   1   2  -3   0   0   1  -1  -2  -2   0  -2  -3   1   1   1  -3  -1  -2    5   9   8  11   0   3   4  12   1   1   3   6   0   0   8  11  13   0   2   2  0.19 0.14
  215 K    -2   2   0   0  -2   3   3  -2  -2  -2  -3   2   0  -4   0   0   1  -4  -3  -2    2   9   2   5   1  15  24   2   0   3   1  15   3   0   3   5   8   0   0   1  0.38 0.26
  216 G    -1  -1  -2  -1  -4   2  -1   5  -1  -5  -5  -2  -4  -4   3   0  -1   1  -2  -2    3   2   0   2   0  11   3  43   1   0   0   2   0   0  16   7   3   2   2   3  0.68 0.37
  217 Y    -1  -4  -2  -5   1  -2  -4  -2  -2   0   0  -4  -2   3  -5  -2   0   6   6   1    6   0   2   0   3   2   0   2   0   5   7   0   0  10   0   2   6  12  32  11  0.74 0.39
  218 G     3  -4  -3  -4  -4  -4  -2   5  -4  -4  -3  -4  -4  -1  -4  -1  -2  -4   0  -3   29   0   0   0   0   0   3  53   0   0   3   0   0   3   0   3   2   0   3   1  0.99 0.47
  219 V    -4  -5  -5  -6   1  -5  -5  -6  -5   4  -1  -5   2   4  -3  -4  -3   6   0   3    0   0   0   0   3   0   0   0   0  33   3   0   5  22   1   0   0  13   2  18  1.02 0.46
  220 A     5  -4  -3  -1  -3  -3  -3   3  -4  -3  -2  -3   3   1  -2  -1  -1  -4  -1  -1   51   0   0   4   0   0   0  19   0   0   2   0   8   6   2   2   2   0   2   3  0.66 0.42
  221 T     0  -3   0  -4  -3  -3  -4  -4  -3   0   2  -2   2   5  -1  -2   1  -3  -1   2    7   0   4   0   0   0   0   0   0   4  17   3   7  28   2   1  12   0   0  13  0.43 0.29
  222 P     0   4   0  -1  -4   2   0  -1   0  -4  -3   1  -3  -5   4  -1  -1  -5  -4  -4    8  25   5   2   0  11   3   5   2   0   2  10   0   0  22   1   4   0   0   0  0.56 0.32
  223 K    -3   1  -1  -1  -5   2   0  -2   2   0  -2   5  -1  -2  -1  -1  -3  -5  -3  -3    0   7   3   3   0   8   4   3   4   6   2  49   1   1   2   4   0   0   0   1  0.61 0.38
  224 G    -2  -4   2   5  -5   0   0   4  -3  -6  -6  -2  -5  -6  -4   0  -3  -6  -5  -5    1   0  10  41   0   4   4  35   0   0   0   1   0   0   0   5   0   0   0   0  1.05 0.45
  225 S    -1   1   2   3  -4   1  -1  -1  -3  -5  -5   1  -4  -5  -3   4   0  -5  -4  -4    3   7   8  22   0   5   2   2   0   0   0   7   0   0   0  39   5   0   0   0  0.63 0.36
  226 S     1  -1  -2   3  -4   0   2  -2  -1  -4  -4  -1   0  -4   5   1   0  -5  -4  -2   10   2   0  17   0   3  12   1   1   0   0   2   2   0  30  12   4   0   0   2  0.64 0.31
  227 L    -2  -4  -5  -5  -4  -4  -2  -4  -4   0   5  -4  -1   1  -5  -4  -3   5   1  -1    2   0   0   0   0   0   3   1   0   2  69   0   0   5   0   0   0  10   4   2  1.04 0.46
  228 R     1   2  -2  -3  -3   1  -2  -2  -2   1   0   2   0  -1  -3  -1   1  -3   1   0   11  15   0   0   0   6   0   2   0  11   9  15   2   2   0   3  10   0   7   6  0.15 0.16
  229 T     1   0   1   4  -3   1   1  -2  -2  -2  -2   1  -2  -4  -2   0   0  -4  -3  -1   16   4   5  25   0   7   8   1   0   2   4  12   0   0   1   6   4   0   0   5  0.29 0.20
  230 P     1  -1   0   2  -3   1   1  -3  -1   0  -1   2  -2  -3   0   0  -1  -4  -2  -2   12   1   2  17   0   7  10   0   1   8   7  21   0   0   4   6   3   0   1   1  0.22 0.19
  231 V    -2  -4  -5  -5  -3  -4  -5  -5  -4   4   2  -4   4   3  -5  -4  -2  -3  -2   3    3   0   0   0   0   0   0   0   0  26  22   0  14  16   0   0   2   0   0  18  0.73 0.34
  232 N    -3  -3   5   3  -4   0  -1  -3  -2   0  -3  -2  -4  -1  -4   3   0  -5  -1  -4    0   0  39  18   0   3   2   0   0   6   2   0   0   2   0  21   4   0   2   0  0.77 0.42
  233 L     1   1   0   2  -3   1   1  -2  -2   0   0   2  -2  -2  -2   0   0  -4  -3  -2   14   9   2  11   0   8   9   1   0   6  11  17   0   1   0   5   5   0   0   0  0.19 0.16
  234 A     5  -1  -4  -4  -3  -2  -2  -1  -4  -3  -2  -3  -3   3  -3   0  -1   3  -1  -2   61   2   0   0   0   1   3   3   0   0   2   0   0  16   0   3   2   4   1   2  0.77 0.41
  235 V    -3  -4  -5  -5  -3  -4  -5  -5  -4   5   3  -4   0   3  -4  -4  -3  -3   0   2    0   0   0   0   0   0   0   0   0  42  31   0   0  11   0   0   0   0   2  11  0.84 0.35
  236 L     0  -2  -1   1  -3   0   1   0  -3  -1   3   1  -1  -2  -3  -1   0  -4  -3  -2   11   0   2   8   0   4   8   6   0   2  38  11   0   0   0   4   5   0   0   0  0.20 0.20
  237 K     0   1   1   0  -4   3   4  -2  -2  -4  -4   2  -3  -4  -3  -2   1  -4   0  -4    8   7   5   3   0  16  32   2   0   0   0  15   0   0   0   0   8   0   4   0  0.55 0.31
  238 L     0  -1  -4  -4  -3  -2  -3  -4  -1   2   3  -3   4   1  -4  -1  -2  -3   1   1    7   3   0   0   0   1   0   0   2  11  39   0  12   4   0   6   0   0   4  11  0.42 0.24
  239 S    -1   3   0  -2  -3   2   0  -3   1   0  -2   3  -2   0  -3   1   0  -3  -1  -1    3  18   3   0   0  13   3   0   5   7   3  20   0   5   0  10   5   0   2   3  0.27 0.20
  240 E     1  -1   0   0  -4   3   4  -1  -2  -4  -4   2   0  -4  -3   1   0  -4  -3  -3   12   2   3   4   0  14  31   4   0   0   0  11   3   0   0  12   4   0   0   0  0.47 0.27
  241 A    -2  -2   4   5  -4  -1   1  -1  -1  -4  -4  -1  -4  -5  -3   2   0  -5  -4  -4    1   1  20  33   0   2   8   3   1   0   2   2   0   0   0  19   6   0   0   0  0.68 0.32
  242 G    -3  -2   0   1  -5  -4  -2   7  -4  -6  -6  -4  -5  -6  -4  -3  -4  -5  -5  -5    0   2   4   8   0   0   3  82   0   0   0   0   0   0   0   0   0   0   0   0  1.67 0.55
  243 V    -1   0  -1   1  -3   0   3  -3  -2  -2  -2   1  -1   0  -3   0   3  -4  -1   0    4   4   1   6   0   3  26   0   0   1   3   7   1   5   0   5  25   0   1   7  0.31 0.24
  244 L    -1  -4  -5  -5  -3  -4  -4  -5  -4   2   4  -4   4   1  -5  -4  -2  -3   3   0    4   0   0   0   0   0   0   0   0  13  52   0  12   5   0   0   2   0  10   3  0.78 0.36
  245 D     2  -1   0   3  -4   4   3  -3   0  -4  -4   2  -3  -5  -3  -1   0  -5  -3  -3   18   0   2  17   0  21  18   0   2   0   1  15   0   0   0   2   4   0   0   0  0.56 0.31
  246 K     0   3  -2  -1  -4   1   1  -3   2  -1  -2   4   0  -3  -3   0   0  -4   0  -2    7  15   0   2   0   6   8   0   6   4   2  30   2   0   0   7   4   0   3   2  0.35 0.23
  247 L    -4  -5  -6  -6  -4  -4  -5  -6  -5   4   5  -5   2  -2  -5  -5  -3   3  -3  -1    0   0   0   0   0   0   0   0   0  29  62   0   6   0   0   0   0   4   0   0  1.18 0.46
  248 K    -1   1  -1   1  -3  -1   3  -3   2   0  -3   2  -2  -1  -2   2   0  -3   1  -2    4   6   0   6   0   0  21   0   5   6   0  20   0   3   0  16   3   0   7   2  0.27 0.20
  249 N    -1   0   2   3  -4   1   3  -3  -1  -2  -2   3  -3  -4  -3   0  -1  -4  -3  -2    4   4  13  19   0   4  20   0   1   2   4  20   0   0   0   4   3   0   0   2  0.42 0.23
  250 K    -2   3  -2  -3  -5   2  -1  -4   0  -4  -2   6  -3  -5  -3  -2  -2  -5  -4  -3    1  13   0   0   0   7   2   0   2   0   4  66   0   0   0   0   2   0   0   1  1.14 0.47
  251 W    -6  -6  -6  -7  -6  -5  -6  -6   0  -3  -5  -6  -5   0  -7  -6  -3  11   6  -5    0   0   0   0   0   0   0   0   2   1   0   0   0   2   0   0   1  69  24   0  3.28 0.84
  252 W    -4  -5  -5  -5  -4  -4  -5  -5  -3   0   0  -5  -2   7  -5  -4  -4   8   4  -3    0   0   0   0   0   0   0   0   0   5   6   0   0  49   0   0   0  26  13   0  1.67 0.46
  253 Y    -1   0   0  -2  -3   0  -2   1  -1  -2  -2   1   0   1   3  -1   0  -1   3  -1    3   5   6   0   0   5   0  16   0   0   2  12   3   9  14   0   5   0  17   3  0.23 0.11
  254 D    -2   2   2   2  -4   0   0   0   4  -4  -4   3  -3  -3  -3  -1  -2  -4   0  -4    0  10  13  16   0   3   3   7  15   0   0  30   0   0   0   0   0   0   3   0  0.48 0.18
  255 K     0   2   1   1  -3   0   1  -1  -1   0  -1   1   0   0  -1  -1  -1  -2   0   0    5  16   8   8   0   2   7   4   0   5   0  13   5   6   3   2   0   0   4  12  0.08 0.06
  256 G    -1  -2   1  -2  -3   1  -2   5   1  -3  -4  -1  -3  -4  -3   1  -1  -4  -3  -1    0   0   9   0   0   8   0  57   5   0   0   3   0   0   0   9   2   0   0   7  0.67 0.18
  257 E    -2   1   1   1  -4   2   4  -3   2  -4  -4   0  -3  -4   4  -1  -2  -4  -2  -3    0   8   5   8   0  11  35   0   6   0   0   4   0   0  24   0   0   0   0   0  0.64 0.11
  258 C    -2  -5  -4  -5  10  -4  -5  -4  -5  -3  -3  -5  -3  -4  -4  -2  -2  -4  -4  -2    0   0   0   0 100   0   0   0   0   0   0   0   0   0   0   0   0   0   0   0  2.51 0.29
  259 G     0  -2  -1  -1  -3  -2  -2   6  -2  -4  -4  -2  -3  -3  -2   0  -2  -3  -3  -3    0   0   0   0   0   0   0 100   0   0   0   0   0   0   0   0   0   0   0   0  1.07 0.01

                      K         Lambda
Standard Ungapped    0.1334     0.3160
Standard Gapped      0.0402     0.2670
PSI Ungapped         0.1314     0.3178
PSI Gapped           0.0402     0.2670
