
Last position-specific scoring matrix computed, weighted observed percentages rounded down, information per position, and relative weight of gapless real matches to pseudocounts
            A   R   N   D   C   Q   E   G   H   I   L   K   M   F   P   S   T   W   Y   V   A   R   N   D   C   Q   E   G   H   I   L   K   M   F   P   S   T   W   Y   V
    1 P    -2  -3  -3  -2  -4  -2  -2  -3  -3  -4  -4  -2  -3  -5   8  -2  -2  -5  -4  -3    0   0   0   0   0   0   0   0   0   0   0   0   0   0 100   0   0   0   0   0  2.34 0.13
    2 Q    -1   0  -1  -1  -3   6   3  -3  -1  -2  -1   0  -1  -3  -2  -1  -1  -3  -2   0    0   0   0   0   0  63  19   0   0   0   8   0   0   0   0   0   0   0   0  10  0.60 0.11
    3 I    -2  -4  -4  -4  -2  -3  -4  -5  -3   5   1  -4   0   3  -4  -3  -2  -2   2   2    0   0   0   0   0   0   0   0   0  59  10   0   0  13   0   0   0   0   9  10  0.57 0.13
    4 T    -1   1   1  -2  -3  -1  -2  -2  -2  -3  -3  -1  -2  -4   5   2   3  -4  -3  -2    0   9   8   0   0   0   0   0   0   0   0   0   0   0  31  22  30   0   0   0  0.70 0.15
    5 L    -3  -4  -5  -5  -3  -4  -4  -5  -4   0   6  -4   1  -1  -4  -4  -2  -3  -2   0    0   0   0   0   0   0   0   0   0   0 100   0   0   0   0   0   0   0   0   0  1.09 0.22
    6 W     0  -3   2   1  -4   0   1  -3  -2  -4  -3  -2  -3  -2  -4  -1  -3  10   0  -4    9   0  11  10   0   4  12   0   0   0   0   0   0   0   0   3   0  51   0   0  1.39 0.22
    7 Q    -2   5  -1   1  -5   5   0  -3  -1  -4  -4   3  -2  -4  -3  -2  -2  -4  -3  -4    0  38   0   7   0  39   0   0   0   0   0  16   0   0   0   0   0   0   0   0  0.88 0.21
    8 R    -3   7  -2  -3  -5   2  -2  -4  -2  -5  -4   2  -3  -5  -4  -2  -3  -5  -4  -4    0  85   0   0   0  10   0   0   0   0   0   5   0   0   0   0   0   0   0   0  1.54 0.32
    9 P    -3  -5  -5  -4  -6  -4  -4  -5  -5  -5  -6  -4  -5  -6   9  -3  -4  -6  -6  -5    0   0   0   0   0   0   0   0   0   0   0   0   0   0 100   0   0   0   0   0  2.98 0.50
   10 L    -1   1  -2  -2  -2  -1   0  -3  -2   2   1   0   2   0  -3   0   0  -3  -2   2    0  10   0   0   0   0   8   0   0  16  16   7  10   5   0   9   5   0   0  14  0.15 0.10
   11 V    -2  -2  -4  -4   1  -3  -2  -4  -4   3   2  -1   1  -2  -4  -3  -1  -4  -2   4    0   2   0   0   3   0   2   0   0  23  21   4   2   0   0   0   3   0   0  40  0.50 0.17
   12 V     0   1  -1  -1  -3   1   1  -1   1  -1  -2   2  -2  -3  -1  -1   4  -4  -3  -1    6   9   1   2   0   5   7   3   3   3   2  15   0   0   1   0  38   0   0   3  0.31 0.15
   13 V     1  -4  -4  -4   0  -3  -4  -4  -4   3   2  -3   0  -2  -4  -2  -2  -4  -3   4   17   0   0   0   2   0   0   0   0  21  22   0   0   0   0   0   0   0   0  37  0.54 0.18
   14 K    -2   2  -2  -3  -1   0  -1  -3   0   0  -1   3  -2   2  -3  -1   0   3   3  -1    0  13   0   0   1   4   0   0   2   9   3  29   0   9   0   4   5   4  15   2  0.31 0.15
   15 V    -2  -4  -5  -5  -3  -4  -5  -5  -5   5   2  -4   0  -2  -4  -4  -2  -4  -3   4    0   0   0   0   0   0   0   0   0  47  22   0   0   0   0   0   0   0   0  32  0.88 0.24
   16 G    -2  -2   3   2  -4   1   2   4  -2  -5  -5  -2  -4  -5  -3   1  -2  -4  -4  -4    0   0  19  10   0   5  19  39   0   0   0   0   0   0   0   8   0   0   0   0  0.68 0.20
   17 G     0  -3  -2   0  -4  -3  -2   6  -3  -4  -5  -2  -4  -5  -3   0   1  -4  -4  -2    3   0   0   6   0   0   1  70   0   0   0   1   0   0   0   7   8   0   0   3  1.06 0.26
   18 Q    -2   2   1  -2  -4   5   0  -3   3  -2  -3   2  -2  -4   1  -1   1  -4   0  -1    0  10   6   0   0  37   2   0  10   2   0  12   0   0   6   0   9   0   2   4  0.52 0.20
   19 L    -1  -1  -3  -3  -3   0  -1  -4  -3  -1   1  -2   0   0   5  -2   0   6  -2  -1    4   3   0   0   0   6   2   0   0   2  18   0   2   3  34   1   6  15   0   3  0.72 0.20
   20 M    -2   0  -3  -4   2  -2  -3  -4  -3   2   1   1   0   3  -3  -2   0  -3  -1   2    0   7   0   0   5   0   0   0   0  15  10  13   1  17   0   0   7   0   0  24  0.26 0.13
   21 E    -2   2   1  -1  -4   3   4  -3  -2  -4  -2   3  -3  -4  -3  -1   1  -4  -3  -3    0   9   6   0   0  12  40   0   0   0   3  18   0   0   0   2   9   0   0   0  0.60 0.20
   22 A     3  -3  -3  -3  -2  -3  -3   3  -3  -1   0  -3   2   3  -3  -1  -2  -3  -2   1   38   0   0   0   0   0   0  22   0   0   6   0   6  15   0   0   0   0   0  13  0.41 0.17
   23 L    -3  -4  -5  -6  -3  -4  -5  -6  -5   2   6  -4   0  -1  -5  -4  -3  -4  -3   0    0   0   0   0   0   0   0   0   0   8  89   0   0   0   0   0   0   0   0   3  1.18 0.29
   24 L    -2  -4  -5  -5  -3  -4  -4  -5  -4   2   4  -4   2   0  -4  -4  -2  -3  -2   3    0   0   0   0   0   0   0   0   0   6  61   0   3   3   0   0   0   0   0  27  0.79 0.22
   25 D    -4  -4  -1   8  -6  -3  -1  -4  -3  -6  -6  -3  -6  -6  -4  -3  -3  -7  -6  -6    0   0   0 100   0   0   0   0   0   0   0   0   0   0   0   0   0   0   0   0  2.20 0.42
   26 T    -2  -3  -2  -3  -3  -3  -3  -4  -4  -3  -4  -3  -3  -4  -3   1   7  -5  -4  -2    0   0   0   0   0   0   0   0   0   0   0   0   0   0   0   7  93   0   0   0  1.60 0.40
   27 G    -2  -5  -3  -3  -5  -4  -4   7  -4  -6  -6  -4  -5  -5  -4  -2  -4  -5  -5  -5    0   0   0   0   0   0   0 100   0   0   0   0   0   0   0   0   0   0   0   0  2.05 0.38
   28 A     7  -4  -4  -4  -3  -3  -3  -2  -4  -3  -4  -3  -3  -4  -3  -1  -2  -5  -4  -2  100   0   0   0   0   0   0   0   0   0   0   0   0   0   0   0   0   0   0   0  1.49 0.38
   29 D    -4  -3  -1   7  -6   1   2  -3  -3  -5  -6  -2  -5  -6  -3  -2  -3  -6  -5  -5    0   0   0  83   0   6  11   0   0   0   0   0   0   0   0   0   0   0   0   0  1.68 0.35
   30 D    -2   0   1   4  -4  -1   1  -3   3   1  -2   1   0  -3  -3  -1  -1  -4  -2   0    2   5   6  33   0   0   5   0  11  12   2  11   4   0   0   0   2   0   0   5  0.34 0.14
   31 T    -1  -3  -2  -3  -3  -2  -2  -3  -3  -3  -3  -2  -3  -4  -3   4   6  -5  -4   0    0   0   0   0   0   0   0   0   0   0   0   0   0   0   0  34  61   0   0   5  1.04 0.31
   32 I    -2  -5  -5  -5   1  -4  -5  -5  -5   5   0  -4  -1  -2  -4  -4  -2  -5  -3   5    0   0   0   0   3   0   0   0   0  42   0   0   0   0   0   0   0   0   0  55  1.06 0.27
   33 F    -2  -4  -4  -4  -2  -3  -4  -5  -4   4   4  -4   0   1  -4  -3  -2  -3  -2   2    0   0   0   0   0   0   0   0   0  33  44   0   0   5   0   0   0   0   0  16  0.67 0.18
   34 E     1   1   1  -1   0   0   2  -1  -2  -3  -3   1  -2  -3   2   2   2  -4  -3  -2   12   6   8   0   2   2  15   1   0   0   0  12   0   0   9  15  17   0   0   0  0.28 0.10
   35 E    -1   1   1   2  -3   2   2   1  -1  -2  -1   0  -2  -2  -2   0   0   2   0  -2    0   8   6  11   0  11  20  12   0   2   8   5   0   0   0   3   5   3   4   0  0.20 0.08
   36 M     0   0   1  -2  -3  -1   0  -3   4   3   0   0   1  -2   1  -1   0  -3  -2   0    7   6   7   0   0   0   7   0  13  30   4   7   4   0   7   0   5   0   0   1  0.17 0.11
   37 S    -2  -1   2   3  -4   2   2  -2   3  -3  -1   0   1  -2  -1  -1  -2   4   0  -3    2   0  12  23   0  10  12   0  10   0   5   4   5   0   2   2   0   8   3   0  0.38 0.13
   38 L    -3  -4  -2  -5  -3  -3  -4   1  -4  -1   3  -4   1   2  -5  -3  -3   8   0  -1    0   0   2   0   0   0   0  14   0   0  40   0   2   7   0   1   0  28   2   2  0.94 0.23
   39 P    -2  -1  -2  -3  -4   1  -1   1  -3  -4  -4   1  -3  -2   7   1  -2  -5  -4  -2    0   1   0   0   0   6   3  11   0   0   0  11   0   2  52  12   0   0   0   2  1.08 0.24
   40 G     0   1  -1  -1  -3   0  -1   4  -1  -2  -1   1   0  -3   0   1   0  -3  -3  -1    3   8   0   1   0   4   2  39   2   0   6   8   2   0   4  10   7   0   0   5  0.31 0.11
   41 R    -1   1   4   1  -3   0  -1   0   1  -1  -3   2  -2  -3   0   1   0  -4  -3  -1    2   6  29   6   0   2   0   5   3   5   1  16   0   0   4  13   4   0   0   3  0.29 0.11
   42 W    -3  -4  -1   0  -4  -3  -3  -2  -3  -4  -4  -4  -3  -1   2   0  -2  10   4  -2    0   0   3   6   0   0   0   2   0   0   0   0   0   0  11   7   2  52  12   3  1.73 0.33
   43 T     0   2  -2  -2  -3   0  -1  -3  -2  -3  -3   4  -3  -4   3   0   3  -4  -3  -3    6  10   0   0   0   4   0   0   0   0   0  30   0   0  17   5  28   0   0   0  0.58 0.19
   44 P    -1   0  -2  -3  -3   0  -1   0  -3  -1   0  -1  -2  -4   6  -1   1  -4  -3  -1    3   7   0   0   0   5   3   8   0   2  10   3   0   0  42   4   9   0   0   4  0.68 0.17
   45 K     0   1   0  -2  -3   1  -1  -2  -2   0  -2   4   1  -3  -2   1   2  -4  -3  -1    9   5   2   0   0   6   0   0   0   6   0  35   4   0   0   9  21   0   0   4  0.33 0.16
   46 M     0  -2   1  -3  -2   0  -2  -1  -2   2   0  -1   4  -2  -3   0   0   3  -2   1    7   0   8   0   0   4   0   3   0  17   5   4  20   0   0   8   6   5   0  13  0.19 0.12
   47 I    -2  -4  -4  -5  -2  -1  -4  -5  -4   4   2  -4   1  -2  -4  -3  -2  -4  -3   4    0   0   0   0   0   4   0   0   0  32  23   0   3   0   0   0   0   0   0  39  0.68 0.21
   48 G     0   0  -2  -2  -3   4   0   3   1   0   0  -1  -1  -3  -3  -1  -1  -3  -3  -2    5   4   0   0   0  29   2  29   4  10  13   0   0   0   0   0   4   0   0   0  0.35 0.16
   49 G    -2  -5  -2  -3  -5  -4  -4   7  -4  -6  -6  -4  -5  -5  -4  -2  -4  -5  -5  -5    0   0   0   0   0   0   0 100   0   0   0   0   0   0   0   0   0   0   0   0  2.04 0.40
   50 I     2  -4  -4  -4  -2  -3  -4  -4  -4   5   2  -3   0  -2  -4  -2  -2  -4  -3   2   24   0   0   0   0   0   0   0   0  48  14   0   0   0   0   0   0   0   0  15  0.62 0.21
   51 G    -2  -4   0  -3  -4  -3  -3   6  -4  -4  -5  -3  -4  -5  -4  -1   2  -4  -4  -2    0   0   4   0   0   0   0  75   0   0   0   0   0   0   0   3  14   0   0   4  1.23 0.29
   52 G    -2  -3  -2  -3  -4   3  -3   6  -3  -5  -5  -3   0  -5  -4  -2  -3  -4  -5  -5    0   0   0   0   0  15   0  81   0   0   0   0   4   0   0   0   0   0   0   0  1.48 0.34
   53 F     0   0  -1  -2  -2   1  -2   2  -2   1  -1  -1  -1   3  -2   1   0  -2   0   0    7   6   2   0   0   8   1  16   0  11   1   0   0  23   0  17   3   0   0   4  0.17 0.11
   54 L    -2  -2   1  -2   2  -2  -2  -2  -3   4   0   2  -1  -2  -3  -1   1  -4  -3   1    0   0  10   0   6   0   0   2   0  35   5  17   0   0   0   4  13   0   0   6  0.25 0.15
   55 N    -2   1   4  -1  -3   1   0  -1   0  -1  -3   2   0  -3   2   0   0  -4  -3   0    0   9  26   0   0   4   7   4   2   3   0  14   3   0  12   5   4   0   0   8  0.29 0.12
   56 V     1   0  -2  -1  -2  -2  -2   1   0  -1  -2  -2   1  -2   1  -1   1  -3   2   2   14   5   0   4   0   0   0  12   3   0   0   0   4   0   9   0  12   0   9  29  0.18 0.13
   57 R    -1   3   1  -1  -4   1   2  -3   1  -1  -3   3  -2  -4   0   0   0  -4  -2  -2    4  23   6   0   0   5  12   0   4   6   0  24   0   0   5   6   5   0   0   0  0.35 0.13
   58 Q    -2   3   1  -1  -4   4   3  -3  -2  -4  -4   3  -3  -4  -3   0  -1   5  -2  -4    0  16   5   0   0  23  18   0   0   0   0  18   0   0   0   6   3  11   0   0  0.63 0.20
   59 Y    -1  -3  -3  -3  -3  -2  -3  -3  -1  -3  -1   0  -2   1  -4   2   1   4   6  -2    4   0   0   0   0   0   0   0   0   0   7   7   0   4   0  19  11   7  42   0  0.70 0.24
   60 D    -1   0   2   2  -3   1   0  -2  -2  -1  -2   0  -2  -3  -2   2   2  -4  -1  -1    2   4  13  16   0   6   3   0   0   5   3   6   0   0   0  20  17   0   2   3  0.25 0.11
   61 Q     0   0   4   2  -3   3   0  -1   1  -4  -4   1  -2  -4  -2   1   1  -4  -3  -3    6   3  24  11   0  19   1   2   4   0   0  10   0   0   0  12   8   0   0   0  0.42 0.15
   62 V    -2   2  -3  -4  -2  -2  -3  -4  -3   2   2  -2   2  -1  -4  -3   0  -3   0   4    0  13   0   0   0   0   0   0   0  10  22   0   6   0   0   0   5   0   3  40  0.43 0.17
   63 P     0   1  -2  -1  -3   0   3  -3   2  -1   0   0  -1  -2   2  -1   1  -3  -1  -1    7  10   0   0   0   2  24   0   9   2  14   3   0   0  12   0  14   0   2   2  0.24 0.12
   64 I    -2  -3  -4  -1  -3  -3  -3  -4  -4   4   2  -1   0  -1  -4  -3  -2   6  -2   3    0   0   0   4   0   0   0   0   0  31  22   5   0   0   0   0   0  15   0  23  0.62 0.19
   65 E    -2   2   0   1  -4   3   4  -1   2  -3  -1   3  -2  -4  -3  -1  -2  -4  -3  -3    0  10   2   7   0  14  31   3   5   0   8  20   0   0   0   0   0   0   0   0  0.46 0.16
   66 I    -1  -2  -3  -3  -2  -2  -1  -4   2   3   1  -1   0   1   0  -1  -2  -2   1   1    3   0   0   0   0   0   4   0   8  35  12   5   0   6   5   5   0   0   7  10  0.22 0.12
   67 C    -1   2   0   0   4   0   3   0  -2  -2  -1   2  -2  -1  -3  -1  -2  -3  -2  -2    4  14   4   3  13   2  23   9   0   2   5  15   0   3   0   1   0   0   0   2  0.24 0.11
   68 G    -2  -3   3   3  -4   0  -1   4   0  -4  -2  -2  -3  -4  -1  -1  -1  -4  -4  -4    0   0  15  21   0   4   2  42   2   0   7   0   0   0   2   0   4   0   0   0  0.59 0.18
   69 H    -2   2   0  -2  -4   1   1   0   3  -4  -4   4  -3  -4   2   0  -2  -4  -3  -4    0  10   2   0   0   6   8   9   9   0   0  40   0   0  12   4   0   0   0   0  0.53 0.17
   70 K    -1   1   1   0  -3   1   0   0   1  -1  -2   2   0   2  -2   0   0  -2   0  -1    0   8  10   2   0   9   5   6   3   7   0  17   2  12   0   6   8   0   3   1  0.13 0.08
   71 V     1   1  -2  -3  -2  -1  -2   2  -2   2   0  -2  -1  -2  -3  -1  -1  -3   1   2   11   9   0   0   0   2   0  23   0  16   9   0   0   0   0   2   2   0   6  20  0.18 0.10
   72 V    -2   2  -2  -2   1   0   1  -3   0   2  -1   2  -1  -1  -3  -1   3  -4  -2   0    0  16   0   0   3   4   9   0   2  23   0  13   0   2   0   0  23   0   0   4  0.25 0.14
   73 S     0   0  -2  -2  -3  -2  -2   3   3   1  -2  -1   0   1  -3   0   1  -3  -1   0    6   5   0   0   0   0   0  29  10  14   0   4   3   8   0   6  10   0   0   5  0.21 0.11
   74 T    -1  -1  -1   0  -3   1  -1  -3   1  -2  -3  -1  -2  -4   4   1   4  -4  -3  -2    0   3   0   6   0   8   0   0   4   2   0   3   0   0  21  12  42   0   0   0  0.61 0.21
   75 V    -2  -3  -4  -4   2  -3  -3  -4  -4   3   0  -1   1   3   3  -3  -2  -3  -1   3    0   0   0   0   6   0   0   0   0  21   5   5   3  14  16   0   0   0   0  30  0.44 0.16
   76 L    -2  -3  -4  -5  -3  -3  -4  -5  -3   2   4  -3   3   1  -4  -3  -2  -2   2   2    0   0   0   0   0   0   0   0   0  13  47   0  11   4   0   0   0   0  10  15  0.59 0.18
   77 I    -2  -4  -4  -4  -2  -3  -4  -4  -4   3   2  -4   0   2  -4  -3   0  -3   0   4    0   0   0   0   0   0   0   0   0  18  18   0   0  12   0   0   7   0   2  44  0.54 0.18
   78 G     0  -3  -2  -3  -2  -2  -3   4  -3   1   1  -2  -1   0   1   0   0  -3  -2   1    3   0   0   0   0   0   0  35   0   8  17   0   0   5   6   9   8   0   0  10  0.28 0.12
   79 P    -1  -3   2   3  -4  -2  -1  -3  -3  -4  -5  -2  -4  -5   6   1  -2  -5  -4  -4    4   0  12  20   0   0   2   0   0   0   0   0   0   0  49  13   0   0   0   0  1.16 0.26
   80 T     0  -3  -1  -3   5  -3  -3  -3  -3   1   1  -3  -1  -3  -3   0   5  -4  -3   0    5   0   2   0  17   0   0   0   0   7  12   0   0   0   0   5  46   0   0   6  0.58 0.21
   81 P    -3  -4  -4  -4   2  -3  -3  -4  -4  -3  -1   0  -3  -5   8  -3  -3  -5  -5  -1    0   0   0   0   6   0   0   0   0   0   7   5   0   0  78   0   0   0   0   5  1.91 0.36
   82 L     0  -4  -4  -4  -2  -3  -4  -4  -3   3   1  -3   0   0  -4  -3  -2   3   1   4    9   0   0   0   0   0   0   0   0  16   8   0   0   4   0   0   0   5   6  52  0.57 0.19
   83 N    -2  -2   6   2  -4   1   1  -2  -1  -4  -5  -2  -4  -5   3   0   0  -5  -4  -4    0   0  53   8   0   5   7   0   0   0   0   0   0   0  16   5   6   0   0   0  0.88 0.25
   84 V    -3  -4  -5  -5  -3  -4  -5  -5  -5   5   4  -4   0  -1  -4  -4  -2  -4  -3   2    0   0   0   0   0   0   0   0   0  48  44   0   0   0   0   0   0   0   0   8  0.88 0.24
   85 I    -3  -4  -5  -5  -3  -4  -5  -5  -4   4   3  -4   0   2  -5  -4  -3   8  -1   0    0   0   0   0   0   0   0   0   0  29  39   0   0  10   0   0   0  22   0   0  0.99 0.25
   86 G    -2  -4  -2  -3  -5  -4  -4   7  -4  -6  -6  -4  -5  -5  -4  -2  -4  -5  -5  -5    0   0   0   0   0   0   0 100   0   0   0   0   0   0   0   0   0   0   0   0  2.00 0.38
   87 R    -4   8  -3  -4  -6  -1  -2  -5  -2  -5  -4   0  -4  -5  -4  -3  -3  -5  -4  -5    0 100   0   0   0   0   0   0   0   0   0   0   0   0   0   0   0   0   0   0  2.04 0.43
   88 N    -3  -3   5   7  -5  -2  -1  -3  -2  -5  -5  -2  -5  -5  -3   0  -2  -6  -5  -5    0   0  30  64   0   0   0   0   0   0   0   0   0   0   0   6   0   0   0   0  1.38 0.32
   89 V     0  -3   1  -3   2  -3  -3  -4  -3   3   3  -3   2   0  -4  -2  -2  -3  -2   2    7   0  12   0   5   0   0   0   0  29  28   0   5   2   0   0   0   0   0  12  0.35 0.14
   90 M    -3  -4  -5  -5  -3  -3  -4  -5  -4   0   5  -4   5  -1  -5  -4  -3  -3  -3  -1    0   0   0   0   0   0   0   0   0   0  79   0  21   0   0   0   0   0   0   0  1.16 0.31
   91 T     1   0   0  -2  -3   4   0  -2  -2  -1  -3   0  -2  -4  -2   2   3  -4  -3  -2    9   3   2   0   0  27   2   0   0   6   0   5   0   0   0  16  30   0   0   0  0.44 0.19
   92 Q     0   2  -1   1  -4   5   0   0   0  -4  -4   3  -2  -4  -2   0  -1  -4  -3  -3    8   8   0   6   0  35   2   7   2   0   0  22   0   0   1   7   1   0   0   0  0.50 0.18
   93 I    -1  -3  -4  -5  -3  -3  -4  -4  -4   3   4  -4   4   2  -4  -3  -2   3  -1   0    4   0   0   0   0   0   0   0   0  19  48   0  15   9   0   0   0   5   0   0  0.62 0.18
   94 G    -1  -2   1  -2  -4   1  -2   5  -3  -4  -4   2  -3  -4  -3  -1  -2  -4  -4  -2    0   0   7   0   0   6   0  63   0   0   0  20   0   0   0   0   0   0   0   4  0.90 0.22
   95 C     3  -2  -3  -4   5  -2  -3  -1  -3   2   1  -3   3  -2  -3  -1   0  -3  -3   1   31   1   0   0  18   0   0   2   0  13   9   0  13   0   0   0   5   0   0   8  0.37 0.14
   96 T    -1   3  -1  -2  -3   2   1  -1  -1  -2  -3   2  -2  -3  -2   1   3  -3   0  -2    0  16   0   0   0  13   6   3   0   3   0  18   0   0   0  12  25   0   4   0  0.33 0.13
   97 L    -3  -4  -5  -5  -3  -4  -4  -5  -4   4   5  -4   1   1  -4  -4  -2  -3  -2   0    0   0   0   0   0   0   0   0   0  28  67   0   0   5   0   0   0   0   0   0  0.82 0.21
   98 N    -1  -2   4  -1  -2   1  -1  -2   3  -1  -2  -1  -2  -3  -2   1   3  -4  -2   1    0   0  31   0   0   6   0   0  10   0   0   0   0   0   0  13  25   0   0  16  0.38 0.13
   99 F    -3  -3  -4  -4  -3  -3  -4  -4  -3   1   2  -3   5   6  -4  -3  -2  -1   1   0    0   0   0   0   0   0   0   0   0  10  17   0  27  47   0   0   0   0   0   0  0.71 0.15

                      K         Lambda
Standard Ungapped    0.1434     0.3230
Standard Gapped      0.0492     0.2670
PSI Ungapped         0.1609     0.3178
PSI Gapped           0.0492     0.2670
