
Last position-specific scoring matrix computed, weighted observed percentages rounded down, information per position, and relative weight of gapless real matches to pseudocounts
            A   R   N   D   C   Q   E   G   H   I   L   K   M   F   P   S   T   W   Y   V   A   R   N   D   C   Q   E   G   H   I   L   K   M   F   P   S   T   W   Y   V
    1 E    -4  -2  -2   5  -6   6   3  -4  -3  -6  -5  -2  -4  -6  -4  -3  -3  -5  -5  -5    0   0   0  39   0  41  20   0   0   0   0   0   0   0   0   0   0   0   0   0  1.38 0.51
    2 V     0  -4  -3  -4  -3  -2  -4  -4  -4   4   1  -3   1  -2   0  -1   0  -4  -3   4    7   0   1   0   0   2   0   0   0  27  12   0   3   0   5   5   7   0   0  30  0.48 0.26
    3 L    -1  -2  -4  -4  -5   6  -2  -2  -4  -1  -2  -1  -1  -5  -5  -3  -2   2  -4   4    5   1   0   0   0  41   0   3   0   1   3   4   2   0   0   0   2   3   0  35  0.93 0.52
    4 M    -4  -5  -6  -7  -4  -5  -6  -7  -6   1   5  -5   5  -3  -6  -5  -4  -5  -4   4    0   0   0   0   0   0   0   0   0   4  49   0  14   0   0   0   0   0   0  33  1.28 0.57
    5 T    -3  -4  -4  -4  -5   3  -1  -5   0   1  -3  -2  -4  -5  -5   0   6  -6  -5   0    1   0   0   0   0  15   3   0   2   7   1   2   0   0   0   5  56   0   0   7  1.10 0.60
    6 Q    -5  -3  -4  -3  -7   9   0  -6  -4  -4  -4  -1  -5  -3  -2  -5  -5  -7  -6  -6    0   0   0   1   0  86   5   0   0   1   2   2   0   1   2   0   0   0   0   0  2.44 1.02
    7 T    -1  -3   0  -2  -4  -2  -2  -1  -1  -4  -3  -3  -2  -4   4   4   3  -2  -4  -3    4   0   4   1   0   1   2   3   2   0   3   0   1   0  18  38  19   1   0   1  0.72 0.43
    8 P    -3  -3  -4  -1  -6   0   1   1  -4  -6  -6  -1  -5  -6   7  -2  -2  -6  -6  -5    1   1   0   4   0   4   8  10   0   0   0   4   0   0  61   3   2   0   0   1  1.60 0.66
    9 L     1   2  -2  -1  -3   0   0   1  -1  -2  -1   1  -2  -3   2   2   0  -4  -3  -3   14  14   0   2   0   3   5  13   2   1   6   8   1   1   9  15   5   0   0   0  0.22 0.19
   10 S     1  -2  -2  -1  -2  -1   0  -1   1  -2  -2  -1  -3   0  -2   4   1   0   1  -2   10   1   0   3   1   2   5   4   3   2   5   2   0   5   1  40   7   1   5   3  0.37 0.32
   11 L    -1  -2  -2  -4  -4  -2   1  -4  -3   1   3  -1   1  -2  -5  -3  -2  -5  -4   4    5   2   2   1   0   2   9   1   0   7  33   3   3   1   0   0   2   0   0  30  0.52 0.35
   12 P     0  -2  -1  -2  -3  -1  -1  -3  -3   0   1  -1  -1  -2  -1   3   2  -4  -2   2    6   2   3   2   0   3   3   1   0   6  12   2   1   1   2  29  12   0   1  14  0.27 0.25
   13 V     2  -1  -5  -5  -4  -4  -3   0  -5  -1  -2   1  -3  -5  -3  -3   0  -2  -5   6   17   4   0   0   0   0   2   7   0   0   2   8   0   0   1   1   5   1   0  52  0.80 0.50
   14 N     1   0  -2  -3  -4   3   0  -2  -3  -4  -3   3  -3  -4   0   3   1  -5  -4  -1   13   3   1   0   0  15   4   2   0   0   2  21   0   1   4  21   9   0   0   5  0.46 0.36
   15 L    -1   0  -2  -4  -5  -3   2  -5  -5  -2   1  -2  -1  -5   6  -3   1  -6  -5   0    4   6   2   0   0   1  12   0   0   2  15   2   1   0  38   1   8   0   0   8  0.81 0.47
   16 G    -4  -5   0  -3  -7  -6  -5   7  -3  -8  -8  -3  -7  -8  -6   0  -3  -7  -7  -7    0   0   4   1   0   0   0  82   1   0   0   1   0   0   0   7   2   0   0   0  2.05 0.85
   17 D     1  -1  -2   2  -5   4   3   2  -1  -5  -5   0  -3  -3  -4   0  -1  -5  -5  -4   13   2   0  10   0  22  18  16   1   0   1   4   0   1   0   8   3   0   0   0  0.57 0.40
   18 Q    -2   1   1  -1  -5  -1  -2  -4  -2  -3  -4   0   0  -5   0   4   4  -6  -5  -4    1   9   6   3   0   3   2   0   1   2   1   5   3   0   4  35  25   0   0   1  0.67 0.48
   19 A     3  -5  -6  -6  -4  -5  -6  -6  -4   0   2  -4  -1  -4  -6  -3  -2  -6  -5   6   23   0   0   0   0   0   0   0   0   3  20   1   1   0   0   1   2   0   0  49  1.08 0.58
   20 S    -3   2  -1  -4  -5   0   0  -5  -4  -2  -3   3   0  -2  -4   2   5  -6  -5  -2    1  12   3   0   0   4   5   0   0   2   2  17   2   1   0  14  34   0   0   2  0.65 0.46
   21 I    -5  -6  -7  -7  -5  -6  -6  -7  -6   4   5  -6   3   1  -6  -6  -5  -5  -4   0    0   0   0   0   0   0   0   0   0  23  60   0   6   6   0   0   0   0   0   4  1.41 0.63
   22 S    -3   0   1  -3  -5  -1  -2  -4   1  -4  -4  -1  -5  -6   0   5   4  -2  -3  -5    0   5   7   1   0   3   2   0   3   1   1   3   0   0   5  38  29   1   1   0  0.87 0.56
   23 C    -6  -9  -8  -9  12  -8  -9  -8  -8  -7  -7  -8  -7  -8  -8  -6  -6  -8  -8  -6    0   0   0   0  99   0   0   0   0   0   0   0   0   0   0   0   0   0   0   0  4.60 1.47
   24 R     1   2  -2  -2  -3   2   1  -1  -1  -1  -3   2  -2  -4  -3   1   3  -3  -3  -1   11  10   1   1   0   8   8   4   2   3   1  14   1   0   1   9  22   0   0   4  0.31 0.25
   25 S     4  -3  -2  -3  -3  -1  -3   0  -3  -1   0  -3  -1   1  -2   1   0  -3   1   1   34   1   1   1   0   2   1   6   0   2   7   1   1   7   2  10   5   0   6  12  0.32 0.25
   26 S    -1  -1   0  -1   0  -2  -3  -3  -3  -1  -3  -2  -3  -4  -3   6   2  -1  -3  -2    3   3   4   3   2   1   1   1   0   4   2   2   0   1   1  54  12   1   1   2  0.80 0.44
   27 Q    -1   0   1  -1  -2   3   0   1  -1  -1  -1   0  -1  -2  -1   2   1  -2  -1  -1    4   4   6   3   1  15   4   9   1   3   4   5   2   2   3  19   9   1   2   3  0.16 0.11
   28 T    -1  -1   0   1   0   0  -1   2  -1  -2  -1  -1  -2   0  -1   3   0  -2  -2  -2    3   3   4   9   2   3   3  18   1   2   7   4   1   4   2  26   4   1   1   3  0.20 0.13
   29 I     0   0   0   0   0   0  -1   0   0   1   0  -1   0   0  -1   0   0  -1   0   1    7   4   4   4   2   3   3   6   2  14  10   4   2   3   3   9   5   1   4  11  0.01 0.02
   30 V    -1  -1  -1  -1  -2  -1  -1   3  -1   0   0  -1  -1   0   1   0   0  -2   1   0    3   4   3   2   0   1   4  23   1   4  11   3   1   4   7   9   5   0   5   8  0.11 0.09
   31 Y    -1  -1  -1  -1  -2   0  -1   0   0  -1  -1  -1  -1   3   1   1   0   1   3   0    5   2   2   2   1   5   3   6   3   4   6   3   1  13   7  11   7   2  10   6  0.11 0.10
   32 S    -1  -1   2   0  -2   0  -1   0  -1   0  -2  -1  -2  -2   0   2   3  -3  -1  -1    2   2   9   4   0   3   4   7   1   6   4   3   0   2   5  16  25   0   2   2  0.23 0.19
   33 N    -1  -2   1  -1  -3  -2  -2  -1   1   0   0  -1  -2   4   0   1   0  -2   1  -1    3   1   8   4   0   1   2   4   4   7   9   3   0  23   5  12   5   0   4   3  0.21 0.17
   34 G     0   0   1  -2  -1  -1  -1   2   1  -1  -2   0  -2  -3   0   2   2  -3  -1  -2    8   4   5   2   1   3   3  17   3   3   4   4   0   1   5  22  12   0   2   1  0.22 0.17
   35 N    -1   0   3   1  -3   0  -2   0   3  -2  -3  -1  -1  -1  -2   3   0   2   0  -3    2   4  14   9   0   3   1   7   7   3   2   3   2   2   2  25   4   3   3   2  0.29 0.24
   36 T    -2  -2   1  -1  -3  -1  -2   0   0  -3  -2   0  -1   2   0   1   1   2   5  -3    3   1   8   4   1   2   1   7   1   1   3   5   2   9   5  10   8   2  26   1  0.40 0.29
   37 Y     1   0   0  -1  -1  -3  -3  -1  -1  -3  -2  -2  -3   0  -2   1   0   5   5  -1   10   5   6   3   1   0   1   5   1   1   2   2   0   4   2  12   4   9  25   5  0.47 0.31
   38 L    -1  -5  -5  -6  -1  -4  -5  -5  -5   3   3  -5   6  -2  -3  -2  -4   3  -3   3    4   0   0   0   1   0   0   0   0  18  25   0  24   1   1   4   0   4   0  16  0.90 0.48
   39 E     0  -2   3  -1  -3   0  -1  -1   4  -3  -2  -2  -2   1  -4   2   0   2   3  -4    7   1  15   3   0   4   4   4  12   1   3   2   1   7   0  16   5   2  11   0  0.35 0.29
   40 W    -7  -7  -7  -7  -6  -6  -7  -7  -6  -7  -4  -7  -6  -2  -7  -7  -7  13  -3  -7    0   0   0   0   0   0   0   0   0   0   2   0   0   1   0   0   0  91   0   0  4.66 1.48
   41 Y    -3  -4  -5  -4  -5  -5  -5  -5  -2   1   0  -5   0   3  -5  -4  -4   0   7   3    1   1   0   1   0   0   0   1   1   7   9   0   3  10   0   1   0   1  39  23  1.14 0.54
   42 L    -4   6  -3  -4  -6   5  -3  -5  -2  -5  -2   1  -4  -2  -5  -3  -3  -5  -3  -1    0  43   1   0   0  29   0   0   1   0   4   8   0   2   0   1   2   0   1   6  1.23 0.64
   43 Q    -3  -2  -2  -2  -6   8   0  -5   1  -6  -5  -1  -1  -6  -3  -3  -3  -5  -5  -5    2   1   2   2   0  72   4   1   4   0   1   3   2   0   2   2   2   0   0   1  1.90 0.87
   44 K     1   2  -1   0   0   0  -1  -2   0  -3  -3   4  -2  -2   2   0  -1  -4  -1  -2   13   9   2   5   2   3   2   2   3   1   2  29   1   2  10   5   4   0   3   2  0.33 0.25
   45 P    -1  -3  -3  -3  -5  -1  -1  -4  -1  -3  -2  -3  -1  -5   7   0  -1  -5  -5  -2    5   1   1   1   0   3   4   1   2   1   5   1   2   0  59   7   3   0   0   3  1.39 0.61
   46 G    -1  -3   2   0  -6  -2  -1   6  -2  -6  -6  -4  -3  -6  -5  -1  -4  -6  -6  -5    5   2   8   6   0   2   4  66   1   0   0   0   1   0   0   4   0   0   0   1  1.37 0.63
   47 Q    -1   1   0  -2  -1   5   0  -1   2  -5  -4   4  -4  -5  -1   0  -1  -5  -2  -4    4   5   4   2   2  23   6   4   5   0   1  31   0   0   3   5   3   0   1   1  0.65 0.44
   48 S     2   0  -2  -1  -3   1  -1   4  -4  -3  -3  -1  -4  -2   2   1  -1  -5  -2  -3   17   4   2   2   0   6   3  32   0   1   2   3   0   2  11   9   4   0   1   1  0.47 0.32
   49 P    -4  -5  -3  -2  -6  -4  -2  -3  -6  -3   4  -5  -1   0   6  -3  -5  -6  -5  -3    1   0   2   2   0   0   3   2   0   1  37   0   1   5  42   2   0   0   0   1  1.23 0.63
   50 K    -3   2  -3  -3  -6   3   5  -3  -4  -4  -4   3  -4  -6  -3  -2   0  -6  -5   0    1  11   0   0   0  14  35   2   0   1   1  20   0   0   1   2   5   0   0   7  0.83 0.51
   51 L    -2  -2  -3  -3  -4  -3  -2  -1  -1  -2   3  -2  -2   4  -3  -3  -1   8   2  -1    3   2   1   1   0   1   3   5   2   2  28   3   0  15   1   1   3  21   5   3  0.79 0.41
   52 L    -3  -3  -6  -6  -4  -5  -5  -6  -6   3   5  -5   2  -1  -4  -5  -3   4  -4   2    2   2   0   0   0   0   0   0   0  18  53   0   5   2   1   0   1   5   0  11  1.03 0.51
   53 I     0  -5  -4  -3  -4  -4  -5  -1  -1   6   1  -4   2   0  -4  -1   0  -4   0   0    7   0   0   1   0   0   0   6   2  44  12   1   5   4   1   4   5   0   3   4  0.66 0.39
   54 Y    -3   0  -1  -4  -5  -2  -4  -1  -1  -4  -3   1  -4   0  -4   0  -2   2   8  -2    2   5   2   1   0   1   1   6   1   0   2   8   0   3   1   7   2   3  52   2  1.24 0.63
   55 K     0   0   0   0  -2   0   0   1  -2   1  -1  -1  -1   0   0   1  -1   2   2  -1    5   7   5   5   1   3   4  10   0  11   5   2   0   4   4  13   3   3  11   3  0.07 0.12
   56 V     1   0   2   1  -3   0  -1   0  -1   0  -2  -1  -1  -1  -1   1   1  -1   0  -1   15   5  10   7   0   3   3   8   1   6   1   2   1   3   3  13   9   1   4   4  0.11 0.13
   57 S    -2  -2   2   0  -4  -1  -2   0  -4  -3  -3  -2  -4  -5  -2   5   2  -3  -2  -4    1   2   9   5   0   2   2   8   0   2   2   2   0   0   2  49  11   0   2   1  0.74 0.50
   58 N    -2   0   4   1  -4   1   1   0  -1  -3  -3   0  -3  -4  -1   2   2  -5   0  -3    2   3  19   9   0   6   8   6   1   1   3   6   0   0   3  15  13   0   3   1  0.33 0.28
   59 R    -2   2   1  -2  -4   1   0   1  -3  -3   2   2   0  -3  -4   0  -1  -2   1  -2    2  15   7   1   0   6   6  11   0   0  21  12   2   0   0   5   4   0   5   2  0.22 0.23
   60 F     2  -1   0  -1  -3   1   1   1   1  -1  -2   0  -2   0   2   0  -1  -3   2  -1   18   2   3   3   0   6   8  11   3   4   3   4   0   4   9   6   3   0   9   4  0.13 0.15
   61 S    -1   0   2   1  -4  -2   0   0  -3  -3  -5   0  -4  -5   2   3   2  -5  -1  -4    3   5  11   8   0   1   5   7   0   1   0   6   0   0  10  28  13   0   2   0  0.44 0.34
   62 G    -1   0   1   1  -4  -1  -1   5  -3  -1  -3  -2  -1  -4  -1   0  -1   1  -1  -4    5   5   6   7   0   3   3  44   0   4   2   2   1   0   3   6   3   2   2   0  0.57 0.34
   63 V    -1  -3  -4  -4  -3  -2  -1  -4   0   2   0  -3   0   2  -2  -2   0  -3   3   4    5   1   0   0   0   1   4   1   2  13   7   1   1   9   2   2   7   0   9  34  0.45 0.30
   64 P    -1  -1  -1   1  -5   0  -1  -2   2  -5  -3   2  -4  -3   6   1  -1  -5  -2  -4    4   2   3   7   0   3   4   2   5   0   3  14   0   1  36  11   3   0   1   0  0.75 0.42
   65 D     0  -2   0   3  -1   1   1   2  -3  -4  -4  -1  -3  -3   1   2  -1  -4  -2  -2    8   2   3  17   1   6  11  15   0   0   1   3   1   1   6  19   2   0   1   3  0.34 0.25
   66 R    -4   8  -4  -5  -6  -3   0   0  -4  -6  -4   2  -5  -6  -5  -3  -3  -6  -5  -6    1  69   0   0   0   0   5   6   0   0   2  11   0   0   0   2   1   0   0   0  1.76 0.77
   67 F    -4  -3  -4  -6  -5  -5  -4  -4   0   0  -1  -3  -1   8  -6  -4  -3  -3   2   0    1   1   1   0   0   0   1   1   2   5   5   2   2  63   0   1   1   0   4   8  1.59 0.67
   68 S    -2  -1  -2  -3  -5  -1  -1  -4  -1  -2  -4   2  -3  -6  -4   5   4  -6  -5  -4    2   2   1   1   0   3   3   0   1   2   1  12   1   0   0  47  21   0   0   1  0.93 0.58
   69 G     2  -1  -2  -4  -4  -3  -2   4  -4   2  -2   0  -2  -4  -3  -1  -1   0  -4   1   16   3   1   0   0   1   2  36   0  14   2   6   1   0   1   3   3   1   0   9  0.50 0.34
   70 S    -1  -2   1   1  -5  -1  -1  -3  -2  -2  -4   1  -5  -3  -4   5   2   1  -5  -4    3   1   5   9   0   3   2   1   1   2   1   7   0   1   0  50  10   2   0   1  0.80 0.53
   71 G    -2   3   1  -1  -1   1  -1   2  -3  -4  -2   3   0  -3  -1  -1   1  -5  -4  -3    1  19   6   3   1   5   4  18   0   0   4  18   3   1   3   4   8   0   0   1  0.37 0.29
   72 S     0  -1   1   0  -5  -1  -1  -3  -4  -4  -3  -1  -5  -6   1   6  -1  -6  -3  -5    7   3   7   5   0   2   3   1   0   1   2   3   0   0   7  54   3   0   1   0  0.85 0.56
   73 G    -1   0   2  -1  -5   1  -2   4  -3  -3  -5   2  -2  -4  -2   1  -1  -5  -5  -4    5   5   9   4   0   5   1  36   0   1   0  15   1   0   2  10   3   0   0   1  0.56 0.36
   74 T    -1  -1   4   0  -4  -2  -2   0  -1  -4  -3  -1   0  -5  -3   3   3  -5  -2  -3    5   3  18   5   0   1   1   8   1   0   2   4   2   0   0  23  21   0   2   2  0.50 0.37
   75 D    -2   0   1   4  -4   2  -1  -4   1  -2  -2   1  -2  -3  -2   1   2  -5  -2  -3    3   4   6  21   0  10   2   0   4   3   5   7   1   1   1  12  17   0   1   1  0.35 0.30
   76 F     2  -3  -2  -5  -1  -5  -5  -1  -4  -2   0  -5  -3   6  -4  -2  -2  -3   3   1   18   2   2   0   1   0   0   5   0   1   8   0   0  37   1   2   2   0  10  11  0.80 0.45
   77 T    -1  -4  -3  -3  -4  -3  -2  -3   2  -1  -3  -4  -4   0  -3   3   4  -4   5  -1    4   0   1   1   0   1   2   1   4   3   1   0   0   3   1  24  27   0  21   4  0.76 0.51
   78 L    -6  -6  -8  -8  -6  -6  -7  -8  -7   2   6  -7   4  -2  -7  -7  -4  -6  -5  -2    0   0   0   0   0   0   0   0   0   9  78   0   9   1   0   0   1   0   0   2  1.77 0.79
   79 K    -3   1   0  -2  -3   3   0  -4   1   0  -2   1  -2  -3  -4  -1   5  -5  -4  -3    0   7   5   1   1  16   7   0   3   6   3   9   1   1   0   3  35   0   0   1  0.60 0.44
   80 I    -5  -6  -7  -7  -5  -6  -7  -7  -7   6   3  -2   6  -2  -7  -6  -5  -1  -5  -1    0   0   0   0   0   0   0   0   0  49  26   2  17   2   0   0   0   1   0   3  1.51 0.69
   81 S    -2   0   3  -1  -4   2  -1  -3   0  -4  -5  -1   0  -6  -3   5   2  -6  -5  -3    1   5  15   2   0  10   3   1   2   0   0   3   2   0   1  41  10   0   0   1  0.74 0.52
   82 R    -1   1   4   2  -4  -3  -2   1  -2  -6  -5  -1  -5  -6  -1   4  -2  -6  -3  -4    4   8  17  10   0   0   2  11   1   0   1   4   0   0   3  35   1   0   1   1  0.63 0.45
   83 V     1  -5  -6  -6  -4  -5  -6  -6  -6   1   4  -5   2   0  -5  -2  -2  -5  -4   4   10   0   0   0   0   0   0   0   0   7  44   0   6   3   0   3   3   0   0  25  0.85 0.48
   84 E    -4   4  -1  -2  -6   5   2  -4   0  -4  -4   2  -4  -6  -4  -1   2  -6  -5  -5    0  18   2   2   0  27  14   1   2   1   1  12   0   0   1   5  13   0   0   0  0.80 0.52
   85 A     2  -1  -4  -3   2  -1  -1  -4  -4  -2   0  -1   1  -2   4   2   1  -2  -2  -1   18   3   0   0   4   2   3   0   0   1   9   2   3   2  21  17   7   1   1   4  0.42 0.33
   86 D     0  -3   0   1  -6   0   6  -1  -1  -6  -6  -1  -4  -7  -5   1  -3  -7  -6  -3    9   1   3   6   0   2  54   5   1   0   0   3   0   0   0  11   0   0   0   2  1.04 0.62
   87 D    -7  -6  -1   8  -8  -1  -2  -6  -6  -8  -8  -5  -8  -8  -6  -5  -6  -9  -8  -8    0   0   2  92   0   2   1   0   0   0   0   0   0   0   0   0   0   0   0   0  2.83 1.13
   88 L     1  -3  -1  -2  -4   0   2  -3  -4  -3  -3  -3  -1   0  -4   3   4  -5  -4  -1   11   0   2   2   0   5  14   1   0   1   1   0   1   4   0  24  29   0   0   3  0.60 0.45
   89 G     6  -2  -5  -2  -5  -3  -5   4  -6  -6  -6  -5  -5  -6  -5  -2  -3  -6  -6  -4   59   2   0   2   0   1   0  32   0   0   0   0   0   0   0   2   1   0   0   1  1.43 0.72
   90 V    -2  -3  -2   1  -4  -4  -2  -5  -3   3  -1  -4   2  -1  -3  -1   4  -5   1   3    2   1   1   8   0   0   3   0   0  14   4   0   6   2   1   4  25   0   5  23  0.49 0.37
   91 Y    -7  -7  -7  -8  -7  -6  -7  -8  -3  -6  -4  -7  -6  -1  -8  -7  -6  -3  10  -6    0   0   0   0   0   0   0   0   0   0   2   0   0   2   0   0   0   0  94   0  3.52 1.25
   92 Y    -5  -6  -2  -6  -6  -2  -6  -7   0  -2  -1  -6  -4   5  -6  -4   0  -3   8  -1    0   0   2   0   0   2   0   0   2   3   5   0   0  19   0   1   5   0  55   4  1.76 0.75
   93 C    -6  -8  -8  -8  12  -8  -8  -7  -8  -6  -6  -8  -7  -7  -8  -6  -6  -7  -7  -6    0   0   0   0  97   0   0   0   0   0   0   0   0   0   0   0   0   0   0   0  4.48 1.40
   94 F     4  -3  -3  -3  -3   3   1  -1  -1  -4  -1  -2   1  -4  -4   0  -2  -5   0   0   42   0   0   1   0  16   7   3   1   0   6   1   4   0   0   5   2   0   3   7  0.57 0.42
   95 Q     0   2  -2  -3  -1   3  -1  -1   0   0  -1   0  -1  -3  -3   1   0  -4  -1   1    9  10   1   0   1  16   3   5   2   5   7   6   1   0   1  13   5   0   2  12  0.15 0.18
   96 G    -1  -1   0  -1  -4  -2  -1   2   0  -1  -2  -3   0   0  -4   1   0   5   3   0    2   3   5   4   0   1   3  18   2   4   3   0   3   4   0  14   4   8  13   7  0.28 0.23
   97 S     1  -1   3   2  -4  -1  -2   0   1  -2  -1  -2  -2  -1  -1   2   0   0   3  -2   10   3  15  10   0   2   1   6   3   2   6   1   0   2   2  16   4   1  12   2  0.22 0.22
   98 H     0  -1   3  -1  -3  -1   0   2   0  -2  -2  -1  -3  -2   1   2   0  -4   0  -3    7   2  14   2   0   2   6  15   2   2   4   3   0   2   6  22   5   0   4   1  0.24 0.21
   99 V    -1  -1   1   0  -3  -1   0  -1   0  -1  -1  -1  -2   1   2   2   0   1   3  -1    4   2   6   5   0   2   7   3   2   2   7   2   0   5   9  18   4   2  14   4  0.16 0.18
  100 P    -1  -1   0   1  -4  -2   0   0   1  -1  -2   0  -1   0   4  -1   0  -3   1  -1    4   3   4   8   0   0   7   9   4   3   3   5   2   4  25   4   6   0   5   3  0.31 0.20
  101 F    -2   0  -2   0  -4   0  -2  -4  -1   0   2  -1   3   1  -2  -2  -2   5   3   1    2   6   1   6   0   5   2   1   1   3  18   3   8   5   2   1   1   8  14  13  0.29 0.22
  102 T    -2  -4  -2  -4  -4  -2  -1  -2   1   0  -2  -4  -2  -1  -4   0   4   3   6   2    2   0   2   1   0   1   4   3   4   4   2   0   0   2   0   6  24   3  28  15  0.68 0.42
  103 F    -6  -2  -6  -4  -6  -3  -7  -7  -5  -3  -3  -6  -4   8  -7  -1  -3   7   0  -3    0   2   0   1   0   1   0   0   0   1   1   0   0  72   0   5   2  12   1   1  2.24 0.84
  104 G    -2  -6  -1  -5  -7  -6  -6   7  -6  -8  -8  -6  -7  -7  -6  -2  -6  -7  -7  -7    2   0   2   0   0   0   0  93   0   0   0   0   0   0   0   3   0   0   0   0  2.43 0.86
  105 S     1  -2  -1  -2   1   4   0   3   0  -5  -5   0  -4  -5   2   1   1  -5  -4  -4   10   1   2   1   3  21   4  21   2   0   0   6   0   0   9  11   9   0   0   0  0.46 0.32
  106 G    -4  -3  -5  -5  -7  -6  -6   8  -6  -8  -8  -6  -7  -7  -6  -4  -6  -7  -7  -5    0   2   0   0   0   0   0  97   0   0   0   0   0   0   0   0   0   0   0   1  2.57 0.88
  107 T    -4  -5  -4  -5  -5  -5  -5  -6  -6  -5  -5  -5  -5  -6  -5   0   8  -7  -6  -4    0   0   0   0   0   0   0   0   0   0   0   0   0   0   0   4  96   0   0   0  2.49 0.93
  108 K    -3   3  -3  -2  -5   0   2  -4  -2  -3   1   4   1  -3  -3  -1   2  -5  -4  -3    0  19   0   1   0   4  14   0   1   1  13  25   3   1   1   3  15   0   0   0  0.52 0.33
  109 L    -4  -6  -7  -7  -4  -5  -6  -7  -6  -1   5  -6   0  -3  -6  -5  -4  -5  -4   5    0   0   0   0   0   0   0   0   0   0  61   0   1   0   0   0   0   0   0  38  1.44 0.58
  110 E    -2  -2  -3  -3  -4  -2   2  -4  -4  -1  -1  -1  -3  -2  -4   1   5  -5  -1   1    1   2   0   0   0   1  15   0   0   3   6   3   0   2   0  10  45   0   2  11  0.65 0.40
  111 I    -4  -6  -6  -7  -4  -6  -6  -7  -7   3   0  -6  -2  -4  -6  -5  -4  -6  -5   7    0   0   0   0   0   0   0   0   0  14   5   0   0   0   0   0   0   0   0  81  1.78 0.65
  112 K    -2   4  -2  -2  -5   0   2  -3  -2  -4  -4   6  -3  -5  -3  -2  -2  -5  -3  -4    0  21   0   0   0   0  14   0   0   0   0  65   0   0   0   0   0   0   0   0  1.04 0.29

                      K         Lambda
Standard Ungapped    0.1349     0.3164
Standard Gapped      0.0497     0.2670
PSI Ungapped         0.1624     0.3178
PSI Gapped           0.0497     0.2670
