
Last position-specific scoring matrix computed, weighted observed percentages rounded down, information per position, and relative weight of gapless real matches to pseudocounts
           A  R  N  D  C  Q  E  G  H  I  L  K  M  F  P  S  T  W  Y  V   A   R   N   D   C   Q   E   G   H   I   L   K   M   F   P   S   T   W   Y   V
    1 V   -2 -4 -4 -4 -2 -3 -4 -4 -4  5  1 -3  0 -1 -3 -3 -1 -4 -2  4    0   0   0   0   0   0   0   0   0  61   2   0   0   0   0   0   0   0   0  36  0.68 0.13
    2 A    1 -3 -4 -4 -2 -2 -3 -3 -3  1  3 -3  3 -1 -3 -2 -1 -3 -2  2   19   0   0   0   0   0   0   0   0   0  44   0  12   1   0   0   0   0   0  25  0.39 0.11
    3 R   -1  2 -1  2 -4  3  4 -3 -1 -4 -4  3 -3 -4 -2  0 -2 -4 -3 -3    1   9   0   9   0  15  32   0   0   0   0  28   0   0   0   6   0   0   0   0  0.61 0.15
    4 L   -1 -4 -4 -5 -2 -3 -4 -5 -4  3  1 -4  3 -2 -4 -3  0 -4 -3  5    1   0   0   0   0   0   0   0   0  13   7   0   9   0   0   0   4   0   0  64  0.78 0.23
    5 G   -2 -4 -3 -3 -5 -3 -3  0 -4 -5 -5 -2 -5 -6  8 -2 -3 -6 -5 -5    0   0   1   0   0   0   0   9   0   0   0   2   0   0  86   1   0   0   0   0  2.27 0.38
    6 V   -2 -4 -5 -5 -2 -4 -4 -5 -5  1  0 -4  0 -3 -4 -3 -2 -5 -3  7    1   0   0   0   0   0   0   0   0   1   3   0   1   0   0   0   0   0   0  93  1.28 0.33
    7 S   -1 -4 -2 -3 -4 -3 -3  6 -3 -5 -5 -3 -4 -5 -3  2 -1 -4 -4 -4    0   0   0   0   0   0   0  74   0   0   0   0   0   0   0  23   3   0   0   0  1.29 0.28
    8 K   -1  1  0  2 -4  1  4 -3 -1 -3 -3  3 -2 -4  2 -1  0 -4 -3 -3    1   8   2  11   0   2  31   0   1   1   1  23   1   0  10   2   5   0   0   1  0.46 0.14
    9 E    2 -2 -1  3 -2  0  3  2 -2 -3 -3  0 -3 -3  0  0 -1 -4 -3 -2   25   0   1  21   0   2  23  14   0   1   0   3   0   0   3   2   2   0   0   2  0.37 0.13
   10 M   -2 -3 -3 -4 -1 -2 -3 -4 -3  0  2 -3  5 -1 -3 -1  4 -3 -1  2    1   0   0   0   1   0   0   0   0   2  27   0  21   1   0   1  32   0   2  13  0.49 0.19
   11 L   -3 -3 -5 -5 -3 -4 -4 -5 -4  2  5 -2  1 -1 -4 -4 -3 -3 -3  0    0   0   0   0   0   0   0   0   0   7  86   2   1   0   0   0   0   0   0   3  1.02 0.26
   12 G   -2 -4 -2 -3 -5 -4 -4  7 -4 -6 -6 -3 -5 -5 -4 -2 -3 -5 -5 -5    0   0   0   0   0   0   0  98   0   0   0   0   0   0   0   1   0   0   0   0  1.92 0.36
   13 R   -4  8 -2 -4 -6 -1 -2 -4  0 -5 -4  1 -4 -5 -4 -3 -3 -5 -4 -5    0  97   0   0   0   0   0   0   2   0   0   1   0   0   0   0   0   0   0   0  1.93 0.40
   14 R   -2 -3 -4 -5 -2 -4 -4 -5 -5  5  0 -4  2 -2 -4 -3 -1 -4 -3  5    0   2   0   0   0   0   0   0   0  40   2   0   5   0   0   0   1   0   0  49  0.86 0.24
   15 F   -3 -4 -4 -5 -3 -4 -4 -5 -3  1  1 -4  4  6 -4 -3 -2 -2  0  3    0   0   0   0   0   0   0   0   0   4  13   0  13  42   0   0   0   0   0  28  0.79 0.22
   16 N   -3 -3  7  4 -5 -2 -1 -2 -2 -5 -5 -2 -4 -5 -4  0 -2 -6 -4 -5    0   0  66  29   0   0   0   0   0   0   0   0   0   0   0   5   0   0   0   0  1.41 0.32
   17 G    2 -3 -3 -3 -2 -3 -3  3 -4  0 -2 -3 -1 -3  1 -1 -1 -4 -3  4   16   0   0   0   0   0   0  28   0   0   1   0   0   0   7   2   2   0   0  44  0.48 0.19
   18 I   -1 -3 -4 -4 -2 -3 -4 -3 -4  2  4 -3  2 -1 -4  0 -1 -3 -2  1    3   0   0   0   0   0   0   1   0  12  62   0   3   0   0  10   3   0   0   6  0.55 0.18
   19 G   -1 -4 -2 -3 -3 -4 -4  7 -4 -6 -6 -3 -4 -5 -4 -2 -3 -5 -5 -5    4   0   0   0   0   0   0  96   0   0   0   0   0   0   0   0   0   0   0   0  1.83 0.35
   20 K   -2  2  3  1 -4  3  4 -3 -1 -4 -4  2 -2 -4 -3 -1 -1 -4 -3 -3    0  13  15   7   0  15  33   0   1   0   0  14   0   0   0   0   1   0   0   0  0.60 0.18
   21 P   -2 -4 -4 -4 -3 -3 -3 -4 -4 -3 -4 -3 -4 -6  8 -2 -1 -6 -5 -2    2   0   0   0   0   0   0   0   0   1   0   0   0   0  88   1   4   0   0   3  2.33 0.39
   22 I   -3 -3 -4 -5 -3 -4 -4 -5 -5  6  1 -2  0 -2 -4 -4 -2 -4 -3  3    0   1   0   0   0   0   0   0   0  69   8   3   1   0   0   0   0   0   0  17  0.93 0.25
   23 D   -4 -4  0  8 -6 -2  0 -3 -3 -5 -6 -3 -5 -6 -4 -2 -3 -6 -5 -5    0   0   2  98   0   0   0   0   0   0   0   0   0   0   0   0   0   0   0   0  2.06 0.40
   24 G   -1 -2  2  0 -4 -1  3  5 -1 -4 -3  0 -2 -4 -3 -1 -2 -4 -4 -4    0   1  10   2   0   1  23  54   1   0   2   4   1   0   0   0   0   0   0   0  0.78 0.21
   25 L    0  1 -1 -2 -1  1 -1  3 -2 -2  0  3  0 -3 -3 -1 -2 -4 -3 -2    6   6   1   1   1   5   2  29   0   0  12  33   4   0   0   0   0   0   0   1  0.35 0.14
   26 P   -1 -4 -2 -2 -4 -3 -1  6 -4 -5 -5 -2 -4 -5  5 -2 -3 -4 -5 -4    1   0   0   1   0   0   5  64   0   0   0   1   0   0  27   1   0   0   0   0  1.27 0.27
   27 P   -1 -2 -1  2 -4 -1  2 -3 -3 -4 -4  0 -3 -5  7 -2 -2 -5 -4 -3    5   1   2  11   0   2  19   0   0   1   1   4   1   0  53   0   1   0   0   0  1.18 0.24
   28 I   -2 -4 -5 -4 -2 -3 -4 -5 -5  6  1 -4  0 -1 -2 -4 -2 -4 -3  3    1   0   0   0   0   0   0   0   0  61   7   0   0   2   2   0   0   0   0  25  0.84 0.23
   29 T    0 -1  1  0 -2  1  1  0  0  0  0  1 -1 -2  0  0  0 -3 -2  0    7   1  11   5   0   5  12   6   2  11   8  11   0   1   5   3   5   0   1   8  0.06 0.04
   30 P    3 -2  0 -1 -1 -1 -1  0 -2 -2 -3 -1 -2 -3  3  1  2 -4 -1 -1   33   0   4   2   1   1   3   4   0   1   0   1   0   1  17   9  17   0   2   3  0.36 0.13
   31 E   -1 -1  0  3 -3  0  3 -1 -1 -3 -3  2 -3 -4 -2  1  1 -4 -3 -2    4   0   2  22   0   2  26   3   0   1   0  15   0   0   1   9  12   0   0   3  0.40 0.14
   32 K   -1  0  0  2 -2  1  4 -2  0 -3 -2  3 -2 -4 -2 -1  0 -4 -3 -2    4   1   2  10   1   5  36   2   2   1   3  23   1   0   1   1   6   0   0   2  0.41 0.14
   33 R   -2  4 -1 -2 -3  0 -1 -3  0 -2 -2  1 -1  1 -3  0  2 -2  4 -2    0  33   1   0   0   1   2   0   1   1   1   9   1   7   0   4  16   0  20   2  0.45 0.17
   34 L   -2  4 -1 -2 -3 -1 -2 -3 -2 -1  1  0  2 -1 -3 -1 -2  6  1 -1    2  34   2   2   0   2   1   1   0   1  21   1   7   1   0   5   0  13   4   3  0.43 0.16
   35 P   -1  1 -1  3 -4 -2  0 -2 -2 -3 -1 -1 -3 -3  6  0 -2 -4 -3 -3    4   8   2  21   0   0   4   1   1   1   6   1   0   1  40   8   1   0   0   1  0.74 0.18
   36 I   -2 -5 -5 -5 -3 -4 -5 -5 -5  7  0 -4  0 -2 -5 -4 -2 -4 -3  3    2   0   0   0   0   0   0   0   0  84   1   0   1   0   0   0   0   0   0  13  1.26 0.31
   37 T   -3 -2  3  1 -4  0  3 -3  8 -4 -4 -2 -2 -3 -3 -2 -1 -1  0 -2    0   0  13   7   0   3  22   0  44   0   0   0   0   1   0   1   3   1   1   3  0.91 0.25
   38 G   -1  4 -1 -2 -3  0 -1  3 -2 -2 -3  1 -2 -4 -3  1 -1 -4 -3  0    3  38   1   0   0   3   2  25   0   1   1   5   1   0   0  11   0   0   0   9  0.46 0.16
   39 L    1 -1  0  1 -3  1  2 -2 -1 -2 -2  2 -1 -3  3  1 -1 -4 -2 -2   11   0   3   6   0   6  12   0   0   3   2  21   1   0  19  11   2   0   1   2  0.34 0.11
   40 P    5 -3 -3 -3 -3 -3 -3 -2 -3 -3 -3 -2 -3 -4  4  0 -2 -5 -4 -2   72   0   0   0   0   0   0   0   0   0   0   0   0   0  24   3   0   0   0   1  1.09 0.29
   41 L   -3 -4 -4 -4 -4 -3 -3 -4 -4  2 -1 -3  1 -4  8 -3 -3 -5 -4 -2    0   0   0   0   0   0   0   0   0  17   4   0   4   0  73   0   0   0   0   0  1.78 0.33
   42 N    1 -1  4 -1 -3 -1  0  3 -2 -3 -3  0 -2 -4 -1  1  0 -4 -3 -3   11   0  26   1   0   0   4  29   0   0   2   7   0   0   3  13   5   0   0   0  0.43 0.14
   43 P   -3 -4 -4 -4 -3 -4 -4 -4 -3  3  0 -3 -1  5  4 -3 -2 -2  3  1    0   0   0   0   0   0   0   0   0  22   5   0   0  29  25   0   0   0  10   8  0.73 0.20
   44 V    0 -2 -1  1 -2 -1  1 -3 -1  2  0 -2  1 -1 -3  0  1  0  1  2    9   1   1   9   0   2  12   0   1  21   2   0   5   1   0   4   8   1   6  16  0.12 0.08
   45 A    1 -1  0  3 -1  1  3 -2 -2 -3 -3 -1 -2 -4  2  1 -1  0 -2 -3   18   0   2  17   1   7  28   0   0   0   0   1   1   0   9  11   1   1   0   1  0.41 0.14
   46 R   -3  6 -2 -3 -4  4 -1 -4 -2 -3  1  0 -1 -4 -4 -2 -3 -4 -3 -3    0  54   0   0   0  26   0   0   0   1  19   0   0   0   0   0   0   0   0   0  0.94 0.27
   47 R    1  1  1  1 -3  1  2 -1 -1 -2 -3  2 -2 -3 -2  2  0 -4 -3 -2   11   6   4   9   0   5  14   1   0   3   0  21   0   0   0  19   4   0   0   2  0.26 0.10
   48 K    0 -2 -1 -2 -3 -1 -2 -2 -1 -2 -3 -1 -2 -1  1  3  3 -2  4 -1    3   0   2   0   0   0   1   2   1   0   0   1   0   2   7  32  27   0  17   3  0.42 0.18
   49 P   -1 -1 -2 -2 -2  0  0 -2 -2 -1 -2  1 -2 -3  4  1  0 -4 -3  3    3   2   1   1   0   2   7   1   0   0   0  13   0   0  25  10   5   0   0  29  0.42 0.15
   50 E    0  0  0  0 -1  1  1 -2  4 -1 -2  0 -1 -2  0  1  1 -3  0 -1    9   3   4   5   1   4  13   1  15   2   3   3   0   0   5  11  13   0   3   6  0.16 0.08
   51 Q   -2 -1 -1  2 -5  2  6 -4 -1 -5 -5 -1 -4 -5 -3  0 -2 -5 -4 -4    1   1   1   7   0   9  74   0   0   0   0   1   0   0   0   4   1   0   0   1  1.15 0.29
   52 F   -2 -3 -4 -4 -3 -2 -3 -4 -3  3  0 -3  3  3  5 -2 -2 -3 -1  1    2   0   0   0   0   2   0   0   0  22   7   0  12  19  29   1   0   0   0   7  0.63 0.18
   53 I   -3 -4 -4 -5 -3 -3 -4 -5 -4  3  3 -4  4  3 -4 -3 -2 -2 -1  1    0   0   0   0   0   0   0   0   0  24  40   0  12  18   0   0   0   0   0   6  0.65 0.18
   54 Q   -1 -1 -2 -1 -4  6  5 -4 -2 -3 -4 -1 -2 -5 -2 -1 -2 -4 -3  0    3   0   0   0   0  46  39   0   0   0   0   0   0   0   1   3   1   0   0   8  0.95 0.28
   55 T   -2 -3 -2 -3 -3 -3 -3 -4 -4 -3 -3 -3 -3 -4 -3  0  7 -5 -4 -2    0   0   0   0   0   0   0   0   0   0   0   0   0   0   0   1  99   0   0   0  1.71 0.42
   56 G   -2 -4 -2 -3 -5 -4 -4  7 -4 -6 -6 -4 -5 -5 -4 -2 -4 -5 -5 -5    0   0   0   0   0   0   0 100   0   0   0   0   0   0   0   0   0   0   0   0  1.99 0.37
   57 I   -3 -5 -5 -5 -3 -4 -5 -5 -5  6  2 -4  0 -2 -5 -4 -2 -4 -3  2    0   0   0   0   0   0   0   0   0  77  13   0   0   0   0   0   0   0   0   9  1.15 0.28
   58 S   -2  0 -2 -2 -4 -1 -1 -3 -3 -2 -4  6 -3 -5 -3  3  0 -5 -3 -3    0   0   0   0   0   0   0   0   0   2   0  68   0   0   0  25   3   0   0   1  0.96 0.29
   59 T    3 -3 -3 -3 -1 -3 -3 -2 -4  0 -1 -3 -1 -3 -3  0  1 -4 -3  4   37   0   0   0   0   0   0   1   0   1   0   0   0   0   0   7   8   0   0  46  0.55 0.21
   60 I   -3 -5 -5 -5 -3 -4 -5 -5 -5  7  0 -4 -1 -2 -5 -4 -2 -4 -3  3    0   0   0   0   0   0   0   0   0  80   1   0   0   0   0   0   0   0   0  19  1.25 0.30
   61 D   -4 -4 -1  8 -6 -2  0 -4 -3 -5 -6 -3 -5 -6 -4 -2 -3 -7 -5 -5    0   0   0 100   0   0   0   0   0   0   0   0   0   0   0   0   0   0   0   0  2.14 0.41
   62 V    2 -3 -3 -3 -2 -3 -3  2 -2 -1  3 -3  0 -2 -3  0 -1 -3 -3  0   19   0   0   0   0   0   0  18   1   0  47   0   0   0   0   8   2   0   0   6  0.35 0.15
   63 M   -3 -3 -4 -5 -3 -3 -4 -5 -4  1  4 -4  6 -1 -4 -3 -1 -3 -3  0    0   0   1   0   0   0   0   0   0   7  55   0  33   0   0   0   3   0   0   2  0.93 0.26
   64 N    2 -3  3 -2  4 -2 -2 -2 -2  2 -1 -2 -1 -3 -3 -1  0 -4 -3  1   24   0  23   0  10   1   1   0   0  21   0   0   1   0   0   0   5   0   0  13  0.33 0.16
   65 T   -2 -4 -3 -3 -4 -3 -3 -4 -4 -4 -5 -3 -4 -5  8  0  2 -5 -5 -4    0   0   0   0   0   0   0   0   0   0   0   0   0   0  75   8  18   0   0   0  1.94 0.35
   66 L   -3 -4 -4 -5 -3 -4 -4 -5 -2  4  2 -4  0  3 -4 -3 -2 -1  5  1    0   0   0   0   0   0   0   0   0  29  19   0   1  13   0   0   0   0  31   7  0.71 0.20
   67 V    1  0 -2 -3 -2 -1 -2  3 -3  0 -1 -2 -1 -3  0  0 -1 -3 -3  2   17   6   0   0   0   2   0  29   0   5   5   1   0   0   4   5   3   0   0  23  0.24 0.11
   68 R   -3  7 -2 -3 -5  0 -2 -4 -2 -5 -4  4 -3 -5 -4 -2 -3 -5 -4 -4    0  70   0   0   0   2   0   0   0   0   0  28   0   0   0   0   0   0   0   0  1.40 0.32
   69 G   -2 -4 -2 -3 -5 -4 -4  7 -4 -6 -6 -4 -5 -5 -4 -2 -4 -5 -5 -5    0   0   0   0   0   0   0 100   0   0   0   0   0   0   0   0   0   0   0   0  1.99 0.37
   70 Q   -2 -2 -2 -3 -5  6 -1  5 -2 -5 -5 -1 -3 -5 -4 -2 -3 -4 -4 -5    0   0   0   0   0  54   0  46   0   0   0   0   0   0   0   0   0   0   0   0  1.29 0.33
   71 K   -3  5 -2 -3 -5  0 -1 -4 -2 -5 -4  6 -3 -5 -3 -2 -3 -5 -4 -4    0  29   0   0   0   0   0   0   0   0   0  71   0   0   0   0   0   0   0   0  1.33 0.32
   72 L   -2 -3 -3 -2 -3 -2  3 -4 -3  4  2 -2  1 -2 -3 -2 -1 -4 -3  2    0   0   0   0   0   0  29   0   0  36  18   0   2   0   0   0   2   0   0  12  0.46 0.18
   73 P   -2 -4 -3 -3 -4 -3 -3  5 -4 -2  2 -3 -2 -3  4 -2 -3 -4 -4 -3    0   0   0   0   0   0   0  45   0   0  29   0   0   0  25   0   0   0   0   0  0.87 0.23
   74 I   -3 -4 -5 -5 -3 -4 -5 -5 -4  5  4 -4  1  0 -4 -4 -2 -3 -2  1    0   0   0   0   0   0   0   0   0  47  45   0   1   1   0   0   0   0   0   5  0.86 0.22
   75 F   -4 -5 -5 -5 -3 -5 -5 -5 -4  4 -1 -5 -1  8 -5 -4 -4 -1  1 -1    0   0   0   0   0   0   0   0   0  28   0   0   0  71   0   0   0   0   0   0  1.49 0.33
   76 S   -1 -4 -2 -3 -4 -3 -3  6 -3 -5 -5 -3 -4 -5 -4  3 -2 -4 -4 -5    0   0   0   0   0   0   0  75   0   0   0   0   0   0   0  25   0   0   0   0  1.36 0.30
   77 G    0 -4 -1  4 -4 -3 -2  6 -3 -5 -5 -3 -4 -5 -3 -1 -3 -5 -5 -5    6   0   0  29   0   0   0  64   0   0   0   0   0   0   0   1   0   0   0   0  1.19 0.27
   78 S    4  4 -2 -2 -3 -1 -2 -2 -3 -3 -3 -1 -3 -4 -3  2 -1 -4 -3 -2   52  29   0   1   0   0   0   0   0   0   0   0   0   0   0  18   0   0   0   0  0.72 0.24
   79 G   -2 -3 -2 -3 -4  4 -2  6 -3 -5 -5 -2 -4 -5 -4 -2 -3 -2 -4 -4    0   0   0   0   0  27   0  71   0   0   0   1   0   0   0   0   0   1   0   0  1.34 0.31
   80 L   -2 -3 -3 -4 -1 -3 -3 -4 -4  1  2 -3  0 -2 -3 -2  3 -4 -3  4    0   0   0   0   1   1   0   0   0   1  24   0   1   0   0   0  28   0   0  45  0.59 0.21
   81 P   -2 -4 -2 -3 -4 -3 -4  6 -4 -5 -5 -3 -4 -5  4 -2 -3 -5 -5 -5    0   0   0   0   0   0   0  75   0   0   0   0   0   0  24   1   0   0   0   0  1.53 0.31
   82 A   -2  0 -2 -3 -5 -1 -1 -4  6 -5 -5  6 -3 -5 -3 -2 -3 -5 -2 -4    2   0   0   0   0   0   0   0  24   0   0  75   0   0   0   0   0   0   0   0  1.35 0.34
   83 N   -1 -3  3 -2 -3 -2 -2 -3 -3 -3 -3 -2 -3 -4 -3  0  6 -5 -4 -2    4   0  19   0   0   0   0   0   0   0   0   1   0   0   0   2  74   0   0   0  1.13 0.32
   84 E    2 -2 -2 -1 -2  0  1 -3 -3  0 -1 -2 -1 -3 -3 -1  0 -4 -3  4   23   1   1   2   0   3  13   0   0   1   2   1   0   0   0   3   5   0   0  45  0.33 0.17
   85 I   -2 -4  0 -4 -2 -3 -4 -5 -4  4  4 -4  1 -1 -4 -3 -2 -3 -2  2    0   0   7   0   0   0   0   0   0  31  45   0   0   1   0   0   1   0   0  15  0.61 0.18
   86 A    4 -3 -4 -4 -2 -3 -3 -2 -4  4  0 -3  3 -2 -3 -1 -2 -4 -3  1   50   0   0   0   0   0   0   1   0  32   4   0  10   0   0   0   0   0   0   4  0.59 0.22
   87 A    1 -2 -3 -3 -2  3 -2 -3 -3  2  1 -2  5 -2 -3 -2 -1 -3 -2  1   18   0   0   0   0  17   0   0   0  13  12   0  28   0   0   1   2   0   0   7  0.42 0.18
   88 Q   -3 -2 -1  4 -5  4  5 -3 -2 -5 -5 -1 -3 -5 -3 -2 -2 -5 -4 -4    0   0   0  29   0  25  46   0   0   0   0   0   0   0   0   0   0   0   0   0  1.10 0.28
   89 I   -1 -3 -3 -4 -2 -3 -3 -4 -4  3  3 -3  2 -1 -3 -2  3 -3 -3  0    3   0   0   0   0   0   0   0   0  25  40   0   6   0   0   1  25   0   0   0  0.54 0.19
   90 A    2 -4 -4 -5  2 -4 -4 -4 -4  6  0 -4 -1  0 -4 -3 -2 -4 -3  1   20   0   0   0   5   0   0   0   0  70   0   0   0   3   0   0   0   0   0   3  0.87 0.26
   91 R   -2  4  4 -2 -4 -1 -2 -3  3  1  1  0 -1 -3 -3 -1 -2 -4 -2 -2    1  32  25   0   0   1   0   0   8  14  14   1   0   0   0   1   0   0   0   1  0.44 0.18
   92 Q   -3  0  7 -1 -5  4 -1 -3 -1 -5 -5 -1 -3 -5 -4 -1 -2 -5 -4 -5    0   3  71   0   0  25   0   0   0   0   0   0   0   0   0   0   0   0   0   0  1.42 0.34
   93 A    2 -2 -2 -2 -2  1 -2 -2 -2  4  0 -2  0 -2 -2 -1 -1 -3 -2  2   26   1   1   1   0  11   1   2   0  36   2   1   0   1   1   2   1   0   1  12  0.27 0.12
   94 T    4 -1 -1 -2 -1 -1 -1  0 -2 -2 -2  2 -2 -3 -1  0  0 -3 -2 -1   47   2   1   1   1   1   1   6   0   1   2  22   0   1   1   4   7   0   1   2  0.35 0.13
   95 V    0 -1 -1 -1 -1  0 -1 -1 -1  1  1  0  1  0  0  0  0 -1  0  2    6   3   2   2   1   3   3   3   1   7  11   8   4   2   5   5   6   1   3  24  0.04 0.02
   96 R    0  1  0 -1 -1  0  0 -1 -1  0  0  0  0 -1  1  0  0  0  0  0   11   9   3   3   1   4   5   4   1   5  13   8   1   3   7   4   4   1   3   9  0.03 0.00
   97 P    0  0  1  0 -1  0  0  1  2 -1 -1  0 -1 -1  0  0  0 -1  0 -1    6   4  10   4   1   4   7  15  10   3   6   5   1   3   5   7   4   1   2   4  0.08 0.01
   98 D    0  0  0  1 -1  0  1  1  0 -1 -1  0 -1 -1  1  0  0 -1 -1 -1    7   4   3  10   1   4   8  12   2   4   7   5   2   3   5   7   8   1   2   5  0.05 0.00
   99 L    0  0  0  0 -1  0  0  1  0  0  0  0  0 -1  0  0  0  0  0  0    9   4   5   4   1   4   8  13   2   4   9   8   2   3   4   5   4   1   2   7  0.03 0.00
  100 S    0  0  1  1 -1  0  0  0  0  0  0  0  0 -1  0  0  0 -1  0  0    7   4   8   8   1   3   6   9   2   4   7   5   2   3   4   7   6   1   2  10  0.02 0.00
  101 G    0  0  0  1 -1  0  0  0  0 -1 -1  0  0 -1  1  1  0 -1  0  0    9   5   5   8   1   4   5   9   2   4   7   5   2   3   5  12   5   1   2   7  0.03 0.00
  102 E    0  0  0  1 -1  0  1  0  0  0  0  0  0 -1  0  0  0 -1  0  0    7   4   3   7   1   4  11   8   2   5   8   4   2   3   5   6   4   1   2  10  0.03 0.00
  103 G    0  0  1  1 -1  0  0  0  0 -1 -1  0  0  0  0  0  0  0  0 -1    6   4   6  11   1   3   5  10   3   4   7   5   2   8   4   8   5   1   2   5  0.03 0.00
  104 E    0  0  0  1 -1  3  1  1  0 -1 -1  0 -1 -1  0  0  0 -1 -1 -1    6   3   3  11   1  21   8  10   2   3   5   5   1   2   3   5   3   1   2   4  0.12 0.03
  105 K   -1  1  0  0 -3  1  2  0  0 -3 -2  4 -2 -3 -1  1 -1 -3 -2 -2    2   3   2   2   0   7  12   6   2   1   2  43   0   1   2  11   1   0   1   1  0.37 0.11
  106 E    0 -1  0  2 -3  1  3  2  0 -2 -3  0 -2 -3 -2  0 -1 -3 -2 -1    9   0   3  13   0   7  24  19   2   0   1   4   0   1   0   5   3   0   0   6  0.26 0.09
  107 E   -1 -1 -1  1 -4  2  2  0  7 -3 -3  1 -2 -2 -2  0 -1 -3  0 -3    2   1   1   7   0  10  16   6  36   1   1   8   0   1   0   7   2   0   1   0  0.57 0.17
  108 P   -1 -1  2  2 -3  0  1  3 -1 -3 -3  1 -3 -3 -1  1 -1 -3 -3 -3    2   1  13  15   0   2   8  28   1   1   1  12   0   0   2  13   1   0   0   1  0.36 0.10
  109 F   -2 -3 -2 -3 -2 -3 -3  4 -3 -1  0 -3  1  4 -3 -2 -2 -2 -1  1    0   0   0   0   0   0   0  41   0   2  10   0   4  26   0   0   1   0   0  14  0.52 0.16
  110 A    2 -3 -3 -3 -1 -2 -3 -3 -1  2  0 -2 -1  2 -3 -1 -1 -1  4  1   25   0   0   0   1   0   0   0   0  20   7   1   0   8   0   1   2   0  24   8  0.34 0.14
  111 V   -1 -3 -2 -3  7 -2 -3 -3 -3  0 -2 -3 -2 -3 -3  4 -1 -4 -3  2    0   0   0   0  29   0   0   0   0   6   0   0   0   0   0  40   1   0   0  20  0.74 0.23
  112 V   -2 -4 -4 -4 -2 -4 -4 -4 -4  4  0 -4  0 -2 -4 -3 -2 -4 -3  6    0   0   0   0   0   0   0   0   0  20   0   0   0   1   0   0   0   0   0  75  0.99 0.26
  113 F   -4 -4 -4 -5 -4 -4 -4 -4 -2 -2 -2 -4 -2  7 -5 -4 -3  0  6 -2    0   0   0   0   0   0   0   0   0   0   1   0   0  65   0   0   0   0  29   1  1.56 0.31
  114 A    4 -3 -3 -3  0 -2 -2  0 -3 -1 -2 -2 -1 -3 -2  0  1 -4 -3  3   51   0   0   0   1   0   0   6   0   0   0   0   0   0   0   2   7   0   0  30  0.50 0.19
  115 A    4 -3 -2 -3 -2 -2 -3  4 -3 -3 -3 -2 -3 -4 -3 -1 -2 -4 -3 -2   54   0   0   0   0   0   0  41   0   0   0   0   0   0   0   0   0   0   0   0  0.91 0.24
  116 M   -2 -4 -4 -4 -2 -3 -4 -4 -4  4  0 -3  5 -2 -4 -3 -2 -4 -2  5    0   0   0   0   0   0   0   0   0  28   0   0  19   0   0   0   0   0   0  49  0.80 0.23
  117 G   -2 -4 -2 -3 -4 -3 -4  7 -4 -5 -5 -3 -4 -5 -4 -2 -3 -4 -5 -5    0   0   0   0   0   0   0  95   0   0   0   0   0   0   0   1   0   0   0   0  1.78 0.32
  118 I   -2 -2 -2 -1 -4  4  5 -4 -2  2 -2 -1 -2 -4 -3 -2 -2 -4 -3  0    0   0   0   0   0  29  46   0   0  16   1   0   0   0   0   0   0   0   0   8  0.76 0.25
  119 T   -2  5  1 -2 -4  0 -1 -3 -2 -4 -4  4 -2 -4 -3 -1  2 -4 -3 -3    0  47   6   0   0   2   0   0   0   0   0  29   1   0   0   0  16   0   0   0  0.87 0.24
  120 Q    1  2 -1 -2 -2  1 -1 -3 -1 -2 -2 -1  1  0 -3  0  4 -3  1 -1   13  12   0   1   0   6   2   0   1   1   0   1   4   6   0   4  43   0   4   1  0.36 0.17
  121 R   -2  5 -1 -1 -4  0  3 -3 -2 -4 -4  0 -3 -4 -3  3 -2 -4 -3 -4    1  47   0   2   0   0  21   0   0   0   0   0   0   0   0  29   0   0   0   0  0.83 0.25
  122 E   -2 -2 -1  0 -4  0  6 -4 -2 -4 -4 -1 -3 -5 -3  0  3 -5 -4 -3    0   0   0   1   0   0  64   0   0   0   0   0   0   0   0   7  27   0   0   0  1.03 0.29
  123 L    2 -3 -2 -3 -3 -3 -3  5 -3  0 -2 -3 -2 -3 -3 -1 -2 -4 -3  2   21   0   0   0   0   0   0  46   0   4   1   0   0   0   0   2   0   0   0  25  0.61 0.19
  124 S    2  0  6 -1 -3  0  0 -2 -1 -3 -3 -1 -3 -4 -3  0 -1 -5 -3 -3   26   6  54   1   0   3   3   0   1   1   2   0   0   0   0   3   1   0   0   0  0.75 0.24
  125 Y   -2 -2  1  5 -4  3  1 -2 -1 -4 -3 -1 -3  3 -3 -1 -2 -3  2 -4    1   0   5  44   0  18   4   2   0   0   0   1   0  14   0   1   0   0   7   0  0.65 0.20
  126 F   -3 -4 -4 -5 -3 -4 -4 -5 -3  1  3 -4  0  5 -4 -4 -2 -2  0  2    0   0   0   0   0   0   0   0   0   6  41   0   0  37   0   0   1   0   0  14  0.74 0.20
  127 I   -2 -1 -4 -4 -3 -2 -3 -4 -1  1 -1 -1  3  1 -4 -3 -1  4  6  3    1   4   0   0   0   1   0   0   0   9   1   5   9   1   0   0   2   6  37  26  0.62 0.21
  128 Q   -1  2  2  1 -3  2  1 -1  4 -3 -1  2  0 -1 -3 -1 -1 -2  1 -2    2  11  10   6   0   8   8   2  18   0   5  13   3   2   0   3   2   0   4   1  0.26 0.10
  129 E   -2 -1 -1  3 -4  0  5 -3 -2 -3 -3  1 -1 -2 -3  0  1 -4 -3 -1    1   1   1  15   0   2  51   0   0   0   0   7   1   2   0   3  11   0   0   6  0.62 0.20
  130 F   -3 -4 -4 -5 -3 -3 -4 -5 -3 -1  3 -4  7  5 -5 -4 -3 -2 -1 -1    0   0   0   0   0   0   0   0   0   0  29   0  43  28   0   0   0   0   0   0  1.08 0.29
  131 E   -1  1 -1 -1 -3  1  4 -3 -1  0 -2  3 -1 -4 -2 -1  0 -4 -3 -2    2   8   1   0   0   6  36   0   1  10   1  24   2   0   0   3   7   0   0   1  0.43 0.16
  132 R   -1  1 -1  3 -5  1  6 -3 -1 -5 -4  1 -3 -5 -3 -1 -2 -5 -4 -4    3   8   1  13   0   3  63   0   1   0   0   7   0   0   0   0   0   0   0   0  0.94 0.25
  133 T    1  1  1 -2 -2  0 -1 -1  2 -3 -3 -1 -2 -3 -2  3  3 -4 -1 -2   12   7   8   0   0   2   1   2   6   0   0   2   1   0   0  37  21   0   1   0  0.40 0.16
  134 G   -2 -3  1 -2 -4 -3 -3  7 -3 -6 -5 -1 -4 -5 -4 -1 -3 -4 -5 -5    0   0   7   1   0   0   0  87   0   0   0   3   0   0   0   1   1   0   0   0  1.53 0.31
  135 A    4 -3 -3 -4 -1 -3 -3 -2 -4  0 -2 -2 -1 -3 -3  0 -1 -4 -3  4   48   0   0   0   0   0   0   0   0   1   0   1   0   0   0   5   0   0   0  44  0.68 0.24
  136 L   -3 -4 -3 -5 -3 -3 -4 -5 -4  4  4 -3  5  0 -4 -4 -2 -3 -2  0    0   0   2   0   0   0   0   0   0  30  44   0  20   2   0   0   0   0   0   1  0.75 0.22
  137 S   -1 -2  1  5 -4 -1  4 -2 -2 -4 -4  0 -4 -5 -1  2 -1 -5 -4 -4    2   0   4  36   0   0  32   2   0   0   0   5   0   0   2  17   0   0   0   0  0.73 0.20
  138 R   -3  4  0 -2 -4  0 -1 -4  0 -4 -3  4 -3 -1 -3 -2 -2 -2  5 -4    0  23   5   1   0   3   0   0   1   0   0  39   0   0   0   0   0   0  28   0  0.80 0.24
  139 S    1 -3 -2 -3  1 -2 -2 -3 -3 -1 -2 -2 -1 -3 -3  2  4 -4 -3  3   10   0   0   0   4   0   0   0   0   1   0   0   0   0   0  18  43   0   0  24  0.55 0.21
  140 V    3 -3 -3 -3  1 -3 -3 -2 -4  3 -1 -3 -1 -2 -3  0  0 -4 -3  3   37   0   0   0   2   0   0   0   0  25   1   0   0   0   0   5   5   0   0  25  0.44 0.17
  141 L   -2 -4 -4 -5 -2 -3 -4 -5 -4  2  4 -4  4 -1 -4 -3 -2 -3 -2  3    0   0   0   0   0   0   0   0   0   8  51   0  12   0   0   0   0   0   0  29  0.72 0.20
  142 F   -2 -4 -5 -5  1 -4 -4 -5 -4  1 -1 -4 -1  4 -4 -3 -2 -3 -1  5    0   0   0   0   3   0   0   0   0   4   0   0   0  25   0   0   0   0   0  68  0.97 0.28
  143 L    1 -3 -2 -4 -3 -3 -3 -3 -1  0  1 -3  2  4 -3  0 -1 -1  5  0   18   0   1   0   0   0   0   0   0   5  12   0   6  18   0   6   2   0  28   4  0.42 0.15
  144 N    3 -3  4 -2 -3 -2 -2  5 -2 -4 -4 -2 -3 -4 -3 -1 -2 -4 -4 -3   26   0  24   0   0   0   2  46   0   0   0   0   0   0   0   1   1   0   0   0  0.82 0.22
  145 K   -2 -1 -1 -2 -3  5 -1 -2 -2 -2  2 -1 -1 -3 -3  0  2 -4 -3 -2    0   1   3   0   0  46   0   2   0   0  23   1   0   0   0   7  18   0   0   0  0.58 0.23
  146 A    5 -3 -4 -4 -3 -2 -3 -3 -4 -2 -1 -3  7 -3 -3 -1 -2 -4 -3 -2   54   0   0   0   0   0   0   0   0   0   0   0  46   0   0   1   0   0   0   0  1.14 0.34
  147 D   -2 -2  6  3 -4 -2 -1 -2 -2 -5 -5 -2 -4 -5 -3  3 -1 -5 -4 -4    1   0  54  18   0   0   0   0   0   0   0   0   0   0   0  25   2   0   0   0  1.04 0.28
  148 D   -2 -2 -1  5 -5  0  6 -3 -1 -5 -5 -1 -4 -5 -3 -1 -3 -5 -4 -4    1   0   0  37   0   1  58   0   1   0   0   0   0   0   0   2   0   0   0   0  1.24 0.29
  149 P   -1 -4 -4 -4 -3 -3 -3 -4 -4 -5 -4 -3 -5 -6  8 -1 -3 -6 -5 -4    4   0   0   0   1   0   0   0   0   0   1   0   0   0  90   4   0   0   0   0  2.45 0.41
  150 T    4 -3 -3 -3 -3 -3 -3 -2 -4 -4 -4 -2 -3 -5  6 -1  0 -5 -4 -2   44   0   0   0   0   0   0   0   0   0   0   0   0   0  47   1   7   0   0   1  1.24 0.28
  151 I    0 -3 -2 -3 -3 -3 -3  4 -3  2 -2 -3 -1 -3  3 -1  0 -4 -4  0    6   0   0   0   0   0   0  46   0  16   0   0   2   0  18   2   5   0   0   6  0.64 0.18
  152 E    3 -2  1 -2 -1 -1  3 -2 -2 -1  1 -2  3 -2 -3 -1 -1 -3 -3 -1   33   0   7   0   1   0  23   0   0   0  19   0  11   0   0   1   2   0   0   2  0.30 0.16
  153 R   -3  7 -2 -3 -5  4 -1 -4 -2 -4 -2  1 -3 -5 -4 -2 -3 -4 -3 -4    0  70   0   0   0  25   0   0   0   0   4   1   0   0   0   0   0   0   0   0  1.34 0.33
  154 I    0 -3 -2 -4 -3 -2 -3 -4 -2  2  2 -3  4  3 -4 -2 -1  0  4  0   11   0   2   0   0   0   0   0   0  19  16   0  16  13   0   1   3   0  18   1  0.38 0.15
  155 L   -1  5 -3 -4 -3 -1 -2 -4 -3  2  2 -1  0 -2 -4 -2 -2 -4 -3  0    4  46   0   0   0   0   0   0   0  18  24   0   1   0   0   1   0   0   0   5  0.56 0.20
  156 T    3 -3 -3 -3 -2 -3 -3 -3 -4  0 -1 -3 -1 -3 -3 -1  3 -4 -3  4   28   0   0   0   0   0   0   0   0   2   1   0   0   0   0   1  25   0   0  43  0.57 0.21
  157 P    3 -4 -3 -3 -3 -3 -3  1 -4 -4 -4 -3 -4 -5  7 -1 -2 -5 -4 -3   33   0   0   0   0   0   0  12   0   0   0   0   0   0  54   0   0   0   0   0  1.37 0.29
  158 R   -3  3 -3 -4 -3 -2 -3 -5 -1 -1  3 -1  0  2 -4 -3 -3 -1  5 -2    0  24   0   0   0   0   0   0   1   0  44   2   0   6   0   0   0   0  24   0  0.63 0.21
  159 M    1 -3 -2 -3 -1 -2 -2 -2 -3  0  0 -2  3 -2 -3  2  5 -4 -3 -1   14   0   0   0   0   0   0   0   0   5   7   0   9   1   0  16  45   0   0   2  0.48 0.19
  160 A    4 -4 -2 -3 -3 -3 -3  5 -3 -4 -4 -3 -3 -4 -3 -1 -2 -4 -4 -2   44   0   0   0   0   0   0  55   0   0   0   0   0   0   0   0   0   0   0   1  1.08 0.26
  161 L    0 -4 -4 -5  5 -4 -4 -4 -4  0  5 -4  0 -1 -4 -3 -1 -3 -3  1    6   0   0   0  15   0   0   0   0   0  70   0   1   0   0   0   2   0   0   6  0.81 0.23
  162 T    1 -3 -2 -3 -2 -2 -3 -3 -4 -3 -3 -2 -3 -4 -3  1  7 -4 -4 -2   14   0   0   0   0   0   0   0   0   0   0   0   0   0   0   6  79   0   0   0  1.17 0.33
  163 V    0 -3 -3 -4  0 -2 -3 -4 -3  2  1 -3  7 -1 -4 -2  2 -3 -3  1    5   0   0   0   2   0   0   0   0  13   7   0  48   1   0   1  13   0   0   9  0.73 0.24
  164 A    6 -3 -3 -3 -2 -3 -3  3 -3 -3 -4 -3 -3 -4 -3 -1 -2 -4 -4 -2   80   0   0   0   0   0   0  20   0   0   0   0   0   0   0   1   0   0   0   0  1.06 0.30
  165 E   -3 -2 -2  0 -6  0  7 -4 -2 -6 -5 -1 -4 -6 -3 -2 -3 -5 -4 -5    0   0   0   0   0   0 100   0   0   0   0   0   0   0   0   0   0   0   0   0  1.85 0.41
  166 Y   -3 -3 -3 -4 -5 -2 -1 -5  3 -3 -3 -1 -3  2 -5 -3 -4  1  8 -3    0   0   1   0   0   1   4   0   6   0   0   4   0   5   0   1   0   0  77   0  1.67 0.36
  167 L   -4 -5 -5 -6 -4 -5 -5 -5 -3 -1  2 -5 -1  8 -5 -4 -4 -1  1 -2    0   0   0   0   0   0   0   0   0   0  25   0   0  75   0   0   0   0   0   0  1.54 0.33
  168 A    2  6 -3 -4 -4 -1 -2 -3 -2 -3 -3  0  4 -4 -4 -2 -2 -4 -3 -3   25  61   0   0   0   0   0   0   0   0   0   0  13   0   0   0   0   0   0   0  1.01 0.29
  169 F   -3 -3 -1  6 -5 -2 -1 -3 -1 -4 -4 -3 -3  3 -4 -2 -3 -2  4 -4    0   0   0  61   0   0   0   0   0   0   0   0   0  16   0   0   0   0  21   0  1.16 0.28
  170 E   -1  0  0  1 -2  2  4 -2 -1 -1 -1  0 -1 -2 -1 -1 -1 -2 -1  1    4   3   3   6   1   8  38   2   1   3   3   3   1   1   1   3   2   0   1  16  0.26 0.09
  171 H   -2  1  3  0  1  2  2 -2  1 -3 -1  3 -1 -3 -2  0 -1 -3 -2 -3    1   4  21   1   4  11  19   1   3   1   6  22   1   1   0   3   2   0   1   0  0.33 0.12
  172 D   -1 -2  1  1 -4 -2 -1  6  0 -5 -5  1 -4 -5 -3 -1 -3 -4 -4 -4    1   1   5   9   0   0   4  68   2   0   0   9   0   0   0   1   0   0   0   0  1.00 0.23
  173 Y   -2  2 -2 -3 -4  5  0 -3  0 -2 -1  3  5 -3 -3 -2 -2 -3  1 -2    1  13   0   0   0  32   2   0   1   0   3  18  23   0   0   0   1   0   5   0  0.58 0.22
  174 H   -2 -3  0  6 -5 -1 -1 -4  8 -5 -5 -3 -4 -4 -4 -2 -3 -5 -2 -5    3   0   1  49   0   1   0   0  47   0   0   0   0   0   0   0   0   0   0   0  1.53 0.34
  175 V    1 -4 -4 -4 -1 -3 -4 -3 -4  1 -1 -3 -1 -3 -4 -2  1 -4 -3  6   15   0   0   0   1   0   0   1   0   2   0   0   1   0   0   0   7   0   0  74  0.84 0.26
  176 L   -3 -4 -5 -6 -3 -4 -5 -6 -5  0  6 -4  0 -1 -5 -4 -3 -3 -3  0    0   0   0   0   0   0   0   0   0   0  96   0   0   1   0   0   0   0   0   3  1.27 0.31
  177 V   -2 -4 -4 -5 -1 -3 -4 -5 -4  3  3 -4  1  2 -4 -3 -2 -3 -1  3    1   0   0   0   1   0   0   0   0  21  31   0   3  10   0   0   0   0   0  33  0.55 0.16
  178 I   -3 -4 -5 -5 -2 -4 -5 -4 -4  5  0 -4 -1  6 -5 -4 -3 -2  0  2    0   0   0   0   1   0   0   1   0  40   1   0   0  46   0   0   0   0   0  11  0.97 0.26
  179 L   -3 -4 -4 -5 -3 -3 -4 -5 -1  4  2 -4  1  0 -4 -3 -2 -1  5  2    0   0   0   0   0   0   0   0   1  32  20   0   4   0   0   0   0   0  29  15  0.67 0.20
  180 T   -3 -3 -1  7 -5 -2 -1 -3 -3 -3 -5 -3 -4 -5 -3 -1  3 -6 -5 -4    0   0   0  75   0   0   0   0   0   1   0   0   0   0   0   1  24   0   0   0  1.42 0.33
  181 D   -4 -3  6  6 -5 -2 -1 -3 -2 -5 -6 -2 -5 -5 -4 -2 -2 -6 -5 -5    0   0  45  54   0   0   0   0   0   0   0   1   0   0   0   0   0   0   0   0  1.46 0.32
  182 M   -3 -3 -5 -5 -3 -3 -4 -5 -4  5  3 -4  5 -1 -4 -4 -2 -4 -3  1    0   1   0   0   0   0   0   0   0  48  31   0  20   0   0   0   0   0   0   1  0.87 0.24
  183 T   -2 -3 -2 -3 -3 -3 -3 -3 -2 -2 -2 -3 -2  6 -3  3  3 -2  2 -2    0   0   0   0   0   0   0   0   0   0   0   0   0  39   0  30  25   0   7   0  0.75 0.25
  184 N   -2  5  3 -2 -5 -1 -1 -3 -2 -5 -4  4 -3 -5 -3  0 -2 -5 -3 -4    1  46  20   0   0   0   0   0   0   0   0  29   0   0   0   5   0   0   0   0  0.93 0.25
  185 Y   -3 -3 -3 -4 -4  4 -2 -4  2 -3 -2 -3 -2  6 -4 -3 -3 -1  6 -3    0   0   0   0   0  23   0   0   6   0   0   0   0  37   0   0   0   0  34   0  1.14 0.29
  186 S    4 -3 -3 -3  5 -2 -3 -2 -3 -1 -2 -2 -2 -3 -2  0  4 -4 -3  1   42   0   0   0  15   0   0   0   0   1   0   0   0   0   0   1  31   0   0   9  0.64 0.22
  187 E   -1 -1 -2  0 -4  5  3 -3 -2 -2  0 -1 -2 -3 -3 -2 -2  1 -3  2    3   0   0   4   0  43  21   0   0   0   8   0   0   0   0   0   1   2   0  17  0.59 0.22
  188 A    6 -3 -3 -4 -2 -3 -3 -2 -4 -3 -3 -3 -3 -4 -3  0 -2 -5 -4 -2   98   0   0   0   0   0   0   0   0   0   0   0   0   0   0   2   0   0   0   0  1.36 0.36
  189 L   -2 -4 -2 -4 -4 -3 -4  4 -2 -2  2 -3 -2 -1 -4 -3 -3 -2  5 -3    0   0   1   0   0   0   0  45   0   0  25   0   0   0   0   0   0   0  29   0  0.80 0.24
  190 R   -1  6 -1 -3 -4 -1 -2 -3 -2 -4 -4  0 -3 -4 -3  3  1 -4 -3 -3    3  54   1   0   0   0   0   0   0   0   0   0   0   0   0  35   7   0   0   0  0.92 0.27
  191 E   -2 -2 -2 -1 -5  4  6 -4 -2 -5 -5 -1 -3 -5 -3 -2 -2 -5 -4 -4    1   0   0   0   0  23  75   0   0   0   0   0   0   0   0   0   1   0   0   0  1.38 0.34
  192 I   -2 -4 -4 -5 -3 -3 -4 -5 -4  3  1 -4  5 -2 -4 -3 -2 -4 -3  5    0   0   0   0   0   0   0   0   0  18   6   0  22   0   0   0   0   0   0  54  0.86 0.25
  193 G    0 -3 -1 -2 -3 -2 -2  0 -3 -4 -5 -2 -4 -4 -3  6 -1 -5 -4 -4    2   0   0   0   0   0   0   7   0   0   0   0   0   0   0  92   0   0   0   0  1.30 0.36
  194 A    5 -3 -3 -4 -2 -3 -3 -2 -3 -2  2 -3 -1 -3 -3  0  0 -4 -3 -1   64   0   0   0   0   0   0   1   0   0  29   0   0   0   0   2   4   0   0   0  0.67 0.24
  195 A    2 -3 -4 -5 -3 -3 -4 -4 -4  0  5 -3  0 -1 -4 -2 -2 -3 -3 -1   24   0   0   0   0   0   0   0   0   1  73   0   0   0   0   2   0   0   0   0  0.79 0.25
  196 R   -3  3 -4 -5 -3 -2 -3 -5 -4  0  5 -2  1 -2 -4 -4 -3 -3 -3 -1    0  25   0   0   0   0   0   0   0   0  73   1   1   0   0   0   0   0   0   0  0.88 0.26
  197 E   -2  4 -1 -2 -4 -1  2  5 -2 -5 -4  1 -3 -5 -3 -2 -3 -4 -4 -4    0  30   2   0   0   0  18  46   0   0   0   5   0   0   0   0   0   0   0   0  0.81 0.22
  198 E   -3  7 -2 -2 -6  0  3 -4 -2 -5 -4  0 -3 -5 -4 -2 -3 -5 -4 -4    0  75   0   0   0   0  25   0   0   0   0   0   0   0   0   0   0   0   0   0  1.44 0.34
  199 I   -2 -4 -4 -4 -3 -3 -4 -4 -4  3  0 -3  6 -2  5 -3 -2 -4 -3  3    0   0   0   0   0   0   0   0   0  17   1   0  28   0  29   0   0   0   0  25  0.88 0.24
  200 P   -3 -5 -4 -4 -5 -4 -3 -5 -5 -5 -5 -3 -5 -6  9 -3 -3 -6 -5 -5    0   0   0   0   0   0   0   0   0   0   0   0   0   0 100   0   0   0   0   0  2.91 0.46
  201 G   -1 -3 -1 -2 -3 -3 -3  5 -3 -5 -5 -2 -4 -5 -3  4 -1 -4 -4 -4    1   0   0   0   0   0   0  53   0   0   0   0   0   0   0  46   0   0   0   0  1.10 0.28
  202 R    4  6 -3 -3 -3 -1 -2 -3 -2 -4 -4  0 -3 -4 -3 -1 -2 -4 -3 -3   44  54   0   0   0   1   1   0   0   0   0   0   0   0   0   0   0   0   0   0  1.01 0.29
  203 R   -2  3 -3 -2 -3  0  3 -3 -3 -1 -2 -1 -2 -3 -3 -2 -2 -4 -3  4    0  22   0   0   0   2  29   1   0   0   0   1   0   0   0   0   0   0   0  46  0.59 0.23
  204 G    3 -4 -2 -3 -3 -3 -3  6 -4 -5 -5 -3 -4 -5 -3 -1 -3 -4 -4 -4   29   0   0   0   0   0   0  71   0   0   0   0   0   0   0   0   0   0   0   0  1.29 0.28
  205 Y   -4 -4 -5 -6 -5 -4 -4 -6 -1 -4 -3 -4 -3  2 -5 -4 -4  0  9 -4    0   0   0   0   0   0   0   0   0   0   0   0   0   4   0   0   0   0  96   0  2.42 0.46
  206 P   -3 -2 -3 -3 -5  6 -1 -4 -3 -5 -5 -2 -3 -6  7 -2 -3 -5 -4 -4    0   0   0   0   0  46   0   0   0   0   0   0   0   0  54   0   0   0   0   0  1.76 0.37
  207 G   -2 -4 -3 -3 -4 -3 -3  5 -4 -5 -5 -3 -4 -5  6 -2 -3 -5 -5 -5    0   0   0   0   0   0   0  54   0   0   0   0   0   0  45   1   0   0   0   0  1.59 0.31
  208 Y   -2 -3  0  4 -4 -2 -2 -3 -2 -3 -3 -3 -3 -2 -3 -1  5 -2  5 -3    0   0   3  29   0   0   0   0   0   0   0   0   0   0   0   0  43   0  25   0  0.86 0.27
  209 M   -2 -4 -5 -5 -3 -3 -4 -5 -4  1  4 -4  5 -1 -4 -3 -2 -3 -2  3    0   0   0   0   0   0   0   0   0   2  53   0  18   0   0   0   0   0   0  28  0.79 0.23
  210 Y    3 -3 -3 -4 -3 -3 -3 -1 -2 -2 -2 -3 -2  5 -3  0 -2 -1  5 -2   34   0   1   0   0   0   0   5   0   0   0   0   0  29   0   6   0   0  25   0  0.69 0.22
  211 T   -2 -2 -2 -1 -3 -2  0 -3 -2 -3 -3 -2 -2 -1 -3  0  5 -2  5 -2    1   1   0   3   0   0   7   0   0   0   0   0   0   1   0   4  54   0  28   1  0.83 0.27
  212 D   -3 -3 -1  5 -3 -1  4 -4 -2 -2  2 -2 -2 -3 -3 -2 -2 -4 -3 -2    0   0   1  37   1   0  33   0   0   2  26   0   0   0   0   0   0   0   0   1  0.69 0.22
  213 L   -3 -3 -3 -4 -4 -2 -3 -5  6 -1  3 -3  7 -2 -4 -3 -3 -4 -2 -1    0   0   0   0   0   0   0   0  29   0  28   0  40   0   0   0   0   0   0   2  1.07 0.30
  214 A    2 -3 -2 -2 -3 -2 -2  5 -3 -4 -4 -2 -3 -4 -3  3 -1 -4 -4 -3   19   0   0   0   0   0   0  46   0   0   0   0   0   0   0  35   0   0   0   0  0.86 0.23
  215 T    1  4 -1 -2 -1  2  0 -1 -2 -2 -2  0 -1 -3 -2  1  2 -3 -2 -1   12  30   1   1   1  11   6   2   0   1   1   3   1   0   0   8  17   0   1   4  0.32 0.13
  216 I   -3 -4 -5 -5 -3 -4 -5 -5 -4  3  5 -4  2 -1 -4 -4 -3 -3 -3  0    0   0   0   0   0   0   0   0   0  14  80   0   5   1   0   0   0   0   0   1  1.01 0.26
  217 Y   -3 -2 -3 -3 -4  6 -1 -4 -1 -2  2 -2 -1 -1 -4 -3 -3 -2  5 -2    0   0   0   0   0  46   0   0   0   0  29   0   0   0   0   0   0   0  25   0  0.86 0.28
  218 E   -3 -2 -2  0 -6  0  7 -4 -2 -6 -5 -1 -4 -6 -3 -2 -3 -5 -4 -5    0   0   0   1   0   0  99   0   0   0   0   0   0   0   0   0   0   0   0   0  1.83 0.41
  219 R   -4  8 -3 -4 -4 -1 -2 -5 -2 -5 -4  0 -4 -5 -4 -3 -3 -5 -4 -5    0 100   0   0   0   0   0   0   0   0   0   0   0   0   0   0   0   0   0   0  2.02 0.42
  220 A    4 -1 -1 -1 -1 -1 -1  0 -1 -1 -1 -1 -1 -2 -1  0  0 -1 -1 -1   56   2   2   2   1   2   3   3   1   3   4   3   1   2   2   5   3   1   1   3  0.31 0.08
  221 G    3 -1 -1 -1 -1 -1 -1  3 -1 -1 -1 -1 -1 -2 -1  0  0 -1 -1 -1   31   2   2   2   1   2   3  29   1   2   4   3   1   2   2   4   3   1   1   3  0.25 0.06
  222 V   -3  3 -3 -3 -4 -2 -2 -4 -3  5 -1  3 -1 -3 -3 -3 -2 -4 -3  0    0  22   0   0   0   0   0   0   0  47   0  29   0   0   0   0   1   0   0   2  0.66 0.23
  223 V   -1 -3 -3 -3 -2 -3 -3 -4 -3  2  2 -3  2 -2 -3 -1  4 -3 -3  1    2   0   0   0   0   0   0   0   0  12  24   0   7   0   0   0  44   0   0  11  0.51 0.19
  224 E   -1  0  2 -1 -3  0  1 -2 -1 -2 -3  1 -3 -4 -2  5  1 -4 -3 -2    0   3  13   1   0   2   8   1   1   2   1   7   0   0   0  56   4   0   0   1  0.56 0.21
  225 G   -1 -3 -1  3 -3 -2 -1  3 -2 -3 -3 -2 -3 -4 -3  0  5 -4 -4 -3    1   0   1  19   0   0   3  28   1   0   1   0   0   0   0   2  46   0   0   0  0.68 0.22
  226 K   -1  3  0  0 -4  0  0  2 -1 -3 -3  4 -2 -4 -3 -1  0 -4 -3 -3    3  16   4   3   0   3   2  15   1   1   1  43   0   0   0   2   5   0   0   1  0.47 0.16
  227 K    0  0  2  0 -3  0  2  1  0 -3 -3  4 -2 -4 -1  0  0 -4 -2 -2    6   2  11   3   0   1  13  10   1   0   0  35   0   0   2   5   7   0   1   1  0.33 0.13
  228 G   -2 -4 -2 -3 -5 -4 -4  7  0 -6 -6 -3 -5 -5 -4 -2 -4 -4 -5 -5    0   0   0   0   0   0   0  97   3   0   0   0   0   0   0   0   0   0   0   0  1.87 0.35
  229 S   -1 -3 -1 -2 -3 -2 -2 -2 -3 -4 -5 -2 -4 -4 -3  7  0 -5 -4 -4    1   0   0   0   0   0   0   0   0   0   0   0   0   0   0  98   1   0   0   0  1.46 0.39
  230 V   -3 -4 -5 -5 -3 -4 -4 -5 -5  6  2 -4  3 -1 -4 -4 -2 -4 -3  2    0   0   0   0   0   0   0   0   0  61  19   0   7   0   0   0   0   0   0  13  0.89 0.23
  231 T   -2 -3 -2 -3 -3 -3 -3 -4 -4 -3 -3 -3 -3 -4 -3 -1  7 -5 -4 -2    0   0   0   0   0   0   0   0   0   0   0   0   0   0   0   0 100   0   0   0  1.74 0.42
  232 Q    3 -2 -2 -2 -3  4 -1 -2 -2 -4 -3 -1 -2 -4 -2  4 -1 -4 -3 -3   31   0   0   0   0  24   0   0   0   0   1   0   1   0   0  44   0   0   0   0  0.71 0.25
  233 I   -2 -4 -4 -5 -2 -3 -4 -5 -4  4  3 -4  2  0 -4 -3 -2 -3 -2  3    0   0   0   0   0   0   0   0   0  31  33   0   6   2   0   0   0   0   0  28  0.65 0.18
  234 P   -3 -2 -3 -3 -5  6 -1 -4 -3 -5 -5 -2 -3 -6  7 -2 -3 -5 -4 -4    0   0   0   0   0  46   0   0   0   0   0   0   0   0  53   1   0   0   0   0  1.72 0.36
  235 I    4 -4 -4 -4  0 -3 -3 -3 -4  5 -1 -3 -1 -1 -3 -2 -2 -4 -3  1   44   0   0   0   1   0   0   0   0  43   0   0   0   2   0   0   0   0   0   8  0.64 0.23
  236 L   -2 -4 -5 -5 -2 -4 -4 -5 -5  5  3 -4  0 -1 -4 -4 -2 -4 -3  4    0   0   0   0   0   0   0   0   0  41  25   0   0   0   0   0   0   0   0  34  0.79 0.21
  237 S   -3 -3 -3 -2 -4 -1  3 -4 -1 -3 -3 -2 -3  0 -4 -1  3 -1  7 -2    0   0   0   0   0   0  29   0   0   0   0   0   0   0   0   2  22   0  45   1  0.93 0.28
  238 M   -2 -3 -3 -4 -3 -3 -3 -4 -4  0 -1 -3  5 -2 -4 -2  4 -4 -3  4    0   0   0   0   0   0   0   0   0   0   0   0  25   0   0   0  29   0   0  45  0.81 0.27
  239 P   -3 -3 -3 -3 -5  4 -2 -4 -3 -5 -4 -2 -4 -6  8 -3 -3 -5 -5 -4    0   0   0   0   0  28   0   0   0   0   0   0   0   0  71   0   0   0   0   0  2.00 0.38
  240 D    5 -3  1 -1 -2 -1  0  1 -1 -3 -3 -2 -3 -4 -2  0 -2 -4 -3 -2   71   0   8   3   0   1   7   8   1   0   0   0   0   0   0   2   0   0   0   0  0.71 0.24
  241 D   -3 -3  1  7 -5 -2 -1  3 -3 -5 -6 -3 -5 -5 -3 -2 -3 -6 -5 -5    0   0   6  71   0   0   0  23   0   0   0   0   0   0   0   0   0   0   0   0  1.36 0.30
  242 D   -4 -4 -1  8 -6 -2  0 -3 -3 -5 -6 -3 -5 -6 -4 -2 -3 -7 -5 -5    0   0   0  99   0   0   1   0   0   0   0   0   0   0   0   0   0   0   0   0  2.11 0.41
  243 R   -2 -2 -4 -2 -2 -3 -3 -4 -3  3  3 -1  1 -1 -3 -3 -2 -3  1  3    0   2   0   3   0   0   0   0   0  22  35   3   1   0   1   0   1   0   7  26  0.42 0.15
  244 T   -1 -3 -2 -3 -2 -2 -2 -3 -3 -3 -3 -2 -3 -4 -3  3  6 -4 -4 -2    1   0   0   0   0   0   0   0   0   0   0   0   0   0   0  25  73   0   0   0  1.17 0.33
  245 H    3 -3 -1  5 -4 -2 -1 -3  6 -4 -4 -2 -4 -4 -3 -1 -2 -5 -2 -4   29   0   0  46   0   0   0   0  25   0   0   0   0   0   0   0   0   0   0   0  1.00 0.28
  246 P   -3 -4 -4 -4 -5 -3 -3 -4 -3 -4 -4 -3 -4  0  7 -3 -3 -3  5 -4    0   0   0   0   0   0   0   0   0   0   0   0   0   4  71   0   0   0  25   0  1.99 0.37
  247 I    3 -4 -4 -4 -2 -3 -3 -3 -4  5 -1 -3 -1 -2 -3  0 -1 -4 -3  1   39   0   0   0   0   0   0   0   0  49   0   0   0   0   0   7   0   0   0   5  0.64 0.23
  248 P   -3 -5 -4 -4 -5 -4 -3 -5 -5 -5 -5 -3 -5 -6  9 -3 -3 -6 -5 -4    1   0   0   0   0   0   0   0   0   0   0   0   0   0  99   0   0   0   0   0  2.86 0.45
  249 D    4 -3 -2  4 -3 -2 -1 -2 -2 -3 -3 -2 -3 -3 -3  0  3 -2 -3 -2   43   0   0  25   0   0   0   0   0   0   0   0   0   1   0   1  29   1   0   0  0.65 0.23
  250 L   -1 -3  4 -2 -3 -2 -2 -3 -2 -2  2 -2 -1 -3 -3  0  4 -4 -3 -2    2   0  29   0   0   0   0   0   0   0  25   0   0   0   0   3  41   0   0   0  0.62 0.23
  251 T   -1 -3 -2 -3 -2 -3 -3 -3 -4  0 -2 -3 -2 -3 -3  0  5 -4 -3  3    3   0   0   0   0   0   0   0   0   1   0   0   0   0   0   6  58   0   0  33  0.83 0.27
  252 G   -3 -4 -4 -4 -4 -4 -5  3 -3  4 -1 -4 -1  6 -5 -3 -3 -2  0 -1    0   0   0   0   0   0   0  25   0  29   0   0   0  46   0   0   0   0   0   0  0.88 0.25
  253 Y    3 -3 -2 -3 -2 -2 -2 -2 -2 -3 -3 -2 -3 -1 -2  3  0 -2  5 -2   35   0   0   0   0   0   0   0   0   0   0   0   0   0   0  33   4   0  25   0  0.64 0.23
  254 I   -3 -3 -3 -4 -4 -3 -3 -5  8  6 -2 -4 -2 -2 -4 -4 -3 -4 -1 -1    0   0   0   0   0   0   0   0  46  54   0   0   0   0   0   0   0   0   0   0  1.38 0.34
  255 T   -2 -3 -3 -4 -3 -3 -3 -4 -4 -1  4 -3 -1 -2 -3 -1  5 -4 -3 -1    0   0   0   0   0   0   0   0   0   0  46   0   0   0   0   0  54   0   0   0  0.88 0.28
  256 E   -3 -3 -1  7 -6 -1  4 -3 -3 -5 -5 -2 -5 -5 -3 -2 -3 -6 -5 -5    0   0   0  75   0   0  25   0   0   0   0   0   0   0   0   0   0   0   0   0  1.57 0.33
  257 G    4 -3 -2 -3 -3 -3 -3  5 -3 -4 -4 -3 -3 -4 -3  0 -2 -4 -4 -3   39   0   0   0   0   0   1  57   0   0   0   0   0   0   0   4   0   0   0   0  1.05 0.25
  258 Q   -2 -1 -2 -2 -4  6 -1 -4 -2 -4 -4  0 -2 -5 -3 -1  5 -4 -3 -3    0   0   0   0   0  54   0   0   0   0   0   2   0   0   0   0  42   0   0   0  1.16 0.34
  259 I   -2 -4 -3 -4 -3 -3 -4 -4 -4  5  0 -3 -1 -2 -4 -2  4 -4 -3  2    0   0   0   0   0   0   0   0   0  55   1   0   0   0   0   0  32   0   0  12  0.83 0.26
  260 Q   -2 -4 -1 -4 -3 -3 -2 -4 -3  1 -1 -3 -1  5 -4 -3 -1 -2  2  4    0   0   5   0   0   1   2   0   0   5   0   0   1  29   0   1   2   0   8  47  0.61 0.21
  261 L   -3 -4 -5 -5 -3 -4 -5 -5 -5  1  6 -4  1 -1 -5 -4 -3 -3 -3  1    0   0   0   0   0   0   0   0   0   3  89   0   1   0   0   0   0   0   0   8  1.11 0.28
  262 S   -1 -2  1  2 -3  1  3 -2 -2 -4 -4 -1 -3 -4 -2  4  0 -4 -3 -3    1   0   6  12   0   4  24   1   0   0   0   0   0   0   0  51   1   0   0   0  0.68 0.23
  263 R   -1  7 -2 -3 -4 -1 -2 -4 -2 -4 -4  0 -3 -4 -2  1  2 -4 -3 -4    3  70   0   0   0   0   0   0   0   0   0   0   0   0   1  13  13   0   0   0  1.10 0.29
  264 E    0  0  1  4 -4  3  3  0 -1 -4 -4  0 -3 -4 -1  1 -2 -4 -3 -3    7   3   7  31   0  17  17   6   0   0   0   4   0   0   1   8   0   0   0   0  0.51 0.15
  265 L   -3 -4 -5 -5 -3 -3 -4 -5 -4  4  5 -4  1 -1 -4 -4 -2 -3 -3  0    0   0   0   0   0   0   0   0   0  33  64   0   0   0   0   0   0   0   0   1  0.93 0.24
  266 H    3 -3  0 -3 -3 -2 -2 -2  4 -2 -2 -2 -2  5 -3  1 -1 -2  2 -2   30   0   6   0   0   0   0   0  12   0   0   0   0  31   0  10   4   0   5   1  0.47 0.18
  267 R    0  1  3  0 -3  0  3 -2  0 -3 -3  0 -3  0 -3  1 -1 -3  2 -3   10  10  21   0   0   1  27   0   1   0   0   3   0   5   0  11   0   0  11   0  0.37 0.15
  268 K    0  2 -1 -2 -3  2 -1 -3 -2 -1  1  3  1 -3 -2  1 -1 -3 -3 -2    9   9   0   0   0  14   0   0   0   1  23  29   3   0   0  10   1   0   0   0  0.28 0.14
  269 G   -1 -4 -1 -3 -4  0 -4  7 -4 -6 -5 -3 -4 -5 -4 -2 -3 -4 -5 -5    2   0   1   1   0   5   0  91   0   0   1   0   0   0   0   0   0   0   0   0  1.66 0.33
  270 I   -3 -5 -4 -5 -3 -3 -5 -5 -5  7  1 -4  0  0 -4 -4 -2 -4 -2  2    0   0   0   0   0   1   0   0   0  79   6   0   0   2   0   0   0   0   0   9  1.12 0.28
  271 Y   -3  4 -3 -4 -5  0 -3 -5 -1 -4 -3 -2 -1  1 -5 -3 -3 -1  8 -3    0  30   0   0   0   3   0   0   0   0   0   0   2   3   0   0   1   0  61   0  1.38 0.33
  272 P   -3 -5 -4 -4 -5 -4 -3 -5 -5 -5 -5 -3 -5 -6  9 -3 -3 -6 -5 -5    0   0   0   0   0   0   0   0   0   0   0   0   0   0 100   0   0   0   0   0  2.91 0.46
  273 P    5 -3 -3 -3 -2 -3 -3 -2 -4 -3 -4 -3 -3 -4  4 -1 -2 -5 -4 -2   74   0   0   0   0   0   0   1   0   0   0   0   0   0  25   1   0   0   0   0  1.15 0.30
  274 I   -2 -4 -5 -5 -3 -4 -4 -5 -5  5  0 -4 -1 -2 -4 -4 -2 -4 -3  5    0   0   0   0   0   0   0   0   0  40   0   0   0   0   0   0   0   0   0  60  1.07 0.28
  275 D   -3 -3  6  6 -5 -2 -1 -3 -2 -5 -5 -2 -5 -4 -4 -1 -2 -6 -4 -5    0   0  44  55   0   0   0   0   0   0   0   0   0   0   0   1   0   0   0   0  1.43 0.32
  276 P    0 -4 -4 -4 -3 -3 -3 -4 -4  0 -2 -3 -2 -4  6 -3 -2 -5 -4  4    7   0   0   0   0   0   0   0   0   2   0   0   0   0  50   0   1   0   0  39  1.23 0.28
  277 L   -2 -4 -4 -4 -3 -4 -4  3 -4 -1  5 -4  0 -2 -4 -3 -3 -3 -3 -1    0   0   0   0   0   0   0  29   0   0  70   0   0   0   0   0   0   0   0   0  0.83 0.25
  278 P   -1 -3 -1  4 -3 -1  0 -2 -3  1  0 -2  0 -3  4 -1 -1 -4 -3 -1    6   0   1  31   0   2   4   2   0  14  14   0   3   0  20   1   1   0   0   0  0.43 0.15
  279 S   -1 -3 -1 -2 -2 -2 -2 -2 -3 -5 -5 -2 -4 -5 -3  7 -1 -5 -4 -4    0   0   0   0   1   0   0   0   0   0   0   0   0   0   0  99   0   0   0   0  1.51 0.40
  280 L   -1 -3 -2 -3 -2 -3 -3 -4 -3  0  2 -2 -1 -2 -3  0  4 -4 -2  3    0   0   1   0   0   0   0   0   0   0  25   1   0   0   0   5  37   0   0  29  0.48 0.19
  281 S   -1 -3 -1 -2 -3 -2 -2 -2 -3 -5 -5 -2 -4 -5 -3  7 -1 -5 -4 -4    0   0   0   0   0   0   0   0   0   0   0   0   0   0   0 100   0   0   0   0  1.53 0.40
  282 R   -3  7 -2 -4 -5 -1 -2 -4 -2 -5 -4  1 -3 -5 -4 -2  0 -5 -4 -4    0  89   0   0   0   0   0   0   0   0   0   3   0   0   0   0   7   0   0   0  1.64 0.36
  283 L   -2 -4 -4 -5 -2 -3 -4 -5 -4  3  3 -3  4 -1 -4 -3 -2 -3 -2  4    0   0   0   0   0   0   0   0   0  22  30   0  15   0   0   0   0   0   0  33  0.64 0.18

                      K         Lambda
Standard Ungapped    0.1391     0.3187
Standard Gapped      0.0587     0.2670
PSI Ungapped         0.1917     0.3177
PSI Gapped           0.0587     0.2670
