
Last position-specific scoring matrix computed, weighted observed percentages rounded down, information per position, and relative weight of gapless real matches to pseudocounts
            A   R   N   D   C   Q   E   G   H   I   L   K   M   F   P   S   T   W   Y   V   A   R   N   D   C   Q   E   G   H   I   L   K   M   F   P   S   T   W   Y   V
    1 Y    -2  -1  -1  -3  -3  -1  -1  -3   6  -2  -2  -2  -1   2  -3  -2  -2   1   6  -2    0   0   0   0   0   0   0   0  34   0   0   0   0   0   0   0   0   0  66   0  0.73 0.02
    2 R    -2   4  -1  -2  -4   5   0  -3  -1  -4  -3   4  -2  -4  -2  -1  -2  -4  -3  -3    0  28   0   0   0  37   0   0   0   0   0  35   0   0   0   0   0   0   0   0  0.82 0.17
    3 Y    -2  -3  -4  -4  -3  -2   0  -5  -3   1   5  -3   1   0  -4  -3  -2  -2   2   0    0   0   0   0   0   0  10   0   0   3  77   0   0   0   0   0   0   0  10   0  0.63 0.16
    4 T     0  -2  -2  -2  -1  -2  -1  -2  -3   0   0  -1  -1  -2  -2   2   3  -3  -2   2    1   0   0   0   1   0   3   1   0   3  11   1   0   0   0  23  30   0   0  26  0.29 0.12
    5 L     0  -1   1   1  -3   1   3  -3  -1   1   1   0  -1  -2  -2  -1  -1  -3  -2  -1   10   0   8   4   0   6  34   0   1  15  15   4   0   0   0   0   1   0   0   1  0.23 0.11
    6 P    -1   1   2  -1  -3   0   0   4  -1  -4  -3   0  -3  -3   2   0  -2  -4  -3  -3    1   7  14   0   0   2   8  41   1   0   3   3   0   1  12   7   0   0   0   0  0.49 0.13
    7 V    -2  -3  -1  -3  -1  -2  -3  -3  -3   4   2  -3   0   0  -3  -1   0  -3  -2   3    0   0   3   1   1   1   0   1   0  32  25   0   0   3   0   4   6   0   0  22  0.35 0.12
    8 K    -2   3   2  -1  -4   3   2   0   0  -3  -3   3  -2   0  -3  -1  -1  -3  -2  -3    1  15  13   1   0  15  15   5   1   1   1  25   0   6   0   0   2   0   0   0  0.39 0.14
    9 A     2   0   2   1  -3   0  -1   2  -1  -3  -3   2  -2  -2   0   0   0  -4  -3  -3   24   4  12   6   0   1   1  14   1   0   0  23   0   1   5   5   3   0   0   0  0.28 0.12
   10 G     0   1   1  -2  -4  -1  -1   5   1  -5  -4   2  -3  -4  -3  -1  -2  -4  -3  -4    6   9   6   0   0   2   3  51   5   0   0  19   0   0   0   1   0   0   0   0  0.69 0.20
   11 E    -1  -1   1   2  -4   2   4  -3   5  -4  -4   1  -3  -3  -3   0  -2  -2   1  -4    2   0   4   9   0   9  34   0  16   0   0  10   0   0   0   7   0   1   6   0  0.56 0.20
   12 Q    -3   1   2  -2  -5   7   1  -4   2  -5  -5   1  -3  -5  -3  -2  -2  -4  -3  -5    0   5   9   0   0  71   4   0   5   0   0   5   0   0   0   0   1   0   0   0  1.35 0.41
   13 R    -2  -1   0  -3  -3   0  -2  -4  -3   1  -1  -1   0  -3  -3  -1   5  -4  -3   3    0   3   5   0   0   6   0   0   0   7   1   3   2   0   0   0  42   0   0  30  0.52 0.25
   14 L    -3  -1  -5  -5  -3  -4  -5  -6  -5   2   5  -4   0  -1  -5  -4  -2  -4  -3   0    0   4   0   0   0   0   0   0   0  11  82   0   0   0   0   0   1   0   0   1  1.05 0.32
   15 L    -3  -4  -5  -5  -3  -4  -4  -5  -4   0   5  -2   0   1  -4  -4  -1  -3  -2   1    0   0   0   0   0   0   1   0   0   1  75   3   0   5   0   0   4   0   0  11  0.85 0.28
   16 G    -1  -3  -2  -3  -4   0  -3   6  -4  -5  -4  -2  -3   0  -4  -2   0  -4  -4  -3    3   0   0   0   0   5   1  74   0   0   0   1   1   5   0   0   8   0   0   1  1.16 0.32
   17 E     2  -1   0  -1  -1  -1   0   3  -1  -2  -2  -1  -1  -2  -1   1   0  -1  -1  -1   25   2   5   2   1   2   6  24   1   2   4   3   1   2   2   8   5   1   1   3  0.18 0.05
   18 L    -1  -2  -3  -3  -2  -2  -2  -3  -3   1   2  -2   0  -1  -2  -2  -1  -2  -2   4    4   1   1   1   0   1   2   2   1   4  26   1   1   1   1   2   1   0   1  49  0.41 0.15
   19 T    -2  -3  -2  -3  -3  -3  -3  -4  -4  -3  -2   0  -3  -4  -3   2   7  -5  -4  -2    0   0   0   0   0   0   0   0   0   0   3   4   0   0   0  11  81   0   0   0  1.29 0.42
   20 G    -2  -5  -3  -4  -5  -4  -4   7  -4  -6  -6  -4  -5  -6   2  -2  -4  -5  -5  -5    0   0   0   0   0   0   0  91   0   0   0   0   0   0   9   0   0   0   0   0  1.83 0.42
   21 A     1  -3  -2  -3  -3  -2  -2  -1  -3  -4  -4  -2  -3  -4  -3   5   4  -4   1  -3   12   0   0   0   0   0   0   3   0   0   0   0   0   0   0  55  25   0   5   0  0.81 0.33
   22 A     2  -4  -2  -3  -4  -3  -1   6  -4  -5  -5  -1  -4  -5  -4  -2  -3  -5  -5  -4   22   0   0   0   0   0   5  70   0   0   0   4   0   0   0   0   0   0   0   0  1.24 0.34
   23 C    -3   2  -2  -1   3  -1  -2  -4  -3  -5  -5   7  -4  -6  -3  -3  -3  -5  -4  -5    0   6   0   3   6   0   0   0   0   0   0  85   0   0   0   0   0   0   0   0  1.51 0.46
   24 A     2  -3  -2  -3  -3  -3  -3   0  -4  -3  -3  -3  -3  -1  -3   1   6  -4  -3  -1   15   0   0   0   0   0   0   7   0   0   0   0   0   4   0   8  65   0   0   2  0.91 0.36
   25 T    -2  -4  -3  -5  -4  -4  -4  -5   1  -2   0  -4  -1   7  -5  -3   1  -1   3  -1    4   0   1   0   0   0   0   0   4   0   6   0   0  62   0   0   9   0   9   3  1.15 0.35
   26 L     0  -3  -3  -3  -3  -3  -3  -4  -4   1   0  -3   0   0  -3  -1   6  -4  -3   0    5   0   0   0   0   0   0   0   0   9   6   0   2   4   0   2  67   0   0   5  0.88 0.35
   27 V    -2  -4  -4  -5  -3  -3  -4  -5  -4   5   1  -4   6  -2  -4  -3   0  -4  -3   2    1   0   0   0   0   0   0   0   0  44   5   0  32   0   0   0   6   0   0  13  0.98 0.34
   28 A     6  -3  -3   0  -3  -2  -2  -2  -1  -4  -4  -1  -3  -4  -3   2  -2  -5  -4  -3   72   0   0   6   0   0   0   0   1   0   0   4   0   0   0  16   0   0   0   0  0.95 0.37
   29 E    -1   0   6  -1  -4   0   2  -3   0  -5  -5   1  -4  -4  -4   1  -2   4  -3  -4    4   4  56   0   0   2  12   0   1   0   0   8   0   0   0   7   0   6   0   0  0.94 0.33
   30 I    -2  -3  -4  -5  -3  -3  -4  -5  -4   3   2   0   0   1  -4  -3  -1  -4  -2   5    1   0   0   0   0   0   0   0   0  22  16   7   1   7   0   0   1   0   0  46  0.63 0.25
   31 A     0  -4  -4  -4  -3  -4  -4  -4   0   6  -1  -1  -1  -1  -4  -2   0  -4   1   1    9   0   0   0   0   0   0   0   3  64   0   4   0   1   0   3   5   0   7   4  0.74 0.31
   32 E     3  -1   0  -1  -3   3   4  -1  -2  -3  -2   2  -2  -4  -3  -1  -2  -4  -3  -3   31   0   3   0   0  13  30   3   0   0   5  13   0   0   0   1   0   0   0   0  0.49 0.24
   33 R     0   3   3   0  -4   3   1  -3   0  -4  -4   3  -3  -4  -3   1  -2  -4  -3  -4    7  15  16   4   0  20   8   0   2   0   0  19   0   0   0   9   0   0   0   0  0.50 0.21
   34 H    -1  -2  -1  -1  -1  -2  -3  -3   0   1   3  -1   0  -1  -3   0   1  -2  -2   3    2   1   3   3   1   0   0   0   3   5  32   4   1   1   0   7  12   0   0  25  0.23 0.15
   35 A    -2   0   5  -1  -5   5   1   1   0  -5  -5   0  -3  -5  -3  -1   0  -5  -4  -4    3   3  35   1   0  33   5  10   2   0   0   5   0   0   0   0   4   0   0   0  0.78 0.31
   36 G    -1   5  -1  -3  -1   3  -1   0  -2  -3  -2   4  -1  -4  -3  -2  -2  -4  -3  -3    3  35   2   0   2  12   0   9   0   2   4  28   1   0   0   0   0   0   0   1  0.64 0.26
   37 P    -3  -4  -1   0  -5   1  -3  -4  -4  -5  -3   0  -4  -6   8  -3  -3  -6  -5  -5    0   0   3   7   0   7   0   0   0   0   2   6   0   0  73   0   1   0   0   0  1.87 0.46
   38 V     1  -3  -3  -3  -2  -3  -3  -3  -4   1   1  -3   1   1  -3   0   5  -4  -2   0   15   0   0   0   0   0   0   0   0   7  13   0   3   7   0   2  48   0   0   5  0.54 0.27
   39 V    -3  -4  -5  -5  -3  -4  -5  -6  -5   3   5  -4   2   0  -5  -4  -3  -4  -3   2    0   0   0   0   0   0   0   0   0  13  70   0   3   3   0   0   0   0   0  11  0.97 0.32
   40 L    -2  -4  -5  -5   1  -4  -5  -5  -5   4   2  -4   0  -2  -4  -4  -2  -4  -3   5    0   0   0   0   3   0   0   0   0  23  22   0   0   0   0   0   0   0   0  52  0.89 0.31
   41 I    -2  -4  -4  -5  -3  -4  -4  -5  -4   5   3  -4   4  -1  -4  -1  -2  -4  -3   2    0   0   0   0   0   0   0   0   0  36  28   0  14   1   0   5   0   0   0  16  0.71 0.26
   42 A     4  -3  -2  -3  -2  -2  -2  -2  -3  -3  -3  -2  -3  -4  -3   3   3  -4  -3   0   50   0   0   0   0   1   1   0   0   0   0   0   0   0   0  19  22   0   0   8  0.70 0.31
   43 P     0  -3   1  -3  -5  -1  -2  -4   8  -5  -5  -1  -4  -4   4   0  -3  -5  -2  -2    6   0   8   0   0   1   0   0  52   0   0   4   0   0  21   5   0   0   0   3  1.32 0.41
   44 D    -4  -3   8   2  -5  -3  -2  -3  -2  -6  -6  -3  -5  -6  -4  -2   0  -6  -5  -5    0   0  82  12   0   0   0   0   0   0   0   0   0   0   0   0   6   0   0   0  1.82 0.51
   45 M    -3   0  -2  -3  -5  -1   2  -2  -3  -4   0   6   0  -4  -3  -2  -1  -5  -4  -4    0   0   0   0   0   0  14   3   0   0  12  66   2   0   0   0   2   0   0   0  0.94 0.37
   46 Q    -2   0  -2  -2  -3  -1   1  -4   1  -2  -3  -2  -3  -3  -3  -1   6  -4   2  -2    1   6   0   1   0   2  12   0   4   2   0   0   0   0   0   2  62   0   9   0  0.86 0.36
   47 N    -2  -3  -2  -3  -3   1   1  -5  -3  -1   5  -3   0  -2  -4  -2  -1  -4  -3  -1    3   0   2   0   0   9  13   0   0   0  66   0   0   0   0   2   4   0   0   0  0.66 0.30
   48 A     6  -4  -4  -4   0  -3  -3  -2  -4  -3  -2  -3  -3  -4  -3  -1  -2  -5  -4  -2   92   0   0   0   1   0   0   0   0   0   4   0   0   0   0   1   0   0   0   2  1.40 0.47
   49 L     4  -3  -2   2  -3  -1  -2   1  -3  -3   0  -2  -1  -4  -3   0  -2  -4  -4  -1   54   0   0  16   0   3   0  11   0   0   9   0   1   0   0   3   0   0   0   2  0.56 0.27
   50 R    -2   2  -2  -1  -5   8  -1  -4  -2  -5  -5   3  -3  -6  -4  -2  -3  -5  -4  -5    3   8   0   3   0  72   0   0   0   0   0  14   0   0   0   0   0   0   0   0  1.49 0.48
   51 L    -4  -4  -6  -6  -3  -4  -5  -6  -5   2   6  -5   0  -1  -5  -5  -3   2  -3   0    0   0   0   0   0   0   0   0   0   7  85   0   0   1   0   0   0   3   0   3  1.24 0.39
   52 H     0  -3  -4  -4   3  -3   0  -4   1  -4  -3  -1  -3   1  -4  -2   0   0   8  -3   10   0   0   0   8   0   6   0   3   0   0   4   0   3   0   2   6   0  57   0  1.09 0.38
   53 D     1   1   2   0  -3   1   0   2  -2  -3  -3   1  -3  -4  -2   2   0  -4  -2  -3   16   7  14   5   0   5   4  14   0   0   1   7   0   0   0  21   5   0   1   0  0.30 0.15
   54 E    -3  -2  -2   3  -6   3   6  -4  -2  -5  -5  -2  -4  -6  -3  -2  -3  -5  -4  -3    0   0   0  16   0  10  72   0   0   0   0   0   0   0   0   0   0   0   0   2  1.39 0.44
   55 I    -1  -4  -5  -5  -3  -4  -5  -5  -4   1   3  -4   4   6  -5  -4  -3  -2   0  -1    7   0   0   0   0   0   0   0   0   5  37   0  12  38   0   0   0   0   1   0  0.88 0.31
   56 S    -2   4  -2  -3  -4   1   0  -4  -2  -3   0   5  -2  -2  -3   1  -2  -4  -3  -3    0  25   0   0   0   4   3   0   0   0  12  44   0   1   0  10   0   0   0   0  0.70 0.29
   57 Q     0  -1  -2   0  -4   3   4   0  -2  -3  -1  -1  -1   1  -3   0  -1  -3  -2  -1    7   0   0   3   0  15  35   9   0   0   6   2   1  10   0   5   2   0   0   4  0.34 0.20
   58 F    -4  -5  -5  -6  -4  -5  -5  -5  -4   1   2  -5   3   7  -6  -4  -4  -2   2  -1    0   0   0   0   0   0   0   0   0   5  16   0   8  65   0   0   0   0   3   3  1.36 0.39
   59 T    -3  -4  -4  -5  -4  -4  -2  -2  -3  -1   0  -4   0   7  -5   0   0  -2   0   0    0   0   0   0   0   0   3   3   0   1   7   0   1  65   0   8   6   0   0   5  1.09 0.36
   60 D    -3  -4   2   1  -5  -3  -2   0  -4  -5  -5  -3  -5  -6   7  -1  -3   2  -5  -5    0   0   9   9   0   0   2   6   0   0   0   0   0   0  67   3   0   3   0   0  1.70 0.43
   61 Q    -3   0   3   3  -5   3   3  -1   3  -4  -4   1  -3  -5  -3  -2  -2  -5  -3  -3    0   4  17  21   0  13  26   3   8   0   0   7   0   0   0   0   0   0   0   2  0.64 0.24
   62 M     0   0   1   0  -1   1   0   0   0  -1  -1   0   0  -1   0   1   1  -1  -1  -1    9   3  10   6   1   6   6   5   1   3   6   4   4   3   4  13   7   1   2   4  0.06 0.01
   63 V     0  -1  -1   0  -1   0   1  -1  -1   1   0   0   0  -1   0   0   0  -1  -1   2    5   3   3   3   1   3  12   5   1  14   6   4   1   2   3   5   4   1   2  21  0.04 0.02
   64 M     0  -1   0  -1   1   0   0  -1   0   0   0  -1   0   1   0   0   0   0   1   0   10   3   6   3   4   3   4   5   1   5  13   4   4   6   3   5   4   1   9   7  0.01 0.01
   65 N    -4  -1   7  -2  -5  -2  -1  -3  -2  -4  -1  -3  -3   0  -4  -2  -3  -4   4  -4    0   3  66   0   0   0   4   0   0   0   8   0   0   3   0   0   0   0  15   0  1.20 0.41
   66 L     4   1  -3  -4  -2  -2  -3  -2   0  -1   1   0  -1   2  -3  -1  -2  -3   1   0   47   8   0   0   0   0   0   0   3   2  14   5   0   9   0   2   0   0   6   4  0.36 0.22
   67 A    -1  -4  -1  -4  -3   0  -4  -5  -4   0  -2  -4  -2  -4   4  -3  -2  -5  -4   6    2   0   4   0   0   6   0   0   0   1   0   0   0   0  23   0   0   0   0  64  1.00 0.37
   68 D    -1  -2  -2   2  -5  -1   6  -3  -1  -4  -5  -2  -4  -4  -3   1  -1  -4   0  -2    3   0   0  11   0   0  63   1   1   0   0   0   0   0   0  11   3   0   4   3  0.96 0.36
   69 W    -4  -4  -1  -2  -5  -4  -4  -5  -1   0  -3  -4  -2   2  -5  -1  -3   5   8  -3    0   0   3   3   0   0   0   0   0   6   1   0   0   6   0   4   1   8  68   0  1.61 0.46
   70 E    -4  -4  -2   1  -5  -3   2  -5  -3  -3  -2  -4   2   7  -5  -1  -4  -2   0  -3    0   0   1   7   0   0  17   0   0   0   0   0   6  64   0   4   0   0   1   0  1.22 0.40
   71 T    -1  -4  -4  -4  -3  -4  -4  -4  -5   3  -1  -4  -1  -3   0  -2   3  -5  -3   5    3   0   0   0   0   0   0   0   0  18   3   0   0   0   4   0  22   0   0  50  0.73 0.30
   72 L    -1  -3  -2  -3  -3  -2   0  -3  -3   1   1  -3  -2  -3  -3   6  -1  -5  -1  -3    0   0   0   0   0   0   6   0   0   9  15   0   0   0   0  68   0   0   2   0  0.81 0.38
   73 P    -3  -4  -3  -4  -5  -2   0  -5   0  -2  -4  -4  -3   0   4  -2  -3  -1   8  -1    1   0   1   0   0   1   6   0   2   2   0   0   0   0  21   3   0   0  60   4  1.39 0.44
   74 Y    -4  -4  -5  -5  -5  -4  -3  -6   2  -4  -3  -4  -3   4  -4  -2  -4  -1   9  -4    0   0   0   0   0   0   2   0   3   0   0   0   0  15   1   3   0   0  77   0  2.04 0.53
   75 D    -4  -3  -1   7  -6  -2   1  -4  -3  -6  -6   0  -5  -6  -4   0  -3  -7  -5  -5    0   0   0  81   0   0   6   0   0   0   0   6   0   0   0   6   0   0   0   0  1.70 0.46
   76 S    -3  -1  -3  -2  -4  -3  -1  -2   2  -2  -3  -3  -3   2  -1  -2   1  -1   8  -3    1   3   0   2   0   0   3   4   5   3   0   0   0   7   3   2   9   0  57   0  1.05 0.36
   77 F    -2  -4  -4  -5  -4   1  -4  -2  -1  -1  -1  -4  -3   2  -5  -3   0  -1   8  -1    4   0   0   0   0   6   0   3   0   4   4   0   0   6   0   0   7   0  64   3  1.26 0.41
   78 S    -2   1  -2  -3  -4   7  -1  -1  -2  -4  -3  -1  -3  -5  -3   3  -2  -5  -4  -2    1   5   0   0   0  60   0   4   0   0   2   1   0   0   0  24   1   0   0   3  1.10 0.42
   79 P    -2  -5  -5  -4  -5  -4  -4  -5  -5  -3  -3  -4  -5  -6   8  -1  -4  -6  -6  -5    3   0   0   0   0   0   0   0   0   2   3   0   0   0  88   4   0   0   0   0  2.47 0.56
   80 H    -3  -2   2   0  -5   2   6  -2   2  -5  -5   0  -4  -5  -3  -1  -3  -5  -4  -5    0   0  10   3   0   6  66   3   5   0   0   4   0   0   0   3   0   0   0   0  1.10 0.37
   81 Q     5  -3  -3  -1   0   0  -2  -2  -3  -3  -3  -2  -3  -4   0   1  -1  -4  -3  -1   68   0   0   3   2   5   1   0   0   0   1   0   0   0   3  11   2   0   0   3  0.75 0.30
   82 D    -2  -3   1   1  -4  -2   1  -4  -1  -3  -3  -3  -3   0  -4  -3  -1  -1   8  -3    3   0   7   7   0   0  12   0   0   0   1   0   0   0   0   0   4   0  62   0  1.21 0.38
   83 I    -2  -5  -5  -5  -3  -5  -5  -6  -5   7   1  -5   2  -1  -5  -4  -1  -4  -3   1    3   0   0   0   0   0   0   0   0  76   8   0   4   2   0   0   3   0   0   4  1.19 0.38
   84 I    -2  -1  -1   4  -4  -1   3  -3  -2   0  -1  -1   2   0   1  -2  -2  -4  -3   1    1   3   1  28   0   0  26   0   0   6   4   2   6   4   8   0   0   0   0  11  0.42 0.21
   85 S    -1   4   0  -2  -4   3  -1  -1  -2  -2  -3   3   2  -4  -3   2   0   2  -3  -3    3  24   5   0   0  14   0   3   0   2   0  17   7   0   0  19   3   3   0   0  0.44 0.22
   86 S    -2   0  -3  -3  -3   0   1  -2  -3  -1   3  -1   5  -2  -4  -1  -1  -3  -3  -1    0   5   0   0   0   3  13   3   0   0  40   3  24   0   0   5   3   0   0   0  0.48 0.25
   87 R    -4   8  -2  -4  -6   0  -3  -5  -3  -6  -5   0  -4  -6  -5  -3  -4  -5  -4  -5    0  96   1   0   0   3   0   0   0   0   0   0   0   0   0   0   0   0   0   0  2.16 0.57
   88 L    -1  -3  -2  -4  -3  -3  -3  -4   6   1   4  -3   3  -2  -4  -3  -3  -4  -1   0    7   0   1   0   0   0   0   0  28   8  41   0   8   0   0   0   0   0   1   6  0.72 0.29
   89 S     0   2  -1  -1  -3   0   1  -1  -2  -4  -4   0   0  -4  -3   5  -1  -5  -4  -3    6  11   0   3   0   4   7   3   0   0   0   5   3   0   0  58   0   0   0   0  0.66 0.31
   90 T     5  -3  -3  -4  -3  -3  -3  -2  -4  -2  -3  -3  -3   0  -3  -1   3  -4  -3   0   66   0   0   0   0   0   0   0   0   1   0   0   0   4   0   1  22   0   0   6  0.88 0.36
   91 L    -2  -4  -3  -4  -1  -3  -4  -4  -4   1   3  -3  -1  -3  -4  -2   5  -4  -3  -1    1   0   0   0   1   0   0   0   0   5  37   0   0   0   0   0  54   0   0   2  0.89 0.36
   92 Y     0   3   2  -2  -2   1  -1  -2   0  -2  -3   2  -2   1  -3   2   1  -3  -1  -3    7  19   9   0   1   4   0   1   3   2   1  16   1   7   0  17  12   0   2   0  0.30 0.19
   93 Q     3  -1   0  -2  -3  -1  -1  -2   1  -4  -4   0  -3  -5  -3   5  -1  -5  -4  -3   30   3   4   0   0   2   2   0   4   0   0   5   0   0   0  50   0   0   0   0  0.79 0.37
   94 L    -4  -5  -6  -6  -4  -5  -5  -6  -5   2   6  -5   0   1  -5  -5  -4  -4  -3   0    0   0   0   0   0   0   0   0   0   8  84   0   0   4   0   0   0   0   0   4  1.35 0.44
   95 P     0  -2  -4  -4  -3  -2  -2  -3  -3   1   4  -3   2   2  -2  -1   0  -3   0  -1    8   2   0   0   0   2   2   2   0   7  46   0   6  12   2   4   5   0   2   1  0.39 0.21
   96 T    -2  -2   1  -1  -4   1   5  -3   1  -3  -4   0  -3  -5  -3   1   3  -5  -4  -3    1   0   6   0   0   6  41   1   3   1   0   4   0   0   0  11  24   0   0   0  0.72 0.33
   97 M    -2   7   1  -4  -6  -2  -2   0  -2  -5  -5   1  -1  -3  -2  -3  -4  -5  -1  -5    2  72   6   0   0   0   1   7   1   0   0   5   2   1   2   0   0   0   2   0  1.36 0.47
   98 Q    -3   5   3   2  -5   1   1  -4   1  -5  -5   3  -4  -5  -2  -1  -2  -5  -4  -4    0  40  13  12   0   6   6   0   3   0   0  16   0   0   1   2   2   0   0   0  0.78 0.31
   99 R    -3   0  -1   7  -6  -1   0  -3  -4  -6  -6   0  -5  -6  -1  -2  -4  -7  -6  -6    1   4   1  79   0   2   2   1   0   0   0   5   0   0   2   2   0   0   0   0  1.66 0.51
  100 G    -1  -4  -1  -4  -1  -4  -4   1  -5   0  -2  -4  -2  -4  -1  -2   2  -5  -4   6    3   0   3   0   1   0   0  12   0   1   0   0   0   0   3   2  13   0   0  62  0.78 0.36
  101 V    -1  -5  -6  -6  -3  -5  -5  -6  -6   6   2  -5  -1  -2  -5  -4  -3  -5  -4   3    4   0   0   0   0   0   0   0   0  63  14   0   0   0   0   0   0   0   0  19  1.21 0.41
  102 L    -3  -5  -5  -5  -2  -5  -5  -6  -5   4   1  -5  -1   1  -5  -4  -2  -4  -1   5    0   0   0   0   1   0   0   0   0  28   8   0   0   6   0   0   1   0   2  55  1.02 0.37
  103 I    -3  -5  -6  -6  -4  -5  -5  -6  -6   4  -1  -5  -2  -3  -5  -4  -3  -6  -4   7    0   0   0   0   0   0   0   0   0  22   2   0   0   0   0   0   0   0   0  76  1.51 0.49
  104 V     5  -4  -3  -4  -2  -3  -3  -1  -4  -3  -2  -3  -3  -4  -3   2   1  -5  -4   0   64   0   0   0   0   0   0   2   0   0   4   0   0   0   0  16  10   0   0   5  0.87 0.38
  105 P    -2  -3  -2  -3  -4  -3  -3  -3   1  -4  -5  -3  -4  -5   2   6   3  -5  -2  -2    0   0   0   0   0   0   0   0   4   0   0   0   0   0  10  67  15   0   1   2  1.12 0.47
  106 V    -1  -5  -5  -5  -3  -5  -3  -6  -6   2   0  -5  -2  -3  -5  -4  -2  -5  -4   6    4   0   0   0   0   0   2   0   0  10   6   0   0   0   0   0   1   0   0  77  1.27 0.45
  107 N     2  -1   1  -3  -4  -3  -3  -3  -3  -5  -5   0  -4  -5  -3   6  -1  -5  -4  -4   13   4   5   0   0   0   0   0   0   0   0   4   0   0   0  73   1   0   0   0  1.18 0.48
  108 T     3  -5   0  -4   9  -4  -4  -1  -4  -4  -4  -4  -4  -5  -4   1  -1  -5  -5  -3   30   0   5   0  45   0   0   4   0   0   0   0   0   0   0  13   3   0   0   0  1.38 0.45
  109 L    -4  -5  -1  -5  -4  -5  -6  -6  -5   7   3  -5  -1  -1  -5  -5  -3  -5  -4   0    0   0   4   0   0   0   0   0   0  72  22   0   0   1   0   0   0   0   0   0  1.39 0.46
  110 M    -5  -3  -5  -6  -5  -2  -5  -6   0  -4   1  -1   1   1  -6  -5  -4  -1   9  -4    0   1   0   0   0   2   0   0   2   0  11   4   3   3   0   0   0   0  74   0  1.90 0.57
  111 Q     0  -1   1  -3  -5   0  -3   6   0  -6  -5  -1  -4  -5  -1  -1  -3  -5  -5  -5    8   3   6   0   0   5   0  66   2   0   0   4   0   0   4   3   0   0   0   0  1.11 0.37
  112 R    -2  -1  -4  -4  -1  -3  -3  -5  -1   2   4   1   1  -2  -1  -2  -1   3  -3  -1    2   3   0   0   1   0   1   0   2  11  54   9   2   0   4   3   3   4   0   1  0.49 0.25
  113 V    -2  -5  -3  -4  -4  -3  -4   6  -4  -2   1  -4  -1  -3  -5  -1  -3  -5  -5  -1    0   0   0   0   0   1   0  70   0   2  17   0   2   1   0   4   0   0   0   4  1.18 0.40
  114 C    -1  -3   2   3   1  -2  -1  -3  -3  -1  -2  -1  -1  -4   3   3   1  -5  -4  -3    3   0  13  19   3   0   1   0   0   4   3   2   1   0  13  28   9   0   0   0  0.47 0.25
  115 P    -4  -4  -5  -2  -6  -4  -4  -5  -5  -6  -5  -2  -6  -7   9  -4  -4  -7  -6  -5    1   0   0   2   0   0   0   0   0   0   1   3   0   0  92   0   0   0   0   1  2.77 0.68
  116 H     0   0   0   2  -3   1   3  -2   0  -2  -2   2  -2  -2  -1   0  -1  -3  -2   0    7   4   3  14   0   3  22   1   3   2   3  16   0   1   2   8   3   0   0   8  0.23 0.13
  117 S    -1  -2   1   4  -5   1   5  -3   0  -5  -2  -2  -4  -5  -3   1  -2  -5  -4  -4    6   0   7  27   0   6  40   0   2   0   4   0   0   0   0   8   1   0   0   0  0.78 0.32
  118 F    -4  -4  -4  -5  -4  -4  -4  -5  -2  -3   0  -4   0   4  -5  -4   0   0   8  -1    0   0   0   0   0   0   0   0   0   0   8   0   2  18   0   0   5   0  60   3  1.54 0.47
  119 L    -1  -2  -2  -2  -2  -2  -2  -1  -2   0   2  -2   2   2  -2  -1  -1   5   2   0    5   2   1   3   0   1   2   6   1   3  28   1   6  10   1   3   5  10   8   5  0.25 0.11
  120 H     0   3   0   0  -3   3   1  -3   2  -3  -2   3  -1  -4  -2   1  -1  -4  -3  -3    5  16   2   3   0  15   7   1   5   0   3  27   2   0   0  11   1   0   0   1  0.41 0.19
  121 G     1   0   1   1  -2   1   1   0   0  -2  -2   2  -1  -3  -2   2   0  -3  -2  -2   16   4   6   8   0   4   9   7   2   1   2  16   2   1   1  15   2   0   1   2  0.19 0.10
  122 H    -3  -1   1  -3  -3   0  -2  -4   2  -1   1  -2   7   1  -4   0  -2  -2   2  -2    1   3   8   0   0   3   2   1   6   0  13   1  37   6   0   6   1   0   9   1  0.59 0.28
  123 A     1  -1   0  -2   1   0  -1  -2  -1   1   0  -1   2   1  -1   0   1  -2   0   1   16   3   4   0   3   5   1   2   1  10   3   3   7   6   2   6  10   0   2  16  0.07 0.08
  124 L    -2  -2  -4  -5  -2  -3  -4  -5  -2   3   4  -4   1   1  -4  -4  -2  -3   0   3    2   2   0   0   0   1   0   0   1  20  42   0   3   5   0   0   0   0   2  20  0.61 0.24
  125 V     0   0   0  -1  -3   0   1  -2   4  -1  -1   2  -1  -2   1   1   1   0  -1  -1    5   4   3   1   0   2   8   1  12   3   4  14   1   2   8  12  13   2   1   4  0.18 0.13
  126 M    -4  -5  -6  -6  -3  -4  -5  -6  -5   3   5  -5   1   2  -5  -5  -3  -4  -2   1    0   0   0   0   0   0   0   0   0  14  69   0   2   7   0   0   0   0   1   7  1.04 0.36
  127 K    -1   3  -1  -1  -4   2   3  -3   1  -3  -2   2  -2  -2  -3   1   0  -4  -1  -2    4  22   1   1   0   7  21   0   3   0   3  15   0   2   0  11   5   0   2   2  0.38 0.20
  128 K    -1   1  -3  -3  -2   0  -1  -4  -3   1  -1   1  -1  -3   2  -2   1  -4  -3   4    2   8   1   0   1   3   4   0   0   6   4  11   0   0  11   1   8   0   0  41  0.37 0.22
  129 G    -2  -4   1  -3  -5  -2  -4   7  -3  -6  -6   0  -5  -6  -4  -2  -4  -5  -5  -5    1   0   5   1   0   1   1  84   0   0   0   5   0   0   0   0   0   0   0   0  1.68 0.48
  130 Q    -2  -1  -1   3  -4   4   2  -4  -1  -1  -2   1   5  -4  -3  -2  -1  -4  -4  -3    3   1   1  17   0  27  14   0   1   3   1   7  20   0   0   1   4   0   0   0  0.62 0.31
  131 R    -2   2   0   1  -2   2   3  -2  -1  -1  -2   3  -1  -4  -2   0   0  -4  -3  -2    0  10   5   8   1   8  27   1   1   5   2  20   2   0   0   4   4   0   0   2  0.38 0.20
  132 L    -3  -1  -4  -5  -3  -3  -3  -5  -3   5   1  -1   2   2  -4  -2  -1  -2   3   1    0   3   0   0   0   0   1   0   0  43  13   5   5   8   0   2   2   0  12   6  0.56 0.26
  133 S    -1  -1   3   5  -4  -1   1  -1  -2  -4  -5  -1  -4  -5   2   2   0  -5  -4  -3    2   2  13  34   0   1  10   4   1   0   0   2   0   0  10  15   5   0   0   2  0.59 0.25
  134 R    -2   5  -3  -4  -4   3  -2  -4  -1   1   0  -1   1  -1  -2  -2  -1  -4  -2  -1    1  44   0   0   0  17   0   0   1   8  10   0   3   3   2   2   4   0   1   4  0.61 0.30
  135 D    -2   3   2   5  -1  -1   1  -3  -1  -5  -4   2  -4  -4  -3   0  -2  -5  -4  -4    3  19   9  38   2   1   5   0   1   0   1  16   0   0   0   5   1   0   0   0  0.73 0.30
  136 A     0  -1  -1   3  -4   3   4  -1  -1  -3  -3   1  -3  -3  -3   1  -1  -4  -2  -2    9   0   0  17   0  14  27   3   1   1   2   8   0   1   0   9   3   0   1   3  0.42 0.22
  137 L    -3  -4  -5  -5  -2  -4  -5  -5  -5   3   4  -4   1   3  -5  -3  -3  -3  -2   1    0   0   0   0   0   0   0   0   0  21  53   0   3  12   0   1   0   0   0   8  0.83 0.31
  138 R     0  -1  -4  -4  -3  -1  -1  -4  -4   2   4   0   1  -1  -4   0  -2  -4  -3   0    9   3   0   0   0   2   4   0   0  10  52   7   1   1   0   6   1   0   0   3  0.41 0.23
  139 T     0   4   1   0  -4   1   0  -2  -2  -3   0   2   1  -3  -3  -1   0  -4  -1  -3    8  31   9   5   0   4   6   1   0   0  11  10   4   0   0   4   5   0   3   0  0.31 0.19
  140 Q    -1   4  -1   1  -4   3   0  -3   0  -2  -2   3  -3  -1  -3  -1   0  -1  -3  -3    3  26   1   9   0  13   5   1   2   2   3  25   0   3   0   2   5   1   0   0  0.48 0.24
  141 L    -4  -5  -6  -6  -4  -5  -6  -6  -5  -1   6  -5  -1   2  -6  -5  -4  -4  -3  -2    0   0   0   0   0   0   0   0   0   0  93   0   0   7   0   0   0   0   0   0  1.59 0.51
  142 D     1  -4  -4  -3  -3  -4  -2  -5  -5   3  -1  -4  -2  -1  -4  -2   0  -5  -3   6   13   0   0   2   0   0   2   0   0  12   2   0   0   2   0   2   4   0   0  62  0.86 0.36
  143 S     0   1   2   3  -4   1   4  -2   0  -4  -4   0  -3  -3  -3   1   0  -4  -1  -4    7   7  10  18   0   5  28   2   2   0   0   5   0   0   0   9   4   0   2   0  0.45 0.21
  144 A    -1  -2   1  -4  -3  -3  -4  -5  -4   3   3  -3   6  -2  -4  -2  -2  -4  -1   1    3   2   8   0   0   1   0   0   0  19  34   0  23   0   0   2   0   0   2   6  0.63 0.29
  145 G    -2  -2   0  -3  -5   6  -2   4   3  -5  -3  -1  -3  -5  -4   0  -3  -4  -1  -5    2   1   5   0   0  48   0  28   6   0   2   1   0   0   0   5   0   0   2   0  0.99 0.41
  146 Y    -5  -5  -6  -7  -6  -5  -6  -7  -2  -5  -4  -5  -4   3  -6  -5  -5  -1  10  -5    0   0   0   0   0   0   0   0   0   0   0   0   0  10   0   0   0   0  90   0  2.79 0.73
  147 R    -1   1   0   0  -4   2   4  -3  -2  -2  -3   2  -2  -3  -3   1   3  -4  -3  -1    2   6   3   4   0  11  28   0   0   1   1  11   1   1   0   7  19   0   0   4  0.42 0.23
  148 H    -1   8  -1  -4  -6  -2  -3  -5   0  -3  -5   0  -4  -5  -5  -3  -4  -5  -4  -3    4  84   2   0   0   0   0   0   2   2   0   2   0   0   0   1   0   0   0   2  1.78 0.55
  149 V    -2  -3   7   0  -5  -2  -1  -1  -2  -4  -3  -1  -4  -5  -4   1   0  -6  -4  -1    2   0  65   2   0   1   4   4   0   0   2   2   0   0   0   7   6   0   0   5  1.16 0.43
  150 D    -2  -2   0   7  -5  -2   2  -4  -3  -3  -2  -2  -4  -5  -1   0  -2  -6  -5  -5    3   1   3  61   0   0  12   0   0   1   4   2   0   0   3   8   2   0   0   0  1.08 0.39
  151 Q    -1  -1  -2  -2  -3   1  -1  -4  -2   3   1  -2   3   0  -3   0   0  -3  -1   2    3   4   1   2   0  10   2   0   1  21   9   0  10   3   0   6   6   0   2  19  0.22 0.16
  152 V     0  -2   1   4  -2   0   2  -1  -2  -1  -3  -2  -2  -2  -3   0  -1  -4  -2   2   10   1   7  26   1   3  13   3   0   3   0   1   0   1   0   6   1   0   1  23  0.30 0.19
  153 M    -2  -4  -2  -4  -4  -3  -1  -2  -3   0   2  -4   0   6   0   0  -1  -2   0  -1    1   0   2   0   0   0   6   3   0   6  19   0   2  44   4   8   3   0   1   2  0.59 0.27
  154 E    -1   0   0   2  -3   3   2  -1   2  -1  -2  -1  -2  -3  -3   0   1  -2  -2   0    4   4   2  11   0  15  18   4   8   3   2   1   1   0   0   6  11   0   0   8  0.23 0.16
  155 H    -3   7  -3  -4  -2  -1  -1  -3   2  -1  -3   0  -3  -5   2  -2  -3  -5  -4   0    0  62   0   0   1   1   4   1   4   4   1   2   0   0  11   1   1   0   0   7  1.05 0.40
  156 G    -1  -5  -2  -2  -5  -4  -5   7  -5  -7  -6  -4  -5  -6  -5  -1  -4  -5  -6  -6    3   0   1   2   0   0   0  90   0   0   0   0   0   0   0   4   0   0   0   0  1.96 0.54
  157 E    -1   2   0  -1   2   1   3  -3  -1  -3  -4   1  -3  -4  -3   1   3  -4  -2  -2    3  12   4   2   5   6  19   0   1   0   0   9   0   0   0   8  28   0   1   1  0.43 0.23
  158 Y    -3  -6  -6  -7  -6  -6  -6  -6  -4  -3  -3  -6  -3   9  -7  -5  -5   2   3  -4    2   0   0   0   0   0   0   0   0   0   0   0   0  91   0   0   0   2   6   0  2.47 0.65
  159 A     0   7  -2  -3  -5  -2  -3  -4  -2  -5  -5  -1  -4  -5  -4   2  -1  -5  -4  -5    9  67   1   1   0   0   0   0   1   0   0   0   0   0   0  18   2   0   0   0  1.33 0.47
  160 T    -1  -2  -5  -5  -3  -4  -2  -5  -5   2   0  -4   0   0  -5  -3  -1  -5  -3   6    4   2   0   0   0   0   3   0   0   7   8   0   1   4   0   0   2   0   0  69  0.96 0.38
  161 R    -4   7  -1  -4  -6   0  -2  -5  -1  -6  -5   4  -2  -6  -5  -3  -3  -6  -4  -5    0  69   3   0   0   3   0   0   1   0   0  22   1   0   0   0   1   0   0   0  1.59 0.50
  162 G    -3  -5  -3  -4  -6  -5  -5   7  -5  -7  -7  -5  -6  -6  -5  -3  -5  -6  -6  -6    0   0   0   0   0   0   0 100   0   0   0   0   0   0   0   0   0   0   0   0  2.38 0.62
  163 A    -2  -4  -1   7  -6  -2   3   0  -3  -6  -6  -3  -5  -6  -4  -1  -3  -6  -5  -5    3   0   1  68   0   0  17   7   0   0   0   0   0   0   0   3   0   0   0   0  1.48 0.47
  164 L    -2  -4  -2  -4  -1  -4  -4  -5  -3   4   0  -4  -1  -2  -4  -1   2  -5  -3   4    0   0   2   0   1   0   0   0   0  27   7   0   0   1   0   3  17   0   0  41  0.71 0.31
  165 L    -3  -5  -5  -6  -3  -5  -5  -6  -5   5   3  -5   1  -2  -5  -4  -3  -5  -3   4    0   0   0   0   0   0   0   0   0  44  24   0   2   0   0   0   0   0   0  31  1.04 0.36
  166 D    -4  -4  -2   7  -6  -2   5  -4  -3  -6  -6  -2  -5  -6  -4  -2  -3  -6  -5  -6    0   0   0  57   0   0  40   0   0   0   0   1   0   0   0   1   1   0   0   0  1.64 0.51
  167 L    -4  -6  -6  -6  -4  -5  -6  -6  -6   7   1  -5  -1  -3  -5  -5  -3  -5  -4   2    0   0   0   0   0   0   0   0   0  80   8   0   0   0   0   0   0   0   0  12  1.61 0.50
  168 F    -3  -5  -3  -5  -1  -4  -5  -1  -3   2  -2  -5  -1   7  -5  -4  -3   2   5   0    1   0   1   0   1   0   0   5   0  14   0   0   1  49   0   0   0   3  19   5  1.14 0.39
  169 P    -1  -5  -5  -5  -6  -4  -4  -5  -5  -5  -1  -4  -5  -6   8  -2  -4  -7  -6  -5    5   0   0   0   0   0   0   0   0   0   8   0   0   0  84   3   0   0   0   0  2.40 0.62
  170 M     4  -3  -3  -3  -3  -3  -3   0  -3  -2  -1  -3   2  -1   2   1  -1  -4  -3   0   48   0   0   0   0   0   0   6   0   1   5   0   7   3  10  13   2   0   0   5  0.52 0.28
  171 G    -3  -3   0  -2  -4  -2   1   1   4  -1  -3  -3  -3  -1  -4   1  -1   2   7  -3    0   0   4   1   0   0  11  11  10   4   2   0   0   0   0  10   4   3  41   0  0.75 0.34
  172 S     1  -2   0   1  -2   1   3   0   0  -4  -4  -2  -1  -3   0   3  -1  -4  -1  -3    9   0   4   8   1   4  23   8   2   0   1   0   1   1   4  32   2   0   2   0  0.41 0.23
  173 E    -2  -1   0   5  -5   0   5  -4  -3  -5  -5   1  -4  -5  -3  -2  -1  -5  -4  -5    2   1   4  37   0   3  39   0   0   0   0   9   0   0   0   1   3   0   0   0  1.02 0.37
  174 L    -2   2   1  -1  -3   0   1  -3   3  -1   0   1   0   1  -2  -1   0  -2   1  -1    1  11   6   3   0   3  12   1   9   4  13  10   2   7   1   2   5   0   5   3  0.11 0.09
  175 P     4  -4  -2  -4   1  -3  -3   1  -2  -1  -2  -3  -1  -1   3  -1  -2  -4  -3   0   50   0   2   0   2   0   1  10   1   3   4   0   1   3  18   0   1   0   0   5  0.61 0.30
  176 Y    -3  -4  -5  -5  -3  -4  -5  -5  -3   4   2  -4  -1   1  -5  -4  -3   4   4   3    0   0   0   0   0   0   0   0   0  32  15   0   1   5   0   0   0   6  16  24  0.79 0.30
  177 R    -5   8  -4  -5  -7  -2  -3  -6  -3  -6  -5   0  -5  -6  -5  -4  -4  -6  -5  -6    0  99   0   0   0   0   0   0   0   0   0   1   0   0   0   0   0   0   0   0  2.49 0.69
  178 L    -3  -5  -6  -6  -1  -5  -5  -6  -5   6   2  -5  -1  -2  -5  -4  -3  -5  -3   4    0   0   0   0   1   0   0   0   0  51  21   0   0   0   0   0   0   0   0  27  1.11 0.38
  179 D    -2  -3   0   1   0   0   6  -4  -1  -4  -4  -2  -4  -5  -4   1  -2  -5  -3  -5    2   0   4   5   2   1  68   0   1   1   1   0   0   0   0  13   1   0   1   0  1.17 0.44
  180 F    -4  -5  -6  -6  -2  -5  -6  -6  -4  -2   3  -5   3   7  -6  -5  -4   2   0  -3    0   0   0   0   1   0   0   0   0   0  29   0   9  58   0   0   0   3   1   0  1.47 0.46
  181 F    -5  -5  -2  -2  -5  -5  -5  -6  -4  -3  -2  -6  -2   8  -6  -1  -5   6   0  -3    0   0   2   3   0   0   0   0   0   1   1   0   1  76   0   5   0  10   0   1  1.91 0.55
  182 D    -3  -4   0   4  -5  -4  -3   6  -4  -6  -6  -4  -5   0  -5  -2  -4   4  -4  -5    0   0   3  27   0   0   0  58   0   0   0   0   0   4   0   0   0   7   0   0  1.30 0.43
  183 D    -4  -4   1   8  -6  -2   0  -2  -4  -6  -6  -3  -5  -6  -3  -1   1  -7  -6  -6    0   0   5  79   0   1   2   2   0   0   0   0   0   0   1   2   8   0   0   0  1.74 0.52
  184 E    -4  -2  -3   0  -6   0   7  -5  -3  -5  -5   0  -5  -5  -4  -3   0  -5   1  -3    0   1   0   2   0   1  80   0   0   0   0   3   0   0   0   0   5   0   5   2  1.53 0.53
  185 I    -3  -5  -6  -6   0  -5  -5  -6  -6   6   1  -5  -1  -3  -5  -5  -3  -5  -4   4    0   0   0   0   2   0   0   0   0  64  11   0   0   0   0   0   0   0   0  23  1.28 0.42
  186 D    -4  -3  -2   5  -6  -1   6  -4  -3  -4  -5  -2  -5  -6  -4  -2  -1  -6  -5  -2    0   0   0  35   0   0  56   0   0   1   0   0   0   0   0   1   3   0   0   4  1.38 0.48
  187 S     1   4  -1  -2  -2   0   1  -1  -2  -4  -4   1  -3  -4  -3   4  -1  -4  -1  -3   13  26   2   1   1   3   8   3   0   0   0   5   0   0   0  34   1   0   2   0  0.53 0.28
  188 L    -4  -5  -6  -6  -4  -5  -6  -6  -6   7   2  -5   3  -3  -5  -5  -3  -5  -4   0    0   0   0   0   0   0   0   0   0  77  16   0   6   0   0   0   0   0   0   1  1.55 0.49
  189 R     0   4  -1  -1  -1   1   0  -2   2  -3  -2   2  -2  -2  -3   2   0  -3   2  -2    5  25   0   2   2   6   5   1   5   1   2  10   0   0   0  19   5   0   8   3  0.32 0.19
  190 V    -1   0  -1   0  -2   0   3  -3   0  -2   0   0   0  -1  -3  -1   1   0   2  -1    2   5   1   4   1   3  30   0   2   1  13   6   3   1   0   3  11   1   9   5  0.24 0.17
  191 F    -4  -5  -5  -6  -1  -5  -5  -6  -4   3   1  -5  -1   7  -5  -3  -3  -2   0   2    0   0   0   0   1   0   0   0   0  21   9   0   1  51   0   2   1   0   1  14  1.11 0.38
  192 D    -4  -4   2   7  -6  -3   0  -4   3  -6  -6  -3  -6  -6  -4  -1  -4  -7  -5  -6    0   0   9  77   0   0   3   0   7   0   0   1   0   0   0   4   0   0   0   0  1.75 0.52
  193 V     0  -2  -3  -4  -4  -3  -3  -4  -3   0  -4  -2  -2  -5   7   0  -1  -6  -3   2    7   2   1   0   0   0   0   0   0   7   0   2   1   0  57   7   2   0   1  14  1.28 0.41
  194 D    -1  -3  -1   0  -3  -1  -1  -4  -3   1   4  -2   0   0  -4  -3  -1  -4  -3   1    4   0   4   8   0   4   4   0   0   8  52   2   1   3   0   0   3   0   0   8  0.41 0.22
  195 S    -2  -3   1   0  -4  -3  -1  -4  -4  -4  -4  -3  -3  -5  -4   2   6  -5  -4  -3    0   1   7   4   0   0   4   0   0   0   1   0   0   0   0  15  68   0   0   0  1.19 0.47
  196 Q    -2   1   1  -3  -5   4  -2   5  -3  -5  -5   0   1  -5  -4  -2  -3  -5  -5  -5    1   6   6   0   0  23   0  55   0   0   0   6   4   0   0   0   0   0   0   0  1.05 0.39
  197 R    -2   3   1   0  -4   2   3  -3   0   1  -3   2   0  -4  -3   0   0  -4  -3  -1    1  16   6   3   0   8  25   0   2  10   0  14   3   0   0   4   4   0   0   2  0.36 0.20
  198 T    -1  -1  -1  -3  -3  -2  -2  -3   0   3  -1   0  -1  -3   0   2   2  -4  -3   3    3   3   1   0   0   0   1   1   2  19   4   7   1   0   4  17  14   0   0  23  0.25 0.18
  199 L    -2  -2  -2  -2  -3  -1  -1  -4  -3   3   3   0   0  -1  -4  -2   1  -4  -3   1    0   1   2   2   0   2   3   1   0  24  37   8   0   1   0   1  11   0   0   7  0.35 0.20
  200 E     0   1   0   2  -3   2   2   2   1  -3  -3   2  -3  -3  -1   0   0  -4  -2  -3    7   8   4  11   0   9  12  17   3   0   2  14   0   0   2   5   4   0   1   0  0.26 0.13
  201 E    -1   1   2   1  -2   1   3  -3   0  -4  -4   2  -3  -4  -2   1   1  -4  -1  -3    4   8   8   7   1   3  26   0   1   0   0  16   0   0   1  12   8   0   2   0  0.39 0.20
  202 V    -2   0  -3  -2   2  -2  -1  -4  -2   2   3  -2   1   0  -3  -3  -1  -3  -2   2    1   7   0   2   5   1   5   0   1  14  37   1   2   4   0   0   3   0   0  16  0.32 0.18
  203 E    -1  -1   1   3  -4   1   3  -2  -1  -3  -2   1  -3  -3   2   0   1  -4  -3  -3    3   2   8  18   0   5  21   2   1   0   5  10   0   1  11   6   8   0   0   1  0.37 0.18
  204 A     0   3  -1  -2  -3   1   3  -1   4  -3  -3   2  -3  -4  -3   2  -1  -4   0  -3    6  21   2   0   0   3  20   3  12   2   1  10   0   0   0  15   1   0   3   0  0.43 0.22
  205 I     0  -4  -4  -5  -1  -4  -4  -4  -1   3   1  -4   1   3  -4  -3  -1  -2   2   3    7   0   0   0   1   0   0   0   2  20  15   0   3  16   0   0   4   0   8  25  0.47 0.21
  206 N     0  -1   1   0  -2  -1  -1  -3  -1   1  -1   0   0   0  -3   0   3  -3   0   1    7   1   8   4   0   2   4   0   1  11   4   5   3   3   0   7  25   0   4  11  0.14 0.13
  207 L    -3  -5  -6  -6  -3  -5  -5  -6  -5   6   3  -5   0  -1  -5  -5  -3  -5  -3   3    0   0   0   0   0   0   0   0   0  57  25   0   1   1   0   0   0   0   0  16  1.16 0.39
  208 L    -3  -3  -4  -5  -4  -4  -4  -2   1  -3  -1  -4  -3   6  -2  -1   0  -1   7  -2    0   1   0   0   0   0   0   3   2   0   6   0   0  32   2   5   6   0  40   2  1.10 0.38
  209 P     0  -5  -5  -5  -6  -4  -4  -2  -5  -6  -6  -4  -5  -7   8  -3  -1  -7  -6  -5    7   0   0   0   0   0   0   3   0   0   0   0   0   0  85   1   4   0   0   0  2.45 0.63
  210 A     5  -3   1  -3   1  -2  -3   0  -2  -4  -4   2  -3  -5  -1   0   0  -5  -4  -2   63   0   6   0   2   0   0   4   0   0   0  13   0   0   2   3   5   0   0   1  0.78 0.36
  211 H    -2   1   2  -1  -3  -1  -1  -3   1  -3  -4   2  -3  -4  -3   4   3  -5  -3  -3    0   9   8   2   0   1   2   0   3   1   0  15   0   0   0  41  18   0   0   1  0.59 0.31
  212 E    -3  -3  -2   0  -6   2   3  -5   9  -5  -2  -3  -4  -4  -4  -2  -3  -5   0  -4    2   0   0   4   0   7  23   0  54   0   5   0   0   0   0   1   1   0   3   1  1.46 0.49
  213 F    -4  -5  -5  -6  -5  -5  -5  -6  -1   1  -1  -5  -3   6  -2  -5  -4   0   7  -2    0   0   0   0   0   0   0   0   1   7   3   0   0  41   2   0   0   1  43   2  1.60 0.49
  214 P     0  -4  -4  -5  -3  -4  -4  -5  -5   3   0  -4   1  -3  -1  -1  -1  -5  -3   5    7   0   0   0   0   0   0   0   0  16   6   0   3   0   3   5   2   0   0  57  0.79 0.33
  215 T     0  -4  -3  -4  -3  -3  -3  -4  -4   2   1  -3   1  -2  -3  -1   5   1  -3   1    9   0   0   0   0   0   0   0   0  10  13   0   3   1   1   1  49   2   0   9  0.65 0.32
  216 D    -1  -1   3   2  -4  -2  -2   1  -1  -4  -4  -2  -4  -5   5   0   1  -5  -4  -4    2   4  16  11   0   0   0  10   1   0   1   1   0   0  35   8  12   0   0   0  0.78 0.29
  217 K    -1   3  -2   2  -5   2   3  -3  -2  -5  -4   3  -3  -5   1   0  -2  -5  -2  -4    2  19   0  14   0   9  25   0   0   0   0  17   0   0   5   6   1   0   1   0  0.59 0.26
  218 A    -1   0   0   3  -5   2   5  -3  -2  -5  -5   1  -4  -5  -3   0  -3  -5  -4  -4    4   3   3  16   0  10  50   1   0   0   0   7   0   0   0   5   0   0   0   0  0.89 0.35
  219 A     4   1  -2  -2  -3  -2  -2  -1  -1  -2  -3   1  -3  -4  -3   0   2  -5  -3   0   50   7   1   1   0   1   0   3   2   2   0   7   0   0   0   3  17   0   0   6  0.54 0.29
  220 I    -3  -2  -3  -5  -3  -4  -5  -6  -5   6   2  -3   4  -2  -5  -4  -2  -4  -1   2    0   3   1   0   0   0   0   0   0  54  16   1  10   0   0   0   1   0   2  12  0.91 0.34
  221 E    -1   1   1   1  -2   2   4   0  -2  -4  -3   2  -3  -5  -3   0  -2  -5  -4  -3    3   5   8   8   1   8  36   7   0   0   2  15   0   0   0   6   1   0   0   2  0.51 0.24
  222 L     0   2   2   1  -3   0   0  -2   2  -2  -1   1  -2  -2  -2   1   1  -2  -1  -2    7  14  15   7   0   3   6   1   5   1   6   6   0   2   1  11  12   1   1   1  0.18 0.12
  223 F     1  -5  -5  -5  -3  -4  -5  -4  -5   6   1  -4  -1   3  -2  -4  -2  -4  -2   0   13   0   0   0   0   0   0   0   0  62   8   0   0  11   2   0   1   0   0   2  0.94 0.37
  224 R    -2   3  -2  -1  -3   2   2  -4  -2   0  -2   4  -2  -4  -2  -2  -1  -4  -3  -2    2  19   0   1   0   9  16   0   0   7   2  37   0   0   1   1   2   0   0   1  0.60 0.27
  225 S     1  -1   2   2  -3   2   2  -1   1  -1  -3   1  -2  -4  -2   1   0  -4  -3  -1   11   0  12  12   0   9  16   2   3   3   1  10   0   0   0  10   6   0   0   4  0.26 0.15
  226 Q    -2  -2   1   0  -6   1   6  -3  -1  -5  -4   2  -4  -6  -4  -2  -3  -5  -4  -5    2   0   6   1   0   5  67   1   1   0   2  15   0   0   0   0   0   0   0   0  1.22 0.45
  227 W    -2  -4  -4  -6  -4  -4  -5  -4  -4   2   5  -5   1   0  -5  -4  -3   2   1   0    2   0   0   0   0   0   0   1   0  10  72   0   2   2   0   0   0   3   5   3  0.99 0.37
  228 R     0   2   0   1  -4   1   2  -1   0  -2   0   2  -2  -3  -3  -1  -1  -4  -3  -2    9  13   3   7   0   6  20   3   2   1  15  15   0   0   0   1   2   0   0   2  0.23 0.15
  229 D    -2   1  -1   2  -6   2   6  -4  -1  -5  -4   0  -4  -5  -3  -1  -1  -5  -3  -5    2   8   2  12   0   9  58   0   1   0   1   3   0   0   0   3   2   0   0   0  1.00 0.38
  230 T     2   5   1   0  -2   2   0  -3  -1  -4  -3  -1  -3  -4  -3   0   0  -5  -3  -2   20  42   5   5   1   8   5   0   1   0   1   0   0   0   0   4   5   0   0   2  0.60 0.29
  231 F    -1  -1  -3  -3  -3   3   0  -4  -2   0   3  -2   0   2  -4  -1  -2  -2   2  -1    3   2   0   0   0  20   6   0   0   3  41   0   2  11   0   3   0   0   7   1  0.40 0.22
  232 E    -3   6  -2   1  -5   0   3   0  -2  -5  -4   1  -3  -4  -4  -2  -1  -4   0  -4    0  49   0   7   0   1  26   7   0   0   0   4   0   0   0   0   3   0   4   0  0.86 0.32
  233 V    -1  -3  -4  -4  -3  -3  -4  -4  -3   3   4  -1   0  -1  -4  -3  -1  -3   1   2    5   0   0   0   0   0   0   0   0  19  47   4   0   1   0   0   3   0   5  14  0.51 0.21
  234 K    -1   2   2  -1  -4   0   3  -3  -2  -3  -1   3  -2   1  -3  -1   1  -1  -1  -3    2  10  10   1   0   1  26   0   0   0   5  24   0   7   0   2   9   1   2   0  0.34 0.18
  235 R    -1   2  -1  -2  -4   6   2  -2   3  -1  -3   0   1  -4  -3  -2  -1  -4  -3  -3    3  11   2   0   0  47  11   3   8   4   0   2   5   0   0   1   3   0   0   0  0.73 0.30
  236 D    -3   7  -2   2  -5  -1  -1  -4  -3  -3  -1   0  -3  -4  -4  -1   0  -5  -4  -4    0  63   0  14   0   0   3   0   0   1   7   1   0   0   0   4   7   0   0   0  1.01 0.36
  237 P    -1  -3  -1   0  -3  -2  -1  -2  -2  -2  -1  -1  -2  -1   0  -1   6  -4  -3   0    4   0   1   7   0   0   4   3   1   0   4   3   0   3   5   0  61   0   0   5  0.69 0.32
  238 E    -2   2   3   0  -3   2   2  -1  -1  -3  -1   1   0  -3  -3   0   1  -4  -3  -3    0  16  16   1   0  10  19   3   0   0   8  10   3   0   0   3   9   0   0   0  0.32 0.17
  239 H    -3  -3  -1  -1  -4  -2  -1  -4   5  -3  -1  -1  -2   4   2  -3  -3  -1   6  -3    1   0   3   3   0   1   4   0  14   0   5   5   0  23  10   0   0   0  30   0  0.73 0.28
  240 I    -3  -3  -1   7  -5  -2  -1  -1  -3  -1  -1  -2   0  -4  -3  -2  -1  -5  -4  -3    0   0   0  71   0   0   0   3   0   5   9   2   3   0   0   0   5   0   0   0  1.18 0.37
  241 Y    -3  -3  -4  -5  -3  -3  -4  -5  -3   3   4  -2   2   2  -4  -3  -2  -2   4   0    0   0   0   0   0   0   0   0   0  23  42   3   6   7   0   0   0   0  16   2  0.62 0.24
  242 Q    -1  -2  -2  -1  -5   1   7  -4  -2  -5  -4   0  -4  -5  -3  -2  -3  -4  -4  -4    4   0   1   0   0   5  81   0   0   0   1   4   0   0   0   0   0   0   0   0  1.39 0.42
  243 Q     0  -1  -3  -2  -3   1  -3  -4  -3  -1   0   2   8  -3  -4  -1  -2  -4  -3  -2    8   3   0   2   0   5   0   0   0   1   4  14  56   0   0   4   0   0   0   0  0.96 0.36
  244 V    -2  -3  -4  -4  -3  -3  -1  -4  -3   3   4  -3   5  -1  -4  -2  -2  -3  -2   1    0   0   0   0   0   0   4   0   0  18  42   0  20   1   0   2   0   0   0   8  0.61 0.23
  245 S     0   2   0  -1  -2   1   1  -1  -1  -1  -1   1  -1   0  -2   1   1  -3  -1  -1    6  16   4   1   0   7  10   2   0   5   4  10   1   5   0  12  11   0   1   4  0.13 0.08
  246 K     0  -1  -2  -1  -4   2   6  -2  -2  -4  -4   1  -3  -4  -3   0  -1  -4  -3  -3    6   2   0   0   0   8  60   2   0   0   1   9   0   0   0   7   3   0   0   1  0.85 0.30
  247 G    -1  -3  -1  -3  -2  -2  -3   2  -3   1   1  -2   3   1  -3  -1   2   1  -2   1    1   0   2   0   0   0   0  17   0   6  17   0  13   7   0   4  18   2   0  10  0.21 0.14
  248 T    -2   0  -2  -3  -4  -1   0   6  -3  -2  -4  -2  -3  -4  -3  -2   1  -4  -4  -4    0   7   0   0   0   3   6  67   0   3   1   0   0   0   0   0   9   0   0   0  0.99 0.30
  249 L    -1  -2  -2  -3  -3  -2  -3  -3   1  -1   0   0   0   4  -3  -1   0  -1   6  -1    5   1   1   1   0   0   1   1   4   2   8   7   1  22   1   5   7   0  32   3  0.52 0.20
  250 P    -2  -4  -4  -2  10  -4  -4  -4  -4  -1  -3  -2  -3   2  -1  -3   0  -3  -3  -1    1   1   0   3  62   0   1   1   0   3   1   3   0  11   3   1   5   0   0   4  1.58 0.39
  251 A     0  -1   2   1  -3   1   1  -2   0  -3  -3   2  -2  -3   1   3   0  -4  -3  -3    7   0  10   6   0   4   6   1   2   0   1  16   0   0   7  34   4   0   0   1  0.36 0.17
  252 G    -2  -4  -2  -2  -4  -3  -2   7  -4  -5  -5  -3  -4  -5  -4  -2  -2  -4  -5  -5    1   0   0   2   0   0   3  88   0   0   1   0   0   0   0   0   2   0   0   0  1.65 0.40
  253 I    -3  -4  -4  -4  -3  -3  -4  -5  -1   6   1  -4   2  -1  -4  -3  -2  -3   2   2    1   0   0   0   0   0   0   1   2  58   7   0   6   0   0   0   0   0   9  14  0.81 0.28
  254 E    -3  -3  -3  -1  -6   1   7  -5   1  -5  -5  -2  -4  -6  -4  -3  -3  -5  -4  -2    0   0   0   0   0   5  90   0   3   0   0   0   0   0   0   0   0   0   0   3  1.74 0.52
  255 Y    -2   0   7  -1  -5   2  -2  -1  -2  -3  -5  -1   1  -4  -4  -1  -2  -5   1  -4    3   3  66   0   0   9   0   3   0   2   0   3   4   0   0   2   0   0   5   0  1.14 0.39
  256 W    -4  -4  -5  -6  -5  -4  -5  -6  -1  -3   1  -5  -3   3  -6  -4  -4   4   8  -1    0   0   0   0   0   0   0   0   0   0  14   0   0   9   0   0   0   5  69   3  1.73 0.48
  257 Q     1  -2  -2  -3  -3   1  -2  -3  -3  -3   2  -2  -2  -3  -3   5  -1  -4   1  -3    8   2   0   0   0   7   0   0   0   0  22   0   0   0   0  57   0   0   5   0  0.64 0.33
  258 P    -3   7  -3  -4  -5  -2  -3  -1  -3  -5  -3   0  -1  -5   4  -1  -3  -5  -4  -3    0  64   0   0   0   0   0   4   0   0   2   2   1   0  21   4   0   0   0   2  1.23 0.40
  259 L    -3  -1  -3  -4  -4  -2  -3  -2   8  -2   2  -3  -2   1  -3  -3  -3  -2   5  -1    0   4   0   0   0   0   0   3  41   1  21   0   0   6   1   0   0   0  20   4  0.97 0.34
  260 F    -1  -4  -5  -5  -3  -4  -5  -5  -4   1   4  -3   2   5  -5  -4  -3  -2  -1   0    4   0   0   0   0   0   0   0   0   5  46   1   5  35   0   0   0   0   0   4  0.85 0.29
  261 F     1  -3  -1   3  -3  -2   0  -3  -2  -2  -2  -2   0   2  -3   2   2   2   2  -1   13   0   1  19   0   0   5   0   0   0   0   0   3  11   0  19  14   3  10   3  0.30 0.18
  262 S     0  -2   1  -1  -4  -3  -1   6  -1  -4  -3  -3  -3  -3  -3   0  -1  -3   0  -4    4   1   6   2   0   0   3  63   1   0   2   0   0   0   0   7   4   0   5   0  0.88 0.27
  263 E    -2   3  -2   3  -5   1   6  -4  -2  -5  -5  -1  -4  -5  -3   0  -1  -5  -4  -4    2  16   0  14   0   2  56   0   0   0   0   0   0   0   0   5   4   0   0   0  0.96 0.34
  264 P     0   0  -3  -3  -4   0  -2   0  -3  -4  -4   0  -3  -4   6  -1   1  -4   1  -3    9   6   0   0   0   5   0   6   0   0   0   6   0   0  48   3   9   0   6   1  0.93 0.27
  265 L    -3  -4  -4  -4   2  -3  -3  -1   1  -4  -1  -3   0  -5   8  -3  -3  -5  -4  -4    1   0   0   0   5   0   0   4   3   0   6   0   3   0  75   0   0   0   0   0  1.89 0.44
  266 P     1  -3  -1   0  -3  -2  -1  -2   1  -3  -3  -2  -2   1   3   2  -1   1   5  -2   17   0   2   5   0   1   4   1   3   0   0   1   0   5  17  16   1   2  23   1  0.43 0.21
  267 P    -2  -3  -1  -3   6  -3  -1  -3  -4  -3  -2  -3  -3  -4  -1   1   5  -5  -4  -2    0   0   2   0  21   0   4   1   0   0   3   0   0   0   2  12  53   0   0   1  0.96 0.36
  268 L    -4  -4  -6  -6  -3  -4  -5  -6  -5   2   6  -5   0  -2  -5  -5  -3  -4  -3   0    0   0   0   0   0   0   0   0   0  11  86   0   0   0   0   0   0   0   0   3  1.27 0.39
  269 F    -3  -4  -4  -4  -3  -4  -2  -5  -4   3   3  -4   1   5  -4  -3  -1  -2   0   1    0   0   0   0   0   0   4   0   0  16  39   0   3  28   0   0   5   0   1   5  0.63 0.24
  270 S    -4  -3  -1   8  -6  -2   1  -4  -1  -6  -6   0  -5  -6  -4  -1  -3  -7  -5  -6    0   0   0  87   0   0   5   0   1   0   0   4   0   0   0   2   0   0   0   0  1.88 0.50
  271 Y    -5  -4  -5  -6  -5  -1  -5  -6   2  -4  -4  -4  -3   4  -6  -4  -4  -1   9  -4    0   0   0   0   0   3   0   0   4   0   0   0   0  14   0   0   0   0  79   0  2.17 0.55
  272 F    -4  -5  -5  -5  -4  -5  -5  -5  -4  -1   3  -5   0   7  -5  -4   0  -2   0  -2    0   0   0   0   0   0   0   0   0   2  35   0   1  55   0   0   7   0   1   0  1.20 0.37
  273 P    -2  -4   1   0  -5   0  -2  -3  -4  -5  -5  -1  -5  -6   8  -2  -2  -6  -5  -5    2   0   6   4   0   4   1   2   0   0   0   3   0   0  75   1   1   0   0   0  1.91 0.45
  274 A    -1  -1   1   4  -4   0   3  -2  -1  -1  -4   3  -3  -4  -1  -1  -1  -5  -4  -3    5   0   7  29   0   2  23   2   0   4   0  20   0   0   2   2   3   0   0   1  0.51 0.21
  275 N    -2  -3   2   7  -5   0   1  -3  -3  -4  -5  -2  -4  -5   1  -2  -3  -6  -5  -2    3   0  11  65   0   3   7   0   0   0   0   0   0   0   6   1   0   0   0   4  1.15 0.35
  276 T     2  -3  -1  -3  -3  -3  -3  -1  -3  -1  -2  -3  -2   5   0  -1   1   5   2  -1   20   0   4   0   0   0   1   4   0   4   0   0   0  31   5   2  11   9   6   3  0.47 0.21
  277 L    -3  -4  -5  -5  -1  -4  -5  -5  -4   3   5  -4   1   2  -5  -4  -3  -3  -2   1    0   0   0   0   1   0   0   0   0  16  65   0   2   7   0   0   0   0   0  10  0.84 0.28
  278 L    -2  -4  -4  -4   2  -3  -1  -5  -4   3   4  -3   3   0  -4  -3  -1  -3  -2   1    0   0   0   0   5   0   4   0   0  23  43   0   8   4   0   0   4   0   0   9  0.54 0.21
  279 V    -2  -4  -5  -5  -3  -4  -4  -5  -5   5   1  -4   1   1  -4  -4  -2  -4  -2   5    0   0   0   0   0   0   0   0   0  39   5   0   2   7   0   0   0   0   0  47  0.87 0.28
  280 N    -1  -3   2   5  -3  -2  -1  -2  -2   2  -1  -2  -2  -1  -3  -1  -2  -4  -3   1    3   0  10  46   0   0   0   2   0  19   6   0   0   2   0   0   0   0   0   9  0.46 0.16
  281 T    -2  -2   3   5  -4   0   4  -2  -1  -3  -3  -1   0  -4  -2  -1   0  -4  -3  -3    1   0  15  40   0   2  29   0   0   0   2   0   4   0   0   0   4   0   0   0  0.68 0.18
  282 G    -1  -2  -1   0  -3   0   4  -1  -2  -2   0  -1  -2   2   0   2  -1  -3   0  -2    0   0   0   2   0   0  39   4   0   0  10   0   0  11   5  24   0   0   3   0  0.33 0.16
  283 D    -1  -2   2   1  -3  -1   1  -2   5  -3  -1  -1  -2  -1   0   3   0  -3   0  -3    0   0  10   6   0   0   8   0  24   0   9   0   0   2   5  31   2   0   2   0  0.38 0.16
  284 L    -1   1   2   0  -3  -1   0   0   5   0  -1   2   0  -2  -3  -1  -2  -4  -1   1    1   6  11   4   0   0   5   6  25   6   4  15   2   0   0   2   0   0   0  13  0.24 0.12
  285 E    -1   1  -1  -1  -3   5   2  -3   0  -1  -2   0   1  -3  -2   0   2  -3  -2  -1    1   5   0   0   0  37  14   0   2   5   2   2   6   0   0   6  18   0   0   2  0.42 0.18
  286 T    -1  -2  -2  -1   2  -2  -2  -3  -3   3   1  -1   1  -2  -3  -1   3  -3  -1   2    0   0   0   5   5   0   0   0   0  22  10   5   2   0   0   2  33   0   1  15  0.28 0.14
  287 S     0   1  -1  -1  -3   1   2  -2  -2  -3  -3   1   1  -4   5   1  -1  -4  -3  -3    6   6   2   0   0   4  22   1   0   0   0   8   6   0  32  10   2   0   0   0  0.58 0.13
  288 A     1   1  -1  -2  -3   4   0   1  -1  -3  -3   1  -2   1  -1  -1   0  -3  -2  -2   16   5   0   0   0  38   1  13   0   0   0   7   0  10   1   0   8   0   0   0  0.34 0.14
  289 E     0  -2  -2   0  -3   1   3  -3  -2   4   0  -1   0  -2  -3  -2  -1  -3  -2   1    6   0   0   4   0   6  33   0   0  39   8   0   0   0   0   0   0   0   0   4  0.32 0.14
  290 R    -2   5   0   0  -4   0  -1  -3   6  -2  -3   1  -2  -3  -3  -2  -2  -4  -1  -3    0  55   3   7   0   2   0   0  25   3   0   5   0   0   0   0   0   0   0   0  0.77 0.18
  291 F     2  -2  -1  -1  -2   1   0   2  -2  -2  -1  -1  -1   1  -2   2   1  -2  -1  -2   25   0   0   0   0   9   7  21   0   0   3   0   0  11   0  17   7   0   0   0  0.22 0.08
  292 Q    -2   0  -3  -3  -3   1   1  -4  -1  -1   1  -2   7   0  -3  -2  -2  -2   4  -1    0   5   0   0   0   8  12   0   0   0   7   0  50   0   0   0   0   0  18   0  0.56 0.19
  293 A    -1  -2  -1  -3  -4   0   0  -4   0  -3  -2  -1  -2   2  -4  -2  -2   5   7  -2    5   0   3   0   0   5   7   0   0   0   0   5   0   3   0   0   0   7  64   0  0.94 0.20
  294 D    -2   0   4   3  -4   0   4  -2   1  -4  -4   0  -3  -4  -2   0  -1  -4  -3  -4    0   2  34  14   0   0  38   0   3   0   0   3   0   0   0   6   0   0   0   0  0.64 0.14
  295 T     2  -1  -1  -1  -2   1   0   4  -2  -3  -3   1  -2  -3  -2   0   1  -3  -3  -2   23   0   0   0   0   8   7  36   0   0   0  10   0   0   0   4  12   0   0   0  0.38 0.09
  296 L    -2   2  -1   4  -3  -1   0  -3  -2  -1   2   0   0  -2  -3  -2  -2  -3  -3  -2    0  18   0  35   0   0   4   0   0   0  38   6   0   0   0   0   0   0   0   0  0.35 0.11
  297 A     0   2  -1  -1  -3   3   1  -2  -1  -2  -1   1   0   0  -2   1  -1  -2   2  -1    8  12   0   0   0  28   8   0   0   0   4   4   4   3   0  17   0   0  10   3  0.23 0.08
  298 R     1   3   1   0  -3   1   1  -2  -1  -3  -3   2  -2  -3  -2   2  -1  -3  -2  -2   16  23   7   4   0   5   7   0   0   0   0  21   0   0   0  18   0   0   0   0  0.33 0.08
  299 F     2   4  -2  -2  -3   0   0  -2  -1  -2  -2   0  -2   1  -2   0  -1  -2   2  -1   24  38   0   0   0   0   8   0   0   0   0   0   0   6   0   8   0   0  12   3  0.32 0.10
  300 E    -2   0   3   0  -4   1   3  -2   3  -4  -4   4  -2  -4  -2  -1  -1  -4  -2  -3    0   0  18   0   0   0  31   0   8   0   0  42   0   0   0   0   0   0   0   0  0.58 0.13
  301 N    -1   1   1   1  -4   3   2   1  -1  -4  -3   4  -2  -4  -2  -1  -1  -3  -3  -3    0   0   7   5   0  22  14   9   0   0   0  42   0   0   0   0   0   0   0   0  0.48 0.10
  302 R     2   1  -1  -2  -1  -1  -2  -2  -2   0   1  -1   1  -2  -2   0   1  -3  -2   1   23  14   4   0   0   0   0   0   0   0  20   0   3   0   0   9   7   0   0  21  0.12 0.05
  303 G     0  -1  -2  -3  -2  -1  -2   2  -2   0   3   2   0  -1  -2  -1  -1  -3  -2  -1    9   0   0   0   0   0   0  19   0   0  45  27   0   0   0   0   0   0   0   0  0.22 0.08
  304 V    -1  -3  -3  -3  -2  -2   0  -4  -3   3   0  -3   0   2  -3  -2  -1  -3  -1   4    0   0   0   0   0   0   9   0   0  26   0   0   0  12   0   0   0   0   0  53  0.39 0.10
  305 D     0  -2   3   6  -4  -1   1  -2  -1  -4  -4  -1  -3  -4  -2  -1  -1  -5  -3  -3    9   0  20  64   0   0   7   0   0   0   0   0   0   0   0   0   0   0   0   0  0.85 0.13
  306 P    -1   1   1   2  -3  -1  -1   2  -2  -4  -4  -1  -3  -4   5   1  -1  -4  -3  -3    0  11  10  15   0   0   0  19   0   0   0   0   0   0  30  14   0   0   0   0  0.57 0.06
  307 M    -2  -1   2  -2  -3   1  -1  -3  -1  -1   0   1   3   5  -3  -1  -2  -1   1  -1    0   0  15   0   0  11   0   0   0   0   0  13  17  43   0   0   0   0   0   0  0.33 0.09
  308 R    -2   5  -1  -2  -4   0   1  -3   0  -3  -3   1  -2  -1  -3  -1  -2  -1   4  -3    0  65   0   0   0   0  11   0   0   0   0   0   0   0   0   0   0   0  24   0  0.70 0.11
  309 P    -2  -3  -3  -3  -3  -2  -2  -3  -3   1   2  -2   0  -2   6  -2  -2  -3  -3  -1    0   0   0   0   0   0   0   0   0  13  30   0   0   0  57   0   0   0   0   0  1.04 0.10
  310 L     0  -2  -2  -3  -2  -2  -2  -3  -3   1   3  -2   1  -1   3  -1   2  -3  -2   0    6   0   0   0   0   0   0   0   0  12  41   0   0   0  19   0  19   0   0   0  0.31 0.05
  311 L    -1  -2  -3  -3   6  -2  -3  -3  -3   0   3   0   1  -1  -3  -1  -1  -3  -2   0    0   0   0   0  24   0   0   0   0   0  59  10   0   0   0   6   0   0   0   0  0.42 0.08
  312 P     2  -1   2  -1  -2  -1  -1  -1  -1  -3  -3   0  -2  -3   4   3   0  -4  -2  -2   24   0  13   0   0   0   0   0   0   0   0   5   0   0  20  38   0   0   0   0  0.46 0.07
  313 P     0  -2  -2  -2  -3  -2  -2  -3  -1  -3  -3  -2  -2  -1   7  -1  -2  -1   4  -2    6   0   0   0   0   0   0   0   0   0   0   0   0   0  63   0   0   0  26   0  1.28 0.12
  314 Q     0   0   0   3  -3   2   3  -2  -1  -2  -1   1  -1  -3  -2   0   1  -3  -2  -2    5   0   0  19   0   9  24   0   0   0  11  13   0   0   0   5  13   0   0   0  0.25 0.04
  315 S     0   0   3   1  -2   1   2  -1  -1  -3  -3   1  -2  -3  -1   2   1  -3  -2  -2    0   0  19   5   0   6  22   0   0   0   0   9   0   0   0  23  13   0   0   0  0.32 0.05
  316 L    -2   2  -2  -3  -3  -2  -2  -4   3   0   3  -1   0   4  -3  -2  -2  -1   1  -1    0  19   0   0   0   0   0   0  11   0  42   0   0  28   0   0   0   0   0   0  0.32 0.07
  317 W    -2  -3   1  -3  -3  -2  -3  -3  -1  -3  -2  -2  -2   3   3  -2  -2   8   4  -3    0   0  13   0   0   0   0   0   0   0   0   0   0  11  19   0   0  33  24   0  0.99 0.11
  318 L    -2  -2  -3  -1  -2   1  -2  -4  -2   0   4  -2   1   4  -3  -2  -2  -1   0   0    0   0   0   5   0  10   0   0   0   0  61   0   0  24   0   0   0   0   0   0  0.37 0.08
  319 R    -1   2   1  -1  -3   0   0  -2  -1  -3  -3   4  -2  -3  -2   1   2  -3  -2  -2    0   9   9   0   0   0   0   0   0   0   0  47   0   0   0  11  24   0   0   0  0.39 0.08
  320 V     1   1  -2  -2  -1  -1  -2  -2  -2   0  -1  -1  -1   2  -2   2   0  -2  -1   2   19  11   0   0   0   0   0   0   0   0   0   0   0  13   0  24   0   0   0  33  0.14 0.06
  321 D    -1  -1   1   5  -3   1   2  -2  -1  -3  -2  -1  -2  -3  -2   1  -1  -4  -3  -3    0   0   6  45   0   6  18   0   0   0   6   0   0   0   0  19   0   0   0   0  0.51 0.07
  322 E     0  -1  -1   2  -3   2   4  -2  -1  -2  -2   0  -2  -3  -2  -1  -1  -3  -2   0   10   0   0  12   0  12  53   0   0   0   0   0   0   0   0   0   0   0   0  13  0.46 0.08
  323 L    -1  -3  -3  -4  -2  -3  -3  -3  -3   2   2  -3   1   4  -3  -2  -1  -1   0   2    6   0   0   0   0   0   0   0   0  21  24   0   0  27   0   0   0   0   0  22  0.32 0.05
  324 F    -2  -2   3  -2  -2  -2  -2  -2  -1   0  -1  -2   1   3  -3  -1   1   7   1  -1    0   0  23   0   0   0   0   0   0   7   0   0   9  24   0   0  18  19   0   0  0.42 0.07
  325 S     0   1   1   0  -3   3   3  -2   0  -3  -3   0  -2  -3  -2   3   0  -3  -2  -3    0  10   8   0   0  22  25   0   0   0   0   0   0   0   0  35   0   0   0   0  0.41 0.07
  326 E    -1   3  -1  -1  -3   0   1  -3  -1  -1   1   4   0  -2  -2  -1  -1  -3  -2  -2    0  23   0   0   0   0  10   0   0   0  25  42   0   0   0   0   0   0   0   0  0.33 0.06
  327 L     0  -3  -3  -4  -1  -2  -3  -3  -3   2   3  -2   3   0  -3  -2  -1  -2  -2   2   11   0   0   0   0   0   0   0   0  14  45   0  13   0   0   0   0   0   0  17  0.32 0.05
  328 K    -1   1  -1   0  -4   3   3  -2  -1  -3  -3   4  -2  -4  -2  -1  -1  -3  -2  -3    0   0   0   0   0  14  27   0   0   0   0  60   0   0   0   0   0   0   0   0  0.59 0.08
  329 N     0   0   4   0  -2   3   0  -1   0  -3  -3   0  -2  -3  -2   3   0  -3  -2  -3    0   0  28   0   0  29   0   0   0   0   0   0   0   0   0  43   0   0   0   0  0.46 0.07
  330 W    -2   0  -2  -2  -3  -1   0  -3  -1  -1   1   2   0   3  -3  -2  -2   6   3  -1    0   0   0   0   0   0  10   0   0   0  20  25   0  18   0   0   0  14  14   0  0.31 0.03
  331 P    -1   0   4   0  -3   0   0  -1  -1  -3  -3   2  -2  -4   5   0  -1  -4  -3  -3    0   0  41   0   0   0   0   0   0   0   0  24   0   0  35   0   0   0   0   0  0.72 0.03
  332 R    -1   3   4   0  -3   0   0  -1   0  -3  -3   1  -2  -3  -2   2   0  -3  -2  -3    0  35  41   0   0   0   0   0   0   0   0   0   0   0   0  24   0   0   0   0  0.45 0.03
  333 V    -1  -3  -4  -4  -1  -3  -3  -4  -4   5   1  -3   1   0  -3  -3  -1  -3  -2   3    0   0   0   0   0   0   0   0   0  82   0   0   0   0   0   0   0   0   0  18  0.46 0.04
  334 Q    -1  -1  -1  -1  -2   2   2  -3  -1   0   2   0   1  -1  -2  -1   1  -2  -2   0    0   0   0   0   0  18  24   0   0   0  41   0   0   0   0   0  17   0   0   0  0.19 0.02
  335 L    -2  -3  -4  -4  -2  -3  -3  -4  -2   3   2  -3   1   4  -3  -3  -2  -1   1   1    0   0   0   0   0   0   0   0   0  31  28   0   0  41   0   0   0   0   0   0  0.40 0.03
  336 K     0   1   0  -1  -2   1   0  -1  -1  -3  -3   4  -2  -3  -1   2   1  -3  -2  -2    0   0   0   0   0   0   0   0   0   0   0  59   0   0   0  31  10   0   0   0  0.38 0.03
  337 T     1  -2  -2  -3  -2  -2  -2  -2   0   1   0  -2   0   2  -2  -1   1   0   4   0   17   0   0   0   0   0   0   0   0  24   0   0   0  10   0   0  18   0  31   0  0.23 0.02
  338 E    -1   0  -1   1  -4   2   6  -3   0  -4  -3   1  -2  -4  -1   0  -1  -3  -2  -3    0   0   0   0   0   0 100   0   0   0   0   0   0   0   0   0   0   0   0   0  0.86 0.05
  339 H    -2   0   5   0  -3   0   0  -1   5  -3  -3   2  -2  -3  -2   0  -1  -4  -1  -3    0   0  54   0   0   0   0   0  24   0   0  23   0   0   0   0   0   0   0   0  0.50 0.02
  340 L    -1  -3  -3  -4  -1  -2  -3  -4  -3   2   3  -3   2   0  -3  -2  -1  -2  -1   3    0   0   0   0   0   0   0   0   0   0  50   0   0   0   0   0   0   0   0  50  0.32 0.00
  341 P    -1  -2  -2  -1  -3  -1  -1  -2  -2  -3  -3  -1  -2  -4   7  -1  -1  -4  -3  -2    0   0   0   0   0   0   0   0   0   0   0   0   0   0   0   0   0   0   0   0  0.00     0.00
  342 T     0  -1   0  -1  -1  -1  -1  -2  -2  -1  -1  -1  -1  -2  -1   1   5  -2  -2   0    0   0   0   0   0   0   0   0   0   0   0   0   0   0   0   0   0   0   0   0  0.00     0.00
  343 K    -1   2   0  -1  -3   1   1  -2  -1  -3  -2   4  -1  -3  -1   0  -1  -3  -2  -2    0   0   0   0   0   0   0   0   0   0   0   0   0   0   0   0   0   0   0   0  0.00     0.00
  344 A     4  -1  -2  -2   0  -1  -1   0  -2  -1  -1  -1  -1  -2  -1   1   0  -3  -2   0    0   0   0   0   0   0   0   0   0   0   0   0   0   0   0   0   0   0   0   0  0.00     0.00

                      K         Lambda
Standard Ungapped    0.1368     0.3210
Standard Gapped      0.0516     0.2670
PSI Ungapped         0.1687     0.3177
PSI Gapped           0.0516     0.2670
