
Last position-specific scoring matrix computed, weighted observed percentages rounded down, information per position, and relative weight of gapless real matches to pseudocounts
            A   R   N   D   C   Q   E   G   H   I   L   K   M   F   P   S   T   W   Y   V   A   R   N   D   C   Q   E   G   H   I   L   K   M   F   P   S   T   W   Y   V
    1 I    -3  -4  -5  -5  -3  -4  -5  -5  -5   4   4  -4   1  -2  -5  -4  -3  -4  -3   3    0   0   0   0   0   0   0   0   0  26  51   0   2   0   0   0   0   0   0  21  0.89 0.32
    2 Q    -3   2   4   0  -5   5   1  -1   0  -4  -2  -1  -3  -5  -4  -2   0  -5  -4  -4    1  13  20   4   0  36  10   5   1   0   5   0   0   0   0   0   6   0   0   0  0.67 0.34
    3 R    -2   5  -3  -2  -4   0   0  -3   2  -2  -3   2  -3  -4  -3  -2  -2   2  -3   3    2  36   0   2   0   4   7   1   5   0   0  10   0   0   1   2   1   3   0  27  0.64 0.37
    4 T     2  -1  -3  -3  -4   2   0  -4  -2  -2  -3   1  -1  -5   5   1   2  -5  -4  -1   15   2   0   0   0  10   5   0   0   2   1   7   2   0  28   8  15   0   0   3  0.61 0.34
    5 P    -4  -5  -5   1  -6  -1   1  -6  -5  -5  -6  -3  -3  -7   8  -4  -5  -7  -6   0    0   0   0   7   0   3   9   0   0   0   0   1   1   0  71   0   0   0   0   8  2.03 0.74
    6 K    -2   0   0  -2  -3   1   1  -4  -1  -2  -3   3  -3  -5   3   1   3  -5  -4  -2    1   4   4   1   0   5   8   0   1   1   1  25   0   0  14  11  20   0   0   3  0.48 0.32
    7 I    -1  -5  -6  -6  -5  -5  -5  -6  -6   2   0  -5  -3  -4   5  -4  -4  -6  -5   5    5   0   0   0   0   0   0   0   0  10   7   0   0   0  34   0   0   0   0  44  1.29 0.56
    8 Q    -2   0  -1  -2  -4   4   1  -4   1  -2  -3   2  -1  -2  -3   1   2   3   0  -1    1   4   1   1   0  23  10   0   3   1   2  11   1   2   0  10  17   4   3   6  0.40 0.29
    9 V     1  -4  -5  -5  -3  -4  -5  -5  -5   3   1  -3   1  -3  -5  -3   0  -5  -4   5   11   0   0   0   0   0   0   0   0  12  12   1   3   0   0   1   5   0   0  54  0.88 0.41
   10 Y    -2   1  -2  -4  -4  -3  -2  -4   3  -3  -1  -2  -1   4  -3   0   0   5   5  -2    2   7   2   0   0   0   2   0   9   0   5   1   1  20   1  10   7   8  22   2  0.63 0.32
   11 S    -2  -3  -3  -3  -3  -1  -2  -1  -2  -1   1  -2   0  -3   4   1   2  -2  -3   2    1   1   0   1   0   2   2   4   1   3  17   1   2   0  24  12  15   0   0  14  0.42 0.26
   12 R     0   2   0  -2  -3   0  -1  -1   1  -2  -1   1   0  -1   3   2   2  -4  -2  -2    5  12   5   0   0   3   1   3   3   2   7   7   3   2  14  17  14   0   1   0  0.23 0.18
   13 H     0   1   0  -2  -2   1   0  -2   5  -4  -3   0  -3  -1   2   3  -1  -4  -1  -3    9   8   4   0   1   5   6   2  16   0   2   5   0   3  10  25   2   0   1   1  0.37 0.25
   14 P     0   0  -3  -3  -4  -2  -1  -1   3  -3  -4   0  -4  -5   5   1   2  -1  -3  -1    8   6   0   0   0   1   3   5   9   1   0   4   0   0  35   9  13   1   0   4  0.70 0.34
   15 P     2  -3  -4  -2  -4  -1   2  -1  -2  -3  -2  -3  -1  -2   5  -1  -2  -5  -4   2   18   1   0   2   0   3  14   3   1   0   4   0   1   1  32   2   1   0   0  16  0.65 0.35
   16 E     0   1   0   0  -4   0   3  -2  -2  -2  -2   1   0  -4   1   2   0  -4  -3   0    5   9   5   2   0   2  29   2   0   2   2   6   3   0   6  15   6   0   0   7  0.30 0.22
   17 N    -1  -2   1   0  -3   0   1  -1  -1  -1   2  -1   0   0   3   1  -1  -3  -1  -1    4   0   8   5   0   3  10   3   1   2  25   2   3   5  13  10   4   0   1   2  0.17 0.16
   18 G    -1  -1   2   0  -4   1   1   5   0  -5  -5  -2  -4  -5   1   0  -1  -5  -3  -4    4   4   9   5   0   7  10  41   3   0   0   1   0   0   7   6   2   0   0   0  0.60 0.30
   19 K    -1   0   1   1  -4   3   1   2   3  -4  -4   2  -3  -4   0   0  -1  -4  -2  -3    3   4   6   8   0  14   9  14  10   0   0  18   0   0   4   6   2   0   1   2  0.35 0.21
   20 P    -1  -1   0  -1  -4   1   0   0   1  -2  -1   2  -2  -2   4   0   0  -4  -2  -1    3   2   3   2   0   7   7   7   5   2   5  17   0   2  21   8   7   0   1   3  0.31 0.18
   21 N     2   1   3  -2  -3  -2  -2  -1  -1   0  -2  -2  -1  -3  -2   0   0  -4  -3   3   19  10  20   1   0   1   1   5   1   4   2   1   1   0   2   4   3   0   0  24  0.28 0.23
   22 F    -2  -2   1  -3  -3  -1  -1  -3  -2   0   0   0  -1   0  -3   1   4  -4  -2   1    0   1   8   0   0   2   3   0   1   5   8   6   1   4   0  13  35   0   1  11  0.37 0.26
   23 L    -4  -5  -6  -6  -4  -2  -6  -6  -5   0   6  -5  -1   0  -6  -5  -3  -4   0   1    0   0   0   0   0   2   0   0   0   3  79   0   0   2   0   0   1   0   3  10  1.32 0.50
   24 N    -1   1   2  -2  -3  -2  -2  -3  -2   1   0  -1  -1  -2  -4  -1   3  -4  -2   3    3   9  13   2   0   0   1   1   0   7   8   2   1   2   0   2  24   0   0  24  0.32 0.24
   25 C    -5  -8  -7  -8  12  -7  -8  -7  -8  -6  -6  -8  -6  -7  -7  -5  -5  -7  -7  -5    0   0   0   0 100   0   0   0   0   0   0   0   0   0   0   0   0   0   0   0  4.27 1.06
   26 Y    -2   0  -1  -2  -3   0   0  -4   4  -1   2  -1   2   1  -4   1  -1   3   2  -1    2   5   2   2   0   5   5   0  11   1  25   2   5   6   0  11   4   5   8   3  0.24 0.19
   27 V     3  -4  -4  -5  -3  -4  -4  -4  -5   3   0  -4   0  -3  -4   0   0  -5  -4   5   23   0   0   0   0   0   0   0   0  14   6   0   1   0   0   6   5   0   0  44  0.72 0.37
   28 S    -1  -1   1   1  -3   0   1  -3  -1  -2  -1  -1  -3  -1  -3   3   2   2   2  -3    2   3   6   8   0   4   8   0   1   2   6   3   0   2   0  34  11   3   7   1  0.32 0.25
   29 G    -2  -1   3   2  -5   0  -2   5  -1  -6  -6   0  -5  -6  -4  -1  -2  -5  -5  -5    1   2  13  13   0   3   1  51   1   0   0   7   0   0   0   4   2   0   0   0  0.94 0.39
   30 F    -5  -5  -5  -6  -5  -6  -6  -3  -4   0  -1  -6   0   8  -6  -2  -2  -2   2  -4    0   0   0   0   0   0   0   2   0   5   3   0   2  76   0   4   2   0   5   0  1.91 0.63
   31 H    -3  -3  -1  -4  -2  -3  -1  -5   5  -4  -2  -1  -1   4  -5   0  -1  -2   7  -4    1   0   3   0   1   0   5   0  14   0   2   4   1  16   0   6   3   0  43   0  1.09 0.44
   32 P    -4  -5  -5  -2  -6  -5  -2  -5  -5  -6  -6  -4  -6  -7   9  -3  -3  -7  -6  -6    0   0   0   3   0   0   2   0   0   0   0   0   0   0  90   1   2   0   0   0  2.78 0.82
   33 S     1   0  -2   0  -4   0   1   1  -3  -4  -3   1  -3  -5   5  -1  -2  -2  -4  -4   15   5   1   5   0   4   8  10   0   0   3  11   0   0  32   4   1   1   0   0  0.62 0.28
   34 D     0  -1   1   3  -4   1   2  -1   2  -1  -3  -1   0  -4   2   0  -1  -5  -3   0    8   2   7  22   0   7  18   3   5   3   0   2   2   0   9   4   2   0   0   7  0.33 0.21
   35 I    -1  -5  -5  -5  -3  -4  -5  -4  -5   6   2  -4   0  -3  -1  -4  -3  -5  -4   3    4   0   0   0   0   0   0   1   0  50  17   0   1   0   3   0   0   0   0  21  0.95 0.39
   36 E    -1   0   2   0  -3   1   1  -1   0  -3  -2   0  -2  -2  -3   1   3   4   0  -2    2   5  11   3   0   7  12   3   3   1   3   6   0   2   0   9  23   7   2   3  0.27 0.19
   37 V    -3  -4  -5  -5  -3  -4  -4  -5  -5   4   2  -4   2  -1  -4  -2  -2  -4  -1   5    0   0   0   0   0   0   0   0   0  22  16   0   5   1   0   2   1   0   2  48  0.87 0.37
   38 D    -1   2   0   0  -4   1   2  -3   2  -2  -2   0   2  -4  -3   1   3  -1  -1  -2    2  12   4   4   0   7  12   0   5   2   2   5   7   0   0   8  26   1   2   1  0.33 0.24
   39 L    -7  -7  -8  -8  -7  -2  -7  -7  -7  -4  -1  -7  -1   1  -8  -7  -7  12  -2  -6    0   0   0   0   0   2   0   0   0   1   7   0   2   4   0   0   0  84   0   0  3.95 1.05
   40 L    -2   0  -2  -3  -4   2   0  -4  -1   0   3   1   3   1  -4  -2   0   0   1  -1    1   3   1   0   0  10   6   0   2   3  33  11  10   5   0   1   7   1   5   1  0.30 0.23
   41 K    -1   3  -1  -2  -3   2   0  -3   2  -2  -2   4   0  -4  -2   0  -2  -2  -3  -1    5  20   2   2   1   7   3   1   5   2   4  35   2   0   1   6   0   1   0   4  0.48 0.28
   42 N    -2  -1   6   4  -5  -1  -1   1   1  -5  -6  -1  -5  -5  -4  -1  -3  -5  -2  -5    3   3  40  28   0   2   2  12   3   0   0   3   0   0   0   2   0   0   2   0  0.97 0.42
   43 G    -2  -2  -1   0  -5  -1   0   6  -4  -6  -6  -2  -5  -6  -2   0  -2  -5  -5  -5    1   2   3   4   0   2   5  70   0   0   0   2   0   0   2   6   3   0   0   0  1.27 0.48
   44 E    -1  -1   1  -1  -4   4   3  -3   1  -3  -3   2  -1  -4  -2  -1   1  -4  -3   1    3   1   7   2   0  19  23   1   3   0   1  15   1   0   1   2   8   0   0  12  0.41 0.27
   45 K    -2  -2  -1   1  -5   1   3  -4  -2  -2  -1   2  -2  -5   4   0   0  -5  -4   0    1   0   2   6   0   6  23   0   1   2   8  13   1   0  21   5   5   0   0   7  0.47 0.31
   46 M    -1   0  -4  -4  -1   3   0  -3  -4   3   1  -2   3  -2  -4  -1  -1  -5  -4   3    3   4   0   0   1  16   7   1   0  15  13   1   8   1   0   4   3   0   0  21  0.38 0.34
   47 G     0   0  -1  -1  -4   2   2  -1  -1  -4  -2   0  -1  -5   3   1   2  -5  -4  -4    7   5   1   3   0   8  16   4   1   0   4   5   2   0  15  10  17   0   0   0  0.39 0.34
   48 K    -2  -1   2   2  -5   2   1   3  -1  -5  -4   0  -4  -3  -1   1   0  -5  -4  -5    1   3  11  13   0  11   8  24   1   0   1   4   0   2   3  13   4   0   0   0  0.46 0.36
   49 V     0  -2  -2   0  -2  -2   1   1  -2  -1  -2  -2   0  -1  -4   1   1  -4   1   3    9   1   1   5   1   1  11  11   1   3   1   1   3   3   0  11  11   0   5  23  0.19 0.25
   50 E    -1  -1  -1   0  -4   2   2  -1  -1  -1  -3   1  -1  -1  -1   1   0   1  -2   1    4   1   3   4   0  11  16   3   1   3   1  10   2   3   2  10   7   2   1  14  0.18 0.22
   51 H    -1   0   1  -1  -4   2   2  -2   2  -3   0  -1   0  -1   0   1   1  -3   1  -2    4   5   7   3   0  11  13   1   5   0  12   3   2   3   4   9  11   0   5   2  0.16 0.21
   52 S    -2  -1  -2  -2  -1  -1  -1   1  -2  -3  -3   0  -1  -5  -2   3   4  -5  -4   0    1   3   1   2   1   2   3  13   1   1   2   5   2   0   1  20  33   0   0   8  0.50 0.43
   53 D    -1  -3   1   4  -4   0   1   0  -1  -3  -4  -1  -2  -3   1   1   1  -5  -2  -2    4   0   5  27   0   4  11   8   1   1   1   3   1   1   6  12   9   0   2   3  0.39 0.31
   54 L    -2  -4  -2  -4  -4  -1  -2  -4  -1   1   2  -1   0   2   3  -2   1  -4  -1   1    3   0   2   0   0   3   2   0   1   9  22   3   1   9  18   1  12   0   1  12  0.39 0.31
   55 S    -1   1  -3  -3  -3   1   0  -2  -3   1   1  -1   0  -1   0   2   1  -4  -2   1    3   9   0   0   0   8   5   2   0  10  18   1   2   2   5  16   9   0   1   8  0.17 0.22
   56 F    -1   1  -4   0   0   0  -1  -3   1  -2  -1   0  -1   3   5  -2  -2  -4  -3  -2    4   8   0   5   2   4   4   1   4   2   5   5   2  13  33   3   2   0   0   2  0.58 0.39
   57 S     0   0   5   1  -4   1   0  -2   1  -5  -3   0  -2  -5  -3   2   0  -5  -2  -3    7   5  31   8   0   7   5   2   3   0   3   4   1   0   1  17   5   0   1   1  0.52 0.36
   58 K     1  -1   1   1  -4   0   0   3  -1  -4  -3   2  -2  -3  -1   1   0  -4  -2  -2   10   3   6   6   0   3   5  24   1   0   1  16   1   1   2  12   4   0   1   2  0.30 0.22
   59 D    -3  -3   4   7  -6  -3  -1   0  -4  -6  -6  -3  -3  -6  -1  -2  -3  -6  -6  -6    1   1  17  61   0   0   3   8   0   0   0   1   1   0   3   1   1   0   0   0  1.49 0.65
   60 W    -2  -2   1  -3  -3  -1  -1   5   3  -5  -3  -1  -4  -3  -4   0  -1   7  -1  -4    2   2   6   1   1   3   4  38   6   0   2   3   0   1   0   8   3  17   2   0  0.88 0.43
   61 S    -3  -1  -2  -4  -4  -1  -4  -3  -3  -4  -2   0  -4  -5  -4   4   6  -6  -3  -4    0   3   1   0   0   2   0   1   1   0   4   7   0   0   0  28  52   0   1   0  1.16 0.65
   62 F    -5  -5  -5  -6  -5  -5  -3  -6  -3  -4  -4  -4  -4   7  -4  -4  -3   5   7  -2    0   0   0   0   0   0   2   0   0   0   1   1   0  46   1   1   1   7  34   3  1.84 0.72
   63 Y    -1   0   1  -3  -4   4  -1  -4   4  -2  -1  -1   2   2  -4   1  -1  -1   4  -2    3   5   6   0   0  19   2   0   9   2   6   2   6   8   0  10   3   1  17   1  0.42 0.32
   64 L     1  -1  -3  -3  -3   0  -1  -2  -3   1   2   1   1  -2  -3   0   1  -1  -1   1   11   2   0   0   0   3   3   2   0   8  23  12   4   0   0   8   9   1   1  11  0.18 0.19
   65 L    -3   0  -4  -4  -4  -1  -4  -3  -2   0   2  -2   0   2  -4   1   2   7   2  -2    0   7   0   0   0   3   0   2   1   5  19   1   2   8   0  13  15  16   7   2  0.54 0.36
   66 Y     1  -3  -2  -4   0  -3  -3  -2   2  -3  -2   1  -1  -3  -4   5  -1  -5  -2   2   13   0   1   0   2   0   0   2   5   1   2   8   2   1   0  43   2   0   1  17  0.64 0.46
   67 Y     0   0  -1  -3  -1  -2  -2  -4   3   0  -1   0   1   0  -4   2   2   2   4   0    5   4   2   0   1   1   2   0   9   6   5   6   5   3   0  15  13   3  14   6  0.26 0.25
   68 T    -1  -2  -5  -6  -4  -2  -5  -5  -5   0   5  -4  -1  -1  -5  -3   1  -5  -4   3    5   3   0   0   0   2   0   0   0   3  56   0   0   2   0   2   9   0   0  18  0.85 0.47
   69 E     0   1   1   1  -3   0   2  -2   1  -2  -1  -1  -1  -4  -1   0   3  -4  -3   0    8   7   6   9   0   2  18   2   3   1   5   3   1   0   2   7  19   0   0   6  0.23 0.22
   70 F    -2  -3  -5  -6  -4  -5  -5  -6  -5   2   1  -5   1   4  -3  -2  -2  -4  -2   5    2   2   0   0   0   0   0   0   0   9  15   0   3  21   2   2   2   0   0  42  0.87 0.46
   71 T     0  -2   0   0  -2  -1  -1  -3  -1  -1  -2   0  -2  -2   3   0   3   2  -3   0    8   2   3   6   1   2   2   1   1   4   3   4   1   2  18   7  26   3   0   7  0.35 0.28
   72 P     1  -2  -3  -2   0  -1   0  -4   0  -2  -2   1  -4  -5   6   1  -1  -1  -2  -1   12   2   0   2   2   1   7   0   3   2   3   9   0   0  36  11   3   1   1   4  0.68 0.39
   73 N    -2   2   2   0  -4   2   2   2   1  -5  -3   0  -4  -5  -3   2   0  -5  -4  -4    1  10  11   5   0  10  14  15   3   0   2   3   0   0   1  19   6   0   0   1  0.40 0.30
   74 E    -1   0   0   4  -5   2   3  -3   1  -5  -4   0  -4  -5   0   1  -1  -5  -2  -4    5   5   3  23   0   9  23   1   3   0   1   5   0   0   5  11   3   0   1   1  0.54 0.34
   75 K     1   0   0   1  -4   1   2   3   1  -2  -3  -1  -3  -3  -3  -1  -1   0  -2  -3   11   6   3   9   0   5  18  25   4   2   3   3   0   1   0   3   4   2   1   1  0.33 0.25
   76 D     1  -2   2   5  -5   2   1   0   0  -4  -4  -1  -4  -4  -4   0   0  -5  -4  -2   14   1   8  34   0   9   7   6   2   0   1   4   0   1   0   5   5   0   0   4  0.55 0.36
   77 E    -1   1   0  -1  -3   0   2   0   2   0  -2   0  -1  -2  -1   0   1  -4  -2   2    1   7   3   2   0   3  14   8   5   4   2   6   1   1   3   7  10   0   1  22  0.14 0.19
   78 Y    -6  -6  -7  -7  -7  -6  -7  -7   0  -2   0  -6  -4   5  -7  -6  -6  -2   9  -2    0   0   0   0   0   0   0   0   2   2   8   0   0  19   0   0   0   0  66   2  2.32 0.92
   79 A     1   1  -3   0  -2  -1  -1  -4  -4  -2  -4  -2  -4  -3  -4   3   5   1  -4  -1    9   7   0   5   1   2   3   0   0   2   0   2   0   1   0  20  43   2   0   4  0.75 0.50
   80 C    -6  -9  -8  -9  12  -8  -9  -8  -8  -7  -7  -8  -7  -8  -8  -6  -6  -8  -8  -6    0   0   0   0 100   0   0   0   0   0   0   0   0   0   0   0   0   0   0   0  4.57 1.43
   81 R    -3   4  -2  -3  -5   4   1  -2   4  -1  -2   0   0  -4  -4  -1  -2  -2  -1   0    1  27   1   0   0  21   8   3  10   3   4   5   2   0   0   5   1   0   2   8  0.55 0.37
   82 V    -1  -7  -7  -7  -5  -6  -7  -7  -7   0  -3  -6   0  -5  -6  -6  -4  -7  -5   7    4   0   0   0   0   0   0   0   0   3   0   0   2   0   0   0   0   0   0  91  2.17 0.87
   83 N    -1   0  -1   1  -4   2   3   0   0  -3  -3   1   0  -4  -3   0   2  -1  -1  -1    2   4   2   8   0  10  22   7   2   1   2  10   3   0   0   6  14   1   3   4  0.28 0.24
   84 H    -7  -5  -4  -6  -8  -5  -5  -7  11  -8  -8  -6  -7   0  -1  -6  -7  -7  -1  -8    0   0   0   0   0   0   0   0  92   0   0   0   0   4   3   0   0   0   1   0  3.72 1.22
   85 V    -1   0  -1   0  -2   0   4  -4   0  -2  -4   0   0  -3   2   1   0   4  -2  -1    4   5   2   3   1   2  31   0   2   2   0   4   3   1  11  13   4   7   1   4  0.43 0.31
   86 T     1  -5  -3  -4  -2  -4  -4   5  -5  -3  -5  -4  -5  -6  -4   3   2  -6  -5  -4   11   0   0   0   1   0   0  47   0   2   0   0   0   0   0  25  13   0   0   1  1.08 0.53
   87 L    -2  -5  -6  -3  -4  -5  -5  -6  -5  -1   6  -5   1  -1  -4  -1  -2  -5  -4   0    2   0   0   2   0   0   0   0   0   2  76   0   2   2   1   6   2   0   0   5  1.20 0.54
   88 S    -1   0   0   1  -4   1   1   0   1  -4  -3   1  -3  -4   3   2   2  -4  -3  -3    5   4   3   9   0   6   8   6   3   0   2  10   0   0  16  15  14   0   0   0  0.35 0.23
   89 G    -1   0   1   0  -4   2   3   1  -2  -2  -4   1  -3  -2  -2   1  -1  -4  -1  -2    3   5   8   4   0  12  24  11   0   3   0   6   0   1   1  13   3   0   2   2  0.31 0.22
   90 P    -2  -1  -2   0  -5   2  -1  -4   0  -5  -5  -1  -4  -6   7   0   1  -6  -5  -5    1   3   1   4   0   9   3   0   3   0   0   4   0   0  57   5   8   0   0   0  1.39 0.51
   91 R    -1   0  -1   1  -2  -1  -2  -3  -3   2   3   2   0  -2  -4  -3  -2  -4  -3   1    3   4   2  11   0   2   0   1   0  15  29  18   2   0   0   0   1   0   0  12  0.28 0.22
   92 T    -1   1   0  -3  -3  -2  -3  -4  -3   3   0  -1  -1  -3  -3   0   4  -4  -3   1    2   7   3   0   0   0   0   0   0  20   9   3   1   0   0   8  38   0   0   7  0.48 0.30
   93 V    -1  -1  -3  -4  -3  -1  -3  -3  -3   2   1   1  -1   1  -3  -2  -1  -3   1   4    5   3   0   0   0   3   0   2   0   8  17  10   0   6   0   0   3   0   6  37  0.32 0.22
   94 K    -2   2  -1   1  -4   1   2  -3   3  -3  -1   2  -2  -3  -1   1   1  -3   1  -3    0  14   1   7   0   6  14   0   9   1   6  13   0   0   2  13   8   0   5   0  0.29 0.20
   95 W    -6  -6  -7  -7  -6  -5  -6  -3  -5  -1  -3  -6  -4   1  -7  -6  -6  12   3  -5    0   0   0   0   0   0   0   2   0   4   2   0   0   6   0   0   0  78   7   0  3.40 0.81
   96 D    -3  -2   1   4  -5  -1   5  -3  -2  -4  -4  -1  -4  -4  -3  -1   1   5  -3  -2    0   0   7  23   0   0  44   1   0   0   0   1   0   0   0   3   9   9   0   3  0.82 0.33
   97 R    -3   4  -3  -3  -5   0  -3  -2  -3  -5  -4  -1  -4  -1   7  -2  -3  -5   0  -4    0  27   0   0   0   3   0   2   0   0   0   2   0   4  57   2   0   0   3   0  1.44 0.40
   98 D    -3   0   5   5  -4  -1   3  -2  -1  -4  -5  -1  -4  -4  -3   0  -2  -5  -4  -4    0   5  34  37   0   0  20   0   0   0   0   0   0   0   0   3   0   0   0   0  0.86 0.22
   99 M    -2  -3  -4  -4  -2  -2  -3  -4  -3   3   2  -3   6  -1  -4  -3  -2  -3  -2   1    0   0   0   0   0   0   0   0   0  31  17   0  52   0   0   0   0   0   0   0  0.66 0.14

                      K         Lambda
Standard Ungapped    0.1363     0.3175
Standard Gapped      0.0486     0.2670
PSI Ungapped         0.1589     0.3175
PSI Gapped           0.0486     0.2670
