
Last position-specific scoring matrix computed, weighted observed percentages rounded down, information per position, and relative weight of gapless real matches to pseudocounts
            A   R   N   D   C   Q   E   G   H   I   L   K   M   F   P   S   T   W   Y   V   A   R   N   D   C   Q   E   G   H   I   L   K   M   F   P   S   T   W   Y   V
    1 F    -3  -3  -3  -4  -3  -4  -4  -4  -2   0   0  -4   0   7  -4  -3  -2   1   3  -1    0   0   0   0   0   0   0   0   0   0   0   0   0 100   0   0   0   0   0   0  0.89 0.05
    2 D    -2  -1   3   5  -4   0   3  -2  -1  -4  -4  -1  -3  -4  -2   0  -1  -4  -3  -3    0   0  22  56   0   0  22   0   0   0   0   0   0   0   0   0   0   0   0   0  0.75 0.06
    3 S    -1  -1   3   2  -2   1   0   1  -1  -1  -2  -1  -2  -3  -2   2   1  -3  -2  -2    0   0  25  15   0   9   0   8   0   8   0   0   0   0   0  29   6   0   0   0  0.29 0.05
    4 T     0  -1   3   1  -2  -1  -1   0  -1  -2  -3   1  -2  -3   2   2   3  -3  -2  -2    6   0  19   5   0   0   0   5   0   0   0  11   0   0   8  15  31   0   0   0  0.31 0.06
    5 D     1  -1   1   3  -2   1   1   0   1  -1  -2  -1  -2  -3  -2   1   0  -3  -2  -2   20   0   6  26   0   5   6   6   5   5   0   0   0   0   0  17   0   0   0   0  0.25 0.05
    6 E     2  -1   1   1  -3   1   3  -1  -1  -3  -3   1  -2  -3   0   1  -1  -3  -3  -2   28   0   9   4   0   5  32   0   0   0   0   7   0   0   3  11   0   0   0   0  0.37 0.11
    7 T    -2  -1   4   4  -4  -1   1  -2  -1  -3  -2   1  -3  -4  -2  -1   1  -4  -3  -3    0   0  28  37   0   0   7   0   0   0   4  10   0   0   0   0  13   0   0   0  0.59 0.15
    8 P     1   0   0   1  -2  -1   1  -2  -2   1  -1  -1  -1  -2   2   1   1  -3   0  -1   12   4   4   8   0   0  14   0   0  15   4   0   0   0  10  17   7   0   3   0  0.15 0.07
    9 A     1  -1   0   0  -2   1   0  -2  -1  -1  -1   1  -1  -2   1   2   1  -3   0  -1   20   0   3   5   0   7   4   0   0   4   3  12   2   0   8  20   8   0   3   2  0.17 0.07
   10 S    -1   1   1   2  -3   1   2  -1  -1  -1  -3   3  -2  -4  -2   1   0  -4  -3  -2    0   4   7  12   0   6  16   2   0   5   0  27   0   0   0  14   6   0   0   0  0.33 0.12
   11 Y    -2  -3  -4  -4  -4   1  -3  -4  -2  -1  -1  -3  -2   4  -4  -3  -1   8   5  -2    3   0   0   0   0  10   0   0   0   4   6   0   0  17   0   0   5  28  28   0  1.07 0.25
   12 N    -2   0   4  -1  -3   3  -1  -2   0  -3  -3   0   0  -4   2   1   3  -4  -3  -3    0   3  30   0   0  19   0   0   2   0   0   5   3   0   9   8  21   0   0   0  0.52 0.20
   13 L     0   0   1   1  -3  -1   1  -2   3  -2  -2   0  -2   3   0   1   1  -2   0  -2    7   3   8   7   0   0   8   2   9   0   2   5   0  24   5  11  11   0   0   0  0.19 0.12
   14 A     2  -3  -2  -3  -2  -2  -3  -3  -3   1  -1  -2   0  -3  -3   1   3  -4  -3   3   24   0   0   0   0   0   0   0   0   5   4   0   2   0   0  10  28   0   0  26  0.42 0.20
   15 V    -1  -4  -4  -5  -3  -4  -4  -5  -5   4   1  -4   2  -2  -4  -3   0  -4  -3   5    4   0   0   0   0   0   0   0   0  32  10   0   6   0   0   0   4   0   0  44  0.76 0.26
   16 R     1   1  -2   1  -4   2   4  -1  -2  -4  -4   1  -3  -4  -3   0  -1  -4  -3  -2   16   7   0   6   0  11  41   2   0   0   0   7   0   0   0   5   3   0   0   3  0.54 0.23
   17 R    -1   2   1  -1  -4   0  -1   0  -2  -1  -2   5  -2  -4  -1   0  -1  -4  -3  -2    3  10   9   2   0   3   2   7   0   5   3  46   0   0   2   5   2   0   0   3  0.45 0.22
   18 A     3  -3  -2  -4   0  -3  -3  -3  -4   2   1  -3   0  -2  -3  -1   1  -4  -3   3   30   0   2   0   2   0   0   0   0  11  11   0   2   0   0   2  12   0   0  30  0.40 0.21
   19 A     2  -1  -1  -2  -2  -1   1   1  -3   0  -1  -2  -2  -3   1   1  -1  -4  -3   2   18   2   3   0   0   0  14  12   0   3   5   0   0   0   6  12   2   0   0  24  0.19 0.15
   20 P    -3  -1   2   0  -5  -2   0  -4  -1  -5  -5   3  -4  -5   6  -2  -2  -5  -2  -5    0   2  13   5   0   0   4   0   2   0   0  21   0   0  49   1   2   0   2   0  1.20 0.36
   21 A     4  -3   1  -3  -3  -1  -2  -2  -3  -4  -4  -2   1  -1  -3   4   0  -5  -3  -3   34   0   7   0   0   3   1   0   0   0   0   0   5   3   0  45   2   0   0   0  0.74 0.35
   22 V    -3  -3  -5  -5  -3  -5  -2  -6  -5   1  -1  -5  -2   1  -5  -4  -3  -5  -3   7    0   2   0   0   0   0   3   0   0   3   2   0   0   6   0   0   0   0   0  85  1.41 0.48
   23 V    -2  -1  -1  -3  -4  -2  -4  -5  -5   0  -2   1  -2  -4  -5  -4  -3  -5  -4   6    2   3   4   1   0   1   0   0   0   0   0  11   0   0   0   0   0   0   0  77  1.13 0.46
   24 N    -2   0   3   0  -4   0   2  -1   3  -4  -2   3  -3  -3  -3   2   0  -4   1  -3    0   2  17   2   0   2  12   3   7   0   4  21   0   0   0  20   4   0   5   0  0.37 0.22
   25 V    -3  -5  -5  -5  -4  -5  -5  -6  -5   6   0  -5  -1   2   1  -4  -3  -4  -3   4    0   0   0   0   0   0   0   0   0  53   4   0   0   9   7   0   0   0   0  28  1.07 0.39
   26 Y    -2  -1  -1  -2  -3   1   2  -3   2  -2  -1  -2  -1   5  -3  -1   2  -2   2  -1    1   2   2   1   0   6  16   1   7   1   3   1   2  29   1   3  17   0   7   4  0.42 0.22
   27 N    -1  -1   3  -1   3  -1   0  -1  -2  -1   0  -1  -2   2  -2   0   2  -3  -1  -2    5   3  20   2   8   0   7   4   0   3   8   3   0  14   1   5  15   0   0   1  0.18 0.14
   28 R    -1   3  -1   0   1  -1  -1  -3  -1   0  -1   0  -1   2  -3   0   1   0   1   0    2  22   1   6   3   1   3   1   1   7   4   5   0  11   0   5  14   1   6   7  0.15 0.14
   29 G    -1   0   2   3  -3   2   1  -1   0  -1  -2  -1  -2  -1  -3   3   0  -4  -3  -3    1   4   9  16   0  14   6   4   3   5   3   0   0   4   0  25   6   0   0   0  0.30 0.20
   30 L     0   1  -1  -2   0  -1  -1  -3  -2   1   0   1   1   1  -3   0   1  -2   1   1    6  10   3   0   2   1   2   0   0   7   7   9   5   9   0   7   9   0   5  15  0.08 0.09
   31 N     1   0   3  -1   0  -1   0  -1   0  -3  -2   0  -1  -3   3   2   1  -4  -3  -2   10   4  15   2   2   1   5   3   3   0   3   5   2   1  18  17   7   0   0   3  0.30 0.16
   32 T    -1   0   1   0   0   1  -2  -2  -2  -1  -1   1  -2  -3   5   0   0  -4  -3  -1    4   3   8   7   2   6   0   2   0   2   6  10   1   1  29   6   6   0   0   5  0.41 0.18
   33 N     1   0   2  -1   0  -1  -2  -1   0  -1  -2  -2  -1   1   3   1   0  -3   1  -2   13   5  11   3   3   2   0   2   2   4   3   0   1   8  19  16   4   0   5   0  0.26 0.16
   34 S    -1  -2  -2   0   0  -2  -3   0  -3  -3  -1  -1   0   3   3   1   0   6  -1  -2    5   1   1   6   3   0   0   8   0   0   4   4   2  15  17  15   4  14   0   1  0.43 0.22
   35 H    -1  -1   1   2  -1   2   0   1   1  -3  -3   0  -2   0   0   1  -1   2   2  -1    2   1   8  14   1  13   2  10   4   0   0   5   0   4   4  10   3   3   9   6  0.18 0.13
   36 N    -1   2   2   1  -1   0   0   0  -2  -1  -2   0  -1  -3  -2   0   2  -3  -3   0    3  15  14   9   2   4   5   8   0   3   1   5   1   0   1   4  14   0   0   8  0.17 0.11
   37 Q    -1   0   0   1  -3   2   2   0   0   0  -1   1  -2  -1  -2   0   1   0  -2  -1    1   3   3   6   0  14  18   7   2   6   4  10   0   3   1   6   9   1   0   5  0.15 0.11
   38 L     0   1   0   1  -2   0   0  -1  -2   0   0  -1   0  -2   0   0   0  -3  -2   2    5  11   3   8   0   3   8   4   0   4  13   2   2   0   4   7   6   0   0  21  0.08 0.09
   39 E     1   0  -2  -2  -3   3   2  -3  -2  -1  -2   2  -1  -4   2   0   0  -4  -3   1   12   2   1   0   0  15  16   0   0   2   1  14   2   0  11   7   4   0   0  11  0.30 0.18
   40 I     1   0  -1  -2  -2   0   0   1  -1   0   0   1   0   1   0   0   0   2   0   0   15   3   1   0   0   5   4  10   1   6   6  11   2   7   3   5   5   3   2  10  0.04 0.05
   41 R     0   1   0   0  -2   1   1  -2   0  -1  -2   0   0   0  -1   2   0  -3   0   0    6   7   3   6   0   8  11   2   2   3   1   3   4   6   1  19   5   0   3  10  0.10 0.09
   42 T     1  -3   0  -2  -3  -1  -1   3  -3  -4  -4  -2  -3  -4  -2   4   1  -4   0  -3   10   0   4   0   0   1   4  21   0   0   0   1   0   0   1  46   7   0   5   0  0.62 0.30
   43 L     0   0   0  -1  -2   1   1   0  -2  -1   1  -1   0  -1  -2   1   0   3  -1  -1    6   6   4   0   0   9  12   8   0   3  16   2   1   1   0  16   6   4   2   3  0.11 0.10
   44 G     2  -4  -3  -4  -4  -4  -4   6  -4  -5  -5  -4  -5  -5  -4   0  -3  -5  -5  -5   20   0   0   0   0   0   0  74   0   0   0   0   0   0   0   5   0   0   0   0  1.52 0.46
   45 S    -2  -4  -2  -3  -4  -3  -3  -4  -4  -4  -5  -3  -4  -5  -4   6   5  -6  -5  -4    0   0   0   0   0   0   0   0   0   0   0   0   0   0   0  60  40   0   0   0  1.46 0.57
   46 G    -1  -5  -3  -4  -6  -5  -5   7  -5  -7  -7  -5  -6  -6  -5  -3  -5  -6  -6  -6    3   0   0   0   0   0   0  97   0   0   0   0   0   0   0   0   0   0   0   0  2.30 0.63
   47 V    -4  -6  -6  -6  -5  -6  -6  -6  -5  -2  -2  -6  -3   8  -6  -5  -3  -3  -1   4    0   0   0   0   0   0   0   0   0   0   0   0   0  67   0   0   1   0   0  32  1.82 0.57
   48 I     1  -1  -5  -5  -3  -4  -4  -5  -5   4   0  -4   0   0  -4  -3  -2  -5  -3   5   12   4   0   0   0   0   0   0   0  30   5   0   2   3   0   0   0   0   0  45  0.80 0.34
   49 M    -3  -5  -5  -6  -3  -5  -5  -6  -5   5  -1  -5   1  -1  -5  -4  -3   2   1   5    0   0   0   0   0   0   0   0   0  37   2   0   4   1   0   0   0   3   6  48  1.11 0.41
   50 D     1  -3   0   3  -3  -2  -1   3  -3  -4  -4   0  -4  -4  -2   3  -1  -4  -4  -4    9   0   4  20   0   0   3  26   0   0   0   6   0   0   1  28   1   0   0   0  0.58 0.28
   51 Q     0  -1   0   0  -4   0   2   2  -1  -4  -4   4  -3  -4   2   0  -1  -4  -3  -3    6   0   4   3   0   3  14  15   1   0   0  35   0   0   9   5   3   0   0   0  0.46 0.24
   52 R    -2   4   4   4  -5   0  -1  -3   1  -4  -4   2  -4  -5  -3  -1  -2  -5  -4  -3    1  24  23  24   0   4   1   0   3   0   1  11   0   0   0   3   1   0   0   2  0.70 0.31
   53 G     0  -2   1  -2  -2  -2  -2   5  -2  -2  -2   0  -2  -1  -2  -1   0  -2  -2  -2    6   2   5   2   1   1   2  53   1   2   3   7   1   2   2   2   5   0   1   2  0.61 0.18
   54 Y    -3   1  -3  -4  -3  -2  -2  -4   1   0   2  -1   0   0  -4  -2   3  -2   6  -2    0   8   0   0   0   0   3   0   4   6  20   2   1   2   0   0  20   0  31   0  0.56 0.29
   55 I    -3  -5  -5  -5  -4  -5  -5  -6  -5   7   1  -5   0  -1  -5  -4  -3  -5  -3   3    1   0   0   0   0   0   0   0   0  69   8   0   1   2   0   0   0   0   0  17  1.34 0.46
   56 I    -2  -5  -5  -6  -3  -4  -5  -6  -5   2   4  -5   2  -1  -5  -4  -3  -4  -3   4    2   0   0   0   0   0   0   0   0  11  42   0   5   2   0   0   0   0   0  38  0.92 0.37
   57 T    -4  -5  -4  -5  -4  -4  -4  -5  -5  -4  -5  -4  -4  -6  -5  -2   8  -6  -5  -4    0   0   0   0   0   0   0   0   0   0   0   0   0   0   0   0 100   0   0   0  2.38 0.79
   58 N    -2  -4   9  -2   2  -3  -4  -4  -3  -7  -7  -4  -6  -6  -5  -3  -3  -7  -6  -6    4   0  91   0   5   0   0   0   0   0   0   0   0   0   0   0   0   0   0   0  2.39 0.74
   59 K     3   3   2  -3  -4  -2  -2  -1   1  -4  -4   3  -3  -3  -3  -1  -2  -4   2  -3   30  19  12   0   0   0   0   4   3   0   0  21   0   0   0   1   1   0   9   0  0.55 0.31
   60 H    -6  -4  -3  -5  -7  -3  -4  -6  11  -7  -7  -5  -6  -5  -6  -5  -6  -6  -2  -7    0   0   0   0   0   0   0   0 100   0   0   0   0   0   0   0   0   0   0   0  3.71 0.95
   61 V    -3  -6  -6  -6  -1  -5  -5  -6  -6   2  -1  -5  -2  -4  -5  -3  -3  -6  -4   7    0   0   0   0   1   0   0   0   0   9   3   0   0   0   0   1   0   0   0  85  1.65 0.57
   62 I     0  -5  -5  -5  -3  -4  -5  -5  -5   3  -1  -4  -2  -3  -2  -1  -1  -5  -4   6    9   0   0   0   0   0   0   0   0  14   1   0   0   0   2   5   2   0   0  66  1.05 0.43
   63 N     2   1   0   1  -1  -1   1   2   0  -3  -4   2  -3  -4  -2   0  -1  -4  -1  -2   22   6   5   7   1   1  10  20   2   1   0  15   0   0   1   4   2   0   2   1  0.28 0.17
   64 D     0  -2   3   4  -4  -2   0   3   2  -5  -5  -2  -4  -5  -1   1  -2  -5  -4  -4    7   1  17  25   0   1   4  26   7   0   0   0   0   0   3   9   0   0   0   0  0.64 0.29
   65 A     3  -1   1   0  -1   0  -2   3   3  -4  -3   0   0  -4   1   0  -2  -4  -3  -2   28   2   8   5   2   4   0  21  10   0   1   6   3   0   6   3   1   0   0   1  0.35 0.21
   66 D    -1  -2   1   3  -3   0   0  -1   0  -2  -2  -1  -3   0   1   1   1  -4  -3  -2    4   1   7  24   0   5   5   3   3   2   3   3   0   5   8  12  12   0   0   2  0.27 0.17
   67 Q     0   2   0  -1  -1   1   1  -3   0  -1  -2   2  -1   1   0   0   0   3   1  -1    7  15   5   1   2   8   7   0   3   5   1  13   1   8   4   4   5   4   4   4  0.14 0.11
   68 I    -2  -4  -4  -4   0  -1  -4  -1  -4   4   1  -2  -1   1  -2  -2  -2  -4  -1   4    1   0   0   0   2   4   0   6   0  31  12   2   0   5   1   2   0   0   1  31  0.50 0.26
   69 I    -2   1   1   0  -4   2   0  -3   1  -1  -1   3  -2   1  -3  -1   1  -3   2  -2    1   7   6   3   0  11   5   1   3   4   6  25   0   5   0   2  11   0   9   2  0.24 0.18
   70 V     1  -5   0  -5   2  -4  -4  -3  -5   2  -1  -4  -2  -3  -4  -3  -1  -5  -3   6   14   0   5   0   4   0   0   1   0  10   1   0   0   0   0   0   2   0   1  62  0.91 0.40
   71 A     0   4   0  -2  -3   1   0  -3   1   0  -2   1  -1  -3  -1   0   1  -4  -1   0    6  27   4   0   0   5   5   0   4   6   3   6   2   0   2   7  12   0   3   8  0.24 0.17
   72 L     0   0  -1  -4  -3  -2  -3  -3   0   0   3   1   0   3  -4  -1  -2   3   2   0    9   5   2   0   0   0   0   1   3   3  31  12   1  14   0   3   0   4   7   5  0.27 0.19
   73 Q     0   0   1   2  -3   2  -1   1   3  -3  -4   0  -2  -3   1   1  -1   1  -1  -2    7   6   6  13   0   9   0  13  10   1   0   5   1   0   7  12   2   2   2   3  0.24 0.16
   74 D    -3  -4   5   5  -5  -3  -2   3  -3  -6  -6  -3  -5  -6  -4  -1  -1  -6  -5  -5    0   0  36  33   0   0   0  25   0   0   0   0   0   0   0   4   3   0   0   0  1.20 0.45
   75 G    -2   1   0   0  -4   1  -3   5   4  -5  -5  -2  -4  -5  -4   1  -3  -5  -4  -2    0   7   3   5   0   7   0  52  11   0   0   0   0   0   0  10   0   0   0   4  0.84 0.35
   76 R    -1   2   0   1  -1   1   2   1  -2  -2  -2   1  -2  -4  -3   0   2  -4  -3  -1    2  13   3   7   1   4  14  10   0   2   4  11   0   0   0   5  18   0   0   4  0.22 0.16
   77 V    -2   1   1  -2  -4  -1   3  -3  -2  -1  -3   3  -2   0  -1   0   2  -3   1   0    1   6   7   0   0   1  22   0   0   4   0  19   0   4   3   8  13   0   6   8  0.28 0.21
   78 F    -2  -4  -3  -5   3  -4  -3  -5   0  -1   0  -2  -2   5  -5  -2  -2  -1   6   1    3   0   1   0   6   0   1   0   2   2   8   2   0  22   0   3   1   0  36  12  0.85 0.36
   79 E    -1  -1   0   3  -4  -1   3  -2  -2  -1  -2   2  -3  -2   1  -1   0  -4  -3   0    4   1   3  20   0   1  23   2   0   3   2  17   0   2   7   2   6   0   0   7  0.34 0.20
   80 A     5  -3  -4  -4  -3  -2  -1   1  -4   0  -3  -1  -3  -4  -3  -2  -1  -5  -4   2   56   0   0   0   0   2   3  10   0   4   1   3   0   0   0   0   3   0   0  18  0.70 0.35
   81 L    -2   1  -1  -1  -4   1   2  -3   1  -2  -3   5  -1  -2  -3  -1   2  -4   0  -1    0   4   2   3   0   5  11   0   4   2   2  42   1   1   0   2  13   0   4   4  0.51 0.28
   82 L    -3  -4  -4  -4  -3  -4  -1  -5  -4   4   1  -4  -1  -3   2  -3  -2  -4  -3   4    0   0   0   0   0   0   5   0   0  29  15   0   0   0  13   0   0   0   0  36  0.74 0.32
   83 V    -2  -1  -4  -4  -3   0  -2  -5  -4   4   0   1   0  -3  -4  -2   0  -4  -3   4    0   2   0   0   0   5   1   0   0  26   4  10   1   0   0   3   6   0   0  41  0.60 0.30
   84 G     1  -1   0   2  -4   0   0   3  -2  -4  -3   1  -3  -2  -2  -1  -2  -3   4  -3   12   3   3  11   0   4   5  29   0   0   2   9   0   0   2   3   0   0  16   1  0.38 0.22
   85 S    -1   3  -2  -3  -4  -1   0  -4  -2   1  -1   1  -2   1  -4   0   0  -2   5   0    4  18   1   0   0   2   6   0   0   9   3   7   0   5   0   7   5   0  24   8  0.35 0.23
   86 D    -2  -3  -2   6  -5  -3  -1   1  -4  -5  -5  -3  -5  -6   3   0  -1  -6  -5  -2    3   1   0  55   0   0   2   9   0   0   0   0   0   0  13   8   4   0   0   4  1.04 0.41
   87 S    -2  -1  -2  -1  -1   0   0   2   2  -4  -3   0  -2  -4   5   0  -1  -4  -2  -3    1   2   0   2   2   3   7  19   7   0   2   6   1   0  34   8   4   0   1   1  0.64 0.27
   88 L    -1   1   1   0  -3   1   1  -2  -1  -1  -1   2  -1  -1   0   0   0   1   0   1    3   7   7   5   0   7  11   2   0   2   5  18   1   3   3   4   4   3   4  14  0.11 0.11
   89 T    -1  -2   0  -2   4  -1   2  -1   4  -2  -1   1  -1  -2  -3   1   2  -3   0  -1    3   0   3   0  10   0  15   3  12   0   7   8   1   1   0  13  15   0   3   5  0.24 0.19
   90 D    -5  -4  -2   8  -6  -3  -2  -4  -4  -6  -6  -4  -6  -6  -4  -3  -4  -7  -6  -6    0   0   0  96   0   0   0   0   0   0   0   0   0   0   0   0   0   0   0   0  2.46 0.72
   91 L    -3  -4  -5  -5  -3  -4  -5  -5  -4   4   4  -4   0   3  -4  -4  -3  -3  -2   2    0   0   0   0   0   0   0   0   0  29  45   0   0  12   0   0   0   0   0  10  0.85 0.34
   92 A     6  -4  -4  -4  -3  -3  -3   2  -4  -4  -4  -3  -3  -4  -3   0  -2  -5  -4  -1   75   0   0   0   0   0   0  12   0   0   0   0   0   0   0   5   0   0   0   4  1.17 0.48
   93 V    -3  -4  -5  -5  -3  -4  -4  -5  -4   4   3  -4  -1   2  -4  -4  -1  -4  -2   4    0   0   0   0   0   0   0   0   0  30  25   0   0   8   0   0   3   0   0  31  0.75 0.31
   94 L    -3  -4  -5  -5  -3  -4  -5  -5  -5   3   5  -4   1  -1  -4  -4  -3  -4  -3   3    0   0   0   0   0   0   0   0   0  16  57   0   3   2   0   0   0   0   0  19  0.90 0.35
   95 K    -1   2   0  -2  -1   2   1  -2   3  -4  -4   5  -3  -4  -3   0   0  -4  -3  -2    3  11   3   0   2  12   6   2   8   0   0  39   0   0   0   5   5   0   0   3  0.56 0.28
   96 I    -2  -4  -4  -5  -3  -4  -4  -5  -4   4   2  -4  -1   3  -4  -3  -1  -3   0   4    2   0   0   0   0   0   0   0   0  32  17   0   0  13   0   0   3   0   2  30  0.69 0.30
   97 N    -2  -1   0   4  -4   1   3  -3   2  -4  -4   2  -4  -4   1   0  -1  -5  -3  -4    0   3   3  28   0   4  26   0   6   0   0  12   0   0   7   8   2   0   0   0  0.63 0.28
   98 A     2  -2   0   0  -3  -1   2  -1   1  -3  -3  -1  -3  -4   4   2   0  -4  -3  -1   17   0   4   5   0   0  16   3   3   1   1   2   0   0  22  16   4   0   0   5  0.44 0.23
   99 T    -2  -1   3   3  -4   0   2  -2  -2  -4  -2   3  -3  -4   1   0  -1  -4  -3  -3    2   0  18  18   0   2  14   1   0   0   3  24   0   0   8   4   2   0   0   1  0.49 0.25
  100 G     0   0   0  -1  -3   0   2   0   0  -2  -2   2  -1   0   0   0   0  -2   1  -2   10   2   3   2   0   3  19   8   2   1   4  20   1   4   3   7   5   0   5   2  0.16 0.12
  101 G    -2  -2   4   1  -4   0   0   0  -2  -1  -3   1  -2   2   1  -1   0  -3   1   0    0   0  28   7   0   3   4   6   0   3   0  12   0  10   6   2   5   0   5   7  0.29 0.21
  102 L    -2  -3  -3  -1  -3  -1  -1  -3   0   1   3  -1   2   0  -1  -3  -1   5   0   2    0   0   0   4   0   2   3   2   3   8  34   3   5   2   3   0   2  10   4  14  0.34 0.20
  103 P    -1  -1   2  -1  -4   2   1  -3   2  -4  -4   2  -3  -4   5   1   0  -4  -3  -2    3   2  10   2   0   9   7   0   6   0   0  14   0   0  28  11   4   0   0   4  0.55 0.25
  104 T    -1  -3  -2  -1  -3  -2   0   0  -3  -1  -1  -2  -1  -1   4   0   2  -3   2   2    3   0   0   3   0   1   6   7   0   1   4   0   1   2  20   7  14   0   9  22  0.32 0.21
  105 I     2  -3  -3  -3  -2   0  -2  -2  -3   3   1  -2   2  -2  -3  -1   1  -3   0   2   18   0   0   1   0   4   1   3   0  18  15   0   8   0   0   3  11   0   4  13  0.23 0.17
  106 P     0   0   0  -1  -4   0  -1  -3  -3   0  -1   3  -2  -1   4  -1   1  -4  -3  -2    9   3   4   2   0   3   3   0   0   7   4  28   1   3  21   2  10   0   0   1  0.41 0.24
  107 I    -2  -4  -5  -5  -3  -3  -4  -5  -4   2   4  -4   2   5  -5  -4  -3  -3  -1   1    2   0   0   0   0   1   0   0   0  13  44   0   6  25   0   0   0   0   0   8  0.79 0.33
  108 N     2  -1   2  -2  -4  -2   2   4  -3  -4  -4   0  -3  -4   1   0  -2  -4  -4  -3   16   2   9   0   0   0  14  36   0   0   0   7   0   0   7   5   1   0   0   0  0.53 0.25
  109 A     0   0   1   3  -3   0   0  -3   0   0   0   0  -1   1   0  -1   0  -3   0  -1   11   6   7  19   0   3   3   0   2   5  13   7   0   8   3   2   8   0   2   1  0.11 0.12
  110 R     1   1   0  -1  -3  -2   1   2   0  -4  -4   0  -3  -4   0   4  -1  -4  -3  -3   14   7   4   2   0   0   7  17   3   0   0   4   0   0   4  37   0   0   0   0  0.47 0.28
  111 R     1   1   1   3  -3  -1   1  -1   1  -2  -3   0  -3  -4   0   2  -1  -4  -3  -1   16   7   8  18   0   1   8   2   4   3   0   6   0   0   4  17   2   0   0   4  0.26 0.17
  112 V    -1  -1   0   3  -3   0   1  -1   1   0  -1   1  -1   0   0   0  -1  -3   0  -1    3   1   4  22   0   3   9   3   3   8   5  13   1   4   5   4   4   0   4   5  0.15 0.12
  113 P     2  -3  -3  -1  -3  -3  -3  -3  -4   0   3  -3   0  -2   3  -2   1  -4  -3   0   25   0   0   4   0   0   0   0   0   4  35   0   2   0  14   0   8   0   0   5  0.42 0.25
  114 H    -2   4  -2  -3  -4   2  -1  -1   2  -4  -3   4  -3   1  -1  -1  -1  -4  -2  -3    1  22   0   0   0   9   2   4   5   0   1  36   0   8   3   4   3   0   0   2  0.58 0.30
  115 I     0  -3  -3  -1  -2  -1   0  -3  -3   2   1  -1   0  -2   0  -1   1  -4  -3   3    6   0   0   2   0   1   8   0   0  11  16   4   1   0   6   2   9   0   0  32  0.26 0.18
  116 G    -2  -4   2   0  -4   1  -3   6  -4  -5  -5  -3  -4  -5  -4  -2  -3  -5  -5  -2    1   0  10   4   0   7   0  70   0   0   0   0   0   0   0   0   0   0   0   4  1.29 0.45
  117 D    -2  -3  -2   4  -3   2   5  -4  -3  -3  -3  -2  -4  -5  -3   0   0  -5  -4  -1    3   0   0  29   1   8  41   0   0   1   2   0   0   0   0   5   5   0   0   6  0.84 0.39
  118 V    -1   2   0  -1  -3  -1   1  -3  -2  -2  -3   1  -2   1   1   0   1   6   0   0    4  12   4   3   0   1  12   0   0   1   0   9   0   7   8   7  10  12   3   8  0.30 0.19
  119 V     0  -5  -5  -5   0  -5  -5  -5  -5   5  -1  -5  -1  -3  -5  -3  -1  -5  -1   5    7   0   0   0   2   0   0   0   0  40   2   0   0   0   0   1   2   0   3  44  1.01 0.42
  120 L     0   2  -2  -3  -3  -2  -1  -3   0   2   0   0  -1  -1  -3   2   0  -3   2   2    4  12   1   0   0   0   2   0   2  12   8   5   0   2   0  21   6   0   8  17  0.18 0.18
  121 A     4  -4  -4  -4  -3  -4  -4  -3  -4   1  -1  -4  -2  -3  -4  -2  -2  -5  -3   5   39   0   0   0   0   0   0   0   0   4   5   0   0   0   0   0   0   0   0  49  0.91 0.41
  122 I    -3  -4  -5  -5  -3  -4  -4  -5  -5   5   2  -4   0   0  -4  -4   0  -4  -3   4    0   0   0   0   0   0   0   0   0  41  14   0   1   3   0   0   4   0   0  34  0.89 0.35
  123 G    -3  -5  -3  -4  -5  -4  -5   7  -5  -6  -6  -4  -5  -6  -5  -3  -4  -5  -6  -6    0   0   0   0   0   0   0  96   0   0   0   0   0   0   0   0   0   0   0   0  2.24 0.64
  124 N    -3  -3   5  -2  -2  -3  -3  -4   1  -4  -4  -2  -4   0  -4   1  -3  -2   7  -4    0   0  33   1   1   0   0   0   2   0   1   2   0   3   0  13   0   0  41   0  1.18 0.47
  125 P    -2  -4  -4   2  -5  -4  -3  -1  -4  -5  -5  -4  -5  -6   8  -3  -4  -6  -5  -5    2   0   0  12   0   0   0   5   0   0   1   0   0   0  76   0   0   0   0   0  2.14 0.61
  126 Y     0   0   1  -2  -3  -1  -1  -1   0  -1   1   0  -1   3  -3  -1  -1  -2   2  -1    9   6   9   0   0   1   3   3   2   1  20   7   0  20   0   2   3   0   8   4  0.17 0.14
  127 N     0  -4   0   0  -5  -4  -4   6  -4  -6  -6  -4  -5  -6   2   0  -3  -5  -5  -5    6   0   5   6   0   0   0  65   0   0   0   0   0   0  10   8   0   0   0   0  1.22 0.45
  128 L     0  -3  -1   1   1  -2   1   1   0  -2   2  -3  -1   2  -3  -2  -2  -2   2  -2    7   0   2   8   3   0  14  14   2   0  26   0   0  12   0   2   0   0   9   0  0.23 0.20
  129 G    -1  -1   1   3  -4   3   1   3  -2  -2  -4   3  -3  -5  -3   0  -2  -4  -4  -4    2   0   5  18   0  14   6  21   0   3   0  25   0   0   0   5   0   0   0   0  0.53 0.28
  130 Q    -1  -2   4  -1  -3   0  -1   1   2   0   0  -2  -2  -1   2   0   0  -3  -1  -1    2   1  27   0   0   4   4  13   5   6  11   0   0   3   9   5   5   0   1   2  0.24 0.17
  131 T     0  -2  -1  -3   0  -2  -2  -3  -3  -3  -3   1  -3  -4  -3   4   5  -4  -3  -1    5   0   2   0   2   0   0   1   0   0   2   8   0   0   0  36  39   0   0   3  0.74 0.37
  132 I     0  -3  -4  -4  -2  -3  -3  -2  -4   3   1  -3  -1   1  -3  -3  -2  -3   0   4   10   1   0   1   0   0   1   3   0  20   8   1   0   7   1   1   1   0   3  44  0.55 0.26
  133 T    -2  -3  -3  -3   0  -3  -3  -4  -4  -3   1  -1  -3  -4  -3   2   6  -4  -4  -2    0   0   0   0   2   0   0   0   0   0  12   3   0   0   0  13  66   0   0   0  1.10 0.48
  134 Q     1  -1  -1  -2  -2   2   0  -1  -2  -1  -1   2  -2  -3   0   2   1  -3  -3   0   16   0   0   1   0  10   3   3   0   4   4  19   0   0   3  19   8   0   0   8  0.22 0.17
  135 G    -1  -3  -1  -3  -4  -3  -3   7  -3  -4  -4  -1  -4  -4  -3  -2  -3  -4  -1  -4    4   1   3   1   0   1   1  77   0   1   1   3   0   1   1   1   1   0   3   1  1.39 0.42
  136 I    -2  -1  -2  -4  -3  -3  -3  -4   0   5   0  -3   1   1  -1  -1  -1  -1  -1   3    1   3   2   1   0   0   1   1   2  42   3   1   4   5   3   5   2   1   1  22  0.50 0.25
  137 I    -3  -4  -5  -5  -3  -4  -4  -5  -4   5   2  -4  -1   0  -4  -4  -2   3  -1   4    0   0   0   0   0   0   0   0   0  33  14   0   0   3   0   0   0   4   2  40  0.85 0.34
  138 S     0  -3   0  -2  -3  -1   0  -3  -3  -4  -3  -1   0  -4  -3   5   1  -4  -1  -3    4   0   2   0   0   3   7   0   0   0   2   3   2   0   0  62   9   0   3   0  0.82 0.41
  139 A     2   4  -2  -3  -1   0  -2   2  -2  -3  -3  -1   1  -4  -3   1   0  -4  -3  -1   24  25   0   0   1   5   0  16   0   0   0   0   4   0   0  14   6   0   0   3  0.42 0.25
  140 T    -1  -1  -3  -3  -2  -2  -3  -3  -3   1   2   1   1  -1   0  -1   2  -3  -1   2    3   2   0   0   0   0   0   0   0   7  25  12   3   2   4   3  14   0   2  21  0.24 0.18
  141 G    -1  -1   1   3  -4   2   3   3   1  -4  -4   0  -3  -4  -3  -1  -2  -4  -3  -2    3   3   6  17   0  10  20  27   3   0   1   3   0   0   0   2   0   0   0   3  0.46 0.22
  142 R    -3   6  -2  -3  -4  -1  -2  -1  -2   0  -3   1  -3  -4   1   1  -1  -4  -1  -3    0  54   0   0   0   2   0   5   0   7   1   4   0   0   8   9   4   0   3   1  0.82 0.36
  143 I    -1  -1   2   0  -2   1   1   0  -1   1  -1  -1   0  -2  -1   1   1  -3   0   1    3   2  13   4   0   6   9   6   0  12   6   3   1   0   2  10  11   0   3  10  0.08 0.09
  144 G     1  -1   1   1  -3   0  -1   3  -2  -1  -3   1   0  -3  -1   1   0  -3  -1  -1   14   2   6   9   0   3   3  23   0   3   1   9   4   0   1  13   5   0   2   3  0.21 0.13
  145 L    -1  -1  -2   0  -3  -1  -2  -1  -2   1   1   0  -1   1   2   0   0  -1   4   0    2   4   0   6   0   1   1   5   0   8  13   6   0   7  11   6   5   0  17   7  0.16 0.13
  146 N     0  -1   1   2  -3   0   2  -1   0   1  -1   0  -2  -3   1   0   0  -3  -1   0   10   1   7  14   0   4  15   2   2  10   3   4   0   0   7   7   3   0   2   8  0.14 0.10
  147 P    -1  -1   1   0  -3   0   0  -1   3   0   0   1  -1  -2   2   1  -1  -3   0   0    2   1   9   4   0   2   3   4  12   5  11  11   0   0  10  13   2   0   4   7  0.14 0.12
  148 T    -1  -3   0   4  -3  -1   1   3  -1  -2  -4  -2  -3  -4  -1   2   1  -4  -3  -1    1   0   2  29   0   1   8  21   2   2   1   0   0   0   3  15   8   0   0   5  0.44 0.23
  149 G     0  -2   2   0  -2   0   0   2  -1  -1  -1   0  -2   1  -1   1   0   0  -2   0    5   1  14   3   0   3   6  15   1   2   4   5   0   8   2  16   7   1   0   7  0.12 0.11
  150 R    -2   1   3   1  -3   0  -1  -2   1   0  -1   0  -2  -1  -3   0   1  -2   3  -1    1   9  18   7   0   5   2   2   3   7   5   4   0   2   1   7   9   0  15   3  0.19 0.15
  151 Q    -1   0   0   0  -2   1   1  -1  -2   0   0  -1   2  -1  -2   0   2  -3  -1   0    2   4   3   5   0   7  14   5   0   3   9   2   9   3   1   5  17   0   2   8  0.10 0.11
  152 N    -2   0   4   3  -4  -1   2  -1  -2  -1  -1  -2  -1  -4   0  -1   0  -4  -3  -3    2   6  25  19   0   0  15   4   0   4   8   0   1   0   5   0   7   0   0   0  0.39 0.23
  153 F     0  -4  -4  -5  -4  -4  -4  -2   0  -1   0  -4   3   5  -4  -2  -2  -1   6   1    7   0   0   0   0   0   0   3   1   2   9   0   9  27   0   2   2   0  28   8  0.73 0.33
  154 L    -3  -4  -4  -4  -3  -3  -4  -4  -4   6   2  -3   2   0  -4  -3  -1  -3   1   1    1   1   0   1   0   0   1   1   0  55  17   1   5   2   1   1   3   0   4   6  0.76 0.28
  155 Q    -3   0  -2  -2  -4   7   2  -4   0  -2  -4  -1  -3  -4  -3  -1   0  -4  -1  -3    1   3   0   1   0  64  13   1   2   3   1   1   0   0   1   2   5   0   2   1  1.19 0.43
  156 T     1  -3  -2  -3  -2  -2  -3  -3  -3   2  -1  -2  -1   1  -3   0   5  -3   1   0   11   1   0   1   0   0   1   1   0  17   3   1   1   5   1   5  43   0   5   4  0.48 0.25
  157 D     0  -1  -1   7  -4  -2  -1  -3  -3  -4  -4  -2  -4  -4  -3   0   0  -4  -1  -4   10   4   1  64   0   0   1   1   0   1   1   1   0   0   1   6   6   0   3   1  1.08 0.36
  158 A     6  -3  -3  -3   2  -3  -3  -1  -3  -3  -1  -3  -2  -3  -3  -1  -2  -4  -3   0   75   1   1   1   4   0   1   3   0   1   5   1   0   0   1   1   1   0   0   4  0.98 0.38
  159 S     4  -3  -2   0   2  -2  -2  -2  -2   0  -2  -2  -2   1   0   2   0  -3   2  -1   41   0   1   4   4   0   0   1   0   6   1   0   0   5   4  17   4   0   8   2  0.35 0.22
  160 I     1  -4  -4  -4  -3  -3  -4  -4  -4   5  -1  -3   0  -2  -3  -2   1  -4  -3   3   16   0   0   0   0   0   0   1   0  49   1   0   1   0   0   1   8   0   0  20  0.73 0.30
  161 N    -2  -2   6  -1  -4   2   1  -3   2  -4  -4  -2  -3  -4  -3   1   0  -4  -1  -1    1   0  48   2   0   9   9   1   5   0   1   0   0   0   0  13   5   0   2   5  0.78 0.32
  162 H    -2   0  -1  -2  -4   0  -2   3   0  -4  -4  -1  -3  -2   6   0  -1  -4   0  -4    1   6   2   2   0   3   0  21   2   0   0   3   0   2  40   6   4   0   4   0  0.81 0.28
  163 G    -3  -5  -3  -4  -5  -4  -1   7  -5  -6  -6  -4  -5  -6  -5  -3  -4  -5  -6  -6    0   0   0   0   0   0   4  94   0   0   0   0   0   0   0   0   0   0   0   0  2.07 0.57
  164 N    -3  -3   7   0  -5  -2  -3  -2  -2  -5  -5   0   1  -5  -4   2  -2  -6  -4  -5    0   0  67   3   0   0   0   2   0   0   0   4   4   0   0  18   0   0   0   0  1.41 0.49
  165 S    -2  -4  -2  -3  -4  -3  -3  -3  -4  -5  -6  -3  -5  -6  -4   7   0  -6  -5  -5    0   0   0   0   0   0   0   0   0   0   0   0   0   0   0  98   2   0   0   0  1.91 0.67
  166 G    -3  -5  -3  -4  -6  -5  -5   7  -5  -7  -7  -5  -6  -6  -5  -3  -5  -6  -6  -6    0   0   0   0   0   0   0 100   0   0   0   0   0   0   0   0   0   0   0   0  2.37 0.64
  167 G    -2  -4  -2  -3  -4  -4  -4   6  -4  -6  -6  -3  -5  -5  -4   4  -3  -5  -5  -5    0   0   0   0   0   0   0  61   0   0   0   0   0   0   0  39   0   0   0   0  1.47 0.50
  168 A     2  -5  -5  -4  -5  -4  -4   0  -5  -5  -6  -4  -5  -6   8  -3  -4  -6  -6  -5   16   0   0   0   0   0   0   6   0   0   0   0   0   0  78   0   0   0   0   0  2.21 0.58
  169 L    -1  -4  -5  -5  -3  -4  -4  -5  -5   2   4  -4   0  -2  -4  -4  -2  -4  -3   5    5   0   0   0   0   0   0   0   0   8  40   0   1   0   0   0   1   0   0  45  0.84 0.33
  170 V    -3  -4  -5  -5  -1  -4  -5  -5  -4   3   2  -4  -1   5  -5  -4  -1  -3  -1   4    0   0   0   0   1   0   0   0   0  15  23   0   0  27   0   0   4   0   0  30  0.73 0.29
  171 N    -3  -3   7   3  -4  -2  -1  -3  -2  -4  -4  -2  -4  -4  -3  -1   0  -5  -4  -4    1   1  68  14   0   0   2   1   0   1   1   1   0   0   1   2   7   0   0   1  1.36 0.42
  172 S    -1   0  -2  -1  -3  -2  -1  -1  -1   1   2  -1   3  -2  -3   3   0  -3  -3  -1    3   5   0   2   0   0   4   3   2   8  24   2  12   0   0  29   5   0   0   1  0.24 0.20
  173 L    -1  -1   3   4  -4  -1   0   0  -2  -3  -3   3  -2  -4  -3   1  -2  -4  -1  -3    3   1  15  29   0   1   3   8   0   1   1  25   1   0   0   8   0   0   3   1  0.50 0.24
  174 G    -2  -2   4  -3  -5  -2  -4   6   1  -6  -6  -3  -5  -5  -4  -2  -3  -5  -1  -5    0   1  20   0   0   1   0  70   3   0   0   0   0   0   0   0   0   0   3   0  1.41 0.44
  175 E    -3   1   2   1  -5   2   5  -3   2  -5  -4   3  -3  -3  -3  -2  -2  -4  -2  -4    0   5  10   5   0   9  44   0   6   0   0  17   0   1   0   0   1   0   1   0  0.75 0.30
  176 L     0  -3  -4  -4   1  -3  -4  -4  -4   1   3  -2   1  -2  -4  -3  -1  -4  -3   5    8   0   0   0   3   0   0   0   0   1  31   3   2   0   0   0   1   0   0  48  0.64 0.28
  177 M    -1  -4  -5  -5  -3  -4  -4  -5  -5   6   1  -4   1  -2  -4  -3  -2  -4  -3   4    5   0   0   0   0   0   0   0   0  52   8   0   3   0   0   0   0   0   0  29  0.92 0.32
  178 G     1  -4  -3  -4  -4  -4  -4   7  -4  -5  -5  -4  -5  -5  -4  -2  -4  -5  -5  -5   10   0   0   0   0   0   0  86   0   0   0   0   0   0   0   0   0   0   0   0  1.75 0.47
  179 I    -3  -4  -5  -5  -3  -4  -4  -2  -5   5   1  -4   0  -2  -4  -4  -2  -4  -3   4    0   0   0   0   0   0   0   3   0  48  10   0   1   0   0   0   0   0   0  35  0.94 0.33
  180 N     0  -2   5  -2  -3  -2  -2  -2   5   0  -2  -2   0  -3  -3  -1   0  -4  -2   2    7   1  32   1   0   1   1   1  18   4   3   1   2   0   1   2   4   0   0  22  0.50 0.23
  181 T     0  -2  -2  -2  -2   0  -2  -2  -2  -2  -2  -2  -2   4  -2   2   3  -2   2  -2    9   1   1   1   0   6   1   1   0   2   1   1   0  20   1  19  29   0   8   1  0.41 0.21
  182 L     2  -2  -2  -2  -2   2   0   1  -2  -2   0  -1   1   0  -2   1  -1  -2   1  -2   23   1   0   1   0  15   6   9   0   1  13   1   6   3   1  12   1   0   8   1  0.18 0.14
  183 S     0  -1   2  -1  -3   0  -1   1  -2   2  -2   3  -1  -3  -2   1   0  -3  -2  -1    6   1  15   1   0   2   1  11   0  20   1  24   0   1   1   9   3   0   0   2  0.21 0.15
  184 F    -1  -2   0   1  -2  -2  -2  -2  -2   2   1  -1   0   2  -2  -1   1  -2   1   2    2   2   6  10   0   1   1   1   0  13  13   3   0  10   1   1   9   0   4  21  0.12 0.09
  185 D     1   0   0   2  -2   0  -1   1  -2  -2  -2   0  -2  -3  -1   2   2  -3  -2  -1   12   6   2  13   0   2   1  13   0   1   2   6   0   1   1  18  16   0   1   4  0.20 0.10
  186 K     0   1   0   0  -2   1   0  -1   0  -2  -1   1   1   0   4  -1  -1  -2  -2  -2    9  11   3   7   0   7   4   3   3   1   6   9   5   5  21   1   2   0   1   1  0.26 0.10
  187 S     1  -1   1   0  -2   1   0   0   1  -2  -2   0  -2  -2   0   2   1  -2  -2  -2    9   1   8   5   0   9   4   7   4   1   3   7   1   1   4  24  10   0   1   1  0.18 0.09
  188 N     1  -2   2   0  -2  -1  -1   4   1  -3  -3  -1  -2  -3  -2  -1  -2  -3   0  -2   13   1  14   4   0   1   4  40   4   1   2   3   0   1   1   2   1   0   3   3  0.42 0.15
  189 D     0  -1   0   1  -2   1   0   3  -1  -2  -2   0  -2  -2  -1   0   1  -2  -2  -2    8   2   4  11   1   7   5  31   1   2   3   5   1   1   2   7   8   0   1   2  0.26 0.09
  190 G     1   0   2  -1  -2  -1  -1   3   1  -1  -1  -1  -1   0  -1   1   0  -2   0  -1   10   7  12   2   1   1   2  23   4   4   4   2   1   5   2  13   4   0   3   2  0.15 0.07
  191 E     1   0   1   0   0   0   0  -1   0   0  -1  -1   0  -1  -1   1   1  -2  -1   0   12   5   7   5   2   1   7   3   2  10   4   2   2   1   2  13  12   0   1   7  0.06 0.04
  192 T     0   0   1   1  -1  -1   0   0  -1   0   0   0   0  -1  -1   0   1  -1   0   0    5   5   6  13   1   1   4   5   1   9   6   5   2   1   2   6  15   0   5   7  0.05 0.04
  193 P     1  -1  -1   0  -2  -1   0   1  -1   0  -1  -1  -1   0   1   0   0  -1   1   0   13   1   1   5   1   1   8  14   1   8   2   2   1   5   8  10   3   0   8  10  0.08 0.05
  194 E     1   0  -1   0  -2   1   2  -1  -1   0  -1  -1   1   0   1  -1  -1  -2   1   0   20   5   1   4   0   6  17   3   0   7   2   1   5   4   7   2   2   0   7   7  0.11 0.09
  195 G     1  -3   3   0  -3  -2  -1   5   2  -4  -4  -2  -3  -4  -3   1  -2  -4  -3  -4   10   0  15   5   0   0   3  49   6   0   1   0   0   0   0  10   0   0   0   0  0.73 0.25
  196 I    -2  -3  -3  -4  -2  -3  -4  -4  -4   4   2  -3   2  -2  -3  -2   3  -4  -3   3    0   0   0   0   0   0   0   0   0  35  14   0   4   0   0   0  21   0   0  23  0.59 0.24
  197 G     0  -3   2   3  -4  -2  -2   4  -2  -4  -4  -2  -3  -1  -3   1  -2  -3   2  -4    6   0  13  18   0   0   0  36   0   0   0   0   0   3   0  12   0   0  11   0  0.58 0.24
  198 F    -2  -5  -5  -5  -1  -5  -5  -5  -3  -2  -2  -5  -2   8  -5  -4  -4  -1   4  -2    3   0   0   0   2   0   0   0   0   0   1   0   0  77   0   0   0   0  13   2  1.78 0.47
  199 A     4  -3  -3  -3  -2  -2  -2  -2  -3   0  -1  -2  -2   3   1   2  -1  -3  -2   1   41   0   0   0   0   0   0   0   0   5   2   0   0  14   5  18   0   0   0  13  0.40 0.22
  200 I    -3  -4  -4  -4  -3   0  -4  -5  -4   6   2  -4   0  -2  -4  -4  -2  -4  -3   1    0   0   0   0   0   6   0   0   0  68  21   0   0   0   0   0   0   0   0   2  0.97 0.31
  201 P    -3  -4  -4  -3  -4  -3  -3  -4  -4  -4  -4  -3  -4  -5   8  -3  -3  -5  -4  -4    1   0   0   0   0   0   1   1   0   0   1   1   0   0  92   1   1   0   0   1  2.54 0.47
  202 F     0  -2  -2  -2   1  -2  -2  -2  -2   2   1  -2   0  -1  -2   2   1  -3  -2   1    8   1   1   1   4   0   1   2   0  21  13   1   2   3   1  23  12   0   0   7  0.18 0.11
  203 Q    -1  -2   4   5  -3   0   0  -2  -2  -3  -3  -1  -3  -4   2   0   0  -4  -1  -3    4   0  24  35   0   3   1   0   0   0   3   2   0   0  12   5   6   0   2   0  0.58 0.20
  204 L    -1   3  -2   0  -3  -1  -1  -3  -2   0  -1   0   2  -2  -3  -1   1  -2   2   2    1  20   0   7   0   2   3   0   0   4   4   4   6   0   0   2  13   0  10  24  0.20 0.14
  205 A     2  -3  -4  -4  -2  -3  -3  -2  -4   3   1  -3  -1  -2   2  -2  -1  -4  -3   3   28   0   0   0   0   0   0   1   0  18   9   0   0   0  10   0   0   0   0  33  0.45 0.20
  206 T     0   2   0  -2  -3   1   0  -1  -2  -1   1   3   1  -3  -2   0   0  -3  -2   0    6  14   3   0   0   7   2   5   0   2  15  25   3   0   0   4   6   0   0   7  0.17 0.11
  207 K    -2   4   1   1  -4   1   1  -2   4  -4  -4   1  -3  -4   3  -1  -1  -4  -2  -3    1  26   6  10   0   7   7   1  13   0   0   9   0   0  15   2   2   0   0   1  0.50 0.18
  208 I     2  -4  -4  -4  -2  -4  -4  -4  -4   4   0  -3  -1   4  -4  -2  -1   2  -1   2   20   0   0   0   0   0   0   0   0  32   5   0   0  21   0   0   2   3   0  17  0.51 0.21
  209 M     1  -3  -4  -4  -2  -2  -3  -4  -4   3   3  -3   1   0  -3  -2  -1  -3  -2   2   14   0   0   0   0   1   1   0   0  24  35   0   3   3   0   2   3   0   0  15  0.39 0.16
  210 D    -1   0   3   2  -3   2   2  -1   0  -3  -3   2  -2  -4   0   0   1  -4  -3  -3    4   4  16  10   0  10  15   4   1   1   0  18   0   0   3   1  12   0   0   0  0.33 0.14
  211 K    -1   0  -1   1   4   5   3  -1   1  -4  -3   1  -3  -4  -3  -1  -2  -4  -1  -3    4   4   1   7  13  33  19   4   4   0   1   6   0   0   0   1   1   0   2   0  0.56 0.22
  212 L    -3  -4  -4  -5   0  -3  -4  -3  -1   2   4  -4   1   2  -4  -3  -2  -2   3   1    0   0   0   0   2   0   0   2   1  14  51   0   3   7   0   0   0   0  12   8  0.57 0.20
  213 I     0   0  -2  -1  -3   2   3  -3  -2   2   0   1   0  -2  -3   0  -1  -3  -2   0    6   5   0   0   0  10  23   0   0  20   7  10   2   1   0  10   0   0   0   7  0.20 0.13
  214 R     0   3   0  -1  -4   2   2  -2   0  -3  -3   4  -2  -4  -2   0   1  -4  -3  -2    7  14   2   2   0  13  11   1   2   0   0  31   0   0   0   4  10   0   0   2  0.42 0.16
  215 D    -2  -1   2   3  -1  -1  -1   1   0  -1  -3   2  -2   1  -3   1   1  -3   1  -2    0   0  10  20   2   0   0  10   2   5   0  18   0   7   0  10  11   0   6   0  0.22 0.13
  216 G    -2  -3  -1  -1  -4   0  -1   6  -3  -4  -5  -1  -4  -4  -4  -1  -2   2  -4  -2    0   0   1   4   0   4   3  74   0   0   0   3   0   0   0   2   2   3   0   4  1.10 0.27
  217 R    -1   2  -2  -2  -4   3   1  -3  -2  -4  -3   4  -2  -4   3  -1   0  -4  -3  -3    2   8   0   0   0  19   9   0   0   0   1  38   0   0  15   2   6   0   0   0  0.60 0.19
  218 V    -1  -4  -4  -4  -2  -3  -1  -4  -4   4   0  -3   0  -2  -4  -3  -1  -4  -3   5    3   0   0   0   0   0   6   0   0  27   0   0   2   0   0   0   0   0   0  62  0.72 0.21
  219 I    -1   0  -1  -1  -2   1   1  -2  -2   0  -2   1  -1  -3  -2   2   3  -3   0  -1    1   3   0   2   0   5   7   0   0   9   2  13   0   0   0  24  30   0   3   0  0.27 0.12
  220 R    -3   8  -2  -3  -5   0  -2  -4  -2  -5  -4   1  -3  -5  -4  -2  -3  -4  -3  -4    0 100   0   0   0   0   0   0   0   0   0   0   0   0   0   0   0   0   0   0  1.71 0.31

                      K         Lambda
Standard Ungapped    0.1374     0.3175
Standard Gapped      0.0469     0.2670
PSI Ungapped         0.1533     0.3165
PSI Gapped           0.0469     0.2670
