
Last position-specific scoring matrix computed, weighted observed percentages rounded down, information per position, and relative weight of gapless real matches to pseudocounts
            A   R   N   D   C   Q   E   G   H   I   L   K   M   F   P   S   T   W   Y   V   A   R   N   D   C   Q   E   G   H   I   L   K   M   F   P   S   T   W   Y   V
    1 R    -1   4  -1  -1  -4   4   1  -2   2  -3  -3   3  -2  -3  -2  -1  -1  -3  -2  -3    0  38   0   0   0  30   6   0   6   0   0  20   0   0   0   0   0   0   0   0  0.58 0.07
    2 T    -1  -2   0  -2  -2  -1  -1  -2   6  -2  -3  -1  -2  -3  -2   2   5  -3  -1  -2    0   0   0   0   0   0   0   0  28   0   0   0   0   0   0  17  55   0   0   0  0.66 0.16
    3 I    -2   1  -3  -4  -2  -2  -3  -4  -3   2   3  -2   1   0  -4  -3  -2  -2   1   2    0  14   0   0   0   0   0   0   0   8  51   0   0   0   0   0   0   0   8  19  0.41 0.14
    4 V    -1   1  -2  -3  -2  -2  -2  -3  -3   3   1   0   0  -2  -3   0   2  -3  -2   3    0  13   0   0   0   0   0   0   0  25   7   7   0   0   0   6  16   0   0  25  0.24 0.11
    5 V     1  -4  -4  -4  -2  -3  -3  -4  -4   2   0  -3   0  -2   0  -2  -1  -4  -2   5   11   0   0   0   0   0   0   0   0  11   6   0   0   0   4   0   0   0   0  68  0.64 0.21
    6 T     0  -3  -2  -3  -2  -2  -2   0  -3   1   0  -2  -1  -1  -3   1   4  -3  -2   2    3   0   0   0   0   0   0   9   0   5   8   0   0   3   0   8  38   0   0  27  0.31 0.15
    7 T     0  -3  -1  -2  -2  -2  -2  -3  -3  -2  -1  -2  -2  -3  -3   2   6  -4  -3  -2    5   0   0   0   0   0   0   0   0   0   6   0   0   0   0  14  75   0   0   0  0.91 0.29
    8 I    -1  -3   0  -3  -2  -2  -3   1  -3   3   2  -3   0  -1  -3   0   0  -3  -2   2    0   0   8   0   0   0   0  14   0  31  25   0   0   0   0   7   5   0   0  11  0.24 0.12
    9 L    -1  -2   0   0  -2  -1   1  -3   0   1   3  -2   1  -1  -3  -2   1  -3  -2   0    4   0   7   4   0   0  15   0   2   4  47   0   3   0   0   0   9   0   0   4  0.23 0.12
   10 E    -2   1  -1   2  -4   2   4  -1  -1  -3  -3   0  -2   0  -2   0  -2  -3   0  -2    0   7   0   9   0  10  49   4   0   0   0   2   0   6   0   5   0   0   4   4  0.49 0.17
   11 S     1   1   0   0  -3   0   2  -1   1  -3  -2   1  -2   2   0   0  -1  -3  -1  -2   19   8   3   4   0   2  21   4   5   0   0  10   0  15   4   5   0   0   0   0  0.19 0.10
   12 P    -3  -4  -4   0  -5  -3  -3  -4  -4  -5  -5  -1  -4  -6   8  -3  -1  -6  -5  -4    0   0   0   4   0   0   0   0   0   0   0   3   0   0  89   0   3   0   0   0  2.35 0.43
   13 Y    -3  -1  -1  -3  -3  -3  -1  -4  -2  -2   0  -3  -1   7  -4  -2  -3  -1   4  -2    1   5   4   0   0   0   4   1   0   0   7   0   0  55   0   3   0   0  17   0  0.86 0.25
   14 V    -1  -1  -3  -2  -2  -2  -1  -3  -3   2   1  -2   0  -2  -3   0   1  -3  -2   4    2   3   0   3   0   0   3   0   0   8  15   0   0   0   0   8   7   0   0  49  0.36 0.18
   15 M    -2  -3  -3  -3  -3   0  -1  -4  -2   1   1  -2   6   1  -3   0  -2  -2   4   0    0   0   0   0   0   4   4   0   0   9   9   0  36   6   0  10   0   0  17   3  0.53 0.25
   16 Y    -1   0  -3  -3  -2  -2  -2  -3   0   1   0   0   0   1   0  -2   0  -2   3   3    2   5   0   0   0   0   2   0   3   6   5   5   1   7   5   0   5   0  12  39  0.25 0.16
   17 K    -1   3   0  -1  -3   0   1  -2  -2  -2  -3   3  -2   0  -2   1   2  -3  -2  -1    2  20   4   3   0   0   6   0   0   0   1  26   0   5   0   9  16   0   0   6  0.32 0.17
   18 K    -1   3  -1  -1  -3   1   3  -2  -2  -2  -3   2  -2  -3   0   0   1  -3  -3   0    2  21   2   2   0   4  23   2   0   0   1  15   0   0   5   5   8   0   0   9  0.33 0.16
   19 N    -2   0   5   3  -4  -1   0  -2  -1  -4  -4  -1  -3   0  -2   1   1  -3   1  -3    1   4  33  22   0   0   4   0   0   0   0   2   0   5   1   8  12   0   7   0  0.53 0.23
   20 H     0   0   1   1  -2  -1   1   1   1   0  -1  -1   0  -2  -1   1   1  -3  -2   0    5   5   7   9   0   0  12  10   6   7   3   2   3   1   3   9  11   0   0   7  0.08 0.06
   21 E    -1  -1   1   1   0   1   3  -2  -1  -2  -2   0  -2   1   3   0   0  -3  -2  -1    3   1   6   9   2   7  23   1   1   0   1   4   0   7  13   7   7   0   0   6  0.26 0.13
   22 Q     1  -1  -2   0  -2   0   1  -2  -2  -1  -2  -1  -1   0   4   1   1  -3   0  -1   11   3   0   4   0   4   9   1   0   4   1   2   2   5  22  11  13   0   4   5  0.29 0.13
   23 L    -1  -2  -1  -1   2  -1  -2  -2  -2   1   1   0   0   1   0  -1   1  -1   2   0    1   1   3   5   6   1   1   3   0  13  19   9   1   7   5   1  11   0   9   5  0.07 0.08
   24 E    -1   0   2   2  -3   0   1   1   0  -2  -3   1  -2  -2  -2   0   0  -2   2  -1    2   5  11  16   0   3  10  10   1   1   1  10   0   1   1   4   8   0   9   5  0.19 0.11
   25 G     0  -2   1  -1  -1   0   0   3  -1  -2  -3   0  -2   0   2   1  -1  -3  -2  -2    9   1   8   2   1   3   7  26   2   1   1   8   0   6  11   9   2   0   0   1  0.26 0.13
   26 N    -1   0   3   1  -3   2   0   0  -1  -2  -3   2  -2  -3   1   1   0  -3  -2  -2    1   4  21   8   0  14   3   5   0   2   1  12   0   0   7  11   6   0   1   2  0.31 0.17
   27 E    -1  -2   2   3  -3   0   1   3   1  -3  -2   0  -3  -3  -2  -1   0  -3  -3  -3    3   1  12  24   0   3   6  25   5   1   3   6   0   1   1   2   6   0   0   1  0.39 0.18
   28 R    -1   3   0   0   0   0   2   1  -1  -1  -2   2  -1  -3  -1   0   0  -3  -2  -1    2  18   4   3   2   3  14  12   0   4   2  19   2   0   1   6   4   0   0   3  0.22 0.13
   29 Y    -1  -3  -3  -4   3  -3  -2  -4  -1   1   1  -3   1   3   1  -2  -2  -2   2   2    2   0   0   0   7   0   4   0   1   9  16   0   4  14   7   2   0   0  10  21  0.31 0.18
   30 E    -1   0  -2  -1  -3   1   2  -2  -2  -1  -3   2  -2  -3  -3   1   4  -4  -1   0    3   2   0   2   0   8  16   3   0   2   0  12   0   0   0   9  30   0   2   9  0.35 0.24
   31 G    -2  -5  -3  -4  -6  -5  -5   7  -5  -7  -7  -5  -6  -6  -5  -3  -5  -6  -6  -6    1   0   0   0   0   0   0  99   0   0   0   0   0   0   0   0   0   0   0   0  2.34 0.67
   32 Y    -4  -5  -5  -6  -5  -5  -5  -6  -3  -1   0  -5  -1   7  -6  -3  -4  -1   6  -3    0   0   0   0   0   0   0   0   0   3  10   0   1  58   0   2   0   0  26   0  1.65 0.53
   33 C    -1  -4  -3   5   8  -2   3  -4  -4  -5  -5  -3  -4  -5  -4   0  -3  -5  -5  -4    4   0   0  31  34   0  25   0   0   0   0   0   0   0   0   8   0   0   0   0  1.31 0.48
   34 V    -1  -4  -5  -5  -3  -2  -4  -5  -1   5  -1  -3  -1  -1  -5  -4  -1  -3   4   3    5   0   0   0   0   2   0   0   2  43   2   1   0   1   0   0   2   0  19  24  0.82 0.37
   35 D    -2  -4  -2   7  -6  -2   4  -4  -4  -6  -6  -3  -5  -6  -4  -3  -4  -7  -6  -4    3   0   0  69   0   0  27   0   0   0   0   0   0   0   0   0   0   0   0   1  1.74 0.58
   36 L    -3  -4  -5  -5  -3  -4  -5  -5  -4   2   4  -4   2   0  -5  -4  -3  -4   0   4    0   0   0   0   0   0   0   0   0  10  51   0   5   3   0   0   0   0   3  29  0.85 0.35
   37 A     3  -4  -4  -4  -3  -3  -3  -2  -4   1   2  -3   1   3  -4  -1  -1   1  -1   1   36   0   0   0   0   0   0   2   0   6  19   0   4  18   0   2   1   2   0  10  0.43 0.26
   38 Y    -2   3   2   0  -4   2   2  -3  -2  -2  -4   4  -3  -4  -3  -1  -1  -4  -2  -3    2  13  13   4   0  10  14   0   0   3   0  33   0   0   0   2   2   0   1   1  0.56 0.28
   39 E     3   3  -1  -1  -3   0   3  -1  -2  -3  -1   1  -1  -4  -3   0  -1  -4  -3  -2   32  17   2   1   0   4  20   3   0   0   6   6   1   0   0   4   3   0   0   1  0.36 0.23
   40 I     0  -4  -4  -4  -1  -3  -4  -4  -3   3   3  -4   1   4  -4  -3  -2  -2   0   1   10   0   0   0   1   0   0   0   0  18  31   0   3  21   0   0   0   0   2  11  0.50 0.23
   41 A     4  -3  -3  -1   4  -1  -3  -2  -3   0  -1  -3  -1  -3  -2   1  -1  -4  -3   0   52   0   0   3   8   3   0   1   0   7   6   0   1   0   1   8   2   0   0   7  0.52 0.29
   42 K    -1   1   1   2  -4   1   3  -2   0  -4  -3   4  -3  -4  -3   0  -1  -4  -2  -4    3   4   7  14   0   7  18   1   2   0   3  34   0   0   0   5   1   0   1   0  0.51 0.25
   43 H     0   2  -1   1  -3   0   1  -2   1   0  -1   2  -1  -2  -2   0  -1   0   0  -2    8  14   1  11   0   4   8   0   5   8   7  15   1   1   0   9   3   2   4   1  0.14 0.12
   44 V    -1  -4  -1  -4  -2  -2  -4  -3  -4   2   4  -4   3  -2  -4  -3  -1  -4  -3   1    4   0   4   0   1   1   0   1   0  12  52   0  10   0   0   1   3   0   0  10  0.61 0.29
   45 R    -1  -1   1   0  -4   0  -1   5   1  -4  -4   1  -3  -4   3  -1  -2  -4  -3  -4    2   3   6   5   0   5   2  45   4   0   1   8   0   0  13   4   0   0   0   1  0.63 0.25
   46 I    -1  -3  -3  -4  -3  -3  -3  -4  -2   1   0  -1   0   4  -2  -3  -1   1   4   3    6   0   0   0   0   0   1   1   0   7   8   5   1  24   2   1   2   2  16  24  0.44 0.22
   47 K    -1  -1   1   3  -4   1   2  -3  -2  -4  -2   3  -3  -4   1   0   1  -4  -3  -3    2   1   8  15   0   4  17   0   0   0   3  27   0   0   7   6  10   0   0   0  0.43 0.23
   48 Y    -2  -4  -4  -5   3  -3  -4  -5   1   0   3  -4  -1   2  -2  -3  -3  -1   6   1    2   0   0   0   8   0   0   0   3   3  28   0   0   8   2   0   0   0  33  11  0.73 0.32
   49 K    -2   0   0   2  -4   1   3  -3  -2  -1  -3   2  -2  -4   0   1   1  -4  -3  -1    0   5   2  11   0   4  28   0   0   4   0  13   0   0   4   9  12   0   0   6  0.36 0.21
   50 L    -2  -3  -4  -4  -3  -3  -3  -4  -2   3   1  -3   2   3  -1  -3  -1   2   1   3    1   0   0   0   0   0   2   1   1  24  14   0   5  17   3   1   2   3   4  21  0.42 0.20
   51 S    -1   2   0  -1  -3   1   2  -2   0   0  -1   2  -1   0  -2  -1  -1  -2   2   0    3  10   4   1   0   4  19   1   2   8   4  18   0   3   1   2   3   0   8   7  0.17 0.12
   52 I    -1  -2  -2  -1  -2  -1   1  -1  -2   0   1  -1  -1   2   2   0   1  -2   1   0    2   1   1   3   0   2  11   4   0   6  18   1   0  11  13   5  10   0   5   7  0.13 0.09
   53 V     1  -1  -2  -2  -2  -2  -2  -2  -1   2   0  -1   2   1  -2  -1   0   1   0   3   12   3   1   1   0   1   1   2   1  10   6   3   6   7   1   4   5   2   2  29  0.15 0.11
   54 G     0  -1  -1   2  -2   0   1   2  -1  -2  -2   0  -2  -2   4   0   0  -2  -2  -2    9   3   1  16   0   3   8  16   2   1   2   4   1   2  19   5   5   0   1   3  0.30 0.11
   55 D    -1  -1   3   5  -2  -1   0  -1  -1  -2  -2  -1  -2   0  -1  -1   0  -2  -1  -1    3   2  14  38   1   2   5   4   1   3   3   2   1   5   2   4   5   0   2   4  0.40 0.14
   56 G    -1  -1   0   1  -2  -1   0   3   0  -1   0  -1  -1  -1  -1  -1   0  -2  -1   0    3   2   5   7   1   2   6  31   2   3  15   2   1   2   2   3   5   1   1   6  0.16 0.07
   57 K    -1   0   0   0  -2   1   1  -1   0  -1  -1   3  -1  -1   0   0  -1  -1   0  -1    4   4   5   5   1   6   6   5   2   2   7  31   1   2   5   5   3   1   3   4  0.16 0.07
   58 Y    -1   0  -1   0  -1  -1   0  -1   1   0  -1   0  -1   2  -1   0  -1   0   4   0    6   4   2   5   1   2   8   4   4   5   4   5   1   9   3   6   3   1  22   5  0.14 0.06
   59 G     0  -1   0   0  -1  -1   0   3  -1  -1  -1   0  -1  -1  -1   0  -1   0   0  -1    7   3   2   6   1   2   5  30   1   5   7   5   1   2   3   8   3   2   3   4  0.14 0.04
   60 A     1   0   1   0  -1   1   0   0   1  -1  -1   0  -1   0   1   0   0  -1  -1  -1   15   4   7   5   1   9   3   6   3   3   8   8   1   4   6   8   4   1   2   4  0.05 0.02
   61 R     0   1   1   0  -1   1   0  -1  -1   0   0   1   0   0   0   0   0   2   0   0    6   9   8   6   1   7   4   5   1   7   7   9   4   4   4   4   4   3   2   4  0.04 0.02
   62 D     0  -1   1   2  -1   1   1   0  -1  -1  -1   0  -1  -1   0   0   0   1  -1  -1    5   3   9  14   1   8  11   8   1   6   7   3   1   3   5   5   3   2   2   5  0.08 0.03
   63 P     0   0   0   0  -1   0   0   0   0   0   0   0   0  -1   1   0   0   1  -1   0    9   4   4   4   1   4   6   5   4   6  12   8   1   2   6   7   7   3   2   6  0.03 0.01
   64 E     0   0   1   1  -1   0   0  -1  -1  -1  -1   0  -1  -1   2   0   1  -2  -1   1    4   5   6   9   1   2   7   5   1   2   7   6   1   2  12   7   9   1   2  13  0.10 0.04
   65 T     1   0   2   0  -2   0   0   1   0  -2  -2   1  -1  -2   0   1   1  -2  -1  -1   11   4  17   5   1   1   7  10   2   2   3   7   1   1   3   9  10   0   2   4  0.12 0.06
   66 K     0  -1   1   0  -2   1   0   2  -1  -1  -2   1  -1  -1   2   0   0  -2   0  -2    5   2   9   3   1   9   3  20   1   3   3   8   1   2   9   7   7   0   4   2  0.16 0.07
   67 I     0   0   2   0  -2   1   1  -1   0  -1  -2   0  -1  -2   1   1   1  -2  -1  -1    6   4  16   4   1   5   7   4   2   4   3   3   1   1   7  11  13   0   1   5  0.13 0.06
   68 W    -2   0  -3  -3  -3  -2  -2  -3  -1  -2  -1  -2  -2   4  -3  -2  -1   9   4  -2    2   6   1   1   1   1   2   2   2   1   6   2   1  18   1   2   3  32  15   2  1.06 0.28
   69 N    -2   0   4   4  -3  -1  -1  -1  -1  -3  -3  -1  -2  -3  -1   1   1  -3  -2  -3    2   5  25  29   0   1   2   4   1   1   2   1   1   1   2  12   8   0   1   2  0.49 0.19
   70 G     1  -2   1   1  -2  -1   1   4   0  -3  -3  -1  -2  -3  -2   1  -1  -2  -2  -2   10   1   8   8   0   2   9  36   2   1   2   2   1   1   1  10   1   0   1   2  0.38 0.14
   71 M    -2  -3  -3  -4  -3  -3  -3  -4  -3   1   4  -3   6  -1  -1  -2  -2  -3  -2   0    1   1   1   1   0   1   1   1   0   8  49   1  24   2   3   3   1   0   0   3  0.72 0.29
   72 V    -2  -2  -4  -4  -3  -4  -4  -4  -4   4   1  -4   2   3  -2  -3  -2  -3   0   3    2   2   0   0   0   0   0   0   0  35   8   0   5  16   2   0   0   0   2  25  0.64 0.26
   73 G     0  -1   0   0  -3  -1  -1   2  -1  -3  -1  -1  -2  -2   4  -1   0  -3   2  -2    8   3   3   6   0   2   3  21   1   0   5   3   0   0  24   3   5   0   9   3  0.37 0.17
   74 E     1  -1   1   1  -3   1   2   0  -1  -2  -1   0   0  -3  -2   2   0  -3  -2  -2   14   0   6   9   0   5  17   5   1   0   8   6   4   0   0  17   5   0   1   0  0.19 0.13
   75 L    -3  -4  -5  -5  -3  -4  -4  -5  -4   2   5  -4   0  -1  -4  -4  -2  -4  -3   3    0   0   0   0   0   0   0   0   0   8  67   0   0   2   0   0   1   0   0  18  0.97 0.36
   76 V    -1   1   0   0  -3   2   1  -1   0   0   0   1   0  -1  -2  -1   0  -2   0   0    4   6   6   5   0  13   8   5   1   5  10  13   1   2   0   0   7   0   5   8  0.07 0.08
   77 Y     1   1   3   1  -3   1  -1  -1  -1  -2  -2   0  -1  -1  -1   1   1  -3   0  -2   14   9  16  10   0   5   0   2   0   1   4   6   1   3   1  13   9   0   4   0  0.18 0.13
   78 G    -2  -1   0   1  -4   0  -1   5   3  -5  -5   3  -4  -4  -3  -2  -3  -4  -3  -4    0   3   5   7   0   4   2  44   9   0   1  23   0   0   0   0   0   0   0   0  0.78 0.31
   79 R    -2   4   0   1  -4   1   2  -1  -1  -3  -3   3  -3  -4  -3  -1   0  -4  -3  -2    2  28   4   6   0   6  14   3   1   1   1  22   0   0   0   1   8   0   0   3  0.49 0.23
   80 A     3  -3  -4  -4  -3  -3  -3  -1  -3   2  -1  -3  -1   4  -2  -2  -2   0   3   2   30   0   0   0   0   0   0   3   0  14   4   0   0  18   1   0   0   1  11  14  0.43 0.24
   81 D    -4  -4  -1   8  -6  -3  -1  -4   2  -5  -6  -4  -5  -6  -4  -3  -4  -6  -2  -1    0   0   1  85   0   0   2   0   5   0   0   0   0   0   0   0   0   0   1   5  1.96 0.60
   82 I     3  -4  -4  -4  -3  -3  -4  -2  -4   2   2  -3   4   0  -4  -2  -1  -4  -3   2   27   0   0   0   0   0   0   3   0  16  20   0  16   5   0   0   3   0   0  12  0.47 0.26
   83 A     4  -4  -4  -4  -3  -3  -2   0  -4   3  -1  -3  -2  -3  -4  -2  -1  -5  -4   3   38   0   0   0   0   0   3   8   0  24   2   0   0   0   0   0   2   0   0  23  0.61 0.32
   84 V     4  -4  -4  -4   1  -3  -4  -3  -4   2   0  -3   3  -3  -3  -1  -2  -4  -3   3   39   0   0   0   3   0   0   0   0  12   5   0   9   0   0   3   0   0   0  28  0.62 0.31
   85 A     4  -3   1  -3  -3  -3  -3   3   1  -4  -4  -3  -4  -5  -3   2   0  -5  -4  -3   48   0   7   0   0   0   0  24   4   0   0   0   0   0   0  13   4   0   0   0  0.79 0.36
   86 P     1  -3   0   3  -4   1  -2   3  -3  -4  -4  -2  -4  -5   1   2   1  -5  -4  -4   12   0   3  18   0   8   0  29   0   0   0   0   0   0   8  15   8   0   0   0  0.53 0.26
   87 L    -3  -4  -5  -5  -3  -4  -4  -5  -4   3   4  -4   6   1  -5  -4   1  -3   0   1    0   0   0   0   0   0   0   0   0  16  39   0  23   4   0   0   9   0   2   8  0.78 0.33
   88 T     1  -3  -1   0  -3  -3  -1  -1  -3   0  -3  -3  -3  -2  -3   3   5  -5  -3   0    9   0   1   5   0   0   2   3   0   6   0   0   0   2   0  23  42   0   0   7  0.59 0.33
   89 I    -2  -3  -1  -4  -3  -2  -2  -5  -2   6   0  -1   0  -2  -2  -2  -2  -4   0   2    3   1   4   0   0   1   3   0   1  56   4   5   1   0   2   3   0   0   4  12  0.68 0.33
   90 T    -2  -1   4  -1  -4  -2  -3  -4  -3  -1  -2  -3  -1  -4  -4   2   5  -5  -4  -1    0   2  20   3   0   1   0   0   0   3   4   0   1   0   0  12  50   0   0   4  0.83 0.40
   91 L     1  -1  -2   1  -4  -1   2  -3  -2  -3  -2   0  -3  -4   5   1   0  -5  -2  -2   12   2   1  10   0   1  13   0   1   0   5   7   0   0  30   9   6   0   1   2  0.54 0.24
   92 V     1  -1   2   1  -4   0   4  -2  -2  -4  -3   1  -3  -4  -2   0  -1  -4  -2  -1   12   2  12   5   0   3  39   2   0   0   1  10   0   0   1   5   2   0   1   4  0.49 0.25
   93 R    -4   8  -4  -5  -6  -2  -3  -5  -3  -6  -5  -1  -4  -6  -5  -4  -4  -6  -5  -5    0  97   0   0   0   0   0   0   0   0   0   0   0   0   0   0   0   0   0   0  2.47 0.71
   94 E     0   0  -2  -2   0   3   3  -2  -2  -2  -1   2  -2  -4  -3   2   0  -4  -3  -3    4   3   0   0   2  13  25   2   0   2   8  14   0   0   0  21   6   0   0   0  0.40 0.25
   95 E    -1   2   0  -1  -4   3   3  -3   0  -3  -2   4  -1  -4  -1   0  -1  -4  -3  -3    3   9   3   1   0  17  18   0   2   1   4  31   1   0   3   5   3   0   0   1  0.50 0.26
   96 V    -1   1  -1  -2  -3   3   1  -2  -2   0  -1   1  -1   0  -3   0  -1  -2   3   2    3   6   2   1   0  15   8   3   0   5   5  12   1   3   0   6   1   0  12  18  0.17 0.16
   97 I     1  -4  -5  -5  -3  -4  -4  -4  -4   4   0  -4   0   3  -4  -3  -2  -3   3   4   13   0   0   0   0   0   0   0   0  23   5   0   1  13   0   0   0   0   9  36  0.68 0.31
   98 D     0   2   1   5  -4  -2  -1  -2  -1  -2   0  -2  -3  -4  -3   0  -1  -1  -2  -3   11  16   5  39   0   0   2   2   2   2  12   0   0   0   0   6   2   1   2   0  0.48 0.26
   99 F    -3  -6  -6  -6  -5  -6  -6  -6  -4  -3  -1  -6  -3   9  -4  -5  -3  -2   3  -2    3   0   0   0   0   0   0   0   0   0   4   0   0  83   1   0   1   0   7   2  2.15 0.62
  100 S     0  -3  -1  -3  -3  -3  -3   1   0  -4  -3  -3  -1  -5  -3   5   4  -5  -4  -3    6   0   2   0   0   0   0   9   2   0   2   0   2   0   0  49  29   0   0   0  0.86 0.41
  101 K    -2   1  -1   2  -3   1   0  -2   1  -1   0   2  -2  -2   2  -1   1  -4  -3  -1    0   8   0  12   0   6   6   2   5   5   9  16   0   1  13   2  11   0   0   5  0.21 0.15
  102 P     0  -2  -4  -4  -5  -4  -4  -2  -5  -5  -5  -1  -5  -6   8  -1  -1  -6  -2   0    6   2   0   0   0   0   0   2   0   0   0   4   0   0  71   5   3   0   2   6  1.79 0.54
  103 F    -5  -5  -2  -6  -5  -5  -5  -6   1   0  -2  -5  -3   5  -6  -5  -5  -1   8  -4    0   0   2   0   0   0   0   0   2   5   3   0   0  22   0   0   0   0  65   0  1.96 0.60
  104 M    -1  -3  -1  -2  -3  -2  -3  -2  -2   0   1  -1   4   2  -4  -1   1  -2   4   0    4   0   3   1   0   1   0   3   0   4  14   4  14  11   0   4   8   0  19   8  0.28 0.19
  105 S     0   0  -1   1  -3   1   2  -2  -2  -2  -1   0  -1  -2   0   2   1  -3   2  -1    7   4   0   8   0   5  20   2   0   2   4   3   1   0   4  17   7   0  11   4  0.20 0.16
  106 L     0  -2   0   0  -2   0  -1  -2  -1   0   0  -2   1  -2  -3   1   2  -3   0   2    8   0   3   4   0   3   4   1   1   3   9   1   5   0   0  15  19   0   4  21  0.18 0.16
  107 G    -1  -1   0  -1  -4   0  -1   4   0  -3  -4  -1  -2  -4  -1   2   1  -4  -2  -2    1   2   4   3   0   4   2  40   2   1   1   2   1   0   3  21  10   0   1   2  0.51 0.25
  108 I    -1  -2  -1  -3  -3   3  -1  -2  -2   3   0  -1   1  -3   2  -1   0  -4  -3   1    5   0   3   0   0  18   3   3   1  25   8   2   5   0  12   3   5   0   0   9  0.28 0.20
  109 S     0   0  -2  -1  -3   3  -1   2  -2  -1  -1   0   1  -2  -3   1   1  -3   0   0    5   5   0   1   0  19   2  15   0   2   5   5   4   1   0  15   8   0   3  10  0.18 0.16
  110 I    -1  -4  -5  -5  -3  -4  -4  -5  -4   4   2  -4   2   1  -4  -3   0  -4  -2   4    3   0   0   0   0   0   0   0   0  28  23   0   5   5   0   0   5   0   1  30  0.67 0.28
  111 M     1  -1  -2  -3  -2  -1  -2  -3  -2   2   1   1   2   2  -2  -1   1  -2  -1   1   12   0   0   0   0   0   0   0   0  12  13  12  12  12   0   0  12   0   0  12  0.14 0.09
  112 I     0  -3  -3  -3   1   0  -1  -4   0   1   0  -3   1   0  -3  -1   0  -3   2   4    7   0   0   0   3   4   5   0   3   7   9   0   3   3   0   3   7   0   9  37  0.29 0.22
  113 K    -1   3  -2  -2  -4   2   0  -1   0  -1  -2   3   2  -1   0   0   0  -4  -3  -1    5  21   0   0   0   9   3   4   3   3   3  22   7   2   5   5   5   0   0   3  0.27 0.20
  114 K    -1   2   1  -2  -4   2   0  -1  -2  -1   0   3   3  -3  -3   0  -1  -4  -2  -1    5  12   9   0   0   8   4   3   0   2   9  26  12   0   0   5   2   0   1   2  0.31 0.25
  115 G    -2   0   2   4  -4   1   1   3  -2  -4  -3   0  -3  -4  -1   0  -1  -5  -4  -2    0   5   9  24   0   6  10  23   0   0   2   4   0   0   3   8   4   0   0   3  0.44 0.26
  116 T    -1   0   2   3  -3   0   0   0   0  -2  -2   0  -3  -4  -1   3   1  -4  -3  -2    4   5  13  16   0   3   3   5   2   3   2   5   0   0   3  26   8   0   0   3  0.30 0.22
  117 P     0   1   1   0  -3  -1   0  -1  -2  -2  -1   1  -2  -3   3   1   1   2  -2   0    5   9   7   6   0   0   4   4   0   0   5   7   0   0  17  13   9   4   0   8  0.22 0.15
  118 I     0   1   0  -2  -2  -2  -2  -2  -2   2   0   0   1   0   1   0  -1  -2   1   1   11   9   6   0   0   0   0   1   0  19   6   4   5   5   6   6   0   0   6  14  0.10 0.13
  119 E    -1   1   0   0  -3   2   1  -2   2  -3  -3   2  -2  -3   3   0   0  -3  -2  -2    4   8   4   4   0  10  11   1   6   0   1  19   0   0  17   7   5   0   0   3  0.36 0.20
  120 S     0   1   0   0  -3  -1   0   0   1  -3  -3   0  -2  -1   0   3   3  -3  -2  -1    4  10   2   5   0   0   4   6   4   0   1   3   0   3   3  23  28   0   0   3  0.31 0.26
  121 A     0   0   0   0  -2   1  -1  -2  -2   1   1  -1   2   0   2  -1   0  -2   0   0    8   4   4   8   0   7   2   0   0  10  13   2   7   6  11   4   3   0   3   8  0.08 0.09
  122 E     1  -1   0   3  -3   1   3   0  -2  -2  -2   1  -2  -4   0  -1  -1  -4  -3  -3   15   2   3  17   0   6  23   8   0   3   4   9   0   0   4   1   2   0   0   1  0.31 0.22
  123 D    -3  -3   1   6  -4   0  -1  -1  -3  -4  -4   0  -4  -5  -2   1   0  -5  -4  -4    1   0   5  60   0   3   0   4   0   0   2   5   0   0   2  11   5   0   0   0  1.09 0.50
  124 L    -2  -4  -2  -5  -4  -4  -5  -5  -1   1   5  -4   1  -1  -5  -3  -3   2  -3   0    4   0   2   0   0   0   0   0   2   4  73   0   2   1   0   2   0   2   0   6  1.02 0.51
  125 A     1   1  -1  -2  -3  -1  -1   1   0  -1   0   3  -2  -3  -2   0   0  -3  -2  -1   17   8   1   1   0   1   2  14   2   4  11  23   0   0   0   4   4   0   1   5  0.18 0.19
  126 K    -1   0   1   0  -4   1   0   2  -2  -3  -3   4  -1  -4  -1  -1   0  -4  -3  -2    2   4   7   5   0   7   4  20   0   0   2  32   1   0   2   3   6   0   0   3  0.38 0.27
  127 Q    -2   1  -2  -1  -4   4  -1   1   1  -2  -1   3   0  -3  -3   0  -1  -3  -2  -2    1   7   0   3   0  26   1  10   4   3   5  24   2   0   1   6   2   0   1   3  0.40 0.29
  128 T    -1   2   1   0  -2  -1  -1  -1  -2   1   0   0  -1  -2   0   0   2  -3  -1   0    3  12  10   5   0   0   1   4   0   8   7   7   1   0   3   7  19   0   2   9  0.12 0.15
  129 E     0   0   0   1  -2   0   1   1  -1   0  -2   1   0  -3   0   0   0  -3  -2   1    8   3   2  10   0   3   8  11   2   5   1  12   4   0   4   7   6   0   0  13  0.09 0.10
  130 I     0  -3  -3  -2  -2  -2  -1  -2  -3   3   1  -3   2  -1  -3  -2  -1  -3  -1   3    7   1   1   3   0   2   3   3   0  21  12   1   7   2   1   1   3   0   2  31  0.35 0.23
  131 A     0  -1   0   1  -2   1   1   2  -2  -1   0   0  -1  -2   1   0   0  -3  -2  -1    9   1   5   6   0   8  12  15   0   4  10   5   0   1   7   3   7   0   1   5  0.11 0.10
  132 Y    -1  -2   1  -2  -2  -1  -2  -1  -1   1   0   0  -1   3  -2   0  -1  -1   4   0    5   1   9   1   0   3   1   4   0  10  10   8   0  14   1   9   1   0  16   5  0.17 0.15
  133 G     2  -3  -1  -2   0   1  -2   5  -3  -1  -2  -2  -2  -2  -3  -1  -1  -3  -3  -1   16   1   2   1   2   8   1  44   0   3   5   1   0   2   1   4   3   0   1   5  0.53 0.29
  134 T     1  -3  -2  -3  -2  -1  -2  -3  -1   0  -2  -2  -1  -1  -1   2   5  -3  -1   1   12   1   1   1   0   3   1   1   2   4   1   1   1   2   3  13  39   0   2  13  0.47 0.34
  135 L    -1  -2   0  -3  -2   0  -2  -2  -1   1   1  -2  -1  -1  -3   0   1  -3   0   3    2   1   4   1   0   6   1   3   2   7  16   1   0   2   1   8  10   0   3  31  0.23 0.21
  136 D    -1   1   1   0  -2   1   0  -1   2  -1   0   1  -1  -2   1   0   0   1  -2   0    4   7   8   5   0   8   4   2   8   2   9  10   1   0   6   8   6   2   0   9  0.09 0.10
  137 S     1  -2   1   2  -3   0   0   3  -2  -3  -3  -2  -2  -1  -1   0  -1  -3   0  -1   12   1   9  12   0   6   6  27   0   1   2   1   0   3   3   7   3   0   3   5  0.27 0.19
  138 G     1  -3  -2   1  -3   0  -1   4  -3  -2  -4  -1  -1  -4  -3   3   0  -4  -4  -2   10   0   0   7   0   4   3  31   0   2   0   2   2   0   0  30   4   0   0   2  0.53 0.35
  139 S     1  -1   1  -1  -3   0   0  -2   2  -3  -3  -2  -3   1  -3   4   2  -3   1  -3   10   2   6   2   0   4   5   2   5   0   2   0   0   6   0  32  17   0   5   0  0.38 0.32
  140 T     0  -1   0  -3  -3   0  -2  -3   2   0  -1  -2  -2   1   1  -1   4   0   1   1    8   3   4   0   0   5   0   0   6   4   5   0   0   7   7   2  32   1   5   9  0.30 0.28
  141 K     2  -1  -1  -1  -3   1   2   0   1  -1  -1   0   1   0  -2   0  -2  -1   0  -1   20   2   2   2   0   6  17   7   3   3   7   7   4   6   0   5   0   1   4   3  0.12 0.16
  142 E     0   1   0   1  -4   3   4  -2  -2  -2  -3   1  -1  -4  -3  -1   1  -4  -2  -3    7   6   5   8   0  13  32   1   0   2   2   8   1   0   0   2  10   0   1   0  0.44 0.31
  143 F    -1   0   1  -1  -3   1  -1  -3   2  -2   0   1  -2   3  -1  -1   0   2   3  -2    4   5   9   3   0   8   2   1   5   2  10  11   0  15   2   1   5   3  13   2  0.20 0.19
  144 F    -1  -2  -3  -4  -3  -1  -3  -2   0   1   2  -1  -1   4  -4  -1  -1   2   4   0    3   2   0   0   0   3   0   3   2   7  19   4   0  22   0   5   4   3  16   6  0.37 0.25
  145 R    -1   3   0  -1  -4   1   1  -2  -2  -2   1   3   0  -3   1  -1  -1  -4  -3  -3    3  20   5   2   0   5   8   2   0   2  14  22   2   0   8   2   2   0   0   0  0.32 0.25
  146 R     0   2   2   0  -4   2   2  -2   0  -2  -2   2   1  -3  -3  -1   0  -3   0  -3    9  10  13   5   0   8  16   2   1   3   3  14   6   0   0   3   4   0   5   0  0.25 0.22
  147 S     1  -2   1   0  -3   0   0  -2   1  -2  -1   1  -1  -3  -1   3   0  -4  -1  -1   13   0   8   5   0   2   4   0   3   1   6  10   1   0   2  32   4   0   2   5  0.26 0.26
  148 K    -1   0  -1   1  -3   1   1   0   0  -1   0   3  -1  -2   0   0  -1   1  -1  -2    3   4   2   7   0   7   8   8   2   3  13  21   0   1   4   6   2   2   3   2  0.13 0.14
  149 I     0  -1   0  -1  -2   0  -1   1   0   1   1  -1   0   0   1  -1  -1  -2  -1   1   10   2   7   2   0   5   3  13   3  11  14   3   1   4   7   2   3   0   2  10  0.06 0.09
  150 A     0   0   0   1  -2   1   1   0  -2   0  -1   1   0  -3   2   0  -1  -3  -2   0    8   4   6   7   0   7   9   6   0   4   7   9   2   0  10   7   3   0   0  10  0.11 0.10
  151 V     0  -1  -2  -1  -3   1   2  -2   0   1   0   0   1  -2   1   0   1  -3  -1   1    6   2   1   2   0   6  19   2   2   9   7   7   4   0   6   4  11   0   2   9  0.13 0.15
  152 Y    -1  -1  -2  -2  -1  -1  -2  -1   3  -1   0  -1  -2   3   0   0  -1  -1   5  -1    6   4   1   2   1   2   2   5   8   4   7   3   0  11   5   7   4   0  25   4  0.31 0.23
  153 E     0   0  -1   0  -3   2   2  -2   0   0  -2   0  -2  -3   2   1   1  -3  -2   0    6   5   2   5   0   9  17   1   2   6   2   6   0   1   9  12   7   0   0   9  0.18 0.16
  154 K    -2   2   2   1  -3   0   1  -2  -2  -1   0   2   1  -2  -1   0  -1  -3  -1  -2    1  11  10   8   0   4  11   2   0   2  11  19   5   1   2   5   3   0   3   1  0.20 0.18
  155 M     0  -1  -2  -3  -2  -1  -1  -2  -2   2   2  -1   5  -1  -1  -1   1  -3  -2   1    6   4   1   1   0   2   3   3   0  12  16   3  22   2   2   4  10   0   1   6  0.25 0.21
  156 W    -2  -2  -1  -2  -3   0  -2  -2   1  -1  -1   0   0   2  -1  -2  -2   8   4  -1    2   2   3   3   0   5   3   4   4   3   7   5   2   8   3   1   3  24  14   5  0.65 0.31
  157 S     1   3   0  -1  -3   1   2  -2  -2  -1  -1   0  -1  -2  -2   0   0  -3  -2  -1   12  23   4   1   0   5  16   3   0   3   6   3   2   2   1   8   7   0   1   3  0.22 0.19
  158 Y     0   0  -2  -1  -2  -2  -1  -3   1   1   1  -1   3   2  -2  -1   0  -1   4   0    7   5   1   3   0   1   4   1   4   9  11   2   9   9   1   4   6   0  17   5  0.17 0.15
  159 M    -2  -1   0  -2  -2   0  -2  -2  -2   2   0  -1   6  -1   0  -1   0  -2   0   2    2   3   5   1   0   4   2   3   1  10   6   3  27   2   4   4   4   0   4  16  0.33 0.24
  160 K    -1   1   1   2  -2   1   1  -1   0  -2  -2   1  -2  -2   2   1   0  -3  -1  -1    3   6   8  13   0   7  11   2   2   3   3  12   0   1   9   9   4   0   2   4  0.19 0.12
  161 S     0   1   0   1  -2   1   2  -1   0  -2   0   1  -1   0   0   1  -1  -2  -1  -2    7   6   4  10   0   4  14   4   2   1  11   8   0   4   5  14   1   0   2   1  0.12 0.12
  162 A     1   1   2   0  -3   0  -1   3   1  -2  -1   1   0  -1  -2   0  -1  -3  -2  -2   12   8  10   7   0   3   1  26   3   1   6   7   3   3   1   4   4   0   0   2  0.21 0.17
  163 E    -1   0   1   1  -3   3   1  -1   0  -3  -3   0  -1  -3  -2   1   1   1  -2  -1    4   5   7   9   0  18  10   4   3   1   1   4   2   1   1  11  12   3   0   5  0.24 0.21
  164 P     0  -2   1   1  -3   1   0   1   1  -1  -2   0  -2  -1   3   0  -1  -3  -1  -1    8   1   9   8   0   7   5  13   3   4   1   4   0   2  19   6   1   0   2   5  0.24 0.15
  165 S     0   0   1   2  -2  -1   2   0   1  -1  -1   0   0  -2   0   1   0  -3  -2   0    5   5   5  12   0   1  13   6   4   3   6   3   4   1   3  17   5   0   0   6  0.12 0.12
  166 V     0  -1   1   1  -2   0   1   0  -2   1   0   0  -1  -1  -1   0  -1  -3  -2   1   10   2   8   7   0   5  10   6   0   7   7   6   0   3   2   7   1   0   0  18  0.06 0.09
  167 F    -1  -2   0   0   2  -1  -1  -1   0   0   2  -2  -1   2  -1  -1  -1  -1   3   0    3   1   5   5   4   2   3   5   2   3  26   1   0   9   2   5   3   0  13   7  0.14 0.15
  168 T     1  -2  -2   1  -2  -1  -1  -1   0   1   0  -1   0  -1  -1   0   1  -3   0   2   11   1   0   9   0   3   3   4   2   6  10   2   1   2   3   5   8   0   4  24  0.09 0.13
  169 K     0   1   0   2  -3   0   1  -1   0  -3  -2   2  -2  -3   0   1   0  -3  -1  -1    9   7   2  15   0   2  10   4   2   0   3  19   0   0   4  13   3   0   2   4  0.22 0.18
  170 T     1  -2   1   1  -2   0   1  -1  -2  -2  -1  -1  -1  -3  -2   2   2  -4  -3  -1   15   0   8   6   0   2   8   4   0   0   8   2   2   0   0  22  18   0   0   3  0.26 0.23
  171 T     0  -1   1  -2  -2   0  -2  -2  -1   0   1  -1   1  -1  -1   0   2  -2   2   2    6   2  10   0   0   6   0   2   1   2  13   2   3   2   2   6  16   0   9  17  0.13 0.18
  172 A     1  -1   0   2  -3   2   2  -2  -2   0  -1   0  -2  -1   0   0   0  -3  -2  -1   16   2   3  13   0  13  13   0   0   5   7   4   0   4   4   8   4   0   0   3  0.17 0.18
  173 D    -1   0   1   3  -3   1   2   0   1  -2  -1   0  -2  -3  -2   0   0  -3  -2  -1    4   4   5  19   0   6  18   8   4   0   9   6   0   0   0   8   4   0   0   4  0.20 0.14
  174 G     2   0   0  -2  -2  -1  -1   3   1  -2  -1  -1   1   0  -2   0   0  -3  -2  -1   19   6   5   0   0   0   5  29   4   0   6   0   5   4   0   6   5   0   0   5  0.22 0.17
  175 V    -1  -1  -1  -3  -2  -1  -2  -2  -3   4   1  -2   2  -1  -3  -2   0   0  -2   2    3   4   4   1   0   3   3   4   0  27  16   2   7   2   1   1   6   1   0  18  0.26 0.20
  176 A     1   0   1   0  -2   2   1   0  -1  -1   0   0   0  -1  -2  -1   0  -3  -1  -1   16   6   8   6   0  12   8   5   0   3  12   6   3   3   1   2   5   0   2   3  0.08 0.11
  177 R     1   2  -1   2  -3   1   0  -2   0  -2  -1   1   2  -1  -2   0  -1  -3   0  -1   12  15   2  16   0   7   5   1   2   2   4   9   7   3   1   6   1   0   4   3  0.18 0.17
  178 V     1  -3  -3   1   0  -2  -1  -1  -3   1   1  -2  -1  -1  -3  -2  -1  -3  -1   4   11   1   1   9   2   1   3   4   0   6  16   2   0   2   1   1   3   0   2  36  0.27 0.22
  179 R     0   1  -1  -1  -2   1  -1  -2  -1   0   0   2   1   1   0  -1   1  -2   1   0    9   9   1   2   0   6   2   2   1   7  11  14   4   6   4   1   9   0   5   5  0.06 0.09
  180 K     0  -1   2   1  -2   1   0  -2   0  -1  -1   0  -1   0   1   0   1  -2   0  -1   10   2  11   7   0  10   4   1   2   3   8   6   1   5   7   8  11   0   3   3  0.10 0.10
  181 S     1  -2   1   1  -2  -1  -1   3  -1  -1  -2   0  -2  -2   0   2   0  -3  -1  -2   12   1   8   9   0   1   4  22   1   3   3   4   0   2   5  17   4   0   3   1  0.22 0.16
  182 K    -1   2   2   1  -3   0   0   0  -2  -2  -2   3   0  -1   0   0  -1  -1  -2  -1    3  11  11   7   0   3   5   9   0   1   3  22   3   2   4   4   3   1   0   7  0.18 0.15
  183 G     1   1   0  -2  -2  -1  -1   3  -2   0  -1  -1  -1   0  -1   0  -1   1   0   0   17   9   4   1   0   1   4  24   0   6   7   2   0   3   2   3   3   2   4   7  0.14 0.13
  184 K    -1   1   1   3  -3   0   0   0   0  -2  -2   1  -2  -2   0   0   0  -3   1  -1    5   8   6  21   0   2   6   7   1   2   4   9   0   0   5   7   4   0   6   6  0.17 0.15
  185 F     1  -3  -3   0  -3  -3  -1  -2  -1   2   1  -3   0   1  -3  -2  -2  -2   4   2   13   0   0   6   0   0   3   3   1  15  11   0   2   5   0   1   0   0  18  18  0.29 0.24
  186 A     4  -3  -3   1  -3   0  -2  -1  -1  -1  -1  -1  -2  -3  -3   0   1  -4  -1  -1   50   0   0   8   0   4   0   3   2   3   7   3   0   0   0   6   7   0   2   4  0.45 0.34
  187 F     2  -3  -3  -4  -3  -1  -3  -3  -3   1   0  -3  -2   6  -3  -1  -1  -2   3   0   19   0   0   1   0   3   1   1   0   6   5   1   0  37   1   3   4   0   9   8  0.60 0.34
  188 L     0  -3  -1  -1  -2  -1  -3   0  -3   3   3  -3   0   1  -3  -1   0  -3  -2   1    7   0   3   3   0   3   0   9   0  18  29   0   1   5   0   2   7   0   0  11  0.23 0.20
  189 L     0  -2  -1   1  -3  -1  -1   0  -2   0   1  -1   3   0  -3  -2   0   3   0   1    8   0   2  12   0   3   3   8   0   2  18   3  11   4   0   1   5   4   3  12  0.12 0.15
  190 E     1  -1  -1   4  -3   1   2  -1  -1  -3  -1   0   0  -4  -1  -1  -1  -4  -3  -2   15   3   2  29   0   6  17   3   1   0   6   4   2   0   2   4   3   0   0   3  0.37 0.25
  191 S     1  -1  -1   3  -3  -1   1  -1  -2  -1  -1   0  -2  -3   1   2  -1  -4  -3  -1   16   3   0  19   0   0  11   2   0   5   6   7   0   0   7  16   0   0   0   5  0.24 0.20
  192 T     2   1  -1  -2  -2  -1  -1  -1  -1  -1  -1  -2  -2  -2   0   1   2  -3   0   1   19   7   2   0   0   2   2   3   1   2   5   0   0   0   5  14  16   0   5  15  0.17 0.19
  193 M     1  -1  -1  -1   0  -1  -1  -1  -2   0   0  -1   1   0   2   0   0  -2   0   2   13   3   2   4   3   2   3   5   0   3   7   2   4   4  10   5   7   0   4  19  0.08 0.10
  194 N     1  -2   2  -1  -2   1   0  -2  -2   1   1   0  -1  -1   0   0   0  -2   2  -1   13   0  11   2   0   6   5   2   0   8  21   7   0   0   4   7   3   0   9   2  0.09 0.15
  195 E     0   0   2   3  -3   0   3  -1  -2  -1  -1   0  -2  -3  -3  -1  -2  -3   0   0    8   4  11  18   0   3  21   3   0   4   5   5   0   0   0   2   0   0   5  11  0.24 0.20
  196 Y     0   0  -3  -1  -4  -3  -1  -2   1  -2   0  -1   0   2  -4  -2  -3   2   6  -1    8   6   0   4   0   0   5   3   3   2   9   3   2   7   0   3   0   3  36   5  0.56 0.35
  197 I     1  -2   0  -2  -2   1  -1  -1  -2   1   2  -1   1   0  -1  -1  -1  -2   0   2   12   0   5   2   0   7   3   4   0   8  22   2   2   5   2   3   2   0   3  16  0.11 0.13
  198 E     0   0   1  -1  -2   0  -1  -1   0   1   1   1   0   2  -1   0   0  -2  -1   0    6   3   7   1   0   4   4   3   2  13  13  12   3  13   2   6   4   0   0   3  0.06 0.11
  199 Q     0   1   0  -1  -3   2   0  -1  -2   0   1   1   0  -3  -2   0   1  -3  -2   0    8   8   4   2   0  15   3   5   0   6  13  10   2   0   0   6  10   0   0   5  0.12 0.15
  200 R     0   3   1   0  -3   0  -1   0   0  -1  -2   1  -2   0  -3   0  -1  -3   1  -3    6  23   9   5   0   4   3   9   2   4   3  10   0   5   0   9   2   0   6   0  0.21 0.19
  201 K    -1   0   0   1  -3   1   0  -1   2  -1  -2   2  -2   0   2   0   0  -3   0  -2    3   3   5  10   0   7   5   5   7   4   2  14   0   6  11   5   5   0   4   3  0.17 0.14
  202 P    -1  -1   2   1  -1  -1   0  -1   3  -3  -3  -1  -3  -1   4   0   0  -3   1  -1    3   2  13   8   1   2   7   4   7   0   2   3   0   3  23   4   5   0   6   5  0.36 0.24
  203 C     0  -3   1   0   6  -2  -1   0  -1  -1  -1  -2   0  -1   1   0  -1  -3  -1   0    5   1   7   7  24   1   4   8   2   2   6   2   2   3   8   9   2   0   2   7  0.34 0.22
  204 D    -1   0   2   3  -4   1   2   0  -2  -3  -4   3   0  -4   0   0  -2  -4  -3  -2    6   5  13  17   0   4  11   7   0   0   1  19   3   0   5   5   0   0   0   3  0.34 0.24
  205 T    -2   0  -3  -2  -3  -1  -1  -1  -3   0   3   0   1   2  -3  -1   1   1   1   0    2   4   0   2   0   3   3   5   0   5  31   5   3  11   0   2  11   2   4   4  0.19 0.19
  206 M     1   0  -2  -1  -3   0   1  -2   1   0   0   2   1   0  -2  -1   0  -2   1   1   12   5   0   3   0   4   8   2   3   4  10  14   4   4   0   2   5   0   7  11  0.08 0.12
  207 K     1   0  -2   0  -3   0  -2  -3  -3   2   0   2   1   0  -3  -1   2  -3  -1   1   12   5   0   5   0   3   0   0   0  16   6  15   3   5   0   2  13   0   2   9  0.15 0.18
  208 V     2  -1  -3  -1  -3  -3  -3  -3  -4   2   0  -1   2   2  -3  -1  -1  -3  -2   4   17   3   0   3   0   0   0   0   0  11   7   4   5   9   0   3   3   0   0  32  0.36 0.28
  209 G    -1  -2  -1   1  -4  -2   1   4  -3  -3  -3  -2  -1   2   2  -1  -1  -3   0  -1    4   2   3   8   0   0   9  36   0   1   1   0   2  10   9   3   3   0   3   4  0.40 0.26
  210 G    -1   0   1   2  -4   2   3   1  -2  -4  -3   1  -3  -1  -1  -1  -1  -4  -3  -3    3   4   8  12   0  10  25  13   0   0   2   7   0   3   3   3   4   0   0   0  0.35 0.24
  211 N    -1  -1   1   1   0  -1   1  -1  -2   0   0   0  -1  -3   3   0   0  -4  -3   1    2   3   8   8   2   0  12   4   0   4   8   6   1   0  18   5   7   0   0  12  0.20 0.15
  212 L    -2  -3  -3  -4  -3   0  -2  -2  -3   2   2  -1  -1   5  -3  -2   1  -2   1   0    3   0   0   0   0   4   2   3   0  11  20   3   0  27   0   2  13   0   3   7  0.38 0.26
  213 D     1  -1   1   1  -3   0   1   0   0  -2  -2   0  -1   1   0   0   1   0  -2  -1   14   2   8  10   0   2  12   5   2   0   3   7   1   8   4   7  12   2   0   3  0.13 0.13
  214 S     0   0   0   2  -3   0   1   1  -1  -2  -2   0  -2  -3   2   1   1  -3  -1  -1    7   6   2  13   0   3   8  11   1   1   3   5   0   0   9  10  13   0   2   4  0.17 0.13
  215 K    -1   1   0   1  -2   3   3  -2  -2  -2  -2   2  -1  -1  -1   0   0  -4  -3  -2    3   7   3   6   1  14  22   2   0   3   2  15   2   3   2   5   7   0   0   2  0.28 0.22
  216 G    -1   0  -2  -1  -4   2   0   5  -1  -4  -4  -1  -4  -4   2   0  -3   1  -1  -2    3   5   0   2   0  13   5  42   1   0   0   2   0   0  12   7   0   2   2   2  0.63 0.35
  217 Y    -2  -4  -2  -5   0  -4  -5  -3  -3   0  -1  -4  -3   3  -5  -2   0   8   6   0    2   0   2   0   2   0   0   2   0   6   6   0   0  12   0   2   5  21  30   7  1.07 0.49
  218 G     3  -4  -3  -4  -4  -4  -4   5  -4  -4  -3  -4  -4   1  -4  -1  -2  -4   1  -3   29   0   0   0   0   0   0  52   0   0   2   0   0   5   0   2   2   0   5   2  1.05 0.52
  219 V    -4  -5  -6  -6   1  -5  -5  -6  -5   4   0  -5   3   5  -6  -5  -3   5   0   3    0   0   0   0   3   0   0   0   0  28   4   0   7  28   0   0   0   8   2  22  1.04 0.50
  220 A     4  -2  -2  -1  -3  -2  -3   2  -4  -3  -2  -3   2  -1  -1  -1  -1  -4  -1  -1   47   1   2   3   0   1   0  18   0   0   2   0   8   3   3   2   4   0   2   4  0.54 0.39
  221 T    -1  -2  -1  -4  -3  -1  -3  -4  -3   0   2   0   1   5   0  -2   1  -3  -1   1    6   1   4   0   0   3   0   0   0   2  18   6   4  29   5   1  11   0   0   9  0.37 0.29
  222 P     0   3   0  -1  -4   2  -1   0   0  -4  -2   1  -3  -5   4   0  -1  -5  -4  -4    7  21   4   2   0  10   3   8   3   0   4   9   0   0  23   5   3   0   0   0  0.52 0.32
  223 K    -3   2  -1  -1  -5   1   0  -4   1   0  -2   5  -1  -3   0  -1  -2  -5  -4  -3    0  11   2   3   0   6   6   0   3   6   3  46   1   1   4   4   2   0   0   1  0.64 0.40
  224 G    -2  -4   2   5  -5  -3   1   4  -3  -6  -6  -2  -5  -6  -4  -1  -3  -6  -5  -5    2   0  10  40   0   0   8  37   0   0   0   1   0   0   0   3   0   0   0   0  1.12 0.47
  225 S    -1   0   2   4  -4   0  -1  -2  -3  -5  -5  -1  -4  -5  -4   5  -2  -6  -4  -5    3   5  10  26   0   5   2   2   0   0   0   2   0   0   0  46   0   0   0   0  0.86 0.45
  226 A     1  -2  -2   0  -4  -1   1  -2  -1  -4  -4  -1  -4  -5   5   2  -1  -5  -4  -1   15   1   0   6   0   3  11   2   2   0   0   2   0   0  33  19   3   0   0   4  0.70 0.34
  227 L    -3  -5  -6  -6  -4  -4  -3  -4  -5   0   5  -5  -1   1  -5  -5  -3   5   2  -1    1   0   0   0   0   0   2   1   0   2  71   0   0   5   0   0   1   8   6   1  1.13 0.49
  228 G     1   2  -2  -3  -3   0  -1  -2  -2   0   0   2   0  -1  -3   0   1  -3   2   1   11  15   0   0   0   5   2   2   0   5  10  15   2   1   0   4  11   0   8  11  0.15 0.16
  229 T     2   0   1   3  -3   0   1  -2  -2   0  -2   2  -2  -4  -1   0   0  -4  -3  -1   20   4   7  21   0   4   7   2   0   6   3  13   0   0   2   5   4   0   0   3  0.24 0.18
  230 P     1  -1   0   3  -4   2   2  -3  -1  -1  -1   3  -1  -3   0  -1  -2  -4  -1  -2   15   1   3  17   0   9  13   0   1   5   7  20   1   0   4   3   0   0   2   1  0.27 0.22
  231 V    -1  -4  -5  -5  -3  -4  -5  -5  -4   4   2  -4   3   3  -5  -4  -2  -3  -2   3    4   0   0   0   0   0   0   0   0  28  21   0  10  15   0   0   1   0   0  20  0.72 0.34
  232 N    -3  -3   6   3  -4   0  -1  -3  -3   0  -2  -3  -4  -5  -4   3   0  -6  -4  -4    0   0  38  19   0   4   2   0   0   7   3   0   0   0   0  24   4   0   0   0  0.84 0.44
  233 L     1   2  -1   2  -3   1   2  -2  -2  -1   0   2  -2  -3  -3   0   0  -4  -3  -2   13  11   2  12   0   7  12   1   0   5  10  17   0   1   0   4   5   0   0   1  0.21 0.17
  234 A     5  -2  -4  -4  -3  -2  -2  -1  -3  -3  -2  -3   0   4  -4  -1  -1   1   1  -2   56   2   0   0   0   2   2   3   0   0   2   0   2  18   0   3   3   2   4   1  0.72 0.41
  235 V    -3  -5  -5  -5  -3  -5  -5  -6  -5   5   3  -5  -1   3  -5  -4  -3  -3  -1   2    0   0   0   0   0   0   0   0   0  44  29   0   0  16   0   0   0   0   2   9  0.97 0.41
  236 L     1  -2  -2   1  -3   0   0   0  -3  -2   3   1  -1  -3  -3   0  -1  -4  -3  -2   11   0   0  11   0   3   8   8   0   0  39  13   0   0   0   5   4   0   0   0  0.27 0.25
  237 K     0   1   1   0  -5   3   4  -2  -2  -4  -3   3  -3  -4  -3  -2   0  -4  -1  -4    7   7   6   4   0  16  30   1   0   0   2  20   0   0   0   0   5   0   3   0  0.57 0.33
  238 L     0  -2  -4  -5  -3  -2  -4  -4  -1   2   3  -3   4   0  -4  -1  -2  -3  -1   2    8   2   0   0   0   1   0   0   2  14  38   0  12   4   0   5   0   0   2  12  0.48 0.27
  239 S    -1   3   0  -2  -4   3   0  -3   1  -1  -2   3  -2   0  -3   1   0  -4   0  -2    4  17   2   0   0  15   6   0   4   4   2  21   0   4   0   9   6   0   2   3  0.31 0.22
  240 E     1  -1   0   1  -4   3   4  -1  -2  -4  -4   2  -1  -5  -3   1   0  -5  -4  -4   12   2   3   6   0  14  32   4   0   0   0  13   2   0   0   9   4   0   0   0  0.52 0.31
  241 Q    -2  -2   4   4  -4  -1   1  -1  -1  -4  -4  -1  -4  -5  -3   2   1  -5  -4  -4    1   1  22  30   0   2   8   4   1   0   1   2   0   0   0  19   8   0   0   0  0.69 0.35
  242 G    -3  -2   0   0  -5  -4  -2   7  -4  -6  -6  -4  -5  -6  -2  -3  -4  -5  -6  -6    0   2   4   6   0   0   3  82   0   0   0   0   0   0   2   0   0   0   0   0  1.71 0.60
  243 I    -1   0  -1   1  -3   0   3  -3  -2  -1  -1   1  -1   0  -3   0   3  -4  -1   0    5   3   1   6   0   3  22   0   0   3   5   9   1   5   0   4  27   0   2   6  0.28 0.23
  244 L    -1  -4  -5  -5  -3  -4  -5  -5  -4   3   4  -4   4   1  -5  -4  -2  -3   3   0    5   0   0   0   0   0   0   0   0  15  49   0  12   5   0   0   2   0  11   2  0.79 0.38
  245 D     1  -2   0   3  -4   4   3  -3   0  -4  -4   2  -2  -5  -3  -1  -1  -5  -4  -3   16   0   2  19   0  22  18   0   2   0   1  14   1   0   0   1   3   0   0   1  0.58 0.34
  246 K     0   3  -2   0  -4   1   1  -3   1  -1  -2   4   0  -3  -3   0   0  -4   0  -2    8  16   0   4   0   6   9   0   4   3   2  31   2   0   0   6   5   0   3   2  0.38 0.25
  247 L    -2  -5  -6  -6  -4  -5  -5  -6  -5   4   5  -5   2  -2  -5  -5  -3   2  -3  -1    2   0   0   0   0   0   0   0   0  27  62   0   5   0   0   0   0   3   0   0  1.18 0.48
  248 K    -1   1  -1   0  -4  -1   3  -3   2   0  -3   2   0  -1  -3   1  -1  -3   1  -3    5   6   2   5   0   0  24   0   5   6   0  18   2   3   0  14   3   0   7   0  0.29 0.22
  249 N    -1   1   3   3  -4   1   3  -3   0  -3  -2   3  -3  -4  -3  -1  -1  -5  -4  -3    4   5  16  18   0   4  21   0   2   1   3  20   0   0   0   3   2   0   0   2  0.48 0.27
  250 K    -1   3  -3  -3  -5   1  -1  -4  -3  -4  -2   6  -3  -5  -4  -2  -1  -5  -4  -3    3  13   0   0   0   6   2   0   0   0   3  66   0   0   0   0   4   0   0   1  1.16 0.49
  251 W    -6  -6  -7  -7  -6  -5  -6  -6  -1  -3  -5  -6  -5   1  -7  -6  -4  11   6  -6    0   0   0   0   0   0   0   0   2   1   0   0   0   4   0   0   1  67  25   0  3.23 0.86
  252 W    -5  -5  -6  -6  -5  -5  -5  -6  -3   0   0  -5  -3   7  -6  -5  -4   8   5  -3    0   0   0   0   0   0   0   0   0   4   6   0   0  48   0   0   0  25  17   0  1.77 0.51
  253 Y    -1   0  -1  -2  -3   0  -1   2  -2  -2  -1   2   0   1   3  -1   0  -2   2  -1    4   5   2   0   0   5   0  21   0   0   4  17   3   8  14   0   5   0   8   3  0.22 0.11
  254 D    -2   1   2   3  -4   0   1   1   4  -4  -4   3  -3  -3  -3  -1  -2  -4   0  -4    0   9  13  17   0   3   5  12  17   0   0  21   0   0   0   0   0   0   3   0  0.46 0.17
  255 K    -2   2   1   2  -3   0   1  -1  -1  -1  -1   2   0   0  -1  -1  -1  -3   0  -1    0  13   8  15   0   2  13   3   0   5   6  16   2   5   2   1   0   0   4   4  0.15 0.08
  256 G    -1  -2   1  -2  -4   1   0   5   2  -4  -4   0  -3  -4  -3   0  -1  -4  -3  -4    0   0   9   0   0   8   5  61   5   0   0   7   0   0   0   3   2   0   0   0  0.77 0.19
  257 E    -2   1   1   3  -4   3   4  -3   3  -4  -4   1  -3  -4   0  -1  -2  -4  -2  -3    0   7   4  17   0  16  40   0   9   0   0   4   0   0   4   0   0   0   0   0  0.58 0.13
  258 C    -2  -5  -4  -5  11  -4  -5  -4  -4  -3  -3  -5  -3  -4  -4  -2  -2  -4  -4  -2    0   0   0   0 100   0   0   0   0   0   0   0   0   0   0   0   0   0   0   0  2.45 0.30

                      K         Lambda
Standard Ungapped    0.1338     0.3156
Standard Gapped      0.0414     0.2670
PSI Ungapped         0.1353     0.3178
PSI Gapped           0.0414     0.2670
