
Last position-specific scoring matrix computed, weighted observed percentages rounded down, information per position, and relative weight of gapless real matches to pseudocounts
            A   R   N   D   C   Q   E   G   H   I   L   K   M   F   P   S   T   W   Y   V   A   R   N   D   C   Q   E   G   H   I   L   K   M   F   P   S   T   W   Y   V
    1 K    -3   1  -2  -3  -5   0   2  -4  -3  -5  -5   7  -4  -5  -3  -2  -3  -5  -4  -5    0   4   0   0   0   2  10   0   0   0   0  84   0   0   0   0   0   0   0   0  1.46 0.45
    2 P    -3  -2  -4  -4  -5  -2  -2  -4  -4  -1  -1   4  -3  -3   6  -2  -3   0  -4  -3    0   0   0   0   0   1   1   0   0   5   6  33   0   1  49   1   0   2   0   1  1.27 0.43
    3 I    -4   6  -3  -4  -5  -3  -3  -5  -4   1  -1  -1  -3   3  -5  -2   2  -4  -2   1    0  46   1   0   0   0   0   0   0  10   4   2   0  11   0   2  14   0   1   9  0.81 0.42
    4 V     0  -5  -6  -6   0  -5  -5  -4  -5   4   2  -5  -1  -1  -5  -4  -3  -5  -3   5    9   0   0   0   2   0   0   1   0  22  18   0   1   3   0   0   0   0   1  43  0.87 0.41
    5 F    -5  -4  -5  -6  -6  -4  -5  -6  -3  -2   1   3   1   3  -6  -5  -5  -2   7  -1    0   0   0   0   0   0   0   0   0   2  15  20   3  11   0   0   0   0  44   4  1.30 0.60
    6 S     1  -4  -2  -2   1  -3  -3  -4  -4   2   1  -3  -2  -4  -4   3   4   4  -3  -1   10   0   1   3   3   0   0   0   0  12  12   0   0   0   0  24  25   5   0   4  0.49 0.36
    7 G    -3  -7  -5  -6  -7  -6  -6   8  -6  -8  -8  -6  -3  -7  -6  -4  -6  -7  -7  -7    2   0   0   0   0   0   0  98   0   0   0   0   1   0   0   0   0   0   0   0  2.64 0.92
    8 A    -1   1  -4  -1  -2  -4  -4  -5  -4   3   0  -4   2   5  -5  -3   0  -3   2   1    4  10   0   3   1   0   0   0   0  19   5   0   5  27   0   1   6   0   8  12  0.58 0.34
    9 Q     0   0  -3   5  -6   4   3   1  -3  -5  -5  -2   2  -6  -4  -3  -1  -6  -5  -5    8   5   0  30   0  20  18   9   0   0   0   1   6   0   0   0   3   0   0   0  0.80 0.46
   10 P    -3  -7  -6  -6  -3  -6  -6  -7  -7   0  -7  -6  -7  -8   9  -4   0  -8  -7  -6    1   0   0   0   1   0   0   0   0   5   0   0   0   0  86   1   6   0   0   0  2.76 1.02
   11 S    -3  -5  -4  -5  -5  -4  -5  -5  -5  -5  -4  -5  -5  -6  -5   5   6  -7  -6  -5    0   0   0   0   0   0   0   0   0   0   1   0   0   0   0  47  51   0   0   0  1.79 0.85
   12 G     2  -6  -3  -5  -5  -5  -4   6  -5  -7  -5  -5  -6  -6  -1   0  -4  -1  -6  -6   19   0   1   0   0   0   1  66   0   0   1   0   0   0   3   8   0   1   0   0  1.51 0.66
   13 E    -2   1   1   4  -3   0   1  -3  -2  -1  -2   2  -3  -2   0   0  -1  -4   1  -2    2   6   5  28   0   2  10   1   1   4   3  14   0   2   5   8   2   0   5   2  0.35 0.26
   14 L    -3  -5  -6  -6  -4  -3  -5  -6  -5   4   4  -5   4   0   2  -5  -4  -5  -3   0    1   0   0   0   0   1   0   0   0  23  41   0  12   4  12   0   0   0   1   5  0.96 0.49
   15 T    -6  -5  -4  -6  -8  -5  -5  -7  11  -8  -8  -6  -7  -6  -7  -4   1  -7  -3  -8    0   0   0   0   0   0   0   0  91   0   0   0   0   0   0   1   7   0   0   0  3.69 1.26
   16 I    -5  -6  -7  -7  -2  -6  -6  -7  -6   5   5  -6   0   0  -6  -6  -4  -2  -4   1    0   0   0   0   1   0   0   0   0  35  53   0   1   3   0   0   0   0   0   6  1.34 0.59
   17 G     0  -7  -5  -6  -7  -6  -6   8  -6  -8  -8  -6  -7  -8  -6  -4  -6  -7  -7  -7    7   0   0   0   0   0   0  93   0   0   0   0   0   0   0   0   0   0   0   0  2.51 0.94
   18 N    -5  -5   5  -4  -7  -1  -4  -6   9  -7  -7  -5  -6  -5  -6  -4   0   3   1  -7    1   0  29   0   0   2   0   0  55   0   0   0   0   0   0   0   5   4   5   0  2.26 0.90
   19 Y    -1  -4  -4  -5  -4  -4  -4  -2  -3   0   2   0   2   2  -5  -1   2   1   5  -2    5   0   0   0   0   0   0   4   0   4  22   6   6   6   0   5  14   2  25   1  0.53 0.37
   20 M    -2  -1  -5  -6  -4  -5  -5  -6  -4   4   3  -5   2   0  -5  -4  -2  -5  -4   5    3   3   0   0   0   0   0   0   0  22  25   0   6   3   0   0   1   0   0  36  0.88 0.44
   21 G    -2  -4  -2  -3  -4  -1  -3   4  -3  -1   0  -3   1  -4   4  -1   1   3  -4   1    2   0   1   0   0   3   0  29   1   3   9   0   4   0  20   3  11   4   0   9  0.51 0.31
   22 A     3  -4  -4  -5  -3  -3  -4  -4  -4   1   1  -1   3   3  -4   0  -1   0  -2   2   30   0   0   0   0   0   0   0   0   9  12   4   7  14   0   6   2   1   0  14  0.45 0.33
   23 L    -3  -1   1  -1  -4   0  -3  -3  -1   3   3  -2   3  -1  -3  -2  -2  -4  -1   0    0   4   9   4   0   6   0   1   2  21  29   1   9   2   1   2   1   0   2   4  0.38 0.28
   24 R    -2   4   0  -2  -5   1  -1  -3  -3  -3  -3   5   0  -1  -4  -1   1  -5  -4  -3    3  19   3   2   0   5   2   2   0   1   2  42   3   3   0   3   9   0   0   1  0.72 0.43
   25 Q    -3  -1   3  -3  -4   2  -2  -4   1   1   2   3   1  -1  -1  -1  -2  -4  -3  -1    1   1  14   0   0  10   0   0   3   7  25  21   4   2   3   3   2   0   0   3  0.35 0.31
   26 W     0   3  -2  -6  -2  -4  -4  -5  -4  -1   0   1   3   2  -5  -4  -3   9   0   0   10  18   2   0   1   0   0   0   0   4   8   7   9   8   0   0   1  25   2   5  0.93 0.48
   27 V    -1   1  -1   2  -1   2  -1  -3   1   1   1   0  -2  -2  -3  -2  -1   1  -1   2    5   9   2  15   1  11   1   1   3   7  12   5   0   1   0   1   3   2   1  18  0.17 0.20
   28 Q    -2   0  -2   2  -4   2   1  -4   0  -2   1   0  -1   5  -4  -2  -2  -3   2  -3    3   6   1  11   0  12   7   0   3   2  14   6   1  25   0   3   1   0   5   0  0.38 0.29
   29 M    -1  -1  -4  -1  -4   5  -1  -5  -4   0   3  -2   3   1  -5  -3  -3  -4  -2   0    6   3   0   3   0  27   4   0   0   3  32   1   7   6   0   1   0   0   1   6  0.55 0.39
   30 Q    -2  -1  -2   2  -6   7   1  -4  -3  -4  -4   2  -4  -6  -4  -2  -2  -5  -5  -3    2   3   1  11   0  53   9   1   0   1   2  12   0   0   0   1   3   0   0   2  1.21 0.62
   31 D     3  -3   1   3   0  -1   1  -3   2  -4  -1   0  -1   1  -2  -1  -2  -4  -1  -3   28   0   7  21   2   2   8   0   5   0   7   6   1   7   1   2   0   0   1   1  0.37 0.30
   32 D    -2  -4   0   2  -6  -1   1   6   0  -5  -6  -2  -5  -6  -5  -2  -2  -6  -6  -3    2   1   4  10   0   2   9  61   2   1   0   2   0   0   0   2   2   0   0   2  1.16 0.55
   33 Y    -1  -4  -1  -5   3  -3  -4  -1   7   0  -3  -3  -2   3  -5  -3  -3  -4   4   1    4   0   3   0   6   0   0   5  32   5   1   1   1  12   0   1   1   0  15  12  0.97 0.50
   34 D    -3   1   3   3  -5   2   3  -2   0  -2  -5   2  -1  -5  -1  -2   0  -5  -4  -4    0   8  12  17   0   8  22   3   2   2   0  14   1   0   2   2   5   0   0   1  0.53 0.34
   35 C     1  -4  -2  -4   4  -4  -3  -2  -5   1   0  -3   2  -2   0  -1   0  -5  -4   4   11   0   2   0  11   0   1   3   0   8   7   1   6   1   6   4   7   0   0  33  0.46 0.32
   36 I    -3  -2  -3  -5  -3   0  -4  -5  -3   3   0  -1  -1   4  -1  -1   1  -3   3   1    0   2   1   0   0   4   0   0   0  21   6   3   1  21   3   3  11   0  12  11  0.50 0.33
   37 Y    -1  -5  -6  -6  -4  -5  -6  -5  -4   4   2  -5  -1   5  -6  -5  -4  -3   3   3    4   0   0   0   0   0   0   1   0  24  15   0   1  25   0   0   0   0  10  21  0.91 0.45
   38 C    -2  -5  -5  -6   5   0  -3  -4  -5   2   4  -5   0   3  -2  -3  -4   0  -2   0    2   0   0   0  12   5   2   1   0  10  42   0   1  13   2   2   0   1   1   4  0.70 0.40
   39 I    -4  -1  -6  -6  -4  -5  -4  -7  -6   6   2  -5   0   0  -6  -5  -4  -5  -4   3    0   3   0   0   0   0   1   0   0  51  18   0   2   3   0   0   0   0   0  21  1.22 0.55
   40 V     4  -5  -4  -5  -4  -3  -4   4  -5  -4  -4  -4  -4  -5  -3  -2   1  -5  -1   2   42   0   0   0   0   1   0  31   0   0   0   0   0   0   1   2   8   0   2  13  0.91 0.51
   41 D    -4  -6   0   8  -7  -4  -3   0  -5  -7  -8  -5  -7  -7  -6  -4  -2  -8  -7  -7    1   0   4  85   0   0   0   7   0   0   0   0   0   0   0   0   3   0   0   0  2.32 0.91
   42 L    -1  -3  -4   1  -4  -1  -2  -3  -2   0   3  -4   0   4  -4  -2  -3   6   1  -1    6   1   0   9   0   3   2   1   1   4  27   0   2  21   0   3   0  11   4   3  0.54 0.32
   43 H    -4  -4  -3  -4  -5  -1   2  -5   9  -5  -5  -3  -4  -1  -5  -3   4  -5  -3  -5    0   0   0   0   0   2  15   0  46   0   1   1   0   3   0   0  29   0   0   0  1.69 0.72
   44 A     5  -4  -4  -4  -4  -3  -4   2  -4  -5  -5   1  -4  -3  -4   2  -2  -5  -3  -4   56   0   0   0   0   0   0  13   0   0   0  10   0   1   0  16   2   0   1   0  0.98 0.54
   45 I    -4  -2  -5  -5  -4  -1  -4  -5   0   3   2  -4   5   3  -5  -4  -1   4   4  -2    0   2   0   0   0   3   0   1   3  20  19   0  15  11   0   0   3   6  14   1  0.71 0.40
   46 T    -2  -4  -3  -5  -4  -4  -4  -1  -3   4   2  -3   0  -2  -4  -1   4   3  -2  -1    1   0   1   0   0   0   0   5   1  30  19   1   2   1   0   4  28   4   1   2  0.66 0.41
   47 A    -1  -2   3   2  -4  -3  -3   3  -3  -2  -3   1  -1  -1  -3  -2   0  -1  -4   2    5   1  17  12   0   0   0  24   0   2   2   8   1   3   1   1   5   1   0  16  0.36 0.28
   48 R    -3   3   2   5  -1  -1  -2  -4   1  -3  -5   1  -5  -6   3  -2  -3  -1  -5  -4    1  15  10  37   1   3   1   0   4   2   1   7   0   0  14   1   0   1   0   1  0.83 0.46
   49 Q    -3  -1  -1  -2  -5   2  -1   1   1  -3  -3   3  -1  -1   5  -2  -1   1  -1  -4    1   2   3   2   0  11   2  10   3   2   2  20   2   3  26   2   4   2   2   0  0.53 0.35
   50 D    -1   1   0   4  -5  -1   1   1  -2  -4  -1  -1  -1  -5  -4   2   0  -5  -4  -3    3   7   4  30   0   1   9  10   0   1   6   3   1   0   0  17   6   0   0   1  0.46 0.32
   51 P    -2  -2  -2  -3  -5  -3  -3   1  -2  -2   0   0   1   1   6  -2   0   1  -2  -2    2   2   1   1   0   0   1  11   1   2  12   7   3   6  36   2   7   2   1   3  0.63 0.37
   52 A     0  -1  -1   1  -3   2   3  -1  -1  -2  -1   1  -1  -2   1   0   0  -4  -3  -2    8   2   2   6   0   9  23   5   1   2   6  10   1   2   8   7   6   0   0   1  0.23 0.20
   53 L    -1   0  -1   3  -5   0   4  -4  -2  -2   2   0  -1  -3  -4  -2  -1  -5  -4  -2    5   6   2  15   0   4  27   0   0   1  24   6   1   1   0   2   2   0   0   2  0.42 0.32
   54 L     0  -4  -3  -3   0  -3  -2  -4  -4   2   3  -2   1  -2  -4   1   3  -4  -3   1    6   0   0   1   1   1   2   0   0  14  30   2   3   1   0  12  17   0   0   9  0.41 0.31
   55 R     0   6  -1  -1  -5   1   0  -3   1  -1  -3   3  -2  -3  -2  -2  -2  -3  -2  -2    7  41   2   3   0   4   6   1   3   3   2  14   1   1   1   2   2   0   1   3  0.63 0.37
   56 K     0   3   0   0  -5   2   5  -3  -2  -4  -5   3  -4  -5  -4  -1  -1  -5  -2  -4    7  14   5   3   0   9  35   1   0   1   1  17   0   0   0   3   3   0   1   1  0.70 0.42
   57 R     0   0   2   0  -2   3   1  -2   1   0  -1  -1  -1  -1  -3   0  -1   3   0  -1    6   6  12   5   1  15  10   2   3   7   5   2   1   2   0   9   3   4   4   4  0.15 0.17
   58 T     2   0  -2  -4  -2  -3  -3   0  -4   2   0  -3  -2  -3  -4   0   3  -4   1   2   17   5   1   0   0   0   0   6   0  12   8   1   0   0   0   6  19   0   4  19  0.31 0.27
   59 L    -1   2  -2  -1  -2   0   1  -3   0   1   1   1   0  -1  -3  -1  -1  -1   2   0    5  15   1   3   1   3  10   1   2   8  19   7   2   1   0   3   3   0  11   5  0.15 0.17
   60 D     0   0   0   2  -5   1   5  -4  -2  -3  -3   0  -4  -4  -4   0  -1  -5   2  -3   10   5   3  13   0   5  38   0   0   2   2   5   0   0   0   6   3   0   7   1  0.60 0.40
   61 T    -1  -3   6  -2  -4  -3  -1  -3  -2   1   0  -3   1  -2  -5  -3   1  -4   2   2    6   0  37   1   0   0   5   1   0   9   8   0   3   1   0   0   8   0   8  13  0.59 0.41
   62 L     4  -1  -4  -4  -3  -2  -2  -2  -4   2   0   0  -1  -3  -4  -2  -1  -4   1   2   43   4   0   0   0   1   2   2   0  13   8   6   1   0   0   1   2   0   6  12  0.50 0.37
   63 A     3   1  -2  -3  -4   0   1  -1  -4  -2   1   3  -3  -4  -4  -1  -1  -5  -4  -2   33   7   1   0   0   3   9   3   0   2  15  20   0   0   0   2   2   0   0   2  0.42 0.34
   64 L    -1  -3   1   3   1   1  -1  -2  -3   0  -1  -1   0  -3  -3   0   3  -5  -3   0    4   0   6  18   4   6   3   2   0   6   7   3   3   0   0   7  23   0   0   6  0.27 0.25
   65 Y    -4  -5  -2  -4  -1  -3  -6  -6  -3   2   1  -4   0   3  -6  -5  -5   5   7  -2    1   0   2   1   1   1   0   0   0  13  14   1   2   9   0   0   0   8  44   1  1.29 0.60
   66 L    -2  -3  -2  -4  -4  -1   0  -5  -4   4   4  -2   0   3  -5  -4  -3  -4  -1   0    3   1   2   1   0   2   7   0   0  25  36   2   1  14   0   0   0   0   1   3  0.63 0.37
   67 A     6  -2  -4  -4  -4  -1  -1  -1  -4  -4  -5   1  -4  -3  -4   1  -2  -2  -2  -3   64   2   0   0   0   2   3   3   0   0   0  10   0   1   0   9   1   1   1   1  1.01 0.56
   68 C     0  -3  -3  -3   5  -1  -2  -3  -4   2   2  -1   1  -2  -3  -1  -2  -4  -1   2    9   1   1   1  16   3   3   1   0  10  24   4   3   1   1   4   1   0   2  16  0.37 0.25
   69 G    -2  -4  -2  -1  -5  -4  -4   6  -4  -2  -3  -3  -3  -1  -4  -2  -3  -5  -5  -1    3   1   1   3   0   0   1  71   0   3   3   1   1   3   0   2   1   0   0   5  1.33 0.55
   70 I    -3  -5  -5  -6  -2  -4  -5  -3  -5   4   4  -2   2   3  -5  -5  -4  -4  -3   1    1   0   0   0   1   1   0   2   0  21  45   2   4  13   0   0   0   0   0   9  0.86 0.43
   71 D    -5  -3   1   7  -4   0  -1  -4  -4  -5  -6  -1  -6  -4   0  -2  -3  -6  -6  -6    0   1   6  71   0   4   2   1   0   1   0   4   0   1   5   2   1   0   0   0  1.67 0.69
   72 P    -2  -2  -3  -4  -5  -2  -1  -4  -4   0  -1  -2  -1  -1   7  -2  -2  -5  -3  -1    2   3   1   0   0   1   4   1   0   5   6   3   2   3  58   3   2   0   1   5  1.32 0.56
   73 K    -1  -2   2   4  -3   1   4  -1  -2  -5  -5   2  -4  -5  -3   0   0  -5  -4  -4    4   1  11  22   1   6  26   4   0   0   1  11   0   0   1   7   5   0   0   1  0.59 0.35
   74 K    -1   3  -1  -2  -5   1  -1  -2  -2  -4  -3   6  -3  -5  -4  -3  -3  -5  -3  -4    4  14   2   2   0   5   3   3   1   1   3  56   1   0   0   1   1   0   1   1  1.02 0.52
   75 S     1  -4  -1  -3   2  -3  -3  -3  -1   0   0  -3  -2  -2  -4   2   4  -5  -4   1   13   0   2   1   5   0   1   1   2   6  10   0   0   1   0  13  32   0   0  12  0.47 0.35
   76 T    -2   1   0  -1  -2  -1   3  -3   0   0  -2   1  -3   2  -4  -1   2   1  -2   0    1   7   5   2   1   2  24   1   2   6   1   7   0   9   0   4  18   2   1   7  0.29 0.27
   77 I    -3  -3  -6  -6  -3  -4  -5  -6  -5   5   2  -3   0   4  -5  -5  -4  -4   1   3    1   1   0   0   0   1   0   0   0  36  17   1   2  20   0   0   0   0   4  16  0.92 0.45
   78 F    -4   0  -5  -4  -2  -3  -5  -5   0   1  -1  -5  -2   6  -6  -5  -3  -1   4   3    0   6   0   1   1   1   0   1   2   8   4   0   1  39   0   0   1   0  14  21  1.03 0.50
   79 V    -2   1   3  -3  -4   0  -2  -4  -2   1   1  -1  -1   2  -4  -2  -2   3   3   1    1   8  16   1   0   4   1   0   0   8  18   3   1   8   0   2   1   5  12  10  0.31 0.25
   80 Q     0  -3   3   1  -5   6  -2   2  -3  -6  -5  -3  -4  -6  -4   2  -3  -5  -5  -5    8   0  14   8   0  39   0  14   0   0   0   0   0   0   0  14   0   0   0   0  0.97 0.55
   81 S    -2  -4  -1   0  -4  -3   0  -4  -2  -5  -3  -2  -3  -3  -4   6   2  -6  -5  -3    1   0   1   4   0   0   6   0   1   0   2   2   0   1   0  66  11   0   0   1  1.18 0.65
   82 H    -2  -2  -1   4  -1   1   4  -3   4  -5  -4   0   0  -4  -4  -2  -3   7  -3  -5    4   2   1  22   1   6  24   1   9   0   1   6   2   0   0   2   1  15   0   0  0.83 0.44
   83 V    -2  -2  -1  -4   0  -3  -3  -4  -3   3   1  -4   1   3  -4  -3  -2   4   2   3    2   3   3   0   2   0   1   1   0  14  13   0   4  15   0   2   2   7   7  23  0.46 0.27
   84 P    -1  -1   0   2  -2   1   0  -1  -2  -2   0   1   0  -3   4   1   0  -4   0  -2    3   1   4  11   1   7   4   4   1   1   9  10   3   0  21   9   4   0   4   2  0.29 0.20
   85 E     1  -2   0   1  -4   2   4  -2   2  -3  -2   1  -2  -3   0   0  -1  -4  -3  -3   10   1   4   6   0   7  32   3   4   1   5  11   1   1   5   6   2   0   1   1  0.38 0.26
   86 H    -3  -1  -1  -1  -4  -2  -2  -2   6   1   2   0   1  -1  -3  -2  -2  -3   3   1    1   3   3   3   0   0   1   3  22   8  18   6   3   1   1   2   2   0  12  11  0.42 0.28
   87 S     2  -2   0  -2  -3   0  -1   0  -2  -2  -1  -1   0   0  -1   2   1   4   2  -2   17   0   5   2   0   3   4   8   0   2   6   4   2   3   3  16  11   6   7   1  0.18 0.18
   88 Q     1  -1   0   3  -4   3   4  -2  -3  -3  -2  -2  -1   0   0  -2   0  -4   0  -4   11   3   4  14   0  14  27   2   0   1   3   1   1   4   4   1   5   0   3   0  0.42 0.31
   89 L     0  -2  -4  -1  -3  -3  -1  -4  -3   1   4  -2   2  -1  -3  -2  -2  -1   2  -1    9   2   0   4   0   0   4   0   0   8  47   2   6   1   1   2   2   1   7   3  0.48 0.32
   90 S     2  -2   1   1  -1  -1   1   2  -1  -1  -2  -2   0  -2  -3   1   0   0   0   0   18   0   7   9   1   1  10  16   2   2   1   0   4   1   0   9   6   1   3   8  0.17 0.18
   91 W    -4  -3  -5  -2  -5  -2  -3  -4  -1   1   1  -3   4   3  -6  -4  -3   9   4   0    1   1   0   3   0   2   1   1   1   7  14   2  10  10   0   1   1  27  13   5  1.07 0.49
   92 A    -2   0  -3   0  -4  -3  -1  -5  -2   4   3  -1   2  -1  -1  -3  -2  -4  -1   1    2   6   1   6   0   0   3   0   1  27  26   4   6   2   3   1   1   0   2   9  0.38 0.27
   93 L    -2   1  -3  -4  -3  -2  -2  -2  -1   2   3  -1   1   2  -4  -3  -1  -3   1   1    1   9   1   0   0   1   3   3   1  12  37   3   3   8   0   1   3   0   5   8  0.35 0.24
   94 N     1  -1   2   1  -2  -1  -1   0   0  -1   0  -1   0  -2   0   1   0  -3   0  -1   16   3  15   7   1   2   3   8   2   2  10   2   3   0   3  11   6   0   3   2  0.12 0.13
   95 C     0  -1   1  -1   7  -1  -2  -1  -3  -2   0   2   3  -2  -3   0  -1  -4  -2  -1    6   2   6   3  24   2   2   4   0   2   7  16  10   1   0   5   2   0   1   5  0.46 0.29
   96 Y    -1  -1   0  -2  -2  -1  -2  -1  -1   1   2   0   0   0  -4  -1  -2  -1   3   1    4   4   6   1   1   3   2   6   1   9  25   6   2   3   0   3   1   1  13   9  0.15 0.16
   97 T     2  -2  -2  -2  -1  -1  -1  -1  -3   0  -1   0  -1  -4  -1   1   3  -4  -4   1   21   1   1   1   1   3   4   3   0   5   4   6   1   0   2   9  25   0   0  12  0.30 0.27
   98 Y     0   0   2  -3  -4   0  -3  -1   0  -2  -2   0  -3  -3   1   3   3  -1   2  -3    6   6  11   0   0   3   0   4   2   2   3   4   0   0   6  21  19   1   9   0  0.33 0.30
   99 F     0   0  -1  -2  -3   0  -2  -3   2   1   1   0   3   3  -3  -2  -1   2   0   1    6   4   2   1   0   5   2   0   6   8  16   8   8  12   0   1   4   3   3   9  0.16 0.16
  100 G     1  -2   2  -1  -3   0  -1   3   1  -1  -2  -2  -1   0  -2   2   0  -3   1  -1   10   0  10   2   0   3   2  21   4   2   4   1   1   4   1  15   6   0   6   5  0.20 0.17
  101 E    -3   3  -3  -1  -5  -1   3  -4  -2  -3  -2   1   0  -4  -4   0   4   4  -3  -4    0  14   0   3   0   2  21   0   1   1   4   6   2   0   0   5  33   5   1   0  0.66 0.43
  102 L     0  -5  -6  -6  -4  -5  -4  -6  -6   2   4  -4   3  -2  -5  -4  -3  -5  -4   4    9   0   0   0   0   0   1   0   0   9  38   1   8   1   0   0   1   0   0  32  0.90 0.46
  103 S     2   1   3  -1  -4   1   1  -1  -1  -3  -3   2   1  -5  -2   1  -1  -5  -4  -3   22   6  14   2   0   7  10   4   1   2   1  14   4   0   1  13   2   0   0   0  0.35 0.29
  104 R     0   7  -1  -2  -6   2  -3  -4  -2  -6  -5   2  -3  -6  -5  -3  -4  -6  -1  -4    9  63   2   2   0   8   1   1   1   0   0   9   0   0   0   1   0   0   2   1  1.43 0.66
  105 M     2  -2  -2  -6   2  -3  -5  -4   0   1  -1  -2   8  -4  -5  -3  -2  -5  -5   0   18   2   2   0   4   1   0   1   2   8   2   2  47   0   0   1   2   0   0   6  1.19 0.61
  106 T    -2  -1  -3  -2  -1  -2  -3  -4   2   1   3  -1   2   1   0  -2   2  -3   1   0    2   3   0   2   1   2   1   1   6   8  29   3   4   5   5   1  16   0   6   6  0.26 0.22
  107 Q     0   2  -1  -2  -4   4   2   1  -2  -4  -4  -1  -3  -5  -1   1   2  -5  -4  -4    9  10   1   1   0  22  16  10   1   0   0   1   0   0   2  11  14   0   0   0  0.49 0.34
  108 F    -1   3  -4  -4  -4  -3  -3  -4  -3   1  -1   0  -1   6  -4   0  -3   1   2  -1    4  18   0   0   0   0   1   0   0   9   6   6   1  33   0   7   0   2   7   5  0.60 0.34
  109 K    -3  -2   1   3  -5  -2   2  -1  -2  -3  -3   4   4  -5  -4  -1   1  -5  -4  -4    0   1   6  14   0   0  13   5   1   1   2  32  14   0   0   3   8   0   0   0  0.63 0.41
  110 D     1  -3  -2   6  -5   1   2   2  -3  -2  -5  -2  -4  -5  -2  -1  -1  -5  -5  -4   10   1   1  42   0   5  14  13   0   3   0   1   0   0   1   3   4   0   0   0  0.79 0.42
  111 K    -2   2  -3  -2  -4   0   2  -4  -2  -1  -1   3   1   4  -3  -1  -2  -3   0   0    2  10   0   1   0   3  14   0   0   3   4  22   4  20   0   4   1   0   3   7  0.37 0.26
  112 S     1   0   0  -2  -3  -1  -1  -1  -1   0  -2   2  -1  -3  -2   2   1  -4  -2   1   12   5   5   1   0   2   3   4   1   7   1  14   2   0   0  22   6   0   0  13  0.19 0.18
  113 A     2   1   0  -1  -3   0   0   1  -2  -2  -2   3  -2  -3  -2   0  -1  -3  -2   0   19   9   3   3   0   4   5  10   0   2   2  23   0   1   1   6   2   0   1   9  0.22 0.17
  114 R    -1   5   0  -2  -2   1   0  -3  -2  -1  -3   3  -1  -4  -3  -1  -1  -4  -3  -3    4  39   3   1   1   5   5   2   0   5   2  21   1   1   1   3   4   0   0   1  0.66 0.32
  115 Y    -1  -1   1  -1  -2   2   0  -1   1  -1  -1  -1   1   3  -1  -1  -2  -1   4  -2    3   3   8   3   1  11   8   4   3   2   6   1   5  16   2   5   1   0  16   1  0.20 0.13
  116 A     0   0   0   1  -2   0   1   3  -1  -2  -2   1   0  -3  -1   0   0  -3  -2  -1    7   4   5   6   0   4   9  26   1   2   3   9   3   1   2   6   4   0   1   6  0.17 0.09
  117 E    -1  -1   0   3  -2   1   4  -1  -1  -3  -2   0  -3  -2  -2   0   0  -3  -3  -3    4   2   4  14   1   5  37   4   1   1   3   6   0   2   1   8   4   0   0   1  0.43 0.20
  118 N     0  -1   3   1  -1   0   0   2   1  -3  -2   0  -2  -3   0   2   0  -3  -3  -3    4   2  18  10   1   4   5  15   3   1   3   4   1   0   4  21   3   0   0   1  0.28 0.15
  119 I    -1  -2  -2   1  -2   0  -1  -2  -1   3   0  -2   0  -2   2  -1   1  -3  -2   1    5   2   1   8   0   5   2   2   1  24  10   1   1   1  11   3  12   0   0  11  0.18 0.13
  120 N    -1  -2   3   1   2  -2  -2  -2  -3  -4  -2   0  -1  -4   4   3   1  -5  -4  -3    3   1  15   7   4   0   1   1   0   0   4   5   1   0  24  26   7   0   0   1  0.55 0.27
  121 A     1  -4  -4  -4  -3  -4  -4  -4  -2   4   1  -4   1   2  -4  -2  -1  -3   1   3   11   0   0   0   0   0   0   0   1  32  13   0   3   9   0   3   3   0   5  19  0.48 0.24
  122 G     2  -4  -2  -3  -4  -3  -3   5   1  -3  -4  -2  -4  -3  -4   2   0  -5  -3  -3   18   0   0   0   0   0   0  45   3   2   1   2   0   1   0  20   5   0   1   0  0.77 0.34
  123 L    -3  -2  -3  -3  -4   2   1  -2   2   1   3   1   2   0  -4  -1  -2  -3  -1  -1    0   0   0   0   0  11  12   3   6  10  31  10   5   5   0   4   0   0   1   1  0.28 0.21
  124 F    -2  -5  -5  -6  -4  -5  -5  -5  -4   3   3  -5   3   6  -5  -4  -2  -3   1   1    3   0   0   0   0   0   0   0   0  16  26   0   9  37   0   0   1   0   2   7  0.91 0.35
  125 D     0  -3   0  -1  -2  -2  -3   0   0   1   2  -3   0   2  -3   0   1  -1  -1   1    6   0   6   3   0   1   0   8   3  10  20   0   2  12   0   9  10   1   1  10  0.13 0.12
  126 Y    -2  -5  -6  -6  -6  -5  -5  -6  -2  -5  -4  -5  -4   3  -6  -3  -5  -1   9  -3    4   0   0   0   0   0   0   0   0   0   0   0   0  10   0   2   0   0  82   1  2.48 0.72
  127 P    -2  -5  -4  -5  -6   1  -4  -5  -5  -6  -6  -4  -3  -7   8  -2  -2  -7  -6  -2    3   0   1   0   0   6   0   0   0   0   0   0   1   0  82   2   2   0   0   3  2.37 0.68
  128 V     1  -4  -3  -3   1  -3  -4  -2  -4   2   3  -3   1  -2   0   0  -1  -4  -3   2   16   0   1   1   3   0   0   2   0  13  32   0   2   0   5   7   2   0   0  18  0.35 0.21
  129 L    -2  -4  -5  -5  -2  -4  -5  -5  -5   2   4  -2   6  -2  -5  -3   0  -4  -3   1    2   0   0   0   0   0   0   0   0  12  44   2  25   0   0   1   5   0   0   7  0.86 0.36
  130 M    -4  -3  -4  -4  -6   8  -1  -6  -3  -5  -4  -3   6  -6  -5  -4  -4  -6  -5  -5    0   0   0   0   0  79   2   0   0   0   0   0  19   0   0   0   0   0   0   0  2.25 0.76
  131 A     5  -4  -3  -4   0  -3  -4   2  -4   1  -3  -3  -1  -4  -4   0   0  -5  -4   1   49   0   0   0   2   0   0  19   0   8   0   0   2   0   0   6   4   0   0  11  0.67 0.34
  132 A     5  -3  -2  -5  -3  -3  -4  -3  -2  -2   0  -4  -1  -2  -4  -1  -2   0   5  -1   56   0   2   0   0   0   0   1   0   1   8   0   2   0   0   3   1   1  22   3  0.87 0.41
  133 D    -5  -5  -1   8  -7  -4  -2  -5  -1  -6  -7  -4  -6  -7   2  -4  -4  -8  -6  -3    0   0   1  85   0   0   0   0   2   0   0   0   0   0  10   0   0   0   0   2  2.13 0.66
  134 I    -2  -4  -4  -4  -4  -4  -1  -5  -4   6  -1  -4   0   1  -4   2   0  -4  -1   1    2   0   0   0   0   0   4   0   0  53   2   0   1   5   0  18   5   0   2   7  0.76 0.37
  135 L    -1  -4  -4  -4  -3  -2  -2  -3  -1   0   3  -2   0   3  -1  -3  -2  -3   1   2    4   0   0   0   0   1   3   2   2   1  39   2   2  15   3   0   2   0   5  20  0.45 0.25
  136 L     2  -1  -3  -3   0  -1  -2  -3   4   0   2  -1   2   2  -2  -2  -2  -2   3  -1   20   2   1   1   2   3   1   0  11   5  23   3   6   7   2   0   2   0  11   1  0.25 0.19
  137 Y    -2  -3  -4  -2  -4  -1  -1  -2  -1  -1   3  -3   0   2   2  -3  -2  -2   5  -1    3   0   0   2   0   2   5   3   1   2  34   0   2   6  11   0   2   0  22   4  0.46 0.26
  138 Q    -1   1   3   2  -5   3   1   1  -1  -5  -4   3  -3  -5  -3  -1  -1  -5  -4  -4    3   8  16  12   0  18   6  12   1   0   0  21   0   0   0   1   2   0   0   0  0.52 0.26
  139 T     3  -1  -2  -3   1  -2  -3  -2  -3  -1   0   0   0  -3   0   0   1  -4  -3   2   37   3   1   0   3   1   0   1   0   2  10   6   2   0   5   6   8   0   0  16  0.30 0.21
  140 N    -3   0   2   6   1  -1   0  -4   2  -4  -5  -2  -4  -5  -4  -1   2  -6  -4  -2    1   6   7  52   3   2   3   0   6   0   0   1   0   0   0   2  14   0   0   3  0.95 0.38
  141 Q    -1  -4  -4  -4  -2  -1  -2  -4   1   3   3  -2   0   0  -4  -3  -2  -4  -1   3    4   0   0   0   1   3   3   1   4  17  35   1   1   3   0   0   1   0   2  25  0.47 0.24
  142 V     1  -3  -4  -3   1   2   2  -4  -4   2  -2  -3  -2  -4  -2  -3  -2  -5  -4   4   14   0   0   0   3  12  17   0   0  14   0   0   0   0   1   0   0   0   0  38  0.60 0.34
  143 P    -4  -5  -5  -5  -3  -1  -4  -5   1   1   2  -4  -1   1   7  -4  -3  -5  -2   0    0   0   0   0   1   3   0   0   4   7  19   0   1   6  52   0   1   0   1   7  1.21 0.43
  144 V     0  -5  -4  -5   4  -4  -5   5  -5  -1  -2  -4  -3  -4  -3  -3  -3  -5  -4   4    9   0   0   0   8   0   0  43   0   2   3   0   0   0   1   0   0   0   0  35  0.92 0.39
  145 G     2  -5  -4  -5  -5  -5  -5   7  -5  -7  -6  -5  -6  -6  -5  -3  -4  -6  -6  -6   15   0   0   0   0   0   0  85   0   0   0   0   0   0   0   0   0   0   0   0  1.99 0.60
  146 E    -1  -1  -1   0  -3  -1   1  -3  -3   2  -1   0   3  -1  -1   0   2  -4  -3   1    4   3   3   6   0   2  11   0   0  19   1   5  10   2   3   5  18   0   0   9  0.19 0.17
  147 D    -5  -5  -2   8  -7  -4   1  -5  -5  -7  -7  -4  -7  -7  -5  -4  -5  -8  -7  -7    0   0   0  94   0   0   6   0   0   0   0   0   0   0   0   0   0   0   0   0  2.52 0.73
  148 Q    -5  -3  -1  -4  -7   9  -2  -6  -3  -7  -6  -2  -4  -7  -5  -4  -5  -6  -5  -6    0   0   3   0   0  97   0   0   0   0   0   0   0   0   0   0   0   0   0   0  2.73 0.86
  149 K    -3   4  -2   3  -5  -1   0  -4  -2  -2  -2   4  -3  -4  -4  -2  -1   5  -3  -2    0  26   0  21   0   1   3   0   1   2   3  28   0   0   0   2   2   8   0   3  0.71 0.34
  150 Q    -2  -1  -3  -3  -5   4  -2   1  -1  -4  -4   3  -3   4   4  -2  -2  -4  -2  -4    3   2   0   0   0  22   0  10   1   0   0  18   0  19  23   1   1   0   0   0  0.71 0.36
  151 H    -1  -3   5  -3  -5  -3  -3  -4   7   2  -4  -3   0  -1  -5  -3  -3  -4   3  -1    7   0  28   0   0   0   0   0  34  13   0   0   2   2   0   0   0   0  10   4  1.04 0.45
  152 L    -3  -4  -1  -4  -3  -3  -4  -5   4   2   3  -4   3   3  -5  -4  -3   3   0   1    0   0   4   0   0   1   0   0  14  15  33   0   7  13   0   0   0   4   1   9  0.59 0.29
  153 E    -2   3  -2  -3  -4  -1   3  -4  -3  -1   2  -2   4  -3  -4  -3   0  -4  -3   0    2  21   1   0   0   0  27   0   0   3  18   0  14   0   0   0   7   0   0   7  0.50 0.31
  154 L    -1  -4  -5  -5  -3  -1  -4  -5  -2   1   4  -4   4   0  -5  -1  -2  -4  -2   2    4   0   0   0   0   3   0   0   1   5  53   0  15   3   0   4   1   0   1  12  0.71 0.33
  155 S     4  -4  -3  -3   0   0  -3   3  -4  -3  -3  -3  -1  -4  -3   0   3  -5  -4  -2   35   0   0   0   2   4   0  27   0   1   1   0   1   0   0   4  24   0   0   1  0.68 0.35
  156 R    -4   8  -3  -4  -3  -1  -1  -4  -3  -1  -5  -1  -4  -6  -5  -3  -1  -6  -3  -3    0  81   0   0   1   1   3   1   0   5   0   1   0   0   0   1   4   0   1   2  1.73 0.61
  157 D    -2  -3   0   6  -6  -1   4  -2   0  -6  -6  -1  -3  -5  -4  -2  -1  -6  -5  -5    2   1   3  51   0   2  30   2   2   0   0   3   0   0   0   1   3   0   0   0  1.16 0.44
  158 I    -3  -4  -2  -4  -3  -3  -4  -4  -2   4   4  -2   0   1  -4  -4  -3  -3   1   2    0   0   3   0   0   1   1   1   1  27  39   2   1   6   0   0   0   0   4  14  0.59 0.27
  159 A     5  -3  -3  -4  -3   3  -2  -2  -3   0   1  -3  -2  -4  -3  -1  -2  -4  -4  -1   50   0   0   0   0  19   0   1   0   5  17   0   0   0   0   2   1   0   0   4  0.65 0.36
  160 S    -1   3  -1   1  -4   2   2  -1   0  -3  -3   2  -2  -4   3  -1  -2  -4  -2  -3    4  22   2   6   0   8  16   4   3   1   1  12   1   0  14   1   2   0   1   1  0.44 0.22
  161 R     0   5  -1  -2  -4   0   0  -2   2  -3  -3   3  -2  -4  -3   2  -1  -2  -3  -2    9  34   2   2   0   2   3   1   5   1   2  19   1   0   0  15   2   1   0   2  0.53 0.27
  162 F    -2  -3  -3  -3  -3  -3  -2  -4   0   1   2  -1   2   5  -4  -3  -3  -1   3  -1    3   1   1   1   0   1   2   1   2   8  26   5   6  30   0   1   0   1   9   3  0.51 0.23
  163 N    -1   0   5   0  -4  -2  -1   4  -1  -4  -4  -1  -3  -4  -3  -1  -2  -4  -3  -4    4   4  33   4   0   1   2  38   1   1   1   3   0   1   1   3   2   0   0   1  0.75 0.29
  164 N    -1   2   1   0  -2   2   0   0   3  -1  -2   2  -1  -2  -2   0  -1  -2   1  -2    4  10   9   5   0  14   5   7   7   3   4  12   1   1   1   5   3   0   5   3  0.16 0.11
  165 L     0   1  -1   0  -2   0   1  -1   0  -1   0   2   0   0   0   0   0  -2  -1  -1    6   9   2   4   0   2  12   4   2   5  12  21   2   4   3   4   5   0   1   3  0.10 0.08
  166 Y    -2  -2  -3  -4  -4  -2  -2  -2  -1  -3  -2  -1  -3   3   3  -2  -1   0   7  -2    3   1   1   1   0   2   2   3   1   1   2   3   0  13  13   2   3   1  43   3  0.95 0.38
  167 G    -1  -1   0   0   0   3  -1   3   0  -3  -3   1  -2  -3   1   0  -1  -3   0  -2    3   3   4   4   2  18   3  26   2   1   2  10   1   1   7   5   3   0   3   3  0.30 0.19
  168 D    -1  -1   0   1   1   0   3  -2   1  -2  -2   3  -2  -1   0  -1  -1  -4  -2   0    4   2   4   8   3   2  19   2   4   2   2  25   0   3   5   3   3   0   0   7  0.26 0.20
  169 I     0   0  -2  -2   1  -2  -3  -1  -2   2  -1  -1  -1   0   3  -2   1  -3  -1   2    7   5   1   1   4   0   1   5   1  12   3   4   0   5  17   1   9   0   2  21  0.25 0.18
  170 F     0  -4  -4  -4  -3  -4  -3  -4  -4   3   2  -4   2   5  -3  -3  -2  -3  -1   2    9   0   0   0   0   0   1   1   0  15  20   0   4  30   1   2   1   0   0  13  0.58 0.29
  171 K     1  -1  -1  -3   3  -1  -1  -1   2  -1   0   2   1  -3   1   0   3  -2  -3   0   10   1   2   0   7   2   2   3   5   2   7  13   4   1   8   3  22   1   0   6  0.20 0.19
  172 I    -3  -2  -2  -3  -3  -2   0  -5  -4   3   3  -2   3  -2  -3  -3  -2  -4  -2   2    0   2   1   1   0   1   7   0   0  21  33   2  10   1   1   0   1   0   1  16  0.50 0.28
  173 P    -4  -4  -4  -4  -5  -3  -1  -3   6  -5  -4  -3   1  -3   7  -3   0  -5  -1  -4    0   0   0   0   0   0   4   2  21   0   1   1   4   1  55   1   5   0   2   1  1.61 0.60
  174 E    -1   0   1   0  -2   0   3  -1   1  -2  -2   1  -2  -1  -1   1   1  -2  -2  -2    3   3   8   4   1   3  23   4   4   2   2   8   1   3   2  14  10   0   1   3  0.20 0.13
  175 P     1   0  -1  -2  -1  -1  -2  -1  -1  -1  -3   1  -1  -1   5   0  -1  -3  -2   0   12   4   2   2   1   3   1   4   2   3   2  12   1   3  30   6   3   0   2   8  0.45 0.25
  176 F    -2  -1  -3  -2  -2  -1  -2  -3  -2   2   3  -1   2   3  -1  -2  -1  -2   1   1    2   4   1   2   0   3   3   1   0  11  29   4   5  13   2   1   3   0   4  10  0.24 0.17
  177 I    -3  -3  -4  -4  -3  -1  -2  -4  -3   5   2  -2   1   1  -4  -2  -1   2   1   1    1   1   1   1   0   3   3   1   0  38  20   3   3   5   1   2   3   3   4   8  0.52 0.31
  178 P    -1  -1   0  -1  -3  -1  -1  -1   0  -1   0  -1   0  -3   5   1   0  -3  -3  -1    4   4   5   3   0   1   3   5   2   3  10   3   3   1  32  11   4   0   1   3  0.46 0.26
  179 K     0   0  -1   0  -3   0   2   2  -2  -1  -1   2  -1  -3   0   0  -1  -3  -1  -1    8   5   2   4   0   4  14  17   0   5   5  16   1   1   4   5   4   0   2   3  0.15 0.13
  180 A     0  -1   0   0  -1   1   1   0  -1  -1   1   0   0  -1   1   1   0  -2  -1   0    8   1   3   5   1   7  10   7   1   2  17   5   2   2   6  10   4   0   3   7  0.05 0.07
  181 G     1  -2   1   0  -1  -1   0   3   0  -2  -2  -1  -1  -3  -2   1   1  -3  -2   1   11   1   6   6   1   2   4  22   3   1   3   3   2   1   1  11   9   0   1  11  0.17 0.14
  182 A     2  -2   0  -1  -2  -1   0   2   2  -1  -2  -1  -1  -3  -1   1   0  -3  -2  -1   25   1   5   2   0   1   5  13   6   5   4   3   1   1   3  14   6   0   1   3  0.19 0.17
  183 R    -1   4  -1  -2  -3   0   0  -1   1  -1  -1   2   0  -1  -1   1   1  -3  -2  -1    2  25   2   1   0   4   5   4   3   3   6  11   3   3   3  10  11   0   1   3  0.23 0.18
  184 V    -1   1  -3  -3  -2   0  -2  -3  -3   3   2  -1   0   0  -1  -2  -1  -3   0   2    2   9   1   1   0   4   3   1   0  24  18   3   1   3   3   3   3   0   4  16  0.24 0.18
  185 M    -2  -1  -3  -4  -3  -1  -3  -4   1   0   2   0   7   0   2  -3  -3  -3   1  -1    2   3   1   1   0   2   1   1   3   4  19   5  31   4  12   1   1   0   4   3  0.61 0.36
  186 S     0  -1   0   1  -3  -2   0   2  -1  -1  -3   0  -1  -3   2   2   0  -4  -3  -1    4   2   3  10   0   0   7  17   1   3   1   7   1   0   9  22   4   0   0   6  0.24 0.20
  187 L    -1  -2  -3  -3  -3  -3  -1   3  -4  -1   4  -1  -1  -1  -4  -1   0  -4  -3  -1    3   2   0   0   0   0   5  21   0   2  46   4   0   2   0   4   6   0   0   3  0.45 0.34
  188 Q    -1   0  -1   2  -1   3  -1  -2  -2  -1   2  -1   0  -2  -2   1   1  -3  -3  -1    3   5   2  11   1  18   3   2   0   3  21   2   2   1   1  10  11   0   0   3  0.21 0.22
  189 D    -2  -3   1   5  -5   1   2   1  -3  -4  -3   0  -4  -4  -2  -1   0  -5  -1  -4    2   0   5  39   0   5  13  13   0   0   3   5   0   0   2   2   6   0   2   0  0.65 0.39
  190 P     0  -3  -1  -3  -4  -3  -2   4  -2  -4  -3  -3  -3  -4   5   0   0  -4  -1  -3    8   1   3   1   0   0   2  37   1   1   3   1   0   0  25   6   6   0   2   2  0.75 0.39
  191 T    -1  -1   0  -1  -3   2   1   0   0  -2  -1   0   0   0  -1   1   2  -3  -1   0    2   2   5   2   0  12  11   9   2   2   4   6   3   4   2   9  14   0   2   8  0.12 0.14
  192 K     0   2   0  -1  -4   1   1   1  -2  -2  -2   3   2  -4  -3   0  -1  -4  -1  -1    7  10   4   2   0   5   9  12   1   2   2  25   6   0   0   6   2   0   2   4  0.26 0.24
  193 K    -4  -2  -4  -4  -6  -2  -3  -5  -4  -6  -6   8  -5  -1  -5  -4  -4  -5   2  -6    0   0   0   0   0   0   0   0   0   0   0  89   0   2   0   0   0   0   7   0  2.11 0.81
  194 M    -5  -5  -6  -6  -5  -4  -5  -6  -5   0  -1  -5  11   0  -6  -5  -4  -5  -4  -3    0   0   0   0   0   0   0   0   0   4   3   0  85   3   0   0   0   0   0   0  2.80 0.93
  195 S    -2  -4  -3   0  -4  -3  -3   0  -4  -5  -5  -3  -5  -5  -4   7  -2  -6  -5  -5    1   0   0   4   0   0   0   8   0   0   0   0   0   0   0  83   0   0   0   0  1.63 0.71
  196 K     0  -2  -3  -4  -5  -2  -3  -4  -4  -5  -5   7   1  -6  -4   2  -3  -6  -5  -5    7   0   0   0   0   0   0   0   0   0   0  74   4   0   0  13   0   0   0   0  1.57 0.67
  197 S     0  -4  -3  -3  -4  -3  -3  -3  -4  -5  -5  -3   0  -1  -4   7  -1  -5  -4  -4    5   0   0   0   0   0   0   0   0   0   1   0   2   3   0  85   1   0   0   0  1.64 0.70
  198 D     0   0   0   3  -2  -1   0   0   0  -1  -1  -1  -1  -1  -1   0  -1  -1   1  -1   10   4   4  25   1   2   6   6   2   5   6   3   1   2   2   9   3   1   6   3  0.15 0.08
  199 D     0  -1   0   2  -2   0   1   0  -1  -1  -1   0  -1  -2   3   0   0  -2  -1  -1    7   3   3  13   1   3   9   6   2   5   5   7   1   2  18   7   4   1   2   4  0.19 0.06
  200 N     0   0   2   1  -2   1   0   0  -1  -2  -1   1  -1  -1  -1   1   1  -1   1  -1    5   3  15   8   1   5   4   5   1   2   5  12   1   2   2  11   8   1   5   4  0.12 0.07
  201 R    -1   0  -2   0  -3   0   2  -2  -1  -2   1   1  -2  -2   4  -1  -1  -2   2  -2    3   4   1   5   0   3  14   3   1   1  16   8   0   1  23   4   2   0   8   2  0.33 0.18
  202 N    -1  -1   3  -1  -3   0   1   3  -1  -2  -1   1  -2  -2  -1   1  -1  -3   0  -3    3   2  19   2   0   2  10  21   1   2   6  11   0   2   2   9   1   0   4   1  0.27 0.17
  203 N    -1  -1   5  -2  -4  -3  -3   2   0  -5  -5  -3  -4  -5  -4   4   0  -5  -4  -3    3   3  35   0   0   0   0  15   2   0   1   0   0   0   0  33   5   0   0   1  0.89 0.45
  204 V     3   0  -2  -4  -3  -1  -3  -2  -1  -1  -2  -2  -2   1  -3  -1   2  -2   4   0   30   7   1   0   0   2   0   2   1   3   2   2   0   7   0   2  15   0  18   6  0.39 0.29
  205 I    -4  -6  -6  -6  -4  -6  -6  -7  -6   7  -1  -6  -1  -4  -6  -3  -1  -6  -5   3    0   0   0   0   0   0   0   0   0  74   1   0   1   0   0   2   4   0   0  17  1.69 0.65
  206 E    -1  -2   2   0  -2  -3  -1   1  -2  -3  -2  -3  -3   4   0   0  -1   5   3  -3    6   2  12   5   1   0   3  12   0   0   3   0   0  24   5   8   2   7  10   0  0.41 0.28
  207 L    -4  -5  -6  -6  -4  -5  -6  -6  -6   3   5  -5   3  -1  -6  -5  -3  -5  -4   3    0   0   0   0   0   0   0   0   0  16  58   0   6   1   0   0   1   0   0  17  1.11 0.48
  208 L    -1  -2   1   1  -3  -1  -1  -3   3  -2   2   0   0   0  -3   0   3  -1  -2  -2    3   1   7   9   0   1   3   1   8   1  23   5   2   5   0   6  22   1   0   1  0.23 0.22
  209 E    -2  -4  -2   7  -2  -3   3  -3  -3  -4  -6   0  -5  -6  -4  -2  -2  -6  -5  -5    3   0   0  65   1   0  16   1   0   1   0   7   0   0   0   2   2   0   0   0  1.48 0.59
  210 D    -1  -2   0   4  -4  -2   2  -3  -1  -5  -4  -1  -4  -5   2   3   2  -5  -4  -4    3   2   3  30   0   1  10   0   1   0   1   3   0   0   9  25  11   0   0   0  0.65 0.37
  211 P     0  -1  -1  -1  -5  -2   1  -4  -4  -3  -3   0  -2  -3   6  -2  -2  -5   2  -1    9   4   3   3   0   1   8   1   0   1   2   5   1   1  48   1   1   0   7   4  0.99 0.44
  212 K     0  -1   0   3  -5   0   5  -2  -2  -4  -3   3  -4  -3  -3  -1  -2  -5  -2  -4    6   1   5  16   0   2  36   3   1   1   3  19   0   1   0   3   1   0   1   1  0.61 0.35
  213 S    -1  -2  -2   3  -2   1   3  -3  -2  -1  -2   0  -2  -3  -3   0   2  -3   1   0    5   1   1  17   1   5  25   1   0   4   4   4   0   0   0   7  13   0   7   7  0.31 0.23
  214 V    -1   0  -4  -4  -3  -3  -4  -2  -4   5   0  -3   4  -3  -4  -2  -1  -4  -3   3    6   7   0   0   0   0   0   4   0  38   7   1  12   0   0   2   2   0   0  20  0.62 0.33
  215 V     0   3  -1  -2  -3   0   1  -3  -1  -1  -2   2  -2   1  -3  -1  -1   0   3   1    8  15   2   1   0   3   9   1   1   3   2  18   0   8   0   3   3   1  11  12  0.22 0.19
  216 K    -1   2   0   0  -4   2   1   0  -1  -4  -3   5  -3  -3  -3   0  -1  -4  -3  -1    3   9   3   5   0  11   6   9   1   0   2  37   0   1   0   6   2   0   0   4  0.47 0.28
  217 K    -2   0  -3  -3  -5   0  -2  -4  -3  -5  -4   7  -4  -3  -4  -2  -3  -5  -2  -4    2   2   0   0   0   3   1   1   0   0   2  80   0   1   0   2   1   0   1   1  1.63 0.64
  218 I    -2  -4  -5  -5   0  -4  -4  -5  -5   5   2  -4   0   0  -4  -4  -1  -4  -1   3    3   0   0   0   2   0   0   0   0  42  17   0   1   3   0   0   3   0   2  24  0.82 0.37
  219 K    -1   3   1  -3  -4   0  -1  -3  -2  -2  -1   4   5   0  -3  -1  -2   2  -3  -2    4  17   7   0   0   3   3   1   1   1   4  28  17   5   0   3   1   3   0   2  0.51 0.32
  220 R     0   3   1  -2  -4   0  -2  -1  -3  -4  -3   4  -3  -4  -3   3  -1  -4  -4  -3    9  18   6   1   0   2   1   4   0   0   2  34   0   0   0  21   1   0   0   1  0.61 0.34
  221 A     5  -3  -2  -1   0  -2  -3  -3   0   3  -2  -3   2  -3  -3  -1  -2  -4  -2  -1   55   0   2   4   2   1   1   1   2  16   2   0   5   1   0   3   1   0   1   2  0.67 0.39
  222 M    -1  -1  -3  -3  -3   0  -2  -1  -2   0   0   1   1   3  -1  -2   0  -2   4   2    5   2   1   1   0   4   1   5   0   2   6  13   4  12   3   2   5   0  17  18  0.23 0.19
  223 T    -3  -4  -3  -1   7  -3  -3  -4  -4  -3  -3  -3  -3   0  -3   0   6  -4  -4  -1    1   1   0   4  22   0   1   1   0   1   2   1   0   4   1   6  51   0   0   4  1.15 0.50
  224 D    -3  -4  -1   6  -5  -3   0   1  -3  -5  -5  -3  -4  -5   3   1  -1  -5  -5  -4    1   0   2  51   0   0   4  11   0   0   1   0   0   0  16   9   3   0   0   1  1.06 0.45
  225 S     0  -2  -1  -3  -3   0  -2   2  -3  -3  -2  -2   0  -2   4   3  -1  -4  -2  -3    6   1   3   1   0   4   2  17   0   1   3   2   3   2  22  27   3   0   1   1  0.50 0.29
  226 D    -1   2  -1   2   0   1   2   1  -2  -2  -2   1  -2  -1  -1  -1   0  -3   1  -2    2  16   2  15   2   7  13  11   0   1   3   6   1   2   3   2   4   0   6   2  0.21 0.16
  227 E     1   1   2   1  -3   0   3  -2   1  -2  -2   0  -2  -2   0   0  -1  -1  -2   0   11   8  12   8   0   3  24   2   3   2   3   3   1   1   4   4   3   1   1   6  0.23 0.16
  228 P    -1  -1   0   0  -3  -1   1  -3  -2   0   1  -1   1   0   3  -1   1  -3  -2   0    4   2   5   5   0   1  12   1   0   7  16   2   5   5  18   1   9   0   1   5  0.21 0.15
  229 A     0  -1   0   0  -2   0   0   2   0  -1   0  -1   1  -1   1   0   0  -2   2  -1    7   3   5   5   0   5   5  16   2   2   8   3   5   1   8   5   5   0   9   6  0.09 0.09
  230 L    -1   1  -1  -2  -2   1   1   1  -1   2   0   0   0  -1  -2  -1  -1   2   0   1    4   9   2   1   0   7  10  11   1  16   5   6   2   3   1   3   2   3   3  12  0.08 0.10
  231 I    -1  -1  -1  -2  -3  -2   2  -3  -3   3   1  -1   0   2  -1  -2  -1   2  -2   2    3   3   4   1   0   1  15   2   0  21  10   2   2   9   2   1   4   3   0  16  0.20 0.17
  232 R    -1   3  -1   1  -2   1   0  -2   0  -2  -2   2  -1  -1  -1   0   0   4   1  -1    4  17   2   7   1   8   6   2   3   2   3  13   1   3   2   5   7   7   4   4  0.20 0.14
  233 Y    -1   1  -2  -2  -2  -2  -1  -2   1  -2   0  -1  -1   3   0  -2  -1   0   6  -1    4  10   1   2   1   1   4   3   2   1  11   4   1  14   4   2   3   1  28   3  0.42 0.25
  234 D    -1   0   2   4  -3  -1   2   0   1  -1  -2   0  -2  -3  -2  -1  -1  -4  -2  -1    4   4  10  27   0   1  15   9   3   5   4   5   1   1   2   3   4   0   1   3  0.31 0.19
  235 V    -1   0  -1   1  -3   0   1  -2  -1   1   1   1  -1  -1   1  -1  -1   0  -1   1    4   5   3   7   0   4  11   2   1  11  16   9   1   2   8   1   3   2   2   9  0.08 0.09
  236 E     0  -2  -2   1  -3   0   1   1   2   0  -1   0   0   1   3  -1  -2  -3  -1  -1    9   1   1   9   0   3  12  10   6   6   5   5   3   7  15   1   2   0   2   2  0.19 0.15
  237 K    -1   0   1   1  -3  -1   1   2   1  -2  -2   1  -1  -2   2   0   1  -2  -1  -1    4   4   7   7   0   1  10  15   4   1   4   8   1   1   9   7  10   0   1   5  0.14 0.11
  238 K    -3   3   0   2  -4   1   1  -2  -1  -3  -1   3   0  -2  -1  -2  -2  -1  -1  -2    1  21   4  13   0   4  10   3   1   1   6  21   3   1   3   1   1   1   2   2  0.37 0.24
  239 A     0  -3  -1  -1   2  -2   0  -3  -2  -1  -1  -2  -2   1   5  -2  -2  -3   2   0   10   1   3   4   5   2   7   2   1   4   5   1   1   7  31   1   2   0   7   7  0.50 0.27
  240 G     0  -2  -1   2  -3  -1   3   3  -3  -1  -2  -1  -1  -3   0  -1   1  -4  -3  -1    6   1   2  13   0   1  19  24   0   3   4   4   2   0   4   2   8   0   0   5  0.30 0.21
  241 V     0  -3  -2  -2  -1  -3  -2   0  -4   4   0   0   0  -2  -3  -2  -2  -4  -3   4    7   0   2   2   1   1   2   7   0  27   6   6   1   1   1   2   1   0   0  32  0.46 0.29
  242 S    -1   0   2   0   2  -2   0  -1   1  -2  -2   0  -2   3  -3   2  -1   0   1  -2    3   4   9   6   4   0   6   3   4   2   3   6   0  14   0  22   3   1   6   2  0.21 0.20
  243 N    -2   3   5  -1  -3   0   0  -3   2  -4  -3   0  -2  -2   3   0  -1  -4  -2  -3    2  14  30   2   1   3   6   1   6   0   2   6   1   1  14   6   3   0   1   1  0.56 0.33
  244 L    -3  -4  -3   0  -4  -3   0  -4  -2   0   3  -3   1   1   2  -3  -2   2   3   0    1   0   1   6   0   0   6   1   1   5  38   0   4   6   9   1   1   3   9   7  0.42 0.28
  245 L    -1  -4  -4  -4  -2  -2  -1  -5  -1   1   3  -2   2   4  -3  -4  -3  -1   2   0    4   0   0   0   1   1   5   0   2   7  32   2   6  22   2   0   1   0   6   6  0.52 0.31
  246 D     0   0   1   2  -2   1   2   0  -1  -2  -1   2  -1  -3  -2   0   1  -3  -2  -1    6   3   8  11   1   7  14   6   1   1   5  14   2   0   1   7   8   0   1   4  0.17 0.15
  247 I    -3  -4  -4  -5  -4  -4  -3  -5  -4   5   2  -4   1   3  -5  -4  -2  -1   3   1    2   0   1   0   0   0   2   0   0  37  19   1   2  12   0   1   3   1   9  10  0.74 0.38
  248 L    -3  -3  -4  -5  -5  -2  -5   1   3   0   1  -3  -2   5  -4  -4  -3   0   6  -2    1   1   0   0   0   1   0  11   8   5  16   2   1  25   1   0   1   1  25   1  0.85 0.45
  249 S     1   0  -2  -2  -2   1  -1   2   1  -3  -2   0   0   1  -3   3   1  -4  -3  -2   12   6   0   1   1   5   3  15   3   0   4   5   2   7   0  25   9   0   0   2  0.26 0.25
  250 G     1  -1  -1   2   1  -1   0   0  -3   0   0  -1  -1   2   1  -1  -1  -3   0  -1   15   2   2  16   3   1   6   7   0   5  10   3   1  11   6   3   2   0   4   2  0.12 0.15
  251 V    -1  -1  -3  -1   0  -2   0  -3   0   1   2  -1   1   2   0  -3  -2  -3  -2   1    5   4   0   4   2   0   9   1   2   9  27   5   3  10   6   0   2   0   0  11  0.18 0.18
  252 T    -1  -2  -1   2  -4   0   2  -3  -2  -3  -3  -2  -3  -1   1   3   3  -5  -4  -2    3   2   3  11   0   3  13   1   1   1   2   2   0   3   7  24  22   0   0   3  0.42 0.34
  253 G    -2  -2   1   3  -3  -1   0   2  -1  -2  -1  -1  -1   1   0  -1  -1  -3   2  -2    2   1   8  21   1   2   6  18   2   2   8   3   1   8   4   2   3   0   7   2  0.23 0.20
  254 Q    -1   1  -1   2  -1   1   2  -2  -2  -2  -1   2  -1  -2   0   0   1   0  -2  -2    4   5   2  10   1   6  18   3   0   2   7  16   2   2   4   4   9   1   1   2  0.20 0.18
  255 S    -1   0   0   1  -4   0   3  -2  -1  -3  -3   1  -3  -4  -1   3   2  -5  -4  -3    4   5   5   7   0   2  23   3   1   1   3   8   0   1   3  23  11   0   0   1  0.38 0.30
  256 I    -2  -2  -4  -3  -3  -3  -3  -4  -2   4   1  -1   1   2   0  -1   0  -1   3   2    1   1   0   1   0   1   1   1   1  26  13   5   3   7   4   4   5   1  12  13  0.36 0.26
  257 P     2  -1  -2   1  -3   0   5  -3  -2  -4  -2   1  -2  -3  -2  -1  -2  -5  -4  -2   19   2   1   7   0   4  40   1   1   0   3   6   1   1   1   4   2   0   0   3  0.59 0.40
  258 E     0  -1  -1   2  -6   2   5  -3  -1  -4  -5   0  -4  -3  -3  -1   0  -5  -3  -4    8   2   3  12   0   9  47   1   1   1   0   4   0   1   1   3   5   0   1   1  0.82 0.48
  259 L    -3  -1  -5  -5  -2  -2  -4  -6  -5   4   3  -3   2   1  -4  -4  -2  -3   1   2    1   4   0   0   1   1   1   0   0  28  31   1   4   6   1   0   1   0   5  15  0.68 0.37
  260 E     0   1  -3  -1  -3   2   5  -3  -3  -1  -2   3  -2  -4  -4  -2  -1  -5   0  -1    6   8   0   3   0   9  35   2   0   3   3  17   1   0   0   1   3   0   4   5  0.54 0.38
  261 A     2   2   0   0  -1   2   2  -2  -1  -3  -3   3  -1  -4  -3   0  -2  -5  -1  -3   18   9   4   4   2   9  13   2   2   1   1  23   2   0   0   5   2   0   2   1  0.37 0.29
  262 Q     0   1  -1   3  -4   2   2  -2   0  -1   0   1   0  -1  -3  -1  -2  -4  -1  -2   10   6   2  18   0   8  16   2   2   4  11   9   2   2   0   2   1   0   2   1  0.22 0.21
  263 F    -3  -3  -4  -4   4  -5  -4  -5  -3  -2  -2  -1   3   6  -6  -2  -3   0   6  -1    2   1   1   1  10   0   1   1   0   2   3   4   7  29   0   3   1   1  30   5  1.12 0.55
  264 T     2   1  -2  -1  -4   1   3   0   0  -1  -3   2  -3  -4  -3   0   0  -5  -3  -1   21   8   1   2   0   7  18   5   2   4   1  15   0   0   0   7   4   0   1   3  0.32 0.27
  265 G     0   0   2   1  -5  -1   1   5  -3  -5  -5  -1  -3  -5  -4   1  -2  -1  -3  -5    8   4  10   7   0   3  10  38   0   0   0   3   1   0   0  12   2   1   1   0  0.64 0.38
  266 Q    -1  -1  -1  -1   1   0   1   3  -2  -1   0   2   2  -2  -2  -2  -2  -1  -1  -2    4   2   2   3   3   5   9  28   1   4  11  15   6   1   1   0   1   1   3   2  0.26 0.24
  267 M     0   1   1  -1  -4   0   1   2   0  -2  -1   2   2  -4  -3   1   0  -4  -3  -2    7   8   7   3   0   4   7  19   3   3   4  13   6   0   0   9   5   0   0   2  0.20 0.18
  268 Y    -3  -4  -1  -4   3  -2  -4   0  -1   1   2  -3  -2   0   0  -3   0   5   5   0    1   0   4   1   7   1   0   7   2   8  18   1   0   3   5   0   5   7  20   8  0.42 0.31
  269 G     1   1  -1  -4  -5  -2  -3   5   4  -5  -2  -3  -1  -5  -5   0  -2  -5  -3  -3    9   7   3   0   0   2   2  50  11   0   4   1   2   0   0   5   3   0   1   2  0.86 0.47
  270 H    -2   0  -3   5  -6  -1   4  -3   1  -3  -6   2  -5  -6  -1  -1   0  -6  -4  -4    2   5   0  39   0   2  23   1   3   2   0  11   0   0   3   3   5   0   0   1  0.88 0.49
  271 L     1  -5  -6  -6   4  -5  -5  -5  -5   1   4  -5   2   4  -5  -2  -3  -4   0   1   12   0   0   0   9   0   0   0   0   5  38   0   6  18   0   2   0   0   2   8  0.75 0.42
  272 K    -2  -2  -5  -4  -7  -1  -3  -6  -1  -7  -7   8  -6  -7  -6  -1  -5  -7  -4  -7    2   0   0   1   0   2   1   0   1   0   0  88   0   0   0   4   0   0   1   0  2.25 0.96
  273 G    -1   0   2  -1  -4   2   2  -1  -2  -1  -2   3   0  -4   0   0   0  -5  -4  -1    4   4  13   2   0   9  13   4   1   4   4  20   2   0   4   6   7   0   0   3  0.26 0.23
  274 A     1   1  -1   1  -3   0   0  -1  -2   0   0   1   0  -2  -2   1  -1  -3   0  -1   16   9   2  11   0   3   5   4   0   8  12   7   3   1   1  10   2   0   4   2  0.08 0.13
  275 V     0  -5  -6  -6   2  -5  -3  -6  -6  -1   4  -4   0  -2  -5  -4   0  -5  -4   4    9   0   0   0   4   0   1   0   0   1  48   1   1   1   0   0   7   0   0  28  0.89 0.50
  276 A     5  -4  -3  -4  -4  -4  -1  -1  -2   1  -2  -3  -1   0   0   0  -1  -2  -2  -2   52   1   1   0   0   0   4   4   1   8   4   1   2   4   4   6   4   1   1   2  0.61 0.43
  277 D    -2   0   0   4  -6   1   5  -4  -2  -5  -4   1  -5  -3  -3  -1  -2  -6  -4  -3    3   6   4  23   0   6  37   1   0   0   2   9   0   1   1   4   2   0   0   1  0.77 0.45
  278 A     2   0  -2  -1  -3  -1   2  -3   0   0   0   1  -1   0  -3   0  -1  -3   1   0   22   5   1   3   0   2  16   1   2   5   9   9   1   3   0   7   1   0   6   8  0.16 0.20
  279 V    -2  -5  -6  -6  -3  -5  -4  -6  -6   5   4  -4   2  -2  -6  -4  -3  -5  -4   3    3   0   0   0   0   0   1   0   0  30  40   1   4   0   0   1   1   0   0  19  1.04 0.50
  280 S    -1  -2   3   0  -1   1   0  -4  -4   4  -1  -2  -1  -4  -4  -1   0  -3  -4   3    3   1  14   6   1   7   6   0   0  25   2   2   1   0   0   4   6   0   0  20  0.39 0.31
  281 G     2   1   1   0  -3   0   4  -1  -2  -4  -4   2  -4  -5  -2   0   0  -5  -4  -2   17   7   5   5   1   2  30   4   0   0   1  11   0   0   1   6   7   0   0   2  0.43 0.32
  282 M    -1   1  -2  -3  -2   0   1  -4   0   1   1  -1   3   4  -4  -2  -2  -3   0  -1    4  10   2   1   1   4   9   0   2  10  17   3   9  20   0   3   1   0   2   2  0.30 0.25
  283 L    -4  -5  -1  -6  -3  -3  -6  -6  -5   2   5  -5   0   3  -6  -5  -3  -4  -3   1    0   0   4   0   1   1   0   0   0   9  60   0   1  13   0   0   1   0   0   9  1.06 0.52
  284 S     2   0  -1   2  -2   0   3  -1   5  -3  -4   2  -4  -5  -3   0   0  -5  -3  -2   17   4   2  11   1   4  17   3  14   1   0  13   0   0   0   6   5   0   0   2  0.42 0.30
  285 E    -3  -2  -1   2  -6  -3   2  -2  -2  -4  -5  -2  -5  -6   7  -1  -2  -7  -6  -3    1   2   2  12   0   1  13   4   1   1   1   2   0   0  53   4   2   0   0   2  1.32 0.61
  286 L     0  -4  -4  -5  -4  -4  -3  -3   4   5   1  -2   1   1   0  -3  -3  -4  -2   2   10   0   0   0   0   0   1   2  11  33  12   2   4   6   5   0   0   0   1  12  0.53 0.34
  287 Q    -3   6  -3  -1  -6   5   1  -5  -3  -6  -4   1  -4  -6  -4  -2  -3  -1   0  -6    1  41   0   4   0  30   7   0   0   0   1   8   0   0   1   2   1   1   3   0  1.18 0.61
  288 E     0   0  -1   1  -3   1   5  -3  -1  -5  -3   2  -4  -3  -4  -2  -1  -5  -4  -3   10   5   3   6   1   4  48   1   1   0   2  10   0   1   0   2   4   0   0   1  0.76 0.45
  289 R     1   5  -1  -3  -3   0   1  -4   0  -5  -4   4  -4  -3  -4   0  -3  -5   2  -4   13  30   3   0   1   3   9   0   2   0   1  26   0   1   0   5   0   0   7   0  0.72 0.43
  290 Y    -2   4  -4  -5  -3  -3  -2  -4   1   0  -1  -1   3   4  -5  -4  -2  -2   5  -2    3  24   0   0   1   0   3   1   3   5   6   2   8  15   0   0   2   0  24   2  0.70 0.41
  291 R     0   2   1   0  -4   2   3  -3   0  -3  -1   2  -2  -2  -3  -1  -2  -4  -2  -3   10  10   8   4   0   9  24   1   2   1   7  14   1   2   0   3   0   0   1   1  0.35 0.27
  292 T     1   2  -2   0  -4   2   4  -2  -2  -3  -2   3  -3  -3  -3   0  -2  -4  -2  -2   11  10   0   3   0   9  27   2   1   1   4  19   0   1   0   8   2   0   2   2  0.44 0.31
  293 Y     1  -3  -2  -3  -3  -3  -3  -2  -1   2   3  -2  -1   2  -4  -3  -3   1   3   0   14   1   2   1   0   0   1   2   2  16  32   3   0   8   0   0   0   2  11   5  0.36 0.26
  294 R     0   3  -2  -2  -2   0   1  -2  -1   1   0   0   3  -1   0   0   1  -3  -2   0    6  18   0   1   1   3   8   3   1   9   9   6  12   2   5   5   8   0   0   4  0.14 0.16
  295 E     2   1   2   2  -4   1   2   0  -2  -3  -4   2  -2  -4  -1   0  -2  -4  -2  -3   19   6  11  14   0   6  14   6   0   1   1  13   1   0   2   4   0   0   2   0  0.33 0.24
  296 D    -1  -1   2   5  -5   0   2  -3   0  -3  -3   2  -4  -1  -1  -1  -2  -5  -4  -3    6   3  11  33   0   2  15   0   2   1   2  12   0   3   3   4   1   0   0   2  0.54 0.32
  297 E    -1   1  -1  -1  -4   0   2  -3  -3  -1   0   1   2  -4   4  -1   0  -4  -2  -1    6   7   2   3   0   2  16   0   0   3   8  11   7   0  24   4   5   0   1   3  0.39 0.24
  298 A     1  -2   0   3  -3  -1   2   1   0  -3  -2   1  -1  -4   0   0  -1  -4  -3  -2   16   0   4  17   0   1  18  11   2   1   3   8   1   0   5   7   4   0   0   2  0.27 0.18
  299 L    -2  -1  -2   1  -4   0   3  -4   2  -1   1   0   0   1  -3  -2  -1  -2   4  -2    3   2   1   7   0   4  21   1   5   2  15   6   2   5   0   0   4   0  20   2  0.31 0.24
  300 L    -3  -4  -5  -5  -3  -4  -5  -5  -4   3   4  -4   1  -1  -3  -3  -3  -4   0   3    0   0   0   0   0   0   0   0   0  15  51   0   3   2   2   2   0   0   3  19  0.80 0.38
  301 Q    -2   2   0   4  -4   1   3  -3  -1  -2  -2   1  -2  -1  -3  -1  -2  -4  -1  -1    1  12   5  23   0   6  25   0   1   2   4   6   1   3   0   3   0   0   2   4  0.45 0.27
  302 D     0   1   2   2  -3   1   2  -1   0  -1  -2   2  -2  -2  -2   0  -2  -4  -3  -2   10   8  10  15   0   4  17   4   2   4   3  13   1   1   0   6   1   0   0   2  0.25 0.17
  303 V    -1  -4  -4  -3  -1  -4  -4  -5  -5   6  -1  -2   2   0  -4  -4  -2  -4  -3   4    5   0   0   2   1   0   0   0   0  47   1   3   5   3   0   0   1   0   0  30  0.91 0.41
  304 M    -1  -3  -5  -5  -2  -4  -5  -5  -4   1   5  -4   2   3  -5  -4  -3  -3   1   0    4   1   0   0   1   0   0   0   0   7  60   0   4  12   0   0   0   0   5   4  0.85 0.39
  305 R     0   2   1   1  -4   2   0  -2   0  -2  -1   3   0  -1  -3   0  -1  -3   0  -2    7  12   5   8   0  11   4   1   2   1   8  23   3   3   0   5   3   0   3   1  0.23 0.18
  306 E     1  -1  -1   2  -2   2   2  -1  -1  -2  -3   2  -3  -2   1   0  -1  -4   0  -1   13   0   1  13   0   9  18   5   1   2   0  15   0   2   5   6   2   0   5   4  0.26 0.21
  307 G    -1  -5   0   0  -5  -4  -4   7  -5  -6  -6  -4  -5  -6  -5  -1   0   0  -6  -6    3   0   3   5   0   0   0  79   0   0   0   0   0   0   0   2   6   2   0   0  1.61 0.54
  308 A     3   0  -2  -1   1  -2  -2   3  -3  -3  -3   0  -2  -4  -3   2   1  -4  -3  -2   32   4   1   3   3   0   0  20   0   0   1   6   1   0   0  15  10   0   1   2  0.41 0.25
  309 A     1   1   0   2  -4   2   4  -2  -1  -3  -3   1  -2  -5  -3   0  -1  -5  -4  -3   11   7   4  10   0   9  38   1   1   2   1   9   1   0   0   3   3   0   0   0  0.53 0.28
  310 K    -3   4  -1  -3  -5   2  -1  -4  -3  -4   0   6  -3  -5  -4  -2  -2  -5  -4  -4    0  23   2   0   0   7   3   0   0   0   9  53   0   0   0   1   2   0   0   0  1.02 0.44
  311 A     6  -2  -4  -4  -1  -1  -2  -1  -4  -3   0  -3   1  -4  -3   0  -2  -5  -4  -2   73   2   0   0   1   2   2   3   0   1   8   0   4   0   0   3   0   0   0   1  0.95 0.44
  312 R    -2   6   1  -3  -2   2   0  -2   1  -4  -3   2   0  -4  -4   0  -2  -4  -1  -3    1  47   8   0   1  10   3   2   3   0   1  10   2   0   0   6   1   0   2   1  0.76 0.34
  313 A     1   0  -2  -1  -3   0   3  -2  -2  -2  -1   2  -1  -2   1   0   0   0  -1  -2   17   4   0   2   0   1  29   1   0   1   7  14   1   2   7   3   7   1   2   2  0.27 0.20
  314 R    -1   1  -3  -2  -3  -2   0  -4  -3   3   1  -1   2  -2  -3  -2   0  -4  -1   3    3   9   0   2   0   1   6   0   0  22   9   3   5   0   0   2   6   0   1  30  0.31 0.20
  315 A     6  -4  -4  -1  -3  -3  -3  -2  -4  -4  -4  -3  -3  -4  -3   0  -1   3  -4  -2   83   0   0   3   0   0   0   1   0   0   0   0   0   0   0   4   2   4   0   1  1.33 0.51
  316 Q     1   2   3  -1  -3   2   1  -1  -1  -2  -3   1  -2  -2  -1   1   1  -3  -1  -2   12  13  16   2   0  11   9   3   0   2   1   8   1   2   3   8   7   0   2   1  0.23 0.15
  317 V     0   0  -1  -2  -4   1   3  -2  -2  -2  -2   4  -2  -4   3   0  -1  -4  -2  -2    6   4   1   0   0   6  20   2   0   2   4  29   0   0  12   6   3   0   1   3  0.39 0.22
  318 T    -1  -2   1  -3  -1  -2  -3  -3  -3   0   0  -1  -1  -1  -3   0   6  -4  -3   0    4   1   6   0   1   1   0   0   0   4   9   3   1   3   0   4  55   0   0   7  0.63 0.32
  319 L    -3  -4  -5  -5   0  -4  -4  -5  -4   2   5  -4   5   0  -4  -4  -3  -3   0   1    0   0   0   0   2   0   0   0   0   9  56   0  17   2   0   0   0   0   3  10  0.85 0.33
  320 A     1   1   1   1  -3   2   2  -1   0  -3  -2   2  -2  -4   0   1   0  -4  -3  -3   12   6   6   9   0  12  15   2   1   0   4  17   0   0   4   8   4   0   0   0  0.28 0.16
  321 K    -2   3   0   1  -5   1   4  -1  -1  -3  -2   3  -2  -5  -3  -2  -2  -5  -4  -4    2  16   3   8   0   6  31   4   1   1   4  25   1   0   0   0   1   0   0   0  0.57 0.27
  322 V     1  -4  -5  -5  -3  -4  -4  -4  -5   2   2  -4   2  -1  -4  -3  -2  -4  -3   5   14   0   0   0   0   0   0   0   0   6  16   0   6   2   0   1   0   0   0  55  0.77 0.33
  323 Y    -3   5   1  -3  -5   0   0  -4   2  -4  -3   4  -1  -2  -4  -3  -3  -3   4  -4    0  32   6   0   0   2   4   0   4   0   1  29   2   1   0   0   0   0  19   0  0.83 0.34
  324 E    -1   2   0   4  -4   1   4  -3   0  -4  -4   2  -3  -5  -3   0  -1  -5  -4  -4    6  11   4  24   0   6  27   1   1   0   1  13   0   0   0   4   3   0   0   0  0.57 0.24
  325 A     4   0  -2  -3  -3  -1  -1   0   0   1   0   1  -2  -3  -3   0   0  -4  -3  -1   45   4   1   0   0   2   2   6   2   9  10  12   0   0   0   2   5   0   0   1  0.34 0.23
  326 I    -3  -4  -5  -5  -1  -4  -5  -5  -4   4   2  -4   6   1  -5  -4  -2  -4  -3   4    0   0   0   0   1   0   0   0   0  24  12   0  24   6   0   0   1   0   0  31  0.82 0.32
  327 G    -3  -3   0  -4  -5  -4  -5   7  -5  -7  -7  -4  -6  -6  -5  -3  -4  -5  -6  -6    0   1   3   0   0   0   0  95   0   0   0   0   0   0   0   0   0   0   0   0  2.11 0.55
  328 F    -4  -5  -5  -6  -4  -5  -5  -6  -4   2   4  -5   0   6  -5  -5  -3   0   0  -1    0   0   0   0   0   0   0   0   0  13  48   0   1  36   0   0   0   1   2   0  1.06 0.35
  329 V    -2  -3  -4  -4  -2  -3  -3  -2  -3   3   3  -3   2   1  -3  -1  -1  -3  -1   2    0   0   0   0   0   0   0   2   0  23  39   0   4   4   0   5   2   0   2  19  0.40 0.13
  330 A     2  -1  -1   2  -2   1  -1   2  -2  -3  -2  -1  -2  -3   4   1  -1  -4  -3  -2   25   3   0  14   0   9   0  15   0   0   2   0   0   0  20  10   2   0   0   0  0.39 0.08
  331 Q    -2   4   2  -1  -4   2   0  -2   3  -4  -3   1  -2  -4   4  -1  -1  -4  -2  -3    0  32  16   0   0  12   0   0  11   0   0   6   0   0  23   0   0   0   0   0  0.61 0.10
  332 P    -1  -3  -2  -2  -3  -2  -1  -3  -3  -3  -3  -1  -3  -4   8  -1  -1  -4  -3  -3    0   0   0   0   0   0   0   0   0   0   0   0   0   0 100   0   0   0   0   0  2.16 0.05

                      K         Lambda
Standard Ungapped    0.1341     0.3183
Standard Gapped      0.0486     0.2670
PSI Ungapped         0.1589     0.3180
PSI Gapped           0.0486     0.2670
