
Last position-specific scoring matrix computed, weighted observed percentages rounded down, information per position, and relative weight of gapless real matches to pseudocounts
            A   R   N   D   C   Q   E   G   H   I   L   K   M   F   P   S   T   W   Y   V   A   R   N   D   C   Q   E   G   H   I   L   K   M   F   P   S   T   W   Y   V
    1 C    -2  -6  -5  -6  11  -5  -6  -5  -5  -3  -3  -5  -3  -4  -5  -3  -3  -4  -4  -3    0   0   0   0 100   0   0   0   0   0   0   0   0   0   0   0   0   0   0   0  2.91 0.45
    2 S     0  -2  -1  -2  -2  -2  -2  -2  -3   0  -2  -2  -2  -3  -2   3   5  -4  -3  -1    7   0   0   0   0   0   0   0   0   8   0   0   0   0   0  31  54   0   0   0  0.67 0.22
    3 T     1  -3  -2  -3  -2  -2  -3  -3  -3   1  -1  -2  -1  -3  -3  -1   5  -4  -3   3   10   0   0   0   0   0   0   0   0   5   0   0   0   0   0   0  49   0   0  36  0.60 0.23
    4 I     1  -2  -2  -3  -2   1  -2  -3  -3   4  -1  -2   3  -2  -3   3  -1  -4  -2   0   10   0   0   0   0   8   0   0   0  38   0   0  13   0   0  31   0   0   0   0  0.37 0.20
    5 Q     1  -2  -2  -2   1   4  -1   1  -2  -1   1  -1  -1  -3   1  -1  -2  -3  -3  -1   19   0   0   0   4  29   0  14   0   0  24   0   0   0   7   0   0   0   0   2  0.28 0.16
    6 M     2  -3  -4  -4  -2  -2  -3  -3  -3   0   3  -3   7  -1  -3  -2  -2  -3  -2   1   20   0   0   0   0   0   0   0   0   0  31   0  43   0   0   0   0   0   0   5  0.69 0.24
    7 M     2  -3  -3  -3   2  -2  -3  -2  -3   0   2  -2   3  -1  -3  -1   1  -3  -2   2   20   0   0   0   5   0   0   3   0   0  29   0  14   0   0   0   8   0   0  21  0.28 0.13
    8 V     0  -2  -3  -3  -2   0  -1  -3  -3   2   1  -2   4  -1   2  -2  -1  -3  -2   2    9   0   0   0   0   5   5   0   0  13  13   0  21   0  10   0   0   0   0  24  0.30 0.13
    9 A     3  -3  -2  -3  -2  -2  -2  -1  -3   0  -2  -2  -1  -3   3   1   1  -4  -3   2   37   0   0   0   0   0   0   2   0   3   0   0   0   0  13  11  10   0   0  23  0.37 0.15
   10 L    -3  -4  -5  -5  -3  -4  -4  -5  -4   1   6  -4   1  -1  -4  -4  -3  -3  -2   0    0   0   0   0   0   0   0   0   0   6  94   0   0   0   0   0   0   0   0   0  1.07 0.28
   11 E     1   0   0  -2  -3   0   1   3  -2  -4  -3   4  -2  -3  -2  -1  -1  -3  -1  -3   16   2   3   0   0   0   7  24   0   0   0  42   0   0   0   0   3   0   3   0  0.44 0.16
   12 P     0  -1  -3  -3  -4  -3  -3   2  -4  -4  -4  -2  -4  -5   7  -2  -2  -5  -4  -2    7   3   0   0   0   0   0  18   0   0   0   0   0   0  69   0   0   0   0   3  1.59 0.29
   13 V    -3  -4  -5  -5  -2  -4  -4  -5  -4   4   5  -4   1  -1  -4  -4  -2  -3  -2   1    0   0   0   0   0   0   0   0   0  30  68   0   0   0   0   0   0   0   0   2  0.82 0.23
   14 R    -2   1  -1   0  -3  -1  -2  -3   4   0   1  -2   1   4  -3  -1  -2  -1   3  -1    0  10   2   7   0   2   0   0  15   6  14   0   4  21   0   2   0   0  14   0  0.29 0.13
   15 Q     0  -1   2   4  -4   3   2  -1  -1  -3  -2   1  -2  -4  -2   0  -1  -4  -3  -2    9   0   9  34   0  21  10   3   0   0   3   7   0   0   0   2   0   0   0   2  0.46 0.15
   16 K     1   1   2   1  -3   1   3  -2   1  -3  -2   2  -2  -3  -2   0   0  -3  -2  -2   19   8  12   5   0   6  23   0   3   0   3  14   0   0   0   0   7   0   0   0  0.27 0.10
   17 W     0  -2  -1   0  -2  -1  -1   0  -1   0   0  -1  -1   3  -1  -1   0   3   2   0   12   0   2   9   0   3   2   7   0   7  10   2   0  21   3   0   6   4   9   3  0.11 0.07
   18 G    -1   0   1   0  -3  -1  -2   4  -2  -2   1   1  -2  -3   0  -1  -1  -3  -3  -2    0   3   9   5   0   0   0  40   0   0  18  16   0   0   5   2   2   0   0   0  0.35 0.13
   19 L    -2  -3  -4  -4   2  -3  -4  -4  -4   4   3  -3   3  -1  -3  -3  -2  -3  -2   2    0   0   0   0   5   0   0   0   0  37  33   0   8   0   0   0   0   0   0  14  0.53 0.16
   20 D    -1   1   1   2  -3   1   3  -2  -1  -3  -3   2  -2  -3  -2   1  -1  -4  -3  -1    3   7   9  14   0   2  24   0   0   0   0  22   0   0   0  13   0   0   0   5  0.35 0.12
   21 R     0   4  -2  -2  -3   2  -1   0  -2  -4  -3   1  -2  -3  -3   0  -1   7  -1  -3    7  37   0   0   0  14   0   8   0   0   0   5   0   0   0   6   2  18   0   0  0.65 0.19
   22 I     0  -3  -3  -4  -2  -3  -3  -4  -4   3   2  -3   2  -1  -3  -2   0  -3  -2   4    7   0   0   0   0   0   0   0   0  20  18   0   6   0   0   0   3   0   0  45  0.46 0.15
   23 I    -1   0   2  -1  -2  -2  -2  -2   0   1  -1  -2   1   2  -3   1   0  -2   0   2    2   5  13   2   0   0   0   0   2  12   0   0   6  15   0  14   7   0   2  19  0.12 0.09
   24 V    -1  -4  -4  -4  -2  -3  -3  -4  -4   3   1  -3   0  -2  -3  -1   0  -4  -2   5    3   0   0   0   0   0   0   0   0  16   9   0   0   0   0   4   3   0   0  64  0.63 0.21
   25 S     2  -2  -1  -1  -2  -1  -2  -2  -2  -2  -2  -2   2  -1  -2   4   4  -3  -2  -1   16   0   0   3   0   0   0   0   0   0   0   0   7   3   0  38  30   0   0   2  0.46 0.20
   26 T     1  -2  -1  -2  -2  -2  -1  -2  -3  -2  -3  -2  -2  -4  -2   3   6  -4  -3  -2    8   0   0   0   0   0   3   0   0   0   0   0   0   0   0  25  65   0   0   0  0.84 0.28
   27 Y    -3  -1  -4  -5   3  -3  -4  -5  -1   0   1  -3   4   1  -4  -3  -3   0   7  -2    0   3   0   0   8   0   0   0   0   5  13   0  14   0   0   0   0   0  58   0  1.00 0.28
   28 Q    -3  -1  -2  -2  -4   7   0  -4   1  -1   1  -1  -1  -4  -3  -2  -2  -4  -3  -3    0   0   0   0   0  79   0   0   3   4  15   0   0   0   0   0   0   0   0   0  1.17 0.35
   29 A     4  -2  -2  -1  -2  -2  -2  -1  -3  -3  -3  -2  -2  -4   2   3  -1  -4  -3  -2   55   0   0   3   0   0   0   0   0   0   0   0   0   0  11  32   0   0   0   0  0.67 0.23
   30 V     3  -3  -3  -4  -2  -3  -3  -3  -4   2   1  -3   0  -2  -3  -1  -1  -4  -2   4   35   0   0   0   0   0   0   0   0   8  12   0   0   0   0   0   0   0   0  45  0.47 0.19
   31 S     0  -2  -1  -2  -3  -2  -2  -2  -3  -4  -4  -2  -3  -4  -3   6   0  -5  -3  -3    0   0   0   0   0   0   0   0   0   0   0   0   0   0   0 100   0   0   0   0  1.33 0.39
   32 G     0  -3  -2  -3  -4  -3  -3   6  -3  -5  -5  -3  -4  -3  -3   0  -2  -3   1  -4    4   0   0   0   0   0   0  82   0   0   0   0   0   0   0   8   0   0   7   0  1.27 0.28
   33 A     4  -2  -2  -3  -2   0  -2   0  -3  -2  -1  -2  -2  -3  -2   2   1  -4  -3  -1   63   0   0   0   0   4   0   4   0   0   8   0   0   0   0  13   8   0   0   0  0.52 0.21
   34 G    -1  -4  -2   0  -4  -3  -3   7  -4  -5  -5  -3  -4  -5  -4  -2  -3  -4  -5  -5    0   0   0   7   0   0   0  93   0   0   0   0   0   0   0   0   0   0   0   0  1.62 0.32
   35 M     2   1   0  -2  -2   0  -1  -2  -1  -1  -1   2   0  -1  -2   0  -1  -2   3  -1   32   8   5   0   0   2   0   0   0   2   7  18   2   0   0   3   0   0  18   0  0.22 0.13
   36 G     1   1   0  -1  -3   2   2  -1  -1  -3  -3   2  -1  -3   3   0  -1  -3  -3  -2   18   8   4   0   0   8  21   2   0   0   0  17   2   0  15   2   0   0   0   0  0.37 0.12
   37 A     2  -2   2  -2  -3  -2  -2   5   2  -3  -3  -2  -3  -3  -3  -1   0  -3   0  -3   21   0  11   0   0   0   0  50   6   0   0   0   0   0   0   0   7   0   4   0  0.61 0.17
   38 I    -2  -3  -4  -4  -2  -3  -4  -4  -4   4   0  -3   6  -2  -4  -3  -1  -3  -2   4    0   0   0   0   0   0   0   0   0  24   0   0  30   0   0   0   0   0   0  43  0.75 0.24
   39 L     1   2   1   2  -2   0   2  -2  -1  -1  -2   1  -1  -3   1   0   1  -3  -2  -1   13  15   5  13   0   3  14   1   0   5   3   7   0   0   6   5   9   0   0   1  0.18 0.06
   40 E     0  -1  -1   1  -3   0   5  -2  -1  -3  -3   1  -3  -3  -2   1   0  -3  -3  -3    5   1   0   3   0   0  62   1   0   1   1   7   0   0   1  14   3   0   0   1  0.70 0.20
   41 T    -2  -3  -3  -4  -2  -3  -3  -4  -3   0   5  -3   2  -1  -3  -3   0  -2  -2   0    1   1   0   1   0   0   1   1   0   1  80   1   4   0   1   1   5   0   0   3  0.70 0.20
   42 Q     3  -1  -2   0  -2   0  -1  -2   0   0   1   1  -1  -1  -2  -1  -1  -2   2   0   37   1   0   6   0   3   1   1   3   5  15  10   0   0   1   1   1   0  10   7  0.14 0.10
   43 R     0   2   1   1  -2   1   1   2   0  -2  -2   1  -1  -2  -1   1   0  -2  -2  -2    3  16   9   6   0   5   6  20   3   1   2   7   2   1   1   8   5   0   1   1  0.19 0.05
   44 E    -1   0  -1  -1  -3   6   2  -2  -1  -2  -2   0  -1  -3  -2  -1  -1  -2  -2  -2    4   1   1   1   0  66   8   2   0   1   4   1   0   1   1   1   1   0   1   3  0.79 0.21
   45 L     0  -2  -1  -2   0  -1  -1  -2  -2   0   0  -1   4   0  -2   1   3  -2  -1   0    8   1   1   1   2   1   1   2   0   3   7   1  19   3   1  10  31   0   1   5  0.21 0.10
   46 R     2   1  -1   0  -1   2   0   1  -1  -2  -2   1  -1  -2  -1   1   1  -2  -1  -1   24  11   1   4   1  11   2   9   1   2   3  11   1   1   2   7   8   0   1   2  0.15 0.05
   47 E     1   1   0   2  -2   0   2   0  -1  -2  -2   1  -1  -2   0   0   0  -2  -2  -2   13   8   1  14   1   1  23   4   1   1   3  11   1   1   4   6   4   0   1   2  0.20 0.05
   48 V    -1  -2  -2  -2  -1  -2  -2  -2  -2   1   3  -2   1   0   0  -2  -1   1  -1   2    5   1   1   1   1   1   2   2   1   6  44   2   1   4   4   2   2   2   1  18  0.20 0.07
   49 L     0  -2  -2  -2   0  -2  -2  -1  -2   1   3  -1   1   1  -2  -1  -1  -2  -1   1   12   1   1   1   3   1   2   6   1   6  44   3   1   6   1   2   1   0   1   6  0.15 0.07
   50 N    -1  -1   5   2  -2   0   1   0   0  -2  -2   0  -2  -2  -1   0  -1  -2  -2  -2    5   2  42  12   1   3   9   5   1   2   3   4   1   1   2   5   2   0   1   2  0.40 0.10
   51 D    -1  -1  -1   1  -2   0  -1   3   1  -2  -2   0  -2  -2   3  -1  -1  -2  -2  -2    2   2   1  11   1   4   2  33   6   2   3   7   1   1  18   2   2   0   1   2  0.37 0.08
   52 G     2   1   1  -1  -1   0   0   1  -1  -1  -1   0  -1  -1  -1   1   0  -1  -1  -1   25   8   7   2   1   2   5  13   1   2   7   7   1   2   2   9   2   1   1   3  0.10 0.03
   53 V     0  -1  -1  -1  -1   0   1   0   1   0  -1  -1   0   0   1   1   0  -1   0   1    7   2   2   2   1   2  12   5   5   7   4   2   1   4   6  13   3   1   4  17  0.04 0.02
   54 K     0   1  -1   0  -2   0   0  -1  -1  -1  -2   2   0  -2   4   1  -1  -2  -2  -1    8   5   1   4   0   4   6   2   1   5   2  20   3   1  20  14   1   0   1   2  0.28 0.07
   55 P     0  -1  -1   0  -1   0  -1  -1  -1   1   0  -1   0  -1   3   1   0  -2  -1   0    3   2   2   5   1   4   2   5   1  18  11   2   1   1  18  14   5   0   1   5  0.15 0.04
   56 C    -1  -1  -1  -1   0  -1  -1  -2  -1   1   2   1   1  -1   0  -1   0  -1  -1   0    3   2   2   4   3   2   2   3   1   8  34  13   4   1   5   3   4   0   1   5  0.07 0.04
   57 D     0  -1   0   4  -2   0   2  -1  -1  -2  -2  -1  -2   0  -1   0  -1  -1   2  -1    8   2   3  33   1   1  15   2   1   2   3   2   1   4   2   4   2   0  10   4  0.26 0.07
   58 L    -1  -1  -1   0  -1  -1   0  -1   0   3   0  -1   0   0  -1  -1  -1  -1  -1   2    3   2   2   5   1   2   6   6   3  30   6   2   1   4   2   3   3   1   1  17  0.06 0.04
   59 H    -1  -1   0   2  -2   1   2  -1   2  -1  -1   0  -1   1  -1   0  -1  -1  -1  -1    3   2   2  17   1   4  24   5   8   2   3   5   1   8   2   3   2   1   1   7  0.16 0.05
   60 A     1   2   0   1  -1   0   0   1  -1  -1  -1   1  -1  -2   1   0   0  -1  -1  -1   12  18   2  11   1   2   5  10   1   2   7   8   1   2   7   5   2   1   1   3  0.11 0.03
   61 E     0   0   1   1  -2   1   2   0  -1  -1  -1   2  -1  -2  -1   0   0  -2  -1  -1    6   2   9   4   1   4  19   8   1   2   4  21   1   2   2   5   2   1   1   5  0.14 0.04
   62 I     0  -1   0   0  -1   0  -1  -1  -1   2   0   0   0  -1  -1   0   0  -1  -1   2    6   2   7   5   1   7   3   3   1  18   6   4   1   2   2   6   5   1   1  21  0.04 0.03
   63 L     0   0   0  -1  -1  -1   0  -1  -1   0   1   0   1   1  -1   0   1  -1   0   0   11   4   5   4   1   1   5   3   1   2  23   6   3   6   2   6  10   0   3   5  0.03 0.02
   64 P     0  -1  -1   0  -2   1   1  -2  -1  -2  -1   0  -2  -1   6  -1  -1  -2  -2  -2   10   1   1   4   1   6   9   2   1   1   5   5   1   4  42   2   2   0   1   2  0.65 0.11
   65 S     0   1   0   0  -2   1   0  -1  -1   0   0   1   0   1   0   0   0  -1   1   0    8  12   3   4   1   6   7   2   1   8   9   8   1   7   4   6   5   0   5   4  0.03 0.01
   66 G     0  -1  -1  -1  -2   0   0   1  -1  -1  -1   1  -1   0   5  -1  -1  -2  -1  -1    7   2   3   2   1   4   5  11   1   3   6   9   1   5  33   2   2   0   1   2  0.42 0.08
   67 G     0  -1  -1   0  -2   0  -1   1  -1   0   0   0   0   2   0   0   0  -1   0   0    6   1   1   6   1   3   2  16   1   1  11   5   1  16   4   4   9   0   1   9  0.05 0.03
   68 D    -1  -1   1   4  -2   0   1   0  -1  -2  -2   0  -2  -3   2  -1  -1  -3  -2  -1    4   1   5  40   1   5   6   6   1   1   2   7   1   1  10   2   2   0   1   4  0.38 0.09
   69 K    -1   1   2  -1  -2   0   1  -1   1  -1  -2   2  -1   0   0   0   0  -1   1  -1    5   9  17   1   0   1   8   2   5   1   2  17   1   5   3   2   6   0   8   7  0.12 0.05
   70 K    -1  -1  -1   0  -2   2   1  -1  -1  -2  -1   1  -1   4  -2  -1  -1  -1   2  -2    2   1   1   6   0  16   8   4   1   1   2  13   1  32   1   2   1   0   7   2  0.26 0.10
   71 H     1   0   0  -1  -1   0   1   2   2  -1  -2   0  -1  -1   2   0  -1  -1   0  -1   10   4   2   2   1   2   9  21   8   2   3   4   1   1  10   9   2   1   4   5  0.14 0.03
   72 Y     0   0  -1  -1  -1   0  -1  -1   1   0  -1   0  -1   0  -1  -1   1  -1   3   1   10   5   2   2   1   5   2   2   3   2   3   8   1   1   2   2   9   0  20  20  0.10 0.05
   73 P    -1   1  -1  -1  -2   2  -1  -2  -1  -2  -2   0  -2  -2   5   0   1  -2  -2  -2    4   8   1   2   1  15   2   2   1   2   3   2   1   1  39   5   9   0   1   2  0.63 0.11
   74 I    -3  -4  -5  -5  -3  -4  -4  -5  -4   5   3  -4   0  -1  -4  -4  -2  -4  -2   1    0   0   0   0   0   0   0   0   0  62  38   0   0   0   0   0   0   0   0   0  0.89 0.25
   75 A     5  -3  -3  -3  -2  -2  -2   0  -3  -2   0  -2  -1  -3  -2   0  -1  -3  -3   0   74   0   0   0   0   0   0   6   0   0  12   0   0   0   0   0   2   0   0   3  0.62 0.22
   76 F    -2  -3  -2   2  -3  -3  -3   2  -2  -2  -1  -3  -2   6  -4  -2  -2  -1   1  -2    2   0   0  14   0   0   0  19   0   0   3   0   0  54   0   0   3   0   2   0  0.67 0.21
   77 N    -2  -2   7   1  -3  -1  -1  -2  -1  -4  -4  -1  -3  -4  -3   2  -1  -5  -3  -4    0   0  71   7   0   0   0   0   0   0   0   0   0   0   0  18   0   0   0   0  1.11 0.29
   78 A     1  -3  -3  -4   0  -2  -3  -3  -3   2   3  -3   2  -1  -3  -2  -1  -3  -2   2   17   0   0   0   2   0   0   0   0   9  45   0   4   0   0   0   0   0   0  21  0.37 0.13
   79 L    -2  -3  -4  -4  -2  -3  -4  -4  -3   4   3  -3   0   2  -3  -3  -2  -2   2   2    0   0   0   0   0   0   0   0   0  39  30   0   0  12   0   0   0   0   7   9  0.49 0.15
   80 P     0  -3  -3  -3  -4  -3  -3  -1  -3  -4  -3  -2  -3  -4   8  -2  -2  -5  -4  -3    9   0   0   0   0   0   0   4   0   0   3   0   0   0  80   0   0   0   0   0  1.91 0.32
   81 Q    -3   0  -2  -3  -3   2  -2  -3   5  -2   1  -2  -1   2  -3  -2  -2   7   3  -2    0   4   0   0   0  17   0   0  20   0  15   0   0  10   0   0   0  18  14   0  0.65 0.19
   82 I     0  -3   0  -3  -2   0  -3  -2  -3   5   0  -3   0  -2  -3  -2  -1  -3  -2   2   10   0   5   0   0   7   0   3   0  60   4   0   0   0   0   0   0   0   0   8  0.44 0.18
   83 D    -1  -2   0   5  -3  -2  -1   4  -2  -4  -4  -1  -3  -4   0   0   0  -4  -4  -3    0   0   0  43   0   0   0  34   0   0   0   4   0   0   4   5   7   0   0   0  0.69 0.19
   84 V     0  -1   1   2  -2   0   0   0  -1  -1  -2   2  -1  -3   2   0   0  -3  -2   1    5   1   7  15   0   4   1   7   0   1   1  18   0   1  12   6   5   0   0  16  0.18 0.07
   85 F    -1  -1   0   0  -2   0   1  -2  -1   0   1   0   0   3  -2   0  -1  -1   2   0    1   1   7   5   0   2  12   1   0   6  17   5   0  22   1   5   1   0   6   5  0.10 0.06
   86 T    -1  -1   1   1  -2   0   0  -2  -1   0   1   0   2   0  -2  -1   0  -2  -1   1    2   3   8   9   0   6   6   2   0   1  21   4  13   3   1   2   8   0   1  11  0.07 0.05
   87 D     0   0   0   4  -2   0   2   0  -1  -3  -3   1  -2  -3   1   1   0  -3  -2  -2    7   3   1  29   0   1  13   5   0   1   1  10   0   1   5  16   5   0   0   1  0.31 0.09
   88 N     0  -1   5   3  -3  -1   1  -1  -1  -3  -3   0  -2  -3  -2   0  -1  -3  -3  -3    8   1  45  21   0   1   9   1   0   1   1   4   0   1   1   2   2   0   0   1  0.57 0.15
   89 D     0  -2   0   1  -2  -2  -2   5   0  -3  -3  -1  -2  -3  -2  -1  -2  -2  -2  -3    5   1   3   8   0   1   1  63   3   1   2   4   0   1   1   2   1   0   1   1  0.69 0.14
   90 Y    -1  -1  -1  -1  -2   3   2  -2   3  -2  -2  -1   0   0  -2   0   0   0   5  -2    2   1   1   1   0  19  14   2   8   1   2   1   3   1   1   5   4   0  31   1  0.40 0.13
   91 T     0  -2  -1  -1   2  -1  -1  -2  -2   0  -1  -1  -1  -2  -1   2   4  -2  -2   0    2   1   1   1   5   1   1   2   0   4   2   1   0   1   1  23  44   0   1   8  0.37 0.13
   92 Y     0   3  -1   1  -3   0   0   1  -1  -3  -3   3  -2  -1  -2   0  -1  -2   0  -2    5  20   1  10   0   0   5  14   0   1   1  25   0   3   1   6   2   0   5   1  0.25 0.09
   93 E    -2  -2  -2   0  -4   0   6  -3  -2  -1  -2  -1  -3  -4  -2  -2  -2  -4  -3  -3    1   0   0   0   0   0  86   0   0   4   5   0   0   0   0   0   0   0   0   0  1.14 0.30
   94 E    -2  -2  -2   1  -4   0   6  -3  -2   0  -3  -1  -3  -4   0  -1  -2  -4  -3  -3    1   0   0   5   0   0  78   0   0   8   1   0   0   0   3   0   0   0   0   0  1.00 0.27
   95 M    -1   1  -1   0  -3   1   0  -3  -2  -2   0  -1   3   0  -3  -1   0   7  -1  -2    2  12   2   5   0  10   6   0   0   0   9   0  17   5   0   2   7  20   0   0  0.42 0.15
   96 K    -2   4  -1  -2  -4   0  -1  -3  -2  -4  -3   6  -2  -4  -2  -1  -2  -4  -3  -3    1  20   0   0   0   0   0   0   0   0   1  74   0   0   0   0   0   0   0   0  1.03 0.27
   97 M     0  -3  -3  -3  -2  -2  -3   2  -3   3   2  -3   5  -1  -3  -2  -2  -3  -2   1    6   0   0   0   0   0   0  16   0  28  14   0  29   0   0   0   0   0   0   2  0.39 0.16
   98 T     0   1  -2  -2  -2   2   1  -1  -1   0   0   0   0   0  -2  -1   0  -2   0   1    7  10   0   0   0  14  11   4   0   5  10   3   0   4   0   0   5   0   3  21  0.08 0.06
   99 K     1  -1   2   0  -2   0   0  -1   0  -2  -2  -1  -1   0  -2   1   0   5   0   0   21   0  17   4   0   3   7   0   3   0   2   3   0   6   0  10   4  10   2   7  0.19 0.09
  100 E    -3  -2  -2   0  -5   2   7  -4  -2  -5  -5  -1  -4  -5  -3  -2  -2  -5  -4  -4    0   0   0   0   0   7  93   0   0   0   0   0   0   0   0   0   0   0   0   0  1.50 0.37
  101 T    -1  -2   0  -2  -2  -2  -2  -3  -3  -1   1  -2  -1  -3  -1   2   5  -4  -3   1    2   0   3   0   0   0   0   0   0   0  13   0   0   0   2  15  50   0   0  15  0.46 0.20
  102 K    -2   4   3  -1  -4   3   0  -1   1  -3  -2   2  -2  -4  -3  -1  -2  -4  -3  -3    0  28  24   0   0  18   0   3   3   0   6  17   0   0   0   2   0   0   0   0  0.52 0.18
  103 K    -1   3  -2  -2  -4   1  -1  -3   0  -4  -4   6  -3  -4  -3  -2  -2  -4  -3  -4    4  14   0   0   0   4   0   0   2   0   0  76   0   0   0   0   0   0   0   0  1.02 0.29
  104 I    -3  -4   0  -4  -3  -4  -4  -5  -4   6   1  -4   0  -2  -4  -3  -2  -4  -3   2    0   0   8   0   0   0   0   0   0  79   9   0   0   0   0   0   0   0   0   4  0.91 0.27
  105 M    -2  -3  -4  -5  -2  -3  -4  -5  -3   1   4  -3   4   3  -4  -3  -2  -2  -1   1    0   0   0   0   0   0   0   0   0   4  60   0  17  12   0   0   0   0   0   8  0.68 0.20
  106 E     0  -2   1   1  -3   1   1   4   3  -4  -4  -1  -3  -4   1  -1  -2  -4  -3  -3    7   0   8   9   0   7   8  43  10   0   0   0   0   0   7   2   0   0   0   0  0.52 0.15
  107 D     0   0  -1   3  -3   2   2  -2  -1   0  -1   1   0  -3   0   0   0  -3  -2  -1   10   2   0  22   0   9  16   0   0   7   3  13   3   0   3   4   5   0   0   3  0.22 0.08
  108 D     0   0   2   2  -3  -1   1  -2  -2  -3  -1   0  -2  -3   5   0  -1  -4  -3  -3    6   4  17  13   0   0  11   0   0   0   7   3   0   0  30   6   2   0   0   0  0.53 0.13
  109 S    -1  -1   1   4  -3   0   2   0   2  -2  -3   0  -2  -3   2   1  -1  -3  -2  -2    3   0   6  27   0   0  18   7   7   4   1   3   0   0  11   9   2   0   0   1  0.35 0.10
  110 I    -2  -3  -2  -3  -2  -3  -3  -2  -3   3   2  -3   0   3  -3  -2   0  -2  -1   2    1   0   2   0   0   0   0   4   0  32  29   0   0  14   0   0   5   0   0   9  0.32 0.12
  111 A     0   1  -2  -2  -3   0   0  -2  -2  -1   0   2   1  -3   4   0   0  -3  -2   0    5   9   0   0   0   2   2   2   0   0  11  24   7   0  21   7   3   0   0   6  0.31 0.11
  112 V     0  -3  -4  -4  -2  -3  -4  -4  -4   4   1  -3   0  -1  -3  -2   0  -4  -2   4    8   0   0   0   0   0   0   0   0  32  11   0   0   0   0   0   3   0   0  45  0.56 0.18
  113 S     0  -2   2   3  -3  -1  -1  -2  -2  -3  -4  -1  -3  -4  -2   4   2  -4  -3  -3    7   0   9  24   0   0   0   0   0   0   0   0   0   0   0  49  11   0   0   0  0.61 0.21
  114 A     3  -3  -2  -3  -2  -2  -3   3  -3  -2  -2  -2  -2   0   0  -1  -2  -3  -2   1   43   0   0   0   0   0   0  30   0   0   0   0   0   7   5   0   0   0   0  15  0.47 0.18
  115 T    -1  -2  -1  -2  -2   0  -2  -3   3   0   0  -2  -1  -3  -3   1   5  -4  -2  -1    0   0   0   0   0   5   0   0   9   4  10   0   0   0   0   9  62   0   0   0  0.62 0.24
  116 C     1  -4  -4  -4  10  -4  -4  -4  -4  -3  -3  -4  -3  -4  -4   0   1  -4  -4  -1   10   0   0   0  72   0   0   0   0   0   0   0   0   0   0   7   8   0   0   4  1.71 0.35
  117 V    -2  -3   1  -3  -2  -3  -3  -4   3   2   0  -3  -1  -2  -4  -3  -1  -4  -2   5    0   0   9   0   0   0   0   0  11  10   4   0   0   0   0   0   0   0   0  65  0.61 0.23
  118 R    -3   7  -2  -3  -5   3  -1  -4  -2  -4  -3   1   1  -4  -4  -2  -3  -4  -3  -4    0  82   0   0   0  14   0   0   0   0   0   0   4   0   0   0   0   0   0   0  1.36 0.34
  119 I     1  -4  -4  -4  -2  -3  -4  -4  -4   4   0  -3   0  -2  -3  -2  -1  -4  -2   5   12   0   0   0   0   0   0   0   0  25   2   0   0   0   0   0   0   0   0  61  0.70 0.23
  120 P     1  -3  -3  -3  -4  -3  -3   2  -4  -4  -4  -2  -4  -5   7  -1  -2  -5  -4  -4   12   0   0   0   0   0   0  18   0   0   0   0   0   0  67   2   0   0   0   0  1.60 0.30
  121 V     1  -3  -3  -4  -2  -3  -3  -3  -4   2  -1  -3  -1  -2  -3  -1   1  -4  -3   5   16   0   0   0   0   0   0   0   0   5   0   0   0   0   0   4   8   0   0  67  0.61 0.23
  122 L    -3  -3  -4  -4  -3  -2  -4  -4  -3   2   2  -3   3   5  -4  -2  -2  -1   0   0    0   0   0   0   0   2   0   0   0  17  22   0  10  43   0   3   0   0   0   2  0.63 0.19
  123 S    -2   4  -1   2  -3  -1  -1  -3   2  -1  -2  -1  -2   2  -3   0   0  -2   4  -2    0  30   0  13   0   0   0   0   8   5   0   0   0  10   0   7   7   0  18   2  0.35 0.16
  124 A     0  -4  -2  -3   6  -3  -3   6  -3  -4  -4  -3  -3  -4  -3   0  -2  -4  -4  -3    7   0   0   0  20   0   0  65   0   0   0   0   0   0   0   7   0   0   0   0  1.12 0.26
  125 H    -3  -2  -1   1  -5  -1  -2  -4  10  -4  -1  -3  -3  -3  -4  -3  -3  -4   0  -5    0   0   0   8   0   0   0   0  85   0   7   0   0   0   0   0   0   0   0   0  1.94 0.42
  126 S     2  -2  -1  -2  -2  -2  -2  -2  -2  -3  -2  -2  -2  -2  -2   5   2  -3   1  -2   15   0   0   0   0   0   0   0   0   0   2   0   0   0   0  61  14   0   8   0  0.63 0.24
  127 E    -2  -1  -2  -1  -4   4   4  -4  -2   0   1  -1   0  -3  -3  -2  -2  -3  -3  -1    0   0   0   0   0  31  40   0   0   7  18   0   2   0   0   0   0   0   0   3  0.57 0.22
  128 S     3  -2  -1  -2   3   0  -1  -2  -2  -2  -2   0   0  -3  -2   3   0  -4  -3   0   30   0   0   0   8   2   0   0   0   0   0   7   4   0   0  39   2   0   0   8  0.40 0.18
  129 V    -1  -4  -4  -4  -2  -3  -4  -4  -4   4   2  -3   0   2  -4  -3  -1  -3  -1   4    3   0   0   0   0   0   0   0   0  27  19   0   0  10   0   0   0   0   0  40  0.53 0.17
  130 Y    -1  -2   3  -1  -2  -1  -2  -2   2  -2  -2  -2  -2   0  -3   1   3   1   3  -1    4   0  23   0   0   0   0   0   8   0   2   0   0   4   0  13  27   2  14   4  0.35 0.16
  131 I     1  -3  -4  -4  -2  -3  -3  -3  -4   4   2  -3   2   0  -3  -2  -1  -3  -2   3   16   0   0   0   0   0   0   0   0  39  15   0   4   4   0   0   0   0   0  22  0.43 0.15
  132 E    -1   1  -1   1  -4   2   4  -3   0  -4  -4   3  -3  -4  -2   0  -1  -4  -3  -3    3   5   0   7   0   8  40   0   2   0   0  27   0   0   0   5   3   0   0   0  0.58 0.18
  133 T     0  -3  -4  -4   1  -3  -4  -4  -3   0   2  -3   0   6  -4  -2   1  -1   1  -1    8   0   0   0   4   0   0   0   0   2  24   0   0  50   0   0  12   0   0   0  0.64 0.21
  134 K     1   1   1   2  -3   0   1  -2  -2  -2  -2   3  -2  -3  -2   1  -1  -4  -3  -2   16   4   8  13   0   0   7   0   0   2   4  35   0   0   0  12   0   0   0   0  0.32 0.13
  135 E    -1   2   0   1  -4   2   2  -3  -1  -4  -3   3  -2  -3   0  -1  -1  -3   1  -3    2  10   2  10   0  13  18   0   0   0   0  33   0   0   3   2   2   0   7   0  0.43 0.14
  136 V     0  -1   0   3  -3   1   2  -1  -2  -3  -3   1  -3  -4   4   0  -2  -4  -3  -2   10   0   2  23   0   7  15   2   0   0   0  10   0   0  24   2   0   0   0   4  0.54 0.15
  137 A     0  -3  -3  -3  -2  -3  -3  -3  -3   3   1  -3   0   1   3  -2   0  -3  -1   2   10   0   0   0   0   0   0   0   0  28  11   0   0   9  16   0   7   0   0  18  0.35 0.14
  138 P     0  -2  -1   3  -3   1   0  -2  -2  -3  -3  -1  -3  -3   4   2   1  -4  -1  -3    8   0   0  23   0   7   4   0   0   0   0   0   0   0  20  26   9   0   3   0  0.51 0.17
  139 I     2  -1   0  -3  -2  -2  -2  -3  -3   2   1  -2   0  -2   2  -1  -1  -3  -2   2   23   3   7   0   0   0   0   0   0  12  18   0   0   0  12   0   0   0   0  25  0.26 0.13
  140 E     0   0  -1   2  -4   0   5  -3  -2  -4  -4   2  -3  -4   0   1  -1  -4  -3  -3    6   3   0  13   0   0  48   0   0   0   0  12   0   0   4  13   2   0   0   0  0.60 0.20
  141 E     0   0   0   3  -4   2   4  -2  -1  -4  -3   1  -3  -4  -2  -1  -1  -4  -3  -3    7   5   2  17   0  10  42   2   0   0   2  10   0   0   0   0   2   0   0   0  0.55 0.18
  142 V     2  -3  -4  -4  -2  -3  -3  -3  -4   3   1  -3   0  -2  -3  -2  -1  -4  -2   4   23   0   0   0   0   0   0   0   0  25   7   0   0   0   0   0   2   0   0  42  0.50 0.19
  143 K    -2   3  -1  -1  -4   1   3  -3  -1   0  -2   3   1  -3  -2  -1   0  -3  -1  -2    0  20   0   0   0   2  24   0   0  10   0  29   5   0   0   0   6   0   3   0  0.42 0.18
  144 A     2   0   0   1  -3   1   4  -1  -2  -3  -3   0  -3  -4  -2   0   1  -4  -3  -3   21   4   2   8   0   4  42   4   0   0   0   5   0   0   0   3   8   0   0   0  0.45 0.17
  145 A     1  -3  -3  -3   1  -2  -3  -3  -3   3   2  -3   1  -1  -3   0   0  -3  -2   2   18   0   0   0   4   0   0   0   0  24  26   0   4   0   0   6   4   0   0  14  0.28 0.12
  146 I    -2  -3  -4  -4  -3  -3   0  -5  -3   3   4  -3   3   1  -4  -3  -2   2  -2   0    0   0   0   0   0   0   7   0   0  21  56   0   7   6   0   0   0   3   0   0  0.56 0.19
  147 A     1   0  -1   2  -3   1   3  -1  -2  -2  -2   2  -2  -3  -2   1  -1  -4  -3  -1   20   4   0  10   0   5  25   2   0   0   2  18   0   0   0   9   0   0   0   6  0.29 0.12
  148 A     1   0   3   2  -3   2   1   0  -1  -3  -3   1  -2  -4  -2   1   1  -4  -3  -2   16   4  20  12   0  10   8   4   0   0   0  10   0   0   0   7   9   0   0   0  0.30 0.11
  149 F     3  -2  -2  -3  -2  -2  -2   0   4  -2   0  -2  -1   3  -3  -1   0  -2   2  -2   39   0   0   0   0   0   0   6  16   0   9   0   0  18   0   0   6   0   6   0  0.36 0.18
  150 P    -1   1   3   2  -3  -1   0  -2  -2   0  -3   1  -2  -3   4   0   0  -4  -3  -1    2   6  17  11   0   0   4   0   0   7   0  11   0   0  25   7   5   0   0   4  0.42 0.13
  151 G    -1  -2  -1   1   1   1  -1   5  -3  -4  -4  -1  -3  -4   2   0   0  -4  -4  -3    0   0   0   7   4   7   2  54   0   0   0   2   0   0  10   7   7   0   0   0  0.67 0.19
  152 A     0  -4  -4  -1  -2  -3  -3  -4  -4   3   1  -3   0  -1   1  -3  -2   7  -1   3    7   0   0   4   0   0   0   0   0  23  13   0   0   0   7   0   0  20   0  27  0.58 0.19
  153 V     0  -2  -2  -1  -2   0   1  -3  -3   2  -1   1  -1  -2  -2  -1   0  -3  -2   4    8   0   0   2   0   3  10   0   0  10   0  14   0   0   0   0   6   0   0  45  0.26 0.15
  154 L    -2  -2  -3  -3  -2  -2  -2  -3  -2   0   3   1   2  -1  -3  -1   0  -2   1   1    0   0   0   0   0   0   0   0   0   0  47  13   6   0   0   2   8   0   6  13  0.29 0.14
  155 E    -1   0   1  -2   0   0   0  -2  -2   2   0   1  -1   1   1   0  -1  -3  -1   2    0   4  12   0   3   2   4   0   0  19   3  12   0   7   6   6   0   0   0  19  0.09 0.08
  156 D    -2   1  -1   4  -4   0   4   0   0  -3  -2  -1  -3  -2  -2   0   0  -4  -3  -3    0   9   0  28   0   2  33   7   2   0   4   0   0   2   0   7   5   0   0   0  0.46 0.17
  157 D     0  -1   2   4  -2   0   2   0  -1  -1  -2  -1  -2  -2  -2   0  -1   2  -2  -1    9   1   9  32   0   3  13   7   0   6   2   1   0   1   1   3   1   4   1   5  0.28 0.09
  158 V     0  -1   0   0  -2   1   1  -2  -1   0  -1  -1  -1  -2   3   0   2   1  -2   0    4   1   6   4   0   8   8   2   0   8   4   1   0   1  16   8  19   3   1   7  0.19 0.06
  159 A     0  -1   0  -1   1   1   2  -1  -1  -1  -1   0   1  -2   2   1  -1  -3  -2  -1    5   1   5   1   4   7  22   4   0   4   5   7   6   0  11  12   1   0   0   5  0.16 0.07
  160 H    -2   1   3   2  -3   2   1  -1   3  -3  -2   1  -1  -2  -2  -1   0  -3  -1  -2    1   7  22  13   0   9   4   2  12   1   3  12   3   0   1   1   5   0   2   1  0.30 0.10
  161 Q     0   1   2   1  -3   1   2   1  -1  -2  -1   0  -1  -3   1   0  -1  -3  -2  -1    5   7  12   6   0   7  19  12   0   0   8   5   0   0   6   4   1   0   0   7  0.15 0.06
  162 I     0  -1  -2   0   1  -1   1  -2  -1   1   1  -1   0   1   1  -1  -1  -2   1   0   11   3   0   7   4   0  12   1   0  10  23   3   3   6   7   2   1   0   7   1  0.07 0.06
  163 Y    -2  -1  -2  -2  -3   1   0  -3  -1   0  -2  -2  -1   2   2  -1   1  -1   5   0    0   2   0   0   0   9   7   0   0   8   0   0   0   9  13   2  15   0  27   7  0.36 0.16
  164 P    -2  -3  -3   0  -4  -2  -2  -3  -3   0  -3   0  -3  -4   7   0   1  -5  -4  -1    0   0   0   4   0   0   0   0   0   7   0   6   0   0  63   7   9   0   0   3  1.32 0.28
  165 Q     1   1  -1  -2  -2   3  -1  -2  -2  -1  -1  -1   2  -3  -2   1   3  -3  -2   1   13  11   0   0   0  18   0   0   0   0   0   0  11   0   0   9  25   0   0  11  0.28 0.16
  166 A     1  -2  -2  -3  -3  -2  -2  -3  -3   0  -1   1   0  -3   5  -1   0   3  -2   0   15   0   0   0   0   0   0   0   0   4   5  13   2   0  37   2   7   4   0   9  0.59 0.16
  167 I     0   0  -2   0  -2  -1  -2   0  -3   2   2  -2   1  -1  -3  -1  -1  -3  -2   2    9   6   0   7   0   3   0   8   0  17  21   0   2   0   0   2   2   0   0  22  0.13 0.09
  168 N     0   0   2   3  -2   0   1   0   3  -2  -2   0   0  -2  -2   0  -1  -3  -2  -2   13   5   9  26   0   3   8   5  11   1   4   3   5   1   1   1   3   0   0   1  0.23 0.09
  169 A     3  -2   0   1  -1  -1  -1  -1  -2  -1   0  -1  -1  -2  -2   0   0  -3  -2   2   43   1   5  10   0   1   1   1   0   1   9   1   0   1   1   3   3   0   0  19  0.22 0.12
  170 V     1  -1  -1  -2  -2  -1   0  -1  -2   0   0  -1   0  -2  -2   2   3  -3  -2   2   11   3   0   0   0   0   6   4   0   4   7   0   2   0   0  16  27   0   0  19  0.20 0.12
  171 G    -1  -3   0   0  -4   1  -1   6   0  -5  -5  -2  -4  -4   1  -1  -3  -4  -4  -4    0   0   5   5   0   7   4  70   3   0   0   0   0   0   7   0   0   0   0   0  0.99 0.25
  172 S    -1   0  -1  -2  -3   3   0   1   0   1  -2   1  -1  -3  -2   0   3  -3  -2  -1    0   2   0   0   0  17   5  13   2  12   0  13   0   0   0   4  30   0   0   2  0.26 0.15
  173 R    -2  -1   0   4  -3  -2  -1  -3  -2  -2   1  -2   4  -2   1   0  -2  -4  -1  -2    0   4   5  38   0   0   0   0   0   0  20   0  17   0   7   7   0   0   2   0  0.42 0.19
  174 D     2  -2   1   3  -2  -1   2  -2   2  -3  -3  -1  -2  -3   0   2   1  -4  -2  -1   19   0   6  19   0   0  15   0   6   0   0   0   0   0   4  21   7   0   0   4  0.32 0.13
  175 T     0  -1  -3  -3   0  -3  -3  -3  -3   2   0  -2  -1  -2  -3   0   2  -4  -2   4    4   4   0   0   2   0   0   0   0  13   4   0   0   0   0   7  17   0   0  50  0.42 0.18
  176 F    -1  -3  -3  -3  -2  -2  -2  -3  -1  -1   0  -2  -1   3   4   0   0  -1   4   1    3   0   0   0   0   0   0   1   0   0  12   0   0  13  24   7   5   0  21  13  0.44 0.14
  177 V    -1  -3  -4  -4  -2  -1  -3  -4  -4   3   0  -3  -1  -2  -3  -3  -1  -4  -2   6    1   0   0   0   0   4   0   1   0  10   1   0   0   0   0   1   0   0   0  79  0.84 0.26
  178 G    -1  -3  -2  -2  -3  -3  -3   6  -3  -4  -4  -2  -4  -4   0   0  -2  -4  -4  -4    1   0   0   0   0   0   0  83   0   0   1   0   0   0   4   7   0   0   0   0  1.28 0.27
  179 R    -3   7  -2  -3   1  -1  -2  -4  -2  -4  -3   0  -3  -4  -3  -2  -2  -4  -3  -4    1  89   0   0   4   0   0   1   0   0   1   0   0   0   0   1   0   0   0   0  1.47 0.34
  180 I    -2  -3  -4  -4  -2  -3  -3  -4  -4   4   3  -3   1  -1  -3  -3  -2  -3  -2   2    1   0   0   0   0   0   0   1   0  42  37   0   0   0   0   1   0   0   0  15  0.59 0.18
  181 R    -3   7  -2  -1  -4   0  -1  -3  -2  -4  -3   2  -3  -4  -3  -2  -2  -4  -3  -4    1  82   0   4   0   0   0   1   0   0   1   8   0   0   0   1   0   0   0   0  1.29 0.31
  182 K     0   1   2   0  -3   3   0  -2  -1  -3  -3   4  -2  -3   0   0   0  -3  -2  -3    7   7  11   2   0  18   3   1   0   0   1  37   0   0   3   5   4   0   0   0  0.41 0.15
  183 D    -2  -3   1   5  -3  -2   0   0  -2  -2   1  -2   0  -3  -3  -2  -2  -4  -3   0    1   0   4  55   0   0   0   8   0   0  19   0   2   0   0   1   0   0   0   8  0.59 0.19
  184 L     0   0   2  -1  -2   0   0  -1  -1   1   1  -1   0  -1  -1   0  -1  -2   0   1    7   7  20   1   0   4   5   3   0   8  16   1   0   0   3   6   1   0   4  15  0.07 0.07
  185 D     0  -2  -1   2  -2  -1  -1   0  -2   1  -1  -1   3   0   1   1   0  -2   0   0    7   1   1  18   0   1   1   5   0  10   2   1  16   3   5  19   3   0   3   3  0.12 0.09
  186 A    -1   0   0   3  -2  -1  -1   2   2  -1  -2   0   0   1  -2   0  -1  -2  -1  -1    3   5   3  23   0   1   1  21   8   3   1   6   4  10   1   6   1   0   0   3  0.18 0.08
  187 E     0  -1   0   2  -3   0   2   1   0  -3  -3   1  -3  -4   4   0  -1  -4  -3  -3    6   0   2  15   0   2  19  11   2   0   2  14   0   0  20   6   0   0   0   0  0.43 0.13
  188 K    -2   3   4   0   3   1   1  -2   0  -3  -3   2  -2  -3  -1   0  -1  -3   0  -3    0  19  26   2   9   7   9   0   2   0   0  14   0   0   2   2   0   0   5   0  0.38 0.14
  189 G     0  -2  -1  -2  -3   1  -1   4  -1  -2  -2  -2   0   0  -3   0   1  -2   3  -2    5   0   0   0   0   8   4  40   0   3   0   0   4   4   0   3  11   0  16   0  0.39 0.15
  190 I    -2  -4  -4  -5  -2  -3  -4  -5  -4   4   4  -4   1   0  -4  -3  -2  -3  -2   3    0   0   0   0   0   0   0   0   0  27  49   0   0   2   0   0   0   0   0  22  0.66 0.20
  191 H     0   1   3   1  -3   1   1   0   3  -3  -3   1  -2  -3  -2   1  -1  -4  -2  -2    9  10  18   6   0   4  10   6  12   0   0   8   0   0   0  16   0   0   0   2  0.29 0.11
  192 M     1  -3  -4  -4  -2  -3  -3  -2  -2   0   3  -3   2   3  -3  -2  -2  -2   2   0   20   0   0   0   0   0   0   3   0   0  43   0   6  17   0   0   0   0   7   5  0.38 0.16
  193 W    -3  -4  -5  -5  -4  -4  -4  -1  -4  -1  -2  -4  -2   5  -5  -4  -2  10   1   1    0   0   0   0   0   0   0   5   0   2   0   0   0  29   0   0   3  47   0  15  1.63 0.34
  194 V     0  -1  -2  -3   2  -2  -2  -3  -3   2   0  -2  -1  -2  -3   2   2  -3  -2   2    3   5   0   0   5   0   0   0   0  16   7   0   0   0   0  21  20   0   0  24  0.26 0.14
  195 V     0  -3  -3  -4   2  -3  -3  -4  -4   2   1  -3   0  -2  -3   0   1  -4  -2   4    4   0   0   0   5   0   0   0   0   5  15   0   0   0   0   9   7   0   0  56  0.46 0.19
  196 S     2  -1  -1  -2   3  -2  -1   4  -2   0  -3  -2  -2  -3  -2   1  -1  -3  -3  -1   22   5   2   0   7   0   3  36   0   8   0   0   0   0   0  16   0   0   0   3  0.39 0.15
  197 D    -3  -3   0   7  -5  -2   1  -3   5  -5  -5  -2  -4  -5  -3  -2  -3  -6  -3  -5    0   0   0  78   0   0   5   0  17   0   0   0   0   0   0   0   0   0   0   0  1.50 0.35
  198 N    -3  -1   6   1  -4   4   1  -2  -1  -5  -5  -1  -3  -5  -3  -1  -2  -5  -3  -4    0   0  59   5   0  29   7   0   0   0   0   0   0   0   0   0   0   0   0   0  1.11 0.32
  199 L    -2  -3  -3  -3  -2   0  -3  -4  -3   2   3  -2   0  -1   0  -2   2  -3  -2   2    0   0   0   0   0   7   0   0   0  13  45   0   0   0   5   0  17   0   0  13  0.37 0.16
  200 L    -2   5  -3  -4  -3  -1  -2  -4  -2   0   2   0  -1  -2  -4  -3  -2  -4  -3   1    0  52   0   0   0   0   0   0   0   3  31   0   0   0   0   0   0   0   0  15  0.67 0.24
  201 K    -2   3  -2  -3  -4  -1  -2  -3  -2  -3  -2   4  -2   2  -3  -2  -2   7  -1  -1    0  16   0   0   0   0   0   0   0   0   3  44   0  12   0   0   0  20   0   5  0.79 0.24
  202 G    -1  -4  -2  -3  -4  -3  -4   7  -4  -5  -5  -3  -4  -5  -4  -2  -3  -4  -5  -5    0   0   0   0   0   0   0 100   0   0   0   0   0   0   0   0   0   0   0   0  1.80 0.32

                      K         Lambda
Standard Ungapped    0.1335     0.3172
Standard Gapped      0.0428     0.2670
PSI Ungapped         0.1397     0.3180
PSI Gapped           0.0428     0.2670
