
Last position-specific scoring matrix computed, weighted observed percentages rounded down, information per position, and relative weight of gapless real matches to pseudocounts
            A   R   N   D   C   Q   E   G   H   I   L   K   M   F   P   S   T   W   Y   V   A   R   N   D   C   Q   E   G   H   I   L   K   M   F   P   S   T   W   Y   V
    1 A     3  -2  -2  -2  -2  -2  -2  -2  -3  -1  -2  -2  -2  -3  -2   4   2  -4  -3   1   35   0   0   0   0   0   0   0   0   0   0   0   0   0   0  37  12   0   0  15  0.48 0.20
    2 A     1  -3  -3  -4  -3  -1  -2   0  -4   0  -2   2  -2  -3  -3   0   0  -5  -3   5   10   0   0   0   0   2   1   7   0   2   0  14   0   0   0   7   4   0   0  53  0.48 0.29
    3 V    -4  -5  -6  -6  -4  -5  -5  -6  -6   1   4  -5   5  -3  -6  -5  -2  -5  -4   4    0   0   0   0   0   0   0   0   0   4  47   0  16   0   0   0   1   0   0  32  1.16 0.51
    4 T    -3  -4  -3  -4  -4   3  -1  -5  -1   1  -3  -1  -3  -5  -4   0   6  -5  -4   1    0   0   0   0   0  12   4   0   2   8   2   3   0   0   0   4  56   0   0   8  0.98 0.54
    5 Q    -5  -3  -4  -5  -7   9   0  -6   1  -4  -6  -1  -5  -3  -6  -4  -5  -6  -6  -6    0   0   0   0   0  88   5   0   3   1   0   2   0   1   0   0   0   0   0   0  2.54 1.02
    6 S    -1  -3   0  -2  -3   1  -1  -2   0  -3  -3  -2  -1  -4   1   5   3  -4  -4  -3    4   0   4   1   0   7   4   2   3   1   3   1   1   0   6  41  20   0   0   1  0.61 0.39
    7 P    -4  -5  -5  -1  -6  -2   0   2  -4  -6  -7  -3  -6  -7   8  -2  -3  -7  -6  -5    1   0   0   3   0   1   7  13   0   0   0   2   0   0  67   3   1   0   0   0  1.90 0.77
    8 R     2   3  -3  -3  -4   0  -1   0  -1  -3  -1   1  -1  -3   3   2  -1  -5  -4  -3   16  16   0   1   0   3   2   8   2   1   6   7   2   1  14  19   3   0   0   1  0.34 0.27
    9 N     0  -2   0  -1  -1  -1   0  -2   1  -2  -2  -2  -3   1  -1   4   1   0   1  -3    8   2   3   3   1   1   6   2   4   3   4   1   0   5   2  39   8   1   5   0  0.37 0.31
   10 K    -1  -2  -2  -3  -4  -1   1  -4  -3   1   3  -1   2  -3  -4  -3  -1  -4  -3   3    4   2   2   1   0   2   9   1   1   7  33   4   4   0   0   0   3   0   0  27  0.46 0.32
   11 V     0  -2  -1  -4  -3  -2  -1  -4  -4   1   0  -2  -1  -3  -2   4   2  -5  -3   3    6   1   2   0   0   1   4   0   0   6   8   1   1   0   2  33  12   0   0  22  0.44 0.36
   12 A     2   1  -4  -5  -4  -3  -2  -1  -5  -1  -1   2  -2  -4  -4  -2   1  -1  -4   5   17   7   0   0   0   0   2   6   0   0   4  12   0   0   0   2   7   1   0  42  0.57 0.41
   13 V     1   0  -2  -3  -4   3  -1  -2  -3  -2  -3   3  -3  -3   2   3   0  -5  -4  -1   12   4   1   0   0  15   2   3   0   2   1  16   0   1  11  22   6   0   0   4  0.42 0.34
   14 T     0   0  -4  -4  -5  -2   2  -5  -4  -3   1  -2  -1  -5   5  -2   1  -5  -5   1    6   6   0   0   0   1  13   0   0   0  14   2   1   0  33   2  10   0   0  11  0.68 0.41
   15 G    -2  -4   0  -2  -6  -5  -5   7  -3  -7  -7  -3  -6  -7  -6  -1  -5  -6  -7  -7    2   1   5   2   0   0   1  83   1   0   0   1   0   0   0   5   0   0   0   0  1.99 0.80
   16 G     1  -1  -1   2  -5   4   3   2  -1  -5  -4  -1  -3  -3  -4   0  -1  -5  -4  -4   13   3   2  10   0  21  18  17   1   0   1   3   0   1   0   5   4   0   0   0  0.52 0.37
   17 K    -2   1   0  -2  -5  -1  -2  -4  -4  -2  -4   0   0  -6  -1   5   4  -6  -5  -3    2   8   4   1   0   2   2   0   0   2   1   6   3   0   3  39  25   0   0   1  0.75 0.51
   18 V     3  -5  -6  -6  -4  -5  -5  -5  -4   1   2  -5  -1  -4  -5  -3  -2  -6  -5   5   22   0   0   0   0   0   0   0   1   5  22   0   1   0   0   1   1   0   0  47  1.03 0.56
   19 T    -2   2   0  -4  -5   1   0  -4  -4  -1  -3   3   1  -5  -4   2   5  -6  -5  -2    1  12   4   0   0   5   5   0   0   3   1  16   3   0   0  15  33   0   0   2  0.65 0.46
   20 L    -5  -6  -7  -7  -5  -6  -7  -7  -6   5   5  -6   3   1  -7  -6  -5  -5  -4   1    0   0   0   0   0   0   0   0   0  27  54   0   6   6   0   0   0   0   0   7  1.33 0.61
   21 S    -3   1   2  -3  -5   0  -2  -4   1  -4  -4  -1  -5  -6  -1   5   4  -2  -3  -5    0   7   8   1   0   4   2   0   3   1   1   3   0   0   2  39  29   1   1   0  0.89 0.57
   22 C    -6  -9  -9  -9  12  -9 -10  -8  -9  -7  -7  -9  -7  -8  -9  -7  -7  -8  -8  -6    0   0   0   0 100   0   0   0   0   0   0   0   0   0   0   0   0   0   0   0  4.67 1.49
   23 N     1   2  -1  -1  -4   1   0  -2  -2  -1  -4   2  -2  -3  -3   2   3  -3  -2  -2   10  11   2   2   0   7   6   2   1   4   0  15   0   1   0  13  23   0   1   2  0.36 0.30
   24 Q     4  -4  -4  -4  -3   0  -3  -1  -3  -2   0  -3   0   1  -1   0   0  -4   3   2   33   0   0   0   0   5   0   5   0   1   9   0   2   5   4   8   4   0  10  13  0.38 0.32
   25 T    -2  -1   0  -2  -3  -1   0  -4  -1  -1  -4  -1  -5  -6  -1   6   2  -6  -3  -3    1   3   4   2   0   2   6   0   1   4   1   3   0   0   3  57  12   0   1   1  0.95 0.59
   26 N    -2  -3   2  -1  -4   2  -1   2  -3  -3  -2   0  -2   4  -3   2   1  -4  -2  -2    1   0   9   2   0  11   3  13   0   1   4   5   1  19   1  20   8   0   1   2  0.37 0.33
   27 N    -1  -3   1   0  -5  -3  -2   2  -1  -5  -4  -1  -2  -5  -1   5   2  -6  -4  -5    2   1   5   6   0   1   2  14   2   0   2   3   1   0   3  43  14   0   0   0  0.69 0.49
   28 H    -1  -1   1   0  -4  -1  -2   0   4   1  -1  -1  -2  -1  -2   2  -1  -4   1   0    5   4   8   5   0   2   1   6  12  12   5   2   1   3   1  21   2   0   4   8  0.19 0.22
   29 N    -1  -2   2  -1  -5  -3  -1   0   0  -3  -3  -1  -2   0   2   1   1  -3   5  -3    3   2  12   4   0   0   4   6   2   1   2   3   1   3   9  12  10   0  24   1  0.42 0.35
   30 N     0   0   1  -1  -3  -4  -3   1  -2  -5  -3  -4  -4  -2   0   1   1   5   6  -3    9   5   8   4   0   0   1   9   1   0   2   0   0   1   5  10   9   8  25   1  0.55 0.41
   31 M    -1  -5  -6  -6   0  -5  -5  -4  -5   4   3  -2   6  -2  -3  -3  -4   2  -3   2    4   0   0   0   2   0   0   1   0  19  25   2  24   1   1   1   0   3   0  14  0.88 0.48
   32 Y     0  -3   3  -2  -3  -1  -1  -1   5  -3  -2  -2  -2   1  -4   2  -1  -1   4  -3    8   1  13   1   0   3   3   3  13   1   5   2   1   7   0  17   3   1  16   1  0.42 0.34
   33 W    -8  -8  -6  -9  -8  -7  -8  -8  -7  -8  -6  -8  -2  -3  -9  -8  -8  13  -1  -8    0   0   1   0   0   0   0   0   0   0   1   0   1   1   0   0   0  94   1   0  4.89 1.61
   34 Y    -4  -4  -6  -6   1  -5  -6  -6  -2   1   0  -4  -1   3  -6  -3  -4   0   7   3    1   1   0   0   3   0   0   0   1   7   9   1   1  10   0   2   0   1  39  24  1.18 0.60
   35 R    -5   6  -3  -5  -2   5  -3  -6  -3  -4  -2   2  -4  -1  -5  -4  -3  -1  -3  -1    0  44   0   0   1  27   0   0   0   1   3  11   0   3   0   0   2   1   1   5  1.21 0.67
   36 Q    -5  -3  -2  -3  -6   8  -1  -6   2  -4  -6  -1  -2  -6  -3  -3  -5   1  -5  -3    0   1   1   2   0  74   3   0   5   1   0   2   1   0   2   2   0   2   0   2  1.94 0.93
   37 D     1   2  -1   0  -4   0  -1  -1   1  -3  -3   4  -2  -2   1   0  -1  -1   0  -3   15  12   2   5   0   3   2   4   3   1   2  26   1   1   8   6   3   1   3   1  0.30 0.25
   38 T     0  -3  -5  -3  -5  -1  -2  -3  -1  -4  -2  -3  -1  -6   7   0  -2  -6  -5  -2    7   1   0   1   0   3   3   2   1   1   5   1   2   0  60   6   2   0   0   3  1.46 0.68
   39 G     0  -3   2   0  -5  -1  -1   6  -2  -6  -6  -2  -3  -6  -3  -1  -4  -6  -6  -5    6   1   9   5   0   2   3  62   1   0   0   3   1   0   1   4   0   0   0   1  1.21 0.58
   40 H    -1   0  -1  -1  -5   5   0  -1   2  -3  -4   5  -4  -6  -1   0  -1  -6  -4  -4    4   3   3   2   0  25   5   4   5   2   1  31   0   0   2   5   4   0   0   1  0.68 0.47
   41 G     2  -1  -1  -2  -3  -1  -2   4  -4  -5  -3  -2  -4  -3   3   1  -1  -5  -2  -4   18   4   2   2   0   3   2  37   0   0   2   1   0   1  13   8   3   0   2   1  0.61 0.38
   42 L    -4  -4  -4  -2   1  -2  -2  -4  -5  -2   4  -4  -1  -1   6  -3  -4  -5  -3  -3    0   1   1   2   2   2   3   1   0   2  37   0   1   3  40   2   0   0   1   1  1.12 0.58
   43 R    -2   2  -2  -2  -6   3   5  -5  -3  -4  -5   3  -4  -5  -3  -1  -1  -5  -2  -2    2  11   2   1   0  13  36   0   0   1   0  21   0   0   1   3   3   0   1   4  0.81 0.49
   44 L    -4  -1  -6  -3  -2  -3  -2  -5  -1  -2   4  -3  -3   2  -4  -4  -2   9   0  -2    1   3   0   2   1   1   3   1   2   2  36   1   0   9   1   1   3  29   2   2  1.22 0.60
   45 I    -2  -5  -6  -6  -4  -5  -6  -6  -6   4   5  -5   2  -1  -4  -5  -4  -1  -4   2    3   0   0   0   0   0   0   0   0  26  51   0   5   2   1   0   0   1   0  10  1.12 0.55
   46 H     0  -2  -4  -4  -4  -4  -4   2  -1   4   1  -4   1   1  -4  -2  -1  -4   2   0    9   2   0   0   0   0   0  16   1  32  10   0   4   5   0   3   4   0   7   6  0.42 0.31
   47 Y    -2   0  -1  -2  -1  -2  -2  -3   0  -2  -3   0  -3   1  -5   0  -1   4   7  -1    2   5   3   2   1   2   3   2   2   2   2   7   0   4   0   6   3   4  43   5  0.83 0.48
   48 S    -2   0   0   0  -3  -2  -1  -3  -1   3   0  -1   0   0   0   1   0   1   2   0    1   6   4   6   0   1   3   1   1  21  10   2   2   4   5  12   4   2  10   3  0.13 0.16
   49 Y    -1   0   2   0  -3   1  -1  -1   0  -1  -2   0  -1   1  -2   2   1   0   3  -2    3   5  12   5   0   7   2   4   2   4   2   5   1   6   1  15   9   1  12   2  0.18 0.17
   50 G     0  -1   3   1  -2   0   0   0   1  -2  -2   0  -2  -2   1   2   1  -1  -1  -2    6   3  16   7   0   3   4   8   3   3   4   4   0   1   6  17   8   1   2   3  0.18 0.15
   51 A     0  -1   0   1  -3   1   0   3  -2  -2  -2   0  -3  -2   0   2  -1  -1   0  -1    5   2   5   7   0   6   7  24   1   2   3   6   0   1   4  16   2   1   4   4  0.22 0.18
   52 G     2   0   1   2  -3   0   0   3  -1  -3  -3   0  -1  -4  -3   0   0  -4  -2  -2   18   4   6  12   0   5   7  22   1   1   2   5   1   0   0   6   6   0   2   3  0.27 0.21
   53 S    -1  -3   1   0  -4   0   0  -1  -2  -3  -1  -1  -3  -4   1   4   2  -5  -2  -1    3   0   6   5   0   4   5   4   1   1   5   4   0   0   8  35  13   0   1   5  0.39 0.34
   54 T    -1   1   2  -1  -3   0  -1  -1   0   0   0   2  -2  -1  -2   0   3  -4   0  -1    2   7  12   2   0   2   3   4   2   7   8  13   0   2   1   6  21   0   3   3  0.19 0.20
   55 E    -2   2  -2  -2  -4  -1   2  -1   1  -3   1  -1  -1   0  -1  -1  -1  -2   5  -1    3  13   1   1   0   2  13   5   4   0  14   2   1   4   3   5   3   0  23   4  0.32 0.28
   56 K     2  -2   1   0  -4   1   0  -1   1  -2  -3   0  -3   0   1   0  -1  -1   4  -1   18   1   7   4   0   6   7   3   4   2   1   6   0   4   6   7   3   1  16   4  0.21 0.23
   57 G     1  -2  -1  -1  -4   0   1   3  -1  -3  -5  -2  -4  -5   3   3  -1  -2  -3  -4    9   2   2   3   0   5   9  24   1   1   0   1   0   0  13  26   2   1   1   1  0.53 0.38
   58 D    -1   2   0   1  -5  -1   0   4  -2  -4  -4   0  -4  -4  -3   1   0   0  -4  -5    3  12   3   9   0   2   5  37   1   1   1   5   0   0   1  12   5   1   0   0  0.57 0.36
   59 I    -3  -3  -4  -4  -3  -2  -3  -5  -2   2   2  -1   1   3  -4  -1  -2   1   0   4    1   1   0   0   0   1   1   0   1  11  17   4   3  11   0   6   2   2   3  34  0.49 0.32
   60 P    -1   0  -1  -2  -4   0  -1  -4  -2  -3  -4   3  -4  -5   5   1   1  -5  -4   0    5   5   3   1   0   4   3   1   1   1   1  17   0   0  33  11   8   0   0   6  0.70 0.41
   61 D     0  -1   1   2  -1   0   1   2  -3  -3  -4   2  -2  -4  -1   2  -1  -4  -4  -3    7   3   6  14   1   3   8  14   0   2   1  14   1   0   2  20   2   0   0   1  0.32 0.25
   62 G    -4   7  -3  -3  -6  -2  -3   0   0  -4  -5   2  -5  -4  -5  -1  -3  -6  -5  -3    0  63   1   2   0   1   1   7   3   1   0  12   0   1   0   4   1   0   0   2  1.41 0.68
   63 Y    -3  -1  -5  -5  -5  -5  -5  -4  -4   1   0  -2  -1   8  -5  -3  -3  -3   2   1    2   3   0   0   0   0   0   1   0   7   9   2   1  55   0   3   1   0   6   8  1.25 0.56
   64 K    -2  -1  -3   0  -4   0  -1  -3   0   0  -2   1  -2  -4  -4   4   4  -5  -2  -2    0   3   0   4   0   3   4   1   2   5   3   7   1   1   0  37  25   0   1   2  0.59 0.44
   65 A     2  -4  -2  -3  -1  -4  -4   4  -4   3  -1  -4  -1  -1  -3  -1   0  -1  -2   0   16   0   1   1   1   0   0  33   0  19   4   0   2   2   1   3   7   1   1   6  0.48 0.32
   66 S    -1  -3  -1  -1  -4   0   0  -3  -1  -1  -3   0  -4  -5  -4   5   2  -5  -2  -3    3   0   2   3   0   4   5   1   2   4   2   4   0   0   0  52  13   0   1   2  0.77 0.52
   67 R    -1   4  -1  -2  -1   1  -2   2  -1  -2  -1   3   0   0  -3  -2   0  -4  -3  -1    4  23   3   1   2   6   1  15   2   1   5  17   3   5   1   2   5   0   0   4  0.31 0.26
   68 P    -2   1   0   4  -3   0  -1  -2  -1  -1  -2   1  -3  -1   3   0   0  -3  -2  -2    1   7   4  27   0   3   2   3   2   3   4   9   0   3  14   8   5   0   1   3  0.35 0.23
   69 S    -2  -1   3   0  -4  -1  -2  -1  -3  -5  -5   0  -4  -5  -1   5   1  -5  -4  -4    2   3  16   5   0   2   2   5   0   0   1   5   0   0   3  46   8   0   0   1  0.76 0.49
   70 Q     1   0   2   0  -4   0  -1   4  -3  -4  -4   0  -3  -4  -1   2   0  -5  -4  -4   13   4   9   5   0   4   2  29   0   1   1   5   0   0   3  18   5   0   0   0  0.46 0.32
   71 E    -1  -1   2  -2  -4  -2  -1  -2   0  -4  -2   1   0  -4  -4   3   4   0  -4  -2    3   3   9   1   0   1   3   3   2   0   4  10   3   0   0  26  27   1   0   2  0.49 0.39
   72 N    -2  -1   4   3  -4   0  -1  -3   1  -2  -1   0  -3  -3  -1   1   3  -5  -2  -2    3   2  19  19   0   5   3   1   3   2   6   5   0   1   2   9  17   0   1   2  0.37 0.30
   73 F     2  -2  -5  -5  -1  -5  -5  -3  -4  -2   1  -4  -3   6  -5   0  -1   0   3   1   18   2   0   0   1   0   0   1   0   2  11   0   0  36   0   7   3   1   8   9  0.75 0.45
   74 S    -1  -4  -2  -3  -4  -2  -2  -2   2  -1  -3  -4  -3   0  -4   3   4  -3   5  -1    4   0   1   1   0   1   2   2   5   3   2   0   0   2   0  21  27   0  21   5  0.65 0.46
   75 L    -5  -6  -7  -7  -5  -6  -7  -7  -7   2   6  -6   4  -1  -7  -6  -3  -6  -5  -1    0   0   0   0   0   0   0   0   0   9  76   0   9   1   0   0   1   0   0   2  1.65 0.75
   76 I    -3   1   0  -2  -2   3   1  -4   1  -2  -2   2  -4  -3  -4  -1   5  -5  -4  -4    1   7   5   2   1  16   7   0   3   3   3  11   0   1   0   3  37   0   0   0  0.66 0.48
   77 L    -5  -6  -7  -7  -5  -5  -6  -7  -6   6   3  -2   6  -3  -6  -6  -4  -1  -2   0    0   0   0   0   0   0   0   0   0  48  27   2  17   1   0   0   0   1   1   3  1.39 0.66
   78 E    -2   0   3  -2  -3   2  -1  -3   1  -4  -5  -2  -1  -6  -3   5   2  -6  -5  -3    2   4  13   1   0  10   4   1   3   1   0   1   1   0   1  42  12   0   0   2  0.71 0.52
   79 L    -1   1   3   1  -4  -2  -1   1   0  -5  -4  -2  -5  -5  -1   4  -1  -6  -2  -3    3   9  14   8   0   1   3  11   2   0   1   1   0   0   3  37   2   0   2   1  0.58 0.44
   80 A     1  -5  -6  -6  -4  -5  -5  -6  -6   2   4  -5   2   0  -4  -2  -1  -5  -4   3   10   0   0   0   0   0   0   0   0   8  46   0   5   3   0   3   3   0   0  22  0.81 0.47
   81 T    -4   3  -1  -2  -6   5   3  -4   0  -4  -4   2  -4  -6  -3  -2   3  -6  -5  -5    0  16   3   2   0  26  16   1   3   1   1  10   0   0   1   2  18   0   0   0  0.78 0.52
   82 P     2  -1  -3  -3   1  -1  -1  -3  -4  -3   0  -1   1  -2   4   2   0  -2  -2  -1   18   3   0   0   3   3   3   1   0   0   9   4   4   2  21  17   6   1   1   5  0.39 0.31
   83 S     0  -2   0   1  -6   0   6  -2  -1  -6  -6  -2  -4  -6  -5   1  -3  -6  -5  -3    9   2   4   6   0   3  55   3   1   0   0   1   0   0   0  11   1   0   0   2  1.02 0.61
   84 Q    -6  -6  -2   8  -8  -1  -2  -6  -6  -8  -8  -5  -7  -8  -6  -5  -6  -8  -7  -8    0   0   1  91   0   3   2   0   0   0   0   0   0   0   0   0   0   0   0   0  2.73 1.10
   85 T     2  -3  -2  -1  -4  -2   2  -3  -4  -3  -4  -3  -1   0  -4   3   4  -5  -4  -1   14   0   2   3   0   1  14   1   0   1   1   0   1   4   0  23  31   0   0   4  0.60 0.46
   86 S     6  -2  -5  -2  -5  -5  -5   4  -5  -6  -6  -5  -5  -6  -5  -2  -3  -6  -6  -4   60   3   0   2   0   0   0  31   0   0   0   0   0   0   0   2   1   0   0   1  1.41 0.72
   87 V    -3  -3  -3   1  -4  -4  -1  -5  -3   2  -1  -4   3  -2  -4  -1   4  -5   0   3    0   1   1   8   0   0   3   0   0  11   4   0   7   2   0   4  28   0   4  25  0.54 0.39
   88 Y    -6  -6  -7  -8  -7  -6  -7  -8  -3  -6  -3  -7  -6  -1  -7  -6  -6  -3  10  -6    0   0   0   0   0   0   0   0   0   0   2   0   0   1   0   0   0   0  95   0  3.45 1.25
   89 F    -5  -5  -6  -6  -6  -2  -4  -7   0  -3  -1  -4  -1   5  -6  -4  -2   2   8  -3    0   0   0   0   0   2   1   0   2   2   5   1   2  21   0   1   3   2  55   1  1.78 0.76
   90 C    -6  -9  -8  -9  12  -9  -9  -8  -9  -7  -7  -9  -7  -8  -8  -6  -6  -8  -8  -6    0   0   0   0 100   0   0   0   0   0   0   0   0   0   0   0   0   0   0   0  4.62 1.47
   91 A     5  -1  -4  -3  -3   3  -1   0  -1  -4  -2  -3   1  -5  -4  -1  -1  -5  -3  -1   48   3   0   1   0  16   3   7   2   0   4   1   4   0   0   4   2   0   0   4  0.68 0.47
   92 S    -2   4  -3  -4  -1   3  -2  -3  -2  -2  -1   0   0  -4  -4   1   0  -5  -4   3    2  26   0   0   2  13   2   2   1   1   4   4   2   0   0  11   6   0   0  22  0.47 0.38
   93 G     0  -1   1  -1  -2  -2  -2   2  -1  -2  -2  -1  -3   0  -3   2  -1   5   3  -1    6   4   7   3   1   1   2  17   1   3   3   3   0   3   0  18   3  10  11   5  0.30 0.23
   94 D     0   1   2   2  -1  -1   0   1   2  -2  -1  -1  -2  -2  -2   1   0  -1   2  -1    7   7  11  14   1   2   4  11   5   1   6   3   0   1   1  10   4   1   7   4  0.14 0.14
   95 E     0  -2  -1  -1  -3  -2   0  -1  -3  -2   0  -1  -3   0   0   3   1  -3   3  -2    7   1   2   3   0   0   7   3   0   1   8   3   0   4   5  30  10   0  11   2  0.26 0.27
   96 G     0  -2   2  -1  -4  -2  -1   3  -2  -2  -4  -2  -3  -2   2   2  -2  -1   2  -2    8   2  12   2   0   0   4  27   1   2   1   1   0   1  11  16   1   1   7   2  0.39 0.27
   97 Y     0  -1   1   0  -3  -2   0  -1  -1  -1   0  -1  -1   1  -1   1   1   1   4  -2    5   2   8   6   0   0   5   5   1   3  10   2   1   5   2  15   9   2  16   2  0.14 0.16
   98 T    -1  -1   1   0  -3  -1   0  -1   0  -1  -3   0   0   1   3   1   1  -3  -1  -2    5   3   6   4   0   2   7   5   2   4   1   7   3   9  17  12   9   0   2   2  0.20 0.16
   99 Q    -2   0  -2   3  -3   1  -1  -2  -2   0   1   0   1   0  -2  -2  -2   4   2   0    2   4   1  20   0   7   3   3   0   5  19   5   3   4   1   2   0   5   8   7  0.21 0.19
  100 Y    -3  -4  -4  -4  -4  -1  -2  -1   0   0  -2  -3  -2   2  -4  -2   3  -2   6   2    1   0   0   0   0   2   3   4   2   4   3   1   0   6   0   2  22   0  30  17  0.66 0.40
  101 F    -5  -6  -3  -4  -6  -6  -6  -6  -5  -4  -3  -6  -4   8  -7  -2  -3   8   1  -5    0   0   1   1   0   0   0   0   0   0   1   0   0  65   0   3   2  21   3   0  2.27 0.81
  102 G    -2  -5  -4  -3  -5  -5  -5   7  -5  -6  -6  -5  -6  -6  -5  -2  -5  -6  -6  -6    3   0   0   2   0   0   0  90   0   0   0   0   0   0   0   3   0   0   0   0  2.13 0.74
  103 P     1  -1  -1  -2   0   3   0   2  -3  -4  -3   0  -3  -5   2   1   1  -4  -4  -3   12   2   2   1   3  19   6  19   0   0   2   6   0   0  10  10   8   0   0   0  0.38 0.27
  104 G    -3  -6  -4  -5  -6  -5  -6   7  -6  -7  -7  -5  -6  -7  -6  -2  -5  -6  -6  -5    0   0   0   0   0   0   0  94   0   0   0   0   0   0   0   3   0   0   0   1  2.36 0.80
  105 T    -2  -5  -4  -5  -5  -5  -5  -5  -6  -2  -5  -3  -5  -6  -5  -1   8  -6  -6  -4    3   0   0   0   0   0   0   0   0   2   0   1   0   0   0   4  91   0   0   0  2.15 0.86
  106 R    -3   3  -1  -2  -4   0   2  -4  -1  -2   1   4   0  -3  -3  -2   2  -5  -4  -3    0  18   2   1   0   3  12   0   1   2  14  24   2   1   1   2  17   0   0   0  0.46 0.32
  107 L    -4  -6  -6  -7  -4  -5  -6  -7  -6  -1   5  -6   0  -3  -6  -5  -4  -5  -4   5    0   0   0   0   0   0   0   0   0   0  61   0   1   0   0   0   0   0   0  38  1.41 0.59
  108 L    -3  -2  -3  -3  -4  -2   2  -4  -2  -1  -1  -2  -3  -2  -4   1   5  -5  -1   1    0   1   0   0   0   1  14   0   1   3   5   1   0   2   0  10  47   0   2  12  0.70 0.44
  109 V    -4  -6  -7  -7  -4  -6  -6  -7  -7   3  -2  -6  -3  -4  -6  -5  -4  -6  -5   7    0   0   0   0   0   0   0   0   0  14   0   0   0   0   0   0   0   0   0  86  1.95 0.72
  110 L    -2  -3  -4  -4  -2  -3  -4  -5  -4   2   4  -1   2  -1  -4  -3   0  -3  -2   3    0   0   0   0   0   0   0   0   0   8  54   4   4   0   0   0   7   0   0  22  0.58 0.23
  111 E    -2  -1   0   5  -4   1   5  -2  -1  -4  -4   0  -3  -4  -2  -1  -2  -4  -3  -3    0   0   0  40   0   0  60   0   0   0   0   0   0   0   0   0   0   0   0   0  0.87 0.11

                      K         Lambda
Standard Ungapped    0.1314     0.3137
Standard Gapped      0.0459     0.2670
PSI Ungapped         0.1500     0.3172
PSI Gapped           0.0459     0.2670
