
Last position-specific scoring matrix computed, weighted observed percentages rounded down, information per position, and relative weight of gapless real matches to pseudocounts
            A   R   N   D   C   Q   E   G   H   I   L   K   M   F   P   S   T   W   Y   V   A   R   N   D   C   Q   E   G   H   I   L   K   M   F   P   S   T   W   Y   V
    1 R    -4   6  -3  -4  -6   4  -2  -5   4  -6  -5   4  -4  -6  -4  -3  -4  -5  -4  -5    0  43   0   0   0  19   0   0   9   0   0  29   0   0   0   0   0   0   0   0  1.30 0.40
    2 R    -4   6  -4  -3  -7  -1  -3  -6  -1  -7  -7   6  -6  -7  -6  -3  -5  -7  -6  -7    1  44   0   1   0   1   1   0   1   0   0  48   0   0   0   2   0   0   0   0  1.83 0.67
    3 K    -4   6  -5  -5  -8  -3  -4  -3  -1  -7  -7   6  -6  -4  -4  -3  -4  -2  -6  -7    1  47   0   0   0   0   0   2   1   0   0  45   0   1   1   1   1   1   0   0  1.80 0.68
    4 P    -1   2   0  -3  -2  -1  -1  -1   1  -2  -1   3  -1  -3   3   1  -1  -5   0  -2    4  12   4   0   1   1   2   5   3   2   5  24   2   1  15   9   4   0   3   2  0.33 0.23
    5 R    -6   9  -5  -6  -8  -2  -5  -7  -5  -7  -4  -1  -6  -6  -7  -5  -6  -7   2  -7    0  88   0   0   0   1   0   0   0   0   2   2   0   0   0   0   0   0   6   0  2.59 0.87
    6 V    -2  -2  -3  -4   1   1  -4  -4   2  -1  -1  -1  -2  -4  -1  -2   6  -5  -4   1    3   2   1   0   3   6   1   1   5   3   5   3   1   0   3   1  52   0   0  10  0.88 0.43
    7 L     2   2   0  -3  -3  -1  -2  -3   1   0  -1   0   0  -2   1   0   2  -4  -3   0   18  14   4   0   0   2   1   1   4   7   5   5   2   1   8   5  16   0   0   7  0.21 0.17
    8 F    -6  -6  -6  -7  -2  -6  -7  -7   3   0   1  -5   0   8  -7  -6  -3  -3   5  -3    0   0   0   0   1   0   0   0   6   4  14   1   2  51   0   0   2   0  18   1  1.67 0.60
    9 S    -3  -4   0  -5  -5  -3  -5  -4   0  -5  -4  -2  -5  -6  -3   4   6  -7  -6  -5    1   1   3   0   0   1   0   1   3   0   1   2   0   0   1  34  52   0   0   0  1.44 0.64
   10 Q     0   2   0   1  -4   1   0  -1   0  -4  -3   2  -3  -5   2   1   0  -5  -2  -2    9   9   4   9   0   7   5   4   3   0   2  16   0   0  11  11   7   0   1   2  0.27 0.19
   11 A     0  -2  -1   1  -3   2   4  -2   2  -3  -2  -1  -2   1  -2   0  -2   1   2  -2    7   1   2   6   0   9  27   3   6   1   5   4   0   5   1   8   2   2   8   2  0.32 0.23
   12 Q    -6  -5  -6  -6  -9   9  -2  -7  -5  -9  -8  -4  -6  -9  -7  -3  -6  -8  -2  -8    0   0   0   0   0  95   1   0   0   0   0   0   0   0   0   2   0   0   2   0  3.19 1.09
   13 V    -2   0  -5  -6  -4  -5  -5  -6  -6   3   4  -3  -2  -3  -6  -1   2  -5  -3   2    3   6   0   0   0   0   0   0   0  15  46   1   0   0   0   5  11   0   1  12  0.77 0.37
   14 Y     0   2   0   0  -1   2   2  -3   0  -1   1   1   0  -1  -2  -1   0  -4   0  -2    8  11   5   3   2  12  14   1   3   2  14   7   2   2   2   4   5   0   3   2  0.15 0.14
   15 E     1   2  -3  -2  -2   1   4  -3  -2  -1  -1  -1   0  -1  -4  -1   0  -5  -4   0   13  10   0   1   1   6  34   1   1   3   7   1   2   3   0   3   5   0   0   8  0.41 0.29
   16 L    -6  -7  -8  -9  -6  -7  -8  -9  -8  -3   7  -7   2  -1  -8  -7  -6  -6  -6  -4    0   0   0   0   0   0   0   0   0   0  94   0   4   2   0   0   0   0   0   0  2.23 0.79
   17 E    -6  -3  -1  -3  -8   1   8  -7  -2  -5  -6   1  -3  -8  -6  -4  -6  -8  -3  -7    0   1   3   0   0   4  81   0   1   1   1   7   1   0   0   1   0   0   1   0  2.08 0.80
   18 R     1   3   1   0  -3   1   0  -3   0  -3  -3   4  -1  -5  -4   0  -1  -5  -3  -4   13  18   6   6   1   5   6   1   3   1   2  27   2   0   0   7   2   0   1   1  0.48 0.29
   19 R     0   1  -1  -2  -1   0   4  -4  -2  -1  -1   0   0   0  -4   1   0  -1   0   0    9   9   3   0   1   2  27   0   1   3   4   4   3   5   0  13   5   1   3   7  0.26 0.23
   20 F    -7  -8  -8  -8  -7  -8  -8  -8  -6  -5  -5  -8  -5  10  -8  -7  -7  -4   3  -6    0   0   0   0   0   0   0   0   0   0   0   0   0  90   0   0   0   0   8   0  3.22 0.99
   21 K     1   1   0   0  -3   3   2  -2   4  -2  -1   2  -1  -3  -4   0  -2  -5  -2  -3   12   8   5   4   1  14  14   2  10   2   7  13   1   1   0   5   1   0   1   1  0.34 0.24
   22 Q     0   1  -2  -1  -1   2   2  -2   0  -1  -1   1   0   2  -3   0   1  -4  -1  -1    8   8   1   3   1   9  17   2   2   2   5  10   3   9   0   5  10   0   2   3  0.18 0.17
   23 Q    -3  -3   5   0   3   3   0  -2   2  -4  -6   0  -5  -6  -5   1   2   0  -5  -5    1   1  32   5   7  13   6   2   5   1   0   4   0   0   0  10  11   1   0   0  0.77 0.42
   24 R    -1   4   1  -4  -3   2  -2  -4   4  -4  -5   3   2  -6   3   0  -2  -6  -4  -4    4  19   7   0   1   9   2   1  12   1   0  17   5   0  14   6   1   0   0   1  0.65 0.37
   25 Y    -6  -2  -2  -7  -7  -6  -6  -8   3  -4  -6   1  -2   2  -8  -6  -1  -3   9  -6    0   2   3   0   0   0   0   0   6   1   0  10   1   6   0   0   4   0  66   0  2.22 0.82
   26 L    -5  -7  -7  -7  -6  -6  -6  -7  -7   2   5  -6   0  -5   6  -6  -5  -7  -6   0    0   0   0   0   0   0   0   0   0   9  45   0   2   0  38   0   0   0   0   6  1.53 0.63
   27 S    -1  -4   2   4   0  -3   1  -2  -4  -5  -6  -2  -5  -6  -5   3   3  -6  -4  -2    5   0   9  25   2   0   7   3   0   0   0   3   0   0   0  22  21   0   1   3  0.73 0.41
   28 A     0   3  -3   0  -1  -1   0  -1   0   1  -2   1  -1  -2   3   0  -2  -5  -4   0    7  19   0   4   1   1   7   6   2  10   3   7   2   1  13   7   2   0   0   8  0.21 0.18
   29 P     0   1   0   1  -2   2   1  -2   1  -2  -2   2  -3   0   2   0  -1  -1   0  -2    9   8   3   9   1   9   7   2   3   2   2  13   0   4  10   7   4   1   4   2  0.19 0.15
   30 E    -1   4  -2   0  -2   3   3  -5  -2  -2  -2   1   1  -6  -5  -3   0  -6  -5  -3    5  26   1   5   1  12  22   0   1   3   3   7   3   0   0   1   7   0   0   2  0.62 0.36
   31 R    -6   8  -5  -6  -8  -2  -5  -7  -1  -4  -3   3  -2  -4  -7  -6  -6  -1  -6  -5    0  73   0   0   0   1   0   0   1   1   2  17   1   1   0   0   0   1   0   1  2.12 0.79
   32 D     1   0  -1  -1  -1   2   3  -3   0   1  -1   1   0  -2  -4  -1  -2  -1   1   0   11   6   3   3   1  10  21   1   2   8   6   7   2   1   0   3   2   1   5   5  0.20 0.19
   33 Q    -2   2   0   0  -1   4   5  -4   2  -4  -4   0  -1  -6  -5  -2  -3  -1  -2  -3    4   9   4   3   1  17  39   1   4   1   2   5   1   0   0   2   1   1   2   2  0.79 0.44
   34 L    -6  -7  -8  -8  -6  -7  -8  -9  -8   3   6  -7   3   0  -8  -7  -6  -7  -6   0    0   0   0   0   0   0   0   0   0  17  67   0   6   4   0   0   0   0   0   6  1.66 0.66
   35 A     6  -2  -6  -7   1  -6  -6  -2  -7  -2  -3  -6  -6  -1  -6   2  -5  -8  -7  -5   69   2   0   0   2   0   0   3   0   2   2   0   0   2   0  17   0   0   0   0  1.56 0.72
   36 S     1   3   1  -1  -4   1   0  -2   2  -2  -1   1   0  -3  -4   0   0  -1  -2  -2   11  20   7   4   0   7   5   2   6   1   7   9   3   1   0   8   5   1   1   3  0.24 0.20
   37 V     0   1   0  -1  -1   2   3  -4  -1  -2  -2   2   0  -1  -2   2   0   0  -2  -1    8   7   4   2   1   8  18   0   1   2   5  13   2   3   1  14   4   1   1   4  0.23 0.20
   38 L    -4  -5  -5  -6   1  -5  -5  -6  -5   2   5  -5   1  -3  -5  -4   2  -5  -4   0    0   0   0   0   3   0   0   0   0   9  65   0   3   0   0   0  16   0   0   4  1.08 0.38
   39 K    -2  -1   4   1   1   0  -1   4   1  -5  -4   1  -2  -5  -4   0  -2  -5  -3  -4    1   3  24   9   3   5   2  31   3   0   1   7   1   0   0   6   1   0   1   0  0.59 0.25
   40 L    -4  -5  -6  -7  -4  -5  -6  -7  -6   2   6  -4   2  -3  -6  -5  -4  -5  -4   0    0   0   0   0   0   0   0   0   0   9  80   1   4   0   0   0   0   0   0   5  1.45 0.45
   41 T    -1  -1   0  -1  -2   0   0  -3  -1  -4  -4  -1  -4  -5   3   3   4  -5  -4  -3    2   4   4   3   0   5   6   1   1   0   0   3   0   0  15  22  34   0   0   1  0.61 0.29
   42 S    -2  -3  -1   2  -6   0   5  -5  -2  -5  -4  -1   0  -6   4  -1  -2  -6  -3  -4    2   1   2  10   0   3  48   0   1   0   1   3   2   0  21   2   2   0   1   1  0.99 0.37
   43 T     1   5  -1   0  -1   0  -2  -3  -3  -3  -1   1  -3  -4  -2   1   2  -5  -3  -2   10  37   1   5   1   2   1   1   0   1   5   7   0   0   1  10  14   0   0   3  0.48 0.24
   44 Q    -3   3  -1  -4  -6   8  -2  -5  -1  -5  -5   0  -4  -6  -5  -2  -1  -6  -5   0    2  16   2   0   0  64   0   0   1   0   0   3   0   0   0   1   3   0   0   7  1.51 0.53
   45 V    -4  -6  -6  -6  -4  -6  -6  -7  -6   5   0  -6  -2  -4  -6  -5  -2  -6  -4   6    0   0   0   0   0   0   0   0   0  31   4   0   0   0   0   0   2   0   0  63  1.53 0.47
   46 K    -1   1  -3  -4  -6   5   0  -5  -3  -3  -5   6  -2  -6  -4  -3  -1  -6  -5  -3    5   4   0   0   0  28   5   0   0   1   0  51   1   0   0   0   3   0   0   2  1.19 0.44
   47 I    -3  -5  -5  -6  -4  -5  -5  -6  -6   5  -2  -5   1   1  -5  -4   2  -5  -4   5    0   0   0   0   0   0   0   0   0  39   0   0   2   6   0   0  11   0   0  42  1.16 0.40
   48 W    -8  -8  -9  -9  -7  -7  -8  -8  -7  -8  -7  -8  -6  -4  -9  -8  -7  13  -2  -8    0   0   0   0   0   0   0   0   0   0   0   0   0   0   0   0   0 100   0   0  5.10 1.05
   49 F    -6  -7  -7  -8  -7  -7  -7  -7  -5  -4  -4  -7  -4   9  -8  -6  -6  -3   2  -5    0   0   0   0   0   0   0   0   0   0   0   0   0  95   0   0   0   0   5   0  3.00 0.72
   50 Q    -5  -2  -4  -4   0   9  -1  -6  -4  -7  -6   1  -4  -7  -5  -2  -2  -6  -5  -6    0   1   0   0   2  84   2   0   0   0   0   7   0   0   0   2   2   0   0   0  2.26 0.68
   51 N    -6  -4   9  -3  -7  -4  -4  -4   2  -7  -8  -2  -6  -7  -6  -3  -4  -8  -6  -7    0   0  94   0   0   0   0   0   4   0   0   2   0   0   0   0   0   0   0   0  2.70 0.69
   52 R    -2   8  -2  -5  -2   0  -3  -5   1  -6  -5   2  -5  -6  -5  -2  -4  -6  -5  -6    3  77   1   0   1   3   0   0   3   0   0  10   0   0   0   2   0   0   0   0  1.78 0.51
   53 R    -4   8  -4  -5  -7  -3  -4  -6  -4  -7  -6  -1  -5  -6  -6  -4  -5   2  -5  -6    1  94   0   0   0   0   0   0   0   0   0   1   0   0   0   0   0   3   0   0  2.47 0.62
   54 Y     5  -2  -3  -4   1  -1  -3  -3  -4  -2  -1  -3   5  -3  -4  -1   2  -4   1  -1   49   1   1   0   3   2   0   0   0   1   4   0  17   0   0   2  12   0   5   2  0.69 0.31
   55 K    -4   4  -3  -4  -6   2  -2  -5  -4  -6  -6   7  -4  -6  -4  -3  -4  -6  -5  -6    0  21   0   0   0   7   0   0   0   0   0  72   0   0   0   0   0   0   0   0  1.69 0.48
   56 S    -1  -3  -2   1   1   0   0  -4   2  -1  -1  -2   2   0  -4  -1  -1   9   1  -2    6   0   1   9   4   5   6   0   5   4   7   1   7   3   0   5   4  29   3   1  0.73 0.26
   57 K    -4   5  -3  -4  -7  -2  -3  -5  -4  -6  -6   7  -5  -6  -5  -4  -4  -6  -5  -6    0  29   0   0   0   0   0   0   0   0   0  71   0   0   0   0   0   0   0   0  1.84 0.50

                      K         Lambda
Standard Ungapped    0.1311     0.3226
Standard Gapped      0.0631     0.2670
PSI Ungapped         0.2061     0.3178
PSI Gapped           0.0631     0.2670
