
Last position-specific scoring matrix computed, weighted observed percentages rounded down, information per position, and relative weight of gapless real matches to pseudocounts
            A   R   N   D   C   Q   E   G   H   I   L   K   M   F   P   S   T   W   Y   V   A   R   N   D   C   Q   E   G   H   I   L   K   M   F   P   S   T   W   Y   V
    1 A     5  -3  -3  -3  -3  -3  -3  -2  -4  -4  -4  -3  -3  -5  -3   4   2  -5  -4  -3   57   0   0   0   0   0   0   0   0   0   0   0   0   0   0  29  14   0   0   0  1.00 0.38
    2 S     3  -2  -2  -2  -1  -1  -2  -2  -2   3  -1   0   0  -2  -1   1   1  -4  -3   0   25   1   1   1   1   2   1   2   1  25   4   6   1   1   2  14   7   0   0   3  0.25 0.19
    3 V    -4  -6  -7  -7  -4  -6  -6  -7  -6   6   3  -6  -1  -2  -6  -6  -4  -6  -4   3    0   0   0   0   0   0   0   0   0  53  30   0   0   1   0   0   0   0   0  16  1.42 0.50
    4 Q    -1   2  -1   0  -4   2   4  -4   0  -4  -3   2  -3  -5  -3   1   1  -5  -4  -2    5  10   2   5   0   9  29   0   2   1   2  10   0   0   0  11  11   0   0   2  0.48 0.28
    5 L    -1  -5  -5  -6   2  -5  -5  -6  -5   4   3  -5   0   2  -5  -3  -2  -4  -3   3    5   0   0   0   4   0   0   0   0  21  32   0   1  10   0   1   2   0   0  24  0.75 0.33
    6 Q    -2   4   1   1  -4   2   3  -4   0  -3  -4   3  -3  -5  -3   0  -1  -5  -3  -2    1  20   8   8   0   7  17   0   2   1   1  20   0   0   0   7   4   0   1   2  0.52 0.28
    7 N    -2  -1   6   3  -5   0  -1   2   3  -5  -6   0  -5  -6  -5  -1  -3  -6  -4  -5    3   3  37  16   0   5   2  16   8   0   0   6   0   0   0   3   0   0   0   0  0.88 0.39
    8 V    -2  -6  -5  -6  -4  -5  -6  -7  -6   4   4  -6  -1  -2  -6  -5  -4  -4  -4   5    2   0   0   0   0   0   0   0   0  18  38   0   1   1   0   0   0   0   0  40  1.15 0.45
    9 T    -2   1   3   0   0   0  -1  -1   2  -3  -4   0  -3  -3  -4   3   2  -1   0  -1    1   9  13   5   2   3   3   5   5   0   0   4   0   1   0  24  16   1   3   5  0.33 0.24
   10 K    -3   1  -4  -4  -4  -1  -3  -5   1  -3  -1   6  -1   2  -5  -4  -4  -1   2   0    2   5   0   0   0   1   0   0   4   1   7  54   1   9   0   0   0   1   6   7  0.92 0.44
   11 A     0   3  -1  -1  -2   0  -1  -2   1   0  -2   0  -2   1  -3   1   1   3   2   0    5  17   3   2   1   5   3   1   4   5   2   4   0   5   0  14  10   4   9   7  0.19 0.16
   12 W    -6  -6  -7  -8  -7  -5  -7  -7  -3  -4  -3  -7  -5   6  -8  -6  -5   1   9  -5    0   0   0   0   0   0   0   0   0   0   2   0   0  33   0   0   0   1  62   0  2.55 0.79
   13 G    -1  -2   0   1  -5   1  -1   6   0  -6  -5  -1  -3  -6   1  -2  -3  -5  -5  -5    4   2   4   8   0   6   3  53   3   0   0   4   1   0   8   2   1   0   0   0  0.91 0.38
   14 E    -1  -1   2   3  -5   1   3   1   0  -4  -4   1  -4  -5  -1   1   0  -4  -4  -4    4   3   9  21   0   6  18  12   2   0   1   7   0   0   3   9   5   0   0   0  0.44 0.23
   15 V    -1   1   1  -2  -3   0  -2  -2   2   0  -1   1  -1   3  -3  -1   1  -3   0   2    3   8   7   1   0   4   1   3   5   4   5  11   0  16   0   3  10   0   3  17  0.16 0.16
   16 V    -1   0  -1  -1  -2   3   1  -4   4  -1  -1   1  -2  -3   2  -2   2  -4  -2   0    3   4   2   2   1  16  11   0  10   4   4   9   1   0   9   1  14   0   1   7  0.30 0.22
   17 V     5  -5  -5  -4  -4  -4  -4  -3  -5   1  -2  -4   0  -4  -4  -3  -2  -6  -5   4   52   0   0   1   0   0   0   1   0   6   3   0   2   0   0   0   2   0   0  33  1.07 0.47
   18 S    -4  -5  -6  -6  -3  -5  -6  -6  -4   2   6  -5  -1  -2  -6  -3  -3  -5  -4   2    0   0   0   0   0   0   0   0   1   9  72   0   1   0   0   2   1   0   0  13  1.30 0.48
   19 K    -2   1   1   3  -4   0   0  -3   3  -5  -5   4  -3   0  -2   0  -2  -5  -2  -4    3   8   7  20   0   4   5   1   9   0   0  30   0   4   1   5   2   0   1   0  0.57 0.29
   20 D    -3  -1   4   5  -4  -1  -1   3   1  -6  -6  -2  -5  -6  -2  -2  -3  -6  -5  -6    1   4  21  36   0   2   3  23   3   0   0   2   0   0   2   2   0   0   0   0  0.96 0.40
   21 I    -3  -6  -6  -6  -3  -5  -5  -6  -6   6   1  -6  -2   0  -6  -5  -3  -5  -4   5    2   0   0   0   0   0   0   0   0  41  11   0   0   4   0   0   1   0   0  40  1.25 0.46
   22 N    -3  -4   5   5  -4  -2  -2  -3  -2  -6  -6  -3  -5  -6  -5   4   0  -7  -5  -5    1   0  30  28   0   1   1   1   0   0   0   0   0   0   0  31   6   0   0   0  1.16 0.49
   23 L    -4  -6  -6  -7  -3  -5  -6  -6  -6   0   6  -6   3   3  -6  -6  -3  -4  -3  -1    1   0   0   0   0   0   0   0   0   5  70   0   6  14   0   0   1   0   0   3  1.35 0.50
   24 D     0   0   1   3  -3   1   2  -3   3  -4  -4   0  -3  -4  -2   1   2  -5  -2  -3    6   4   7  17   0   5  16   1   7   0   0   5   0   0   1  12  16   0   1   1  0.41 0.24
   25 I    -2  -6  -6  -7  -3  -6  -6  -7  -6   6   0  -6   0   0  -6  -5  -4  -6  -4   4    2   0   0   0   0   0   0   0   0  53   8   0   2   4   0   0   0   0   0  30  1.39 0.50
   26 H     1   1   0   0  -4   1   2  -1   1  -5  -4   2  -3  -3   4  -2  -1  -5   0  -4   13   6   5   4   0   6  17   4   3   0   0  13   1   1  20   1   2   0   4   0  0.44 0.25
   27 E     1   2  -1   2  -5   1   2  -2  -1  -5  -5   3  -4  -5   2   0  -1  -5  -4  -4   13   9   2  10   0   7  15   3   1   0   0  19   0   0  11   7   3   0   0   0  0.45 0.25
   28 G    -3   0   1  -5  -6  -3  -4   7  -1  -7  -7  -1  -6  -5  -6  -3  -4  -6  -6  -6    1   5   7   0   0   1   1  78   1   0   0   4   0   0   0   1   0   0   0   0  1.73 0.59
   29 E    -2  -1  -3   1  -4   3   6  -2  -2  -6  -6   0  -5  -6  -4   1  -1  -6  -4  -5    2   2   0   6   0  13  56   3   1   0   0   5   0   0   0   9   3   0   0   0  1.13 0.49
   30 F    -4   0  -5  -6  -1  -3  -5  -6  -2   3   0  -3   1   6  -6  -4  -2   2   1   3    0   5   0   0   1   1   0   0   1  18   9   1   3  34   0   0   1   3   3  21  0.84 0.35
   31 V    -2  -5  -4  -5   0  -4  -5  -5  -3   2   1  -5   0   3  -5  -3   3  -3   2   4    2   0   0   0   2   0   0   0   0  10  11   0   1  11   0   0  21   0   7  34  0.69 0.34
   32 V     5  -4  -4  -4   1  -4  -4   2  -5  -2  -4  -4  -3  -3  -4   1   1  -5  -3   2   45   0   0   0   2   0   0  16   0   1   0   0   0   1   0   9  10   0   1  15  0.74 0.38
   33 F    -2  -6  -6  -6  -4  -5  -6  -6  -6   5   4  -5   0   2  -6  -5  -4  -5  -3   3    2   0   0   0   0   0   0   0   0  37  35   0   2   8   0   0   0   0   0  15  1.07 0.41
   34 V    -4  -5  -6  -6  -3  -5  -6  -7  -6   5   3  -5   2  -1  -5  -5  -2  -5  -4   4    0   0   0   0   0   0   0   0   0  38  30   0   4   2   0   0   1   0   0  24  1.11 0.42
   35 G    -4  -7  -5  -6  -7  -6  -7   8  -6  -8  -8  -6  -7  -8  -7  -5  -6  -7  -8  -8    0   0   0   0   0   0   0 100   0   0   0   0   0   0   0   0   0   0   0   0  2.76 0.82
   36 P     0   1  -5  -5  -6  -3  -3  -5   4  -6  -3  -2  -3  -3   7  -1  -3  -6   1  -5    8   9   0   0   0   1   1   0  10   0   2   2   1   1  56   4   1   0   4   0  1.49 0.55
   37 S    -3  -5   1  -4  -5  -4  -4  -5  -5  -7  -7  -4  -6  -7  -5   7   0  -7  -6  -6    0   0   7   0   0   0   0   0   0   0   0   0   0   0   0  90   3   0   0   0  2.11 0.79
   38 G    -4  -7  -5  -6  -7  -6  -7   8  -6  -8  -8  -6  -7  -8  -7  -5  -6  -7  -8  -8    0   0   0   0   0   0   0 100   0   0   0   0   0   0   0   0   0   0   0   0  2.76 0.82
   39 C     3  -6  -5  -6   9  -5  -5  -4  -6  -5  -6  -5  -5  -6  -5   4  -3  -6  -6  -4   23   0   0   0  41   0   0   0   0   0   0   0   0   0   0  34   1   0   0   0  1.85 0.65
   40 G    -4  -7  -5  -6  -7  -6  -7   8  -6  -8  -8  -6  -7  -8  -7  -5  -6  -7  -8  -8    0   0   0   0   0   0   0 100   0   0   0   0   0   0   0   0   0   0   0   0  2.76 0.82
   41 K    -5  -2  -5  -5  -8  -3  -4  -6  -5  -7  -7   8  -6  -8  -6  -5  -5  -8  -6  -7    0   0   0   0   0   0   0   0   0   0   0 100   0   0   0   0   0   0   0   0  2.77 0.89
   42 S    -3  -5  -4  -5  -5  -4  -4  -5  -5  -6  -6  -4  -5  -7  -5   7   4  -7  -6  -5    0   0   0   0   0   0   0   0   0   0   0   0   0   0   0  76  24   0   0   0  1.91 0.74
   43 T    -4  -6  -4  -6  -5  -5  -5  -6  -6  -5  -6  -5  -5  -7  -6   0   8  -7  -6  -3    0   0   0   0   0   0   0   0   0   0   0   0   0   0   0   4  94   0   0   1  2.50 0.86
   44 L    -4  -6  -6  -7  -2  -6  -6  -7  -6   0   6  -6   0   3  -6  -5  -1  -5  -2  -1    0   0   0   0   1   0   0   0   0   4  75   0   2  10   0   0   4   0   1   3  1.37 0.51
   45 L    -2  -6  -7  -7  -2  -5  -6  -7  -6   2   6  -6   1  -1  -6  -4  -4  -5  -4   1    4   0   0   0   1   0   0   0   0  11  73   0   2   1   0   1   0   0   0   6  1.33 0.50
   46 R    -4   7   2  -5  -7   0  -2  -6   1  -7  -5   1  -5  -6  -6  -3  -5  -7  -4  -6    1  69  11   0   0   4   1   0   3   0   1   8   0   0   0   2   0   0   1   0  1.74 0.62
   47 M    -1  -5  -4  -5   6  -3  -5  -5   2   3   3  -4   4  -3  -5  -2   1  -4  -4   0    5   0   0   0  19   1   0   0   6  15  26   0  12   0   0   3   9   0   0   3  0.75 0.34
   48 I    -3  -6  -6  -6  -2  -5  -6  -7  -6   6   3  -6   2   1  -6  -5  -4  -5  -4   2    1   0   0   0   1   0   0   0   0  45  32   0   4   6   0   0   0   0   0  12  1.15 0.43
   49 A     4  -4   6  -2  -5  -4  -4   0  -4  -5  -5  -4  -4  -6  -5  -1  -3  -7  -4  -5   41   0  45   1   0   0   0   7   0   0   1   0   0   0   0   3   0   0   1   0  1.36 0.56
   50 G    -1   4  -4  -4  -2  -4  -4   6  -2  -5  -1  -3  -2  -3  -5  -4  -3  -6  -5  -5    3  21   0   1   1   0   0  60   1   0   8   1   1   1   0   0   1   0   0   0  1.23 0.49
   51 L    -4  -5  -7  -7  -5  -5  -5  -7  -6   0   5  -6   5   4  -6  -5  -5  -4  -2  -3    0   0   0   0   0   0   1   0   0   4  64   0  14  17   0   0   0   0   0   0  1.42 0.52
   52 E    -3  -3   2   3  -5   1   5  -5   1   0   1  -3  -2  -4  -4  -3  -2  -5  -3  -2    1   0   9  15   0   4  41   0   3   7  13   0   1   0   0   0   1   0   1   3  0.70 0.36
   53 T    -1   2  -1   2  -4   2   2  -3   0  -3  -2   2  -1  -3   0   0   1  -2  -2  -2    5  14   2  13   0   9  13   1   2   1   3  11   1   1   3   4  12   1   1   3  0.26 0.17
   54 I     0  -4  -5  -3  -4  -3  -4  -5  -1   1   0  -4  -4  -4   7  -4  -3  -6  -2  -1    8   1   0   2   0   1   1   0   2   7  10   0   0   0  59   0   1   0   1   4  1.44 0.52
   55 T    -1  -3  -1   3  -3  -1  -1  -3  -2   0  -3  -3  -4  -2  -3   2   5  -5  -2  -1    4   1   2  19   0   3   3   1   1   5   1   0   0   1   0  18  35   0   2   3  0.61 0.34
   56 S     1  -1  -1   0  -4   1   3   0  -1  -5  -5   0  -4  -3  -3   4   0  -5  -3  -4   12   3   1   5   0   5  20   5   1   0   0   6   0   1   0  33   5   0   1   0  0.51 0.30
   57 G    -4  -7  -5  -6  -7  -6  -6   8  -6  -8  -8  -6  -7  -7  -6  -4  -6  -7  -7  -7    0   0   0   0   0   0   0  99   0   0   0   0   0   0   0   0   0   0   0   0  2.70 0.80
   58 D    -1   2   0   2  -3   2   3  -3   0  -3  -4   1  -3  -4  -3   1   1  -5  -4  -2    3  12   4   9   0  10  24   1   2   1   1   8   0   0   0  13   9   0   0   2  0.41 0.24
   59 L    -4  -4  -6  -6  -3  -5  -6  -6  -6   6   1  -5  -1  -3  -6  -5  -4  -6  -3   5    0   1   0   0   0   0   0   0   0  44  13   0   1   0   0   0   0   0   0  39  1.33 0.48
   60 F    -1   1  -1  -2  -2  -1  -1  -3  -1   1   2  -1   1   1  -3  -1   1   3   1   0    3   8   2   1   0   2   4   0   1  10  24   4   3   7   0   5   9   5   5   6  0.16 0.12
   61 I    -3  -5  -5  -6  -3  -4  -5  -5  -4   4   3  -5   1   2  -5  -4  -3  -4   0   3    2   0   0   0   0   0   0   0   0  29  28   0   2  10   0   1   1   0   3  23  0.81 0.33
   62 G     0  -2   3   5  -4  -1   1   2   1  -5  -4  -1  -3  -2  -3  -1  -3  -5  -2  -5    6   2  17  35   0   2   7  15   3   0   1   3   1   2   1   3   1   0   1   0  0.68 0.31
   63 E    -3  -4   0   2  -6  -3  -1   7  -2  -7  -7  -3  -6  -6  -4  -2  -4  -6  -6  -6    1   0   5  11   0   1   4  71   1   0   0   2   0   0   0   2   1   0   0   0  1.53 0.52
   64 K    -1   2  -1  -1  -4   3   3  -3   0  -1  -2   2  -1  -2  -3  -2   0  -4  -3   0    5  11   2   3   0  14  20   1   2   5   3  16   2   2   0   1   7   0   0   8  0.31 0.21
   65 R    -2   1   3   5  -4  -2   1  -3  -2  -3  -3  -1  -3  -5   1  -1  -1  -5  -4   0    2   8  13  34   0   1  10   1   1   1   3   3   0   0   8   4   4   0   0   7  0.55 0.28
   66 M    -2  -4  -4  -5  -3  -3  -4  -4  -1   5   2  -4   2  -1  -4  -3   0   1  -3   3    3   1   1   0   0   1   1   1   2  32  21   0   4   2   0   1   4   2   0  23  0.64 0.29
   67 N     0  -1   3  -1  -3   0  -1  -1  -2  -3  -2   0   0  -1  -3   1   4  -4   0  -1    6   3  13   3   0   4   2   4   1   0   4   7   2   3   1  10  29   0   3   4  0.27 0.20
   68 D    -1   0   2   4  -4   1   2   1   0  -4  -4   1  -3  -5  -2   0   0  -5  -3  -4    6   4   8  30   0   6  11  11   2   0   1   8   1   0   1   5   5   0   0   0  0.47 0.24
   69 T    -1  -2  -3  -4  -3  -2  -2  -3  -2   1   3  -2   2  -2   0  -2   0  -3  -2   2    3   2   0   1   0   2   2   2   1   7  39   3   4   1   6   2   7   0   1  17  0.36 0.20
   70 P     0   1   1   0  -4  -1   0  -1   0  -2  -3   0  -2  -4   4   1  -1   2  -3   0    6   8   7   6   0   2   5   4   2   3   1   6   1   0  24  13   2   3   1   8  0.35 0.19
   71 P     1  -1  -1   0  -4   0   2  -1  -2  -1  -2   0  -2  -3   4  -1  -1  -4  -4   0   13   2   2   6   0   3  16   5   1   4   3   7   1   1  25   2   3   0   0   7  0.39 0.21
   72 A     2   1   0  -1  -3   0   0  -2   1   0   1   0   0  -1  -2   0  -1  -1  -1   0   20   7   5   2   0   5   7   1   5   6  18   7   1   1   1   4   1   1   2   7  0.10 0.12
   73 E    -3   7  -1   1  -6   1   2  -5  -2  -6  -5   2  -4  -6  -3  -3  -3  -6  -3  -5    2  54   3   6   0   6  12   0   0   0   1  12   0   0   1   1   1   0   1   0  1.19 0.46
   74 R    -1   7  -2  -3  -5   2  -1  -4  -1  -4  -4   2   0  -5  -4  -2  -1  -2  -4  -5    5  58   1   1   0   9   2   1   1   1   1  11   2   0   0   3   3   1   0   0  1.19 0.46
   75 G    -1   3   2   2  -4   1   0   0   1  -4  -3   2  -2  -4   1   0  -1  -4  -2  -3    4  16   9  11   0   7   5   7   4   1   1  17   1   0   8   5   3   0   1   1  0.31 0.16
   76 V    -2  -4  -5  -5  -2  -4  -4  -5  -5   5   0  -4   1  -1  -4  -3  -1  -4  -3   5    2   0   0   0   1   0   1   1   0  38   8   1   3   2   0   1   2   0   1  39  0.99 0.36
   77 G     1  -1   1  -4  -2  -4  -4   6  -1  -6  -6  -4  -5  -6  -5   1  -3  -5  -5  -5    9   3   7   0   1   0   0  66   1   0   0   0   0   0   0   9   1   0   0   0  1.36 0.48
   78 M    -4  -5  -6  -6  -3  -4  -6  -6  -5   0   0  -5   9   4  -6  -4   1  -4   2   1    0   0   0   0   1   0   0   0   0   5   4   0  52  14   0   0   7   0   6   9  1.57 0.58
   79 V    -3  -6  -7  -7  -4  -6  -6  -7  -7   4  -1  -6   2  -4  -6  -5  -4  -6  -5   7    1   0   0   0   0   0   0   0   0  21   4   0   5   0   0   0   0   0   0  69  1.66 0.58
   80 F    -6  -7  -7  -8  -7  -7  -8  -8  -5  -3  -4  -7  -4   9  -2  -6  -6  -3   2  -4    0   0   0   0   0   0   0   0   0   1   0   0   0  90   3   0   0   0   5   1  2.87 0.83
   81 Q    -6  -4  -5  -5  -8   9  -3  -7  -4  -8  -7  -3  -5  -8  -6  -5  -6  -7  -6  -7    0   0   0   0   0 100   0   0   0   0   0   0   0   0   0   0   0   0   0   0  3.23 1.03
   82 S    -3  -1   3   2  -5   1   2  -3   6  -5  -5   2  -4   1  -4   1  -3  -5  -2  -5    1   2  17  11   0   6  14   2  19   0   0  12   0   6   0   9   1   0   0   0  0.65 0.32
   83 Y    -1  -5  -1  -3  -6  -4  -4  -2   4  -3  -4  -5  -4   5   5  -3  -4  -3   6  -5    6   0   3   2   0   0   1   3  10   1   0   0   0  21  25   2   0   0  27   0  1.15 0.47
   84 A     3   2   6  -2  -5   1  -3  -2   2  -5  -5  -2  -4  -4  -4  -1  -1  -6  -4  -4   27  12  39   0   0   6   0   2   5   0   0   1   0   1   0   3   2   0   0   1  0.93 0.44
   85 L    -4  -6  -7  -7  -5   0  -6  -5  -6  -2   6  -6  -2  -4   3  -6  -5  -6  -5  -3    1   0   0   0   0   5   0   1   0   1  78   0   0   0  15   0   0   0   0   0  1.53 0.59
   86 Y    -5  -6  -7  -7  -5  -6  -7  -7  -5   0   3  -6   2   7  -7  -6  -5   1   2  -2    0   0   0   0   0   0   0   0   0   4  28   0   5  54   0   0   0   1   6   2  1.59 0.54
   87 P    -1  -2  -2  -3  -6  -2  -1  -4  -3  -5  -6  -1  -5  -5   7   0  -3   0  -6  -1    5   2   2   1   0   2   4   1   1   0   0   4   0   0  62   9   0   1   0   5  1.53 0.55
   88 H    -1   0   0  -2  -4  -1   1  -1   7  -4  -4  -2  -3  -3  -3   1  -1   7  -2  -4    4   5   4   1   0   2   9   6  33   1   1   1   0   0   1  11   4  16   0   1  0.98 0.36
   89 L    -1   2  -4  -4  -4  -1  -3  -5  -3  -2   3   3   6   1  -4  -2  -2  -3  -3  -3    6  12   0   0   0   2   1   0   0   0  24  17  25   7   0   1   2   0   0   0  0.66 0.34
   90 S    -3  -1   2  -1  -4  -4  -4  -5  -5  -3  -5  -2  -5  -6  -5   4   6  -6  -5  -4    0   4   9   2   0   0   0   0   0   1   0   2   0   0   0  29  52   0   0   0  1.28 0.56
   91 V     1  -6  -6  -7  -3  -6  -6  -6  -7   4  -2  -6  -3  -4  -6  -4  -3  -6  -5   6   11   0   0   0   0   0   0   0   0  21   1   0   0   0   0   0   0   0   0  66  1.53 0.56
   92 A     1   1  -4  -3  -4  -1   1  -3  -2   0   2  -2   0   4  -5  -3  -3   2   5  -2   12   8   0   1   0   2   9   2   0   5  19   1   2  15   0   0   0   2  20   1  0.43 0.26
   93 E    -1  -1  -2   5  -6   2   5  -1  -2  -6  -6   0  -5  -6  -4  -3  -3  -6  -5  -6    4   3   1  33   0  10  37   5   1   0   0   5   0   0   0   0   1   0   0   0  1.07 0.45
   94 N    -6  -5   9   2  -7  -4  -3  -5  -4  -8  -8  -5  -7  -8  -6  -4  -5  -8  -7  -8    0   0  89  10   0   0   1   0   0   0   0   0   0   0   0   0   0   0   0   0  2.74 0.86
   95 M    -4  -6  -7  -7  -3  -6  -6  -7  -7   5  -1  -6   2  -4  -6  -5  -3  -6  -5   6    0   0   0   0   0   0   0   0   0  28   4   0   4   0   0   0   1   0   0  63  1.61 0.57
   96 S     5  -4  -4  -3  -1  -2   0   1  -4  -3  -2  -4   2  -5  -4   0  -1  -5  -4  -1   60   0   0   1   1   1   7   8   0   1   3   0   5   0   0   4   4   0   0   4  0.85 0.42
   97 F    -2  -5  -6  -6  -4  -5  -3  -6  -4  -1   2  -5   2   7  -6  -4  -4  -1   5  -2    3   0   0   0   0   0   2   0   0   2  22   0   5  40   0   1   1   0  21   2  1.24 0.46
   98 G     0  -6  -4  -3  -6  -5  -5   6  -6  -7  -7  -5  -6  -7   4  -3  -5  -3  -7  -4    8   0   0   1   0   0   0  67   0   0   0   0   0   0  22   1   0   0   0   1  1.71 0.59
   99 L    -3  -2  -6  -5  -3  -3  -5  -6  -6   0   5  -5   2  -3   3  -5  -4  -5  -3   0    2   2   0   0   0   1   0   0   0   3  67   0   5   0  13   0   0   0   0   5  1.14 0.46
  100 K    -2   4  -1  -1  -5   0   3  -2   0  -2  -1   4  -1  -4  -3  -1  -1  -1  -4  -3    1  25   2   2   0   4  17   2   2   2   5  26   2   1   1   4   3   1   0   1  0.55 0.28
  101 L    -2  -1   2  -3  -2  -3  -3  -2   0   3   2  -3   2  -1   0  -2  -2  -4  -1   2    3   4  14   1   1   0   1   2   2  19  24   1   6   2   4   1   1   0   1  13  0.30 0.19
  102 A     1   2   0  -1  -3   2  -1   0   2  -1   0   1   0  -1  -2   0  -1   0  -1  -2   17  15   4   2   0  10   2   6   6   3   9   8   2   3   1   5   2   1   1   2  0.14 0.13
  103 G    -3   1  -2  -2  -5  -1  -3   5  -1  -5  -2   3  -4  -4  -1  -2  -3  -1  -3  -5    1   8   2   2   0   2   1  52   2   0   5  19   0   1   3   1   1   1   1   0  0.90 0.37
  104 A    -1   1  -2  -3  -2  -1  -1  -3  -2   2   1   0   2  -1  -2  -2   0   2   0   2    5  10   1   0   0   2   3   1   1  11  15   8   7   2   1   2   6   3   2  19  0.17 0.13
  105 K     0   0   1   1  -4  -1   0  -1  -2  -4  -2   2  -3  -2   4   3  -1  -1  -3  -3    6   5   5   8   0   1   4   3   0   0   4  12   0   2  23  22   2   1   1   1  0.46 0.25
  106 K    -1   4   0   0  -5   0   1  -1  -2  -4  -4   5  -3  -5   1  -1  -1  -5  -3  -4    5  19   3   6   0   2   7   4   0   1   1  37   0   0   6   3   4   0   1   1  0.61 0.30
  107 E     2   1  -1   1  -4   1   2  -2  -2  -4  -3   2  -2  -4  -1   1  -1  -5  -4  -3   23   7   3   9   0   5  16   2   0   0   1  14   1   0   3  11   3   0   0   1  0.35 0.22
  108 V     0   0  -2   2  -5   2   6  -4  -2  -3  -3   1  -4  -4  -3  -2  -2  -5  -3  -2    9   4   1   9   0   8  49   1   0   1   2   7   0   0   1   1   2   0   1   3  0.78 0.37
  109 I     1   2  -4  -1  -2  -1  -2  -3  -3   4   0  -1   2  -3  -4  -3  -2  -1  -3   2   15  14   0   4   1   3   2   1   0  32   6   2   6   0   0   0   1   1   0  11  0.40 0.25
  110 N     0   3   0   2  -4   1   3  -3  -1  -3  -2   3  -2  -4  -2  -1  -2  -2  -3  -2    8  20   4  12   0   6  17   1   1   1   3  16   0   0   1   2   2   1   1   3  0.40 0.22
  111 Q     1   2  -1   0  -3   2   3  -2  -2  -3  -4   3  -2  -4  -2  -1  -1  -2  -4  -2   13  13   1   5   1  11  25   2   0   1   1  16   1   0   2   3   3   1   0   2  0.45 0.25
  112 R    -1   6  -3  -3  -4   0  -1  -4  -3   0  -3   3  -3  -5  -4  -1  -1  -3  -4  -2    4  50   1   1   0   3   3   1   0   6   2  17   0   0   1   5   3   0   0   2  0.94 0.40
  113 V     3  -5  -5  -5  -3  -5  -5  -3  -5   2   0  -5  -2  -3  -5  -3  -3  -5  -4   5   29   0   0   0   0   0   0   1   0   8   8   0   1   0   0   1   0   0   0  51  1.00 0.43
  114 N     0   2   0   1  -4   1   3  -3   1  -2  -1   2   1  -1  -2  -1   0  -4  -1  -2    8  14   4   8   0   6  20   1   3   1   8  11   4   2   1   2   5   0   1   2  0.23 0.16
  115 Q     0   0  -1   1  -5   2   5  -2   1  -5  -5   1  -3  -5  -2  -1  -2   3  -2  -4    8   5   3   8   0   9  40   2   4   0   0   9   0   0   1   3   1   4   1   1  0.66 0.33
  116 V     4  -4  -3  -5  -3  -3  -4  -3  -2   0   3  -3   3  -2  -4  -1  -2  -1   0   1   39   0   1   0   0   0   0   0   1   4  30   1   6   1   0   4   2   1   3   7  0.59 0.33
  117 A     2  -5  -5  -7  -3  -5  -6  -6  -6   0   6  -5   2  -3  -6  -4  -4  -5  -5  -1   15   0   0   0   0   0   0   0   0   4  73   0   3   0   0   1   0   0   0   2  1.29 0.51
  118 E     1   2   0   2  -5   0   3  -2  -2  -3  -1   3  -3  -5  -3  -1  -1  -5  -3  -3   12  10   3  13   0   4  25   2   1   1   6  16   0   0   0   3   3   0   1   1  0.42 0.25
  119 V    -1   2  -3  -2  -2   1   0  -4  -4   0   3   0   3   0  -4  -2  -2   6  -2  -1    5  11   0   2   1   6   6   0   0   6  29   6   9   3   0   3   1  11   0   4  0.40 0.24
  120 L    -1  -6  -4   1  -4  -5  -3  -6  -4  -1   1  -5  -1  -4  -6  -4  -2  -6  -5   7    4   0   1   7   0   0   2   0   0   1  11   0   1   0   0   0   2   0   0  71  1.32 0.53
  121 Q    -1   0   0   0  -6   2   2   6  -1  -7  -6  -1  -5  -6  -5  -3  -4  -6  -6  -6    4   4   3   4   0   8  15  56   1   0   0   3   0   0   0   1   0   0   0   0  1.09 0.44
  122 L    -5  -6  -7  -7  -5  -5  -6  -7  -6   2   6  -6   3  -3  -6  -6  -4  -5  -4   2    0   0   0   0   0   0   0   0   0  11  70   0   8   0   0   0   0   0   0  11  1.43 0.52
  123 A     2  -1  -1   2  -3   1   2   0  -2  -3  -3   2  -3  -3  -1   1   0  -1  -2  -3   16   1   1  10   0   5  18   8   0   1   2  16   0   1   2  11   6   1   1   1  0.29 0.20
  124 H    -1  -2   0   5  -6  -1   2   2   4  -6  -6  -1  -5  -5  -2  -1  -3   0  -4  -5    4   1   4  36   0   2  12  19  12   0   0   2   0   0   2   3   1   1   0   0  0.81 0.36
  125 L    -2   4  -3  -4  -3  -1  -3  -5   2  -2   1   3   0   3  -5  -3  -3  -3   2  -3    2  27   1   0   0   2   0   0   4   1  14  20   2  15   0   1   0   0   8   1  0.62 0.32
  126 L     3   0  -3  -3  -4  -1   2  -1   0  -2   3   0   0  -3  -3  -1  -2  -3  -2  -1   27   5   0   1   0   1  13   4   2   1  33   5   2   0   0   2   1   0   1   2  0.36 0.26
  127 D    -2   0   3   4  -5   1   1  -1   4  -5  -5   2  -4  -4  -3  -1  -1  -3  -1  -5    3   5  13  26   0   5  10   4  11   0   0  11   0   0   0   4   4   0   2   0  0.56 0.28
  128 R     1   5  -1   0  -4   1   1  -4   3  -4  -4   2  -4  -3  -4  -1  -2  -5  -2  -3   13  36   2   5   0   6   7   0   8   0   1  12   0   1   0   5   2   0   1   1  0.67 0.33
  129 K    -2   2  -1  -3  -5  -1  -1  -5  -1  -4  -1   2  -1   1   0   1  -3   6   6  -4    2   9   3   0   0   1   4   0   1   0   6  12   1   5   5  12   0  10  27   0  0.62 0.33
  130 P     1  -5  -6  -6  -4  -5  -5  -1  -6   0  -6  -5  -6  -7   8  -4  -4  -8  -7  -2   12   0   0   0   0   0   0   4   0   5   0   0   0   0  73   0   1   0   0   4  2.13 0.70
  131 K     2   0   0   1  -2  -1   0   0   3  -3  -1   0  -2   0  -2   1  -1   0   0  -2   20   6   4   8   0   1   4   7   9   0   6   5   0   5   1  14   3   1   4   1  0.15 0.14
  132 A     0   0   0  -1  -5   5   3   0   1  -5  -4  -1  -3  -6  -4   0   0  -5  -4  -3    8   4   4   2   0  33  22   7   3   0   1   2   0   0   0   5   5   0   0   1  0.68 0.36
  133 L    -5  -6  -7  -8  -5  -6  -7  -8  -7   1   7  -6   1  -3  -7  -6  -5  -6  -5  -3    0   0   0   0   0   0   0   0   0   5  92   0   2   0   0   0   0   0   0   0  1.96 0.66
  134 S    -3  -5  -4  -5  -5  -5  -5  -5  -5  -7  -7  -5  -6  -7  -5   8  -3  -7  -6  -6    0   0   0   0   0   0   0   0   0   0   0   0   0   0   0 100   0   0   0   0  2.48 0.89
  135 G    -4  -7  -5  -5  -7  -6  -6   8  -6  -8  -8  -6  -7  -8  -7  -4  -6  -7  -8  -8    0   0   0   0   0   0   0  99   0   0   0   0   0   0   0   0   0   0   0   0  2.72 0.81
  136 G    -4  -7  -5  -6  -7  -6  -7   8  -6  -8  -8  -6  -7  -8  -7  -5  -6  -7  -8  -8    0   0   0   0   0   0   0 100   0   0   0   0   0   0   0   0   0   0   0   0  2.76 0.82
  137 Q    -5  -4  -4  -4  -7   9   3  -6  -4  -7  -6  -3   2  -7  -6  -5  -5  -7  -6  -6    0   0   0   0   0  79  16   0   0   0   0   0   6   0   0   0   0   0   0   0  2.41 0.85
  138 R    -2   4  -4  -4  -5   6  -2  -5  -4  -6  -6   5   0  -7  -5  -3  -4  -6  -5  -6    3  24   0   0   0  38   0   0   0   0   0  31   2   0   0   1   0   0   0   0  1.46 0.58
  139 Q    -6  -1  -5  -5  -8   9  -2  -7  -4  -8  -7  -2  -5  -8  -5  -4  -5  -7  -6  -7    0   3   0   0   0  94   1   0   0   0   0   1   0   0   0   0   0   0   0   0  2.90 0.96
  140 R    -6   9  -5  -6  -8  -3  -5  -6  -5  -8  -6  -2  -6  -7  -7  -5  -6  -7  -6  -7    0  99   0   0   0   0   0   0   0   0   0   0   0   0   0   0   0   0   0   0  2.95 0.90
  141 V    -2  -6  -7  -7  -3  -6  -6  -7  -7   1   2  -6  -1  -4  -6  -5  -3  -6  -5   7    3   0   0   0   0   0   0   0   0   6  14   0   1   0   0   0   0   0   0  76  1.64 0.59
  142 A     6  -5  -5  -5   5  -5  -5   2  -5  -5  -5  -5  -5  -6  -5  -1  -4  -6  -6  -2   65   0   0   0  12   0   0  17   0   0   0   0   0   0   0   4   0   0   0   2  1.43 0.57
  143 I    -5  -6  -7  -7  -5  -6  -7  -7  -7   7   3  -6   2  -3  -6  -6  -4  -6  -5   0    0   0   0   0   0   0   0   0   0  65  28   0   4   0   0   0   0   0   0   3  1.69 0.57
  144 G     7  -6  -6  -6  -3  -5  -5   0  -6  -5  -5  -5  -5  -6  -5  -3  -4  -7  -6  -4   93   0   0   0   0   0   0   5   0   0   1   0   0   0   0   0   0   0   0   0  2.04 0.73
  145 R    -4   8  -5  -6  -8  -3  -4   0  -5  -8  -7  -2  -6  -7  -6  -3  -5  -7  -6  -7    1  89   0   0   0   0   0   8   0   0   0   0   0   0   0   1   0   0   0   0  2.50 0.81
  146 T     6  -5  -5  -5   2  -4  -5  -2  -5  -1  -4  -4  -3  -6  -5   0   0  -6  -5   1   72   0   0   0   4   0   0   2   0   3   0   0   1   0   0   5   4   0   0   8  1.29 0.54
  147 L    -5  -6  -7  -7  -5  -6  -7  -7  -6   3   6  -6   0  -2  -6  -6  -5  -5  -4   0    0   0   0   0   0   0   0   0   0  16  77   0   1   1   0   0   0   0   0   4  1.58 0.55
  148 V     5  -5  -5  -6  -1  -5  -5  -3  -5   1  -1  -4  -1  -5  -5  -2  -2  -6  -4   4   55   0   0   0   1   0   0   0   0   6   4   0   1   0   0   2   1   0   0  29  1.08 0.48
  149 A    -1   2   3  -3  -1   0  -3  -3   2   1   0  -2   4  -3  -2  -1   1  -5  -3   1    5  13  17   0   2   5   0   1   4   7   6   0  14   0   2   4   8   0   0  12  0.29 0.23
  150 E    -3   3   2   3  -5   2   4  -3   1  -6  -5   2  -4  -6  -3  -1  -3  -6  -4  -5    1  17  10  13   0  10  25   1   4   0   0  13   0   0   0   4   0   0   0   0  0.71 0.34
  151 P    -5  -4  -5  -6  -8  -2  -6  -7  -7  -8  -8  -3  -7  -8   9  -5  -6  -8  -8  -7    0   1   0   0   0   2   0   0   0   0   0   1   0   0  95   0   0   0   0   0  3.17 0.93
  152 S     0   2  -1   2  -5   1   3  -2  -1  -5  -4   3  -4  -5   0   0  -2  -5  -4  -4    7  12   1  12   0   7  23   2   1   0   1  23   0   0   5   5   1   0   0   1  0.55 0.29
  153 V    -2  -6  -6  -6   1  -5  -6  -6  -3   4   2  -5   0  -2  -6  -5  -3  -5  -3   5    2   0   0   0   3   0   0   0   1  21  20   0   1   1   0   0   0   0   1  50  1.13 0.44
  154 F    -4  -6  -7  -7  -5  -5  -6  -7  -6   3   6  -6   3   1  -6  -6  -4  -2  -4   0    0   0   0   0   0   0   0   0   0  15  68   0   6   5   0   0   0   0   0   5  1.33 0.49
  155 L    -4  -6  -7  -7  -5  -6  -7  -7  -7   2   6  -6   0  -2  -7  -6  -5  -5  -5   0    1   0   0   0   0   0   0   0   0   8  84   0   1   1   0   0   0   0   0   6  1.67 0.58
  156 L     1  -5  -6  -6   4  -5  -5  -5  -5  -2   4  -5   5   3  -5  -1  -4  -4  -3  -2   10   0   0   0   8   0   0   1   0   0  48   0  15  11   0   6   0   0   0   1  0.96 0.42
  157 D    -6  -6  -3   9  -8  -5  -3  -6  -6  -8  -8  -5  -8  -8  -6  -5  -6  -9  -8  -6    0   0   0 100   0   0   0   0   0   0   0   0   0   0   0   0   0   0   0   0  3.03 0.90
  158 E    -5  -5  -5  -3  -8  -2   8  -7  -5  -8  -8  -4  -7  -8  -6  -5  -5  -8  -7  -7    0   0   0   0   0   0 100   0   0   0   0   0   0   0   0   0   0   0   0   0  2.78 0.91
  159 P     2  -6  -6  -6  -5  -5  -5  -6  -6  -6  -7  -5  -5  -8   8  -2  -5  -8  -7  -5   16   0   0   0   0   0   0   0   0   0   0   0   0   0  80   3   0   0   0   0  2.57 0.80
  160 L    -3  -5  -5  -5   2  -5  -5  -6  -5  -3   2  -5   0   5  -5  -3   6  -4  -3  -3    2   0   0   0   4   0   0   0   0   0  22   0   1  23   0   1  45   0   0   1  1.14 0.50
  161 S     2  -5  -3  -4  -5  -4  -4   4  -5  -6  -6  -4  -5  -6  -5   6  -2  -6  -6  -5   15   0   0   0   0   0   0  29   0   0   0   0   0   0   0  55   1   0   0   0  1.33 0.56
  162 N     6  -5   3  -4  -4  -3  -4   0  -5  -5  -5  -4   2  -6  -5   0  -3  -6  -5  -4   68   0  15   0   0   1   0   5   0   0   0   0   5   0   0   5   1   0   0   0  1.31 0.56
  163 L    -6  -6  -8  -8  -5  -6  -7  -8  -7  -2   7  -7  -2  -4  -7  -7  -5  -6  -5  -2    0   0   0   0   0   0   0   0   0   1  98   0   0   0   0   0   0   0   0   1  2.16 0.71
  164 D    -6  -6  -3   9  -8  -5  -3  -4  -6  -8  -8  -5  -8  -8  -6  -5  -6  -9  -8  -8    0   0   0  99   0   0   0   1   0   0   0   0   0   0   0   0   0   0   0   0  3.01 0.90
  165 A     3  -3  -5  -5  -5  -4  -4  -4  -2  -4  -2  -4  -3  -4   7  -1  -1  -2  -2  -3   29   1   0   0   0   0   1   1   1   0   4   0   1   1  51   3   3   1   2   1  1.38 0.53
  166 A     0   0  -1  -2  -4   1   2  -2   0   2   1   3  -1  -1  -3  -1  -2  -4  -3  -1    8   4   2   1   0   7  13   2   2  15  14  24   0   2   1   2   0   0   0   3  0.23 0.19
  167 L     0  -3  -2  -4  -4  -4  -4   1  -4  -2   2  -4   0  -4  -4   2   5  -5  -4   0    5   1   2   0   0   0   0   9   0   1  23   0   2   0   0  13  38   0   0   4  0.62 0.36
  168 R    -1   6  -4  -5  -4  -3  -3  -4  -4  -3  -5   0  -4  -6  -5   0   4  -6  -5  -2    5  52   0   0   0   0   0   1   0   1   0   4   0   0   0   6  28   0   0   2  1.29 0.54
  169 V     1   1   0   0  -3   1   1   0   1   0   0   2  -1  -3  -3   0  -1  -2  -2   0   11   9   3   6   0   7  12   6   3   7   8  13   1   0   0   5   2   1   0   6  0.11 0.10
  170 Q     0   1  -1   0  -5   3   4  -2   1  -4  -5   2  -3  -5  -4   2  -1  -5  -4  -3    7   7   3   5   0  13  29   2   3   1   0  13   0   0   0  14   3   0   0   1  0.55 0.30
  171 M    -4  -6  -6  -7  -5  -5  -6  -7  -6   5   1  -5   7  -3  -6  -5  -3  -6  -5   3    1   0   0   0   0   0   0   0   0  35  12   0  32   0   0   0   1   0   0  19  1.42 0.52
  172 R    -4   2  -4  -4  -4   4   2  -5   2  -1   3  -2   3  -1  -5  -3  -3  -4  -1  -2    0  14   0   0   0  22  15   0   4   3  28   0   8   2   0   1   0   0   2   2  0.60 0.35
  173 I     0   1   0   3  -4   2   3  -2  -1  -2  -2   1  -3  -3  -2   0  -1  -4  -1  -2    9   6   4  16   0   7  25   2   1   2   3   7   0   0   2   5   4   0   2   3  0.32 0.20
  174 E    -3  -3  -5  -3  -4  -1   2  -6  -4  -1   5  -3   0  -2  -5  -4   0   3  -1  -1    2   1   0   1   0   2  18   0   0   1  55   1   2   0   0   0   6   5   2   4  0.75 0.38
  175 I    -4  -5  -6  -6  -4  -5  -6  -7  -6   4   5  -5   3   1  -6  -5  -4  -5  -4   2    0   0   0   0   0   0   0   0   0  28  48   0   8   5   0   0   0   0   0  11  1.14 0.43
  176 S     0   3  -1  -1  -4   1   1  -2   0  -2   0   3   0  -2  -3  -1  -1  -4  -1  -2    7  20   2   3   0   5   9   2   2   2  13  20   2   1   0   5   3   0   2   2  0.27 0.18
  177 R    -2   3   0   3  -5   2   4  -2  -1  -5  -4   2  -2  -5  -4  -1  -1  -5  -4  -4    3  19   4  14   0   9  26   3   1   0   1  13   1   0   0   3   2   0   0   0  0.62 0.30
  178 L    -4  -6  -7  -6  -5  -6  -6  -7  -6   4   6  -6   0  -2  -6  -5  -4  -1  -3   1    1   0   0   0   0   0   0   0   0  22  67   0   1   1   0   0   0   1   1   6  1.35 0.49
  179 H    -1   1   4  -3   2   3  -2  -4   5  -4  -2   2  -4  -4  -4  -2  -3   6  -3  -3    5   6  22   0   4  14   1   0  15   1   3  12   0   0   0   2   1  12   0   2  0.79 0.37
  180 K     0   4   0   1  -4   4   2  -3  -1  -4  -3   3  -3  -5  -4  -1  -2  -5  -4  -4    9  23   3   8   0  17  14   2   1   0   2  16   0   0   0   3   1   0   0   0  0.59 0.30
  181 R    -2   3  -2   1  -6   3   5  -4  -3  -5  -4   2  -4  -5  -4  -1  -2  -5  -4  -4    2  19   1   8   0  11  37   0   0   0   1  14   0   0   0   3   2   0   0   1  0.84 0.38
  182 L    -1   0  -2  -3  -3   0  -1  -3   2  -1   3  -1   1   1  -3  -1   1  -2   3  -1    4   5   2   1   0   5   4   1   7   2  31   3   3   6   0   3   9   0  11   3  0.24 0.17
  183 G    -1   0   2   0  -4   0  -2   5   1  -5  -4   1  -3  -4  -3  -2  -3  -3  -4  -4    3   6  11   4   0   4   2  49   4   1   1   9   1   0   1   2   1   0   0   1  0.77 0.30
  184 R    -2  -1  -3  -3  -1  -1  -3  -4  -2   3   2   0   3   2  -1  -2   1  -2   0   1    2   3   1   1   2   2   1   1   1  23  16   7   7   9   4   1  10   0   3   8  0.25 0.16
  185 T     0  -5  -4  -5  -3  -3  -5  -4  -6  -4  -5  -4  -3  -6  -1   0   8  -7  -6  -4    6   0   0   0   0   1   0   1   0   0   0   0   1   0   3   5  83   0   0   0  1.94 0.73
  186 M    -1  -5  -5  -5  -2  -4  -5  -5  -5   5   0  -5   3   3  -5   0   0  -4  -2   4    6   0   0   0   1   0   0   0   0  30   6   0   7  12   0   7   5   0   0  26  0.69 0.32
  187 I    -3  -6  -6  -6  -4  -5  -6  -7  -6   5   3  -6   0   0  -6  -5  -4  -5  -4   5    2   0   0   0   0   0   0   0   0  30  28   0   2   3   0   0   0   0   0  36  1.13 0.43
  188 Y    -3  -5  -5  -6  -2  -4  -5  -6  -1   3   3  -5   4   4  -5  -2  -3  -2   3   1    1   0   0   0   1   0   0   0   2  19  32   0  11  15   0   3   0   0   9   7  0.73 0.32
  189 V    -2  -6  -2  -7  -5  -6  -6  -7  -7   4  -3  -6  -3  -4  -6  -3  -4  -7  -5   7    2   0   3   0   0   0   0   0   0  24   0   0   0   0   0   2   0   0   0  70  1.67 0.60
  190 T    -4  -5  -4  -5  -5  -5  -4  -6  -6  -3  -3  -5  -5  -6  -5   0   8  -7  -6  -4    0   0   0   0   0   0   1   0   0   1   2   0   0   0   0   6  90   0   0   0  2.30 0.81
  191 H    -7  -4  -4  -6  -8  -4  -5  -7  11  -8  -8  -6  -7  -6  -7  -6  -7  -8  -3  -8    0   0   0   0   0   0   0   0 100   0   0   0   0   0   0   0   0   0   0   0  4.14 1.10
  192 D    -4  -4   3   6  -6   0   3  -4  -2  -6  -5  -3  -6  -3  -5   1  -3  -7  -3  -6    1   0  14  50   0   4  16   0   1   0   1   0   0   1   0  10   1   0   1   0  1.25 0.49
  193 Q    -3  -3  -4  -5  -5   4  -2  -6  -3   1   0  -3   8  -3  -1  -4  -3  -5  -4   3    1   1   0   0   0  22   2   0   0   7   9   1  36   1   4   0   1   0   0  17  1.09 0.49
  194 V    -1  -1   0   4  -5   3   4  -1   1  -4  -4  -1  -3  -5  -2   0  -2  -5  -4  -2    5   3   3  24   0  17  27   4   3   1   1   1   0   0   1   6   2   0   0   3  0.64 0.32
  195 E    -3  -4  -4   1  -6   3   6  -5  -4  -2  -1  -3  -3   0  -5  -4  -4  -6  -4   2    1   0   0   8   0  15  48   0   0   2   7   0   0   5   0   0   0   0   0  14  0.94 0.46
  196 A     6  -5  -6  -6  -4  -5  -5  -4  -6   1  -3  -5  -3  -5  -5  -2  -4  -6  -5   2   75   0   0   0   0   0   0   0   0   7   1   0   0   0   0   1   0   0   0  16  1.51 0.60
  197 M     2   1  -2  -3  -3  -1  -2  -3  -3   0   2   1   2  -1  -2  -1  -2  -1  -3   1   20  10   1   1   0   3   2   1   0   5  21  12   8   1   2   3   1   1   0  10  0.21 0.18
  198 T     1   4  -1   0  -4   0   1  -3  -1  -3  -2   1  -2   0  -3   1   1  -4   0  -3   12  26   1   4   0   4  10   1   1   0   4   7   1   4   0   9  12   0   3   1  0.32 0.21
  199 L    -3  -4  -5  -5   0  -4  -5  -5  -3   4   3  -4   4   1  -5  -4  -3  -4   1   3    1   0   0   0   2   0   0   0   1  20  32   1  12   5   0   0   1   0   5  20  0.74 0.31
  200 A     5  -4  -4  -4   5  -4  -4   0  -5  -5  -5  -3  -3  -5  -4   4  -2  -6  -5  -4   48   1   0   0  11   0   0   7   0   0   0   1   1   0   0  29   1   0   0   0  1.09 0.48
  201 D    -4  -3   1   7  -7   0   0  -4   1  -7  -7  -2  -6  -7  -4  -1  -1  -7  -6  -6    1   1   6  70   0   5   3   1   3   0   0   2   0   0   0   4   4   0   0   0  1.66 0.58
  202 K    -4   7  -3  -3  -4   1   0  -6   2  -6  -5   1  -4  -3  -5  -3  -2  -1   2  -4    0  60   1   1   0   6   6   0   5   0   1   8   0   1   0   2   2   1   6   1  1.32 0.52
  203 I    -3  -5  -5  -6  -3  -3  -5  -6  -6   4   1  -4   0  -3  -5  -3   2  -5  -3   5    1   0   0   0   0   1   0   0   0  26   9   0   2   0   0   1  15   0   0  44  1.00 0.42
  204 V     3  -5  -5  -5  -2  -4  -4  -2  -5   3   1  -4  -1   0  -4  -2  -3  -3  -1   4   32   0   0   0   1   0   0   3   0  17  14   0   1   3   0   1   0   0   2  26  0.63 0.32
  205 V    -2  -3  -5  -6  -4  -4  -4  -3   0   1   1  -4   0   4  -5  -4  -3  -4   0   5    2   2   0   0   0   1   1   2   2   6   9   0   2  19   0   0   0   0   2  51  0.90 0.40
  206 L    -5  -6  -6  -7  -5  -5  -6  -7  -6   3   3  -6   8   3  -6  -6  -5  -5  -3  -1    0   0   0   0   0   0   0   0   0  13  30   0  45  10   0   0   0   0   0   2  1.64 0.59
  207 D    -1   2   3   2  -3   0   2  -3   2  -4  -1   1  -2  -3  -4   0  -1  -3   1  -2    3  12  17  14   0   3  14   0   6   0   5   6   1   0   0   6   3   0   7   2  0.33 0.21
  208 A     0   0   2   3  -4   2   1   0   1  -4  -2   1   1  -4   0  -1  -2  -5  -3  -3   10   4  10  21   0   9   9   5   4   0   5   9   4   0   5   4   1   0   0   0  0.29 0.19
  209 G    -4  -6  -5  -5  -7  -5  -6   8  -6  -8  -8  -6  -7  -7  -6  -4  -6  -7  -7  -7    0   0   0   0   0   0   0  98   0   0   0   0   0   0   0   0   0   0   0   0  2.65 0.79
  210 R    -2   5   0  -1  -4   1   3  -4   1  -3  -4   3  -3  -4  -2  -2  -1  -5  -3  -1    2  31   3   2   0   6  18   1   3   1   1  20   0   0   1   1   3   0   1   5  0.65 0.32
  211 V    -2  -5  -6  -6  -2  -5  -5  -6  -5   6   3  -4   0  -1  -4  -5  -3  -5  -4   3    2   0   0   0   0   0   0   0   0  46  24   1   1   1   0   0   0   0   0  23  1.11 0.42
  212 A     1  -3  -3  -3  -3   0   2  -4  -1   3  -1  -2   0  -3  -4  -2  -2  -4  -2   4   13   1   0   1   0   4  16   1   2  17   4   1   2   1   0   2   1   0   1  33  0.45 0.27
  213 Q     0  -1  -2  -2  -5   5   5  -4   1  -5  -2   0   0  -1  -4  -2  -3  -1  -1  -4    8   2   1   1   0  26  39   0   3   0   5   3   2   3   0   2   1   1   2   1  0.82 0.40
  214 V    -1  -1  -2   2  -1   2   1  -3   0   2  -1  -1   0   1  -3   0   0  -3   1   1    2   2   1  12   1  10  10   1   2  13   3   2   2   7   1   9   5   0   5  11  0.14 0.14
  215 G    -1  -4   0   0  -5  -3  -3   7  -2  -5  -5  -4  -4  -5  -5  -2  -3  -6  -6  -5    4   0   4   6   0   1   1  76   1   0   1   0   0   0   0   3   1   0   0   0  1.57 0.52
  216 K     0   0   0   1  -3  -1   0  -2  -2  -2  -3   1  -3  -4   3   2   3  -5  -4  -3    6   5   4   9   0   2   6   2   1   2   1   8   0   0  16  13  24   0   0   1  0.39 0.23
  217 P    -1  -5  -5  -5  -5  -4  -4  -5  -5   1  -2  -4  -2  -5   6  -2   3  -6  -5   2    4   0   0   0   0   0   0   0   0   7   4   0   1   0  44   1  22   0   0  17  1.20 0.47
  218 L     0   2   0   1  -3   1   2  -1  -1  -1  -1   1  -1  -1  -2   0  -1   0  -1  -1    9  13   2  10   0   6  15   3   1   3   8  10   1   2   0   6   3   2   2   4  0.13 0.10
  219 E    -1  -1  -1   4  -4   2   5  -4  -2  -4  -5   0  -3  -5  -4  -1   0  -5  -4  -3    4   3   2  23   0   7  42   0   0   1   0   5   1   0   0   4   5   0   0   1  0.86 0.37
  220 L    -3  -5  -3  -5  -2  -4  -4  -5  -5   5   3  -4   1   0  -4  -4  -2  -4  -3   4    0   0   1   0   1   0   1   0   0  33  24   1   3   3   1   1   2   0   0  28  0.86 0.34
  221 Y    -5  -6  -4  -7  -4  -4  -6  -6  -2  -2   1  -6  -2   7  -6  -5  -4   0   6  -3    0   0   1   0   0   1   0   0   1   1  13   0   1  53   0   0   1   1  26   1  1.73 0.56
  222 H     1   0   1   2  -3   0   2  -1   0  -2  -1  -1  -1  -3   0   2   1  -3  -3  -2   12   6   5  11   0   2  12   2   3   2   6   3   1   0   5  16  12   0   0   1  0.19 0.14
  223 Y    -1   3   4   1  -3   1   1  -2   3  -4  -4   1  -3  -3  -4  -1   0  -5   0  -4    4  20  21   8   1   5   8   2   8   0   1   8   0   1   0   4   5   0   4   0  0.47 0.25
  224 P    -4  -5  -4  -5  -7  -3  -3  -6  -2  -7  -6  -5  -6  -6   9  -3  -5  -7  -7  -6    1   1   1   0   0   1   1   0   1   0   1   0   0   0  91   1   0   0   0   0  2.87 0.80
  225 A     2   3   0  -2  -4   2   0  -2  -1  -1  -3   3  -1  -4  -3   0  -1  -4  -3  -1   23  17   4   1   0  12   5   3   1   4   0  19   1   0   0   4   2   0   0   4  0.38 0.23
  226 D    -2  -1   4   3  -4   1   0  -3   4  -4  -4   0  -3  -5  -1   2   2  -5  -3  -3    2   2  19  16   0   5   6   0  12   0   1   4   0   0   2  17  12   0   0   1  0.53 0.27
  227 R     0   3  -1   0  -4   1   2  -3   0  -3  -1   2  -2  -4   2  -1  -1  -4  -3  -2    7  17   1   5   0   5  18   1   3   0   6  15   1   0  12   3   4   0   0   3  0.34 0.19
  228 F    -1   2  -3  -3  -4   0   0  -2  -3   0   1  -1  -1   5  -2  -2   0  -1   0   0    5  14   0   1   0   4   6   3   0   5  11   2   1  31   1   2   6   1   2   5  0.35 0.21
  229 V     1  -3  -3  -3  -3  -4  -4  -4  -5   0  -1  -4  -1  -1  -4   0   5  -5  -3   4   11   1   1   1   0   0   0   1   0   2   4   0   1   2   0   5  40   0   1  31  0.75 0.37
  230 A     3   3  -3  -2  -2   2   3  -2  -2  -3  -4   2  -1  -3  -2  -2  -2  -5  -1  -3   34  14   0   1   1   8  18   1   1   1   0  11   2   1   2   0   1   0   3   1  0.50 0.29
  231 G    -1   2   0   4  -4   1   2   1   0  -4  -3   1  -3  -5  -3   1   0  -5  -4  -4    5  11   4  25   0   7  11  11   2   1   2   6   0   0   0  11   4   0   0   0  0.41 0.21
  232 F    -6  -6  -7  -7  -6  -6  -7  -7  -4  -4   0  -6  -2   8  -7  -6  -6  -2   6  -4    0   0   0   0   0   0   0   0   0   0   6   0   1  68   0   0   0   0  25   0  2.29 0.65
  233 I    -4  -5  -6  -6  -4  -5  -6  -6  -6   6   3  -5   1  -2  -6  -4  -3  -5  -4   3    0   0   0   0   0   0   0   0   0  52  27   0   3   1   0   0   0   0   0  16  1.23 0.41
  234 G    -3  -5   3  -4  -5  -4  -5   7  -4  -7  -7  -4  -5  -6  -5  -3  -4  -6  -6  -6    0   0  13   0   0   0   0  87   0   0   0   0   0   0   0   0   0   0   0   0  1.95 0.48

                      K         Lambda
Standard Ungapped    0.1372     0.3208
Standard Gapped      0.0633     0.2670
PSI Ungapped         0.2068     0.3173
PSI Gapped           0.0633     0.2670
