
Last position-specific scoring matrix computed, weighted observed percentages rounded down, information per position, and relative weight of gapless real matches to pseudocounts
            A   R   N   D   C   Q   E   G   H   I   L   K   M   F   P   S   T   W   Y   V   A   R   N   D   C   Q   E   G   H   I   L   K   M   F   P   S   T   W   Y   V
    1 M    -3  -3  -4  -5  -3  -2  -4  -5  -4   0   2  -3   9  -2  -4  -3  -3  -3  -3  -1    0   0   0   0   0   0   0   0   0   0  17   0  83   0   0   0   0   0   0   0  1.58 0.39
    2 S    -2  -1   4   3  -4   1  -1  -2  -1  -3  -4   2  -3  -3  -3   2   1  -5  -3  -3    2   0  23  21   0   5   1   1   1   2   0  19   0   1   0  14  11   0   0   0  0.50 0.24
    3 K    -3   3   0  -2  -6   0   1  -4   2  -5  -5   6  -4  -5  -2  -2  -3  -5  -4  -5    0  16   3   1   0   2   7   0   4   0   0  64   0   0   1   1   1   0   0   0  1.16 0.45
    4 P    -3  -3  -4  -4  -5  -2   0  -3  -4  -1  -2   4  -4  -3   7  -3  -3   0  -4  -2    1   0   0   0   0   1   5   1   0   4   4  28   0   1  49   1   0   1   0   2  1.23 0.46
    5 I    -2   5  -3  -4  -5  -2  -3  -3  -3   1  -1   0  -3   2  -5  -1   2  -4  -2   0    1  40   1   0   0   1   0   1   0  10   4   5   0  10   0   4  14   0   1   8  0.65 0.39
    6 V     1  -5  -6  -6   0  -5  -5  -4  -6   4   2  -5  -1  -2  -5  -4  -3  -5  -3   5   11   0   0   0   2   0   0   1   0  22  20   0   1   1   0   0   0   0   0  42  0.94 0.47
    7 L    -5  -2  -6  -6  -6  -5  -5  -7  -3  -2   1   3   0   3  -6  -5  -5  -3   8  -1    0   2   0   0   0   0   0   0   0   2  14  18   2  10   0   0   0   0  48   4  1.44 0.67
    8 S     0  -4  -2  -2   3  -4  -3  -4  -4   2   0  -3  -3  -1  -4   3   3   4  -3   0    9   0   1   3   7   0   0   0   0  11  10   0   0   2   0  22  22   5   0   6  0.47 0.36
    9 G    -2  -7  -5  -6  -7  -6  -7   8  -7  -8  -8  -6  -3  -8  -7  -5  -6  -7  -8  -8    3   0   0   0   0   0   0  96   0   0   0   0   1   0   0   0   0   0   0   0  2.66 0.98
   10 V    -1   1  -5  -2  -2  -4  -5  -5  -4   3  -1  -4   2   5  -3  -3   0  -3   2   2    4   8   0   3   1   0   0   0   0  17   4   0   4  29   2   1   7   0   7  14  0.62 0.38
   11 Q     0   0  -3   5  -6   4   3   0  -4  -6  -5  -2   2  -6  -5  -2  -2  -6  -5  -5    8   4   0  34   0  19  16   8   0   0   0   1   5   0   0   2   3   0   0   0  0.86 0.50
   12 P    -4  -7  -7  -6  -3  -6  -6  -7  -7  -1  -7  -6  -7  -8   8  -4   0  -8  -8  -6    1   0   0   0   1   0   0   0   0   5   0   0   0   0  86   1   6   0   0   0  2.80 1.06
   13 S    -4  -5  -4  -5  -5  -5  -5  -5  -6  -6  -5  -5  -5  -7  -5   5   6  -7  -6  -5    0   0   0   0   0   0   0   0   0   0   1   0   0   0   0  44  55   0   0   0  1.87 0.89
   14 G     3  -6  -3  -5  -6  -5  -5   6  -6  -7  -5  -5  -6  -7  -1   0  -5  -1  -6  -6   21   0   1   0   0   0   0  67   0   0   1   0   0   0   3   6   0   1   0   0  1.61 0.70
   15 E    -2   1   1   5  -2  -1   1  -3  -2  -1  -3   2  -3  -2   0   0  -1  -5  -1  -3    2   8   5  31   1   2   9   1   1   4   2  14   0   2   5   8   2   0   2   2  0.44 0.30
   16 L    -4  -5  -6  -6  -5  -3  -6  -7  -6   3   4  -5   5   0   2  -5  -4  -5  -3   0    1   0   0   0   0   1   0   0   0  18  45   0  14   4  12   0   0   0   1   5  1.03 0.53
   17 S    -7  -6  -5  -6  -8  -5  -5  -7  11  -8  -8  -6  -7  -7  -7  -4   0  -8  -4  -8    0   0   0   0   0   0   0   0  92   0   0   0   0   0   0   1   7   0   0   0  3.82 1.34
   18 I    -5  -6  -7  -7  -2  -6  -7  -7  -7   5   5  -6   0   0  -6  -6  -4  -3  -4   1    0   0   0   0   1   0   0   0   0  35  51   0   1   3   0   0   0   0   0   8  1.37 0.62
   19 G     0  -7  -5  -6  -7  -6  -7   8  -7  -8  -8  -6  -7  -8  -7  -5  -6  -7  -8  -7    7   0   0   0   0   0   0  93   0   0   0   0   0   0   0   0   0   0   0   0  2.54 0.98
   20 N    -5  -5   5  -5  -7  -1  -5  -6  10  -7  -7  -5  -6  -6  -7  -5   0   3   2  -7    0   0  27   0   0   2   0   0  57   0   0   0   0   0   0   0   5   3   5   0  2.37 0.96
   21 Y    -1  -4  -4  -5  -4  -4  -4  -2  -3  -1   3   0   2   2  -5  -1   1   1   5  -1    5   0   0   0   0   0   0   3   0   2  28   6   5   7   0   5  11   2  24   3  0.58 0.39
   22 L    -3  -3  -6  -6  -4  -5  -6  -6  -4   4   3  -5   3  -1  -6  -4  -2  -5  -4   4    2   1   0   0   0   0   0   0   0  24  26   0   8   3   0   1   1   0   0  33  0.98 0.49
   23 G    -1  -4  -3  -4  -4  -1  -4   3  -4  -2   0  -3   1   2   3  -2   1   2  -3   1    4   0   1   0   0   3   0  26   0   2   9   1   3   9  15   1  10   3   0  11  0.42 0.31
   24 A     3  -4  -4  -5  -3  -3  -4  -3  -4   3   1  -2   4   1  -4   0  -1   0  -3   2   24   0   0   0   0   0   0   1   0  16  14   3  12   7   0   6   3   1   0  13  0.46 0.33
   25 L    -3   0   2   0  -4   0  -3  -4   0   3   2  -2   4   2  -3  -2  -2  -4  -1  -1    1   6  10   5   0   5   0   1   2  17  25   1  12   8   1   2   1   0   1   2  0.34 0.28
   26 R    -2   3  -1  -4  -2   1  -1  -3  -4  -2  -2   5   2  -5  -4  -2   1  -6  -3  -1    3  14   2   0   1   6   2   2   0   2   3  44   6   0   0   2   9   0   1   4  0.75 0.47
   27 Q    -2  -1   2  -4  -4   1  -3  -4   0   1   3   3   2  -2  -1  -1  -2  -5  -3   0    1   2  11   0   0   8   0   0   3   8  28  19   6   1   2   3   1   0   0   5  0.35 0.31
   28 W     0   4  -2  -5  -5  -2  -4  -5  -4   0  -1   1   1   2  -5  -3  -4   8   0  -1   10  26   2   0   0   1   0   0   0   5   5   7   4   9   0   1   0  21   3   3  0.91 0.50
   29 Q    -1   1  -1   2  -2   2  -1  -3   2   0   0  -1   0   1  -3  -2  -1   2   0   2    5   7   2  16   1  13   1   1   6   6   7   3   2   5   0   1   3   3   3  16  0.18 0.20
   30 Q    -2   0  -2   1  -4   2   0  -4   0  -2   2   0   0   5  -4  -2  -3  -3  -1  -3    3   4   2  10   0  12   7   0   2   2  17   5   3  30   0   3   1   0   1   0  0.48 0.34
   31 M    -2  -2  -4  -1  -3   6  -1  -5  -4  -1   3  -2   2  -1  -5  -2  -3  -5  -3   0    2   2   0   3   0  36   3   0   0   3  31   2   6   2   0   2   1   0   1   6  0.76 0.50
   32 Q    -1   1  -1   2  -6   6   2  -3  -3  -5  -3   3  -4  -6  -4  -2  -2  -5  -5  -5    6   7   2  12   0  39  10   1   0   0   3  15   0   0   0   2   2   0   0   0  0.90 0.52
   33 D     3  -3   1   3   1  -1   0   0   1  -3   0  -2   0   1  -2  -1  -2  -4  -2  -2   31   0   7  15   3   1   7   6   4   0  10   2   2   6   1   2   0   0   1   1  0.29 0.28
   34 D    -2  -4  -1   1  -6  -1   1   6   0  -5  -6  -1  -6  -6  -5  -2  -3  -6  -3  -3    1   1   2   9   0   3   8  62   3   0   0   4   0   0   0   2   2   0   1   2  1.21 0.58
   35 Y    -1  -5  -2  -5   3  -2  -4  -2   8   0  -4  -5  -3   3  -6  -3  -4  -4   4   1    5   0   2   0   7   2   0   3  37   5   1   0   0  12   0   1   1   0  14  10  1.18 0.58
   36 D    -3   1   2   3  -4   2   3  -3   1  -1  -5   2  -1  -5  -1  -2  -1  -5  -4  -3    0   9  11  17   0   8  20   1   3   3   0  14   1   0   3   2   4   0   0   2  0.49 0.33
   37 C     1  -4  -2  -5   4  -4  -4  -2  -5   1   0  -3   2  -3   1  -1   0  -5  -4   4   11   0   2   0  11   0   0   3   0   8   6   1   5   1   7   4   7   0   0  34  0.52 0.35
   38 Q    -3  -2  -3  -5  -2  -1  -4  -5  -1   4   0  -1  -1   4   0  -2   1  -3   4   1    0   2   1   0   1   4   0   0   1  23   5   4   1  18   4   3  11   0  13   9  0.47 0.33
   39 Y     0  -5  -6  -6  -4  -5  -5  -4  -4   4   2  -5  -1   5  -5  -4  -4  -3   3   3    7   0   0   0   0   0   0   1   0  23  16   0   1  22   0   0   0   0   9  20  0.82 0.43
   40 C    -2  -5  -5  -6   5  -1  -4  -4  -5   2   4  -5   0   3  -2  -3  -4   1   0   0    3   0   0   0  11   4   1   1   0  12  42   0   1  12   2   2   0   2   2   5  0.70 0.41
   41 V    -4  -2  -6  -7  -5  -6  -5  -4  -6   6   2  -6  -1   0  -6  -6  -4  -6  -4   3    0   3   0   0   0   0   1   2   0  52  18   0   1   4   0   0   0   0   0  21  1.26 0.59
   42 V     4  -5  -4  -5  -4  -1  -5   4  -5  -2  -4  -4  -4  -6  -4  -2   0  -6  -5   1   40   0   0   0   0   2   0  36   0   1   1   0   0   0   1   1   6   0   0  12  0.99 0.56
   43 D    -4  -6   0   8  -7  -5  -3   1  -5  -4  -7  -5  -7  -7  -6  -3  -2  -8  -7  -7    1   0   3  78   0   0   0  11   0   1   0   0   0   0   0   1   3   0   0   0  2.11 0.89
   44 L    -1  -3  -4   1  -4  -1  -2  -1  -3  -1   2  -4   0   4  -2  -1  -2   6   1  -1    6   1   0   8   0   3   3   5   0   3  25   0   2  18   2   4   2  11   4   3  0.41 0.29
   45 H    -4  -3  -3  -4  -6  -1   2  -2   9  -6  -6  -2  -5  -1  -5  -3   5  -6  -3  -5    0   1   0   0   0   2  12   3  43   0   0   3   0   3   0   1  31   0   0   0  1.59 0.74
   46 A     5  -4  -4  -5  -4  -4  -4   2  -5  -5  -5   1  -4  -4  -3   2  -1  -6  -2  -4   56   0   0   0   0   0   0  15   0   0   0   7   0   1   1  13   4   0   2   0  1.02 0.58
   47 I    -3  -2  -5  -5  -4  -2  -4  -6   0   4   2  -2   5   3  -5  -4  -1   4   3  -2    1   2   0   0   0   2   1   0   2  22  21   2  14  11   0   0   4   6  12   0  0.71 0.41
   48 T    -3  -3  -4  -5  -4  -4  -5   0  -3   4   2  -3  -1  -3  -5  -1   4   3  -2  -1    1   1   0   0   0   0   0   9   1  28  19   1   1   1   0   4  29   4   1   2  0.69 0.45
   49 V    -1  -3   4   3  -4  -3  -2   3  -3  -2  -3   0  -2  -1  -3  -2   0  -2  -4   2    3   0  19  17   0   0   1  22   0   2   1   6   1   3   1   2   6   1   0  15  0.45 0.34
   50 R    -3   3   2   5  -2  -1  -1  -3   0  -3  -3   0   1  -6   3  -3  -3  -2  -5  -4    1  14   9  35   1   2   2   1   2   2   2   7   3   0  16   1   0   1   0   1  0.75 0.45
   51 Q    -3   0  -1  -2  -5   3  -1   0   0  -3  -2   3  -2  -2   4  -1   0  -1  -2  -4    1   4   2   1   0  12   3   8   3   2   3  23   1   2  23   5   6   1   1   0  0.51 0.36
   52 D    -1   0   1   4  -5  -2   0   2  -1  -4  -2  -1  -4  -5  -4   2   1  -5  -5  -3    4   6   7  26   0   1   6  17   1   1   4   2   0   0   0  19   7   0   0   1  0.50 0.35
   53 P    -2   1  -2  -3  -5  -3  -3   0  -2  -3   0   1  -1   1   6  -1   0   1  -4  -3    2   8   1   1   0   0   1   8   1   1  10   9   2   5  37   5   6   2   0   1  0.68 0.40
   54 Q     0  -1  -1   0  -2   1   3  -2  -1  -2  -1   2   1  -1   1   0   0   0  -3  -2    8   2   2   4   1   6  22   3   1   2   6  14   5   3   5   8   4   2   0   1  0.21 0.21
   55 A     0   0  -1   2  -4   1   3  -3  -2  -2   0   1  -1  -3  -3  -1   1  -5  -4  -2    9   4   2  14   0   7  25   0   0   2  12   9   2   1   0   3   8   0   0   2  0.33 0.27
   56 L    -1  -3  -4  -4  -1  -2   1  -4  -4   2   3  -2   0  -2  -4   0   2  -4  -2   1    6   1   0   0   1   1  10   0   0  13  32   2   1   1   0   9  14   0   1   8  0.37 0.30
   57 H    -1   5  -2  -3  -5   0   0  -2   1   0  -1   1   1  -3  -3  -2  -3  -3  -1  -1    6  39   2   1   0   4   7   3   4   7   5   8   4   0   1   2   1   0   2   5  0.51 0.35
   58 E     0   4   0   0  -6   2   4  -3  -2  -3  -4   2  -4  -6  -4  -2  -1  -6  -3  -3    7  21   3   5   0   8  31   1   0   1   1  14   0   0   0   2   3   0   1   2  0.69 0.43
   59 A     0   0   2   0  -2   2   2  -2   1  -1  -1   1  -2  -1  -3   0   0   2   0  -1    8   3  14   4   1  13  12   2   3   3   5   7   1   2   0   7   4   3   4   5  0.17 0.18
   60 T     1   0  -2  -4  -1  -3  -4   0  -4   2   0  -3  -1  -3  -4  -1   3   0  -2   2   14   6   1   0   1   1   0   6   0  15   7   0   1   0   0   4  24   1   1  16  0.36 0.31
   61 L     1   2  -2  -3  -4   0   2  -3  -1   0   2   0   0  -2  -4  -1  -1  -2   2   0   12  13   1   0   0   4  15   2   1   4  22   5   2   1   0   3   3   0   9   5  0.21 0.23
   62 D     0   0   0   3  -5   1   4  -3  -2  -3  -4   1  -4  -5  -4   0   0  -5   0  -3    7   6   4  18   0   6  33   1   1   2   2   6   0   0   0   7   5   0   3   1  0.57 0.38
   63 A    -1  -3   4  -4  -4  -2  -2  -4  -1   0   0  -2   0   0  -5  -3   0  -3   5   2    4   1  26   0   0   1   2   1   1   6   7   1   3   3   0   1   7   0  22  15  0.60 0.41
   64 L     4  -2   0  -2  -3  -2  -3  -3  -4   2   0  -1  -1  -2  -4  -2   0  -4   1   1   36   2   6   2   0   1   1   1   0  12   9   4   1   0   0   1   5   0   6  12  0.36 0.31
   65 A     3   1  -3  -3  -4   1   1  -3  -4  -1   1   4  -2  -4  -4  -1  -2  -5  -4  -2   27   7   0   0   0   6  11   0   0   3  16  24   0   0   0   2   2   0   0   1  0.48 0.38
   66 I    -1  -1   2   3  -2   1   0  -1  -1   0   0   0  -1  -3  -3   0   3  -4  -3  -1    5   3   9  16   0   6   4   3   2   8   8   4   2   0   0   6  20   0   0   5  0.21 0.21
   67 C    -2  -5  -1  -6   2  -1  -5  -6  -3   2   1  -5   1   2  -6  -5  -4   6   6   0    2   0   3   0   5   3   0   0   0  13  12   0   4   8   0   0   0   9  33   6  0.97 0.50
   68 L    -3  -4  -4  -3  -4  -2   0  -5  -5   4   4  -3  -1   4  -5  -4  -4  -4  -2   0    1   1   1   1   0   2   7   1   0  26  38   2   1  15   0   0   0   0   1   3  0.75 0.42
   69 A     5  -2  -4  -3  -2  -1  -1  -1  -4  -4  -5   2  -4  -3  -4   1  -1  -5  -2  -2   56   1   0   1   1   2   4   4   0   0   0  13   0   1   0  11   2   0   1   2  0.86 0.51
   70 V     1  -2  -3  -3   5  -1  -2  -3  -4   2   2  -1   1  -2  -3  -2  -2  -4  -1   2   11   2   1   1  15   3   3   1   0  10  23   4   3   1   1   3   1   0   2  16  0.37 0.25
   71 G    -2  -4  -1  -1  -4  -2  -4   6  -4  -2  -2  -4  -2   0  -4  -2  -2  -4  -4  -2    2   1   2   3   0   2   1  67   0   3   4   1   1   4   1   2   3   0   0   3  1.22 0.52
   72 V    -2  -4  -5  -5  -2  -3  -5  -3  -5   3   4  -2   2   3  -5  -3  -2   0  -3   1    3   0   0   0   1   1   0   2   0  17  44   2   4  12   0   2   1   1   0   9  0.70 0.38
   73 D    -5  -3   2   7  -4  -1  -1  -3  -4  -6  -6  -2  -6  -6   0  -2  -3  -7  -6  -6    0   1   9  69   0   3   3   2   0   0   0   2   0   0   5   2   1   0   0   0  1.67 0.71
   74 P    -1  -2  -3   0  -5  -1  -1  -4  -4  -1  -1   0   0  -2   7  -2  -2  -5  -3  -1    4   2   1   4   0   3   4   1   0   3   6   5   2   2  51   2   2   0   1   5  1.06 0.50
   75 K    -1  -2   2   3  -3   1   4  -1  -1  -3  -4   2  -1  -5  -2   0   0  -5  -4  -3    4   1  12  16   1   6  27   4   1   1   1  11   2   0   1   8   4   0   0   1  0.51 0.33
   76 K    -1   3  -1  -2  -5   1  -1  -2  -1  -3  -3   6  -3  -5  -4  -2  -3  -5  -3  -2    4  12   2   2   0   5   3   2   2   1   3  55   0   0   0   1   1   0   1   3  0.97 0.51
   77 S     1  -3  -1  -3   2  -3  -3  -2   0   0   0  -2  -2  -2  -4   1   4  -4  -2   1   13   1   2   1   4   0   1   2   2   5  10   2   0   2   0  13  30   0   1  11  0.37 0.31
   78 T    -2   1   0  -1  -2   0   3  -3   0   0  -2   0  -1   1  -3   0   2   0  -2   0    1   9   5   2   1   3  19   1   2   6   3   6   1   8   1   4  18   2   1   8  0.20 0.21
   79 L    -3  -3  -5  -4  -3  -4  -5  -6  -5   5   2  -4   0   5  -5  -5  -4  -4   0   2    1   2   0   1   0   1   0   0   0  33  18   1   1  22   0   0   0   0   3  16  0.89 0.44
   80 F    -4   0  -3  -4  -4  -4  -5  -3  -1   1  -1  -5  -2   7  -6  -5  -3  -2   4   3    0   5   1   1   0   1   0   3   1   8   4   0   1  42   0   0   1   0  12  19  1.05 0.53
   81 V    -2   0   3  -2  -3   0  -1  -3  -2   1   1  -1  -1   2  -3  -1  -1   3   2   1    2   6  16   1   0   4   2   2   0   8  16   4   1   8   0   5   2   4   8  10  0.19 0.20
   82 Q     0  -3   3   2  -5   6  -2   2  -3  -6  -6  -3  -4  -6  -4   1  -3  -5  -2  -5    8   0  14  10   0  36   1  16   0   0   0   0   0   0   0  12   0   0   1   0  0.90 0.55
   83 S    -2  -3  -1  -1  -5  -3   0  -3  -2  -5  -4  -3  -5  -1  -4   6   2  -6  -1  -3    2   1   3   4   0   0   5   2   1   0   2   1   0   3   0  63  10   0   2   2  1.06 0.63
   84 H    -2  -2   0   4  -1   1   4  -2   4  -5  -4   0  -1  -5  -4  -2  -3   6  -3  -5    3   1   4  23   1   6  25   2   9   0   1   5   2   0   0   2   1  12   0   0  0.81 0.46
   85 V    -2  -1   0  -3   0  -3  -4  -4  -3   3   1  -4   1   3  -4  -3  -2   5   2   3    2   4   5   2   2   0   0   0   0  14  14   0   3  12   0   1   2   8   7  23  0.46 0.28
   86 P    -1  -1   0   1  -2   2  -1  -1  -2  -2   0   0   0  -2   4   1   0  -1   0  -1    3   2   5   9   0  10   2   4   1   1  10   7   2   2  20  10   4   1   4   4  0.24 0.19
   87 E     1  -2   0   0  -4   1   4  -1   1  -3  -1   2   0  -2  -1   0  -2   0  -3  -2   14   1   3   5   0   6  27   4   3   1   8  11   2   2   2   6   1   1   0   1  0.27 0.23
   88 H    -3  -1   0  -1  -1  -2  -2  -2   6   1   1   1   1  -1  -3   0  -1  -1   1   1    1   3   5   4   1   0   1   3  21   9  15   8   3   2   0   6   2   1   4   9  0.28 0.23
   89 A     1  -2   0  -1  -3   0  -1   0  -1  -1  -1   0   1   0   0   1   1   1   2  -2   16   1   6   2   0   3   4   9   1   3   6   5   4   3   3  14   8   2   8   2  0.10 0.13
   90 Q     1  -1   1   3  -4   2   4  -2  -1  -3  -3  -1  -2   0  -1  -2   0  -4  -1  -4   10   2   6  18   0  11  27   2   1   1   2   1   1   4   2   1   6   0   2   0  0.46 0.32
   91 L     0  -2  -2  -3  -4  -3  -1  -4  -2   0   4  -2   2  -1  -3  -2  -3  -1   4  -1    7   2   2   1   0   0   5   1   1   4  45   3   6   1   1   2   1   1  14   3  0.53 0.34
   92 G     2  -2   1   1  -1  -1   1   1   1  -2  -2  -2   0  -2  -2   1   1   3   0  -1   17   1   8   9   1   2   9  11   3   1   2   0   4   2   1   8  10   4   4   4  0.17 0.17
   93 W    -4  -3  -3  -1  -5  -1  -3  -4  -1   0   1  -3   3   2  -5  -3  -3   9   4  -1    1   1   1   4   0   3   1   1   2   5  16   2   9   9   0   2   2  28  12   3  1.04 0.48
   94 V    -2  -2  -2   1  -4  -3  -1  -5  -2   4   3  -2   2   0  -1  -3  -1  -4  -1   1    2   2   1   8   0   0   3   0   1  28  27   2   5   3   4   1   2   0   2   8  0.43 0.29
   95 L    -2   1  -3  -3  -3  -3  -2  -3  -2   2   3  -1   2   1  -3  -3  -1  -1   0   1    2   9   1   1   0   0   2   2   1  10  37   4   4   7   1   0   3   1   3  12  0.36 0.25
   96 N     1   0   3   1  -2   0   0   0   0  -1   0  -1   0  -2   0   0   0  -3   1  -1   11   6  17   7   1   2   5   8   2   4   9   1   2   1   5   6   5   0   6   2  0.10 0.11
   97 C    -1   0   1   0   6  -1  -1  -1  -3  -2  -1   1   3   0  -3  -1  -1  -3   0  -1    4   6   8   6  20   3   3   4   0   1   6  11   9   3   1   3   3   0   4   4  0.33 0.24
   98 Y    -2  -1  -1  -3  -2  -2  -2  -1  -2   2   3  -1   0   1  -4  -2  -2  -1   4   1    2   3   3   1   0   2   2   6   1  11  31   3   2   4   0   2   2   1  16   9  0.33 0.25
   99 T     2   0  -1  -2  -1  -1  -1   0  -3   0  -2   0  -2  -4   0   2   3  -4  -4   0   22   4   2   1   1   1   3   6   0   5   3   5   1   0   3  14  21   0   0   8  0.27 0.25
  100 Q     0   1   3  -1  -4   0  -2  -1  -1  -2  -2   1  -2  -3   1   2   1  -1   1  -2    8   7  14   2   0   3   1   5   1   2   4   7   1   0   6  21   9   1   6   2  0.23 0.23
  101 M    -1  -1   0  -2  -3   0  -2  -4   2   1   1   1   2   3  -4  -2   0   0   1   1    6   3   5   1   0   4   2   0   5  10  13   9   8  15   0   1   5   1   3   9  0.18 0.18
  102 G     0  -2   1  -3  -3  -1  -2   3   0   0  -1  -2  -1   0  -2   1   1  -3   1   1    8   1   6   0   0   3   2  22   2   6   5   0   1   5   1  13   7   0   6  10  0.18 0.18
  103 E    -3   2  -2  -2  -4   0   3  -3  -2  -3  -2   1   0  -5  -4   0   4   3  -4  -4    0  12   1   1   0   4  20   1   1   1   4   9   3   0   0   6  32   5   0   0  0.63 0.43
  104 L    -1  -5  -6  -6  -4  -1  -4  -6  -3   2   4  -3   3   0  -5  -5  -4  -5  -4   4    4   0   0   0   0   3   1   0   1  10  39   1   6   3   0   0   0   0   0  32  0.86 0.46
  105 S     2   0   4  -1  -4   1   1  -1   1  -3  -3   1  -2  -3  -2   2  -2  -5  -4  -4   22   4  21   2   0   5   8   4   3   1   2  10   1   1   1  13   1   0   0   0  0.40 0.32
  106 R    -1   7  -1   0  -6   1  -3  -3  -2  -5  -5   2  -4  -5  -5  -3  -1  -5  -1  -3    6  57   3   5   0   7   0   2   1   0   1  10   0   0   0   1   3   0   2   2  1.20 0.59
  107 M     2  -4  -2  -6   2  -4  -5  -5  -2   2  -1  -1   9  -4  -5  -4  -2  -5  -5   0   16   1   2   0   4   0   0   1   1   9   4   4  51   0   0   1   2   0   0   5  1.39 0.68
  108 T    -3  -1  -3  -4  -2  -2  -3  -3   2   1   3   0   3  -1   0  -3   2  -4   1   0    0   3   0   0   1   2   1   2   5   6  33   7   7   2   4   0  16   0   4   5  0.34 0.28
  109 Q     1   2  -1  -3  -4   4   2   0  -2  -4  -4   0  -3  -3  -2   1   2  -5  -3  -4   13  12   2   0   0  20  14   8   1   0   0   4   0   1   1   8  13   0   1   0  0.45 0.35
  110 F     0   3  -4  -4  -4  -3  -3  -4  -3   0   0   2  -2   5  -4   0  -2   2   2   0    9  15   0   0   0   0   0   0   0   6   7  11   1  26   0   8   1   3   7   5  0.49 0.34
  111 K    -3  -1   1   3  -5  -1   2  -1  -3  -3  -2   4   3  -5  -4  -2   0  -5  -4  -4    2   2   8  18   0   1  13   5   0   1   4  29  10   0   0   1   6   0   0   0  0.58 0.40
  112 D     1  -2  -2   5  -2   0   2   0  -3   0  -4  -2  -4  -5  -2   0   0  -5  -4  -2   11   2   1  37   1   3  14   6   0   7   1   1   0   0   2   7   7   0   0   2  0.58 0.37
  113 K    -2   0  -3  -2  -4   0   1  -4  -3   0  -1   3   2   4  -4  -1  -2  -3   0   1    3   5   0   1   0   4  10   0   0   5   4  24   5  19   0   3   1   0   3  12  0.36 0.27
  114 S     1   0   0  -2  -3  -1  -1   0  -1   1  -2   2   0  -3  -3   2   0  -4  -2   1   14   5   4   1   0   1   4   6   1   9   2  15   3   0   0  19   3   0   1  12  0.18 0.19
  115 A     2   2   0  -2  -3   0   0   1  -3  -2  -3   3  -3  -4  -3   1  -1  -4  -3   0   21  10   4   1   0   4   4   9   0   2   2  23   0   0   0   9   2   0   0   8  0.29 0.22
  116 R    -2   6   0  -3  -2   1  -1  -3  -3  -1  -4   4  -3  -4  -4  -1  -1  -4  -4  -2    2  43   5   0   1   6   4   2   0   4   1  21   0   0   0   3   4   0   0   3  0.85 0.41
  117 Y    -1  -1   1  -2  -2   2   1  -2   0  -1   0  -2   1   3  -3  -1  -1   0   4  -2    4   3   6   2   1  13   9   2   2   3   9   1   5  16   1   4   3   1  17   1  0.30 0.23
  118 A     0   0   0   0  -3   0   1   3  -2  -3  -3   1  -1  -4  -1   1  -1  -4  -3  -1    8   6   3   5   0   3  12  27   1   1   2   9   2   0   3   9   3   0   0   6  0.26 0.18
  119 N    -1   0   1   2  -3   0   4   1  -1  -4  -3   0  -2  -2  -3   1   0  -5  -4  -3    5   4   6  12   0   2  33   9   1   0   2   6   1   2   0   8   6   0   0   1  0.43 0.28
  120 D    -1   0   3   2  -2   0   0   3   1  -4  -3  -1  -3  -4   0   2  -1  -4  -4  -4    3   4  17  11   1   5   7  21   3   0   2   3   1   0   4  17   2   0   0   0  0.40 0.26
  121 V    -1  -2  -3   0  -3   0  -3  -3  -2   4   1  -2   1  -3   2  -1   2  -4  -3   1    6   1   0   5   0   4   1   1   1  28  10   1   3   0  12   3  12   0   0  11  0.35 0.25
  122 N    -1  -2   3   1   1  -2  -2  -2  -3  -3  -2   0  -1  -3   4   3   1  -4  -4  -3    3   1  14   7   3   0   1   1   0   0   4   5   1   0  25  26   7   0   0   1  0.54 0.25
  123 A     0  -4  -3  -4  -3  -3  -4  -4  -2   4   1  -3   1   2  -4  -2  -1  -3   1   3   11   0   0   0   0   0   0   0   1  29  14   0   3  10   0   2   3   0   6  22  0.43 0.21
  124 G     2  -3  -2  -3  -3  -3  -3   5   1  -3  -3  -2  -2  -3  -3   2   0  -4   1  -3   18   0   0   0   0   0   0  42   4   1   2   1   1   1   0  18   6   0   6   0  0.62 0.28
  125 L    -2  -2  -2   0  -3   2   2  -2   2   0   2   1   2   0  -3  -1  -2  -3  -1  -1    0   0   0   5   0  10  16   3   6   6  28   9   5   4   0   4   0   0   2   1  0.20 0.17
  126 F    -2   0  -5  -5  -3  -4  -4  -5  -3   2   3  -4   3   5  -5  -4  -2  -2   1   1    3   5   0   0   0   0   0   0   0  15  26   0   7  34   0   0   1   0   3   6  0.69 0.28
  127 G     0  -3   0  -1  -2  -2  -2   0   0   1   1  -2   0   2  -3   0   1  -1  -1   1    9   0   6   2   0   1   0   7   2  10  18   0   2  13   0   9  11   1   1  10  0.11 0.11
  128 Y     0  -5  -5  -6  -5  -4  -5  -6  -2  -4  -4  -5  -4   3  -6  -2  -4  -1   9  -3    8   0   0   0   0   0   0   0   0   0   0   0   0   9   0   3   0   0  79   1  2.15 0.63
  129 P    -2  -4  -3  -4  -5   1  -3  -5  -4  -4  -1  -3  -1  -5   8  -3  -2  -6  -5  -1    2   0   1   0   0   8   0   0   0   0   5   0   1   0  75   1   2   0   0   4  1.94 0.54
  130 V     1  -3  -3  -3   1  -3  -3  -2  -4   2   2  -3   0  -2   0   1  -1  -4  -3   2   15   0   1   1   3   0   0   2   0  14  28   0   2   0   5  11   1   0   0  17  0.27 0.17
  131 L    -2  -4  -5  -5  -2  -3  -4  -5  -4   2   4  -2   6  -1  -4  -2  -1  -4  -3   1    2   0   0   0   0   0   0   0   0  10  48   3  24   0   0   2   4   0   0   7  0.79 0.32
  132 M    -4  -2  -3  -4  -6   8   0  -5  -3  -5  -4  -2   5  -5  -4  -3   0  -5  -4  -4    0   0   0   0   0  76   3   0   0   0   0   0  16   0   0   0   5   0   0   0  1.86 0.64
  133 A     4  -4  -3  -4   0  -3  -3   2  -4   1  -3  -3  -1  -4  -3   1   0  -4  -4   1   50   0   0   0   2   0   0  16   0   9   0   0   2   0   0   7   4   0   0  10  0.58 0.29
  134 A     4  -3  -2  -4  -3   0  -3  -2  -1  -1   0  -3  -1  -2  -3  -1  -1  -1   4  -1   51   0   1   0   0   5   0   0   1   2   9   0   2   0   0   3   1   1  20   3  0.61 0.32
  135 D    -4  -5  -2   8  -6  -3  -1  -4  -1  -6  -6  -4  -6  -6   3  -3  -4  -7  -6  -3    0   0   0  84   0   0   0   0   2   0   0   0   0   0  12   0   0   0   0   2  1.99 0.59
  136 I    -1  -3  -2  -3  -3  -3  -1  -4  -3   5  -1  -3   0   2  -3   1   1  -3  -1   1    2   0   1   0   0   0   5   0   0  45   2   0   1  10   0  16   7   0   2   6  0.45 0.25
  137 L    -1  -3  -3  -4  -3  -2  -1  -2   0   0   3  -2   1   3  -2  -3  -1  -2   1   2    4   0   0   0   0   1   4   3   2   1  36   2   2  17   1   0   2   0   5  19  0.32 0.18
  138 L     1  -2  -2  -2  -2  -1  -1  -3   3   0   2  -1   1   2  -2  -1  -1  -2   3  -1   19   1   1   1   0   2   3   0  11   5  21   3   5   9   2   1   3   0  12   2  0.20 0.15
  139 Y    -2  -3  -3  -3  -3  -1   0  -1  -1   0   3  -3   0   2   1  -3  -2  -2   4  -1    3   0   0   1   0   2   6   5   1   2  34   0   2   7   9   0   2   0  20   4  0.35 0.20
  140 G    -1   2   3   2  -4   2   1   2  -1  -4  -3   3  -3  -4  -3  -1  -1  -4  -3  -4    4  11  15  11   0  12   6  14   1   0   1  22   0   0   0   1   2   0   0   0  0.44 0.21
  141 A     3  -1  -2  -3   1  -2  -2  -2  -3  -1  -1  -1   0  -3   1   0   0  -4  -3   2   39   3   1   0   4   1   0   1   0   2   6   4   3   0   8   5   6   0   0  17  0.31 0.21
  142 H    -2   0   1   6   1   0   0  -3   2  -4  -4  -1  -4  -5  -4  -2   1  -5  -4  -1    1   6   6  51   3   4   3   1   6   0   0   2   0   0   0   1  12   0   0   5  0.81 0.33
  143 Q    -1  -3  -4  -4  -2  -2  -3  -4   0   3   3  -2   0   0  -4  -3  -2  -3  -1   3    5   0   0   0   1   2   1   1   3  16  40   1   1   3   0   0   1   0   1  23  0.47 0.22
  144 V     1  -3  -3  -3   1   3   3  -4  -3   2  -2  -2  -2  -3  -2  -2  -2  -4  -3   4   13   0   0   0   3  16  20   0   0  13   0   0   0   0   2   0   0   0   0  33  0.49 0.29
  145 P    -1  -4  -4  -4  -1  -1  -3  -4   1   1   1  -3  -1   1   6  -3  -3  -4  -2   0    5   0   0   0   1   3   0   0   4   9  16   0   2   6  46   0   1   0   1   6  0.93 0.33
  146 V     1  -4  -3  -4   3  -3  -4   5  -4  -1  -2  -1  -2  -4  -4  -2  -3  -5  -4   3    9   0   0   0   7   0   0  43   0   2   3   5   0   0   0   0   0   0   0  30  0.71 0.31
  147 G     2  -5  -3  -4  -5  -4  -5   7  -5  -6  -6  -4  -5  -6  -5  -3  -4  -5  -6  -5   14   0   0   0   0   0   0  86   0   0   0   0   0   0   0   0   0   0   0   0  1.86 0.53
  148 S    -1   1  -1   0  -3  -1   1  -3  -2   2  -1   0   2  -1  -1   0   2  -4  -2   1    3   8   3   6   0   1  10   0   0  18   1   4  10   2   2   8  15   0   0   9  0.15 0.14
  149 D    -4  -4  -1   8  -6  -3   1  -4  -4  -5  -6  -3  -5  -6  -4  -3  -4  -6  -5  -5    0   0   0  90   0   0   5   0   0   0   0   0   0   0   0   0   0   0   0   0  2.10 0.57
  150 Q    -4  -2   0  -3  -5   9  -1  -4  -2  -5  -5  -2  -3  -6  -4  -3  -3  -5  -4  -5    0   0   3   0   0  92   0   0   0   0   0   0   0   0   0   0   0   0   0   0  2.24 0.67
  151 K    -3   4  -2   3  -5  -1   0  -4  -2  -2  -3   4  -3  -4  -4  -2  -2   6  -3  -2    0  24   0  22   0   1   3   0   1   2   2  28   0   0   0   1   2  11   0   2  0.73 0.31
  152 Q    -1  -1  -3  -3  -5   3  -2   1  -1  -4  -4   2  -3   3   5  -2  -2  -4  -2  -4    3   2   0   0   0  18   0  11   1   0   0  17   0  14  30   1   1   0   1   0  0.72 0.31
  153 H    -1  -3   4  -3  -4  -2  -3  -4   7   1  -3  -3   0   0  -4  -3  -3  -4   3  -1    7   0  26   0   0   0   0   0  35  12   0   0   2   3   0   0   0   0  12   4  0.97 0.39
  154 L    -3  -4  -1  -4  -3  -2  -4  -5   4   3   2  -4   2   3  -5  -4  -3   5   0   1    0   0   4   0   0   1   0   0  13  19  26   0   5  14   0   0   0  10   1   8  0.59 0.26
  155 E    -2   4  -2  -2  -4  -1   3  -4  -3  -1   1  -1   4  -3  -4  -2   1  -4  -3   0    2  28   1   1   0   0  25   0   0   3  14   0  13   0   0   0   8   0   0   6  0.47 0.28
  156 L    -1  -4  -4  -5  -3  -1  -4  -5  -2   1   4  -4   4   2  -4  -1  -2  -3  -1   1    4   0   0   0   0   3   0   0   1   4  50   0  12   9   0   5   1   0   1  10  0.57 0.26
  157 A     4  -4  -3  -4  -1   0  -3   4  -4  -3  -3  -3  -1  -5  -4   0   3  -5  -4  -2   35   0   0   0   1   4   0  28   0   1   2   0   1   0   0   4  22   0   0   1  0.71 0.37
  158 R    -3   8  -3  -5  -3  -2  -1  -4  -4   0  -4  -1  -4  -6  -5  -3  -2  -6  -3  -2    1  79   0   0   1   1   3   1   0   7   1   1   0   0   0   0   2   0   1   2  1.74 0.63
  159 D    -3  -3   0   6  -6   0   4  -2   0  -6  -6   0  -4  -5  -4  -2  -1  -6  -5  -5    2   1   3  52   0   2  26   2   2   0   0   5   0   0   0   1   3   0   0   0  1.21 0.48
  160 I    -3  -4  -2  -5  -3  -3  -4  -5  -2   4   4  -2   0   1  -5  -4  -3  -3   1   2    0   0   2   0   0   1   0   0   1  27  38   3   1   6   0   0   0   0   5  15  0.66 0.30
  161 A     5  -3  -4  -4  -1   3  -3  -2  -4   1   1  -3  -2  -4  -4  -1  -2  -5  -4   0   51   0   0   0   1  16   0   1   0   7  14   0   0   0   0   2   1   0   0   6  0.68 0.38
  162 T    -1   3   0   1  -5   2   2  -1   1  -3  -4   2  -3  -4   3  -2  -2  -4  -2  -3    4  21   3   9   0   9  17   3   3   1   1  12   0   0  13   1   2   0   1   1  0.47 0.24
  163 R     1   5  -1  -1  -4  -1  -1  -3   1  -4  -3   3  -2  -4  -3   2  -2  -5  -3  -3   10  33   2   4   0   1   3   1   4   0   1  22   1   0   0  15   1   0   0   2  0.61 0.31
  164 F    -2  -2  -3  -4  -3  -2  -2  -4  -1   2   2  -2   2   5  -4  -3  -2  -1   3   0    3   1   1   0   0   1   3   1   2  10  25   2   6  29   0   1   1   1   9   3  0.51 0.24
  165 N    -2   0   5   0  -4  -1  -1   4   0  -4  -4   0  -3  -4  -3  -1  -2  -4  -3  -4    2   6  31   3   0   1   4  35   2   1   1   7   0   0   1   3   1   0   0   1  0.74 0.30
  166 N    -1   1   1  -1  -2   2   0  -1   3  -2  -1   1  -1  -1  -1   0   0  -1   2  -1    5   7   7   2   1  13   5   5   8   2   5  11   2   2   2   5   4   0  11   3  0.13 0.09
  167 I     0   1   0   0  -1   0   0  -1   0   0   0   1   0   0   0   0   0  -1   0   0    6   9   3   5   1   3   4   4   3   7  12  14   1   3   4   5   5   1   5   6  0.03 0.02
  168 Y    -1  -1  -2  -2  -2  -1  -1  -2   1  -1  -1   0  -1   3   0  -2  -2   1   6  -1    4   3   2   3   1   2   4   4   2   2   5   7   2  10   5   3   2   1  34   5  0.43 0.16
  169 S     0  -1   1   0  -2  -1   0   3  -1  -1  -1   1  -1  -1   0   0  -1  -2  -2  -1    8   3   6   5   1   2   5  28   1   4   5  11   1   2   4   7   3   0   1   4  0.17 0.07
  170 P     0   0   0   0  -1   0   1  -1  -1  -1  -1   2  -1  -2   0   0   0  -2  -1  -1    8   3   3   4   1   4  12   5   1   3   8  19   1   1   5   8   7   0   1   5  0.09 0.05
  171 E     0   1   0   0  -2   1   1   0   2  -2  -1   1  -1  -1   3   0   0  -1  -1  -1    6   9   2   3   1   7  12   7   6   2   5   7   1   2  13   6   4   1   1   4  0.15 0.06
  172 Q     0   1   0   0  -2   2   0  -1   0   0  -1   1   0  -1  -1   0   0  -2  -1   0    8   6   4   4   1  13   6   4   2   9   5   9   2   2   3   5   6   0   1  10  0.05 0.04
  173 P    -1  -1   0   1   3   0   1   0   3  -2  -1   0  -2  -2   2  -1  -1  -2   0  -1    3   2   4   7   7   3  13   6   9   2   5   7   1   1  12   3   4   0   3   5  0.15 0.09
  174 I     0  -2  -2  -2   0  -1  -1  -1  -1   2   1  -1   0   1  -1  -1   0  -2  -1   2    9   1   1   1   3   3   3   6   2  14  11   3   1   6   3   4   6   0   2  22  0.08 0.08
  175 F    -2  -2  -3  -3  -2  -3  -3  -3   1   0   2  -1   2   6  -3  -1  -2   0   1  -1    1   2   1   1   1   1   1   1   4   5  20   5   5  37   1   7   1   1   3   4  0.54 0.25
  176 T     0  -1   0  -2  -1  -1  -1   0  -1   0   0   1   0  -1   2  -1   2  -3  -2   1    7   2   3   2   1   1   3   9   1   7   8   9   2   2  11   2  19   0   1  12  0.13 0.11
  177 I    -1  -2  -2  -2  -2  -1   0  -2  -1   2   2   0   3   0  -1  -2  -1  -2   0   1    3   1   1   2   0   1   8   2   2  12  25   8   9   3   3   2   2   0   4  11  0.15 0.12
  178 P    -2  -3  -2  -3  -3  -3  -1  -3   1  -3  -2  -3  -2  -4   7  -1   1  -4  -3  -2    3   1   2   1   0   1   3   2   4   1   4   1   1   1  60   3  10   0   1   2  1.40 0.44
  179 E    -1   0   0   0  -1   1   3  -1   0  -1  -1   1   0  -1   0   0   0  -2  -1   0    4   3   4   5   1   5  24   4   2   3   5   9   2   3   3   7   8   0   1   7  0.14 0.08
  180 P     2  -2  -1  -2  -1  -1  -1   0  -3  -1  -2  -1  -1  -1   5   0  -1  -3  -3   0   16   1   3   1   1   2   4   6   0   4   3   4   1   3  33   5   4   0   1   7  0.50 0.26
  181 Y    -1   0  -2  -2  -1   0  -1  -2  -2   1   2   0   1   1  -1  -2  -1  -2   1   1    4   5   1   2   1   4   3   4   0  10  23   7   5   7   2   1   3   0   5  12  0.11 0.11
  182 I    -2  -2  -3  -3  -3   1  -2  -3  -3   5   1  -2   1  -1  -2  -1   0   1   0   1    2   2   1   1   0   9   2   1   0  36  13   1   3   2   2   4   6   2   3   9  0.38 0.25
  183 P     0   0   0  -1   0  -1  -1  -1  -1  -1   0   0   0  -1   3   1   1  -3  -2   0    7   5   4   3   2   1   3   4   2   3  10   4   2   3  19  12  10   0   1   6  0.18 0.13
  184 T     0   0  -1   0   2   0   2   1  -2  -1  -1   2   0  -3  -2   0  -1  -3  -1  -2    6   3   2   3   5   4  13  14   0   3   8  19   3   1   1   7   2   0   2   2  0.15 0.15
  185 V     0  -1   0   0  -1   0   0   0   1   0   0   0   1  -1  -1   0   0  -2  -1   0    7   1   5   4   1   5   8   6   5   7  13   4   6   2   3   7   8   0   2   7  0.02 0.05
  186 N     0  -2   1   0  -1  -1   0   2   3  -1  -2  -1  -1  -1  -2   1   2  -3   0  -1    7   1   6   6   1   1   4  19  10   3   4   3   1   2   1   9  14   0   3   5  0.17 0.16
  187 A     2  -2   0  -1  -2  -1  -1   2   2  -1  -1  -1   1  -1   0   1   1  -3  -2  -2   22   1   3   3   0   1   3  14   7   3   4   3   5   2   5  12  10   0   0   2  0.18 0.18
  188 R    -2   4   0  -2  -3   0   0  -2  -2  -2  -1   2   0  -2   3   0   1  -4  -3  -2    1  26   4   1   0   3   6   3   0   2   6  12   2   2  14   6  10   0   0   2  0.38 0.27
  189 V    -3   0  -4  -4  -3   0  -2  -2  -4   4   2   0   0   0  -2  -2  -1  -4  -3   2    1   5   0   0   0   4   2   3   0  27  21   8   1   5   1   2   2   0   0  18  0.38 0.28
  190 M    -2  -2  -4  -5  -4  -2  -4  -3  -4   0   3  -2   8  -1   3  -4  -2  -4   1  -1    2   2   0   0   0   1   1   2   0   3  24   2  36   2  14   1   2   0   5   4  0.95 0.53
  191 S     0  -2   0   2  -3  -1   1   2   0  -2  -1  -1  -2  -3   1   2   0  -4  -3  -1    5   1   5  10   0   1  10  16   2   2   5   3   0   0   6  22   4   0   0   6  0.23 0.20
  192 L    -2  -3   0  -3  -4  -3   0   3  -4  -1   4   0  -2  -3  -4  -2  -1  -4  -4  -1    2   0   4   0   0   0   6  26   0   2  42   5   0   0   0   3   4   0   0   3  0.51 0.36
  193 Q    -1   1  -1   1  -1   2  -1  -2  -2  -1   2  -1  -1  -2  -1   0   2  -3  -3  -1    4   7   2  11   1  13   2   3   0   3  22   2   1   1   2   7  14   0   0   3  0.16 0.20
  194 D    -3  -3   2   6  -4   1   2   0  -3  -4  -4  -1  -4  -4  -3  -1  -1  -4  -1  -4    1   1   8  43   0   6  14   7   0   1   2   4   0   0   1   4   4   0   3   1  0.78 0.41
  195 A     1  -4  -2  -2  -4  -3  -2   5  -2  -3  -2  -3  -4  -4   4  -1  -1  -4  -4  -3   10   1   2   1   0   0   3  44   1   2   4   1   0   0  22   4   3   0   0   1  0.84 0.43
  196 T    -1  -1   1   0  -3   2   2   1  -2  -2  -2   0  -1  -1  -1   1   2  -3  -1   0    2   3   6   4   0   9  14  12   0   1   3   4   2   3   2  10  15   0   2   7  0.15 0.17
  197 K     0   1  -1  -1  -3   1   0   1  -1   0  -2   3   1  -3  -2   0  -1  -3  -1  -1    9   6   3   3   0   6   5  10   1   6   2  26   4   0   0   8   4   0   2   4  0.20 0.19
  198 K    -4  -1  -4  -4  -6  -2  -3  -5  -4  -5  -5   8  -5   0  -4  -4  -4  -5   0  -5    0   0   0   0   0   0   0   0   0   0   0  88   0   4   0   0   0   0   3   0  2.04 0.75
  199 M    -4  -4  -4  -5  -4  -3  -4  -5  -4  -2   0  -4  10   0  -5  -4  -4  -4  -4  -3    1   1   1   1   0   1   1   1   0   1   5   1  80   4   1   1   1   0   0   1  2.49 0.78
  200 S    -1  -4  -3  -3  -4  -3  -3   1  -4  -5  -5  -3  -4  -5  -4   7   0  -5  -4  -4    2   0   0   0   0   0   1   9   0   0   1   0   0   0   0  80   3   0   0   1  1.52 0.64
  201 K     0  -1  -3  -3  -5  -2  -2  -4  -4  -5  -5   7  -4  -5  -4   2  -3  -5  -4  -4    8   0   0   0   0   0   0   1   0   0   1  69   0   0   0  18   0   0   0   0  1.42 0.59
  202 S    -2  -4  -3  -3  -4  -3  -3  -3  -4  -5  -5  -3  -4  -2  -1   7  -2  -5  -4  -4    1   0   0   0   0   0   1   1   0   0   1   0   0   2   3  88   0   0   0   1  1.76 0.71
  203 D     0  -1   0   3  -3  -1   1   0  -1  -1   0   1  -2  -2  -2   0  -2  -2   2  -2    8   2   3  22   0   1   9   6   1   3  12  12   0   1   1   5   1   0   9   2  0.19 0.15
  204 D    -1  -2  -1   2  -2  -1   0   0  -1  -1  -2   0  -2   0   5  -1  -1  -2  -2  -2    5   2   2  15   1   2   5   6   1   4   4   8   1   4  29   4   3   0   1   3  0.43 0.16
  205 N     0  -1   3   1  -1  -1   0   0  -1  -1  -1  -1  -1   0  -1   1   1  -1  -1   0    5   3  21   8   1   2   4   6   1   3   6   3   1   5   3  10   9   1   2   6  0.13 0.07
  206 R     0   0  -1   1  -1   1   2   0   0  -1  -1   1  -1  -1   2   0   0  -1   0  -1    6   5   2   6   1   5  15   5   2   3   5   9   1   2  10   7   4   1   5   6  0.10 0.04
  207 K    -1  -1   3  -1  -3   2   1   3  -1  -2  -2   1  -2   0  -1  -1  -2  -2   0  -3    3   2  15   2   0   9   9  24   1   2   5  12   0   5   2   3   1   0   4   1  0.25 0.16
  208 N    -1  -3   5  -2  -4  -3  -3   2   0  -4  -5  -3  -4  -4  -4   3   0  -4   0  -4    3   0  35   0   0   0   1  18   2   0   1   0   0   0   0  28   6   0   3   1  0.84 0.41
  209 V     4   0  -3  -4  -3  -2  -3  -2  -1  -1  -2  -2  -2   2  -3  -1   2   2   3   0   37   6   1   0   0   1   0   2   1   3   3   1   0   7   0   2  12   3  13   6  0.41 0.29
  210 I    -5  -7  -7  -7  -5  -6  -7  -7  -7   8  -1  -6  -1  -4  -6  -6  -4  -6  -5   3    0   0   0   0   0   0   0   0   0  79   2   0   1   0   0   0   0   0   0  18  1.97 0.70
  211 T    -1  -2   2   0  -2  -3  -2   1  -3  -4  -2  -3  -3   4   1   0  -2   6   3  -4    5   2  10   5   1   0   1  11   0   0   3   0   0  21   6   9   2  11  12   0  0.50 0.30
  212 L    -4  -5  -6  -6  -4  -5  -6  -6  -6   3   5  -5   3  -1  -1  -5  -2  -5  -4   2    0   0   0   0   0   0   0   0   0  17  61   0   6   2   3   0   1   0   0  11  1.09 0.46
  213 L    -1  -2   1   3  -3  -2  -1  -3   2  -2   2  -2   0   0  -3   1   2  -2  -2  -2    4   1   8  16   0   1   4   1   7   1  22   1   2   4   0   9  17   1   0   1  0.25 0.22
  214 E    -1  -4  -2   7  -1  -3   3  -3  -2  -4  -5  -3  -5  -5  -4  -2  -2  -6  -5  -5    7   0   0  65   1   0  16   1   1   1   1   0   0   0   0   2   2   0   0   0  1.47 0.56
  215 D    -1  -1   0   4  -4  -1   2  -3  -1  -4  -4  -1  -4  -4   1   3   2  -5  -4  -3    4   2   4  24   0   1  11   1   1   0   1   2   0   0   7  25  15   0   0   1  0.54 0.31
  216 P     0   0  -1  -1  -4  -2   1  -3  -3  -3  -3   0  -2  -3   6  -2  -2  -4   0  -2    8   5   3   3   0   1   9   2   0   1   2   6   1   1  48   2   2   0   3   4  0.96 0.40
  217 K     0  -1   1   3  -4   1   4  -1  -1  -3  -2   3  -3  -2  -3  -1  -2  -4  -2  -3    6   1   5  16   0   4  30   4   1   1   3  19   0   2   1   3   2   0   1   1  0.48 0.27
  218 S     0  -2  -1   3  -2   1   3  -3  -2  -1  -1   0  -2  -3  -2   0   2  -4  -3   0    8   1   1  17   1   5  24   1   0   3   5   6   1   0   1   7  14   0   0   6  0.32 0.22
  219 I    -1  -4  -4  -4  -3  -3  -4  -3  -4   5   1  -3   4  -2  -4  -1  -1  -4  -3   3    6   1   0   1   0   0   1   2   0  38  11   1  12   0   1   5   2   0   0  20  0.66 0.32
  220 I     0   2  -1  -2  -3   0   1  -2  -1  -1  -1   2   0   1  -3  -1  -1   0   3   0    7  15   2   1   0   3  10   2   1   3   4  17   3   8   0   3   3   1  10   6  0.18 0.15
  221 K    -1   2   0  -1  -4   3   1   1  -1  -4  -3   5  -3  -4  -3   0  -2  -4  -3  -3    3  10   3   3   0  12   6  10   1   0   2  38   0   1   0   6   2   0   0   2  0.56 0.31
  222 K    -2   0  -3  -4  -5  -1  -2  -4  -3  -5  -4   7  -4  -2  -4  -2  -3  -5  -2  -5    2   3   0   0   0   2   1   1   0   0   2  81   0   2   0   1   1   0   2   1  1.67 0.64
  223 I    -2  -4  -4  -4   0  -4  -4  -4  -4   5   2  -4   2   0  -4  -3  -1  -4  -3   3    1   1   0   1   2   0   1   1   0  42  16   1   4   4   1   1   4   0   0  21  0.77 0.33
  224 N    -1   2   1  -3  -4   0  -1  -3  -2  -2  -1   3   5   1  -3   0  -2   2  -2  -2    3  13   7   1   0   3   3   1   1   2   4  24  19   5   1   6   1   3   0   2  0.40 0.27
  225 K     0   3   1  -2  -4   0  -2  -1  -3  -4  -2   4  -3  -4  -3   3  -1  -4  -3  -3    6  14   6   1   0   2   1   4   0   0   4  33   0   0   0  24   1   0   0   1  0.56 0.33
  226 A     5  -3  -3  -4   1  -1  -2  -2  -2   3  -2  -3   3  -3  -3   0  -2  -4  -3  -1   53   1   0   1   3   2   1   2   1  16   1   1   8   1   1   6   1   0   0   2  0.72 0.38
  227 Q    -2  -2  -3  -3  -3   0  -3  -4  -2  -1   0   2   1   3   0  -1  -1  -2   4   2    2   1   0   0   0   4   1   1   0   2   8  15   4  15   5   3   3   0  17  20  0.35 0.24
  228 T    -3  -4  -3   0   7  -3  -3  -4  -4  -3  -3  -3  -3  -4   0   0   6  -5  -3  -3    1   0   0   5  21   0   1   1   0   0   2   1   0   0   4   6  55   0   1   1  1.29 0.54
  229 D    -3  -4  -1   6  -5  -3   1   0  -1  -5  -5  -3  -4  -5   3   1  -2  -5  -4  -5    1   0   1  52   0   0   8   8   1   0   1   0   0   0  13   9   2   0   0   1  1.04 0.44
  230 A     0  -2   0  -2  -3  -1  -1   0  -1  -2  -2  -2   0  -2   4   3   1  -4  -3  -2    8   2   4   1   0   1   2   8   1   2   3   1   3   2  24  27  10   0   0   2  0.49 0.27
  231 E    -1   2  -1   1  -3   0   2   0  -1  -1   0   0  -1   0  -1  -1   0  -2   2  -1    4  12   1   9   0   4  20   7   0   2  10   3   1   4   2   1   5   0  10   4  0.15 0.14
  232 T     1   1   2   0  -2  -1   3   0   0  -2  -1   0   0  -3   0   0   0  -3  -2  -1   13   7  12   3   0   1  22   6   1   2   5   4   3   1   4   7   5   0   1   4  0.17 0.13
  233 P    -1  -1   1   0  -2  -1   1  -1  -2   0   0  -1   0   1   3  -1   0  -2  -2   1    3   3   9   4   0   1  10   4   0   6   8   3   3   7  18   3   6   0   1  10  0.18 0.12
  234 P    -1   0   0   0  -3   1   0   1   0  -1  -2   0  -1  -2   3  -1  -1   1   3  -1    5   4   4   4   0   9   4  14   2   4   4   5   1   1  16   3   2   2  12   4  0.21 0.14
  235 R    -1   2  -1  -1  -2   2   2  -1   0   1  -1   1  -1  -1  -2  -1  -1  -3  -1   0    2  15   3   2   1  11  19   4   2  11   3   7   1   2   1   3   2   0   2   7  0.20 0.16
  236 I    -1  -2  -1  -2  -2  -2   1  -2  -2   3   1   0   0   2  -1  -2  -1  -2   0   2    3   2   3   1   0   1  11   3   0  22  12   6   2  12   2   2   3   0   2  13  0.16 0.14
  237 A     0   2  -1   0  -2   0   0  -1   2  -1   0   1  -1   0  -1  -1   0   5   0  -1    7  12   2   4   1   4   7   3   6   3   8   9   1   3   3   4   7  10   2   5  0.14 0.10
  238 Y    -1   1  -2  -2  -3  -2  -2   1  -1  -1   0   0  -1   3   0  -2  -2  -1   5  -1    5   7   1   3   0   1   2  10   1   3   8   7   1  16   5   1   1   1  24   4  0.33 0.21
  239 D    -1  -1   3   4  -3  -1   1   2   1  -1  -2  -1  -3  -1   0  -1  -1  -3   0  -3    3   2  15  23   0   1   8  15   3   4   4   3   0   3   4   3   3   0   3   1  0.31 0.19
  240 V    -1   0   0   0  -1   1   1  -1  -1   0   0   1  -1  -1   2  -1   0   1   0   0    3   6   6   5   1   6   8   3   1   7   9   9   0   2   9   2   6   2   3  10  0.06 0.05
  241 E    -1  -1  -1   2  -3   0   2   0  -1  -1  -1   0   1   1   4  -1  -2  -3  -1  -2    4   2   3  12   0   3  13   6   1   4   5   6   4   7  23   2   2   0   2   2  0.32 0.19
  242 N    -1  -1   2   3  -1  -1   2   1  -2  -3  -3   0  -3  -4   1   0   1  -3  -2  -1    4   1  10  16   1   1  13  12   1   1   2   7   0   0   8   7   9   0   1   4  0.26 0.18
  243 K    -3   4   1   2  -4   1   2  -2  -2  -4  -2   3  -3  -1  -1  -2  -2  -2  -1  -3    1  24   5  11   0   5  13   2   0   1   3  20   0   2   2   2   2   1   2   2  0.46 0.26
  244 A     0  -3  -1   0   4  -2   0  -3   0   0  -2  -2  -2   2   5  -2  -2  -3   0   0   10   1   3   5  11   1   7   2   2   5   4   2   0   9  27   2   1   0   3   7  0.45 0.24
  245 G     0  -2   0   2  -3  -2   2   3  -3  -1  -1  -1  -1  -3   0  -1   1  -4  -3   0    5   1   3  13   0   0  14  21   0   4   8   2   2   1   5   3   8   0   0   9  0.20 0.17
  246 I     0  -4  -4  -3  -1  -2  -3  -3  -4   4   0  -2   2  -2  -4  -3  -2  -4  -3   5    6   0   0   1   1   1   2   2   0  29   4   2   6   1   0   1   2   0   0  39  0.75 0.37
  247 A    -1  -1   0   2   0  -2   1  -1   0  -1  -2   0  -2   3  -3   2  -1   4   1  -1    2   2   4  11   2   0  11   4   3   3   3   4   1  13   0  21   3   7   4   3  0.25 0.22
  248 N    -2   4   5   0  -5  -1  -1  -3   2  -4  -3   1  -4  -3   0  -2  -1  -5  -2  -2    3  25  31   4   0   2   4   1   5   1   2   9   0   1   4   1   3   0   1   3  0.64 0.37
  249 L    -3  -4  -3  -2  -4  -4  -3  -5  -4   0   4  -4   2   1   3  -3  -3   3   4  -1    1   0   1   3   0   0   1   0   0   5  38   0   5   5  18   1   1   4  14   4  0.70 0.39
  250 M    -1  -3  -4  -4  -1  -3   1  -5   1   1   3  -2   2   3  -4  -4  -3  -1   2   1    5   1   0   1   1   0  10   0   4   7  34   2   6  12   1   0   0   0   9   8  0.44 0.30
  251 G    -1   0   1   1  -3   2   2  -1  -2  -3  -2   3  -1  -1  -2   0   1  -4  -2  -2    2   4   8   7   0   8  15   4   1   1   4  21   2   4   1   7   7   0   1   3  0.24 0.21
  252 L    -3  -5  -5  -5  -3  -4  -2  -6   0   5   2  -3   0   3  -3  -4  -2   0   5  -1    1   0   0   0   0   0   3   0   2  33  20   2   2  11   1   0   3   1  20   1  0.82 0.44
  253 Y    -3  -5  -5  -5  -5  -3  -3   2   3  -3   2  -4  -1   5  -6  -4  -4  -3   6  -2    2   0   0   0   0   1   2  15   7   1  17   1   1  21   0   0   0   0  29   3  0.95 0.49
  254 S     0  -1  -2  -2  -1   1  -1   2   1  -2  -1  -1   0   0  -3   3   2  -4  -2  -2    7   3   0   1   1   6   2  17   4   2   8   2   2   4   0  23  13   0   1   2  0.25 0.25
  255 A     1  -3   0   3   0  -2   0  -1  -3   1   0  -2   0   3  -2   0  -1  -3  -1  -2   15   1   4  20   2   0   5   5   0   9   9   1   2  13   2   5   2   0   2   1  0.20 0.20
  256 A    -1   0  -3   0   0  -2  -1  -3  -1   1   3  -1   1   2  -1  -2  -2  -3  -2   1    6   5   0   5   2   1   5   2   2   9  31   4   3  11   2   1   1   0   0  12  0.22 0.20
  257 T    -1  -1  -1   2  -4   0   1  -2  -3  -2  -3  -1  -3   0   0   3   4  -4  -2  -1    4   3   2  11   0   3  10   2   0   2   2   2   0   5   5  21  25   0   1   3  0.37 0.31
  258 G    -2  -2   1   3  -3  -1   0   2  -1  -1   0   0  -1   1  -1  -2  -2  -3   2  -2    2   1   7  20   0   2   5  17   1   3  10   7   2   6   2   1   1   0   8   3  0.21 0.20
  259 K    -1   1  -1   2  -2   1   3  -1  -2  -3  -2   2  -1  -4   1  -1   1   0  -1  -2    3   5   2  10   1   6  25   4   0   1   4  14   1   0   6   3   8   1   3   2  0.31 0.25
  260 T    -2   0   0   1  -4   1   4  -3  -1  -4  -3   2  -4  -5  -1   2   1  -5  -4  -2    2   4   4   8   0   5  26   1   2   0   3  10   0   0   3  20  11   0   0   2  0.44 0.33
  261 F    -2  -2  -2  -2  -1  -2  -3  -4  -2   4   1  -1   0   1  -1  -3  -1   1   3   1    2   2   2   2   2   1   2   1   1  30  12   5   1   6   4   1   2   2  12  10  0.36 0.26
  262 A     2  -1   0   2  -5   0   5  -2  -3  -5  -3   1  -1  -4  -3  -1  -2  -1  -3  -3   20   2   3   9   0   3  40   2   0   0   2   7   2   0   1   4   2   1   1   1  0.63 0.41
  263 E     0  -1  -1   2  -5   2   5  -3  -1  -4  -5  -1  -2  -6  -4   0  -1  -6  -5  -2   10   3   3  11   0  10  43   2   1   1   0   3   1   0   0   5   4   0   0   3  0.74 0.45
  264 I    -3  -3  -6  -5  -2  -5  -5  -6  -5   4   4  -4   2   3  -6  -5  -3   1   0   2    1   2   0   1   1   0   0   0   0  24  37   1   5  11   0   0   0   2   2  14  0.84 0.42
  265 E     0   1  -3  -1  -5   0   5  -4  -2  -1  -2   2  -2  -4  -4  -2  -1  -5   1   0    9   8   0   2   0   3  40   1   1   3   4  14   1   0   0   1   3   0   4   6  0.58 0.40
  266 A     2   2   0   0  -2   2   2  -2  -1  -3  -3   3  -3  -4  -3   0  -1  -5  -2  -3   17  11   4   5   1   9  16   2   1   1   1  19   0   0   0   6   3   0   1   1  0.37 0.28
  267 Q     1   1  -1   3   1   1   3  -1   0  -1  -1   1   1  -4  -3  -1  -1  -5  -2  -2   11   6   1  19   4   7  19   3   2   4   5   8   4   0   0   2   2   0   1   2  0.28 0.23
  268 Y    -3  -1  -4  -4   4  -3  -4  -6  -1  -2  -1  -2   0   5  -6  -2  -3   0   6   1    2   3   1   1   8   1   0   0   1   2   6   3   2  25   0   3   1   1  32  10  0.98 0.49
  269 A     3  -1   0  -1  -4   2   3  -2   0  -1  -2   1  -3  -3  -3   1  -1  -4  -1  -1   24   3   4   3   0   8  19   2   2   3   3   9   0   1   0  11   3   0   2   3  0.30 0.26
  270 G     1  -2   2   2  -2  -1   1   4  -3  -5  -5  -1  -3  -5  -4   0  -1  -5  -3  -5   11   2  10  10   1   2  11  38   0   0   0   3   1   0   0   7   3   0   1   0  0.63 0.37
  271 V     0  -1   0   0   2   0   1   4  -2  -2  -3   0   0  -3  -3  -1  -1  -1  -2  -1    7   3   4   4   4   5  10  35   0   2   2   6   2   1   1   3   4   1   2   4  0.34 0.21
  272 E    -1   2  -1  -1  -3   1   2  -4  -2   0   1   3   1  -2   1  -1  -1  -4  -3  -1    3   9   3   3   0   5  13   0   1   7  15  23   4   1   6   2   2   0   0   4  0.24 0.21
  273 M    -1  -3   2  -3  -4  -2  -2   3   1   1   1  -1   3  -3  -4   0   0  -2  -3   0    3   1  10   1   0   1   2  25   4   8  15   3   8   0   0   8   5   0   0   6  0.27 0.24
  274 Y    -3  -4  -1   0   5  -2  -2  -3   6  -4  -3   0  -4   0   2  -2  -1   4   5  -4    1   0   2   5  12   2   3   2  21   0   3   5   0   4  10   2   5   6  19   0  0.81 0.44
  275 G     0   3  -3  -2  -5  -1  -3   4  -4  -4  -2  -2  -1  -5   3  -1  -2  -5  -5  -1    9  15   0   2   0   3   1  36   0   0   4   2   2   0  16   4   1   0   0   6  0.61 0.38
  276 P    -2  -2  -2   5  -6   0   4  -3   1  -2  -3   1  -3  -4  -2  -1  -1  -6  -1  -3    3   2   1  36   0   3  24   1   3   2   3   8   1   1   2   4   3   0   2   1  0.69 0.41
  277 F     2  -5  -5  -4   5  -5  -5  -5  -5   0   3  -5   0   4  -4  -3  -2  -4   0   0   19   0   0   1  12   0   0   0   0   5  34   0   1  16   0   0   2   0   2   7  0.71 0.41
  278 K    -5  -2  -5  -5  -7   2  -3  -6  -5  -7  -7   8  -6  -7  -5  -5  -5  -7  -6  -7    0   0   0   0   0   9   0   0   0   0   0  90   0   0   0   0   0   0   0   0  2.47 1.01
  279 K    -1   2   3  -1  -4   2   1  -2  -1  -1  -2   3   0  -4   0  -1   0  -5  -4  -1    3  10  13   2   0   8  10   3   1   4   4  23   3   0   4   2   5   0   0   4  0.31 0.25
  280 D     1   1  -1   1  -3   0   0  -1  -2   0   0   0   0  -1  -2   0  -1  -3   1  -1   19  10   2  11   0   3   7   3   0   7  10   5   3   3   1   5   3   0   5   3  0.08 0.12
  281 V     0  -5  -6  -6   0  -5  -6  -6  -6   0   5  -4   0  -1  -6  -4   0  -5  -4   3    8   0   0   0   2   0   0   0   0   3  55   0   1   2   0   0   6   0   0  23  0.98 0.51
  282 G     5  -4  -3  -4  -4  -4  -1   0  -2   1  -2  -3  -2   0  -3   0  -1  -2   0  -2   58   0   1   1   0   0   3   5   1   8   3   1   1   4   1   6   3   1   3   2  0.76 0.48
  283 E    -2   1   0   4  -6   1   5  -3   0  -5  -4   1  -4  -3  -3  -1  -2  -6  -3  -3    3   8   3  20   0   5  36   1   2   0   2  10   0   1   1   4   2   0   1   2  0.71 0.42
  284 A     2   0  -2  -2  -4  -1   3  -3   0   0   0   1  -1  -2  -3  -1  -1  -4   2   0   21   4   2   1   0   1  22   1   2   6   9   9   1   1   0   4   3   0   7   7  0.22 0.24
  285 V    -2  -5  -6  -6  -3  -5  -6  -6  -6   5   4  -5   3  -3  -4  -3  -3  -5  -4   3    3   0   0   0   0   0   0   0   0  29  35   0   6   0   1   2   1   0   0  22  0.99 0.49
  286 V    -1  -2   3   0  -2   1   0  -4  -4   3  -2  -1  -1  -4  -3  -1   1  -3  -4   3    3   1  14   5   1   6   5   0   0  22   2   3   1   0   1   5   9   0   0  22  0.37 0.30
  287 A     1   2   1   0  -3   0   4  -2  -2  -2  -4   2  -3  -5  -2  -1   1  -5  -4  -3   14   9   5   5   1   2  31   2   0   2   1  13   0   0   1   3   9   0   0   1  0.47 0.34
  288 M    -1   1  -2  -3  -2  -1   0  -4   0   2   2  -1   3   4  -4  -2  -2  -1   0  -1    5   8   2   0   1   2   8   0   2  11  17   3   8  23   0   3   1   1   2   3  0.33 0.25
  289 L    -4  -6  -6  -7  -2  -4  -6  -7  -6   2   5  -6  -1   3  -6  -5  -2  -5  -3   2    0   0   0   0   1   1   0   0   0   9  58   0   1  12   0   0   2   0   0  15  1.14 0.54
  290 E     2   0  -1   1  -1   1   3  -1   3  -3  -4   2  -3  -5  -3   0   0  -5  -3  -2   19   4   2   8   1   4  19   3   8   1   0  16   0   0   0   7   6   0   0   2  0.37 0.28
  291 P    -3  -2  -1   1  -6  -3   2   0  -5  -4  -5  -2  -5  -7   7  -2  -2  -7  -6  -3    2   3   2   6   0   1  15   6   0   1   1   2   0   0  53   3   3   0   0   2  1.31 0.60
  292 V     0  -4  -4  -5  -4  -4  -3  -4   4   5   1  -3   1   1  -2  -4  -3  -4  -2   2    9   0   0   0   0   0   1   1  10  39  12   2   4   6   2   0   0   0   1  12  0.66 0.38
  293 Q    -3   6  -3  -1  -6   5   0  -4  -1  -6  -4   1  -4  -6  -5  -1  -2  -1  -1  -5    1  43   0   3   0  29   6   1   1   0   1   6   0   0   0   3   2   1   2   0  1.17 0.59
  294 A     1   1   0   1  -3   1   5  -3  -1  -5  -5   2  -4  -4  -4  -1   0  -5  -4  -3   12   6   3   6   1   6  43   1   1   0   0  12   0   1   0   2   5   0   0   1  0.70 0.42
  295 E    -1   5  -1  -3  -5   0   1  -4   0  -5  -4   4  -4  -4  -4   0  -3  -4   2  -5    6  33   3   0   0   3  11   0   2   0   1  28   0   0   0   6   0   0   8   0  0.82 0.45
  296 Y    -2   4  -4  -4  -3  -3  -2  -3   0   0   0  -2   3   4  -4  -3  -2  -2   5  -1    3  23   0   0   1   0   3   1   2   5   8   1   8  16   0   0   2   0  23   3  0.65 0.37
  297 Q     1   1   1   0  -4   2   4  -3   1  -2  -1   2  -2  -2  -3  -1  -2  -4  -2  -3   10   6   8   4   0   9  28   0   3   2   7  14   1   2   0   3   1   0   1   1  0.37 0.27
  298 R     0   2  -1  -1  -4   2   4  -2  -1  -3  -2   3  -3  -3  -3   0  -2  -4  -2  -3   10  10   2   2   0   7  30   2   1   1   3  19   0   1   0   8   1   0   2   1  0.47 0.31
  299 I     1  -3  -3  -3  -3  -3  -3  -3   1   2   3  -2  -1   2  -4  -3  -3   1   3   0   11   0   1   1   0   0   1   2   3  15  34   3   0   8   0   0   0   2  12   5  0.41 0.26
  300 R     0   2  -2  -2  -2   1   0  -2  -2   0   0   0   2   0   1  -1   1  -3  -1   0    6  16   0   2   1   5   8   2   0   8  11   5   8   4   7   3   9   0   1   6  0.11 0.12
  301 N     2   0   2   3  -4   0   3   0  -2  -4  -4   2  -1  -4  -3   0  -2  -4  -4  -3   19   4  12  15   0   4  20   6   0   0   1  12   1   0   0   5   0   0   0   0  0.41 0.27
  302 D    -1   1   2   5  -5  -1   2  -3  -1  -3  -3  -1  -4  -1  -1   1  -2  -5  -4  -3    5   6  10  38   0   2  14   0   1   1   2   3   0   3   3   9   1   0   0   2  0.60 0.33
  303 R     0   1  -3  -1  -4  -1   2  -3  -3  -1   0   2   2  -4   4  -1  -1  -4  -2  -3    8   8   0   2   0   1  15   0   0   3   9  14   8   0  24   2   4   0   1   0  0.44 0.27
  304 E     1  -2   0   2  -4   0   3   1   0  -3  -3   0  -3  -4   0   1  -1  -4  -3  -3   15   0   4  14   0   2  27   9   2   1   2   5   0   0   5   9   4   0   0   1  0.36 0.24
  305 Y    -1  -1  -2   1  -4   0   2  -4   3  -1   1   0   0   1  -3  -2  -1  -2   5  -2    4   2   0   7   0   3  18   0   7   3  15   5   2   6   0   0   4   0  22   1  0.35 0.25
  306 L    -2  -5  -5  -5  -3  -4  -5  -5  -5   3   4  -4   2   0  -3  -2  -3  -4  -1   3    1   0   0   0   0   0   0   0   0  18  46   0   4   3   1   3   0   0   2  21  0.80 0.38
  307 N    -2   2   0   4  -5   1   4  -4  -1  -3  -2   1   0  -1  -3   0  -3  -4  -1  -4    1  11   4  26   0   6  26   0   1   2   5   6   2   3   0   6   0   0   2   0  0.51 0.30
  308 S     1   2   1   2  -4   1   2   0  -1  -2  -2   2  -2  -3  -1   0  -2  -4  -3  -2   12  11   6  12   0   6  15   5   1   3   3  14   0   1   2   7   1   0   0   1  0.24 0.17
  309 V     0  -4  -5  -5  -1  -4  -4  -5  -5   6  -1  -3   3   0  -4  -4  -2  -4  -3   4    6   0   0   0   1   0   0   1   0  44   1   1   7   3   0   0   1   0   0  32  0.92 0.41
  310 M    -2  -3  -5  -5  -2  -4  -4  -5  -4   2   5  -4   2   0  -4  -4  -3  -3   1   0    3   2   0   0   1   0   0   0   0   9  66   0   5   2   0   0   0   0   4   4  0.87 0.38
  311 R     0   2   1   1  -1   2   0  -2   0  -2  -1   2   0   1  -3  -1  -1  -3  -1  -2    8  11   6   9   1  11   5   1   2   1   7  17   3   7   0   3   3   0   2   1  0.16 0.14
  312 D     1  -1  -1   2  -2   2   3  -1  -1  -2  -3   2  -3  -3   0   1   0  -4  -3  -2   12   0   1  13   1  10  20   3   1   2   0  16   0   1   3   9   5   0   0   3  0.32 0.22
  313 G    -1  -5   0  -2  -5  -4  -5   7  -5  -6  -6  -4  -5  -6  -5  -1  -2  -6  -6  -6    3   0   3   2   0   0   0  87   0   0   0   0   0   0   0   2   2   0   0   0  1.86 0.57
  314 A     3   0  -1  -1   3  -1  -2   1  -3  -3  -2   0  -1  -4  -3   2   1  -4  -2  -1   33   5   3   4   6   1   0   9   0   0   2   6   1   0   0  19   8   0   1   2  0.33 0.21
  315 E     1   1  -1   1  -4   2   4  -2  -1  -2  -3   1  -2  -4  -3  -1   0  -4  -3  -2   11   9   2   7   0  10  36   1   1   2   2   8   1   0   0   2   4   0   0   2  0.43 0.23
  316 K    -3   4  -1  -1  -5   2   0  -4  -3  -5  -4   6  -3  -5  -3  -2  -1  -5  -4  -4    0  25   2   2   0   7   3   0   0   0   1  53   0   0   0   1   3   0   0   0  1.05 0.40
  317 A     6  -3  -3  -3  -1  -3  -3   0  -3  -2   0  -3   1  -3  -3   0  -2  -4  -3  -2   70   0   0   1   1   0   1   4   0   1   9   1   4   0   1   4   1   0   0   1  0.87 0.37
  318 S    -2   5   2  -2  -2   1   0  -2   1  -4  -3   1   0  -3  -3   0  -2  -3   0  -3    2  45   9   1   1   6   4   3   3   0   2   8   2   0   1   7   1   0   3   2  0.59 0.26
  319 A     2   0  -2   1  -3   0   3  -2  -2  -2  -2   2  -1  -2   1   0   0   0  -1  -2   18   4   0   7   0   1  24   1   0   1   3  14   2   2   8   5   4   1   2   2  0.26 0.17
  320 K    -1   1  -3  -3  -3  -2  -1  -4  -3   4   1  -1   0  -2  -3  -2   0  -4  -1   3    3   9   0   0   0   1   5   0   0  29   9   4   1   0   0   2   6   0   1  30  0.39 0.22
  321 A     6  -4  -4  -2  -3  -1  -3  -2  -4  -4  -4  -3  -3  -5  -3   0  -1  -5  -4  -2   85   0   0   3   0   3   0   1   0   0   0   0   0   0   0   4   2   0   0   1  1.32 0.50
  322 L     1   2   3  -1  -3   2   1  -1  -1  -2  -3   1  -2  -2  -2   1   1  -3  -1  -2   13  14  18   2   0  12   9   3   0   2   1   5   1   2   0   8   8   0   3   1  0.25 0.16
  323 Q     0   0  -1  -2  -3   1   2  -2  -2  -2   0   3  -2  -3   3  -1  -1  -4  -2  -1    6   4   1   0   0   7  17   2   0   2  11  26   0   0  13   3   3   0   1   3  0.30 0.18
  324 T    -2  -2   1  -3  -1  -2  -3  -4  -3  -2   0  -1  -1  -1  -3   0   6  -4  -3   0    0   1   6   0   1   1   0   0   0   1   9   3   1   3   0   6  60   0   0   7  0.79 0.37
  325 L    -1  -4  -4  -5   0  -3  -4  -5  -4   1   4  -4   5   0  -4  -3  -3  -3   0   1    5   0   0   0   2   0   0   0   0   5  55   0  17   2   0   0   0   0   3  10  0.76 0.31
  326 K     1   1   1   1  -4   2   2  -1  -1  -4  -2   3  -2  -4  -2   1   0  -4  -3  -3   15   7   6   8   0  12  15   2   1   0   3  20   0   0   0   7   3   0   0   0  0.33 0.18
  327 K    -2   3   0   2  -5   1   4  -3  -1  -3  -2   3  -1  -5  -3  -2  -2  -5  -4  -4    2  16   3   9   0   6  32   1   1   1   4  24   1   0   0   0   2   0   0   0  0.62 0.28
  328 V     1  -4  -5  -5  -3  -4  -4  -4  -5   2   1  -4   2  -1  -4  -3  -2  -4  -3   5   14   0   0   0   0   0   0   0   0   9  12   0   6   2   0   1   0   0   0  57  0.80 0.34
  329 Y    -2   4   0  -3  -5   1   0  -4   2  -4  -3   3  -1  -1  -4  -2  -3  -3   4  -4    3  30   5   0   0   5   7   0   4   0   1  24   2   1   0   0   0   0  19   0  0.69 0.31
  330 A    -2   2   1   4  -5   1   4  -3   0  -5  -4   2  -4  -5  -3   0  -1  -5  -4  -4    1  10   5  24   0   6  31   1   1   0   1  12   0   0   0   4   3   0   0   0  0.66 0.27
  331 A     4   0  -1  -3  -2  -1  -1   0  -1   1   0   1  -2  -3  -3   0   0  -4  -3  -1   45   4   2   0   0   2   2   5   1   9  10  12   0   0   0   3   5   0   0   1  0.32 0.22
  332 V    -3  -4  -4  -5  -1  -3  -4  -5  -4   3   1  -4   5   3  -4  -3  -2  -3  -2   4    0   0   0   0   1   0   0   0   0  21  12   0  22  12   0   0   1   0   0  29  0.72 0.29
  333 G    -3  -3  -1  -4  -5  -4  -3   7  -5  -7  -7  -4  -5  -6  -5  -3  -4  -5  -6  -6    0   1   3   0   0   0   1  95   0   0   0   0   0   0   0   0   0   0   0   0  2.09 0.56
  334 F    -4  -5  -5  -6  -4  -5  -5  -6  -4   2   4  -5   0   6  -5  -5  -4   0   0  -1    0   0   0   0   0   0   0   0   0  11  46   0   1  39   0   0   0   1   2   0  1.10 0.37
  335 V    -1  -3  -2  -3  -2  -2  -3   0  -3   2   2  -2   1   0  -3   1   0  -3  -1   2    0   0   0   0   0   0   0   7   0  17  30   0   3   3   0  15   6   0   2  15  0.22 0.12
  336 A     1   3  -1   2  -3   1  -1   1  -2  -3  -2   0  -2  -3   3   0  -1  -3  -3  -2   17  23   0  13   0  10   0  11   0   0   2   0   0   0  15   6   1   0   0   0  0.32 0.09
  337 R    -2   4   2  -2  -4   1  -1  -3   2  -2  -3   3  -2  -3   3  -1  -1  -4  -2   0    0  26  12   0   0   4   0   0   7   0   0  25   0   0  15   0   0   0   0  11  0.43 0.12
  338 P    -1  -3  -3  -2  -4  -2  -2  -3  -3  -3  -4  -2  -3  -4   8  -1  -2  -4  -4  -3    0   0   0   0   0   0   0   0   0   0   0   0   0   0 100   0   0   0   0   0  2.25 0.11

                      K         Lambda
Standard Ungapped    0.1322     0.3170
Standard Gapped      0.0481     0.2670
PSI Ungapped         0.1572     0.3175
PSI Gapped           0.0481     0.2670
