
Last position-specific scoring matrix computed, weighted observed percentages rounded down, information per position, and relative weight of gapless real matches to pseudocounts
            A   R   N   D   C   Q   E   G   H   I   L   K   M   F   P   S   T   W   Y   V   A   R   N   D   C   Q   E   G   H   I   L   K   M   F   P   S   T   W   Y   V
    1 M    -3  -3  -4  -5  -3  -2  -4  -5  -4  -1   1  -3  10  -2  -4  -3  -3  -3  -3  -1    0   0   0   0   0   0   0   0   0   0   4   0  96   0   0   0   0   0   0   0  1.93 0.43
    2 K    -2   2  -2  -2  -3   3  -1  -3  -2  -2   2   3  -1   1  -3  -2   0  -3  -1  -2    0   8   0   0   0  21   0   0   0   0  26  31   0   6   0   0   6   0   2   0  0.36 0.18
    3 S    -2  -3  -1   5  -3  -2  -1  -3  -3  -3  -4  -2  -3  -4  -3   2   4  -5  -4  -1    0   0   0  45   0   0   0   0   0   0   0   0   0   0   0  21  29   0   0   5  0.83 0.29
    4 V     3  -3  -3  -3  -2  -2  -2  -2  -3   1   0  -2  -1  -1   3   0   0  -4  -3   2   42   0   0   0   0   0   0   0   0   9   5   0   0   2  15   7   3   0   0  16  0.41 0.19
    5 I    -1  -3  -4  -4  -3  -3  -3  -4  -3   3   1  -1   0   4   0  -2  -1  -2   0   2    4   0   0   0   0   0   0   0   0  29   9   5   0  29   4   2   1   0   0  17  0.45 0.18
    6 T     0  -3  -2  -2  -2  -2  -2  -1  -3   0  -3  -2  -2  -4  -3   3   5  -4  -3   0    5   0   0   0   0   0   0   3   0   5   0   0   0   0   0  28  53   0   0   6  0.72 0.29
    7 T     0   2   1  -1  -3   2   2  -2  -1  -3  -3   3  -2  -4  -2   1   1  -4  -3  -3    8  15   9   1   0   8  15   0   0   0   1  24   0   0   0  12   8   0   0   0  0.38 0.15
    8 V     2  -3  -3  -3  -2   0  -2  -3  -3   1   0  -2   0  -2  -3   1   1  -4  -3   4   22   0   0   0   0   4   0   0   0   7   5   1   2   0   0   9  11   0   0  40  0.34 0.18
    9 V    -2  -4  -5  -5  -3  -4  -4  -5  -5   5   1  -4   0  -2  -4  -4  -2  -4  -3   4    2   0   0   0   0   0   0   0   0  53   5   0   0   0   0   0   0   0   0  40  0.99 0.31
   10 S     2  -2   1  -2  -2  -2  -1  -1  -2   0   1  -1  -1  -2  -2   2   0  -4  -2   2   21   1  11   0   0   0   2   2   0   2  13   3   0   0   0  20   4   0   0  20  0.18 0.13
   11 A     1   0   3  -1  -2   4   0  -2  -1  -3  -2   0  -2  -4  -2   2   1  -4  -3  -3   16   4  17   0   1  29   2   1   0   1   2   3   0   0   0  16  10   0   0   0  0.41 0.20
   12 A     6  -2  -1  -3  -2  -3  -3  -2  -3  -3  -3  -2  -3  -3  -3   0  -2  -3   2  -2   80   2   3   0   0   0   0   0   0   0   0   0   0   0   0   5   0   0  10   0  0.98 0.36
   13 D    -4  -4  -1   8  -6  -2   2  -4  -3  -5  -6  -3  -5  -6  -4  -2  -3  -6  -5  -5    0   0   0  91   0   0   9   0   0   0   0   0   0   0   0   0   0   0   0   0  1.94 0.46
   14 A     3   0   0   0  -2   1  -1  -2  -1  -2  -1  -1  -2  -3  -2   2   1  -4  -2   0   32   5   3   6   0   8   0   0   2   0   5   2   0   0   0  19   7   0   0  10  0.23 0.15
   15 A     0   3  -1   0  -4   5   2  -3  -1  -4  -3   2  -2  -4  -2   0   0  -4  -3  -3   10  17   0   3   0  32  15   0   0   0   0  11   0   0   0   5   7   0   0   0  0.55 0.22
   16 G     1  -3  -2   1  -3  -3  -3   5  -3  -3   0  -3  -3  -4  -3  -1   0  -4  -4  -2   12   0   0  10   0   0   0  58   0   0  11   0   0   0   0   2   6   0   0   1  0.75 0.24
   17 R     1   6  -1  -2  -4   0   2  -3  -2  -4  -4   2  -3  -4  -3   0  -2  -4  -3  -4   12  55   1   0   0   1  16   0   0   0   0  10   0   0   0   5   0   0   0   0  0.85 0.28
   18 F    -3  -4  -1  -5  -4  -4  -4  -5  -1  -3  -2  -4  -1   6  -2  -4  -2   0   7  -2    1   0   3   0   0   0   0   0   0   0   0   0   1  43   2   0   2   0  46   1  1.40 0.38
   19 P    -3  -4  -4  -5  -3  -4  -4  -5  -4   2   4  -4   0   1   3  -3  -2  -3  -2   1    0   0   0   0   0   0   0   0   0  13  58   0   0   5  14   0   0   0   0  10  0.69 0.24
   20 S    -1  -1   0   3  -3   0   0   1  -2  -4  -4  -2  -3  -4  -3   5   1  -4  -4  -3    0   1   3  17   0   4   2  12   0   0   0   0   0   0   0  54   5   0   0   0  0.65 0.27
   21 N     0   0   3   0  -3   0  -1   2  -2  -2  -2   0  -2  -3   2   2   1  -4  -3  -2    5   6  21   5   0   2   0  16   0   1   4   3   0   0  10  19   7   0   0   1  0.29 0.13
   22 S     1  -2   1   0  -2  -1  -1   3  -2  -3  -3   0  -2  -3  -1   2   2  -4  -3  -2   15   0   7   5   0   1   1  27   0   0   0   4   0   0   1  20  16   0   0   1  0.38 0.15
   23 D     1  -2   0   3  -4   3   5  -3  -2  -3  -4  -1  -3  -5  -3  -1  -2  -4  -4  -3   14   0   3  18   0  13  48   0   0   1   0   1   0   0   0   2   0   0   0   0  0.76 0.27
   24 L    -3  -4  -5  -5  -3  -4  -4  -5  -4   4   4  -4   3   0  -4  -4  -2  -3  -2   1    0   0   0   0   0   0   0   0   0  24  61   0   6   2   0   0   0   0   0   7  0.83 0.26
   25 E     0  -1   2   4  -4   3   3  -2   0  -4  -4   0  -3  -4  -2   0   0  -4  -3  -3    7   1   9  26   0  20  20   2   1   0   0   4   0   0   0   3   6   0   0   0  0.54 0.20
   26 S     3   1  -1   0  -2   2   0  -1  -2  -2  -3   1  -2  -3  -2   2   0  -4  -2  -1   35   6   2   6   0  11   4   3   0   2   0   7   0   0   0  17   3   0   1   4  0.27 0.15
   27 I     0  -4  -4  -5  -1  -4  -4  -4  -4   3   4  -4   0  -1  -4  -3  -2  -3  -3   2    6   0   0   0   1   0   0   0   0  22  59   0   0   0   0   1   0   0   0  10  0.69 0.24
   28 Q     0   2   1  -1  -3   2   0  -2  -1  -2  -2   4  -2   1  -2   1   0  -3  -1  -2    5   9   7   2   0  10   3   0   0   1   2  34   0   8   0  13   4   0   1   2  0.31 0.16
   29 G     2  -1   0   0  -3   0   0   3  -2  -3  -3   1  -2  -4  -2   2   1  -4  -3  -2   18   1   3   5   0   3   4  27   0   1   0   8   0   0   0  20   9   0   0   0  0.35 0.15
   30 N    -3   2  -1  -4  -4  -3  -3  -4  -1  -1   0  -2   2   5  -4  -2  -2  -1   5  -1    0  16   4   0   0   0   0   0   0   2   6   0   6  34   0   3   1   0  26   2  0.68 0.25
   31 I    -2  -3  -3  -4  -3  -4  -4  -4  -3   3   1  -4   1   5  -4  -3  -2  -2   1   3    2   1   1   0   0   0   0   0   0  19  13   0   2  30   0   0   0   0   4  29  0.57 0.21
   32 Q     3   1   2   0  -3   3   0  -1  -2  -3  -3   1  -2  -4  -2   1   0  -4  -3  -2   30   7  12   3   0  19   2   1   0   0   1   7   1   0   0  13   4   0   0   1  0.35 0.17
   33 R    -1   2  -1   2  -3   1   2  -1  -2  -3  -3  -1  -3  -4  -2   3   2  -4  -3  -3    2  16   0  13   0   5  13   3   0   0   0   0   0   0   0  28  20   0   0   0  0.43 0.20
   34 S     3  -2  -2  -3  -3  -3  -3   5  -3  -4  -4  -2  -3  -4  -3   1  -2  -4  -4  -3   31   1   0   0   0   0   0  57   0   0   0   0   0   0   0  10   0   0   0   0  0.98 0.28
   35 A     1  -1   4   0  -3   0   1  -1  -1  -3  -1  -1  -2  -3  -2   1   1  -4  -3  -1   17   1  35   2   0   4  12   2   0   0   6   2   0   0   0   8   8   0   0   3  0.36 0.17
   36 A     2   2  -1   0  -3   1  -1  -2  -2  -2  -1   4   0  -2  -2   1  -1  -4  -3  -2   20   9   1   4   0   5   0   0   0   0   9  36   2   1   0   9   1   0   0   1  0.31 0.17
   37 R    -2   7  -2  -3  -5  -1  -1  -1  -2  -5  -4   0  -3  -5  -4   0  -3  -5  -2  -4    3  81   0   0   0   0   2   4   0   0   0   0   0   0   0   9   0   0   1   0  1.37 0.39
   38 L    -2  -4  -5  -5  -3  -4  -4  -5  -4   3   5  -4   1  -1  -4  -3  -1  -3  -3   2    2   0   0   0   0   0   0   0   0  14  68   0   2   0   0   1   2   0   0  10  0.78 0.25
   39 E     0   3  -1   5  -4   1   3  -2  -2  -4  -4   0  -3  -4  -3  -1  -1  -5  -4  -4    8  19   0  38   0   4  22   2   0   0   0   4   0   0   0   1   2   0   0   0  0.68 0.23
   40 A     4  -2  -3  -4  -2  -3  -3  -2  -3   3  -1  -2  -1  -3  -3   0  -1  -4  -3   2   52   2   0   0   0   0   0   0   0  25   3   0   0   0   0   4   2   0   0  11  0.53 0.24
   41 A     4  -3  -4  -4  -2  -3  -3  -2  -4   1  -2  -3  -2  -3  -3  -1  -1  -4  -3   4   55   0   0   0   0   0   0   0   0   7   0   0   0   0   0   0   2   0   0  36  0.73 0.29
   42 E     0   1   4   1  -4   3   2  -2  -1  -3  -3   2  -2  -4  -2   0  -1  -4  -3  -3    8   6  27   4   0  14  18   0   0   1   1  14   0   0   0   5   2   0   0   0  0.45 0.18
   43 K     2   2  -1  -2  -2  -1  -2  -1  -2   1  -2   1   0  -2  -2   1   2  -3   0   0   25  14   1   0   0   0   0   3   0  12   0  11   2   0   0   9  16   0   3   4  0.19 0.13
   44 L    -3  -4  -5  -5  -3  -4  -5  -5  -5   5   4  -4   1   0  -4  -4  -2  -4  -3   1    0   0   0   0   0   0   0   0   0  53  43   0   2   2   0   0   0   0   0   1  0.94 0.29
   45 A     2  -1   2  -2  -2  -1  -2  -1  -2  -2  -3  -1  -2  -3  -2   2   4  -4  -3   0   16   3  11   0   0   1   0   2   0   0   0   1   0   0   0  17  43   0   0   5  0.49 0.22
   46 G     2   0   2   1  -2   0   1   1  -1  -3  -2   0  -2  -3  -2   2   0  -3  -2  -2   19   3  13  10   0   4   8   8   0   0   3   3   0   0   0  27   0   0   0   0  0.26 0.11
   47 N    -2   0   7   0  -4   0  -1  -1  -1  -4  -4   1  -3  -4  -3   1  -1  -4  -3  -4    1   3  73   0   0   4   0   2   0   0   1   8   0   0   0   7   0   0   0   0  1.09 0.29
   48 H     4   1  -2  -2  -2  -1   0  -1   1  -2  -2  -1  -2  -2  -2   2  -1  -3   0  -1   49   8   0   0   0   0   8   2   5   1   2   0   0   0   0  17   0   0   4   2  0.34 0.16
   49 E     1  -1   0   2  -2   2   2  -2   1  -3  -3   1  -2  -3  -2   2   0  -3  -2  -2   13   0   3  14   0   8  15   0   3   0   1  10   0   0   0  28   4   0   0   0  0.32 0.12
   50 A     2   1   0  -1   3   0   0  -1  -2  -1  -1   1  -1  -3  -2   1   1  -3  -2  -1   22  12   6   0  10   2   4   2   0   4   5   9   0   0   0  12  10   0   0   0  0.17 0.09
   51 V    -2  -4  -4  -4  -2  -3  -4  -4  -4   5   2  -3   1  -1  -3  -3  -2   1  -2   2    1   0   0   0   0   0   0   0   0  60  21   0   2   0   0   0   0   2   0  10  0.69 0.21
   52 V     1  -4  -4  -4  -2  -3  -4  -4  -4   4   0  -3   0  -2  -3  -2  -1  -4  -3   5   15   0   0   0   0   0   0   0   0  24   2   0   0   0   0   0   1   0   0  59  0.69 0.24
   53 K     1   0   1   2  -3   1   1  -2  -2  -3  -3   3  -1  -4  -2   2   1  -4  -3  -2   11   1   5  12   0   7   4   0   0   0   0  27   1   0   0  21  10   0   0   0  0.34 0.14
   54 E     0   1   2   2  -3   2   2   2  -1  -4  -4   0  -3  -4  -2   0  -1  -4  -3  -3    6  10  11  14   0  13  19  19   0   0   0   4   0   0   0   4   1   0   0   0  0.38 0.12
   55 A     6  -3  -3  -3  -2  -2  -2  -1  -3  -3  -3  -2  -3  -4  -2   0  -1  -4  -3  -2   95   0   0   0   0   0   0   1   0   0   0   0   0   0   0   3   1   0   0   0  1.18 0.35
   56 G     3  -2  -2  -3  -2  -1  -2   2  -2   0  -2  -2  -1  -2  -2   1   1  -3   0   2   41   1   0   0   0   2   0  15   0   3   0   0   0   0   0   8   8   0   3  20  0.31 0.15
   57 D     1   2   3   2  -3   2   0  -2  -1  -3  -3   1  -2  -4  -2   1   0  -4  -3  -3   14  17  18  16   0  10   1   0   0   0   0   7   0   0   0  14   4   0   0   0  0.37 0.14
   58 A     3   1  -1  -1  -2   3  -1   1   0  -3  -3   1  -2  -4  -2   1  -1  -4  -3  -2   42  10   0   1   0  16   1  10   2   0   0  11   0   0   0   7   0   0   0   0  0.39 0.17
   59 C    -1  -3  -4  -4   3  -3  -3  -4  -4   3   3  -3   3  -1  -3  -1  -1  -3  -2   3    1   0   0   0   7   0   0   0   0  17  33   0  11   1   0   5   0   0   0  25  0.44 0.16
   60 F    -3  -4  -4  -5  -1  -4  -4  -5  -1   1   0  -4  -1   6  -5  -3  -3   3   6   0    0   0   0   0   1   0   0   0   0  11   6   0   0  45   0   0   0   3  30   4  1.00 0.26
   61 A     1  -1   1  -1   4   3   1  -2  -2  -2  -1   0  -2  -3  -2   2   0  -3  -3  -2   17   0   5   2  13  20   9   1   0   0   9   3   0   0   0  20   2   0   0   0  0.29 0.15
   62 K    -1   1  -1   0  -4   1   4  -3  -1  -2  -3   4  -2  -4   0  -1  -1  -4  -3  -2    3   4   0   3   0   5  33   0   0   2   2  39   0   0   4   0   1   0   0   1  0.54 0.18
   63 Y    -2   2   2  -2  -4   3  -1  -3   2  -1  -1  -1  -1   4  -3  -1  -2  -1   4  -2    0  13  14   0   0  19   0   0   5   2   4   1   0  22   0   1   0   0  17   1  0.41 0.18
   64 A    -1  -3  -3  -3  -4   0  -2  -2  -3  -4  -4  -2  -4  -5   8   1   0  -5  -4  -4    3   0   0   0   0   4   0   1   0   0   0   0   0   0  75  12   5   0   0   0  1.79 0.34
   65 Y    -1  -1   0   3  -4   2   2   0   0  -3  -3  -1  -3   0  -3  -1  -2  -1   5  -3    2   1   4  19   0  12  13   9   0   0   0   0   0   2   0   3   0   0  34   0  0.50 0.20
   66 L    -2  -3  -3  -3  -2  -3  -3  -2  -3   1   3  -3   0   0  -3  -1   2  -2   1   1    0   0   0   0   0   0   0   4   0   9  46   0   0   2   0   3  22   0   5   9  0.35 0.16
   67 K    -1   0  -1  -2  -2  -2   0  -3  -3   3   0   0  -1   0  -2  -1   3  -3  -2   2    1   5   2   0   0   0   6   0   0  29   5   6   0   4   1   1  29   0   0  12  0.24 0.14
   68 N     1   2   2  -1  -3   3  -1  -1  -1  -3  -3   0  -2  -4  -2   2   1  -4  -3  -3   16  15  13   0   0  23   0   3   0   0   1   1   0   0   0  21   6   0   0   0  0.37 0.16
   69 P     0  -2  -3  -3  -3  -1  -2  -3  -3  -3  -3  -2   3  -4   7   0   2  -5  -4  -3    9   1   0   0   0   1   0   0   0   0   0   0  10   0  61   4  14   0   0   0  1.33 0.29
   70 G    -1  -1  -1  -2  -4   0  -1   5  -3  -5  -4  -1  -3  -3   2   0  -2  -4  -4  -4    0   3   2   0   0   6   3  64   0   0   0   3   0   1  12   6   1   0   0   0  0.87 0.22
   71 E    -1  -3  -2  -1  -4  -2   0   6  -3  -2  -5  -2  -4  -5  -4  -2  -3  -4  -4  -4    1   0   0   1   0   1   8  83   0   4   0   1   0   0   0   0   0   0   0   0  1.30 0.30
   72 A     1  -2   6  -1   0  -2  -2  -1  -1  -4  -4  -2  -3  -1   2   1  -1  -5  -3  -3   15   0  60   0   3   0   1   1   1   0   0   0   0   3  10   7   0   0   0   0  0.81 0.26
   73 G     3  -1   0  -2   3   1  -1   1  -2  -2  -1  -1   1  -3  -2   0   0  -3  -3  -1   42   3   6   1  10   9   0   8   0   0   5   1   6   0   0   3   2   0   0   3  0.26 0.14
   74 E    -1  -3  -2   0  -4  -2  -1  -4   0  -3  -3  -3  -3   1  -4   0  -3   0   8  -3    4   0   1   6   0   0   5   0   0   0   0   0   0   2   0   7   0   0  75   0  1.33 0.34
   75 N     1  -2   0  -1  -2  -2  -2   3  -1  -3  -3  -2  -2  -3   0   0   4  -4  -3  -2   10   0   5   3   0   0   0  26   2   0   0   0   0   0   5   3  45   0   0   0  0.51 0.19
   76 Q     0  -1   3   0  -3   2   1  -2  -1  -2  -3  -1  -2  -4   2   2   3  -4  -3  -2    3   0  16   2   0  14   7   0   1   1   1   0   0   0  10  23  22   0   0   0  0.39 0.16
   77 E    -2   5   1   1  -4   0   2  -3  -1  -4  -4   1  -3  -4  -3   0   1  -4  -3  -3    0  52   5   8   0   1  18   0   0   0   0   1   0   0   0   6   9   0   0   0  0.71 0.23
   78 K    -2   4   1  -2  -3   1  -1   2  -1  -3  -2   2   1  -2  -3  -1  -2  -3  -2  -3    0  36   9   0   0   7   0  20   0   0   1  14   7   2   0   0   0   0   0   0  0.45 0.16
   79 I    -2   1  -2  -3  -3   0  -2  -3  -2   0   0   2   5   0  -3  -2   1  -2   3   0    1   6   0   0   0   2   0   1   0   5   1  21  33   4   0   1   9   0  12   3  0.36 0.18
   80 N     5  -1   1   0  -2   0   0  -1  -2  -3  -3  -1  -2  -4  -2   1  -1  -4  -3  -2   64   3   7   5   0   3   3   0   0   0   0   3   0   0   0  10   1   0   0   0  0.53 0.21
   81 K     3   1  -2  -2  -3   0  -1  -2  -2  -2  -1   4  -1  -3  -2  -1   1  -4  -3  -1   35   6   0   0   0   3   0   0   0   0   5  39   1   0   0   0   8   0   0   3  0.41 0.19
   82 C    -2  -5  -4  -5  10  -4  -5  -1  -4  -3  -3  -4  -3  -4  -4   1  -2  -4  -4  -3    0   0   0   0  81   0   0   6   0   0   0   0   0   0   0  12   0   0   0   0  2.16 0.43
   83 Y     0  -2  -3  -4  -2  -2  -3  -3  -3   2   4   0   1  -1  -3  -1  -1  -2   1   1    9   0   0   0   0   0   0   0   0  10  56   9   1   0   0   3   1   0   6   5  0.37 0.16
   84 R    -3   8  -2  -4  -5  -1  -2  -4  -2  -5  -4   0  -3  -5  -4  -3  -3  -5  -4  -5    0 100   0   0   0   0   0   0   0   0   0   0   0   0   0   0   0   0   0   0  1.90 0.43
   85 D    -4  -4   0   8  -6  -2   0  -3  -3  -5  -6  -3  -5  -6  -3  -2  -3  -6  -5  -5    0   0   0 100   0   0   0   0   0   0   0   0   0   0   0   0   0   0   0   0  2.00 0.43
   86 V    -1  -3  -3  -4  -2  -3  -3   0  -3   3   2  -3   4   1  -4  -3  -1  -2   1   1    2   0   0   0   0   0   0  10   0  24  24   0  19   4   0   0   1   0   6  10  0.35 0.15
   87 D    -1  -2  -1   4  -4  -1   3   3  -2  -4  -4  -1  -3  -4  -3   0  -2  -4  -4  -2    1   0   0  32   0   0  27  30   0   0   0   2   0   0   0   4   0   0   0   3  0.69 0.21
   88 H    -3  -3  -3  -4  -4  -3  -3  -4   5   3  -2  -3  -2   1  -4  -3  -3   7   6  -1    0   0   0   0   0   0   0   0  19  25   0   0   0   2   0   0   0  19  35   0  1.14 0.30
   89 Y    -3  -4  -4  -5  -4  -3  -4  -5  -1   3  -1  -4  -2   3  -5  -3  -3   0   7   0    0   0   0   0   0   0   0   0   0  21   0   0   0  12   0   0   0   0  62   6  1.24 0.32
   90 M    -3  -4  -5  -5  -3  -4  -4  -5  -4   1   5  -4   2  -1  -4  -4  -3  -3  -3   0    0   0   0   0   0   0   0   0   0   2  92   0   5   0   0   0   0   0   0   1  1.09 0.30
   91 R    -3   8  -2  -4  -5  -1  -2  -4  -2  -5  -4   0  -3  -5  -4  -3  -3  -5  -4  -5    0 100   0   0   0   0   0   0   0   0   0   0   0   0   0   0   0   0   0   0  1.90 0.43
   92 L    -3  -3  -4  -4  -3  -3  -3  -4  -1   1   2  -1   3   1  -4  -3  -2   0   7  -1    0   0   0   0   0   0   0   0   0   7  27   6  10   0   0   0   2   0  48   0  0.80 0.26
   93 V     2  -3  -4  -4  -2  -3  -3  -3  -4   3   0  -3   0  -2  -3  -2   0  -4  -2   4   19   0   0   0   0   0   0   1   0  26   4   0   0   0   0   0   4   0   0  46  0.51 0.19
   94 N    -1  -2   3  -2  -3  -1  -2  -3  -2  -3  -3  -2  -2  -4  -3   3   6  -4  -3  -2    0   0  15   0   0   1   0   0   0   0   0   0   0   0   0  21  63   0   0   0  0.89 0.30
   95 Y    -4  -4  -4  -5  -5  -3  -4  -5   3  -3  -3  -4  -3   1  -5  -4  -4   0   9  -3    0   0   0   0   0   0   0   0   6   0   0   0   0   0   0   0   0   0  94   0  2.21 0.47
   96 C     4  -3  -2  -2   5  -2  -2   2  -3  -2  -2  -2  -2  -3  -2   2  -1  -3  -3  -2   45   0   0   1  18   0   0  14   0   0   3   0   0   0   0  14   2   0   0   0  0.53 0.18
   97 L    -1  -3  -3  -4   1  -3  -3  -4  -3   3   3  -3   2  -1  -3  -2  -1  -3  -2   2    3   0   0   0   3   0   0   0   0  27  42   0   7   0   0   1   3   0   0  12  0.44 0.14
   98 V    -1  -3  -4  -4  -2  -3  -3  -4  -3   3   2  -3   0   1  -3  -3  -1  -3  -1   4    2   0   0   0   0   0   0   0   0  17  26   0   0   6   0   0   0   0   1  45  0.49 0.16
   99 V     5  -2  -2  -3  -2  -2  -2  -1  -3  -1  -2  -2  -2  -3  -2   1   0  -3  -3   1   63   0   0   0   0   0   0   0   0   2   1   0   0   0   0  11   6   0   0  14  0.54 0.21
  100 G    -1  -3  -1  -1  -4  -3  -3   7  -3  -5  -5  -3  -4  -4  -3  -2  -3  -4  -4  -4    2   0   1   3   0   0   0  90   0   0   1   0   0   0   0   0   0   0   0   0  1.49 0.30
  101 G    -2  -3   1   6  -4  -2   0   3  -2  -4  -4  -2  -4  -4  -3  -1  -2  -4  -4  -4    2   0   4  63   0   0   0  25   0   0   1   0   0   0   0   3   0   0   0   0  1.02 0.25
  102 T     1  -2  -1  -2  -2  -1  -1  -2  -2  -1  -2   0  -1  -3   3   1   3  -3  -2   0   15   0   2   0   0   1   3   1   0   2   1   6   2   0  17   8  35   0   0   6  0.37 0.14
  103 G     0  -1   2   1  -2  -1   0   3  -2  -3  -3  -1  -3  -3  -2   3   1  -3  -3  -3    1   1  14   6   0   0   3  27   0   1   1   0   0   0   0  36   7   0   0   0  0.47 0.16
  104 P    -2  -3  -3  -3  -3  -3  -3  -4  -4   3  -1  -3  -1  -3   6  -2  -2  -4  -3   3    0   0   0   0   0   0   0   0   0  22   1   0   0   0  42   2   0   0   0  31  0.92 0.23
  105 L    -2  -3  -4  -4  -2  -3  -4  -4  -4   3   4  -3   3  -1  -3  -3  -2  -3  -2   1    0   0   0   0   0   0   0   0   0  20  62   0  11   0   0   0   0   0   0   3  0.68 0.20
  106 D    -2  -2   1   5  -3   1   3  -2  -2  -3  -3  -1  -3  -3  -2   0  -1  -4  -3  -2    1   1   3  52   0   4  22   1   0   1   1   1   0   1   1   7   1   0   0   2  0.75 0.19
  107 E    -1   0   0   4  -3   1   4  -2  -1  -3  -3   1  -2  -3  -2   0   0  -3  -3  -3    3   3   1  31   0   3  40   1   0   1   1   6   0   1   1   3   4   0   0   1  0.60 0.16
  108 W    -2   4   0  -2  -3  -1  -2  -3  -1   1  -1   0  -1  -1  -3  -2  -1   4   3   0    1  38   5   1   0   1   1   1   0  15   4   1   0   0   1   1   2   8  17   5  0.42 0.16
  109 G     0  -3   0  -3   6  -3  -3   3  -3   0   1  -3  -1  -2  -3  -1  -1  -3  -2   2    6   0   4   0  24   0   1  24   0   2  15   0   0   0   0   1   0   0   0  20  0.39 0.14
  110 I    -2  -3  -4  -4  -2  -3  -3  -4  -4   4   4  -3   1  -1  -3  -3  -2  -3  -2   2    1   0   0   0   0   0   0   1   0  31  46   0   0   0   0   1   0   0   0  17  0.57 0.17
  111 A     2   0   5   0  -2   0  -1  -1  -1   0  -2   0  -2  -3  -2   0  -1  -3  -2   0   22   4  38   3   0   3   0   2   0   8   3   5   0   0   0   3   0   0   0   7  0.31 0.14
  112 G    -1  -3  -2  -1  -4  -3  -3   7  -3  -5  -4  -3  -4  -4  -3  -2  -3  -4  -4  -4    1   0   0   3   0   0   0  91   0   0   1   0   0   0   0   1   0   0   0   0  1.51 0.30
  113 A     0  -3  -3  -4  -2   0  -3  -3  -3   1   4  -3   1  -1  -3  -2  -2  -3  -2   2    7   0   0   0   0   5   0   1   0   4  63   0   0   0   0   1   0   0   0  15  0.49 0.17
  114 R    -1   5  -1   0  -4   0   0  -3  -2  -4  -3   4  -2  -4  -2  -1  -2  -4  -3  -3    4  46   1   5   0   0   5   0   0   0   1  33   0   0   0   2   0   0   0   0  0.76 0.22
  115 E    -2  -2   0   2  -5   1   6  -3  -2  -4  -4  -1  -3  -4  -2  -2  -2  -4  -3  -4    0   0   3   7   0   1  84   0   0   0   1   0   0   0   0   0   0   0   0   0  1.26 0.32
  116 V    -1  -3  -2  -3  -2  -2  -3  -3  -3   3   0  -2   4  -1  -3  -1   4  -3  -2   2    0   0   0   0   0   0   0   0   0  22   4   0  17   1   0   0  40   0   0  12  0.48 0.20
  117 Y    -3  -3   3  -2  -4  -2  -2  -4   0   1  -2  -3  -2   1  -4  -2  -2   0   8  -2    0   0  17   1   0   0   3   0   0   9   1   0   0   0   0   0   0   0  66   0  1.15 0.31
  118 R    -1   3   3   0  -3   1   1  -2  -1  -1  -1   1  -1  -3  -2   0  -1  -3  -2  -2    3  23  26   2   0   8   6   0   0   5   7   8   0   0   0   7   1   0   0   2  0.29 0.12
  119 T     3  -2   1  -2  -2  -1  -1  -1  -2  -3  -3  -1  -2  -3  -2   3   2  -3  -3  -2   39   0   7   0   0   0   0   0   0   0   1   2   0   0   0  33  15   0   0   0  0.49 0.19
  120 L    -2  -3  -3  -3   0  -3  -3  -3  -3   0   4  -3   1   3  -3  -3  -2  -2  -1   0    2   1   1   1   3   1   1   1   0   1  69   1   0  15   1   1   1   0   0   1  0.59 0.18
  121 N     0  -2   1   1  -1  -2   0   5  -2  -4  -4  -2  -3  -4  -2   0  -2  -3  -3  -3    8   0   7  10   2   0   5  57   0   0   1   0   0   0   0   7   0   0   0   0  0.70 0.18
  122 L    -1  -3  -3  -3   3  -3  -3  -3  -3   1   2  -3   0  -2  -3  -1   2  -3  -2   3    0   0   0   0   8   0   0   0   0   4  25   0   0   0   0   2  19   0   0  38  0.39 0.16
  123 P    -1  -3  -2  -1  -3  -2  -2  -3  -3  -4  -4  -2  -3  -4   7   3  -2  -4  -4  -3    1   0   0   3   0   0   0   0   0   0   1   0   0   0  65  27   0   0   0   0  1.54 0.31
  124 T     0  -2  -2  -2  -2  -2  -2   2  -3   2   0  -2  -1  -2   3   0   1  -3  -2   1    7   0   0   0   0   0   1  17   0  18   9   0   0   0  17   5  14   0   0   9  0.24 0.09
  125 S     2  -1   0   0  -2   0   0   1  -2  -1  -2   0  -2  -3   1   3   0  -3  -2  -2   23   0   3   5   0   2   6  12   0   4   1   3   0   0   5  30   3   0   0   1  0.26 0.11
  126 A     2  -2   0  -2  -2  -2  -2   1  -2  -3  -3  -2  -2  -2   2   2   0   6  -2  -2   27   0   4   0   0   0   0  10   0   0   1   0   0   0  11  24   3  17   0   2  0.52 0.17
  127 Y     0  -2  -1  -3  -2  -2  -2  -3  -1   0  -1  -2   2   0  -3  -1   3  -1   5   2    9   0   2   0   0   0   0   0   0   2   1   0   8   0   0   2  26   0  27  22  0.39 0.18
  128 V     2  -3  -3  -3  -2  -3  -3  -2  -3   3   0  -3   0  -2  -3  -1  -1  -3  -2   4   25   0   0   0   0   0   0   1   0  24   4   0   0   0   0   2   1   0   0  40  0.41 0.16
  129 A     1   3  -1   1  -3   1   3  -2  -1  -1  -2   0  -2  -3  -2  -1  -1  -3  -2   1   14  20   0   6   0   7  27   1   0   0   1   0   0   0   0   2   1   0   0  19  0.28 0.14
  130 S     4  -3  -2  -2  -2  -2  -2   3  -3  -3  -3  -2  -2  -3  -2   1  -1  -3  -3  -1   59   0   0   0   0   0   0  23   0   0   1   0   0   0   0  11   0   0   0   3  0.64 0.22
  131 I    -2  -3  -4  -4  -2  -3  -3  -4  -3   4   3  -3   0   2  -3  -3  -2  -2  -1   3    0   0   0   0   0   0   0   0   0  32  29   0   0  10   0   0   0   0   0  24  0.51 0.16
  132 A     0   2   0  -1  -3   4   1  -1  -1  -3  -3   2  -2  -3  -2   1   0  -3  -2  -2    9  14   3   1   0  30   8   2   0   0   1  15   0   0   0   9   4   0   0   1  0.38 0.14
  133 Y     1  -1  -1  -1   1  -1   1  -2   1   1   0   1  -1   2  -2  -1  -1  -1   3   0   13   0   2   1   4   0  11   1   4  14   8  11   0   8   0   3   3   0  14   1  0.08 0.07
  134 T    -1  -3  -3  -4  -2  -2  -3  -4  -3   3   2  -3   7  -1  -3  -2   0  -3  -2   0    5   0   0   0   0   0   0   1   0  18  17   0  47   0   0   1   5   0   0   3  0.69 0.24
  135 R    -2   4  -1  -2  -4   1   0  -3  -2  -4  -3   6  -1  -4  -2  -2  -2  -4  -3  -3    1  22   0   0   0   3   2   1   0   0   1  67   1   0   0   1   0   0   0   0  0.96 0.27
  136 D     1   0   2   4  -2   0   2  -1  -1  -2  -2   0  -2  -3  -1   1  -1  -3  -2  -2   15   5  13  28   0   1  15   2   0   2   2   5   0   1   1   7   1   0   1   1  0.31 0.09
  137 R     1   1   1   0  -1   0   0  -1  -1   0  -1   0   0  -1   1   0   1  -2  -1   0   18  13   7   3   1   3   2   3   1   6   4   3   2   2   8   7  10   1   1   6  0.09 0.03
  138 L     1  -1   1  -1   0  -1   0   0  -1   0   0  -1   0  -1  -1   1   1  -1  -1   0   21   2   7   2   2   2   4   8   1   6   9   2   1   2   2  13   7   1   2   6  0.06 0.02
  139 C     1  -2  -1  -2   4  -1  -1   1  -2   1   0  -1   0  -1  -1   0   0  -2  -2   1   12   1   1   1  13   1   4  15   1  10  10   4   1   1   1   3   3   0   1  16  0.10 0.05
  140 V     3  -2  -1  -1  -1  -1   0   0  -2   0  -1  -1  -1  -2  -1   1   1  -3  -2   1   33   1   1   3   1   1   6   3   0   8   4   2   0   1   1  15  10   0   0   9  0.16 0.09
  141 P     0  -2   1  -1  -2  -1   0  -1  -1   0   0  -1   0  -1   3   1   2  -2   0   0    9   1  10   1   0   1   5   2   0   3  12   2   2   2  15   8  17   0   5   4  0.16 0.07
  142 R     0   2  -1  -1  -3   1   1   0   4  -2  -1   0  -1   2  -1   1  -1  -2   0  -2    6  14   1   2   0   5   7   7  16   2   5   5   0  12   1  13   2   0   0   1  0.15 0.09
  143 D    -1   0  -1   2  -3  -2  -1   4  -3  -2   0  -1   0  -3  -3  -1  -2  -4  -3  -2    2   6   1  18   0   0   3  44   0   0  16   1   3   0   0   2   1   0   0   2  0.44 0.17
  144 M    -1  -1   0   3  -3  -1  -1  -2  -2   0   3  -1   3  -2  -3  -1  -2  -3  -1   0    3   2   4  22   0   2   1   1   0   1  39   4  12   0   0   2   0   0   1   5  0.27 0.15
  145 S     0  -2   0   1   6  -1  -2   0  -3  -3  -3  -1  -3  -4  -3   4   0  -4  -3  -2    4   0   4  10  25   2   0   7   0   0   0   3   0   0   0  41   3   0   0   1  0.62 0.23
  146 A     2  -2  -1  -2  -2  -1  -1   3  -3  -2  -3  -1  -2  -4   1   2  -1  -4  -3  -2   24   1   0   0   0   2   1  31   0   3   1   1   0   0   8  26   0   0   0   1  0.47 0.18
  147 Q     1  -1  -1   3  -3   4   3  -2  -2  -1  -3   0  -2  -4  -2   1  -1  -4  -3  -2   12   0   1  20   0  26  19   2   0   7   1   1   0   0   0  13   0   0   0   0  0.44 0.19
  148 A     3  -2  -1   2  -2  -2  -1  -2  -3   0   1  -1  -1  -2  -1   0  -1  -4  -3   0   43   0   1  15   0   0   2   0   0   4  21   2   0   0   3   4   1   0   0   3  0.28 0.17
  149 G     3   0  -1  -2  -2   1  -1   1  -2   0   0  -1   1  -3  -2   0  -1  -3  -3   0   41   4   2   0   0   7   3  12   0   4   7   2   4   0   0   5   1   0   0   8  0.21 0.13
  150 V     2   0   2  -1  -2   0   1  -1  -2  -1  -2   0  -2  -3  -2   2   2  -4  -2   0   19   3  12   2   0   3   7   3   0   1   1   6   0   0   0  17  14   0   0  11  0.19 0.11
  151 E    -1  -2  -2   1  -4   0   6  -4  -2   1  -2  -1  -3  -4  -3  -1  -2  -4  -3  -2    6   0   0   4   0   0  71   0   0  12   2   1   0   0   0   1   1   0   0   1  0.89 0.31
  152 F     3  -3  -2  -3  -2  -2  -3  -2  -2   2   0  -2   2   1  -3  -1  -1  -2   1   2   38   0   1   0   0   0   0   0   0  11   5   0   6   8   0   1   2   0   7  21  0.30 0.16
  153 S     2  -1   4   0  -1   0  -1   2  -1  -3  -3   0  -2  -3  -2   1  -1  -4  -3  -2   21   1  27   4   1   4   2  18   0   1   1   4   0   0   0  11   2   0   0   1  0.35 0.14
  154 A     0  -2  -1  -1  -2   2   1   0  -2  -1  -2  -1  -2  -2   1   3   2  -3  -2  -1    7   0   1   1   0  10   8   6   0   3   3   0   0   2   8  28  18   0   0   4  0.25 0.13
  155 Y    -2  -4  -3  -5  -4  -3  -4  -5  -1  -3  -1  -4  -3   1   1  -4  -4   0   9  -3    3   0   1   0   0   0   0   0   0   0   4   0   0   1   8   0   0   0  83   0  1.80 0.45
  156 L    -3  -4  -5  -5  -1  -4  -5  -5  -3   2   2  -4   1   7  -5  -4  -3  -1   1  -1    0   0   0   0   1   0   0   0   0  17  16   0   2  63   0   0   0   0   1   0  1.13 0.31
  157 D    -4  -3   2   7  -5  -1   0  -3  -3  -5  -6  -2  -5  -5  -3  -2  -3  -6  -5  -5    0   0   9  88   0   2   1   0   0   0   0   0   0   0   0   0   0   0   0   0  1.73 0.41
  158 Y    -3   3  -3  -4  -4  -2  -3  -4   3  -1  -2   0  -1   2  -4  -3  -1  -1   7   0    1  18   0   0   0   0   0   0   7   3   0   4   1   4   0   0   2   0  52   8  0.89 0.29
  159 L     3  -3  -3  -4  -2  -3  -3  -3  -3   2   2  -3   2  -2  -3  -1  -1  -3  -2   3   34   0   0   0   0   0   0   0   0  16  17   0   6   0   0   0   1   0   0  26  0.40 0.18
  160 I     1  -4  -3  -4   2  -3  -3  -2  -4   6   0  -3  -1  -2  -3  -1   0  -4  -3   1   13   0   1   0   4   0   1   2   0  64   2   0   0   0   0   3   6   0   0   4  0.62 0.24
  161 N     1   1   5   0  -3   2  -1   1  -1  -4  -4   0  -3  -4  -3   2   0  -4  -3  -3   14   7  36   1   0  10   0   8   0   0   0   3   0   0   0  18   3   0   0   0  0.48 0.19
  162 A     4  -2   0  -2  -2  -2   0   1  -2  -2  -3  -2  -2  -2  -2   1  -1  -4  -3  -1   62   0   4   0   0   0   8   9   0   1   0   0   0   1   0  12   1   0   0   2  0.54 0.21
  163 L    -2  -3  -4  -5  -2  -3  -4  -5  -4   2   4  -3   4  -1  -4  -3  -2  -3  -2   2    0   0   0   0   0   0   0   0   0   6  62   0  18   0   0   0   0   0   0  15  0.76 0.23
  164 S     2  -2  -1  -2  -2  -2  -2  -2  -2  -4  -4  -2  -3  -4  -2   6   0  -4  -3  -3   19   0   0   0   0   0   0   0   0   0   0   0   0   0   0  79   1   0   0   0  0.92 0.27

                      K         Lambda
Standard Ungapped    0.1313     0.3165
Standard Gapped      0.0496     0.2670
PSI Ungapped         0.1619     0.3178
PSI Gapped           0.0496     0.2670
