
Last position-specific scoring matrix computed, weighted observed percentages rounded down, information per position, and relative weight of gapless real matches to pseudocounts
            A   R   N   D   C   Q   E   G   H   I   L   K   M   F   P   S   T   W   Y   V   A   R   N   D   C   Q   E   G   H   I   L   K   M   F   P   S   T   W   Y   V
    1 V    -4  -6  -7  -7  -5  -6  -7  -7  -7   7  -2  -6  -2  -4  -6  -6  -4  -6  -5   4    0   0   0   0   0   0   0   0   0  70   0   0   0   0   0   0   0   0   0  30  1.89 0.63
    2 V    -2  -5  -6  -6  -4  -5  -5  -6  -6   4   0  -3   0   0  -5  -5  -2  -1  -1   6    2   0   0   0   0   0   0   0   0  27   4   1   1   4   0   0   2   1   2  56  1.15 0.48
    3 G    -4  -4   2  -2  -6  -3  -2   7  -2  -7  -7  -4  -6  -7  -6  -3  -5  -1  -4  -7    0   1   8   2   0   1   2  82   1   0   0   1   0   0   0   1   0   1   1   0  1.90 0.67
    4 G    -3  -6  -2  -5  -7  -6  -6   7  -6  -8  -8  -6  -7  -7  -6  -3  -5  -7  -7  -4    1   0   2   0   0   0   0  94   0   0   0   0   0   0   0   2   0   0   0   1  2.40 0.80
    5 V    -1   1   0   1  -1   1   1  -3   2  -2  -2   0  -1   0  -3   1   1   2   2  -1    2   6   3  10   2   8   8   1   6   1   2   5   2   5   0  13  12   3   8   4  0.18 0.18
    6 N    -1  -1   1   3  -4   0   4  -4  -3  -2  -2  -1  -1  -1   1  -1   1  -5  -2  -1    3   4   7  15   0   2  33   0   0   2   3   3   2   2   8   3   7   0   1   6  0.42 0.27
    7 A     4  -5  -4  -2   7  -3  -4  -3  -5  -1  -4  -4  -4  -5  -4   1   2  -5  -5  -1   37   0   0   3  27   1   0   1   0   3   0   0   0   0   0   8  15   0   0   5  1.04 0.49
    8 E     0   1   3   1  -1   0   1  -1  -1  -2  -2   2  -1  -3   0   0   1  -4  -2  -1    6   6  18   7   1   3  10   3   1   1   2  12   1   1   5   5  10   0   1   6  0.20 0.16
    9 K    -1   0  -3  -2  -4  -2   0  -3  -1   4  -1   1  -1  -3   4  -2  -2  -1  -4   0    5   6   1   2   0   1   5   1   1  31   5  10   1   1  22   1   1   1   0   4  0.48 0.30
   10 G    -1  -2   4  -1  -4   0   0   4   5  -4  -4  -2  -4  -4  -4   0  -1  -4   0  -4    4   1  24   2   0   3   7  32  15   1   1   1   0   0   0   4   2   0   3   0  0.66 0.32
   11 A     0   0   2   0  -2   1   4  -2   0  -3  -3  -1  -2  -4  -2   3  -1  -5  -4  -3    5   4   9   4   1   6  30   2   2   1   2   2   1   0   1  26   2   0   0   2  0.46 0.28
   12 W    -2   0  -3  -4   0   1  -3  -4   6  -2  -2  -2  -2   4  -4  -2  -2   7   3  -2    3   6   0   0   2   9   0   0  21   2   1   1   0  20   0   2   2  19   7   3  0.84 0.33
   13 P    -2   2  -1  -4  -5  -3  -3  -4   0  -5  -5  -3  -5  -6   8  -2  -3  -6  -5  -5    3  13   3   0   0   0   0   0   3   0   0   0   0   0  74   3   0   0   0   0  1.98 0.53
   14 W    -4  -4  -5  -5  -4  -4  -2  -5   0  -4  -3  -4   0   4  -5   0  -2  10   4  -4    0   0   0   0   0   0   3   0   3   0   0   0   2  17   0   9   3  48  15   0  1.90 0.55
   15 M    -2  -2  -1  -2  -4   6  -1  -2   0   1   1  -2   4  -2  -2  -1  -2  -4  -3  -1    2   0   2   1   0  44   1   2   2   8  17   0  12   2   1   2   1   0   0   2  0.59 0.36
   16 V     3  -3  -3  -4   2  -3  -3  -1  -4   1   0  -3  -1  -2  -3   0   0  -4  -3   4   28   0   0   0   4   0   0   4   0   6   9   0   0   0   0   4   5   0   0  40  0.41 0.25
   17 S     1  -1   0  -2  -2  -1  -1  -1   0  -1  -1   0   0   1  -1   3   0  -2   0  -1   15   2   2   0   0   0   2   3   2   2   6   5   2   9   2  36   3   0   3   3  0.18 0.16
   18 L    -2  -3  -4  -4  -2   0  -3  -4  -3   2   4  -3   2   1  -3  -3   0  -3  -2   2    0   0   0   0   0   5   0   0   0  13  49   0   6   7   0   0   5   0   0  11  0.48 0.22
   19 H    -2   1   0  -1  -4   4   0  -2   2  -1  -1   1   0   2  -3  -1  -1  -3   3  -1    2   8   5   3   0  23   4   2   6   3   4   8   2   9   0   3   4   0  10   5  0.28 0.20
   20 W    -1   1   1  -1  -3  -1  -1  -2   0   0   0  -1  -1   2  -1   1   0   1   2   0    3   9   9   3   0   2   3   3   2   7   7   2   1  10   2  12   6   2   9   7  0.08 0.11
   21 R    -2   2   1   1  -4   1   0   0   2  -3  -3   2  -2   0  -1   2  -1   1   0  -3    2  11   5   6   0   5   7   6   5   1   1  12   1   5   3  19   3   2   3   2  0.24 0.20
   22 G    -2   0   1   1  -5  -1  -2   4   3  -3  -5  -1  -3  -4  -3   2   0   2  -2  -4    2   5   7   8   0   3   1  29   6   2   1   4   1   1   1  18   7   3   1   1  0.50 0.33
   23 R    -1   2   1  -1  -4   0   0   1   1  -2  -2   1  -1  -1  -2   2   0  -1   2  -3    3  13   8   3   0   4   7  13   4   2   3   8   1   3   2  14   4   1   7   2  0.19 0.17
   24 H    -1  -2  -1  -3  -5  -1  -1  -1   8  -2   1  -2   0   3  -1  -2  -2  -1   1  -3    5   2   2   1   0   3   5   4  32   2  13   2   2  12   4   2   2   1   5   2  0.75 0.39
   25 G    -1  -1  -1  -2  -2   0  -1  -1   0   1   0  -1   1   2   0   0   1   1   0   0    3   4   2   2   0   5   2   3   3   8  10   2   4  14   5   9  15   2   2   6  0.08 0.09
   26 C     0  -5  -4  -5  10  -5  -5  -1  -5  -4  -4  -5  -4  -5  -5  -1   0  -5  -5  -3    8   0   0   0  71   0   1   5   0   0   1   0   0   0   0   5   5   0   0   1  2.29 0.61
   27 G     0  -2  -3  -1  -5  -1  -4   6  -4  -5  -5  -4   0   0  -4   0  -1  -5  -4  -2    5   3   0   3   0   3   0  68   0   0   0   0   3   4   0   6   3   0   0   3  1.14 0.42
   28 A     1  -2  -3  -4   1  -4  -4   6   0  -4  -3  -3   0  -5  -4  -1  -3  -5  -4  -2   13   3   0   0   3   0   0  66   3   0   3   0   3   0   0   3   0   0   0   3  1.14 0.41
   29 S     1  -3  -2  -1   2  -2  -2  -2  -3   0  -2  -2  -2   0  -3   3   4  -4  -2   1   14   0   0   3   5   0   0   0   0   6   0   0   0   4   0  22  32   0   0  11  0.39 0.23
   30 L    -3  -4  -4  -5  -3  -3  -4  -5  -4   3   5  -4   1  -1  -4  -2  -2  -3   0   1    0   0   0   0   0   0   0   0   0  15  68   0   3   0   0   3   0   0   3   5  0.81 0.30
   31 I    -2  -2  -4  -4  -2  -3  -4  -4  -4   5   2  -3   0   0  -4  -3  -2  -3   0   2    2   2   0   0   0   0   0   0   0  58  18   0   0   2   0   0   0   0   4  11  0.69 0.27
   32 G     0   0   4   1  -3  -1  -1   0   2  -2  -3  -1  -3  -3  -2   2   1  -4  -1  -3    8   3  27   5   0   2   1   7   7   3   1   3   0   0   0  23   7   0   1   0  0.35 0.20
   33 R    -1   0   0   1  -4   2   3  -1   0  -3  -3   1  -3  -4   4   1   0  -2  -3  -2    5   4   5   9   0   9  19   3   3   0   1   7   0   0  18   9   4   1   0   3  0.38 0.18
   34 D    -2   3   2   1   1   2   2  -2   1  -2  -2   0  -2  -1  -3   0   0   0   0  -2    1  16  10   6   4  13  16   1   2   1   2   5   1   3   0   6   4   1   4   1  0.26 0.16
   35 W    -4  -5  -3  -6  -5  -4  -5  -5   2  -1  -3  -2  -4   2  -5  -4  -2  12   1  -3    1   0   1   0   0   0   0   0   5   3   2   3   0   7   0   1   3  65   4   2  2.56 0.67
   36 L     0  -4  -5  -5  -3  -4  -4  -5  -5   3   0  -4   0  -3  -4  -3  -2  -4  -3   6    6   0   0   0   0   0   0   0   0  15   7   0   2   0   0   0   0   0   0  64  1.05 0.40
   37 L    -2  -4  -4  -5  -3  -4  -4  -5  -4   2   5  -4   2  -2  -4  -4  -3  -3  -3   2    3   0   0   0   0   0   0   1   0   8  67   0   3   0   0   1   0   0   0  14  0.89 0.33
   38 T    -1  -3  -2  -3  -3  -2  -3  -2  -3  -2  -3  -2  -1  -4  -3   2   7  -4  -3  -2    3   0   0   0   0   0   0   1   0   1   1   0   1   0   0  15  72   0   0   2  1.13 0.43
   39 A     6  -3  -3  -3  -2  -3  -3  -2  -3  -2  -3  -2  -3  -4  -1   0   1  -4  -3  -1   77   0   0   0   0   0   0   1   0   2   1   0   0   0   3   3   7   0   0   3  0.97 0.38
   40 A     6  -1  -3  -3  -2  -2  -2   0  -3  -3  -3  -2  -3  -2  -3   0  -1  -4  -3  -2   80   3   0   0   0   1   1   4   0   0   1   1   0   2   0   2   2   0   0   1  0.99 0.39
   41 H    -4  -2  -1  -2  -6  -1  -3  -5  10  -6  -6  -1  -4  -4  -5  -2  -3  -5  -1  -6    0   1   1   2   0   2   0   0  86   0   0   4   0   0   0   3   1   0   0   0  2.51 0.67
   42 C    -1  -6   0  -6  11  -5  -6  -5  -5  -4  -4  -5  -4  -5  -5  -3  -2  -5  -5  -2    4   0   5   0  85   0   0   0   0   0   0   0   0   0   0   0   2   0   0   2  2.79 0.66
   43 V    -1  -3  -2  -2  -1  -2  -3  -3  -2   2   2  -2   0   4  -2  -2  -1  -1   1   3    5   1   1   2   1   1   1   2   1  10  16   1   2  20   2   3   4   1   3  23  0.29 0.15
   44 Y    -1   0   0   1  -1   1   0  -1   1  -1   0   0   0   0  -1   0  -1   0   2  -1    3   6   3  11   1   8   6   5   4   4   8   5   2   5   3   6   3   1  10   6  0.06 0.05
   45 G    -1   0   1   1  -2  -1   0   3  -1  -2  -2   0  -1  -2   1   1   0  -1  -2  -2    3   4   9   8   1   2   6  22   1   2   4   5   2   1   6  14   5   1   1   3  0.18 0.09
   46 K     0   2   1   1  -1   1   0  -1   0  -2  -2   2  -1  -2   0   0   0  -1  -1  -1    6  15   9   9   1   5   5   5   1   3   4  13   1   1   3   7   5   1   2   3  0.13 0.07
   47 N     0   0   1   1  -1   0   0   0   1  -1  -1   0   0   0   0   1   0   0   0  -1    6   6  10   9   1   2   4   6   5   4   8   6   2   3   5  11   4   1   4   4  0.05 0.02
   48 T     0   0   1   0  -2   0   0  -1   0   0  -1   1   0  -1   0   1   1  -2  -1   0    8   4   7   5   1   3   6   3   2   5   6   8   3   2   5  10   9   0   2   9  0.04 0.03
   49 H    -1   0   2   2  -2   0   0  -2   1  -1  -1   1  -1  -2   1   0   0  -2   1  -1    5   4  10  15   1   4   5   2   4   4   8   8   1   1   6   6   5   1   6   5  0.11 0.08
   50 L     1   1  -1  -1  -2  -1  -2  -1  -1   0   0   0   0  -1   4   0   0   1   0   0   10   7   2   3   0   1   2   5   1   6   9   5   2   2  21   6   4   2   3   7  0.21 0.11
   51 Q    -1   1   2   0  -3   1   1  -1   0  -2  -2   2   0  -2   1   2   0  -2  -2  -2    4   8   9   3   0   6   9   3   2   1   3  16   2   1   5  17   5   1   1   3  0.20 0.14
   52 Y    -1   0   2   2  -3   0   0  -1   0  -1  -1   0  -1   0  -2   1   0  -1   1  -1    4   5  14  11   0   4   6   3   3   4   7   5   1   4   2  10   5   1   6   5  0.10 0.11
   53 W    -3  -4  -5  -5  -2  -4  -4  -4  -1   2   1  -2   4   2  -3  -1  -2   8   5   0    1   1   0   1   1   0   1   2   1  12  13   2  10   6   1   4   2  18  17   5  0.88 0.47
   54 S     0   3   0  -2  -4   2   0  -2   0  -2  -2   2  -2  -2  -3   0   3  -1  -1  -2    7  17   3   2   0   8   5   2   2   3   4  15   1   1   1   7  17   1   2   3  0.29 0.26
   55 A     0  -3  -5  -3  -4  -5  -5  -4  -6   4  -1  -5   0  -3  -1  -3  -3  -5  -4   6    7   1   0   2   0   0   0   1   0  18   5   0   2   1   3   2   1   0   0  54  1.10 0.60
   56 V    -2   2  -1  -3  -4   0  -3  -3   0   2   0   0   0   0  -4  -1   1   3   2   2    1  14   2   1   0   4   1   2   3  11   6   6   3   4   0   3   8   4   8  19  0.26 0.24
   57 L     0  -6  -6  -6  -5  -5  -6  -3  -6  -1   5  -6   0   2  -6  -3  -3  -5   1   2    9   0   0   0   0   0   0   3   0   3  54   0   2   8   0   1   1   0   4  15  0.95 0.56
   58 G    -3  -2  -5  -2  -6  -3  -6   7  -6  -7  -7  -3  -6  -3  -3  -3  -3  -6  -6  -4    2   3   0   3   0   1   0  78   0   0   0   2   0   1   2   1   2   0   0   1  1.86 0.92
   59 L     1   0  -2   0  -3  -1   1  -2  -1   1   0   0   1  -2  -3   0   0   0  -2   1   14   4   1   5   0   2  13   1   1   9  10   7   4   1   1   5   6   1   1  10  0.08 0.14
   60 H    -3   0   1  -3  -5  -1  -4  -2   8  -2   0  -4  -2  -1  -3  -1   0   1   3  -2    2   6   6   1   0   3   1   3  34   2  10   1   1   2   2   4   6   2   9   3  0.81 0.50
   61 A    -1   0   4   3  -4  -1  -2  -2   1  -1  -2   1  -2  -2  -3   2   0   0   0  -1    4   5  19  15   0   3   2   2   3   3   3   7   1   2   0  15   4   1   3   4  0.27 0.27
   62 Q    -2   1  -1  -2  -3   1  -1   0  -2   1   2   0   0  -1  -1  -2   0   0  -2   0    2   8   2   1   0   7   3   8   1   9  26   7   2   2   2   2   6   2   1   4  0.11 0.17
   63 S    -1   1   2   0  -4  -1   0  -1   0  -2  -2   1  -1  -1  -2   3   0  -2   0  -2    2   7   9   5   0   2   4   4   2   2   5  10   1   2   2  26   6   1   3   2  0.20 0.25
   64 S    -1   1   1   0  -3   1   0  -1   0  -1  -1   1  -1  -2  -1   1   0  -4  -2   2    3   6   7   5   0   6   4   3   3   2   6   7   1   1   2  14   6   0   1  18  0.09 0.17
   65 M    -2   1   0  -1  -3   1   0  -3   0   0   0   1   0  -1   3  -1   0   1   1  -1    3  10   6   2   0   6   6   1   2   5   9   7   2   3  15   5   5   2   7   4  0.16 0.15
   66 N    -2  -1   3   2  -4   0   3  -2   2  -3  -1  -1  -1  -1  -1   0   0   2  -1  -2    2   3  13  10   0   3  22   3   5   1   5   2   1   3   3   6   5   3   2   3  0.28 0.24
   67 S     0  -1   0   2  -1  -1   3   1  -1  -4  -3   0  -3  -2   1   2  -1  -1   1  -3    7   3   5  10   1   2  17  13   1   0   3   6   1   2   6  13   3   1   5   1  0.23 0.21
   68 Q    -2  -1   0   3  -2   0   1   0   1  -4  -3   0  -2  -3   2   1   2  -1   0  -3    2   3   4  15   1   4  10   6   3   1   2   6   1   1  11  10  15   1   4   1  0.30 0.25
   69 E    -2   0  -1   1  -5   2   4   1   1  -3  -3   1  -2  -2  -1   0  -1  -1  -4  -3    3   4   2   6   0  10  26  12   4   1   2   7   1   2   3   8   4   1   0   2  0.37 0.28
   70 V     0   0  -1  -1  -1   2   0   1  -1   0   0   0   1  -2  -1   0   0   0  -1   1    9   4   1   3   1  13   6  13   2   4   9   5   4   1   3   5   5   1   1  11  0.08 0.09
   71 Q    -2   1  -3  -2  -5   7  -1  -2   0   0  -2   0  -1  -5  -2  -2   1  -2  -4  -1    3   7   1   2   0  42   4   3   2   5   4   6   1   0   2   3   9   1   1   5  0.82 0.52
   72 I    -3   3  -2  -3  -4  -2   0  -5   2   2   1   0   0   0  -2  -2   1   1   0   2    1  17   1   1   0   0   6   0   5  10  11   6   2   4   1   2   8   2   3  18  0.27 0.23
   73 R    -2   2  -1  -3  -3  -1  -3  -5   2   2   1  -2   1   2  -4  -1  -2  -1   2   2    2  14   2   1   0   3   1   0   5  12  12   2   3  10   1   4   1   1   8  16  0.30 0.23
   74 Q    -1   0   1   0  -4   0   1   0   0  -4  -2   1  -2  -3   4   1   0  -3  -2  -2    5   5   6   5   0   4   8   6   2   0   4  10   1   1  22   9   5   0   1   3  0.32 0.24
   75 V    -1  -3  -6  -6  -5  -5  -2  -5  -6   3  -1   1  -1  -5  -3  -2  -1  -6  -2   6    4   1   0   0   0   0   3   0   0  15   4  10   1   0   2   3   3   0   1  51  0.98 0.54
   76 D     1   1   0   1  -5   1   3  -2  -1  -3  -3   2  -4  -5  -4   2   0  -5  -3  -2   13   8   3   7   0   4  23   3   1   2   2  13   0   0   0  13   5   0   1   3  0.39 0.30
   77 R    -1   3  -1   0  -6   2   1  -3  -1  -5  -4   5  -2  -4  -5   0  -1  -2  -5  -4    5  17   2   5   0   8  10   2   1   0   1  34   1   1   0   6   4   1   0   1  0.68 0.43
   78 I    -1  -4  -5  -5  -3  -2  -4  -6  -2   5   0  -3   1   3  -4  -1  -1  -1   2   3    5   0   0   0   0   2   1   0   1  31   7   2   3  10   0   5   3   1   6  21  0.63 0.37
   79 I    -4  -2  -5  -6  -2  -4  -4  -7  -1   6  -1  -1  -2   5  -6  -5  -3  -2   1   2    1   2   0   0   1   1   1   0   2  39   4   4   0  22   0   1   2   0   3  15  1.04 0.51
   80 I    -3  -1  -2  -5   4  -1  -3  -5  -2   3   0  -1   1  -1   3  -2  -1   1   0   2    1   4   2   0  10   3   1   0   1  17  10   4   3   3  14   3   4   2   3  15  0.39 0.28
   81 N    -3  -2   0  -4  -1  -4  -3  -3  10  -5  -2  -5  -6  -3   0  -4  -6  -6   1  -5    3   2   5   1   2   1   2   2  64   1   5   0   0   1   6   1   0   0   4   1  2.24 0.92
   82 K    -4  -3   0  -3   1  -2   3  -4  -1  -7  -7  -1  -3  -7   7   1  -3  -2  -6  -6    1   1   4   2   3   2  16   1   1   0   0   3   1   0  53   9   1   1   0   0  1.46 0.72
   83 N    -2   1   4   2  -1   0  -1   1   1  -5  -3   2  -2  -3  -3   1  -1  -5  -1  -4    2   7  18  12   2   4   3  12   3   0   3  13   1   1   1  12   4   0   2   1  0.35 0.26
   84 Y    -5  -1  -1  -6  -6  -5  -5  -6  -1  -5  -4   1  -3   4  -5  -3  -4   4   8  -4    0   3   3   0   0   0   1   0   1   0   1   8   1  17   1   2   1   4  54   1  1.82 0.78
   85 N    -3   0   5   2  -5   0  -1  -2  -1  -2  -3   1  -2  -4  -2   2  -1   0  -2  -1    1   5  33  12   0   3   4   2   1   2   2   7   1   1   2  13   4   1   1   4  0.59 0.37
   86 R     0   1  -1   0  -1   0   0   0   0  -2  -2   0   1  -1   3   1  -1  -1   1  -1    6   9   3   7   1   3   4   7   2   2   3   5   4   3  14  14   3   1   6   4  0.14 0.14
   87 R     0   1   1   2  -3   0   1  -1   0  -1  -2   0  -1  -1  -1   1   2   1   0  -1    6   9   6  11   0   4   7   4   2   3   2   6   1   3   3   8  13   2   4   6  0.11 0.12
   88 T     0  -1   1   0  -1   0   0  -1  -3  -2  -2   0  -2  -3   0   1   4  -1  -4  -1    7   3   6   5   1   5   6   4   0   2   5   7   1   1   4  12  26   1   0   3  0.25 0.23
   89 K    -2   0  -1  -2  -2  -1  -1  -2   2   0   1   0   2   2  -2  -1  -1   5   2  -1    3   4   3   2   1   2   4   4   7   6  15   6   8   7   1   5   4   8   9   3  0.18 0.14
   90 E    -2   0   1   5  -5   1   1   1   2  -3  -3  -1  -2  -3  -1   0  -2  -2  -2  -2    3   4   7  32   0   5   9  10   4   1   2   3   1   1   3   8   1   1   1   3  0.45 0.26
   91 A    -1  -2   6   0  -5  -2  -2   0   4  -5  -4   1  -2  -1  -3   0  -1   0   3  -4    6   1  35   5   0   1   2   6   9   0   1   8   1   2   1   5   2   1  11   1  0.67 0.35
   92 D    -5  -5  -1   8  -7  -1  -3  -5  -5  -6  -7  -2  -6  -7  -5  -4  -5  -7  -6  -6    0   0   3  88   0   2   0   0   0   0   1   2   0   0   0   0   0   0   0   0  2.55 0.85
   93 I    -4  -5  -6  -6  -5  -5  -6  -6  -6   7   2  -3  -2   0  -6  -5  -4   0  -1   1    0   0   0   0   0   0   0   0   0  63  18   2   0   3   0   0   0   1   2   8  1.47 0.55
   94 A     5  -3  -4  -5  -1  -3  -4   0  -5  -2  -2  -3   6  -5  -4   0  -1  -5  -5  -1   52   1   0   0   1   1   0   6   0   1   2   1  19   0   0   5   3   0   0   4  1.02 0.49
   95 M    -5  -5  -6  -6  -4  -5  -6  -6  -6   3   6  -5   1  -1  -6  -5  -4  -5  -4   0    0   0   0   0   0   0   0   0   0  13  72   0   3   2   0   0   0   0   0   6  1.44 0.55
   96 M    -3  -5  -5  -6  -4  -5  -5  -6  -5   5   4  -5   3  -1  -5  -5  -4  -5  -4   2    2   0   0   0   0   0   0   0   0  30  43   0   6   2   0   0   0   0   0  13  1.06 0.43
   97 H    -4   5  -3  -3  -3   3   2  -5   1  -2  -3   5  -2  -3  -4  -3  -3  -2  -3  -3    0  26   0   1   1  14  11   0   4   2   2  32   1   1   0   0   1   1   1   2  0.90 0.43
   98 L    -4  -6  -6  -7  -5  -6  -6  -7  -6  -1   6  -6   2  -2  -6  -4  -1  -5  -5  -1    1   0   0   0   0   0   0   0   0   3  81   0   4   1   0   1   3   0   0   3  1.61 0.62
   99 Q     1   0   1   2  -4   1   2  -3   0  -4  -3   2  -1  -4   0   2   0  -2  -2  -3   13   5   8  10   0   4  13   1   2   0   2  13   1   0   4  15   6   1   1   1  0.29 0.21
  100 Q    -2   2   1   0  -3   2   1  -1   1  -3  -3   2  -2  -2   0   2   1  -1  -2  -3    2  13   5   3   1   9   9   3   3   1   2  11   1   2   4  20  10   1   1   1  0.28 0.21
  101 P    -1  -1   0  -2   1  -2  -1  -4  -2  -5  -5   2  -2  -6   7   1  -2  -6  -5  -4    4   3   4   2   3   1   4   1   1   0   1  12   1   0  49   9   2   0   0   1  1.18 0.51
  102 V     3  -5  -5  -6  -2  -5  -4  -4  -3   2   1  -5   0  -2  -3  -4  -3   1  -4   5   22   0   0   0   1   0   1   1   1  12  11   0   2   2   1   0   1   2   0  43  0.88 0.45
  103 N    -1   1   3   0  -4   1   0  -2   0  -1  -3   1  -2  -4   0   1   3  -5  -4   0    4   8  14   5   0   7   6   2   2   4   2  10   1   1   5   8  17   0   0   6  0.25 0.21
  104 F    -3  -2   0  -3   1  -2  -2  -4  -1   1   3  -3   0   5  -1  -3  -2  -1   2   0    1   2   5   1   3   1   3   1   1   8  25   1   2  24   4   2   2   1   8   5  0.46 0.27
  105 T    -3  -2   4  -1  -5  -2  -3   1  -4  -4  -6  -3  -5  -4  -1   5   3  -2  -3  -5    1   2  18   3   0   1   1   9   0   1   0   1   0   1   4  38  18   1   1   0  0.85 0.50
  106 E     0   0   2   3  -4   1   1  -1   1  -4  -3   1  -2  -3   2   1   1  -3  -2  -3    6   6   9  15   0   5   9   3   3   0   1   7   1   1   8  12  10   0   1   1  0.28 0.21
  107 W     1   0   2  -2  -4  -1  -2  -1   5  -3  -1   0  -2   1  -3   0   0  -1   3  -2   12   5  10   2   0   2   2   4  15   1   6   5   1   6   1   8   6   1  12   3  0.30 0.23
  108 V    -2  -5  -6  -6  -3  -3  -6  -4  -7   5  -2  -5  -4  -4  -6  -4  -4  -2  -5   6    4   1   0   1   1   1   0   1   0  32   2   1   0   0   0   1   1   1   0  53  1.56 0.69
  109 L     1   3   0  -3  -5   4  -1   0   1  -3  -2   1   0  -3  -4  -1  -1  -2  -3  -1   13  16   4   1   0  23   2   6   3   2   4   9   2   1   0   4   3   1   1   4  0.43 0.33
  110 P    -1  -2  -5  -6  -7  -6  -5  -5  -5  -3  -1  -2  -1  -7   8  -3   1  -7  -2  -1    6   2   0   0   0   0   0   1   0   2   6   2   2   0  62   2   8   0   1   5  1.67 0.81
  111 V     1  -6  -4  -6  -3  -6  -4  -3  -6   6   2  -6  -2  -4  -6  -5  -3  -6  -5   4   14   0   1   0   0   0   1   3   0  36  18   0   1   0   0   0   2   0   0  23  1.03 0.52
  112 C    -1  -2  -2  -2  10  -3  -1  -4  -1  -6  -4  -1  -6  -7   1   2  -3  -7  -7  -4    5   2   2   3  49   2   5   2   1   0   2   3   0   0   8  13   1   0   0   1  1.68 0.75
  113 L    -5  -6  -7  -7  -5  -6  -6  -7  -6   1   6  -3  -1  -2  -5  -6  -4  -2  -5  -1    0   0   0   0   0   0   0   0   0   6  79   2   1   1   1   0   1   1   0   4  1.72 0.75
  114 A     1  -5  -5  -5  -3  -2  -2  -3  -4  -3  -5  -4  -6  -6   8  -3  -4  -7  -4  -4   10   1   1   0   1   2   3   3   1   2   1   1   0   0  70   2   1   0   1   1  2.00 0.88
  115 S     0   0   0   1  -1   0   1  -3  -1  -3  -2  -2  -2  -1   1   3   2  -2  -1  -3    6   6   5   9   2   5  10   2   1   2   5   2   1   3   6  22  11   1   2   2  0.23 0.26
  116 E     2   1   1  -1  -5   1   1  -2   0  -4  -3   1  -2  -2   2   2   0  -1  -1  -3   15   6   6   4   0   5   9   3   2   1   2   9   1   2  11  14   6   1   2   2  0.24 0.26
  117 D    -1   0   2   3   2  -1   2   1  -1  -4  -4  -1  -2  -3   1   1   0  -2  -3  -3    5   5  10  15   4   2  11  11   1   1   2   4   1   1   7  12   5   1   1   2  0.29 0.27
  118 Q     0  -1   0   1  -2   1   1  -3   1  -3  -1  -1  -1   0   2   1   0  -4   2  -2   10   2   5   9   1   7  10   2   4   1   5   2   2   4  10   9   7   0   8   2  0.18 0.21
  119 H     0   1   0   1  -2   0   0  -2   0   0   0   0  -1   0   1   0   1   0  -2   0    6   9   5   8   1   5   4   2   3   5   9   6   2   4   6   4  12   1   1   7  0.06 0.09
  120 F    -2  -1  -1  -3  -5  -4  -4  -5  -4   1   3  -3  -1   3   3  -2  -2  -4   1   2    3   3   3   2   0   0   1   1   0   7  24   2   2  12  14   3   2   0   5  14  0.46 0.33
  121 P     0  -1   0  -1  -2   1   0  -2  -1  -3  -2   1   0  -3   5   1   0  -5  -2  -2    9   3   5   4   1   6   5   3   2   1   4   8   3   1  26  11   6   0   2   2  0.41 0.34
  122 A     2  -2   1   1  -5   0   0  -3  -1  -1  -3  -1  -2   0   4   1   0  -2  -4   1   15   2   6   8   0   3   6   2   1   3   2   3   1   4  18   8   5   1   0  11  0.29 0.28
  123 G    -2  -2   3   0  -6   0  -3   5  -1  -3  -4  -2   0  -2  -2  -3  -2   1   0  -4    2   3  13   5   0   4   2  48   1   2   2   2   2   2   2   2   3   2   3   1  0.87 0.56
  124 R     0   1  -2   0  -5   1   0  -3   0  -2  -2   0   0  -1  -2   1   4   0   1  -2    7   8   2   6   0   7   6   2   2   2   4   4   2   3   2  12  25   1   4   2  0.29 0.31
  125 R    -1   0   1  -1  -1   0   1  -3  -1  -1  -1   1   1   1   1  -1   1   2  -1   1    4   4   7   3   2   4   9   1   1   4   7  10   5   7   6   4  12   3   1   9  0.08 0.13
  126 C    -1  -3  -3  -7  10  -7  -7   1  -7  -2  -3  -7   0  -2  -2  -1  -2  -7  -2   0    6   2   2   0  51   0   0  11   0   2   2   0   2   2   3   5   3   0   2   8  1.80 0.90
  127 F    -3   1  -3  -2  -2  -1  -1  -4   1   0  -1  -2  -1   2  -6  -2   1   7   4   0    2   8   1   2   1   3   4   1   3   6   7   2   1   8   0   3  10  17  12   7  0.57 0.40
  128 I     0  -6  -6  -6  -5  -3  -6  -6  -6   4  -1  -6   0  -2  -4  -4   0  -6  -5   6    8   0   0   0   0   1   0   0   0  22   6   0   2   2   1   1   5   0   0  49  1.23 0.54
  129 A     3  -5  -1  -5  -5  -5  -5  -3  -5  -2  -4  -5   3  -6  -5   4   4  -6  -2  -2   20   0   3   0   0   0   0   2   0   2   2   0   7   0   0  32  26   0   1   3  0.98 0.55
  130 G    -5  -7  -6  -6  -7  -2  -7   8  -7  -7  -7  -6   0  -7  -7  -6  -2  -7  -7  -7    0   0   0   0   0   2   0  88   0   0   0   0   2   0   0   0   3   0   0   0  2.52 0.96
  131 W    -7  -7  -8  -8  -7  -7  -7  -7  -7  -7  -7  -7  -7   2  -8  -7  -7  13   2  -7    1   0   0   0   0   0   0   0   0   0   1   0   0   6   0   0   0  81   7   0  4.36 1.42
  132 G    -2  -6  -1  -5  -6  -5  -5   7  -5  -6  -6  -3  -6  -6  -5  -2  -5  -6  -6  -6    4   1   3   1   0   0   1  82   0   1   1   2   0   0   1   3   1   0   0   1  2.16 0.80
  133 R     0   3   0  -1  -3   1  -2  -3   2  -2  -2   2   0  -1  -2   1   1  -4   2  -1    6  16   4   3   1   6   2   1   4   2   4  12   2   2   1  10  10   0   8   5  0.23 0.20
  134 D    -3  -3   1   0  -5   1  -1  -5  -2   2   1  -3   0  -3  -3  -3   5  -6  -5   0    1   2   6   6   0   6   4   1   1  10  16   1   2   1   2   1  34   0   0   7  0.58 0.37
  135 A     0   0   0  -1   3   2  -1   0   2  -3  -3   1  -1  -1  -3   3   0   0   0  -2    7   4   4   4   5   8   4   7   4   2   3   9   2   3   2  19   6   1   3   3  0.24 0.22
  136 E    -2  -3   1   2  -7  -1   2  -3   0  -3  -3  -2  -1  -1   4   1   1   1   2  -1    3   2   5   9   0   3  14   2   2   2   3   3   2   3  17   9   8   2   6   5  0.35 0.30
  137 G    -2   1   4   0  -1   0  -1   2   0  -2  -4   1  -1  -1  -2   0   1  -8  -2  -3    4   8  20   5   1   5   4  12   2   3   2   8   2   2   3   7   7   0   2   2  0.34 0.28
  138 G    -1  -1  -1   0   0  -2   1   4  -1  -3  -4  -1   0   0  -2  -1   0   2   0   0    5   4   3   6   2   2  10  29   2   2   2   4   2   4   2   4   5   2   3   7  0.36 0.27
  139 S    -2   1   1   0  -5   0   0  -3  -1  -3  -2   1  -1   0   3   0   2  -2   0  -2    3   8   8   6   0   4   7   2   1   1   3   8   1   5  15   7  15   1   3   2  0.27 0.26
  140 L    -2   0  -1  -2  -4  -1  -2  -1   2   0   2  -1   0   1  -2   0   1  -1   3  -1    2   4   3   2   0   3   2   5   5   5  21   4   2   7   2   7   9   1  12   4  0.17 0.19
  141 P     1  -5  -1  -4  -6  -1  -4  -3  -4  -5  -4  -4   0  -7   6   3   0  -7  -5  -3   12   1   3   1   0   3   1   2   0   1   2   1   2   0  42  23   5   0   1   2  1.21 0.71
  142 D    -2   0   3   5  -6  -1   0  -2   0  -4  -4   0  -4  -1   0   1   1  -3  -1  -3    3   5  12  29   0   3   7   3   2   1   2   5   0   2   4   9   8   0   3   1  0.47 0.36
  143 I    -2  -1  -1   0  -3   0   0  -4  -1   1  -1   0   1  -1  -1  -1   2  -3  -3   3    2   3   2   5   0   4   6   1   2   9   6   6   3   2   3   5  14   0   0  26  0.26 0.25
  144 L    -5  -4  -8  -9  -7  -7  -8  -9  -8  -2   6  -4  -1  -6   2  -4  -6  -7  -7  -4    1   1   0   0   0   0   0   0   0   2  80   1   1   0  12   1   0   0   0   1  1.92 0.94
  145 Q    -6   4   0  -6  -8   7  -4  -7   4  -4  -2   2   2  -7  -7  -5  -3  -3  -2  -5    0  19   4   0   0  42   0   0   9   1   4  10   5   0   0   0   2   0   2   1  1.40 0.79
  146 E    -2  -1  -2  -2   7   2   4  -3   0  -4  -4   1  -1  -1  -6  -2  -2  -1   1  -1    3   3   2   2  20  10  25   3   2   1   2   8   2   3   0   3   2   1   5   5  0.72 0.47
  147 A     4  -3  -5  -5  -5  -6  -6  -1  -6   0   1  -3  -1  -5  -6  -3  -1  -7  -6   4   33   2   0   0   0   0   0   5   0   5  14   1   1   0   0   2   4   0   0  32  0.86 0.54
  148 E    -1   1   5   2  -6   2   2  -4   0  -4  -2   1   0  -1  -3  -1  -1  -3  -1  -3    5   8  24  10   0   8  12   1   2   1   3   9   2   2   1   3   4   0   3   2  0.45 0.34
  149 V    -2  -7  -4  -8  -6  -3  -7  -8  -7   4   3  -7   0  -4  -7  -6  -4  -7  -6   5    4   0   1   0   0   1   0   0   0  21  26   0   2   1   0   0   0   0   0  43  1.36 0.68
  150 P    -4   1   3  -1  -6  -1  -1  -6   0  -3  -4   1  -4  -3   6  -1   1  -2  -2  -3    1   7  12   4   0   3   4   0   2   1   1   8   0   1  35   5  10   1   2   2  0.81 0.53
  151 L    -5  -4  -7  -7  -5  -4  -6  -5  -7   5   3  -5  -1  -2  -5  -3  -1  -6  -1   4    0   1   0   0   0   1   0   1   0  31  27   0   1   2   1   2   4   0   2  27  1.08 0.56
  152 V    -1  -3  -3  -6  -5   0  -5  -6  -2   4   3  -3   3  -1  -6  -4  -2  -3   0   4    4   1   1   0   0   5   0   0   1  21  22   2   6   3   0   1   2   0   3  26  0.73 0.43
  153 D    -2  -2   2   5  -4  -3   1  -2  -1  -6  -4  -2  -2  -7   2   3   0  -7  -6  -6    2   2   9  26   0   1   9   4   1   0   2   2   1   0  10  25   6   0   0   0  0.74 0.51
  154 Q    -3   2   4   1  -6   2  -1  -2   3  -2  -2  -2  -2  -3  -1  -1  -1   1   3  -4    1  11  22   9   0   9   4   3   7   2   5   2   1   1   3   4   4   2  10   1  0.47 0.36
  155 D     1  -1   0   2  -4   2   4  -4   0  -5  -4   2  -3  -5  -2   1   1  -3  -4  -3   12   3   4  10   0  10  24   1   2   0   1  11   1   0   2   9   7   0   1   2  0.47 0.36
  156 E     0   0   0   1  -4   1   3  -4  -2  -1  -1   1   0  -3  -4  -2   1  -1  -3   2    6   5   4   6   0   5  18   1   1   3   6  10   3   1   0   2  11   1   1  17  0.27 0.25
  157 C    -7  -9  -8  -9  12  -8  -9  -8  -8  -7  -7  -8  -8  -8  -8  -7  -7  -8  -8  -7    0   0   0   0  97   0   0   0   0   0   0   0   0   0   0   0   0   0   0   0  4.77 1.70
  158 Q     0   2   3   0  -5   2   1  -3   0  -2  -3   2   0  -5  -4   1  -2  -5  -3  -1    7  13  16   4   0  10  10   2   2   2   3  11   2   0   1   9   2   0   1   4  0.37 0.29
  159 R     1   3   0   0  -1   2   0  -2   2  -3  -2   2  -2  -4  -2   1  -1  -2  -3  -3   12  14   5   4   1  11   7   3   5   1   3  13   1   0   1  12   3   1   1   2  0.29 0.25
  160 L     2   1  -2  -1  -3   0  -2  -2   1  -1   0   0   0   0  -1   1  -1   0   1   1   23   8   1   3   0   4   1   2   4   4   9   5   2   4   3   9   4   2   4   9  0.13 0.16
  161 L    -3  -4  -3  -6  -5  -3  -3  -3   4  -3   0  -3   1   3  -5  -1  -3   4   7  -1    2   1   1   0   0   1   2   3   7   1   9   2   3  10   1   5   2   5  41   5  1.16 0.59
  162 P    -2   1   0  -2  -4   0   0   0   3  -3  -3   0  -3  -2   4   0   0   3   3  -2    3   7   4   2   0   4   5   9   6   1   3   7   0   2  18   7   5   4  10   2  0.32 0.25
  163 E    -2   0   3   1  -5   0   1   3   0  -2  -3   1  -2  -4  -2   0  -1   1  -3  -4    2   5  15   8   0   4  10  23   2   3   3   7   1   1   2   8   4   2   1   1  0.36 0.28
  164 Y    -1   1  -1  -1  -3  -1  -2   0   2  -1   0   0   1   2   0   0  -2   2   3   0    4   8   3   4   0   2   1   8   5   3  11   5   4   8   5   7   2   2  10   8  0.09 0.11
  165 T    -1   0   0   0  -3   1  -1  -1  -1  -1  -1   1  -1   0   2   0   2  -3   0   0    5   4   5   5   0   7   3   5   1   4   6  11   1   4  11   7  12   0   4   7  0.12 0.13
  166 F     0  -1  -3  -3  -1  -3  -3  -5  -2   5  -1  -3  -3   0  -2  -3  -3  -5   0   4    7   4   2   2   2   1   1   1   1  34   5   1   0   3   3   2   1   0   3  26  0.73 0.43
  167 T    -3   1  -1  -2  -5   1  -1  -3   0  -3  -2   1  -3  -3   0   0   5  -2  -2  -3    1   7   3   2   0   5   4   2   3   2   4   9   1   1   5   7  41   1   2   2  0.66 0.48
  168 S    -2  -2   2   4  -6   0   2  -3  -2  -5  -5   1  -4  -5   2   2   0  -6  -2  -5    3   2   9  21   0   3  13   2   1   1   1   7   0   0  11  17   5   0   2   1  0.56 0.41
  169 S    -1   2   1   0  -3   0   1  -1   0  -1  -1   0  -1  -1   1   0   1  -3  -1   1    2  16   8   4   0   2   9   5   2   2   5   3   1   2   7   6  11   0   2  12  0.13 0.14
  170 M    -2  -3  -1  -1   1   0   1   1   0   0   0  -1   6  -1  -3  -1   1  -3  -1   1    0   0   3   2   3   3   9  10   2   3   5   2  27   2   0   2  12   0   2  10  0.30 0.26
  171 L    -2  -3   1  -3   4  -1  -2  -4   2   2   2  -3   2   1  -3  -1  -1   2   0   1    1   0   7   0  12   3   3   0   7  11  23   0   7   6   0   3   3   3   2   8  0.27 0.19
  172 C    -3  -5  -4  -5  10  -5  -5   0  -5   1   0  -5  -3  -4  -5  -3   0  -4  -4   0    1   0   0   0  60   0   1   7   0   8   7   0   0   0   0   1   6   0   0   7  1.77 0.58
  173 A     4  -3  -3  -3   5  -2  -1  -1  -3   0  -1  -3   0  -1  -3   1   0  -4  -3   1   40   0   0   1  15   0   4   3   0   5   3   1   2   3   0   8   5   0   0   8  0.47 0.27
  174 G    -1  -3  -4  -4  -5  -3  -3   7   0  -3  -4  -2  -5  -3  -5  -1  -1  -5  -3  -5    4   2   0   1   0   1   2  68   2   2   2   2   0   1   1   5   4   0   1   1  1.38 0.60
  175 Y    -1  -2   0   2  -3  -2  -1  -2   2   1  -1  -2   0   1  -2   0   1   1   3   0    5   1   4  14   0   1   4   3   5  10   6   1   2   7   1   6   8   2  11   8  0.14 0.13
  176 P    -2  -1  -2  -1  -3  -1   0  -1  -2  -1   1  -1   2  -1   3   0   1   0  -1   0    2   3   1   2   0   3   6   6   1   3  18   4   5   3  15   6  11   1   2   7  0.18 0.16
  177 E     1   0   0   2  -2   1   2  -1   1  -3  -3   2  -2  -3  -1   1   0  -4  -2  -2   10   5   5  11   1   7  16   4   3   1   2  13   1   1   3  10   5   0   1   2  0.26 0.21
  178 G    -1   1   0  -1  -2  -1   0   5   0  -3  -3   1  -2  -3  -3  -1  -1   2  -1  -2    5   7   5   2   1   2   7  40   2   2   2   7   1   1   1   3   3   3   3   3  0.50 0.31
  179 G    -1   1  -1   0  -5   1  -1   5  -2  -2  -3   0   0  -1   0  -1  -1  -5  -2  -1    3   9   2   4   0   6   3  38   1   2   2   7   3   3   6   3   4   0   1   4  0.46 0.30
  180 V    -1   2  -2  -1   0   1   1  -1  -1   1  -3   4  -2  -3  -2   0   0  -3  -2   0    5  13   1   3   2   6   7   6   1   8   1  27   0   1   1   6   5   0   1   6  0.30 0.25
  181 D    -2  -1   1   6  -3  -3  -2   2  -5  -6  -3  -4  -6  -6  -5   1  -1  -6  -4  -6    4   4   5  50   1   1   1  13   0   0   3   0   0   0   0  12   3   0   1   0  1.13 0.58
  182 S     4  -4  -3  -5  -4  -2  -4  -3  -5   1  -3  -3  -4  -1   1   3   3  -6  -5   1   30   1   1   0   0   1   0   2   0   8   1   1   0   3   6  19  19   0   0   8  0.62 0.43
  183 C    -6  -8  -7  -8  11  -8  -8  -4  -1  -6  -4  -8  -6   1  -8  -4  -6  -7   0  -3    0   0   0   0  80   0   0   2   1   0   2   0   0   6   0   2   0   0   3   2  3.50 1.22
  184 Q    -3   0   2  -2  -5   5   1  -2   0  -5  -2   3   2   0   0  -1  -2  -3   0  -3    1   4  11   1   0  28   7   3   2   0   5  15   5   4   4   4   1   0   4   2  0.52 0.38
  185 G    -2  -4  -3  -2  -4  -3   0   7  -3  -6  -6  -5  -3  -4  -5  -2  -5  -6  -4  -5    3   1   1   2   0   1   7  76   1   0   0   0   1   1   0   3   0   0   1   1  1.70 0.67
  186 D    -4  -5  -2   8  -6  -4   0  -5  -5  -3  -4  -5  -6  -6  -5  -4  -4  -7  -6  -1    1   0   1  79   0   0   5   0   0   2   3   0   0   0   0   0   1   0   0   5  2.11 0.80
  187 S    -1  -2  -2  -4  -5  -4  -3  -3  -5  -6  -6  -4  -5  -6  -1   7   1  -6  -1  -5    5   3   1   0   0   0   2   1   0   0   0   0   0   0   3  74   6   0   2   0  1.55 0.73
  188 G    -2  -7  -5  -6  -7  -6  -7   8  -7  -7  -8  -6  -7  -7  -7  -5  -6  -7  -7  -3    3   0   0   0   0   0   0  93   0   0   0   0   0   0   0   0   0   0   0   3  2.54 0.91
  189 G     0  -6  -3  -5  -6  -5  -2   7  -6  -7  -7  -5  -6  -7  -6   2  -2  -6  -6  -6    6   0   1   0   0   0   3  73   0   0   0   0   0   0   0  13   2   0   0   0  1.73 0.69
  190 P    -1  -5  -6  -6  -7  -6  -6  -4  -7  -6  -7  -6  -6  -7   8  -3  -2  -8  -7   0    5   1   0   0   0   0   0   1   0   0   0   0   0   0  80   2   3   0   0   7  2.50 0.94
  191 L    -1  -5  -6  -6  -5  -5  -6  -4   0  -2   5  -6   3   1  -6  -4  -4  -5  -2   1    5   0   0   0   0   0   0   2   3   1  64   0   7   6   0   1   0   0   1  10  1.15 0.53
  192 M     0  -3  -2  -5  -4  -4  -5  -5  -2   3   0  -5   3   0  -2  -3  -1  -5  -2   5    8   2   2   0   0   0   0   0   1  18   5   0   7   3   2   2   4   0   1  43  0.76 0.39
  193 C    -1   0  -3  -5  10  -4  -5  -5  -3   0  -2  -4  -2  -3  -4  -3   0  -2  -3   0    4   5   1   0  59   1   1   1   1   5   4   1   1   1   1   2   5   1   1   6  1.95 0.67
  194 L     0   1   0   0  -2   2   2   0   1  -1  -1   1  -1   0   0   1   0   1   0  -1    7   6   4   4   1  10  13   6   5   3   5   8   2   4   4   9   3   2   3   3  0.09 0.07
  195 E    -1   0   1   2  -2   0   1  -1   1  -1  -1   0   0   0   0   0   0  -1   0   0    3   6   7  13   1   3   8   4   4   3   5   7   3   4   5   5   6   1   4   9  0.06 0.04
  196 D    -1   1   2   2  -2   0   1  -1   1  -1  -2   2  -2  -2   0   0  -1  -2  -1  -1    4   9  13  12   1   4   9   4   4   3   3  12   1   2   5   4   3   0   2   4  0.18 0.10
  197 A     0  -1   1   2   0  -1  -1   3   0  -2  -1   0  -2  -2   0   0  -1  -2  -1  -2    6   3   7  15   3   2   3  23   2   2   8   5   1   2   4   6   2   0   3   2  0.20 0.12
  198 R    -2   2   4   0   0   1  -1  -1   0  -2  -2   1  -1  -3  -2   0   2  -4  -2  -1    3  13  19   5   2   5   3   4   2   2   4   8   1   1   1   6  16   0   1   4  0.27 0.20
  199 W    -3  -2  -1  -4  -5  -4  -4   4  -1  -4  -3  -3  -1   1  -4  -3  -3  10   1  -4    2   2   3   1   0   0   1  33   2   1   2   1   2   5   1   2   2  34   5   2  1.52 0.57
  200 T    -2  -1  -3  -4  -4   2  -1  -4   0   2  -1  -1   1   2  -3  -3   0  -1   3   3    1   2   0   1   0  13   3   0   3  13   5   4   3  10   1   1   7   1  11  21  0.36 0.25
  201 L     0  -4  -5  -5  -4   2  -2  -5  -5   1   4  -4  -1   1  -5  -4  -3  -4  -2   2    9   0   0   0   0  10   3   0   0   5  47   0   0   6   0   0   1   0   1  16  0.71 0.39
  202 I     1   0  -4  -4  -3   4  -2  -4   3   1  -2  -3   1  -2  -4  -2   1  -5   0   3   11   4   0   0   1  22   2   1   8   6   2   0   3   1   0   2   9   0   4  24  0.48 0.35
  203 G    -3  -4  -5  -5  -6  -6  -6   8  -6  -7  -7  -6  -6  -7  -6  -5  -6  -6  -7  -7    2   1   0   0   0   0   0  94   0   0   0   0   0   0   0   0   0   0   0   0  2.56 0.89
  204 V    -4  -6  -6  -4  -4  -5  -6  -6   0   6   1  -5  -1  -4  -6  -5  -2  -6  -4   4    1   0   0   1   0   0   0   0   2  48  11   0   1   0   0   0   2   0   0  31  1.33 0.54
  205 T    -1  -4  -4  -3  -2  -2  -4  -4  -5   2   1  -4  -1   0  -4  -3   2  -5  -4   5    5   0   1   1   1   2   0   1   0   9  12   0   1   4   0   1  15   0   0  46  0.77 0.40
  206 S    -1  -4   0  -4  -4  -4  -4  -4  -4  -2  -5  -4  -4  -3  -4   7  -1   0  -2  -3    3   1   4   1   0   0   1   1   0   2   1   1   0   1   1  77   2   1   1   2  1.58 0.69
  207 F    -4  -4  -3  -6  -5  -4  -5  -3  -2  -4  -4  -5  -1   5  -1  -4  -5  11   3  -5    2   1   1   1   0   1   1   3   1   1   1   1   1  18   3   1   1  52   9   1  2.42 0.80
  208 G     0  -4   0  -2  -5  -5  -2   7  -5  -4  -6  -5  -5  -6  -5   0  -4  -6  -6  -2    7   1   5   2   0   0   2  70   0   1   1   0   0   0   0   6   1   0   0   3  1.48 0.60
  209 V    -1   1  -1   1  -4  -1   1  -2   3   0   0   0  -1   0   0   1  -2  -3   2  -1    3   9   2   9   0   2  11   1   9   6   8   6   1   3   4  11   1   0  10   4  0.15 0.15
  210 G    -2  -2   1   1  -5  -2  -1   5  -4  -4  -5  -1  -4  -4   3   0  -2  -1  -5  -1    3   2   6   7   0   1   4  39   0   1   1   4   0   1  17   7   3   1   0   5  0.67 0.36
  211 C    -5  -5  -2  -1  11  -6  -6  -6  -1  -5  -5  -4  -5  -5  -6  -4  -4  -6  -2  -4    1   1   2   3  81   0   0   1   2   0   1   1   0   1   0   1   1   0   2   1  3.29 1.02
  212 G     4  -3   0  -3   3  -3  -3   4  -4  -4  -4  -2  -4  -3  -4  -1  -2  -5  -3  -2   41   1   4   1   5   1   1  30   0   0   1   3   0   1   0   3   2   0   1   3  0.82 0.42
  213 R    -2   3   0   0  -3   3   0  -3   0  -1   0   2   2  -2  -3   0  -1  -3   0  -1    2  17   3   5   0  14   6   1   3   3  10  11   5   1   0   6   3   0   3   4  0.22 0.19
  214 P     1   1  -3  -2  -4  -2  -2   0  -2  -2  -3   1  -4  -3   5   1   0  -5  -3  -1   10   9   1   2   0   1   2   7   1   3   3   8   0   1  33  10   5   0   1   4  0.60 0.33
  215 E    -1   2   3   1  -2   0   0   2   2  -2  -1   0  -3  -2  -1  -1  -1  -1  -1  -3    5  10  16   6   1   3   6  18   5   2   8   5   0   2   3   3   4   1   2   1  0.21 0.16
  216 R    -1   1  -1   0  -4   0   0  -3   0  -3  -1   3   0   1  -2  -1   0   2   3  -2    4   8   3   6   0   2   4   1   2   1   6  23   3   6   1   4   7   2  12   3  0.24 0.20
  217 P    -5  -6  -3  -6  -7  -6  -6  -6  -6  -5  -5  -5  -6  -3   8  -2  -5  -6   3   0    0   0   1   0   0   0   0   0   0   1   1   0   0   1  74   3   0   0   9   8  2.33 0.91
  218 G     1  -3  -2   0  -5  -4  -4   6  -5  -4  -5  -5  -5  -5  -1   1  -1  -6  -6  -3   13   1   1   5   0   0   0  57   0   1   1   0   0   0   3   9   4   0   0   2  1.12 0.54
  219 A    -1  -6  -6  -7  -5  -6  -6  -2  -3   4   0  -6  -2   1  -5  -5  -4  -1  -4   6    4   0   0   0   0   0   0   4   1  20   9   0   1   5   1   0   0   1   0  55  1.21 0.56
  220 Y    -4  -7  -3  -7  -3  -6  -7  -7  -2  -6  -3  -7  -3   5  -7  -6  -6  -3   9  -6    1   0   2   0   1   0   0   0   1   0   2   0   1  23   0   0   0   0  68   0  2.64 0.97
  221 A     1  -6  -5  -6  -4  -5  -5  -4  -6  -2  -4  -5  -1  -6  -4   0   7  -7  -6  -1   13   0   0   0   0   0   0   1   0   3   2   0   1   0   0   5  69   0   0   5  1.64 0.77
  222 R    -2   6   2   0  -6   0  -3  -5  -2  -6  -4   5  -5  -5  -3  -1  -4  -1  -4  -5    3  36   9   5   0   3   1   0   1   0   2  31   0   0   2   5   0   1   1   0  1.06 0.53
  223 V    -4  -7  -7  -5  -5  -6  -7  -6  -7   3   0  -6  -1  -5  -4  -6  -1  -7  -5   7    1   0   0   1   0   0   0   1   0  12   6   0   1   0   1   0   4   0   0  74  1.75 0.73
  224 S     2  -3  -3  -3   2  -1  -3  -2  -3  -1  -2  -2  -1   3  -1   4   2  -1   1  -2   15   1   1   1   4   3   1   2   0   3   3   1   1  13   3  31  11   1   4   3  0.42 0.33
  225 A     0   1   1   2  -4  -1  -1  -3   3  -3  -2   1  -3  -2   0   2  -1  -3   2  -1    9   9   8  13   0   1   3   0   7   1   3  11   0   1   4  15   2   0   8   4  0.26 0.23
  226 F    -7  -7  -5  -6  -7  -6  -7  -8   3  -3  -1  -7  -3   6  -8  -6  -6  -3   8  -1    0   0   1   0   0   0   0   0   7   1   6   0   1  28   0   0   0   0  53   4  2.14 0.84
  227 T    -1   2  -1  -3  -4  -1  -3  -4  -1   2   2   0   1  -2  -3   0   1  -4  -2   2    3  11   3   1   0   3   1   0   2   9  23   5   3   1   0   7  10   0   1  17  0.26 0.22
  228 S    -2  -3   2   5  -6  -2   0  -3  -1  -5  -4   0  -2  -5   3   2  -1  -7  -6  -5    3   1   9  33   0   1   5   2   2   0   2   7   1   0  17  15   3   0   0   0  0.77 0.44
  229 W    -7  -9 -10  -7  -9  -8  -9  -9  -9  -9  -6  -9  -3  -2 -10  -9  -9  13  -3  -9    0   0   0   0   0   0   0   0   0   0   0   0   1   2   0   0   0  96   0   0  5.17 1.59
  230 I    -6  -8  -8  -8  -6  -8  -8  -9  -8   8  -1  -7  -1  -1  -8  -7  -5  -7  -6   1    0   0   0   0   0   0   0   0   0  84   5   0   1   2   0   0   0   0   0   7  2.37 0.86
  231 A    -2   2   1   0  -4   4   2  -4   3  -3  -3   3  -2  -4  -4  -1  -2   1  -2  -3    3   9   6   4   0  21  14   0   7   1   3  18   1   0   0   3   2   2   1   2  0.52 0.34
  232 E    -2   2   2   2  -6   2   3  -3  -4  -6  -6   3  -3  -7  -5   3  -1  -4  -6  -6    2   9   8  10   0   8  16   2   0   0   0  19   1   0   0  22   3   0   0   0  0.69 0.45
  233 T    -3  -4   3  -5  -5  -2  -4  -5   3   4  -3   1  -3  -5  -6  -2   4  -7  -4   3    2   0  13   0   0   2   1   0   6  22   1   8   0   0   0   1  26   0   0  18  0.77 0.48
  234 R    -3  -2  -7  -7  -6  -6  -7  -7  -7   6   1  -5   8  -5  -7  -5   2  -3  -6  -1    2   3   0   0   0   0   0   0   0  36   9   0  34   0   0   0  13   0   0   2  1.59 0.72
  235 R    -5   5  -4  -5  -7   5  -3  -6  -4  -7  -6   6  -5  -7  -5  -4  -5  -7  -6  -6    0  35   0   0   0  22   0   0   0   0   0  43   0   0   0   0   0   0   0   0  1.72 0.69

                      K         Lambda
Standard Ungapped    0.1365     0.3213
Standard Gapped      0.0583     0.2670
PSI Ungapped         0.1904     0.3176
PSI Gapped           0.0583     0.2670
