
Last position-specific scoring matrix computed, weighted observed percentages rounded down, information per position, and relative weight of gapless real matches to pseudocounts
           A  R  N  D  C  Q  E  G  H  I  L  K  M  F  P  S  T  W  Y  V   A   R   N   D   C   Q   E   G   H   I   L   K   M   F   P   S   T   W   Y   V
    1 T    2 -1  1 -1 -1 -1 -1 -1 -1 -1 -2 -1 -1 -2 -1  2  4 -3 -2 -1   21   0  10   0   0   0   0   0   0   0   0   0   0   0   0  17  51   0   0   0  0.31 0.00
    2 R   -2  6 -1 -2 -4  1  0 -3  0 -3 -3  2 -2 -3 -2 -1 -1 -3 -2 -3    0  94   0   0   0   0   0   0   0   0   0   6   0   0   0   0   0   0   0   0  0.83 0.04
    3 K   -1  1 -1 -1 -3  0  0  2 -1 -2 -3  4 -2 -3 -2  0  0 -3 -2 -1    0   3   0   0   0   0   0  23   0   0   0  59   0   0   0   5   4   0   0   7  0.35 0.04
    4 E   -2  2  0  3 -4  1  5 -3 -1 -4 -4  0 -3 -4 -2 -1 -2 -4 -3 -3    0  18   0  21   0   0  62   0   0   0   0   0   0   0   0   0   0   0   0   0  0.73 0.09
    5 S    0 -1  2 -1 -2 -1  0 -1 -1 -3 -3 -1 -2 -3 -2  4  3 -4 -2 -2    0   0  10   0   0   0   4   0   0   0   0   0   0   0   0  62  25   0   0   0  0.53 0.11
    6 Y   -3 -3 -4 -4 -4 -3 -3 -4  0 -2 -2 -3 -2  5 -4 -3 -3  5  8 -2    0   0   0   0   0   0   0   0   0   0   0   0   0  24   0   0   0   9  67   0  1.34 0.19
    7 S    1  1  1 -1 -2  0 -1  2 -1 -3 -3  2 -2 -3 -2  3  1 -3 -3 -2   12   8   8   0   0   0   0  14   0   0   0  14   0   0   0  39   4   0   0   0  0.34 0.09
    8 I   -1 -1 -2 -3 -2 -2 -2 -3 -3  3  1 -2  0 -1  2  1  1 -3 -2  2    0   3   0   0   0   0   0   0   0  30  13   0   0   0  13  18   8   0   0  15  0.24 0.07
    9 Y    0 -3 -3 -4 -3 -2 -3 -4  0 -3 -2 -3 -2  2 -4  0 -2  1  8 -2    9   0   0   0   0   0   0   0   0   0   0   0   0   0   0  10   0   0  82   0  1.27 0.22
   10 I   -2 -4 -4 -4 -2 -4 -4 -5 -4  6  1 -4  0  1 -4 -3 -1 -3 -2  3    0   0   0   0   0   0   0   0   0  72   0   0   0   7   0   0   0   0   0  21  0.73 0.15
   11 Y   -2  1  2 -2 -3  1 -1 -3  1 -3 -2  2 -2  2 -1  0 -1  0  5 -2    0   8  12   0   0  10   0   0   3   0   0  15   0   8   3   8   0   0  32   0  0.36 0.10
   12 K   -2  5 -1 -2 -4  0  0 -3 -1 -4 -3  5 -2 -4 -2 -1 -2 -4 -3 -3    0  46   0   0   0   0   0   0   0   0   0  54   0   0   0   0   0   0   0   0  0.94 0.17
   13 V   -1 -3 -3 -4 -2 -3 -3 -4 -4  2  2 -3  0 -1 -3  0 -1 -3 -2  4    0   0   0   0   0   0   0   0   0   9  20   0   0   0   0   8   0   0   0  64  0.49 0.12
   14 L   -2 -3 -3 -4  3 -3 -3 -4 -3  1  4 -3  2 -1 -3 -1 -2 -3 -2  0    0   0   0   0  10   0   0   0   0   7  72   0   4   0   0   9   0   0   0   0  0.53 0.12
   15 K   -2  2 -1 -2 -4  0  0 -3 -2 -2 -3  6 -2 -4 -2 -1  0 -4 -3  0    0   9   0   0   0   0   0   0   0   0   0  77   0   0   0   0   5   0   0  10  0.72 0.17
   16 Q   -1  1 -1 -1 -4  6  3 -3  0 -3 -3  0 -2  1 -2  0 -1 -3 -1 -3    4   5   0   0   0  55  17   0   1   0   0   0   0  10   0   8   0   0   0   0  0.61 0.15
   17 V   -1 -3 -4 -4 -2 -3 -4 -4 -4  3  1 -3  0 -1 -3 -3  0 -4 -2  5    0   0   0   0   0   0   0   0   0  20  10   0   0   0   0   0   2   0   0  68  0.62 0.14
   18 H   -2  0  2 -1 -3  0 -1 -2  7 -3 -3  1 -2  0 -3  0 -1 -3  0 -1    0   5  15   2   0   0   0   0  45   0   0  10   0   4   0   9   3   0   0   8  0.53 0.13
   19 P   -2 -3 -1 -2 -4  1 -2 -3 -3 -4 -4 -2 -4 -5  8 -1 -2 -5 -4 -4    0   0   4   0   0   7   0   0   0   0   0   0   0   0  85   4   0   0   0   0  2.00 0.22
   20 D   -1 -2  1  5 -4  1  2  0  2 -4 -4 -1 -3 -4  0 -1 -2 -4 -3 -3    7   0   6  50   0   4  16   7   8   0   0   0   0   0   3   0   0   0   0   0  0.61 0.11
   21 T   -1  0  1 -2  2 -1 -2 -2 -2  1  1  0  2 -2 -2  1  3 -3 -2  0    0   4   9   0   7   0   0   0   0   9  14   4  10   0   0  10  33   0   0   2  0.19 0.08
   22 G   -1  0  2  1 -3 -2 -2  5 -2 -4 -4 -1 -3 -4 -3  1 -1 -4 -3 -4    0   7  12  10   0   0   0  57   0   0   0   0   0   0   0  15   0   0   0   0  0.70 0.12
   23 I   -2 -4 -4 -4 -2 -4 -4 -5 -4  6  1 -4  3 -1 -4 -3 -2 -3 -2  2    0   0   0   0   0   0   0   0   0  82   7   0   8   0   0   0   0   0   0   3  0.81 0.17
   24 S    0 -2  0 -1 -2  1 -1 -2 -2 -3 -3 -1 -2 -3 -2  5  2  3 -2 -2    0   0   0   0   0   7   0   0   0   0   0   0   0   0   0  73  16   5   0   0  0.67 0.17
   25 S    0  0  2 -1  1  0 -1  1 -1 -2 -2  0 -2 -3 -2  3  0 -3 -2 -1    0   4  14   0   5   4   0   9   0   0   4   4   0   0   0  47   2   0   0   7  0.28 0.10
   26 K   -2  4  1 -1 -4  1  1 -2 -1 -3 -3  4 -2 -3  0 -1  1 -3  0 -3    0  24   9   0   0   1   7   0   0   0   0  42   0   0   4   0  10   0   4   0  0.46 0.10
   27 A    3 -2 -1 -2 -2 -1 -1  2 -2 -3 -3 -1 -2 -3 -2  3  2 -3 -3 -2   42   0   0   0   0   0   0  14   0   0   0   0   0   0   0  31  12   0   0   0  0.45 0.11
   28 M   -2 -3 -4 -4 -2 -2 -3 -4 -3  3  1 -3  7 -1 -4 -3 -2 -3 -2  2    0   0   0   0   0   0   0   0   0  27   0   0  56   0   0   0   0   0   0  17  0.78 0.18
   29 S    0 -1  0  1 -2  2  0  1 -1 -2 -2  1 -2 -3 -2  3  0 -3 -2 -2    3   1   2   8   0  15   0  11   0   1   5   8   0   0   0  42   4   0   0   0  0.29 0.09
   30 I   -2 -4 -4 -4 -2 -3 -4 -5 -3  5  0 -3  0 -1 -4 -3 -1 -3  2  3    0   0   0   0   0   0   0   0   0  61   0   0   0   0   0   0   0   0  10  29  0.64 0.14
   31 M   -2 -3 -4 -4 -2 -2 -3 -4 -3  2  3 -3  7 -1 -4 -3 -2 -3 -2  2    0   0   0   0   0   0   0   0   0   7  30   0  52   0   0   0   0   0   0  11  0.73 0.17
   32 N   -2 -2  7  2  3 -1 -1 -2 -1 -4 -4 -1 -3 -4 -3  0  1 -5 -3 -4    0   0  74  10   9   0   0   0   0   0   0   0   0   0   0   0   7   0   0   0  1.02 0.20
   33 S    0 -2  3 -1 -2 -1 -1  1 -2 -1 -3 -1  0 -3 -2  4  1 -4 -3 -2    0   0  15   0   0   0   0   9   0   4   0   0   3   0   0  64   5   0   0   0  0.52 0.15
   34 F   -3 -4 -4 -5 -3 -4 -4 -4 -2  1  1 -4  2  7 -4 -3 -3  0  2 -1    0   0   0   0   0   0   0   0   0  11  14   0   7  64   0   0   0   0   4   0  0.86 0.16
   35 V   -1 -3 -3 -4 -2 -3 -3 -4 -4  4  1 -3  1 -1 -3  0 -1 -3 -2  4    0   0   0   0   0   0   0   0   0  31  10   0   3   0   0   9   0   0   0  47  0.46 0.12
   36 T    0  1  5 -1 -3  0 -1 -1  3 -3 -3 -1 -2 -2 -3  0 -1 -3  2 -1    9  11  49   0   0   1   0   3   8   0   0   0   0   0   0   2   1   0   9   6  0.46 0.13
   37 D   -3 -3  0  7 -5 -1  0 -3  2 -5 -5 -2 -4 -5 -3 -1 -2 -6 -4 -5    0   0   0  94   0   0   0   0   6   0   0   0   0   0   0   0   0   0   0   0  1.50 0.23
   38 I   -2 -3  0 -3 -2 -2 -3 -4 -3  4  1 -3  4  2 -3 -2  0 -3 -1  2    0   0   6   0   0   0   0   0   0  44   3   0  17   9   0   2   7   0   0  12  0.35 0.11
   39 F   -2 -3 -3 -4 -3 -3 -3 -4 -2 -1  0 -3  1  7 -4  0  0 -1  1  0    0   0   0   0   0   0   0   0   0   0   5   0   4  66   0   9   7   0   0   9  0.74 0.16
   40 E   -2 -1  2  3 -4  2  5 -3 -1 -1 -3  0 -3 -4 -2 -1 -2 -4 -3 -3    0   0   9  17   0   6  61   0   0   7   0   0   0   0   0   0   0   0   0   0  0.74 0.15
   41 R    0  6  1 -2 -3  0 -1 -2 -1 -3 -3  2 -2 -4 -3  0  1 -4 -3 -3    9  59   6   0   0   0   0   0   0   0   0  10   0   0   0   7   9   0   0   0  0.65 0.14
   42 I   -2 -4 -4 -4 -2 -4 -4 -5 -4  6  1 -4  0 -1 -4 -3 -2 -4 -2  3    0   0   0   0   0   0   0   0   0  78   8   0   0   0   0   0   0   0   0  14  0.81 0.17
   43 A    5 -2 -3 -3 -1 -2 -2 -1 -3  0 -2 -2  2 -3 -2  1 -1 -4 -3 -1   80   0   0   0   0   0   0   0   0   9   0   0   7   0   0   5   0   0   0   0  0.62 0.17
   44 S    0 -1  1  1  1  0 -1  1 -2 -1 -1  0  1 -2 -2  0  2 -3 -2  0    5   2   7   9   3   6   0  11   0   0   3   6   9   0   0   4  25   0   0  11  0.11 0.05
   45 E   -2 -1 -1  1 -5  1  6 -3 -1 -4 -1  0 -3 -4 -2 -1 -2 -4 -3 -3    0   0   0   5   0   0  86   0   0   0   9   0   0   0   0   0   0   0   0   0  1.03 0.21
   46 A    5 -2 -2 -2 -1 -2 -2 -1 -3 -3 -3 -2 -2 -3 -2  2 -1 -4 -3 -1   82   0   0   0   0   0   0   0   0   0   0   0   0   0   0  18   0   0   0   0  0.76 0.18
   47 S    1 -2 -1 -2  3 -2 -2  2 -2  0 -2 -2 -2  0 -2  3  0 -3 -2 -1   13   0   0   0   9   0   0  16   0   9   0   0   0   7   0  46   0   0   0   0  0.33 0.11
   48 R   -1  4  1 -1 -3  1  1 -1  4 -1 -3  2 -2 -3 -2  0  0 -3 -1 -2    0  28   5   0   0   7   9   3  16   6   0  15   0   0   0   9   3   0   0   0  0.34 0.08
   49 L   -2 -3 -3 -4 -2 -1 -3 -4 -3  1  5 -3  1 -1 -3  0 -2 -3 -2  0    0   0   0   0   0   4   0   0   0   4  79   0   0   0   0   9   0   0   0   3  0.57 0.14
   50 A    3 -2 -2 -2  0 -2 -2 -1 -2 -1 -1 -2  2 -2 -2  2  1 -3 -2  2   47   0   0   0   2   0   0   0   0   0   0   0   9   0   0  15  10   0   0  18  0.32 0.11
   51 H   -1  4 -1 -1 -3  3  0 -2  3 -3 -2  2 -2  0 -2  0 -1 -2  1 -3    3  35   0   3   0  16   0   2   9   0   2  13   0   4   0   5   3   0   5   0  0.38 0.09
   52 Y    0 -2  0 -3 -3 -2 -2 -3  0 -2  0  1 -1  1 -3  1 -1  0  6 -1    7   0   5   0   0   0   0   0   0   0  11  12   0   2   0  12   0   0  49   3  0.48 0.13
   53 S   -1  1  4 -1 -3 -1 -1 -2  4 -2 -3  0 -2 -2 -2  1  1 -3  1  0    0   9  37   0   0   0   0   0  13   0   0   3   0   0   0  15  10   0   5   9  0.37 0.11
   54 K   -2  2  1 -1 -4  1  0  0  0 -4 -4  5 -2 -4 -2 -1 -2 -4 -3 -3    0   8   7   0   0   5   0   9   2   0   0  70   0   0   0   0   0   0   0   0  0.70 0.16
   55 R   -2  5 -1 -2 -4  0  0 -3  3 -4 -3  5 -2 -4 -2 -1 -2 -4 -2 -4    0  36   0   0   0   0   0   0   9   0   0  55   0   0   0   0   0   0   0   0  0.84 0.17
   56 S    0  2  0 -2  3  2  0 -2  0 -2 -2  2 -2 -3  1  2 -1 -3 -2 -2    2  17   2   0   9  14   0   0   1   0   4  15   0   0   7  26   0   0   0   2  0.28 0.09
   57 T   -1 -2 -1 -2 -2 -2 -2 -3 -3 -2 -3 -2 -2 -4 -2  0  7 -4 -3 -1    0   0   0   0   0   0   0   0   0   0   0   0   0   0   0   0 100   0   0   0  1.22 0.25
   58 I   -2 -3 -4 -4 -2 -3 -4 -5 -4  4  3 -3  1 -1 -4 -3 -2 -3 -2  2    0   0   0   0   0   0   0   0   0  48  38   0   0   0   0   0   0   0   0  13  0.60 0.13
   59 S    0 -2 -1 -2 -2 -1 -2  2  0 -2 -1 -1 -2 -3 -2  3  4 -3 -2 -2    0   0   0   0   0   0   0  17   3   0   9   0   0   0   0  34  38   0   0   0  0.41 0.13
   60 S    2 -2 -1 -2 -2 -1 -1 -1 -2  0 -2 -1 -2 -3  2  4  1 -4 -3  0   18   0   0   0   0   0   0   0   0   9   0   0   0   0  10  52   5   0   0   6  0.41 0.12
   61 R   -2  6 -1  1 -4  0  2 -1 -1 -4 -3  2 -3 -4 -3 -1 -2  1 -3 -4    0  60   0   9   0   0  14   4   0   0   0  11   0   0   0   0   0   3   0   0  0.72 0.15
   62 E   -2  0  0  5 -5  0  5 -3 -1 -4 -4  0 -3 -4 -2 -1 -2 -4 -3 -4    0   5   0  39   0   0  56   0   0   0   0   0   0   0   0   0   0   0   0   0  0.95 0.16
   63 I   -2 -4 -4 -4 -2 -3 -4 -4 -4  5  1 -3  0 -1 -3 -1  0 -3 -2  3    0   0   0   0   0   0   0   0   0  66   9   0   0   0   0   5   4   0   0  17  0.57 0.13
   64 Q   -2  2 -1 -1 -4  6  3 -3 -1  0 -3  1 -1 -4 -2 -1 -2 -3 -3 -2    0   8   0   0   0  58  21   0   0   9   0   5   0   0   0   0   0   0   0   0  0.72 0.16
   65 T    1  0 -1 -2 -2  0 -1 -2 -2 -2 -2  0  1 -3 -2  2  4 -3 -2  0    8   5   0   0   0   4   0   0   0   0   0   4   7   0   0  18  52   0   0   3  0.41 0.12
   66 A    5 -2 -2 -3 -1 -2 -2 -1 -3 -2 -3 -2 -2 -3  1  1 -1 -4 -3 -1   84   0   0   0   0   0   0   0   0   0   0   0   0   0   5  10   0   0   0   1  0.72 0.17
   67 V   -1 -3 -4 -4  2 -3 -3 -4 -4  2  1 -3  0  1 -3 -2  0 -3 -1  5    0   0   0   0   5   0   0   0   0   1  10   0   0   9   0   0   4   0   0  72  0.53 0.14
   68 R   -1  5  1 -1 -4  0  1 -3  1 -4 -3  2 -2 -3 -3 -1 -2 -3  0 -3    5  58  10   0   0   0   9   0   4   0   0  11   0   0   0   0   0   0   4   0  0.65 0.13
   69 L   -2 -3 -4 -4  2 -3 -4 -4 -4  2  4 -3  1  0 -4 -3 -2 -3 -2  2    0   0   0   0   5   0   0   0   0  12  74   0   0   0   0   0   0   0   0  10  0.62 0.13
   70 L   -1 -3 -4 -4  4 -3 -4 -4 -4  3  3 -3  1 -1 -3 -3 -1 -3 -2  3    0   0   0   0  11   0   0   0   0  17  39   0   1   0   0   0   0   0   0  32  0.47 0.10
   71 L   -2 -3 -4 -4  2 -3 -4 -4 -3  1  5 -3  1  2 -4 -3  0 -2 -1  0    0   0   0   0   5   0   0   0   0   0  77   0   0  12   0   0   7   0   0   0  0.60 0.14
   72 P   -2 -2 -3 -3 -4 -2 -2 -3 -3 -3 -3  1 -3 -4  8 -2 -1 -5 -4 -1    0   0   0   0   0   0   0   0   0   0   0  13   0   0  77   0   3   0   0   7  1.70 0.20
   73 G    1 -2 -1 -2 -3 -2 -1  5  1 -4 -4 -1 -3 -4  0  1 -2 -3 -3 -3    8   0   0   0   0   0   4  65   5   0   0   4   0   0   4  10   0   0   0   0  0.75 0.12
   74 E   -2  0 -1  2 -4  2  5 -3 -1 -4 -4  2 -3 -4 -2 -1 -2 -4 -3 -3    0   0   0   8   0   9  70   0   0   0   0  12   0   0   0   0   0   0   0   0  0.86 0.15
   75 L   -2 -3 -4 -4 -2 -3 -4 -4 -4  3  4 -3  3  0 -4 -3 -2 -3 -2  1    0   0   0   0   0   0   0   0   0  17  73   0   8   0   0   0   0   0   0   2  0.64 0.12
   76 A    4  1  0 -2 -2 -1 -1  1 -2 -2 -1 -1 -2 -3 -2  1 -1 -3 -3 -1   62   9   4   0   0   0   0   8   0   0   6   0   0   0   0  12   0   0   0   0  0.38 0.10
   77 K   -2  3 -1  2 -4  0  1 -2 -1 -4 -3  5 -2 -4 -2 -1  0 -4 -3 -3    0  11   0  11   0   0   6   0   0   0   0  68   0   0   0   0   4   0   0   0  0.67 0.14
   78 H   -2 -2 -1 -2 -3 -1 -2 -3  8 -2  1 -2 -1 -1 -3  0 -2 -2  3 -2    0   0   0   0   0   0   0   0  59   0  20   0   0   0   0  11   0   0  10   0  0.81 0.16
   79 A    5 -2 -3 -3 -1 -2 -2 -1 -3  1 -2 -1 -1 -3 -2  0 -1 -4 -3 -1   87   0   0   0   0   0   0   0   0  11   0   2   0   0   0   0   0   0   0   0  0.66 0.16
   80 V   -1 -3 -3  0 -2 -2  0 -4 -3  3  0 -2  2 -1 -3 -2 -1 -3 -2  4    0   0   0   6   0   0   8   0   0  29   0   0   7   0   0   0   2   0   0  49  0.37 0.10
   81 S    2  2  2 -1 -2 -1 -1 -1 -1 -3 -2  0 -2 -3 -2  3  1 -3 -2 -2   18  14  11   0   0   0   0   2   0   0   4   0   0   0   0  46   5   0   0   0  0.34 0.09
   82 E   -2 -1 -1  2 -4  3  5 -3 -1 -4 -3  0 -2  1 -2 -1 -2 -3 -2 -3    0   0   0   7   0  18  66   0   0   0   0   0   0   9   0   0   0   0   0   0  0.77 0.15
   83 G    0 -3 -1 -2 -3 -2 -3  6 -3 -3 -4 -2 -3 -4 -3  1 -2 -3 -4 -1    2   0   0   0   0   0   0  79   0   0   0   0   0   0   0  11   0   0   0   9  0.98 0.14
   84 T   -1 -1 -1  0 -2  0 -1 -2  2 -1 -2  1  0 -3 -2  1  4 -3 -2  0    0   0   0   6   0   4   0   0   9   0   0  15   4   0   0   7  49   0   0   6  0.33 0.10
   85 K   -1  2  2 -1 -4  0  1  1 -1 -4 -3  5 -2 -4 -2  0  0 -4 -3 -3    0   8  12   0   0   0   4  11   0   0   0  56   0   0   0   4   4   0   0   0  0.48 0.11
   86 A    5  2 -2 -3 -2 -1 -2 -1 -2 -2 -3 -1 -2 -3 -2  1 -1 -4 -3 -1   79  17   0   0   0   0   0   0   0   0   0   0   0   0   0   4   0   0   0   0  0.62 0.15
   87 V    0 -3 -4 -4 -2 -3 -3 -4 -4  3  1 -3  0 -1 -3 -2 -1 -4 -2  5    4   0   0   0   0   0   0   0   0  11   9   0   0   0   0   0   0   0   0  77  0.61 0.14
   88 T    0 -1  0 -1 -2  2 -1 -2  3 -2 -1  0 -1 -3 -2  2  4 -3 -2 -1    2   0   4   0   0  15   0   0  10   0   8   4   0   0   0  19  39   0   0   0  0.32 0.09
   89 K   -2  4  3 -1 -4  0  0 -2  1 -4 -3  4 -2 -4 -2 -1 -1 -4 -2 -3    0  25  21   0   0   0   0   0   4   0   0  50   0   0   0   0   0   0   0   0  0.61 0.11
   90 Y   -1 -3 -3 -4 -3 -3 -3 -3  0 -1 -1 -3 -1  6 -4 -2 -2  1  6 -2    7   0   0   0   0   0   0   0   0   0   0   0   0  49   0   0   0   0  44   0  0.86 0.09
   91 T    0 -1  2 -1 -2 -1  1 -2 -1  0 -2 -1 -1 -2 -2  2  3 -3 -2  1    0   0  16   0   0   0   9   0   0   7   0   0   0   0   0  22  35   0   0  12  0.25 0.05
   92 S    0  1  0 -1 -2  0 -1 -1  2 -3 -3  0 -2 -3 -1  4  2 -3 -2 -2    0   9   0   0   0   2   0   0   8   0   0   0   0   0   0  65  17   0   0   0  0.42 0.06
   93 S    2 -1  0 -1 -1 -1 -1  1 -1 -3 -3 -1 -2 -3 -1  4  1 -3 -2 -2   23   0   2   0   0   0   0   6   0   0   0   0   0   0   0  68   0   0   0   0  0.42 0.04

                      K         Lambda
Standard Ungapped    0.1236     0.3127
Standard Gapped      0.0463     0.2670
PSI Ungapped         0.1513     0.3176
PSI Gapped           0.0463     0.2670
