
Last position-specific scoring matrix computed, weighted observed percentages rounded down, information per position, and relative weight of gapless real matches to pseudocounts
            A   R   N   D   C   Q   E   G   H   I   L   K   M   F   P   S   T   W   Y   V   A   R   N   D   C   Q   E   G   H   I   L   K   M   F   P   S   T   W   Y   V
    1 A     3  -1   0  -1  -1  -1  -1   0  -1  -2  -2  -1  -1  -3  -1   3   1  -3  -2  -1   51   0   0   0   0   0   0   0   0   0   0   0   0   0   0  49   0   0   0   0  0.37 0.02
    2 T     2  -2  -1  -2   5  -1  -1  -1  -2  -1  -2  -1  -1  -2  -1   1   3  -3  -2   0   38   0   0   0  22   0   0   0   0   0   0   0   0   0   0   0  40   0   0   0  0.37 0.03
    3 V    -1  -2  -2  -3  -2   1  -1  -3  -2   1   2  -2   3   1  -3  -2  -1  -2  -1   3    0   0   0   0   0  16   0   0   0   0  22   0  17   5   0   0   0   0   0  40  0.22 0.04
    4 V     2  -1  -2  -2  -1  -1  -1  -2  -2   1   1   1   1  -1  -2   0   1  -3  -2   2   26   0   0   0   0   0   0   0   0   0  15  14   8   0   0   0  14   0   0  24  0.12 0.03
    5 N    -1  -2   3  -1  -3  -2  -2   5  -1  -4  -4  -1  -3  -4  -3   1  -1  -3  -3  -4    0   0  27   0   0   0   0  62   0   0   0   0   0   0   0  11   0   0   0   0  0.80 0.10
    6 T     0  -1   0  -1  -2   0   2   1  -1  -3  -3   1  -2  -3   1   3   2  -3  -2  -2    0   0   3   0   0   0  17   9   0   0   0   7   0   0   8  36  20   0   0   0  0.34 0.09
    7 P     1  -2  -1   1  -2  -1   1  -2   1  -1  -2  -1  -2  -3   3   2   1  -3  -2   0   14   0   0   8   0   0  11   0   5   0   0   0   0   0  15  25   9   0   0  14  0.26 0.06
    8 F    -3  -3  -3  -1  -3  -3  -3  -4  -2   0   0  -3   1   6  -4  -3  -2   0   3   1    0   0   0   5   0   0   0   0   0   0   0   0   5  67   0   0   0   0   8  15  0.80 0.16
    9 V     0  -1  -1  -2  -2   1  -1  -2  -1   0   0   0   0   1   1   1   1   3   1   0    8   0   0   0   0   8   0   0   0   5  10   7   0   6   8  17   8   6   7  11  0.11 0.04
   10 A     1  -1   0   3  -3   1   3   0  -1  -3  -3   0   0  -3  -2   1  -1  -3  -3  -2   13   0   0  24   0   7  32   8   0   0   0   0   4   0   0  12   0   0   0   0  0.40 0.09
   11 V     1  -1  -1   2  -2   0   2  -2  -2  -2  -1   1  -1  -3   2   1   1  -3  -2  -1   12   0   0  15   0   0  14   0   0   0   7  10   0   0  13  18   7   0   0   5  0.24 0.06
   12 F    -3  -4  -4  -5  -3  -4  -4  -1  -3  -1   1  -4  -1   7  -5  -3  -3   5   2  -2    0   0   0   0   0   0   0   6   0   0  14   0   0  70   0   0   0   9   0   0  1.02 0.21
   13 S    -1   0   4   4  -3   1   1  -2  -1  -3  -4  -1  -3  -4  -2   2   2  -4  -3  -3    0   4  29  29   0   5   4   0   0   0   0   0   0   0   0  15  15   0   0   0  0.53 0.14
   14 N     0  -2   3   1  -2  -1  -1   3  -1  -3  -3  -1  -2  -2  -2   1   1  -2   2  -2    7   0  17   8   0   0   0  28   0   0   0   0   0   0   0  13  12   0  12   0  0.33 0.11
   15 F    -2  -2  -3  -4   2  -3  -3  -2   0   0   2  -1   0   5  -4  -3  -2  -1   3  -1    0   0   0   0   5   0   0   4   3   4  26   6   0  41   0   0   0   0   9   0  0.47 0.15
   16 D    -2  -2   4   4  -3  -1   1  -2  -1  -3  -1   0  -2  -2   0  -1  -1  -3   1  -3    1   0  32  34   0   0   7   1   0   0   8   4   0   0   4   1   0   0   7   1  0.51 0.16
   17 S     1  -1  -1   0  -2  -1   0  -2   2  -1  -2   0  -1  -2   1   2   3  -3  -2   0    8   2   0   3   0   0   6   1   7   4   1   6   0   0   8  22  25   0   0   7  0.22 0.10
   18 S     0   1   2   1  -2   0   0   1  -1  -1  -1   1  -1  -2  -2   1   1  -3  -2  -1    8   8  13  11   0   1   3   9   0   4   7  11   0   0   1   8  15   0   0   1  0.13 0.05
   19 Q     0   1  -1   0  -2   1   1  -1  -1  -1  -1   3  -1   0  -1   0   0  -2  -1  -1   10   6   1   4   0   8   6   4   0   4   4  28   0   5   1   7   8   0   0   5  0.13 0.06
   20 W    -4  -4  -5  -5  -3  -4  -4  -4  -4   1   0  -4  -2   4  -5  -4  -3  10   1  -2    0   0   0   0   0   0   0   0   0  11   9   0   0  24   0   0   0  52   0   0  1.79 0.33
   21 E    -1  -1  -1   1  -3   2   3  -2   1  -2  -2  -1  -2   1  -2   1   1  -2   1  -1    1   0   0   7   0  12  29   1   5   0   1   1   0   7   0  16  10   0   5   4  0.27 0.11
   22 K     1   0  -1  -1  -2   1   1  -2  -1   0  -1   3   0  -2  -2   0  -1  -2   1   0   13   0   0   1   0   4  13   1   0   6   6  34   3   0   0   4   1   0   6   7  0.18 0.10
   23 A     2   0  -1   0  -2   1  -1   0  -2  -1  -2   0  -2   0  -2   3   0  -3  -2  -2   25   6   0   5   0   5   1   4   0   4   1   5   0   5   0  37   1   0   0   1  0.26 0.12
   24 D     0  -2   0   4  -3  -1   0   2  -2  -2   0  -1  -2  -3  -2   1  -1  -3  -1  -2    6   0   3  40   0   0   0  16   0   0  11   3   0   0   0  13   0   0   3   3  0.38 0.15
   25 W    -2   0  -1  -1   1   0  -2  -3  -2  -1  -2  -2  -2   0  -3   0  -1   9   2   0    2   5   4   4   4   4   0   1   0   3   1   0   0   3   0   8   3  40   7  10  0.96 0.24
   26 A     0  -2   2  -1  -3   0  -1   2   0  -2  -3  -1  -2  -2   3   1   1  -2   2  -1    5   0  11   2   0   3   3  23   2   0   1   0   0   0  16  10   8   0  10   5  0.30 0.11
   27 N    -2  -2   5  -1  -3  -2  -2  -2  -1  -1   1  -2  -1   3  -3  -1   0   3   1  -1    1   0  44   1   0   0   1   1   0   3  15   1   0  14   0   1   5   4   6   4  0.46 0.19
   28 G     1  -3   1  -1  -3   0  -2   5  -2  -1  -3  -2  -2   1  -3  -1  -2   0  -2  -3    9   0   7   3   0   4   1  55   0   4   1   0   0  10   0   1   0   2   0   1  0.62 0.19
   29 S    -1   2   1   1  -3   2   2   2  -1  -3  -3   1  -2  -3   1   0  -1  -3  -3  -1    1  12   9   7   0  11  13  18   0   0   1   8   0   0   8   3   2   0   0   5  0.28 0.11
   30 V    -2   0   3   2  -3  -1   0  -2   2  -2   0  -1   2  -3   3   0  -1  -4  -2  -1    0   4  20  13   0   0   4   0   6   0   9   0   8   0  19   6   3   0   0   4  0.33 0.15
   31 F    -1  -2  -3  -3  -3   1  -2   0  -1  -1  -1  -2  -1   5  -3  -2  -1  -1   5   0    6   1   0   1   0  10   1   6   0   2   1   2   0  38   1   1   4   0  21   7  0.57 0.22
   32 N    -2   0   3   1  -3   1   1  -2   1  -1  -1  -1  -2  -1   2  -1   0  -3   1  -1    0   6  23   9   0   7  10   0   3   4   5   1   0   3  10   2   5   0   6   6  0.22 0.12
   33 C     1  -2  -1  -2   4  -1  -2  -1  -2   1   0  -2   1  -2   2   0   0  -3   1   1   12   2   2   2  13   2   0   3   0  10   7   0   5   0  10   6   6   0   6  13  0.16 0.11
   34 V     0  -1  -2  -1  -2  -2   0  -3  -3  -1   0  -2   0  -1  -3   0   5   1  -2   0    7   4   0   3   0   0   5   0   0   2  11   0   2   2   0   6  51   2   0   5  0.44 0.23
   35 W    -1   0  -1  -5  -4  -3  -4  -3  -4  -4  -2  -1  -3   3  -5  -2  -4  11   0  -4    5   6   3   0   0   0   0   2   0   0   3   4   0  11   0   2   0  60   0   0  2.03 0.46
   36 K     1   1   1  -2  -3  -1  -1   3   0  -3  -2   2  -2  -3  -2   2  -1  -3   1  -3   11   8   6   0   0   0   0  23   2   0   3  19   0   0   0  20   2   0   6   0  0.31 0.17
   37 P     2   1   0   0  -3   1   0  -1   0  -3  -3   0  -1  -1   3   0   0  -3  -1  -1   25   7   6   6   0   7   3   2   2   0   0   6   1   4  16   2   8   0   2   2  0.24 0.13
   38 S    -1   0   2   3  -4   1   2   2   1  -4  -4   0  -3  -4  -3   0   0  -4  -3  -3    4   4  14  20   0   8  18  16   4   0   0   3   0   0   0   4   5   0   0   0  0.42 0.17
   39 Q    -2   1   4  -1  -4   1  -1  -2   5  -4  -3  -1  -3  -3   0   0  -1   1   0  -2    2  10  32   1   0   7   2   2  19   0   1   0   0   0   4   7   2   2   4   2  0.51 0.23
   40 V     1  -3  -3  -2   0  -1  -3  -1  -3   3   0  -3   0   1  -3   0  -1   1  -2   3   14   0   0   1   1   4   0   4   0  22   3   0   1   6   0   8   0   2   0  32  0.28 0.17
   41 T    -1   2   1   0  -3   0   0  -1   0  -2  -2   2  -2  -1  -2   2   1  -3   1  -1    0  10   6   6   0   2   2   4   2   0   1  19   0   2   0  20  12   0   7   6  0.20 0.14
   42 F    -1  -2  -1  -3  -2   0  -2  -2  -1   1   0  -2   2   2  -3  -1   0  -2   2   3    4   2   4   0   0   6   1   2   1   8   5   0   7   9   0   2   6   0  10  33  0.20 0.14
   43 S     0  -1   2   1  -2   0   1   1  -1  -2  -1   1  -2  -1  -2   1   1  -3  -1  -1    5   1  16   6   0   3   8  10   0   1   5   8   0   4   0  16   8   0   2   5  0.14 0.09
   44 N    -2  -2   4   4  -4   0   0   2  -2  -4  -5  -1  -4  -4  -3   2  -1  -5  -4  -4    0   0  25  30   0   5   3  16   0   0   0   3   0   0   0  16   2   0   0   0  0.66 0.25
   45 G    -2  -2   1   2  -4  -2   0   6  -3  -5  -5  -2  -4  -5  -3   0  -1  -4  -4  -4    0   1   8  11   0   1   7  62   0   0   0   1   0   0   0   7   2   0   0   0  0.96 0.30
   46 K    -1  -1   1  -1   1   0   1   2  -2  -1  -1   2  -2  -3  -3   1  -1  -4  -3   0    1   0   8   0   4   2  13  15   0   2   8  22   0   0   0  13   0   0   0  11  0.18 0.14
   47 M    -1  -2  -4  -5  -3  -3  -3  -5  -4   1   5  -4   3  -1  -4  -3  -1  -3  -3   2    3   2   0   0   0   0   1   0   0   6  66   0   6   0   0   0   2   0   0  13  0.74 0.27
   48 I    -1   2   0  -1  -3   3   0  -3  -1   0  -1   2  -1  -3  -2   0   1   2  -2   0    3  12   4   1   0  17   5   0   1  10   4  14   0   0   0   8  13   4   0   5  0.21 0.14
   49 L    -3  -4  -5  -5   0  -4  -5  -5  -5   4   5  -4   2  -1  -3  -4  -3  -4  -3   0    0   0   0   0   2   0   0   0   0  28  64   0   5   0   1   0   0   0   0   0  0.98 0.33
   50 T     0   0  -1  -2  -3  -1  -1   0   0  -2  -2   1  -2  -3  -3   2   4   4  -1  -1    5   3   0   0   0   2   3   5   2   1   2  12   0   0   0  18  35   7   1   3  0.36 0.21
   51 L     1  -3  -4  -4  -2  -3  -3  -4  -4   1   4  -3   4   1  -4  -2   0  -3  -2  -1   15   0   0   0   0   0   0   0   0   8  47   0  16   5   0   0   7   0   0   0  0.54 0.24
   52 D    -1  -1  -1   5  -4  -1   0  -1  -3  -4  -4   1  -3  -4   2  -1   1  -5  -4  -3    5   3   0  49   0   2   3   3   0   0   0   8   0   0  12   0  13   0   0   0  0.73 0.26
   53 R    -2   3   1  -1  -4   2   0   0   1  -3  -1   3   0  -3   1  -1  -2  -3  -2  -3    0  17   8   2   0   9   5   6   4   0   5  31   3   0   5   2   0   0   1   0  0.35 0.17
   54 E     0   1   1   2  -3   0   1  -1   0  -3  -3   2  -2  -2  -1   1   0  -3   1  -2    9   7   6  11   0   0  12   4   2   0   0  18   0   1   2  13   6   0   7   3  0.20 0.11
   55 Y     0  -2   1  -2  -2  -1  -2  -2  -2  -3  -3   0  -2  -3   3   4   3   0  -1  -1    4   0   7   0   0   0   1   1   0   0   1   6   0   0  13  39  19   2   2   4  0.46 0.22
   56 G    -1  -2   1   0  -3  -1  -1   5   1  -2  -3  -1  -2  -3  -1  -1   0  -3   0   0    1   0   6   5   0   3   3  47   4   1   1   4   0   0   2   2   8   0   3  11  0.45 0.18
   57 G     2   0   0   0   1  -1   0   1  -2  -3  -3   0  -2  -3   0   3   0  -3   0  -2   20   3   2   3   3   0   3  12   0   1   1   6   0   0   5  31   5   0   3   1  0.27 0.14
   58 S     0  -2   2   0  -3  -2   0   4  -2  -4  -4  -1  -3  -3  -3   0   1  -3   1  -3    5   0  10   5   0   0   7  43   0   0   1   3   0   0   0   7   9   0   7   0  0.49 0.18
   59 Y    -1   1   0  -1  -3  -2  -2  -3  -1   0   0   0  -1   5  -3  -2  -2  -1   4  -1    4  11   5   4   0   0   1   1   0   5   7   8   0  34   0   2   0   0  16   2  0.41 0.18
   60 P     0   0   1   1  -2   2   0  -1  -1   0  -2   1  -1  -2   2  -1   0   3  -1   0    7   4   6   8   0  13   4   3   1   7   2  12   1   1  10   2   8   4   1   7  0.14 0.07
   61 Y    -1  -2   0  -2  -2  -2  -2  -1   1  -2  -1  -2  -1   4  -2   2  -1   0   5  -2    2   1   5   1   0   1   1   5   3   1   7   1   0  19   2  20   3   0  25   1  0.36 0.15
   62 K     0   0   0   2  -2   0   0   0   1  -2  -1   2   0  -2  -1   1   1  -2  -2  -1    7   2   1  15   0   1   6   8   4   1   4  20   4   1   1   8  13   0   1   3  0.15 0.08
   63 S     1   0   1  -1   3  -1  -1   2  -1  -2  -2   1  -2  -2  -1   2   0  -2  -2  -1   13   4   7   3   8   1   2  20   1   1   2   9   1   1   1  19   5   0   1   3  0.20 0.08
   64 G     1  -1  -1  -1   1  -1  -1   3  -2  -2  -2  -1  -2  -2   3   0  -1  -2  -2  -1   10   2   2   2   4   2   2  33   1   2   3   2   1   1  14   8   2   1   1   5  0.32 0.08
   65 E     0   1  -1   0  -1   0   2   0  -1   0  -1   0   0  -1  -1   0   0  -1   0   0   10   9   2   2   1   2  18   8   1   6   4   7   5   2   2   6   6   1   4   8  0.06 0.03
   66 Y     0  -2  -1  -2  -1  -1  -1  -2  -1   2   1  -1   0   1  -1   0   0  -1   1   1    6   2   4   2   1   1   2   2   1  15  20   2   1   7   2   6   6   0   7  15  0.08 0.05
   67 R     0   2   0   0  -2   1   1  -1  -1  -1  -1   1   0  -2  -1   1   1  -2   0   0    6  14   4   3   0   9   6   5   1   1   2  12   4   1   1  10   8   0   3   9  0.11 0.06
   68 T     0  -2   0  -2  -2  -1  -2  -2  -2  -3  -3   0  -2  -3  -2   5   3  -3  -3  -2    4   1   3   1   0   1   1   1   0   1   1   4   0   1   1  57  22   0   0   1  0.69 0.26
   69 K    -1   2   2   0  -3   0   1  -2  -1  -2  -2   3   0  -1  -2   1   1  -3   0  -1    0  11  14   3   0   3   7   0   1   2   2  22   4   2   0  10  12   0   4   2  0.23 0.13
   70 S     0   1   2   1  -3   1   0  -1   1  -3  -2   0  -2   2  -3   0  -1  -2   3  -2   10   7  12  10   0   6   2   4   4   0   2   6   0  12   0   8   0   0  15   0  0.20 0.12
   71 F     0  -1  -1  -2  -2   1   0  -2   0   0   1   0   1   1  -2   0   0  -1   3   0    9   2   1   0   0   6   4   2   2   4  17   7   3   4   0   8   8   0  16   6  0.09 0.08
   72 F    -2  -3  -4  -4  -3  -3  -4  -1  -2   1   0  -3   0   6  -4  -3  -3   2   4   1    3   0   0   0   0   0   0   4   0  10   5   0   2  39   0   0   0   3  20  11  0.69 0.23
   73 G    -1   0   1  -2  -3   0  -2   3   2  -2   0  -2   1   0  -3   0   0   4   0  -2    4   4   7   0   0   4   1  32   6   0  12   0   6   3   0   6   5   6   4   0  0.27 0.14
   74 Y    -3  -1  -3  -4  -5  -3  -2  -5   4  -4  -3   0  -3   3  -1  -1  -3  -1   8  -4    0   4   0   0   0   0   1   0   9   0   0   6   0   9   4   6   0   0  62   0  1.32 0.40
   75 G    -2  -4  -3  -4  -4  -4  -4   6  -4  -1  -4  -4  -3   1  -1  -2  -3  -4  -3   0    0   0   0   0   0   0   0  74   0   5   0   0   0   8   3   0   0   0   0   9  1.19 0.35
   76 Y    -2   2  -2   0  -3  -1  -1  -2  -1  -2  -1   2   1   2  -3   0   0   1   5  -2    0  12   0   6   0   1   1   3   0   0   6  19   5   7   0  10   4   1  25   0  0.33 0.19
   77 Y     0  -4  -4  -5  -3  -3  -4  -4  -2   1   0  -4   4   4  -4  -3  -2  -1   5   2    9   0   0   0   0   0   0   0   0   8   5   0  14  21   0   0   0   0  25  18  0.64 0.25
   78 E    -1  -2   0   1  -4   2   5  -2   0  -4  -3   0  -3  -4  -3   1   0  -4  -2  -4    2   0   4   4   0  11  52   2   2   0   1   4   0   0   0  11   6   0   1   0  0.70 0.27
   79 V     2  -3  -4  -4   1  -3  -3  -3  -4   3   0  -3   3  -1  -3  -2  -1   0  -2   3   24   0   0   0   3   0   0   0   0  20   3   0  11   2   0   0   3   2   0  32  0.46 0.22
   80 R    -3   6  -1  -3  -5   0   0  -4   0  -3  -4   4  -3  -4  -3   0  -1  -4  -3  -2    0  50   2   0   0   2   5   0   2   1   0  26   0   0   0   5   4   0   0   3  0.85 0.30
   81 M     2  -4  -4  -5  -3  -3  -4  -4  -4   3   3  -3   6  -2  -4  -3  -2  -4  -3   0   19   0   0   0   0   0   0   0   0  24  28   0  29   0   0   0   0   0   0   0  0.73 0.30
   82 K    -3   1  -2  -1  -5   1  -1  -4  -3  -2  -4   6  -3  -5   0  -2  -2  -5  -4   1    0   3   0   4   0   4   0   0   0   2   0  70   0   0   4   0   0   0   0  14  0.97 0.37
   83 A     3  -3  -3  -3  -3  -2  -2   2  -3  -2   0  -2   2  -1   4   0   0  -4  -3  -1   29   0   0   0   0   0   1  15   0   0   8   0   9   4  21   3   7   0   0   4  0.42 0.19
   84 A     3  -2  -1  -1  -3  -2  -2   3  -3  -2  -3  -2   1  -4   3   1   0  -4  -3  -2   30   1   2   2   0   0   0  26   0   1   0   1   5   0  15  13   4   0   0   0  0.50 0.21
   85 K    -1   1   3   2  -3   1   0  -2   2  -3  -2   1  -2  -1   0   1   0  -3   1  -3    4   9  17  17   0   6   2   0   7   0   3  11   0   3   3   8   5   0   5   0  0.26 0.12
   86 N     0  -3   1   0  -3  -2  -2   3  -3  -1  -3  -2  -3  -4  -3   3   2  -4  -3  -2    3   0   8   6   0   0   0  27   0   3   2   0   0   0   0  33  17   0   0   1  0.49 0.22
   87 V     3   1  -1   0  -2   0  -1  -1  -2  -1  -2   0  -2   0   0   1   2  -3  -2  -1   31  10   0   7   0   5   1   3   0   3   0   5   0   6   3  10  14   0   0   2  0.20 0.14
   88 G     0  -3  -2  -3  -4  -3  -3   6  -3  -4  -4  -3  -4  -4   0  -1  -3   2  -4  -4    4   0   0   0   0   0   1  79   0   0   1   0   0   0   4   3   0   3   0   1  1.34 0.33
   89 I    -1  -3  -3  -4  -2  -3  -3  -1  -3   2   1  -3   2  -2  -3  -1   3  -3   0   3    2   0   0   0   0   0   0   4   0  13   9   0   8   0   0   4  25   0   3  33  0.40 0.20
   90 V    -1  -4   0  -3  -3  -4  -4  -4  -4   1  -2  -4  -2  -2  -4   0  -2   7  -2   5    4   0   6   1   0   0   0   0   0   7   0   0   0   0   0   8   0  15   0  60  0.88 0.33
   91 S    -1  -3  -2  -3  -3  -2  -2  -3  -3  -2  -3  -2  -3  -4   3   4   5  -5  -4   0    1   0   0   0   0   0   0   0   0   1   0   0   0   0  15  38  39   0   0   6  0.82 0.33
   92 S     4  -3  -2  -1  -2  -2  -2   0  -3  -3  -3  -2  -3  -4   0   3   2  -4  -3  -2   48   0   0   4   0   0   0   4   0   0   0   0   0   0   4  26  12   0   0   0  0.60 0.26
   93 F    -1  -4  -5  -5  -4  -4  -5  -5  -3   2   0  -4   0   7  -5  -4  -3  -1   3   0    6   0   0   0   0   0   0   0   0  14   6   0   2  60   0   0   0   0   8   4  1.14 0.34
   94 F    -4  -4  -5  -3  -2  -4  -5  -5  -2   0  -3  -5  -3   4  -5  -4  -4   9   6   0    0   0   0   2   1   0   0   0   0   6   0   0   0  17   0   0   0  30  38   7  1.62 0.42
   95 T    -3  -4  -4  -5  -3  -3  -4  -5  -4   0   4  -4   5   0  -4  -3   2   3  -2  -1    0   0   0   0   0   0   0   0   0   2  58   0  21   2   0   0  13   4   0   0  0.86 0.32
   96 Y    -1  -1   0  -2   0  -1  -1  -2  -1   0   2  -1   2   0  -2   1   0  -1   3  -1    2   1   7   1   2   1   2   2   1   6  22   4  10   3   1  15   3   0  16   2  0.13 0.09
   97 T    -1  -1   3  -1  -2   0  -1  -1  -1  -1  -2  -1  -2  -2   2   2   1  -2   1  -2    2   2  20   2   1   3   2   2   1   4   3   2   1   1  11  24  11   0   8   2  0.26 0.11
   98 G     0   1   1   0  -2   0   1   3  -1  -2  -2   1  -1  -2  -1   0  -1  -2  -2  -2    9  10   7   4   1   2   9  27   1   2   3   7   1   1   2   7   2   1   1   2  0.19 0.05
   99 P     0  -1   1   1  -2   0   0   0  -2  -2  -2   0  -2  -3   4   2   1  -3  -2  -2    3   1   9   8   0   2   6   6   0   3   2   6   0   1  24  17  10   0   1   1  0.37 0.11
  100 S     1  -2  -1   0  -2  -1  -1   1  -2   0  -1  -1  -1  -2  -1   3   0   3  -2   0   15   1   1   4   0   1   3   9   0   9   3   3   1   1   1  31   5   5   1   6  0.18 0.10
  101 D    -1   0  -1   3  -2   2   1  -2   1  -2  -2   0   0  -1   1  -1   1  -2   1  -1    3   3   1  26   0  12   5   2   5   1   2   6   3   3   7   1  10   0   7   4  0.23 0.10
  102 N     0   1   1   0  -2   0   0   3  -1  -2  -2   1  -2  -2   0   1  -1   2   1  -2    5   7   7   3   0   2   4  30   0   1   2   9   0   1   5   9   1   3   6   2  0.23 0.08
  103 N     0  -1   1   3  -3  -1   1   1  -2  -3  -2   1  -2  -3   2   2   1  -3  -3  -2    4   2   5  18   0   0   8  10   0   0   3   8   0   0  12  16  12   0   0   0  0.29 0.12
  104 P    -1  -2   1   2   1  -1   0  -1  -2  -1  -1  -1  -1  -2   2   0   2   2  -2   0    1   0   8  15   5   2   6   4   0   3   8   2   0   1  11   5  18   4   0   6  0.18 0.10
  105 W    -3   1  -1  -3   2   0  -2  -4   6  -3   0  -1   0  -2   1  -2   0   8  -1  -3    0   8   3   0   6   4   0   0  25   0  10   2   3   0   7   0   8  23   0   0  0.81 0.28
  106 D    -3  -3   1   6  -5   1  -1   0  -3  -5  -5   0  -4  -5   1  -2  -3  -6  -5  -3    0   0   5  65   0   6   0   9   0   0   0   7   0   0   7   0   0   0   0   2  1.11 0.35
  107 E    -3  -3  -3  -1  -6  -1   7  -5  -3  -6  -6  -2  -5  -6  -4  -3  -3  -5  -5  -5    0   0   0   0   0   0 100   0   0   0   0   0   0   0   0   0   0   0   0   0  2.04 0.56
  108 I    -3  -5  -5  -5  -3  -4  -5  -2  -5   6   2  -4   0  -1  -5  -4  -3  -4  -3   2    0   0   0   0   0   0   0   4   0  68  19   0   0   1   0   0   0   0   0   8  1.03 0.34
  109 D    -4  -4  -1   8   0  -3  -1  -4  -4  -6  -6  -3  -6  -6  -4  -3  -4  -7  -6  -6    0   0   0  98   2   0   0   0   0   0   0   0   0   0   0   0   0   0   0   0  2.23 0.55
  110 I    -3  -4  -5  -5  -3  -4  -5  -5  -3   4  -1  -4   1   5  -5  -4  -3   3   2   2    0   0   0   0   0   0   0   0   0  38   0   0   4  31   0   0   0   5   8  15  0.86 0.29
  111 E    -3  -2  -2  -1  -6   2   7  -4  -2  -5  -5  -1  -4  -5  -3  -2  -3  -5  -4  -4    0   0   0   0   0   6  91   0   0   0   0   0   0   0   0   0   0   0   0   0  1.72 0.48
  112 F    -1  -3  -3  -4  -3  -3  -3  -4   2   0  -1  -3   2   6  -4  -1  -1   4   2   0    6   0   0   0   0   0   0   0   6   5   2   0   5  48   0   6   3   5   4   9  0.70 0.25
  113 L    -2   0  -4  -4  -3  -3  -4  -4  -1   1   4  -3   2   0  -4  -2  -2  -3   0   3    0   7   0   0   0   0   0   0   2   3  51   0   4   3   0   4   0   0   4  22  0.50 0.22
  114 G    -2  -4   0  -3  -5  -3   0   7  -4  -6  -6  -3  -5  -5  -4  -2  -4  -5  -5  -5    0   0   4   0   0   0   7  89   0   0   0   0   0   0   0   0   0   0   0   0  1.74 0.44
  115 K     0   0   5  -1  -4   1  -1   1  -1  -1  -4   2  -3  -1  -3   0  -1  -4   0  -3    7   4  41   0   0   6   0   9   0   4   0  17   0   3   0   5   1   0   3   0  0.49 0.23
  116 D    -2   1   3   5  -4  -1   1  -3  -2   0  -1   0  -3  -4  -3  -1   0  -5  -4  -2    1  10  16  39   0   0   9   0   0   7   5   5   0   0   0   0   5   0   0   2  0.53 0.22
  117 T    -1  -1   0   0  -3  -1  -1  -1  -3  -2   0  -1  -2  -3   5   1   3  -4  -3  -1    4   2   4   4   0   1   2   3   0   0   9   1   0   0  27  11  28   0   0   4  0.51 0.21
  118 T    -1  -3   1  -1  -3  -2  -1   4   2  -3  -3  -3  -1   0  -3  -1   2   5   2  -1    2   0   8   2   0   0   3  36   5   0   0   0   2   3   0   0  16  10  10   4  0.51 0.22
  119 K    -2   0   1   0  -3   4   1  -1  -2  -2  -2   3  -2  -4  -3   0   3  -4  -3  -3    0   2   8   3   0  22   7   3   0   1   2  23   0   0   0   5  25   0   0   0  0.45 0.22
  120 V    -1  -3  -4  -1  -2  -3  -3  -4  -4   2   2  -3   3   2  -2  -3  -1   0  -1   3    4   0   0   4   0   0   0   0   0  12  21   0  10  10   2   0   3   1   0  33  0.39 0.18
  121 Q    -3   0   2  -2  -5   6  -1  -4   6  -1  -2  -1  -3  -4  -4  -1  -3  -4  -2  -4    0   3   9   0   0  56   0   0  23   4   3   0   0   0   0   2   0   0   0   0  1.18 0.41
  122 F     0  -3   1  -2  -3  -2  -3   0  -3  -1  -3  -2   0   1  -3   2   5  -4  -2  -2    4   0   8   0   0   0   0   6   0   2   0   0   3   9   0  19  50   0   0   0  0.63 0.29
  123 N    -3  -2   7  -1  -4   0  -2  -1  -2  -1  -5  -1  -4  -5  -4  -1   0  -5  -4  -4    0   0  77   0   0   4   0   4   0   4   0   3   0   0   0   0   6   0   0   0  1.39 0.42
  124 W    -1  -3  -4  -4  -3   0  -3  -4  -2   2   0  -3   1   2  -4  -1  -1   1   5   3    3   0   0   0   0   5   0   0   0   9   6   0   3   6   0   4   2   2  29  31  0.52 0.23
  125 Y    -4  -4  -4  -5  -4  -4  -4  -5   3  -1  -2  -2  -2   5  -5  -4  -4   3   7   0    0   0   0   0   0   0   0   0   8   2   0   3   0  32   0   0   0   4  43   8  1.26 0.37
  126 K     1  -2   0  -2  -2  -1  -2   1  -2  -1  -1   1  -2   0  -2   2   3   1   0   0    9   0   3   0   0   0   0  11   0   4   3  10   0   5   0  19  25   2   5   5  0.20 0.14
  127 N    -2   1   5  -1  -4   3   0   2   2  -4  -4   2  -3  -4  -3  -1  -2  -4  -1  -4    0   8  35   0   0  16   3  14   5   0   0  13   0   0   0   2   0   0   2   0  0.60 0.24
  128 G     0  -3   0  -2  -4  -2   1   6  -3  -5  -3   0  -4  -5  -3   0  -3  -4  -4  -4    6   0   3   0   0   0  12  65   0   0   3   6   0   0   0   5   0   0   0   0  0.99 0.30
  129 V     0  -1   1  -1  -3   1   0  -2   0  -1  -1   3  -2  -3  -2   1   1  -4  -3   1    7   0   8   1   0   6   5   0   2   2   4  31   0   0   0  12   8   0   0  14  0.24 0.16
  130 G    -2  -3  -2  -2  -4   0  -3   6   1  -4  -1  -3  -3  -4  -4  -1   2  -4  -4  -3    0   0   0   1   0   4   0  63   4   0   9   0   0   0   0   2  16   0   0   0  0.93 0.31
  131 G    -2  -2   4   3  -4  -2  -1   3   1  -2  -4  -1  -3  -4  -3   0   1  -5  -3  -3    0   0  23  21   0   0   0  28   4   4   0   2   0   0   0   6  11   0   0   0  0.57 0.23
  132 N    -1   4   2  -2  -4   1  -1  -2   3  -4  -3   1  -3   0  -3   1   0  -3   2  -3    3  36   9   0   0   5   0   2   8   0   0   7   0   3   0  11   5   0  10   0  0.48 0.21
  133 E    -2  -1   0   2  -4   0   5  -1   3  -4  -4   0  -3  -4  -3   0   1  -5  -3  -4    0   3   4  11   0   0  51   5   8   0   0   2   0   0   0   4  12   0   0   0  0.72 0.28
  134 Y     0   1   2   0  -3   3   1   0   3  -3  -3   1   1   0  -3   0  -1  -3   1  -3    6   6  11   3   0  21   8   6   8   0   0   9   5   4   0   4   2   0   7   0  0.26 0.15
  135 L    -2   3  -1  -2  -3   2  -1   1   1   0  -1   1  -2  -2  -3   1  -1  -3   1   0    0  24   0   0   0  11   0  11   5   7   5  11   0   1   0  10   2   0   6   7  0.22 0.15
  136 H     0  -1  -2  -2  -3  -2   0  -2   3   1  -1  -1  -1   4  -3  -1  -2  -1   3   0   12   2   0   2   0   0   7   2  11  10   2   4   0  28   0   3   1   0  11   6  0.30 0.17
  137 N    -1   1   3   2  -3  -1   0  -1   3  -2  -2  -1  -2  -1   0   1  -1  -2   3  -2    3   9  20  12   0   0   4   4   9   3   4   1   0   1   4  12   1   0  12   1  0.23 0.14
  138 L     0  -1  -3  -3  -2  -2  -2  -4  -1   1   3  -3   1  -1   0   0  -1  -3   0   1    6   3   0   0   0   0   2   0   1   5  48   0   1   1   5  11   3   0   3  11  0.30 0.17
  139 G    -2  -3  -3  -1  -4  -3  -3   3  -1  -4  -4   0   0  -2   2   0  -1   9  -1  -2    2   0   0   4   0   0   0  22   1   0   0   5   3   0  12   6   4  38   0   3  1.15 0.33
  140 F     0  -4  -3  -4  -3  -1  -3   0  -3  -2  -2  -3  -2   6   1  -2  -1  -1   2   0   10   0   0   0   0   3   0   9   0   0   0   0   0  52   6   2   5   0   4   9  0.70 0.27
  141 D    -1  -3   3   6  -4  -2   0  -1   0  -4  -5  -1  -4  -5  -3   0   0  -5  -4  -4    5   0  17  55   0   0   4   2   2   0   0   2   0   0   0   5   7   0   0   0  0.92 0.29
  142 A     2  -3  -1   1  -3  -3  -2  -3  -3  -4  -4  -3  -3   0   6  -1   1  -4  -3  -3   19   0   2   7   0   0   0   0   0   0   0   0   0   6  52   3   9   0   0   0  1.11 0.31
  143 S     1   0   2  -1  -2  -1  -2  -2   0  -2  -2  -1   0   0  -2   2   4   0   0  -2   13   7   9   2   0   1   0   0   2   0   3   0   2   4   0  16  36   2   2   0  0.33 0.19
  144 Q     0   0   2   1  -3   2   3  -1  -1  -3  -3   3  -1  -2  -2   0   0  -3  -2  -2    8   2  10   7   0  12  21   2   0   0   0  21   1   2   0   6   6   0   0   2  0.32 0.15
  145 D     0  -2   1   5  -4  -1   3   1  -1  -4  -5  -1  -4  -5  -3   0  -1  -5  -4  -4   11   0   6  46   0   1  18  10   1   0   0   1   0   0   0   4   3   0   0   0  0.73 0.25
  146 F    -4  -5  -5  -6  -5  -5  -5  -5  -2  -3  -2  -5  -3   8  -6  -4  -4   2   6  -3    0   0   0   0   0   0   0   0   0   0   0   0   0  64   0   0   0   2  34   0  1.92 0.48
  147 H    -4  -3   1  -4  -6  -2  -3  -5  10  -6  -6  -3  -4  -4  -5  -4  -4  -5  -1  -6    0   0   7   0   0   0   0   0  93   0   0   0   0   0   0   0   0   0   0   0  2.85 0.65
  148 T    -2   1   1   0  -3  -1  -1  -3   0  -1  -1   0  -2  -3  -3   0   5  -4  -3   1    0   8   7   3   0   2   3   0   3   2   4   5   0   0   0   4  46   0   0  13  0.42 0.23
  149 Y    -5  -4  -5  -6  -5  -4  -5  -6  -1  -4  -4  -5  -4   3  -6  -4  -4   3   9  -4    0   0   0   0   0   0   0   0   0   0   0   0   0   7   0   0   0   3  90   0  2.47 0.59
  150 G     2  -1  -1  -2   0  -2   0   4  -3  -3  -4  -1  -3  -4  -3   2   2  -4  -3  -2   16   3   0   0   2   0   7  32   0   0   0   1   0   0   0  21  16   0   0   1  0.47 0.21
  151 F    -2  -4  -5  -5   2  -4  -4  -5  -4   4   1  -4   2   3  -4  -3  -2  -3  -2   4    0   0   0   0   5   0   0   0   0  34  11   0   6  13   0   0   0   0   0  31  0.67 0.24
  152 E    -3  -3   0   3  -3  -2   1  -4   0   1   2  -2  -1  -1  -3  -2  -2   5   0   0    0   0   6  23   0   0   9   0   2   8  28   0   0   1   0   1   1  11   4   6  0.38 0.19
  153 W    -6  -6  -7  -8  -5  -5  -6  -6  -6  -5  -5  -6  -4  -2  -7  -6  -6  13  -1  -2    0   0   0   0   0   0   0   0   0   0   0   0   0   0   0   0   0  96   0   4  4.23 0.79
  154 R    -1   0   4   3  -3   1   0  -2   0  -4  -4   0  -3  -4  -3   1   3  -4  -3  -3    3   4  25  16   0   5   5   0   2   0   0   3   0   0   0  13  26   0   0   0  0.51 0.22
  155 P     1  -1  -2  -2  -4  -2   1  -3   0  -3  -2   2   0  -4   6  -1  -2  -5  -4  -3   13   1   1   1   0   0  11   0   2   1   3  15   3   0  46   1   1   0   0   0  0.92 0.28
  156 D    -2  -1   3   4  -4   1   1  -2   2  -4  -3  -1  -3  -3  -3   0   0   2   1  -3    0   2  21  29   0   7  10   1   5   0   2   1   0   0   0   4   5   4   7   1  0.51 0.21
  157 Y    -1   2   1   0  -3   2   1  -3   4  -3  -2   2  -2  -2  -3   0   0  -3   2  -3    5  11   8   4   0  12  11   0  14   0   2  13   1   0   0   6   5   0   8   0  0.32 0.15
  158 I    -3  -5  -5  -5  -3  -4  -5  -5  -5   6   1  -4   1  -2  -5  -4   0  -4  -3   2    0   0   0   0   0   0   0   0   0  73   7   0   3   0   0   0   4   0   0  12  1.16 0.36
  159 D    -1   1  -2  -1  -3   0   1  -3  -1   2  -1   1  -1  -3  -3  -1   2  -4  -3   2    2  10   0   2   0   3  11   0   2  18   0  12   0   0   0   0  18   0   0  23  0.25 0.17
  160 F    -5  -5  -6  -6  -5  -5  -5  -5  -4  -1  -2  -5  -3   7  -6  -5  -5  10   3  -4    0   0   0   0   0   0   0   0   0   4   2   0   0  49   0   0   0  40   6   0  2.18 0.50
  161 Y    -3  -4  -4  -5  -4  -2  -4  -5  -1  -3  -1  -4   2   3  -5   0   0   2   8  -3    0   0   0   0   0   1   0   0   0   0   6   0   6  13   0   7   5   2  60   0  1.27 0.39
  162 V    -2  -4  -5  -5  -3  -4  -4  -5  -5   3   1  -4  -1   0  -4  -4  -2  -4   0   6    0   0   0   0   0   0   0   0   0  14  11   0   0   4   0   0   0   0   3  69  0.97 0.33
  163 D    -4  -4   2   8  -6  -3  -1  -4  -3  -6  -6  -3  -6  -6  -4  -3  -3  -7  -6  -6    0   0   7  93   0   0   0   0   0   0   0   0   0   0   0   0   0   0   0   0  2.09 0.52
  164 G    -2  -2   3   4  -5  -1  -1   5  -3  -5  -5  -2  -4  -5  -4  -2  -2  -5  -5  -5    0   1  13  24   0   1   2  56   0   0   0   1   0   0   0   0   2   0   0   0  1.04 0.31
  165 K     0  -1  -2  -2  -3   1   2  -3  -2   2  -2   1  -1  -3  -3   0   1  -4  -3   2    5   1   0   0   0   6  21   0   0  12   0  12   0   0   0   8   9   0   0  26  0.26 0.17
  166 K     0  -2  -2  -3  -3  -2  -1  -4  -3   1   1  -1   0   0   6  -2  -2  -3   1   0    6   1   2   0   0   0   3   0   0   7  18   3   3   3  39   2   0   0   6   7  0.64 0.22
  167 V     0  -3  -4  -4  -3   1  -3  -3  -3   4  -1   0   1   0  -4  -3  -2  -4   0   4    5   0   0   0   0   9   0   2   0  28   0   6   3   3   0   0   0   0   3  42  0.50 0.24
  168 Y    -1   6  -2  -4  -5  -2  -2   0   3  -4  -3  -1  -3   2  -4  -1  -3  -2   4  -4    4  51   0   0   0   0   0   8   8   0   0   0   0  10   0   3   0   0  17   0  0.85 0.32
  169 R    -2   2  -1  -2  -4   0   2  -3  -2  -3  -3   3  -3  -4  -3   0   4  -4  -3  -1    0  14   2   0   0   1  17   0   0   0   0  25   0   0   0   4  33   0   0   3  0.57 0.26
  170 G     1  -2   3  -1  -3  -1  -2   2  -2  -1   0  -1   0   0  -1  -1  -1  -3   1   1   12   0  19   3   0   2   0  16   0   1   9   4   3   3   3   3   0   0   7  17  0.13 0.12
  171 T     0  -2   1   0  -2  -2  -2   0  -2  -1  -1   1  -2  -2  -2   1   3   2   1   1    4   0   9   4   0   0   0   6   0   3   3   9   0   0   1  13  28   3   7  10  0.20 0.15
  172 R     0   2   1   0  -3   1   1  -1   0  -3  -2   2  -2  -3   2   1   1  -4  -3  -2    6  13   8   3   0   7   8   4   2   0   2  19   0   0  11   8   8   0   0   3  0.27 0.11
  173 N     0   0   3   2  -3   1   0   0   1  -3  -2   2  -2   0  -2   0  -1  -3   0  -3    8   2  23  12   0   7   3   5   4   0   4  17   0   4   1   8   0   0   3   0  0.25 0.14
  174 I    -1  -1  -3   0  -3  -3  -3  -4  -1   1   0  -3  -1   2   1  -3  -1   4   5  -1    4   4   0   8   0   0   0   0   0  13  11   0   0  10   6   0   3   6  32   2  0.47 0.21
  175 P    -3  -2  -3  -1  -5  -3  -3   0  -4  -1  -4   0   1  -5   7  -3   0   3  -4  -4    0   1   0   4   0   0   0   8   0   4   0   5   4   0  64   0   6   4   0   0  1.46 0.39
  176 V    -1  -2   1   0  -1   3  -1  -2   3   0  -1  -1  -1   2  -1   0  -1  -3  -1   1    3   0   7   5   2  23   0   2   9   4   3   2   0  14   3   8   2   0   0  14  0.17 0.16
  177 T    -1   1   0   2  -3   4  -1  -3  -2  -3  -4   2  -3  -4  -3   0   4  -4  -3  -3    4   7   2  14   0  22   0   0   0   0   0  16   0   0   0   5  31   0   0   0  0.54 0.26
  178 P    -1  -4  -4  -1  -5   1  -3  -4  -4  -5  -5  -3  -4  -5   8  -3  -2  -5  -5  -4    4   0   0   3   0   8   0   0   0   0   0   0   0   0  80   0   2   0   0   0  2.12 0.48
  179 G    -3  -3  -3  -4  -3   0  -3   1  -3  -2  -1  -3   8   3  -4   0  -3  -3  -2  -2    0   0   0   0   0   4   0  11   0   0   0   0  59  15   0   8   0   0   0   0  1.11 0.40
  180 K    -1   3   0   0  -4   0  -1  -1   1  -3  -3   3  -1   0  -3   0  -1   2   3  -3    3  22   5   6   0   3   0   3   3   0   0  21   2   4   0   6   2   3  16   0  0.34 0.17
  181 I    -2  -1  -4  -4  -3  -3  -1  -5  -4   3   4  -3   4  -1  -4  -3  -2  -3  -3   2    0   3   0   0   0   0   4   0   0  24  41   0  12   0   0   0   0   0   0  15  0.60 0.23
  182 M    -2   0  -3  -2  -3   1   0  -4   2   1   1  -1   3   1  -1  -2  -1  -1   5  -1    0   6   0   2   0   7   6   0   5   9  10   2  13   5   3   0   4   0  26   2  0.32 0.18
  183 M     1  -3   0  -3  -2  -2  -3   0  -3   1   1  -2   5   1  -3   1  -1  -3  -2   0   14   0   6   0   0   0   0   6   0   5  13   0  26   8   0  13   1   0   0   7  0.28 0.19
  184 N    -1  -2   4  -2  -3  -2  -2   1  -2  -1  -3  -2  -3  -1  -3   4   1  -4   0  -1    2   0  25   0   0   0   0   8   0   4   0   0   0   3   0  43   9   0   3   3  0.53 0.26
  185 L    -2  -3  -4  -4  -3   1  -3  -4  -4   4   4  -3   0  -1  -4  -2  -1  -3  -3   1    3   0   0   0   0   8   0   0   0  26  52   0   0   0   0   3   3   0   0   5  0.60 0.24
  186 W     1  -1  -5  -6  -5  -1  -5  -1   0  -5  -4  -5  -4  -2  -6  -4  -5  12  -1  -5   13   3   0   0   0   2   0   4   3   0   0   0   0   0   0   0   0  74   0   0  2.83 0.60
  187 P     0  -2   2   2  -3  -1   1   1  -2  -1  -1  -1   0  -3   3   0  -1  -3  -2  -1    7   1  13  17   0   1  10  11   0   4   6   1   3   0  16   3   1   0   0   6  0.25 0.10
  188 G     0   0  -1  -1  -2  -2  -2   5  -2  -2  -1  -1  -2  -2  -2   0   0  -2  -2   0    6   6   1   3   0   1   1  49   1   1   7   1   1   1   1   4   7   0   1   8  0.45 0.14
  189 I     1  -1  -1   0  -2   0   1   0  -1   0  -1   0   0  -2   2   0   0   3  -1   0   12   1   1   4   1   5   9   8   1   5   4   8   3   1  12   6   8   5   1   6  0.12 0.04
  190 G     0  -2   3  -1  -2  -1   0   3  -2  -2  -3  -1  -2  -3   1   0   1  -3  -1  -2    8   1  18   1   0   1   7  32   0   3   1   1   0   1   8   5   9   0   2   1  0.35 0.13
  191 V     2  -2  -2  -2  -2  -2  -2   0   1   0  -1  -2  -1  -1  -2   0   3  -3  -2   2   27   1   1   1   0   1   1   5   5   3   4   1   0   3   1   1  27   0   0  17  0.25 0.15
  192 D    -2  -2  -1   4  -3  -1   0  -2  -2   2  -2  -2  -2  -2   1   0   1  -3   1  -1    1   1   1  36   0   1   5   1   0  20   1   1   0   1   6   9  10   0   7   1  0.38 0.17
  193 E     0  -2   0   5  -3   1   3   0   0  -3  -3   0  -3  -4   1   0  -2  -4  -3  -3    9   1   2  38   0   6  19   5   3   1   1   3   0   0   7   4   1   0   0   1  0.54 0.18
  194 W    -5  -2  -6  -6  -5  -4  -5  -2  -5  -5  -4  -5  -4  -2  -6  -5  -2  12  -1  -5    0   2   0   0   0   0   0   3   0   0   0   0   0   0   0   0   3  89   0   0  3.67 0.68
  195 L     4  -1  -3   0  -2  -2  -2   0  -3  -2   1  -2   0  -3   0   0  -1  -4  -3  -1   59   3   0   5   0   0   0   6   0   0  13   0   3   0   3   2   2   0   0   3  0.47 0.23
  196 G    -2  -2   0  -2  -3  -2  -1   5  -3  -4  -4  -2  -3  -4  -3  -1   4  -4  -4  -3    0   2   5   0   0   0   3  50   0   0   0   2   0   0   0   0  37   0   0   0  0.89 0.30
  197 R     0   3  -1   1  -3   2   1   1  -1  -3  -1   1   0  -3   0   0  -1  -3  -3  -2    5  22   1   7   0   9  11  12   0   0   5   7   3   0   5   8   3   0   0   2  0.22 0.10
  198 Y     0  -2   0  -2  -2  -1  -1   2   0   0   1  -2   0   2  -2   0   1  -1   1  -1    5   1   4   1   0   3   3  23   2   5  15   1   3  11   1   6  10   0   7   1  0.12 0.07
  199 D     2  -3   3   2  -3  -2  -2   4  -2  -4  -4  -1  -3  -4  -3   0   0  -4  -4  -3   19   0  15  12   0   0   0  43   0   0   0   4   0   0   0   3   6   0   0   0  0.63 0.21
  200 G     0  -2  -1   1  -3  -1   1   3  -2  -4  -4   0  -3  -3  -3   3  -1  -3   1  -3    5   0   0   7   0   0   8  30   0   0   0   6   0   0   0  36   1   0   7   0  0.49 0.21
  201 R     0   2   1   2  -4   0   0   0  -1  -4  -4   5  -3  -4  -3  -1  -2  -4  -3  -2    9  10   6  11   0   2   2   7   1   0   0  46   0   0   0   2   0   0   0   3  0.49 0.21
  202 T     2  -2   0   0  -2  -1   1   0  -2  -1   0  -1  -1   1  -2   0   2  -2   1   0   25   0   4   4   0   0  13   6   0   4   7   0   0   8   0   2  15   0   7   4  0.12 0.10
  203 P    -2  -2  -1  -1  -4  -2  -2  -2   1  -4  -4   2  -4  -5   7  -2  -3  -5  -4  -4    1   0   2   4   0   0   0   3   5   0   1  15   0   0  67   0   0   0   0   0  1.57 0.35
  204 L     0  -1  -1  -3  -2  -2  -3  -3  -2   1   1  -2  -1   5  -3  -1   1  -1   2   0    9   4   4   0   0   0   0   0   0   7  15   0   0  34   0   4   9   0   4   7  0.31 0.15
  205 Q    -1  -2   2  -1  -3   0   0  -3  -2   0  -2   0  -1  -1  -2   2   4  -3   1   0    0   0  10   1   0   5   5   0   0   4   0   5   1   3   0  17  33   0   8   8  0.29 0.17
  206 A     3  -2  -3  -4  -3  -1  -3  -3  -3  -1   0  -2   6  -2  -3  -1   1   3   1  -1   30   1   0   0   0   3   0   0   0   0   6   0  33   0   0   3  11   5   7   2  0.53 0.27
  207 E    -1  -1  -1  -1  -3   2   1  -2   2  -3  -3   2  -2   1  -3   2   0  -2   4  -2    2   0   0   2   0  10  10   2   5   0   0  17   0   7   0  20   3   0  20   3  0.31 0.17
  208 Y    -3  -4  -4  -5  -3  -4  -4  -5  -1   2  -1  -4  -2   1  -5  -4  -3  -1   7   3    0   0   0   0   0   0   0   0   0  15   2   0   0   3   0   0   0   0  53  27  1.13 0.35
  209 E    -1   3   1   5  -5   1   1  -3  -1  -4  -4   3  -3  -5  -3  -1  -2  -5  -4  -4    3  17   7  45   0   4   4   0   1   0   0  19   0   0   0   0   0   0   0   0  0.75 0.24
  210 Y    -3  -1   2  -3  -4  -2   0  -4  -1  -4  -3  -1  -3   0   0   0  -3   9   5  -4    0   3  14   0   0   0   5   0   0   0   0   2   0   0   4   7   0  34  29   0  1.20 0.30
  211 V    -2  -4  -4  -5  -2  -4  -4  -5  -4   3   1  -4   0   2  -4  -3  -2  -3  -1   5    0   0   0   0   0   0   0   0   0  14   6   0   1  12   0   0   0   0   0  67  0.78 0.25
  212 K     0   5  -1  -2  -4   1  -1  -3   2  -2  -3   4  -2  -4  -3  -1  -1  -4  -3  -3    7  43   0   0   0   3   0   0   6   3   0  34   0   0   0   2   2   0   0   0  0.72 0.23
  213 Y     2  -2  -3  -3  -2  -2  -2  -2  -2   1  -1  -1  -1   1  -3   0   1  -2   4   3   24   0   0   0   0   0   0   0   0   4   0   4   0   4   0   5   7   0  19  33  0.29 0.15
  214 Y    -2  -2   1   0  -3   0  -2  -3   0  -3  -3  -2  -2   1  -3  -1   3   0   7  -2    0   0   7   5   0   4   0   0   0   0   0   0   0   0   0   0  26   0  58   0  0.89 0.25
  215 P     1   0  -1  -2  -3   0   0  -2  -1  -3  -3   4  -2   0   2   1  -1  -3   0  -2   14   0   0   0   0   0   0   0   0   0   0  50   0   5  10  17   0   0   5   0  0.37 0.11
  216 N     1  -1   5   0   4   2   0  -1   0  -3  -3   0  -2  -3  -2   0  -1  -3  -2  -2   15   0  53   0  14  19   0   0   0   0   0   0   0   0   0   0   0   0   0   0  0.45 0.05
  217 G     0  -2  -1  -1  -3  -1   1   6  -2  -4  -4  -1  -3  -4  -2   0  -2  -3  -3  -3    0   0   0   0   0   0  19  81   0   0   0   0   0   0   0   0   0   0   0   0  0.86 0.04
  218 V    -1  -3  -3  -3  -1  -3  -3  -4  -3   3   1  -3   1  -1  -3  -2   0  -3  -1   4    0   0   0   0   0   0   0   0   0  36   0   0   0   0   0   0   0   0   0  64  0.36 0.01
  219 P    -1  -2  -2  -2  -3  -1  -1  -2  -2  -3  -3  -1  -3  -4   8  -1  -1  -4  -3  -3    0   0   0   0   0   0   0   0   0   0   0   0   0   0 100   0   0   0   0   0  2.05 0.01

                      K         Lambda
Standard Ungapped    0.1392     0.3184
Standard Gapped      0.0421     0.2670
PSI Ungapped         0.1377     0.3176
PSI Gapped           0.0421     0.2670
