
Last position-specific scoring matrix computed, weighted observed percentages rounded down, information per position, and relative weight of gapless real matches to pseudocounts
            A   R   N   D   C   Q   E   G   H   I   L   K   M   F   P   S   T   W   Y   V   A   R   N   D   C   Q   E   G   H   I   L   K   M   F   P   S   T   W   Y   V
    1 Q    -4   2  -3  -3  -7   5   4  -5   6  -7  -6   4  -5  -6  -5  -4  -4  -6  -4  -6    0   8   0   0   0  22  25   0  18   0   0  26   0   0   0   0   0   0   0   0  1.29 0.62
    2 L    -6  -7  -5  -8  -6  -7  -7  -8  -7   1   5  -7   0   6  -8  -5  -6  -5  -2  -2    0   0   1   0   0   0   0   0   0   8  58   0   2  28   0   1   0   0   1   2  1.60 0.74
    3 T    -3  -2   1   0  -3  -3  -2  -3  -5  -4  -4  -1  -5  -7  -2   5   5  -7  -6  -5    1   2   6   5   1   1   2   2   0   1   2   3   0   0   3  39  32   0   0   0  1.01 0.66
    4 D    -1  -1  -2   1  -6   3   5  -4   0  -4  -4   1  -5  -7   2  -1  -3  -7  -5   0    5   3   2   7   0  13  33   1   3   1   1   9   0   0  11   4   1   0   0   6  0.67 0.48
    5 D    -1  -2   1   4  -7   0   5  -6  -3  -5  -3   2  -4  -3  -3   0  -3  -3  -4  -5    4   1   5  20   0   3  41   0   1   0   2  10   0   1   1   6   1   0   1   1  0.94 0.59
    6 Q    -3  -3  -2   1  -7   5   5  -5   0  -4  -4  -1   0  -7  -6   0  -3   1  -4  -5    2   1   1   7   0  27  40   1   2   1   1   3   3   0   0   6   2   2   1   0  1.14 0.71
    7 I    -2  -2  -4  -3  -2  -1  -1  -6  -2   5   2   0   1  -2  -4  -2  -1  -6  -5   2    3   2   0   1   1   2   5   0   1  35  18   5   4   1   1   3   3   0   0  13  0.62 0.40
    8 S     1   0   1   2  -2   3   3  -2  -1  -4  -3   2  -2  -4  -4   0   0  -6  -3  -3   14   4   7  10   1  14  16   2   1   1   3  12   1   1   0   7   5   0   1   1  0.38 0.33
    9 E     0   2   0   2  -3   2   5  -1  -3  -4  -4   1  -3  -5  -5  -2  -3  -7  -2  -3    7  11   4  11   1   7  37   5   0   1   2   6   1   0   0   2   1   0   2   2  0.69 0.49
   10 F    -3  -5  -6  -6  -1  -6  -7  -7  -1   2   4  -7   2   5  -7  -5  -4   4   1   0    2   1   0   0   2   0   0   0   2  10  42   0   4  19   0   0   1   5   5   6  1.05 0.57
   11 K    -3   4  -3  -4  -5   2   1  -2   1  -3  -3   5  -3  -3  -6  -3  -2  -1   2  -3    2  21   1   0   0   8   8   4   3   2   3  33   1   1   0   2   2   1   7   2  0.78 0.52
   12 E     0   2  -1   1  -6   2   4  -4  -1  -4  -4   3  -1  -3  -3  -1  -1  -6  -5  -5    7  12   3   7   0   8  28   1   2   1   2  18   1   1   1   4   4   0   0   1  0.62 0.45
   13 A     3   1  -4  -3  -1  -1  -2  -1  -1   2   1  -2   3  -2  -4  -1  -1   2  -1   1   23   7   0   1   1   3   2   5   2  10  12   2   8   2   0   4   3   3   2  11  0.25 0.24
   14 F    -6  -8  -9  -9  -8  -9  -9  -7  -7  -3  -4  -9  -4   9  -9  -8  -8   2   3  -3    1   0   0   0   0   0   0   0   0   2   1   0   0  83   0   0   0   3   8   2  3.04 1.25
   15 S    -1   2   2   2  -3   2   1  -3   1  -4  -2   3   0  -4  -4   0  -1  -3  -3  -3    6   9   9  11   1   8   9   2   3   1   4  21   3   1   0   7   4   0   1   2  0.36 0.29
   16 L     0   1  -1  -3  -2   1  -1  -3   1   0   2   2   2   0  -4   0  -1  -3  -2   0    6   9   3   0   1   6   3   2   4   6  19  15   7   3   0   6   3   0   1   6  0.18 0.20
   17 F    -2  -4  -7  -7  -1  -5  -6  -6  -2   2   3  -5   4   7  -7  -5  -5  -2   3  -1    4   1   0   0   1   0   0   0   1  12  22   1   8  36   0   1   0   0   7   4  1.17 0.60
   18 D    -3  -4  -2   8  -1  -5  -3  -4  -6  -5  -6  -2  -7  -6  -6  -1  -3  -7  -4  -4    3   1   2  76   2   0   1   2   0   1   1   3   0   1   0   4   2   0   1   1  2.11 0.98
   19 K     0   2  -2  -1  -3   1   0  -1   0  -1  -2   3  -2  -3   0   0   2  -5  -3  -1    9  11   1   3   0   5   6   4   2   3   4  21   1   1   5   7  11   0   1   5  0.24 0.24
   20 D    -5  -3   5   6   2  -2  -1  -2  -2  -4  -8  -1  -7  -8  -4   0  -3  -9  -5  -6    0   1  25  44   5   2   4   4   1   1   0   4   0   0   1   6   2   0   0   0  1.35 0.75
   21 G    -3   2   2  -1  -6   1  -1   4   1  -5  -4   4  -5  -6   0  -1  -3  -6  -5  -6    2  10   8   3   0   6   4  28   3   1   1  22   0   0   5   4   1   0   0   0  0.66 0.45
   22 D    -5  -3   3   6  -5  -3  -2  -5  -6  -8  -8   1  -4  -8  -4   3   0  -9  -7  -6    0   1  13  43   0   1   2   1   0   0   0   9   0   0   1  21   6   0   0   1  1.28 0.75
   23 G    -4  -3   1  -5  -5  -4  -5   7  -3  -9  -7  -5   1  -8  -8  -2  -7  -4  -8  -8    1   2   5   1   0   1   1  81   1   0   1   0   3   0   0   3   0   0   0   0  2.16 1.03
   24 C    -1   1  -2  -3   0   0   0  -3   1  -1   0   2  -1   3  -4   0   1  -4   2  -1    4   7   2   1   2   4   6   1   3   4   7  14   2  11   0   7  11   0   8   5  0.20 0.21
   25 I    -4  -8  -8  -8  -7  -5  -8  -9  -8   7   2  -8  -1  -2  -8  -7  -5  -8  -4   3    2   0   0   0   0   1   0   0   0  59  19   0   2   2   0   0   1   0   1  15  1.81 0.85
   26 T    -3  -3   1   3  -1  -3   0  -2   0  -6  -5  -3  -6  -3  -2   4   4  -7  -6  -6    1   2   6  18   2   1   7   3   2   0   1   1   0   1   3  27  26   0   0   0  0.83 0.59
   27 T     0   1  -2  -1  -1  -1   0  -2  -1   1   1   2   0   0   0  -1   0   1   1   0    9   8   1   2   2   1   7   2   1   7  12  13   3   5   4   3   5   2   6   8  0.07 0.10
   28 K    -1  -1   1   3  -6   1   4  -2   2  -4  -3   1  -1  -3  -3   0  -1  -6  -2  -3    6   3   6  16   0   6  25   3   4   1   2  10   2   1   1   8   4   0   2   2  0.46 0.36
   29 E    -4  -6  -2   3  -9   1   7  -3  -2  -8  -7  -3  -4  -5  -7  -2  -2  -9  -8  -6    1   0   2  15   0   6  64   2   1   0   1   1   1   1   0   3   2   0   0   1  1.73 0.97
   30 L    -4  -7  -8  -9  -2  -7  -8  -8  -7   1   5  -8   1   6  -8  -7  -5   2  -1   0    2   0   0   0   1   0   0   0   0   6  50   0   3  26   0   0   1   3   2   6  1.48 0.76
   31 G     0   2  -1  -1  -2   2   0   1  -1  -1  -2   4   1  -3  -3  -1  -1  -5  -1  -2    8   9   2   3   1  10   5  13   1   4   3  24   4   1   1   3   4   0   2   2  0.33 0.29
   32 T     0   0   1   2  -2   1   1  -2   0  -2  -1   1   0  -1  -3   1   1  -2  -2  -2    9   5   6  12   1   8  10   2   2   2   7   9   2   2   1   9   8   0   1   3  0.15 0.17
   33 V     2  -3  -5  -5   3  -5  -5   1  -3   3   0  -5   2   2  -5  -2  -1   1  -1   2   17   1   0   0   6   0   0  10   0  17  10   0   4   9   0   3   4   2   2  14  0.43 0.31
   34 M    -3  -6  -7  -7   1  -6  -7  -7  -6   2   5  -6   5   3  -7  -5  -4  -5   2   0    2   0   0   0   2   0   0   0   0   9  50   0  13   9   0   1   1   0   6   5  1.22 0.67
   35 R     0   3   0  -2  -3   1   1  -2   1  -3  -3   3  -1  -1   0   0  -1  -5  -3  -3    9  17   5   2   0   6   8   3   3   1   2  21   2   3   5   6   4   0   1   2  0.35 0.32
   36 S     1   1   1  -1  -1   0   0  -2   0  -3  -1   2   0  -4  -3   2   0  -3  -4  -2   12   9   7   3   2   4   6   3   2   1   6  15   3   1   1  16   5   0   0   3  0.22 0.25
   37 L    -2  -3  -2  -5  -1  -2  -3  -4  -3   0   4  -2   3   3  -5  -2  -1  -4   0   1    4   1   2   1   2   2   2   2   1   4  41   2   8  11   0   3   3   0   3   8  0.60 0.41
   38 G    -1  -2   1  -2  -3   0  -2   5   0  -4  -4   0  -5   1  -2   0  -2  -6  -4  -4    5   2   6   2   1   4   2  47   2   1   2   6   0   6   2   7   3   0   1   1  0.78 0.52
   39 Q     0   1  -1  -1  -1   2  -1  -1   0   0   1   0   1   0   1   0   0   1   1   0    7   8   2   2   2   9   3   3   3   5  13   6   4   3   6   7   4   2   6   5  0.06 0.10
   40 N    -1   0   4   1  -2   0   0  -1   1  -3  -4   1   0  -2   0   1   0  -6  -1  -2    6   4  22   9   1   3   7   4   4   1   1  10   3   2   6   8   4   0   2   3  0.32 0.30
   41 P    -1  -2  -3  -2  -3  -2  -2  -2  -2   1   2  -2   1   0   4  -1  -1   0   1   1    4   2   1   2   1   2   2   3   1   6  20   3   4   3  23   4   3   1   4   8  0.37 0.31
   42 T    -1  -2   0   1  -5  -1  -1  -2  -2  -1  -1   1  -2  -1   3   2   4  -5  -2  -2    3   2   4   7   0   2   3   3   1   3   7   8   1   3  12  14  23   0   1   3  0.31 0.33
   43 E    -1   0   1   3  -5   1   3  -2  -1  -3  -2   1  -1  -2   1   0  -1   2  -1  -3    6   4   7  16   0   5  20   3   1   2   4   8   2   1   6   5   3   3   2   1  0.31 0.29
   44 A     2   0  -1   2  -4   0   2  -1   0  -2  -2   0   1  -3  -1   1  -1  -5  -1  -2   18   5   2  13   0   4  14   4   2   2   4   6   4   1   3   9   4   0   2   2  0.22 0.25
   45 E    -1   0  -1   2  -3   1   5  -3   0  -3  -2   1   1  -1  -3  -1   0  -5  -1  -2    5   5   2  11   1   5  34   1   2   1   4   8   3   3   1   4   5   0   2   2  0.47 0.40
   46 L     0  -2  -3  -2   1  -3  -3  -5  -5   3   3  -2   1   1  -5  -3  -1  -1  -2   3    9   2   1   2   3   1   1   0   0  17  24   2   3   6   0   1   4   1   1  21  0.48 0.35
   47 Q     0   1   0   1  -1   2   2  -2   3  -2  -2   2  -1  -2  -2  -1   0  -5  -1  -2    8   7   3   7   1   9  15   2   7   3   4  14   2   2   2   4   5   0   2   2  0.22 0.23
   48 D     0   2   0   1  -4   1   2  -1   0  -2  -2   2  -1  -3  -1   1  -1  -1  -2  -2    8  10   5   7   0   7  14   5   2   2   5  12   2   1   3   9   4   1   1   2  0.18 0.19
   49 M    -1  -2  -2  -3  -1  -1  -2  -3   0   2   2  -3   5   1  -3  -2  -1   0  -1   2    6   2   2   2   1   3   3   2   2  11  22   2  15   5   1   2   3   1   2  13  0.35 0.28
   50 I    -2  -4  -4  -5   1  -2  -2  -3   0   2   2  -2   4   4  -2  -1  -1   2   1   0    3   0   0   0   3   2   2   2   2  13  18   3  11  16   3   4   3   3   4   7  0.37 0.30
   51 N     0   1   1   2  -3   1   0   0   1  -1  -2   1   0  -1  -1   1   0  -3   0  -1    8   7   6  11   0   8   6   7   3   3   4   8   3   3   3   9   5   0   3   3  0.09 0.12
   52 E     0   0   0   0   0   1   1  -1   0   0   0   0   1  -2   0   0   0   1   0   0    9   5   4   6   3   5  12   4   3   5   8   5   5   0   3   7   5   3   3   5  0.05 0.09
   53 V     1  -4  -2  -2   1  -2  -3  -2   1   1   0  -2   1   4  -1  -1  -1   0   2   1   14   0   1   2   3   1   1   4   4   9   8   3   3  17   3   4   4   1   8  11  0.24 0.22
   54 D    -3  -2   0   6  -6  -2   0  -3  -1  -3  -3   1  -3   0   0   0  -1   1  -3  -4    1   2   3  44   0   1   5   2   2   2   3   9   1   4   4   6   4   2   1   1  0.77 0.51
   55 A     0   1   0  -1  -1   0   0  -1  -1   0  -1   1   0  -1   1   1   1  -1   0   0   10   7   4   1   1   3   7   3   1   6   4  10   3   3   6  10   8   1   3   9  0.06 0.09
   56 D    -3   0   4   5  -5  -2   1  -1  -1  -3  -1   0  -1  -3   0  -1  -1  -5  -1  -3    2   5  17  30   0   1   8   4   1   1   6   6   1   1   4   5   3   0   2   2  0.51 0.37
   57 G     0   1   2  -1  -1   1   0   3   1  -4  -2   1  -1  -2  -2  -1  -1  -4  -1  -3    6   6   9   3   2   7   7  26   3   0   5  10   2   2   1   3   3   0   3   2  0.28 0.24
   58 N     0   0   3   3   0   1   0  -1   0  -4  -3   0   0  -4  -3   1   0   1  -1  -1    6   4  13  20   2   7   5   4   2   0   2   6   3   0   0  12   4   2   3   4  0.28 0.25
   59 G    -1  -1  -1   0   0  -1  -1   5   0  -2  -1   1   0  -5  -2  -1  -2  -5  -4  -2    3   3   3   5   2   2   3  46   2   3   5   8   3   0   2   4   2   0   0   2  0.58 0.37
   60 T     0   1   0   0   1   0   1  -1   1  -1  -1   1   1   0   0   0   0  -3   1   0    9   8   3   5   3   4   9   4   4   3   4   7   4   3   4   7   7   0   5   7  0.05 0.06
   61 I    -4  -4  -5  -5  -4   0  -1  -2  -4   4   1  -1   2   1  -5  -1  -1  -4   1   3    0   0   0   0   0   4   5   4   0  24  15   5   6   6   0   4   4   0   4  18  0.44 0.29
   62 D    -2  -2   3   5  -1  -1   2   0  -1  -5  -4  -1  -2  -6  -1   2   1  -6  -3  -3    3   2  11  31   1   2  11   6   2   0   1   3   1   0   3  13   7   0   1   2  0.59 0.42
   63 F    -3  -2  -5  -2   0  -2  -3  -4   1  -1   1  -3   2   6  -2  -2  -3   1   4   0    2   3   0   2   2   2   2   2   3   3  11   2   6  32   2   3   2   2  15   6  0.71 0.46
   64 P    -1   0   0   2  -1   0   2  -1   0   0  -1   1   0  -1   0   0   1  -4  -1  -1    4   4   4  11   1   4  18   4   2   5   4   7   3   3   5   5   9   0   2   3  0.13 0.16
   65 E    -2  -2  -2   1  -6   0   6  -1  -1  -3  -2   0   1  -6  -2  -1  -1  -6  -6  -3    3   2   2   8   0   3  51   4   2   2   4   4   3   0   2   4   3   0   0   2  0.89 0.61
   66 F     0  -2   0   0   2   0   0   0   2   0  -1   0   1   1  -3   0   0   3   1   0    6   0   5   6   5   5   6   6   5   6   6   6   5   5   0   6   6   5   5   6  0.07 0.12
   67 L     0  -1  -1  -2   1  -1  -2  -2   0   2   2   0   1   1  -4  -1  -1   1   0   1    7   3   3   2   3   3   3   2   2  12  22   6   3   7   0   3   3   2   3  12  0.13 0.15
   68 N     0   0   0   1   1   1   1  -1   1   0  -1   1   0  -1   0   0   0  -3  -1  -1   10   5   5   7   3   6   8   5   4   7   4   8   3   2   3   7   7   0   2   4  0.05 0.07
   69 L    -1   0   0   0   2   0   0  -1   2   0  -1   0   1   0  -3   0   0   3   1   0    5   5   5   5   5   5   5   5   5   5   5   5   5   5   0   5   5   5   5   5  0.06 0.10
   70 M    -1  -1  -1  -4   1  -1  -1  -4   1   2   1  -1   3   1  -4  -1   0   3   1   1    4   3   3   0   3   3   5   0   4  11  16   5  10   6   0   4   5   4   6   8  0.19 0.19
   71 A    -1   0   0   0   2   0   0  -1   2   0  -1   0   2   1   0  -1   0   4   1  -1    5   5   5   5   5   5   5   5   5   5   5   5   5   5   5   5   5   5   5   5  0.09 0.08
   72 R     0   1   0   0   2   0   0  -1   1  -1  -1   0   1   0   0   0  -1   2   1  -1    7   8   4   5   5   4   5   5   4   4   7   6   5   4   5   8   4   3   5   5  0.05 0.05
   73 K    -1   0   0   0   2   0   0  -1   2   0  -1   0   2   1   0  -1   0   4   1  -1    5   5   5   5   5   5   5   5   5   5   5   5   5   5   5   5   5   5   5   5  0.09 0.08
   74 M    -1   0   0   0   2   0   0  -1   2   0  -1   0   2   1   0  -1   0   4   1  -1    5   5   5   5   5   5   5   5   5   5   5   5   5   5   5   5   5   5   5   5  0.09 0.08
   75 K    -1   1   2   0   1   0   1  -1  -1  -1  -1   3   0  -2   0   0  -1  -6   0  -1    5   8   8   6   3   4   9   4   2   3   6  15   2   2   5   7   4   0   3   5  0.14 0.14
   76 D    -2   0   0   2   0   1   2   0   0  -2  -2   3  -1  -2   0  -1  -1   1   0  -3    4   5   4  10   2   6  12   8   2   2   4  14   2   2   5   5   4   2   3   2  0.14 0.18
   77 T     1   0  -1  -1   0   0   0   0   0  -1  -1   0   1  -1   0   0   1   1   0  -1   10   4   3   4   2   5   7   8   3   4   7   5   3   3   5   6  10   2   3   3  0.02 0.07
   78 D    -1   0   0   0   2   0   0  -1   2   0  -1   0   2   1   0  -1   0   4   1  -1    5   5   5   5   5   5   5   5   5   5   5   5   5   5   5   5   5   5   5   5  0.09 0.08
   79 S    -1   1   1   0   1  -1   1  -2   0  -1  -1   0  -1  -1   2   2   1  -2  -1  -1    5   7   6   4   3   2   9   2   2   4   7   4   1   3  10  17   9   1   2   3  0.13 0.15
   80 E    -1   0  -1   2  -4  -1   5  -3   0  -2  -1   1  -1  -2  -1  -1  -3  -3   0  -1    6   4   2   9   0   2  36   2   2   3   6   7   1   2   3   4   1   0   4   4  0.46 0.33
   81 E     1  -1   0   3  -4   2   4  -3  -1  -4  -3   2  -3  -4  -5  -1  -2  -6  -5  -3   10   3   5  16   0   8  29   2   1   1   3  13   1   1   0   4   2   0   0   2  0.60 0.42
   82 E    -1  -1  -1   3  -2   1   3  -2   3  -3  -3   3  -2  -5  -2  -2   0   2  -2  -2    6   3   2  14   1   5  21   3   6   1   2  16   1   0   2   2   5   3   1   4  0.42 0.32
   83 L    -2  -5  -6  -7  -2  -6  -5  -5  -3   4   4  -4   2   3  -6  -3  -3   4   0   1    4   1   0   0   1   0   1   1   1  19  36   1   4  10   0   2   1   5   3  10  0.80 0.44
   84 K    -2   4  -2  -1  -1   1   1  -4   0   0   0   3   2  -3  -1  -2  -2  -5  -1  -1    3  20   2   4   1   6   9   1   2   5   8  22   5   1   3   2   2   0   3   4  0.38 0.30
   85 E     0   0   1   1  -2   1   3  -2   0  -2  -1   3  -3   0  -3  -1  -1   3  -1  -2    9   5   6   7   1   5  17   3   3   2   5  16   0   5   1   5   3   4   2   2  0.23 0.22
   86 A     5  -1  -3  -3   1  -2  -4  -1  -3   2  -2  -3   2  -1  -4  -1  -1  -2  -3   1   46   4   1   1   2   1   1   4   1  10   3   1   5   2   1   4   3   1   1   8  0.61 0.45
   87 F    -5  -8  -8  -8  -7  -8  -8  -8  -6  -2  -1  -8  -2   9  -8  -5  -7   1   2  -3    1   0   0   0   0   0   0   0   0   3   5   0   1  78   0   1   0   2   6   2  2.65 1.09
   88 R    -1   4   0   1  -4   1   0  -2   0  -3  -3   4   0  -3  -4   0  -1   0  -3  -3    4  20   4   7   0   7   7   3   2   1   3  25   2   1   1   6   3   1   1   2  0.45 0.34
   89 V     0  -1  -3  -3   0  -1   0  -4   0   2   2   1   4   1  -4  -1  -1  -4  -1   2    7   3   1   1   2   2   5   1   3  11  17  10  10   5   0   4   3   0   2  12  0.21 0.20
   90 F    -2  -6  -4  -5   0  -6  -4  -7  -1   2   2  -5   1   6  -7  -4  -4  -4   6  -2    3   0   1   1   2   0   1   0   2  10  15   1   3  36   0   1   1   0  22   2  1.22 0.62
   91 D    -2  -6  -1   8  -8  -5  -1  -4  -3  -5  -6  -5  -4  -5  -6  -3  -4  -8  -4  -5    3   0   2  80   0   0   3   2   1   1   1   1   1   1   0   1   1   0   1   1  2.25 1.01
   92 K    -1   1  -2  -1  -4   1   0  -3  -1  -1   0   4   1  -1   0  -1   0  -5  -2   0    6   6   1   4   0   6   6   2   1   3   9  30   3   3   4   5   5   0   1   7  0.27 0.25
   93 D    -2  -3   4   6  -7  -1   2  -3  -2  -5  -6  -1  -7  -7  -2  -2  -4  -8  -4  -7    3   1  18  48   0   3  13   2   1   1   1   3   0   0   2   2   1   0   1   0  1.30 0.70
   94 Q    -2   1   1  -1  -2   1   0   4   1  -5  -6   3  -5  -5  -3  -1  -3  -6  -2  -6    3   9   7   3   1   6   7  35   3   1   0  18   0   0   1   4   1   0   1   0  0.68 0.44
   95 N    -3  -1   4   5  -2  -2  -1  -3  -3  -6  -5   1  -3  -6  -3   3   1  -7  -6  -5    2   3  19  29   1   1   3   1   1   0   1   7   1   0   1  21   9   0   0   1  0.84 0.53
   96 G    -4  -2  -1  -3  -7  -3  -3   7  -2  -7  -3  -2  -4  -7  -1  -4  -4  -7  -7  -7    1   3   3   2   0   1   2  75   1   0   3   3   1   0   3   1   1   0   0   0  1.73 0.82
   97 F    -2   0  -2  -3   2  -1  -1  -3   0  -1   0   2  -1   4  -3   0   1  -3   4   0    2   4   2   1   5   2   3   2   2   3   7  11   1  17   1   6   8   0  17   6  0.36 0.29
   98 I    -4  -7  -8  -8  -6  -7  -8  -8  -8   7   2  -4   1  -3  -7  -7  -6  -7  -6   2    2   0   0   0   0   0   0   0   0  65  15   1   2   1   0   0   0   0   0  14  1.86 0.83
   99 S    -3  -4   1   3  -1  -2   1  -2  -3  -5  -3  -2   0  -6   0   3   4  -6  -6  -4    1   0   6  18   1   1   9   2   1   0   2   2   2   0   4  25  23   0   0   1  0.69 0.50
  100 A     2   1  -2  -2  -3  -1   1  -1  -1   0   0   1  -1  -1   1   0  -1   0  -1   0   19   9   1   1   0   2   8   4   2   7   9  11   1   3   6   6   3   1   1   6  0.09 0.13
  101 A     1  -2   0   4  -3   1   4  -2   1  -4  -4   1  -2  -4  -4   0  -2  -3   0  -4   11   2   4  22   1   5  24   3   3   1   2   7   1   0   0   6   2   0   4   1  0.50 0.38
  102 E    -5  -3  -1   2  -4  -1   7  -3  -2  -7  -6  -2  -4  -5  -6  -1  -3  -7  -1  -5    1   1   2  12   0   2  64   3   1   0   1   3   0   1   0   5   2   0   2   1  1.50 0.82
  103 L    -4  -7  -8  -8  -6  -7  -7  -8  -7   2   5  -7   3   4  -7  -5  -3   1  -2   0    1   0   0   0   0   0   0   0   0   8  59   0   7  13   0   1   1   2   1   6  1.36 0.68
  104 R    -1   5  -2  -3  -2   1  -1  -2   0  -1  -2   4   0  -1  -4  -2  -1  -5   0  -2    4  27   2   1   1   6   4   2   2   5   4  25   3   2   1   2   3   0   3   2  0.55 0.39
  105 H     0   2   0   1   0   3   2  -2   2  -2  -2   1   0  -3  -3   0   0  -2  -1  -2    6  13   5   7   2  12  15   3   5   2   4   7   2   1   0   6   5   1   2   2  0.24 0.23
  106 V     2  -4  -2  -5  -1  -4  -2  -3  -2   2   0  -3   3   2  -4  -1   0   0   0   3   17   1   2   0   1   0   2   2   1  13   9   2   9   9   0   3   5   1   4  19  0.35 0.27
  107 M    -1  -5  -6  -7   2  -4  -6  -5  -2   0   5  -5   4   2  -6  -4  -3   0   0   1    4   1   0   0   4   1   0   1   1   5  53   1   9   7   0   1   1   1   3   7  0.95 0.52
  108 T     0   1  -1  -1  -2   1   1  -2   1  -1  -1   3   1  -3  -2   0   2  -3  -2  -1    7   7   3   3   1   6  10   3   3   3   5  18   5   1   2   6  12   0   1   3  0.18 0.19
  109 N     1   0   2   1  -2   1   2  -1  -1  -1  -2   1  -1  -5  -2   1   1  -5  -4  -3   10   5  10   6   1   6  16   5   1   3   3   9   2   0   2  10  11   0   0   1  0.23 0.22
  110 L     0  -3  -3  -3  -1   0  -1  -4  -1   1   4  -3   3   2  -4  -1  -1   0  -2   0    7   1   1   1   1   4   4   1   2   6  36   1   8   9   1   5   4   1   1   6  0.39 0.29
  111 G     0  -4   0  -1   0  -4  -2   6  -3  -5  -4  -2  -4  -2  -4   0  -2  -6  -1  -4    7   1   4   4   2   1   2  58   1   1   2   2   1   2   1   6   2   0   3   1  1.10 0.60
  112 E    -1   0  -1   2  -1   0   3  -2  -1   0  -1   0   1   1   0  -1  -2   0   0  -1    4   6   2  14   1   3  23   2   1   5   6   5   4   6   4   3   2   1   4   4  0.22 0.21
  113 K    -1   1   2   1  -2   0   1  -1   2  -4  -4   3  -1  -4   1   1  -1   1   0  -3    5   8  10   7   1   3   8   5   5   1   1  17   2   0   8   9   4   2   3   1  0.27 0.24
  114 L    -3  -3  -3  -3   1   1  -3  -4  -1   1   4  -2   4   1  -2  -3  -2  -2  -2   1    2   1   1   1   3   6   1   1   1   8  37   3  12   7   2   2   3   1   1   7  0.51 0.35
  115 T    -1  -4   1   1  -2  -2  -1  -3  -5  -3  -2  -1  -5  -6   2   3   4  -6  -4  -3    4   1   6   7   1   2   5   2   0   1   5   3   0   0  10  23  28   0   0   2  0.62 0.47
  116 D    -1  -2  -1   4  -4   1   3  -2  -1  -3  -2   1   0  -4   2  -2  -2  -4  -2  -1    5   2   3  22   0   6  19   3   2   1   4   7   2   1  11   3   3   0   2   4  0.44 0.34
  117 E     1  -1  -2   2  -3   1   4  -3   2  -2  -2   1  -3  -3  -3  -1  -3   0  -1  -2   11   3   2  11   1   6  30   2   5   2   4   8   1   1   1   5   1   1   2   3  0.45 0.36
  118 E    -3  -1  -2   3  -1   2   5  -4   0   0  -3  -1  -1  -3  -4  -2  -1  -4  -2   0    2   3   2  13   1  10  35   1   2   5   3   4   1   2   1   2   4   0   1   7  0.61 0.44
  119 V     1  -4  -7  -7   4  -6  -7  -7  -4   3   2  -5   0  -1  -5  -4   1  -2  -3   4   11   1   0   0   7   0   0   0   0  17  17   0   2   3   1   1   8   1   1  31  0.82 0.48
  120 D    -2   1   1   4  -3   2   3  -4   1  -5  -3   3  -1  -6  -4  -2  -1  -6  -1  -4    3   7   6  22   1   8  19   1   3   1   3  15   1   0   1   3   3   0   3   1  0.59 0.42
  121 E     0   1   1   2  -6   2   4  -3   1  -3  -3   2  -2  -3  -3  -1  -1  -3   0  -2    8   6   5  10   0   7  24   2   3   2   2  11   1   1   1   4   4   0   3   3  0.37 0.30
  122 M    -2  -5  -7  -7   0  -5  -4  -7  -7   4   2  -4   7   1  -7  -4   1   2  -4   1    4   0   0   0   2   0   1   0   0  18  19   1  26   6   0   1   9   3   0   9  1.03 0.58
  123 I    -4  -7  -8  -8  -4  -7  -6  -8  -7   5   3  -7   4   5  -8  -5  -4   1  -1   0    2   0   0   0   0   0   0   0   0  30  22   0   9  24   0   1   1   2   2   6  1.31 0.65
  124 R     1   3   0   1  -1   2   2  -3   0  -3  -3   3   0  -4  -5   0  -2  -6  -3  -2   11  18   4   7   2   7  11   2   2   1   3  18   2   0   0   6   2   0   1   3  0.39 0.32
  125 E     1   0  -2   1  -1   1   4  -2   2  -1  -1   0   1  -3  -4   0  -2  -6  -3  -2   11   6   2   9   2   5  27   3   4   4   7   5   3   1   1   6   2   0   1   2  0.34 0.30
  126 A     3  -1  -4  -6   1  -4  -5  -1  -1   2  -1  -4   4   3  -5  -2  -2  -2   1   2   23   4   1   0   2   1   0   6   1  10   6   1   9  12   0   3   2   1   4  15  0.46 0.34
  127 D    -6  -7  -2   8  -4  -4  -2  -3  -5  -6  -8  -5  -8  -3   1  -2  -4  -8   0  -6    1   0   1  75   0   1   2   2   0   0   0   1   0   1   6   3   1   0   3   1  2.17 1.03
  128 V     0   0  -2  -2  -2   1   0  -2  -2   1   0   2  -1  -1   0   1   2  -2   0   1    8   5   1   2   1   6   5   3   1   7   9  12   1   2   4  10  12   1   3   9  0.09 0.13
  129 D    -4  -5   5   7  -2  -1  -1  -2   0  -6  -8  -2  -7  -8  -2  -2  -3  -8  -7  -7    1   1  28  49   1   3   3   3   2   1   0   3   0   0   2   3   1   0   0   0  1.59 0.81
  130 G    -2   0   2  -1  -3  -1   0   5   1  -5  -4   3  -4  -5  -2   0  -4  -6  -6  -2    3   6   8   4   0   2   6  37   3   0   2  15   0   0   2   7   0   0   0   3  0.66 0.44
  131 D    -4  -2   2   7  -4  -2  -1  -4  -4  -7  -7  -1  -7  -7  -4   1  -1  -8  -3  -7    1   2   7  63   0   1   3   1   0   0   1   4   0   0   1   8   5   0   1   0  1.63 0.82
  132 G    -4  -6  -1  -2  -5  -5  -3   7  -4  -8  -3  -3  -1  -8  -8  -4  -3  -8  -8  -8    1   0   3   3   0   1   2  80   0   0   3   2   2   0   0   1   2   0   0   0  2.05 0.97
  133 Q    -1   2   0  -3   1   2   0  -3   0  -2  -2   4   0   0  -5  -1   1  -5   0  -1    6  11   5   1   3  10   5   2   3   2   3  24   2   4   0   4   8   0   3   5  0.32 0.29
  134 I    -5  -8  -8  -9  -3  -8  -8  -9  -8   6   3  -8  -2   0  -8  -7  -6  -7  -6   4    1   0   0   0   1   0   0   0   0  42  27   0   1   4   0   0   0   0   0  26  1.59 0.76
  135 N    -4  -4   3   5  -2  -4  -2  -1  -3  -7  -8  -3  -7  -6  -5   4   1  -8  -5  -7    1   1  15  33   1   1   2   5   1   0   0   2   0   0   0  29   9   0   0   0  1.15 0.69
  136 Y    -4  -2  -5  -8  -4  -3  -3  -7  -2  -1   1  -2  -2   6  -4  -5  -4   3   7   0    1   3   0   0   0   2   2   0   1   3  12   3   1  32   1   1   1   3  29   5  1.28 0.67
  137 E    -2  -1   2   4  -7   0   4  -3   0  -4  -3   1  -2  -4  -3  -1  -2  -7  -2  -3    3   3  10  23   0   4  27   2   2   1   3   7   1   1   1   5   2   0   1   2  0.64 0.45
  138 E    -2  -4   0   3  -9  -2   7  -3  -6  -6  -7  -2  -8  -9  -6  -2  -5  -9  -8  -5    4   1   4  14   0   2  65   3   0   1   0   3   0   0   0   3   1   0   0   1  1.67 0.90
  139 F    -8  -9  -9 -10  -4  -9  -9  -9  -7  -4  -1  -9   0   9 -10  -9  -6   5   1  -5    0   0   0   0   0   0   0   0   0   1   5   0   2  80   0   0   0   6   4   1  2.93 1.20
  140 V     0  -1  -5  -5   2  -1  -2  -5  -2   3   1   0   2  -3  -5  -1   0  -5  -3   3    8   4   0   0   5   3   3   0   1  16  14   6   4   1   0   4   5   0   1  25  0.40 0.30
  141 K     2   3   1   1  -1   1   0  -3   1  -4  -3   2  -4  -3  -4   0   0  -4  -1  -2   16  15   8   8   2   6   6   1   3   1   3  14   0   1   0   5   6   0   3   2  0.29 0.26
  142 V     0  -3  -5  -4   3  -5  -5  -5  -1   2   2  -4   7   1  -6  -3  -2  -2  -1   1    7   2   0   1   7   0   1   0   2  12  17   1  30   6   0   1   2   0   2   9  0.88 0.51
  143 M    -4  -7  -8  -8   0  -6  -7  -8  -7   3   3  -7   8  -3  -7  -7  -5  -7  -3   3    1   0   0   0   2   0   0   0   0  13  25   0  40   1   0   0   0   0   1  16  1.68 0.79
  144 M    -3   0  -3  -5  -3  -1  -3  -5  -2   0   0   3   5  -2  -5  -2   3  -5  -1   2    1   5   1   0   0   2   1   0   1   5   9  22  15   1   0   2  19   0   2  14  0.57 0.42
  145 A     5  -5  -4  -5  -1  -5  -5  -4  -5  -6  -6  -5  -5  -7  -5   6  -3  -7  -6  -5   48   0   0   0   1   0   0   0   0   0   0   0   0   0   0  51   0   0   0   0  1.65 0.76

                      K         Lambda
Standard Ungapped    0.1333     0.3134
Standard Gapped      0.0509     0.2670
PSI Ungapped         0.1663     0.3182
PSI Gapped           0.0509     0.2670
