
Last position-specific scoring matrix computed, weighted observed percentages rounded down, information per position, and relative weight of gapless real matches to pseudocounts
            A   R   N   D   C   Q   E   G   H   I   L   K   M   F   P   S   T   W   Y   V   A   R   N   D   C   Q   E   G   H   I   L   K   M   F   P   S   T   W   Y   V
    1 D    -2  -1   1   5  -3   0   1  -1  -1  -3  -3  -1  -3  -3  -1   0  -1  -4  -3  -3    0   0   0   0   0   0   0   0   0   0   0   0   0   0   0   0   0   0   0   0  0.00     0.00
    2 I    -1  -3  -3  -3  -1  -3  -3  -3  -3   4   1  -2   1   0  -3  -2  -1  -2  -1   2    0   0   0   0   0   0   0   0   0   0   0   0   0   0   0   0   0   0   0   0  0.00     0.00
    3 S     1  -1   1   0  -1   0   0   0  -1  -2  -2   0  -1  -2  -1   4   1  -3  -2  -2    0   0   0   0   0   0   0   0   0   0   0   0   0   0   0   0   0   0   0   0  0.00     0.00
    4 T     0  -1   0  -1  -1  -1  -1  -1  -2  -1  -1  -1  -1  -2  -1   1   4  -2  -1   0    0   0   0   0   0   0   0   0   0   0   0   0   0   0   0   0   0   0   0   0  0.00     0.00
    5 V     0  -2  -3  -3  -1  -2  -2  -3  -3   2   1  -2   1  -1  -2  -2   0  -3  -1   4    0   0   0   0   0   0   0   0   0   0   0   0   0   0   0   0   0   0   0   0  0.00     0.00
    6 P    -1  -2  -2  -1  -3  -1  -1  -2  -2  -3  -3  -1  -2  -3   7  -1  -1  -3  -3  -2    0   0   0   0   0   0   0   0   0   0   0   0   0   0   0   0   0   0   0   0  0.00     0.00
    7 D    -2  -1   1   5  -3   0   1  -1  -1  -3  -3  -1  -3  -3  -1   0  -1  -4  -3  -3    0   0   0   0   0   0   0   0   0   0   0   0   0   0   0   0   0   0   0   0  0.00     0.00
    8 E    -1   0   0   1  -3   2   5  -2   0  -3  -3   1  -2  -3  -1   0  -1  -3  -2  -2    0   0   0   0   0   0   0   0   0   0   0   0   0   0   0   0   0   0   0   0  0.00     0.00
    9 T     0  -1   0  -1  -1  -1  -1  -1  -2  -1  -1  -1  -1  -2  -1   1   4  -2  -1   0    0   0   0   0   0   0   0   0   0   0   0   0   0   0   0   0   0   0   0   0  0.00     0.00
   10 Y    -2  -2  -2  -3  -2  -1  -2  -3   2  -1  -1  -2  -1   3  -3  -2  -1   2   6  -1    0   0   0   0   0   0   0   0   0   0   0   0   0   0   0   0   0   0   0   0  0.00     0.00
   11 D    -2  -1   1   5  -3   0   1  -1  -1  -3  -3  -1  -3  -3  -1   0  -1  -4  -3  -3    0   0   0   0   0   0   0   0   0   0   0   0   0   0   0   0   0   0   0   0  0.00     0.00
   12 A     4  -1  -1  -2   0  -1  -1   0  -2  -1  -1  -1  -1  -2  -1   1   0  -2  -2   0    0   0   0   0   0   0   0   0   0   0   0   0   0   0   0   0   0   0   0   0  0.00     0.00
   13 L    -1  -2  -3  -3  -1  -2  -3  -3  -3   1   4  -2   2   0  -3  -2  -1  -2  -1   1    0   0   0   0   0   0   0   0   0   0   0   0   0   0   0   0   0   0   0   0  0.00     0.00
   14 K    -1   2   0  -1  -3   1   1  -1  -1  -2  -2   4  -1  -3  -1   0  -1  -3  -2  -2    0   0   0   0   0   0   0   0   0   0   0   0   0   0   0   0   0   0   0   0  0.00     0.00
   15 L    -1  -2  -3  -3  -1  -2  -3  -3  -3   1   4  -2   2   0  -3  -2  -1  -2  -1   1    0   0   0   0   0   0   0   0   0   0   0   0   0   0   0   0   0   0   0   0  0.00     0.00
   16 D    -2  -1   1   5  -3   0   1  -1  -1  -3  -3  -1  -3  -3  -1   0  -1  -4  -3  -3    0   0   0   0   0   0   0   0   0   0   0   0   0   0   0   0   0   0   0   0  0.00     0.00
   17 R    -1   5   0  -1  -3   1   0  -2   0  -3  -2   2  -1  -3  -2  -1  -1  -2  -2  -2    0   0   0   0   0   0   0   0   0   0   0   0   0   0   0   0   0   0   0   0  0.00     0.00
   18 G     0  -2   0  -1  -2  -2  -2   5  -2  -3  -3  -1  -2  -3  -2   0  -1  -2  -3  -3    0   0   0   0   0   0   0   0   0   0   0   0   0   0   0   0   0   0   0   0  0.00     0.00
   19 K    -1   2   0  -1  -3   1   1  -1  -1  -2  -2   4  -1  -3  -1   0  -1  -3  -2  -2    0   0   0   0   0   0   0   0   0   0   0   0   0   0   0   0   0   0   0   0  0.00     0.00
   20 A     4  -1  -1  -2   0  -1  -1   0  -2  -1  -1  -1  -1  -2  -1   1   0  -2  -2   0    0   0   0   0   0   0   0   0   0   0   0   0   0   0   0   0   0   0   0   0  0.00     0.00
   21 T     0  -1   0  -1  -1  -1  -1  -1  -2  -1  -1  -1  -1  -2  -1   1   4  -2  -1   0    0   0   0   0   0   0   0   0   0   0   0   0   0   0   0   0   0   0   0   0  0.00     0.00
   22 P    -1  -2  -2  -1  -3  -1  -1  -2  -2  -3  -3  -1  -2  -3   7  -1  -1  -3  -3  -2    0   0   0   0   0   0   0   0   0   0   0   0   0   0   0   0   0   0   0   0  0.00     0.00
   23 K    -1   2   0  -1  -3   1   1  -2  -1  -3  -3   5  -1  -3  -1   0  -1  -3  -2  -2    0   0   0   0   0   0   0   0   0   0   0 100   0   0   0   0   0   0   0   0  0.52 0.00
   24 E    -1  -1  -1   0  -2   0   3  -3  -1   1  -1   0   0  -2  -2  -1   0  -3  -2   2    0   0   0   0   0   0  50   0   0   0   0   0   0   0   0   0   0   0   0  50  0.24 0.00
   25 T    -1  -2  -1  -2  -2  -2  -2  -2  -1   0   0  -2   0   4  -2   0   3   0   1   0    0   0   0   0   0   0   0   0   0   0   0   0   0  50   0   0  50   0   0   0  0.32 0.00
   26 Y    -2  -2  -3  -3  -2  -2  -3  -3   1  -1   0  -2   0   5  -3  -2  -2   2   5  -1    0   0   0   0   0   0   0   0   0   0   0   0   0  50   0   0   0   0  50   0  0.69 0.00
   27 E     0   0   0   1  -2   1   3  -1   0  -3  -3   0  -2  -3  -1   3   0  -3  -2  -2    0   0   0   0   0   0  50   0   0   0   0   0   0   0   0  50   0   0   0   0  0.43 0.00
   28 A     3  -2  -1  -2  -1  -1  -1   4  -2  -2  -2  -1  -2  -3  -1   0  -1  -3  -2  -1   50   0   0   0   0   0   0  50   0   0   0   0   0   0   0   0   0   0   0   0  0.52 0.00
   29 L    -2  -2  -3  -4  -1  -2  -3  -4  -3   2   4  -2   2   0  -3  -2  -1  -2  -1   1    0   0   0   0   0   0   0   0   0   0 100   0   0   0   0   0   0   0   0   0  0.46 0.00
   30 V     0   1  -1  -2  -2   0   0  -2  -2   1   0   3   0  -2  -2  -1   0  -3  -2   2    0   0   0   0   0   0   0   0   0   0   0  50   0   0   0   0   0   0   0  50  0.17 0.00
   31 K     3   1  -1  -1  -1   0   0  -1  -1  -2  -2   3  -1  -3  -1   1   0  -3  -2  -1   50   0   0   0   0   0   0   0   0   0   0  50   0   0   0   0   0   0   0   0  0.29 0.00
   32 R    -1   4   0  -1  -3   1   0  -2   0  -3  -2   4  -1  -3  -2   0  -1  -3  -2  -2    0  50   0   0   0   0   0   0   0   0   0  50   0   0   0   0   0   0   0   0  0.56 0.00
   33 Y    -2  -2  -2  -3  -2  -1  -2  -3   2  -1  -1  -2  -1   3  -3  -2  -2   2   7  -1    0   0   0   0   0   0   0   0   0   0   0   0   0   0   0   0   0   0 100   0  0.87 0.01
   34 K    -1   2   0  -1  -3   1   1  -2  -1  -3  -3   5  -1  -3  -1   0  -1  -3  -2  -2    0   0   0   0   0   0   0   0   0   0   0 100   0   0   0   0   0   0   0   0  0.52 0.00
   35 D    -2  -2   1   6  -4   0   2  -1  -1  -3  -4  -1  -3  -4  -2   0  -1  -4  -3  -3    0   0   0 100   0   0   0   0   0   0   0   0   0   0   0   0   0   0   0   0  0.93 0.00
   36 P     2  -2  -2  -2  -1  -1  -1  -1  -2  -2  -2  -1  -2  -3   6   0  -1  -3  -2  -1   50   0   0   0   0   0   0   0   0   0   0   0   0   0  50   0   0   0   0   0  0.89 0.00
   37 A     3   0  -1  -1  -1   4   1  -1   0  -2  -2   0  -1  -3  -1   1   0  -2  -2  -1   50   0   0   0   0  50   0   0   0   0   0   0   0   0   0   0   0   0   0   0  0.34 0.00
   38 H    -2   4   0  -1  -3   1   0  -2   6  -3  -3   1  -1  -2  -2  -1  -1  -3   0  -3    0  50   0   0   0   0   0   0  50   0   0   0   0   0   0   0   0   0   0   0  0.58 0.00
   39 G     1  -1   0  -1  -2  -1  -1   4  -1  -3  -3  -1  -2  -3  -1   3   0  -3  -2  -2    0   0   0   0   0   0   0  50   0   0   0   0   0   0   0  50   0   0   0   0  0.53 0.00
   40 A     2  -2  -2  -2  -1  -1  -1  -1  -2  -2  -2  -1  -2  -3   6   0  -1  -3  -2  -1   50   0   0   0   0   0   0   0   0   0   0   0   0   0  50   0   0   0   0   0  0.89 0.00
   41 G    -1  -2  -1  -2  -3  -2  -2   4   0  -2  -2  -2  -2   1  -3  -1  -2   1   5  -2    0   0   0   0   0   0   0  50   0   0   0   0   0   0   0   0   0   0  50   0  0.56 0.00
   42 K    -1   1  -1  -1  -3   0   0  -2  -1  -3  -3   3  -2  -3   6  -1  -1  -3  -2  -2    0   0   0   0   0   0   0   0   0   0   0  50   0   0  50   0   0   0   0   0  0.92 0.00
   43 G     0  -2   0  -1  -3  -2  -2   6  -2  -4  -4  -2  -3  -3  -2   0  -2  -3  -3  -3    0   0   0   0   0   0   0 100   0   0   0   0   0   0   0   0   0   0   0   0  1.04 0.00
   44 T     0   1   0  -1  -2   0   0  -2  -1  -2  -2   3  -1  -3  -1   1   3  -3  -2  -1    0   0   0   0   0   0   0   0   0   0   0  50   0   0   0   0  50   0   0   0  0.32 0.00
   45 M    -1  -2  -2  -3  -2  -1  -2  -3   0   0   1  -2   4   2  -3  -2  -1   1   5   0    0   0   0   0   0   0   0   0   0   0   0   0  50   0   0   0   0   0  50   0  0.39 0.00
   46 G     1  -1   0  -1  -2  -1  -1   4  -1  -3  -3  -1  -2  -3  -1   3   0  -3  -2  -2    0   0   0   0   0   0   0  50   0   0   0   0   0   0   0  50   0   0   0   0  0.53 0.00
   47 D    -1   1   1   4  -3   1   1  -1  -1  -3  -3   3  -2  -3  -1   0  -1  -4  -2  -3    0   0   0  50   0   0   0   0   0   0   0  50   0   0   0   0   0   0   0   0  0.51 0.00
   48 Y    -2  -2  -3  -3  -2  -2  -3  -3   1  -1   0  -2   0   5  -3  -2  -2   2   5  -1    0   0   0   0   0   0   0   0   0   0   0   0   0  50   0   0   0   0  50   0  0.69 0.00
   49 W    -3  -3  -4  -4  -2  -2  -3  -3  -2  -3  -2  -3  -1   1  -4  -3  -3  11   2  -3    0   0   0   0   0   0   0   0   0   0   0   0   0   0   0   0   0 100   0   0  2.33 0.01
   50 E    -1   1   0   1  -3   2   4  -2   0  -3  -3   3  -2  -3  -1   0  -1  -3  -2  -2    0   0   0   0   0   0  50   0   0   0   0  50   0   0   0   0   0   0   0   0  0.50 0.00
   51 P     0  -2  -1  -1  -2  -1  -1  -2  -2  -2  -2  -1  -1  -3   6   0   3  -3  -2  -1    0   0   0   0   0   0   0   0   0   0   0   0   0   0  50   0  50   0   0   0  0.90 0.00
   52 I    -1  -3  -3  -3  -1  -2  -3  -4  -3   3   3  -3   2   0  -3  -2  -1  -2  -1   2    0   0   0   0   0   0   0   0   0  50  50   0   0   0   0   0   0   0   0   0  0.37 0.00
   53 A     2  -2  -2  -2  -1  -1  -1  -1  -2  -2  -2  -1  -2  -3   6   0  -1  -3  -2  -1   50   0   0   0   0   0   0   0   0   0   0   0   0   0  50   0   0   0   0   0  0.89 0.00
   54 I     2  -2  -2  -2  -1  -2  -2  -1  -2   2   0  -2   0  -1  -2   0   0  -3  -2   2   50   0   0   0   0   0   0   0   0  50   0   0   0   0   0   0   0   0   0   0  0.19 0.00
   55 S     0  -1   0  -1  -2  -1  -1  -1   1  -2  -2  -1  -1   1  -2   2   0   1   5  -1    0   0   0   0   0   0   0   0   0   0   0   0   0   0   0  50   0   0  50   0  0.38 0.00
   56 I    -1   4  -2  -2  -2   0  -1  -3  -1   2   0   1   0  -1  -2  -1  -1  -3  -2   1    0  50   0   0   0   0   0   0   0  50   0   0   0   0   0   0   0   0   0   0  0.25 0.00
   57 Y    -2  -2  -2  -3  -2  -1  -2  -3   2  -1  -1  -2  -1   3  -3  -2  -2   2   7  -1    0   0   0   0   0   0   0   0   0   0   0   0   0   0   0   0   0   0 100   0  0.87 0.01
   58 M    -1  -2  -2  -3  -2  -1  -2  -3   0   0   1  -2   4   2  -3  -2  -1   1   5   0    0   0   0   0   0   0   0   0   0   0   0   0  50   0   0   0   0   0  50   0  0.39 0.00
   59 D    -2  -2   0   4  -2  -1   0  -2  -2   2   0  -2   0  -1  -2  -1  -1  -3  -2   1    0   0   0  50   0   0   0   0   0  50   0   0   0   0   0   0   0   0   0   0  0.29 0.00
   60 P    -1  -2  -2  -2  -3  -1  -1  -2  -2  -3  -3  -1  -3  -4   8  -1  -1  -4  -3  -2    0   0   0   0   0   0   0   0   0   0   0   0   0   0 100   0   0   0   0   0  2.05 0.01
   61 N    -2  -1   4   4  -3   0   1  -1   0  -3  -4   0  -3  -3  -2   0  -1  -4  -3  -3    0   0  50  50   0   0   0   0   0   0   0   0   0   0   0   0   0   0   0   0  0.67 0.00
   62 T    -1  -1  -1  -2  -2  -1  -1  -2   0  -1  -1  -1  -1   1  -2   0   3   1   5  -1    0   0   0   0   0   0   0   0   0   0   0   0   0   0   0   0  50   0  50   0  0.40 0.00
   63 F    -2  -2  -3  -3  -2  -2  -3  -3  -1   1   1  -2   4   4  -3  -2  -1   0   2   0    0   0   0   0   0   0   0   0   0   0   0   0  50  50   0   0   0   0   0   0  0.37 0.00
   64 Y    -2  -2  -2  -3  -2  -1  -2  -3   2  -1  -1  -2  -1   3  -3  -2  -2   2   7  -1    0   0   0   0   0   0   0   0   0   0   0   0   0   0   0   0   0   0 100   0  0.87 0.01
   65 K    -1   4   0  -1  -3   1   0  -2   0  -3  -2   4  -1  -3  -2   0  -1  -3  -2  -2    0  50   0   0   0   0   0   0   0   0   0  50   0   0   0   0   0   0   0   0  0.56 0.00
   66 P    -1  -2  -2  -2  -3  -1  -1  -2  -2  -3  -3  -1  -3  -4   8  -1  -1  -4  -3  -2    0   0   0   0   0   0   0   0   0   0   0   0   0   0 100   0   0   0   0   0  2.05 0.01
   67 P     0  -1   0  -1  -2  -1  -1  -1  -1  -3  -3  -1  -2  -3   6   2   0  -3  -2  -2    0   0   0   0   0   0   0   0   0   0   0   0   0   0  50  50   0   0   0   0  0.91 0.00
   68 V    -1  -1   4   0  -2  -1  -1  -2  -1   1  -1  -1   0  -2  -2   0   0  -3  -2   2    0   0  50   0   0   0   0   0   0   0   0   0   0   0   0   0   0   0   0  50  0.23 0.00
   69 S     0  -1   0  -1  -2  -1  -1  -1  -1  -3  -3  -1  -2  -3   6   2   0  -3  -2  -2    0   0   0   0   0   0   0   0   0   0   0   0   0   0  50  50   0   0   0   0  0.91 0.00
   70 P    -1  -3  -3  -2  -2  -2  -2  -3  -3   2   0  -2   0  -1   6  -2  -1  -3  -2   1    0   0   0   0   0   0   0   0   0  50   0   0   0   0  50   0   0   0   0   0  0.78 0.00
   71 K    -1   2   0  -1  -3   1   1  -2  -1  -3  -3   5  -1  -3  -1   0  -1  -3  -2  -2    0   0   0   0   0   0   0   0   0   0   0 100   0   0   0   0   0   0   0   0  0.52 0.00
   72 E     0  -1   0   0  -3   1   3   4  -1  -4  -3   0  -2  -3  -2   0  -1  -3  -3  -3    0   0   0   0   0   0  50  50   0   0   0   0   0   0   0   0   0   0   0   0  0.56 0.00
   73 V     0  -2  -1  -2  -1  -1  -2  -2  -2   1   0  -1   0  -1  -2   0   3  -3  -1   3    0   0   0   0   0   0   0   0   0   0   0   0   0   0   0   0  50   0   0  50  0.25 0.00
   74 A     2  -2  -2  -3  -1  -2  -2  -1  -1  -1   0  -2   0   4  -2   0  -1   0   1  -1   50   0   0   0   0   0   0   0   0   0   0   0   0  50   0   0   0   0   0   0  0.29 0.00
   75 E    -1   1   0   1  -3   2   4  -2   0  -3  -3   3  -2  -3  -1   0  -1  -3  -2  -2    0   0   0   0   0   0  50   0   0   0   0  50   0   0   0   0   0   0   0   0  0.50 0.00
   76 R    -1   4  -2  -2  -2   0  -1  -3  -1   0   2   1   1  -1  -3  -2  -1  -2  -1   0    0  50   0   0   0   0   0   0   0   0  50   0   0   0   0   0   0   0   0   0  0.29 0.00
   77 K    -1   1   0   1  -3   2   4  -2   0  -3  -3   3  -2  -3  -1   0  -1  -3  -2  -2    0   0   0   0   0   0  50   0   0   0   0  50   0   0   0   0   0   0   0   0  0.50 0.00
   78 D    -1   0   1   4  -3   4   2  -2   0  -3  -3   0  -1  -3  -1   0  -1  -3  -2  -3    0   0   0  50   0  50   0   0   0   0   0   0   0   0   0   0   0   0   0   0  0.58 0.00
   79 C     0  -3  -3  -4   9  -3  -4  -3  -3  -1  -1  -3  -1  -2  -3  -1  -1  -2  -2  -1    0   0   0   0 100   0   0   0   0   0   0   0   0   0   0   0   0   0   0   0  1.22 0.01
   80 V     0  -3  -3  -3  -1  -2  -2  -3  -3   3   1  -2   1  -1  -2  -2   0  -3  -1   4    0   0   0   0   0   0   0   0   0   0   0   0   0   0   0   0   0   0   0 100  0.35 0.00
   81 E     2  -1  -1   0  -2   1   3  -1  -1  -2  -2   0  -1  -3  -1   1   0  -3  -2  -1   50   0   0   0   0   0  50   0   0   0   0   0   0   0   0   0   0   0   0   0  0.36 0.00
   82 C     0  -3  -3  -4   9  -3  -4  -3  -3  -1  -1  -3  -1  -2  -3  -1  -1  -2  -2  -1    0   0   0   0 100   0   0   0   0   0   0   0   0   0   0   0   0   0   0   0  1.22 0.01
   83 H    -2   0   1  -1  -3   0   0  -2   8  -3  -3  -1  -2  -1  -2  -1  -2  -2   2  -3    0   0   0   0   0   0   0   0 100   0   0   0   0   0   0   0   0   0   0   0  0.87 0.01
   84 S     1  -1   1   0  -1   0   0   0  -1  -2  -3   0  -2  -2  -1   4   1  -3  -2  -2    0   0   0   0   0   0   0   0   0   0   0   0   0   0   0 100   0   0   0   0  0.46 0.00
   85 D    -1  -2   0   4  -2  -1   0  -2  -2   1  -1  -1  -1  -2  -2  -1  -1  -4  -2   2    0   0   0  50   0   0   0   0   0   0   0   0   0   0   0   0   0   0   0  50  0.29 0.00
   86 E    -1  -1  -1   0  -2   1   3  -2  -1   0   0   0   4  -1  -2  -1  -1  -2  -2   0    0   0   0   0   0   0  50   0   0   0   0   0  50   0   0   0   0   0   0   0  0.27 0.00
   87 T     0  -1   0  -1  -1  -1  -1  -2  -2  -1  -1  -1  -1  -2  -1   1   5  -2  -2   0    0   0   0   0   0   0   0   0   0   0   0   0   0   0   0   0 100   0   0   0  0.48 0.00
   88 P    -1  -2  -2  -2  -3  -1  -1  -2  -2  -3  -3  -1  -3  -4   8  -1  -1  -4  -3  -2    0   0   0   0   0   0   0   0   0   0   0   0   0   0 100   0   0   0   0   0  2.05 0.01
   89 V     0  -2  -1  -2  -2  -2  -2   4  -3   1  -1  -2  -1  -2  -2  -1  -1  -3  -2   2    0   0   0   0   0   0   0  50   0   0   0   0   0   0   0   0   0   0   0  50  0.34 0.00
   90 W    -2  -3  -4  -4  -2  -2  -3  -3  -3   2   0  -3   0   0  -3  -3  -1   9   1   1    0   0   0   0   0   0   0   0   0  50   0   0   0   0   0   0   0  50   0   0  0.97 0.00
   91 V     0  -3  -3  -3  -1  -2  -2  -3  -3   3   1  -2   1  -1  -2  -2   0  -3  -1   4    0   0   0   0   0   0   0   0   0   0   0   0   0   0   0   0   0   0   0 100  0.35 0.00
   92 R    -1   6   0  -2  -3   1   0  -2   0  -3  -2   2  -1  -3  -2  -1  -1  -3  -2  -3    0 100   0   0   0   0   0   0   0   0   0   0   0   0   0   0   0   0   0   0  0.75 0.00
   93 A     2  -2   0   4  -2  -1   1   0  -1  -2  -2  -1  -2  -3  -1   1  -1  -3  -2  -1   50   0   0  50   0   0   0   0   0   0   0   0   0   0   0   0   0   0   0   0  0.41 0.00
   94 W    -2  -2  -3  -4  -2  -2  -2  -3   0  -2  -1  -2  -1   2  -3  -2  -2   9   5  -2    0   0   0   0   0   0   0   0   0   0   0   0   0   0   0   0   0  50  50   0  1.31 0.01
   95 K    -1   1   4   0  -3   1   0  -1   0  -3  -3   3  -2  -3  -2   0   0  -3  -2  -3    0   0  50   0   0   0   0   0   0   0   0  50   0   0   0   0   0   0   0   0  0.45 0.00
   96 R    -1   4   0  -1  -3   1   0  -2   0  -3  -2   4  -1  -3  -2   0  -1  -3  -2  -2    0  50   0   0   0   0   0   0   0   0   0  50   0   0   0   0   0   0   0   0  0.56 0.00
   97 S     1  -1   1   0  -1   0   0   0  -1  -2  -3   0  -2  -2  -1   4   1  -3  -2  -2    0   0   0   0   0   0   0   0   0   0   0   0   0   0   0 100   0   0   0   0  0.46 0.00
   98 T     3  -1  -1  -1  -1  -1  -1  -1  -2  -1  -1  -1  -1  -2  -1   1   3  -3  -2   0   50   0   0   0   0   0   0   0   0   0   0   0   0   0   0   0  50   0   0   0  0.32 0.00
   99 H    -2   0   1  -1  -3   0   0  -2   8  -3  -3  -1  -2  -1  -2  -1  -2  -2   2  -3    0   0   0   0   0   0   0   0 100   0   0   0   0   0   0   0   0   0   0   0  0.87 0.01
  100 A     3  -1   0  -1  -1   0   0   0  -1  -2  -2   0  -1  -2  -1   3   1  -3  -2  -1   50   0   0   0   0   0   0   0   0   0   0   0   0   0   0  50   0   0   0   0  0.35 0.00
  101 N    -1   0   4   1  -1   0   0   0   0  -1  -1   0  -1  -1  -1   0   0  -1  -1  -1    4   3  52   3   1   2   3   4   1   3   5   3   1   2   3   4   3   1   2   3  0.24 0.00
  102 L    -1  -1  -1  -1  -1  -1  -1  -1  -1   1   3  -1   1   0  -1  -1   0  -1  -1   0    4   3   2   3   1   2   3   4   1   3  55   3   1   2   3   4   3   1   2   3  0.09 0.00
  103 D    -1  -1   1   4  -2   0   1  -1  -1  -1  -1   0  -1  -1   0   0   0  -1  -1  -1    4   3   2  53   1   2   3   4   1   3   5   3   1   2   3   4   3   1   2   3  0.31 0.00
  104 K     0   1   0   0  -1   1   1  -1   0  -1  -1   3  -1  -1   0   0   0  -1  -1  -1    4   3   2   3   1   2   3   4   1   3   5  53   1   2   3   4   3   1   2   3  0.17 0.00
  105 I    -1  -1  -1  -1  -1  -1  -1  -1  -1   3   1  -1   1   0  -1  -1   0  -1  -1   2    4   3   2   3   1   2   3   4   1  53   5   3   1   2   3   4   3   1   2   3  0.06 0.00
  106 R    -1   4   0  -1  -1   1   0  -1   0  -1  -1   1  -1  -1  -1   0   0  -1  -1  -1    4  53   2   3   1   2   3   4   1   3   5   3   1   2   3   4   3   1   2   3  0.24 0.00
  107 N    -1   0   4   1  -1   0   0   0   0  -1  -1   0  -1  -1  -1   0   0  -1  -1  -1    4   3  52   3   1   2   3   4   1   3   5   3   1   2   3   4   3   1   2   3  0.24 0.00
  108 L    -1  -1  -1  -1  -1  -1  -1  -1  -1   1   3  -1   1   0  -1  -1   0  -1  -1   0    4   3   2   3   1   2   3   4   1   3  55   3   1   2   3   4   3   1   2   3  0.09 0.00
  109 K     0   1   0   0  -1   1   1  -1   0  -1  -1   3  -1  -1   0   0   0  -1  -1  -1    4   3   2   3   1   2   3   4   1   3   5  53   1   2   3   4   3   1   2   3  0.17 0.00
  110 S     1   0   0   0  -1   0   0   0   0  -1  -1   0  -1  -1   0   3   1  -1  -1  -1    4   3   2   3   1   2   3   4   1   3   5   3   1   2   3  54   3   1   2   3  0.17 0.00
  111 D    -1  -1   1   4  -2   0   1  -1  -1  -1  -1   0  -1  -1   0   0   0  -1  -1  -1    4   3   2  53   1   2   3   4   1   3   5   3   1   2   3   4   3   1   2   3  0.31 0.00
  112 D    -1  -1   1   4  -2   0   1  -1  -1  -1  -1   0  -1  -1   0   0   0  -1  -1  -1    4   3   2  53   1   2   3   4   1   3   5   3   1   2   3   4   3   1   2   3  0.31 0.00
  113 P     0  -1  -1  -1  -1   0   0  -1  -1  -1  -1   0  -1  -2   6   0   0  -1  -1  -1    4   3   2   3   1   2   3   4   1   3   5   3   1   2  53   4   3   1   2   3  0.76 0.00
  114 L    -1  -1  -1  -1  -1  -1  -1  -1  -1   1   3  -1   1   0  -1  -1   0  -1  -1   0    4   3   2   3   1   2   3   4   1   3  55   3   1   2   3   4   3   1   2   3  0.09 0.00
  115 Y    -1  -1  -1  -1  -1  -1  -1  -1   1  -1  -1  -1  -1   2  -1  -1  -1   1   5  -1    4   3   2   3   1   2   3   4   1   3   5   3   1   2   3   4   3   1  52   3  0.26 0.00
  116 Y    -1  -1  -1  -1  -1  -1  -1  -1   1  -1  -1  -1  -1   2  -1  -1  -1   1   5  -1    4   3   2   3   1   2   3   4   1   3   5   3   1   2   3   4   3   1  52   3  0.26 0.00
  117 K     0   1   0   0  -1   1   1  -1   0  -1  -1   3  -1  -1   0   0   0  -1  -1  -1    4   3   2   3   1   2   3   4   1   3   5  53   1   2   3   4   3   1   2   3  0.17 0.00
  118 K     0   1   0   0  -1   1   1  -1   0  -1  -1   3  -1  -1   0   0   0  -1  -1  -1    4   3   2   3   1   2   3   4   1   3   5  53   1   2   3   4   3   1   2   3  0.17 0.00
  119 G     0  -1   0  -1  -1  -1  -1   4  -1  -2  -1  -1  -1  -1  -1   0  -1  -1  -1  -1    4   3   2   3   1   2   3  54   1   3   5   3   1   2   3   4   3   1   2   3  0.33 0.00
  120 K     0   1   0   0  -1   1   1  -1   0  -1  -1   3  -1  -1   0   0   0  -1  -1  -1    4   3   2   3   1   2   3   4   1   3   5  53   1   2   3   4   3   1   2   3  0.17 0.00
  121 L    -1  -1  -1  -1  -1  -1  -1  -1  -1   1   3  -1   1   0  -1  -1   0  -1  -1   0    4   3   2   3   1   2   3   4   1   3  55   3   1   2   3   4   3   1   2   3  0.09 0.00
  122 E     0   0   0   1  -2   1   3  -1   0  -1  -1   0  -1  -1   0   0   0  -1  -1  -1    4   3   2   3   1   2  53   4   1   3   5   3   1   2   3   4   3   1   2   3  0.25 0.00
  123 E     0   0   0   1  -2   1   3  -1   0  -1  -1   0  -1  -1   0   0   0  -1  -1  -1    4   3   2   3   1   2  53   4   1   3   5   3   1   2   3   4   3   1   2   3  0.25 0.00
  124 V     0  -1  -1  -1  -1  -1  -1  -1  -1   1   0  -1   0  -1  -1  -1   0  -1  -1   2    4   3   2   3   1   2   3   4   1   3   5   3   1   2   3   4   3   1   2  53  0.07 0.00
  125 E     0   0   0   1  -2   1   3  -1   0  -1  -1   0  -1  -1   0   0   0  -1  -1  -1    4   3   2   3   1   2  53   4   1   3   5   3   1   2   3   4   3   1   2   3  0.25 0.00
  126 N    -1   0   4   1  -1   0   0   0   0  -1  -1   0  -1  -1  -1   0   0  -1  -1  -1    4   3  52   3   1   2   3   4   1   3   5   3   1   2   3   4   3   1   2   3  0.24 0.00
  127 N    -1   0   4   1  -1   0   0   0   0  -1  -1   0  -1  -1  -1   0   0  -1  -1  -1    4   3  52   3   1   2   3   4   1   3   5   3   1   2   3   4   3   1   2   3  0.24 0.00
  128 L    -1  -1  -1  -1  -1  -1  -1  -1  -1   1   3  -1   1   0  -1  -1   0  -1  -1   0    4   3   2   3   1   2   3   4   1   3  55   3   1   2   3   4   3   1   2   3  0.09 0.00
  129 R    -1   4   0  -1  -1   1   0  -1   0  -1  -1   1  -1  -1  -1   0   0  -1  -1  -1    4  53   2   3   1   2   3   4   1   3   5   3   1   2   3   4   3   1   2   3  0.24 0.00
  130 S     1   0   0   0  -1   0   0   0   0  -1  -1   0  -1  -1   0   3   1  -1  -1  -1    4   3   2   3   1   2   3   4   1   3   5   3   1   2   3  54   3   1   2   3  0.17 0.00
  131 M     0  -1  -1  -1  -1   0  -1  -1  -1   1   1  -1   4   0  -1  -1   0  -1  -1   0    4   3   2   3   1   2   3   4   1   3   5   3  51   2   3   4   3   1   2   3  0.08 0.00
  132 G     0  -1   0  -1  -1  -1  -1   4  -1  -2  -1  -1  -1  -1  -1   0  -1  -1  -1  -1    4   3   2   3   1   2   3  54   1   3   5   3   1   2   3   4   3   1   2   3  0.33 0.00
  133 K     0   1   0   0  -1   1   1  -1   0  -1  -1   3  -1  -1   0   0   0  -1  -1  -1    4   3   2   3   1   2   3   4   1   3   5  53   1   2   3   4   3   1   2   3  0.17 0.00
  134 L    -1  -1  -1  -1  -1  -1  -1  -1  -1   1   3  -1   1   0  -1  -1   0  -1  -1   0    4   3   2   3   1   2   3   4   1   3  55   3   1   2   3   4   3   1   2   3  0.09 0.00
  135 G     0  -1   0  -1  -1  -1  -1   4  -1  -2  -1  -1  -1  -1  -1   0  -1  -1  -1  -1    4   3   2   3   1   2   3  54   1   3   5   3   1   2   3   4   3   1   2   3  0.33 0.00
  136 E     0   0   0   1  -2   1   3  -1   0  -1  -1   0  -1  -1   0   0   0  -1  -1  -1    4   3   2   3   1   2  53   4   1   3   5   3   1   2   3   4   3   1   2   3  0.25 0.00
  137 K    -1   2   0  -1  -3   1   1  -2  -1  -3  -3   5  -1  -3  -1   0  -1  -3  -2  -2    0   0   0   0   0   0   0   0   0   0   0 100   0   0   0   0   0   0   0   0  0.52 0.00
  138 E     2  -1  -1   0  -2   1   3  -1  -1  -2  -2   0  -1  -3  -1   1   0  -3  -2  -1   50   0   0   0   0   0  50   0   0   0   0   0   0   0   0   0   0   0   0   0  0.36 0.00
  139 T     0  -1   0   1  -2   1   3  -2  -1  -2  -2   0  -1  -3  -1   1   3  -3  -2  -1    0   0   0   0   0   0  50   0   0   0   0   0   0   0   0   0  50   0   0   0  0.40 0.00
  140 L    -1  -2  -3  -2  -2  -2  -2  -3  -3   0   2  -2   1  -1   6  -2  -1  -3  -2   0    0   0   0   0   0   0   0   0   0   0  50   0   0   0  50   0   0   0   0   0  0.80 0.00
  141 K     3   1  -1  -1  -1   0   0  -1  -1  -2  -2   3  -1  -3  -1   1   0  -3  -2  -1   50   0   0   0   0   0   0   0   0   0   0  50   0   0   0   0   0   0   0   0  0.29 0.00
  142 E    -1  -1  -1   0  -3   1   3  -2  -1  -3  -3   0  -2  -3   6   0  -1  -3  -2  -2    0   0   0   0   0   0  50   0   0   0   0   0   0   0  50   0   0   0   0   0  1.01 0.00
  143 V     0  -2  -1  -2  -1  -1  -2  -2  -2   1   0  -1   0  -1  -2   0   3  -3  -1   3    0   0   0   0   0   0   0   0   0   0   0   0   0   0   0   0  50   0   0  50  0.25 0.00
  144 G     0  -2   0  -1  -3  -2  -2   6  -2  -4  -4  -2  -3  -3  -2   0  -2  -3  -3  -3    0   0   0   0   0   0   0 100   0   0   0   0   0   0   0   0   0   0   0   0  1.04 0.00
  145 C     0  -3  -3  -4   9  -3  -4  -3  -3  -1  -1  -3  -1  -2  -3  -1  -1  -2  -2  -1    0   0   0   0 100   0   0   0   0   0   0   0   0   0   0   0   0   0   0   0  1.22 0.01
  146 I    -2  -2   0   4  -2  -1   0  -2  -2   2   0  -2   0  -1  -2  -1  -1  -3  -2   1    0   0   0  50   0   0   0   0   0  50   0   0   0   0   0   0   0   0   0   0  0.29 0.00
  147 D    -1  -1   1   4  -2  -1   1  -1  -1  -2  -2  -1  -2  -3  -1   1   3  -3  -2  -1    0   0   0  50   0   0   0   0   0   0   0   0   0   0   0   0  50   0   0   0  0.46 0.00
  148 C     0  -3  -3  -4   9  -3  -4  -3  -3  -1  -1  -3  -1  -2  -3  -1  -1  -2  -2  -1    0   0   0   0 100   0   0   0   0   0   0   0   0   0   0   0   0   0   0   0  1.22 0.01
  149 H    -2   0   1  -1  -3   0   0  -2   8  -3  -3  -1  -2  -1  -2  -1  -2  -2   2  -3    0   0   0   0   0   0   0   0 100   0   0   0   0   0   0   0   0   0   0   0  0.87 0.01
  150 V     0  -2  -1  -2  -2  -2  -2   4  -3   1  -1  -2  -1  -2  -2  -1  -1  -3  -2   2    0   0   0   0   0   0   0  50   0   0   0   0   0   0   0   0   0   0   0  50  0.34 0.00
  151 D    -2  -1   4   4  -3   0   1  -1   0  -3  -4   0  -3  -3  -2   0  -1  -4  -3  -3    0   0  50  50   0   0   0   0   0   0   0   0   0   0   0   0   0   0   0   0  0.67 0.00
  152 V    -1  -1   4   0  -2  -1  -1  -2  -1   1  -1  -1   0  -2  -2   0   0  -3  -2   2    0   0  50   0   0   0   0   0   0   0   0   0   0   0   0   0   0   0   0  50  0.23 0.00
  153 N    -2   0   4   0  -3   0   0  -1   6  -3  -3   0  -2  -2  -2   0  -1  -3   0  -3    0   0  50   0   0   0   0   0  50   0   0   0   0   0   0   0   0   0   0   0  0.59 0.00
  154 K    -1   2   0  -1  -3   4   1  -2   0  -3  -2   3  -1  -3  -1   0  -1  -2  -2  -2    0   0   0   0   0  50   0   0   0   0   0  50   0   0   0   0   0   0   0   0  0.49 0.00
  155 K    -1   2   0  -1  -3   1   1  -2  -1  -3  -3   5  -1  -3  -1   0  -1  -3  -2  -2    0   0   0   0   0   0   0   0   0   0   0 100   0   0   0   0   0   0   0   0  0.52 0.00
  156 D    -1  -1   1   4  -2   0   1  -1  -1  -1  -1   0  -1  -1   0   0   0  -1  -1  -1    4   3   2  53   1   2   3   4   1   3   5   3   1   2   3   4   3   1   2   3  0.31 0.00
  157 K     0   1   0   0  -1   1   1  -1   0  -1  -1   3  -1  -1   0   0   0  -1  -1  -1    4   3   2   3   1   2   3   4   1   3   5  53   1   2   3   4   3   1   2   3  0.17 0.00
  158 A     3  -1  -1  -1   0   0   0   0  -1  -1  -1   0  -1  -1   0   1   0  -1  -1   0   54   3   2   3   1   2   3   4   1   3   5   3   1   2   3   4   3   1   2   3  0.14 0.00
  159 D    -1  -1   1   4  -2   0   1  -1  -1  -1  -1   0  -1  -1   0   0   0  -1  -1  -1    4   3   2  53   1   2   3   4   1   3   5   3   1   2   3   4   3   1   2   3  0.31 0.00
  160 H    -1   0   0   0  -1   0   0  -1   6  -1  -1   0  -1  -1  -1   0  -1  -1   1  -1    4   3   2   3   1   2   3   4  51   3   5   3   1   2   3   4   3   1   2   3  0.28 0.00
  161 T     0   0   0   0  -1   0   0  -1  -1  -1  -1   0   0  -1   0   1   3  -1  -1   0    4   3   2   3   1   2   3   4   1   3   5   3   1   2   3   4  53   1   2   3  0.16 0.00
  162 K     0   1   0   0  -1   1   1  -1   0  -1  -1   3  -1  -1   0   0   0  -1  -1  -1    4   3   2   3   1   2   3   4   1   3   5  53   1   2   3   4   3   1   2   3  0.17 0.00
  163 D    -1  -1   1   4  -2   0   1  -1  -1  -1  -1   0  -1  -1   0   0   0  -1  -1  -1    4   3   2  53   1   2   3   4   1   3   5   3   1   2   3   4   3   1   2   3  0.31 0.00
  164 I    -1  -3  -3  -3  -1  -2  -3  -4  -3   3   3  -3   2   0  -3  -2  -1  -2  -1   2    0   0   0   0   0   0   0   0   0  50  50   0   0   0   0   0   0   0   0   0  0.37 0.00
  165 R    -1   4   0  -1  -2   0   0  -2  -1  -2  -2   1  -1  -2  -2   0   3  -3  -2  -1    0  50   0   0   0   0   0   0   0   0   0   0   0   0   0   0  50   0   0   0  0.39 0.00
  166 M    -1  -1  -2  -3  -1   0  -2  -3  -2   1   2  -1   6   0  -3  -2  -1  -1  -1   1    0   0   0   0   0   0   0   0   0   0   0   0 100   0   0   0   0   0   0   0  0.36 0.01
  167 P    -1  -2  -2  -2  -3  -1  -1  -2  -2  -3  -3  -1  -3  -4   8  -1  -1  -4  -3  -2    0   0   0   0   0   0   0   0   0   0   0   0   0   0 100   0   0   0   0   0  2.05 0.01
  168 T     1  -1   0  -1  -1   0  -1  -1  -1  -1  -2   0  -1  -2  -1   3   3  -3  -2  -1    0   0   0   0   0   0   0   0   0   0   0   0   0   0   0  50  50   0   0   0  0.39 0.00
  169 A     3  -1   0  -1  -1   0   0   0  -1  -2  -2   0  -1  -2  -1   3   1  -3  -2  -1   50   0   0   0   0   0   0   0   0   0   0   0   0   0   0  50   0   0   0   0  0.35 0.00
  170 D    -1   1   1   4  -3   1   1  -1  -1  -3  -3   3  -2  -3  -1   0  -1  -4  -2  -3    0   0   0  50   0   0   0   0   0   0   0  50   0   0   0   0   0   0   0   0  0.51 0.00
  171 T     3  -1  -1  -1  -1  -1  -1  -1  -2  -1  -1  -1  -1  -2  -1   1   3  -3  -2   0   50   0   0   0   0   0   0   0   0   0   0   0   0   0   0   0  50   0   0   0  0.32 0.00
  172 C     0  -3  -3  -4   9  -3  -4  -3  -3  -1  -1  -3  -1  -2  -3  -1  -1  -2  -2  -1    0   0   0   0 100   0   0   0   0   0   0   0   0   0   0   0   0   0   0   0  1.22 0.01
  173 G     0  -2   0  -1  -3  -2  -2   6  -2  -4  -4  -2  -3  -3  -2   0  -2  -3  -3  -3    0   0   0   0   0   0   0 100   0   0   0   0   0   0   0   0   0   0   0   0  1.04 0.00
  174 T     0  -1   0  -1  -1  -1  -1  -2  -2  -1  -1  -1  -1  -2  -1   1   5  -2  -2   0    0   0   0   0   0   0   0   0   0   0   0   0   0   0   0   0 100   0   0   0  0.48 0.00
  175 C     0  -3  -3  -4   9  -3  -4  -3  -3  -1  -1  -3  -1  -2  -3  -1  -1  -2  -2  -1    0   0   0   0 100   0   0   0   0   0   0   0   0   0   0   0   0   0   0   0  1.22 0.01
  176 H    -2   0   1  -1  -3   0   0  -2   8  -3  -3  -1  -2  -1  -2  -1  -2  -2   2  -3    0   0   0   0   0   0   0   0 100   0   0   0   0   0   0   0   0   0   0   0  0.87 0.01
  177 L    -1  -1  -1   0  -2   1   3  -3  -1   0   2   0   1  -1  -2  -1  -1  -2  -2   0    0   0   0   0   0   0  50   0   0   0  50   0   0   0   0   0   0   0   0   0  0.26 0.00
  178 R    -1   4   0  -1  -2   0   0  -2  -1  -2  -2   1  -1  -2  -2   0   3  -3  -2  -1    0  50   0   0   0   0   0   0   0   0   0   0   0   0   0   0  50   0   0   0  0.39 0.00
  179 E    -1   0   0   1  -3   4   4  -2   0  -3  -3   1  -1  -3  -1   0  -1  -2  -2  -2    0   0   0   0   0  50  50   0   0   0   0   0   0   0   0   0   0   0   0   0  0.60 0.00
  180 F    -2  -2  -3  -3  -2  -2  -3  -3   1  -1   0  -2   0   5  -3  -2  -2   2   5  -1    0   0   0   0   0   0   0   0   0   0   0   0   0  50   0   0   0   0  50   0  0.69 0.00
  181 A     3  -1  -1  -1   0   0   0   0  -1  -1  -1   0  -1  -1   0   1   0  -1  -1   0   54   3   2   3   1   2   3   4   1   3   5   3   1   2   3   4   3   1   2   3  0.14 0.00
  182 E     0   0   0   1  -2   1   3  -1   0  -1  -1   0  -1  -1   0   0   0  -1  -1  -1    4   3   2   3   1   2  53   4   1   3   5   3   1   2   3   4   3   1   2   3  0.25 0.00
  183 R    -1   4   0  -1  -1   1   0  -1   0  -1  -1   1  -1  -1  -1   0   0  -1  -1  -1    4  53   2   3   1   2   3   4   1   3   5   3   1   2   3   4   3   1   2   3  0.24 0.00
  184 E     0   0   0   1  -2   1   3  -1   0  -1  -1   0  -1  -1   0   0   0  -1  -1  -1    4   3   2   3   1   2  53   4   1   3   5   3   1   2   3   4   3   1   2   3  0.25 0.00
  185 S     1   0   0   0  -1   0   0   0   0  -1  -1   0  -1  -1   0   3   1  -1  -1  -1    4   3   2   3   1   2   3   4   1   3   5   3   1   2   3  54   3   1   2   3  0.17 0.00
  186 E     0   0   0   1  -2   1   3  -1   0  -1  -1   0  -1  -1   0   0   0  -1  -1  -1    4   3   2   3   1   2  53   4   1   3   5   3   1   2   3   4   3   1   2   3  0.25 0.00
  187 R    -1   4   0  -1  -1   1   0  -1   0  -1  -1   1  -1  -1  -1   0   0  -1  -1  -1    4  53   2   3   1   2   3   4   1   3   5   3   1   2   3   4   3   1   2   3  0.24 0.00
  188 D    -1  -1   1   4  -2   0   1  -1  -1  -1  -1   0  -1  -1   0   0   0  -1  -1  -1    4   3   2  53   1   2   3   4   1   3   5   3   1   2   3   4   3   1   2   3  0.31 0.00
  189 T     0   0   0   0  -1   0   0  -1  -1  -1  -1   0   0  -1   0   1   3  -1  -1   0    4   3   2   3   1   2   3   4   1   3   5   3   1   2   3   4  53   1   2   3  0.16 0.00
  190 M     0  -1  -1  -1  -1   0  -1  -1  -1   1   1  -1   4   0  -1  -1   0  -1  -1   0    4   3   2   3   1   2   3   4   1   3   5   3  51   2   3   4   3   1   2   3  0.08 0.00
  191 V     0  -1  -1  -1  -1  -1  -1  -1  -1   1   0  -1   0  -1  -1  -1   0  -1  -1   2    4   3   2   3   1   2   3   4   1   3   5   3   1   2   3   4   3   1   2  53  0.07 0.00
  192 W    -1  -1  -1  -1  -1  -1  -1  -1  -1  -1  -1  -1  -1   0  -1  -1  -1   9   1  -1    4   3   2   3   1   2   3   4   1   3   5   3   1   2   3   4   3  51   2   3  0.84 0.00
  193 P     0  -1  -1  -1  -1   0   0  -1  -1  -1  -1   0  -1  -2   6   0   0  -1  -1  -1    4   3   2   3   1   2   3   4   1   3   5   3   1   2  53   4   3   1   2   3  0.76 0.00
  194 N    -2   0   6   1  -3   0   0   0   1  -3  -3   0  -2  -3  -2   1   0  -4  -2  -3    0   0 100   0   0   0   0   0   0   0   0   0   0   0   0   0   0   0   0   0  0.73 0.01
  195 G     0  -1   0   0  -3   1   3   4  -1  -4  -3   0  -2  -3  -2   0  -1  -3  -3  -3    0   0   0   0   0   0  50  50   0   0   0   0   0   0   0   0   0   0   0   0  0.56 0.00
  196 Q    -1   1   0   0  -3   5   2  -2   0  -3  -2   1   0  -3  -1   0  -1  -2  -1  -2    0   0   0   0   0 100   0   0   0   0   0   0   0   0   0   0   0   0   0   0  0.66 0.01
  197 W    -1  -3  -2  -2  -2  -2  -3   4  -2  -3  -3  -2  -2   0  -3  -1  -2   9   1  -3    0   0   0   0   0   0   0  50   0   0   0   0   0   0   0   0   0  50   0   0  1.20 0.00
  198 P    -1   0  -1  -1  -3   4   1  -2  -1  -3  -3   0  -1  -3   6   0  -1  -3  -2  -2    0   0   0   0   0  50   0   0   0   0   0   0   0   0  50   0   0   0   0   0  0.97 0.00
  199 A     3  -2  -1  -2  -1  -1  -1   4  -2  -2  -2  -1  -2  -3  -1   0  -1  -3  -2  -1   50   0   0   0   0   0   0  50   0   0   0   0   0   0   0   0   0   0   0   0  0.52 0.00
  200 G     0  -2   0  -1  -3  -2  -2   6  -2  -4  -4  -2  -3  -3  -2   0  -2  -3  -3  -3    0   0   0   0   0   0   0 100   0   0   0   0   0   0   0   0   0   0   0   0  1.04 0.00
  201 R    -1   4  -2  -2  -2   0  -1  -3  -1   2   0   1   0  -1  -2  -1  -1  -3  -2   1    0  50   0   0   0   0   0   0   0  50   0   0   0   0   0   0   0   0   0   0  0.25 0.00
  202 P     0  -2  -1  -1  -3  -2  -2   4  -2  -3  -3  -1  -3  -3   6  -1  -1  -3  -3  -3    0   0   0   0   0   0   0  50   0   0   0   0   0   0  50   0   0   0   0   0  1.09 0.00
  203 S     1  -1   1   0  -1   0   0   0  -1  -2  -3   0  -2  -2  -1   4   1  -3  -2  -2    0   0   0   0   0   0   0   0   0   0   0   0   0   0   0 100   0   0   0   0  0.46 0.00
  204 H    -2   0   1  -1  -3   0   0  -2   8  -3  -3  -1  -2  -1  -2  -1  -2  -2   2  -3    0   0   0   0   0   0   0   0 100   0   0   0   0   0   0   0   0   0   0   0  0.87 0.01
  205 A     4  -1  -2  -2   0  -1  -1   0  -2  -1  -2  -1  -1  -2  -1   1   0  -3  -2   0  100   0   0   0   0   0   0   0   0   0   0   0   0   0   0   0   0   0   0   0  0.41 0.00
  206 L    -1  -3  -3  -4   7  -3  -3  -3  -3   0   2  -3   1  -1  -3  -2  -1  -2  -2   0    0   0   0   0  50   0   0   0   0   0  50   0   0   0   0   0   0   0   0   0  0.56 0.00
  207 D     0  -1   1   4  -2   0   1  -1  -1  -3  -3   0  -2  -3  -1   3   0  -3  -2  -2    0   0   0  50   0   0   0   0   0   0   0   0   0   0   0  50   0   0   0   0  0.49 0.00
  208 Y     0  -1   0  -1  -2  -1  -1  -1   1  -2  -2  -1  -1   1  -2   2   0   1   5  -1    0   0   0   0   0   0   0   0   0   0   0   0   0   0   0  50   0   0  50   0  0.38 0.00
  209 T    -1  -2  -1  -2  -2  -2  -2  -2  -1   0   0  -2   0   4  -2   0   3   0   1   0    0   0   0   0   0   0   0   0   0   0   0   0   0  50   0   0  50   0   0   0  0.32 0.00
  210 A     4  -1  -2  -2   0  -1  -1   0  -2  -1  -2  -1  -1  -2  -1   1   0  -3  -2   0  100   0   0   0   0   0   0   0   0   0   0   0   0   0   0   0   0   0   0   0  0.41 0.00
  211 N    -1   0   4   1  -3   4   1  -1   1  -3  -3   1  -1  -3  -2   0   0  -3  -2  -3    0   0  50   0   0  50   0   0   0   0   0   0   0   0   0   0   0   0   0   0  0.51 0.00
  212 I    -1  -3  -3  -3  -1  -3  -3  -3  -3   3   1  -3   1   0  -3  -2   0  -3  -1   3    0   0   0   0   0   0   0   0   0  50   0   0   0   0   0   0   0   0   0  50  0.35 0.00
  213 E    -1   0   0   2  -4   2   5  -2   0  -3  -3   1  -2  -3  -1   0  -1  -3  -2  -3    0   0   0   0   0   0 100   0   0   0   0   0   0   0   0   0   0   0   0   0  0.74 0.00
  214 T     0  -2  -1  -2   7  -2  -2  -2  -2  -1  -1  -2  -1  -2  -2   0   3  -2  -2   0    0   0   0   0  50   0   0   0   0   0   0   0   0   0   0   0  50   0   0   0  0.58 0.00
  215 T     3  -1  -1  -1  -1  -1  -1  -1  -2  -1  -1  -1  -1  -2  -1   1   3  -3  -2   0   50   0   0   0   0   0   0   0   0   0   0   0   0   0   0   0  50   0   0   0  0.32 0.00
  216 V    -1  -3  -3  -4  -2  -2  -3  -3  -3   1   0  -3   0   0  -3  -2  -1   9   1   2    0   0   0   0   0   0   0   0   0   0   0   0   0   0   0   0   0  50   0  50  0.95 0.00
  217 W     0  -2  -1  -2  -2  -1  -1  -1  -2  -3  -2  -1  -1   0  -2   2   0   9   1  -2    0   0   0   0   0   0   0   0   0   0   0   0   0   0   0  50   0  50   0   0  0.96 0.00
  218 A     2  -2  -2  -2  -1  -2  -2  -1  -2   2   0  -2   0  -1  -2   0   0  -3  -2   2   50   0   0   0   0   0   0   0   0  50   0   0   0   0   0   0   0   0   0   0  0.19 0.00
  219 A     2  -1  -1   0  -2   1   3  -1  -1  -2  -2   0  -1  -3  -1   1   0  -3  -2  -1   50   0   0   0   0   0  50   0   0   0   0   0   0   0   0   0   0   0   0   0  0.36 0.00
  220 M    -1   4  -1  -2  -2   0  -1  -3  -1   0   1   1   4  -1  -2  -1  -1  -2  -1  -1    0  50   0   0   0   0   0   0   0   0   0   0  50   0   0   0   0   0   0   0  0.30 0.00
  221 P    -1  -2  -2  -2  -3  -1  -1  -2  -2  -3  -3  -1  -3  -4   8  -1  -1  -4  -3  -2    0   0   0   0   0   0   0   0   0   0   0   0   0   0 100   0   0   0   0   0  2.05 0.01
  222 Q    -1   0  -1  -1  -3   4   1  -2  -1  -3  -3   0  -1  -3   6   0  -1  -3  -2  -2    0   0   0   0   0  50   0   0   0   0   0   0   0   0  50   0   0   0   0   0  0.97 0.00
  223 R    -1   4   0  -1  -3   0  -1   4  -1  -3  -3   1  -2  -3  -2  -1  -1  -3  -2  -3    0  50   0   0   0   0   0  50   0   0   0   0   0   0   0   0   0   0   0   0  0.56 0.00
  224 E    -1  -1   1   4  -4   1   4  -2  -1  -3  -3   0  -3  -3  -1   0  -1  -4  -3  -3    0   0   0  50   0   0  50   0   0   0   0   0   0   0   0   0   0   0   0   0  0.69 0.00
  225 V     0  -2  -1  -2  -1  -1  -2  -2  -2   1   0  -1   0  -1  -2   0   3  -3  -1   3    0   0   0   0   0   0   0   0   0   0   0   0   0   0   0   0  50   0   0  50  0.25 0.00
  226 A     4  -1  -2  -2   0  -1  -1   0  -2  -1  -2  -1  -1  -2  -1   1   0  -3  -2   0  100   0   0   0   0   0   0   0   0   0   0   0   0   0   0   0   0   0   0   0  0.41 0.00
  227 E     0   0   0   1  -2   1   3  -1   0  -1  -1   0  -1  -1   0   0   0  -1  -1  -1    4   3   2   3   1   2  53   4   1   3   5   3   1   2   3   4   3   1   2   3  0.25 0.00
  228 G     0  -2   0  -1  -3  -2  -2   6  -2  -4  -4  -2  -3  -3  -2   0  -2  -3  -3  -3    0   0   0   0   0   0   0 100   0   0   0   0   0   0   0   0   0   0   0   0  1.04 0.00
  229 C     0  -3  -3  -4   9  -3  -4  -3  -3  -1  -1  -3  -1  -2  -3  -1  -1  -2  -2  -1    0   0   0   0 100   0   0   0   0   0   0   0   0   0   0   0   0   0   0   0  1.22 0.01
  230 T     0  -1   0  -1  -1  -1  -1  -2  -2  -1  -1  -1  -1  -2  -1   1   5  -2  -2   0    0   0   0   0   0   0   0   0   0   0   0   0   0   0   0   0 100   0   0   0  0.48 0.00
  231 M    -2  -2  -3  -3  -2  -2  -3  -3  -1   1   1  -2   4   4  -3  -2  -1   0   2   0    0   0   0   0   0   0   0   0   0   0   0   0  50  50   0   0   0   0   0   0  0.37 0.00
  232 C     0  -3  -3  -4   9  -3  -4  -3  -3  -1  -1  -3  -1  -2  -3  -1  -1  -2  -2  -1    0   0   0   0 100   0   0   0   0   0   0   0   0   0   0   0   0   0   0   0  1.22 0.01
  233 H    -2   0   1  -1  -3   0   0  -2   8  -3  -3  -1  -2  -1  -2  -1  -2  -2   2  -3    0   0   0   0   0   0   0   0 100   0   0   0   0   0   0   0   0   0   0   0  0.87 0.01
  234 T     0  -1   0  -1  -1  -1  -1  -2  -2  -1  -1  -1  -1  -2  -1   1   5  -2  -2   0    0   0   0   0   0   0   0   0   0   0   0   0   0   0   0   0 100   0   0   0  0.48 0.00
  235 N     0  -1   4   1  -2   0   0   0   0  -3  -3   0  -2  -3  -1   3   1  -3  -2  -2    0   0  50   0   0   0   0   0   0   0   0   0   0   0   0  50   0   0   0   0  0.45 0.00
  236 Q    -1   0   0   1  -3   4   4  -2   0  -3  -3   1  -1  -3  -1   0  -1  -2  -2  -2    0   0   0   0   0  50  50   0   0   0   0   0   0   0   0   0   0   0   0   0  0.60 0.00
  237 N    -1   0   4   1  -3   1   3  -1   0  -3  -3   0  -2  -3  -2   0   0  -3  -2  -3    0   0  50   0   0   0  50   0   0   0   0   0   0   0   0   0   0   0   0   0  0.54 0.00
  238 K    -1   4   0  -1  -3   1   0  -2   0  -3  -2   4  -1  -3  -2   0  -1  -3  -2  -2    0  50   0   0   0   0   0   0   0   0   0  50   0   0   0   0   0   0   0   0  0.56 0.00
  239 C     0  -3  -3  -4   9  -3  -4  -3  -3  -1  -1  -3  -1  -2  -3  -1  -1  -2  -2  -1    0   0   0   0 100   0   0   0   0   0   0   0   0   0   0   0   0   0   0   0  1.22 0.01
  240 D     0  -1   1   4  -2   0   1  -1  -1  -3  -3   0  -2  -3  -1   3   0  -3  -2  -2    0   0   0  50   0   0   0   0   0   0   0   0   0   0   0  50   0   0   0   0  0.49 0.00
  241 N    -1  -1   4   0  -2   0  -1  -1   0  -2  -2   0  -1  -3  -2   1   3  -3  -2  -1    0   0  50   0   0   0   0   0   0   0   0   0   0   0   0   0  50   0   0   0  0.42 0.00
  242 C     0  -3  -3  -4   9  -3  -4  -3  -3  -1  -1  -3  -1  -2  -3  -1  -1  -2  -2  -1    0   0   0   0 100   0   0   0   0   0   0   0   0   0   0   0   0   0   0   0  1.22 0.01
  243 H    -2   0   1  -1  -3   0   0  -2   8  -3  -3  -1  -2  -1  -2  -1  -2  -2   2  -3    0   0   0   0   0   0   0   0 100   0   0   0   0   0   0   0   0   0   0   0  0.87 0.01
  244 T     0   0   0  -1  -2   4   1  -2   0  -2  -2   0  -1  -3  -1   1   3  -2  -2  -1    0   0   0   0   0  50   0   0   0   0   0   0   0   0   0   0  50   0   0   0  0.38 0.00
  245 R    -1   6   0  -2  -3   1   0  -2   0  -3  -2   2  -1  -3  -2  -1  -1  -3  -2  -3    0 100   0   0   0   0   0   0   0   0   0   0   0   0   0   0   0   0   0   0  0.75 0.00
  246 H    -2   0   1  -1  -3   0   0  -2   8  -3  -3  -1  -2  -1  -2  -1  -2  -2   2  -3    0   0   0   0   0   0   0   0 100   0   0   0   0   0   0   0   0   0   0   0  0.87 0.01
  247 E    -1   0   0   1  -3   4   4  -2   0  -3  -3   1  -1  -3  -1   0  -1  -2  -2  -2    0   0   0   0   0  50  50   0   0   0   0   0   0   0   0   0   0   0   0   0  0.60 0.00
  248 F    -2  -3  -3  -4  -2  -3  -3  -3  -1   0   0  -3   0   6  -4  -2  -2   1   3  -1    0   0   0   0   0   0   0   0   0   0   0   0   0 100   0   0   0   0   0   0  0.74 0.01
  249 S     0  -1   1   4  -2   0   1  -1  -1  -3  -3   0  -2  -3  -1   3   0  -3  -2  -2    0   0   0  50   0   0   0   0   0   0   0   0   0   0   0  50   0   0   0   0  0.49 0.00
  250 A     2  -2  -2  -2  -1  -1  -1  -1  -2  -2  -2  -1  -2  -3   6   0  -1  -3  -2  -1   50   0   0   0   0   0   0   0   0   0   0   0   0   0  50   0   0   0   0   0  0.89 0.00
  251 A     4  -1  -2  -2   0  -1  -1   0  -2  -1  -2  -1  -1  -2  -1   1   0  -3  -2   0  100   0   0   0   0   0   0   0   0   0   0   0   0   0   0   0   0   0   0   0  0.41 0.00
  252 E    -1  -1  -1   0  -2   0   3  -3  -1   1  -1   0   0  -2  -2  -1   0  -3  -2   2    0   0   0   0   0   0  50   0   0   0   0   0   0   0   0   0   0   0   0  50  0.24 0.00
  253 S     3  -1   0  -1  -1   0   0   0  -1  -2  -2   0  -1  -2  -1   3   1  -3  -2  -1   50   0   0   0   0   0   0   0   0   0   0   0   0   0   0  50   0   0   0   0  0.35 0.00
  254 R    -1   6   0  -2  -3   1   0  -2   0  -3  -2   2  -1  -3  -2  -1  -1  -3  -2  -3    0 100   0   0   0   0   0   0   0   0   0   0   0   0   0   0   0   0   0   0  0.75 0.00
  255 K    -1   4   0  -1  -3   1   0  -2   0  -3  -2   4  -1  -3  -2   0  -1  -3  -2  -2    0  50   0   0   0   0   0   0   0   0   0  50   0   0   0   0   0   0   0   0  0.56 0.00
  256 P     0  -1   0  -1  -2  -1  -1  -1  -1  -3  -3  -1  -2  -3   6   2   0  -3  -2  -2    0   0   0   0   0   0   0   0   0   0   0   0   0   0  50  50   0   0   0   0  0.91 0.00
  257 E    -1   0   0   2  -4   2   5  -2   0  -3  -3   1  -2  -3  -1   0  -1  -3  -2  -3    0   0   0   0   0   0 100   0   0   0   0   0   0   0   0   0   0   0   0   0  0.74 0.00
  258 A     3   0  -1  -1  -1   4   1  -1   0  -2  -2   0  -1  -3  -1   1   0  -2  -2  -1   50   0   0   0   0  50   0   0   0   0   0   0   0   0   0   0   0   0   0   0  0.34 0.00
  259 C     0  -3  -3  -4   9  -3  -4  -3  -3  -1  -1  -3  -1  -2  -3  -1  -1  -2  -2  -1    0   0   0   0 100   0   0   0   0   0   0   0   0   0   0   0   0   0   0   0  1.22 0.01
  260 A     3   1  -1  -1  -1   0   0  -1  -1  -2  -2   3  -1  -3  -1   1   0  -3  -2  -1   50   0   0   0   0   0   0   0   0   0   0  50   0   0   0   0   0   0   0   0  0.29 0.00
  261 T     0  -1   0  -1  -1  -1  -1  -2  -2  -1  -1  -1  -1  -2  -1   1   5  -2  -2   0    0   0   0   0   0   0   0   0   0   0   0   0   0   0   0   0 100   0   0   0  0.48 0.00
  262 C     0  -3  -3  -4   9  -3  -4  -3  -3  -1  -1  -3  -1  -2  -3  -1  -1  -2  -2  -1    0   0   0   0 100   0   0   0   0   0   0   0   0   0   0   0   0   0   0   0  1.22 0.01
  263 H    -2   0   1  -1  -3   0   0  -2   8  -3  -3  -1  -2  -1  -2  -1  -2  -2   2  -3    0   0   0   0   0   0   0   0 100   0   0   0   0   0   0   0   0   0   0   0  0.87 0.01
  264 S     0  -2  -1  -2  -2  -1  -1  -1  -2  -3  -2  -1  -1   0  -2   2   0   9   1  -2    0   0   0   0   0   0   0   0   0   0   0   0   0   0   0  50   0  50   0   0  0.96 0.00
  265 G     0  -2   0  -1  -3  -2  -2   6  -2  -4  -4  -2  -3  -3  -2   0  -2  -3  -3  -3    0   0   0   0   0   0   0 100   0   0   0   0   0   0   0   0   0   0   0   0  1.04 0.00
  266 V     0   1  -1  -2  -2   0   0  -2  -2   1   0   3   0  -2  -2  -1   0  -3  -2   2    0   0   0   0   0   0   0   0   0   0   0  50   0   0   0   0   0   0   0  50  0.17 0.00
  267 D    -2  -2   1   6  -4   0   2  -1  -1  -3  -4  -1  -3  -4  -2   0  -1  -4  -3  -3    0   0   0 100   0   0   0   0   0   0   0   0   0   0   0   0   0   0   0   0  0.93 0.00
  268 H    -2   0   1  -1  -3   0   0  -2   8  -3  -3  -1  -2  -1  -2  -1  -2  -2   2  -3    0   0   0   0   0   0   0   0 100   0   0   0   0   0   0   0   0   0   0   0  0.87 0.01
  269 N    -2   4   4   0  -3   1   0  -1   0  -3  -3   1  -2  -3  -2   0  -1  -3  -2  -3    0  50  50   0   0   0   0   0   0   0   0   0   0   0   0   0   0   0   0   0  0.52 0.00
  270 N    -2  -1   4   4  -3   0   1  -1   0  -3  -4   0  -3  -3  -2   0  -1  -4  -3  -3    0   0  50  50   0   0   0   0   0   0   0   0   0   0   0   0   0   0   0   0  0.67 0.00
  271 W    -3  -3  -4  -4  -2  -2  -3  -3  -2  -3  -2  -3  -1   1  -4  -3  -3  11   2  -3    0   0   0   0   0   0   0   0   0   0   0   0   0   0   0   0   0 100   0   0  2.33 0.01
  272 E    -1   0   0   2  -4   2   5  -2   0  -3  -3   1  -2  -3  -1   0  -1  -3  -2  -3    0   0   0   0   0   0 100   0   0   0   0   0   0   0   0   0   0   0   0   0  0.74 0.00
  273 A     4  -1  -2  -2   0  -1  -1   0  -2  -1  -2  -1  -1  -2  -1   1   0  -3  -2   0  100   0   0   0   0   0   0   0   0   0   0   0   0   0   0   0   0   0   0   0  0.41 0.00
  274 Y    -2  -2  -2  -3  -2  -1  -2  -3   2  -1  -1  -2  -1   3  -3  -2  -2   2   7  -1    0   0   0   0   0   0   0   0   0   0   0   0   0   0   0   0   0   0 100   0  0.87 0.01
  275 T    -1  -1   1   4  -2  -1   1  -1  -1  -2  -2  -1  -2  -3  -1   1   3  -3  -2  -1    0   0   0  50   0   0   0   0   0   0   0   0   0   0   0   0  50   0   0   0  0.46 0.00
  276 M    -1  -2  -3  -3  -1  -1  -3  -3  -2   3   2  -2   4   0  -3  -2  -1  -2  -1   2    0   0   0   0   0   0   0   0   0  50   0   0  50   0   0   0   0   0   0   0  0.30 0.00
  277 S     1  -1   0  -1  -2  -1  -1   4  -1  -3  -3  -1  -2  -3  -1   3   0  -3  -2  -2    0   0   0   0   0   0   0  50   0   0   0   0   0   0   0  50   0   0   0   0  0.53 0.00
  278 K    -1   1  -1  -2  -2   0  -1  -2  -2   0   2   3   1  -1  -2  -1  -1  -2  -1   0    0   0   0   0   0   0   0   0   0   0  50  50   0   0   0   0   0   0   0   0  0.19 0.00
  279 H    -2   0   1  -1  -3   0   0  -2   8  -3  -3  -1  -2  -1  -2  -1  -2  -2   2  -3    0   0   0   0   0   0   0   0 100   0   0   0   0   0   0   0   0   0   0   0  0.87 0.01
  280 G     0  -2   0  -1  -3  -2  -2   6  -2  -4  -4  -2  -3  -3  -2   0  -2  -3  -3  -3    0   0   0   0   0   0   0 100   0   0   0   0   0   0   0   0   0   0   0   0  1.04 0.00
  281 K     0   1   0  -1  -2   0   0  -2  -1  -2  -2   3  -1  -3  -1   1   3  -3  -2  -1    0   0   0   0   0   0   0   0   0   0   0  50   0   0   0   0  50   0   0   0  0.32 0.00
  282 L    -1  -2  -3  -3  -1  -2  -3  -3  -3   2   3  -2   1   0  -3  -2  -1  -2  -1   3    0   0   0   0   0   0   0   0   0   0  50   0   0   0   0   0   0   0   0  50  0.32 0.00
  283 A     2  -2  -2  -2  -1  -1  -1  -1   0  -1  -1  -1  -1   1  -2   0  -1   1   5  -1   50   0   0   0   0   0   0   0   0   0   0   0   0   0   0   0   0   0  50   0  0.36 0.00
  284 E    -1   0   0   1  -3   4   4  -2   0  -3  -3   1  -1  -3  -1   0  -1  -2  -2  -2    0   0   0   0   0  50  50   0   0   0   0   0   0   0   0   0   0   0   0   0  0.60 0.00
  285 M    -1  -2  -3  -3  -1  -1  -2  -3  -2   2   1  -2   4   0  -2  -2   0  -2  -1   3    0   0   0   0   0   0   0   0   0   0   0   0  50   0   0   0   0   0   0  50  0.27 0.00
  286 N    -2   0   6   1  -3   0   0   0   1  -3  -3   0  -2  -3  -2   1   0  -4  -2  -3    0   0 100   0   0   0   0   0   0   0   0   0   0   0   0   0   0   0   0   0  0.73 0.01
  287 R    -1   4   0  -1  -3   1   0  -2   0  -3  -2   4  -1  -3  -2   0  -1  -3  -2  -2    0  50   0   0   0   0   0   0   0   0   0  50   0   0   0   0   0   0   0   0  0.56 0.00
  288 D    -1  -1   1   4  -4   1   4  -2  -1  -3  -3   0  -3  -3  -1   0  -1  -4  -3  -3    0   0   0  50   0   0  50   0   0   0   0   0   0   0   0   0   0   0   0   0  0.69 0.00
  289 K    -1   2   0  -1  -3   4   1  -2   0  -3  -2   3  -1  -3  -1   0  -1  -2  -2  -2    0   0   0   0   0  50   0   0   0   0   0  50   0   0   0   0   0   0   0   0  0.49 0.00
  290 W    -2  -3  -3  -4  -2  -3  -3  -3  -2  -1   0  -3  -1   5  -4  -3  -2   9   3  -2    0   0   0   0   0   0   0   0   0   0   0   0   0  50   0   0   0  50   0   0  1.23 0.01
  291 N    -2  -1   4   4  -3   0   1  -1   0  -3  -4   0  -3  -3  -2   0  -1  -4  -3  -3    0   0  50  50   0   0   0   0   0   0   0   0   0   0   0   0   0   0   0   0  0.67 0.00
  292 W    -2  -3  -3  -4  -2  -3  -3  -3  -2  -1   0  -3  -1   5  -4  -3  -2   9   3  -2    0   0   0   0   0   0   0   0   0   0   0   0   0  50   0   0   0  50   0   0  1.23 0.01
  293 E     0   0   0   1  -2   1   3  -1   0  -3  -3   0  -2  -3  -1   3   0  -3  -2  -2    0   0   0   0   0   0  50   0   0   0   0   0   0   0   0  50   0   0   0   0  0.43 0.00
  294 V     0   1  -1  -2  -2   0   0  -2  -2   1   0   3   0  -2  -2  -1   0  -3  -2   2    0   0   0   0   0   0   0   0   0   0   0  50   0   0   0   0   0   0   0  50  0.17 0.00
  295 R    -1   4   0  -1  -3   1   0  -2   0  -3  -2   4  -1  -3  -2   0  -1  -3  -2  -2    0  50   0   0   0   0   0   0   0   0   0  50   0   0   0   0   0   0   0   0  0.56 0.00
  296 L    -2  -2  -3  -4  -1  -2  -3  -4  -3   2   4  -2   2   0  -3  -2  -1  -2  -1   1    0   0   0   0   0   0   0   0   0   0 100   0   0   0   0   0   0   0   0   0  0.46 0.00
  297 K     0   1   0   0  -2   1   0  -1  -1  -3  -2   3  -1  -3  -1   3   1  -3  -2  -2    0   0   0   0   0   0   0   0   0   0   0  50   0   0   0  50   0   0   0   0  0.34 0.00
  298 D    -2  -2   1   6  -4   0   2  -1  -1  -3  -4  -1  -3  -4  -2   0  -1  -4  -3  -3    0   0   0 100   0   0   0   0   0   0   0   0   0   0   0   0   0   0   0   0  0.93 0.00
  299 A     4  -1  -2  -2   0  -1  -1   0  -2  -1  -2  -1  -1  -2  -1   1   0  -3  -2   0  100   0   0   0   0   0   0   0   0   0   0   0   0   0   0   0   0   0   0   0  0.41 0.00
  300 F    -2  -2   0   4  -3  -1   0  -2  -1  -1  -1  -2  -1   4  -2  -1  -2  -1   1  -2    0   0   0  50   0   0   0   0   0   0   0   0   0  50   0   0   0   0   0   0  0.43 0.00
  301 S     0  -1   0  -1  -2  -1  -1  -1   1  -2  -2  -1  -1   1  -2   2   0   1   5  -1    0   0   0   0   0   0   0   0   0   0   0   0   0   0   0  50   0   0  50   0  0.38 0.00
  302 K     0   1  -1  -2  -2   0   0  -2  -2   1   0   3   0  -2  -2  -1   0  -3  -2   2    0   0   0   0   0   0   0   0   0   0   0  50   0   0   0   0   0   0   0  50  0.17 0.00
  303 G     0  -2   0  -1  -3  -2  -2   6  -2  -4  -4  -2  -3  -3  -2   0  -2  -3  -3  -3    0   0   0   0   0   0   0 100   0   0   0   0   0   0   0   0   0   0   0   0  1.04 0.00
  304 G     0  -1   0  -1  -1  -1  -1   4  -1  -2  -1  -1  -1  -1  -1   0  -1  -1  -1  -1    4   3   2   3   1   2   3  54   1   3   5   3   1   2   3   4   3   1   2   3  0.33 0.00
  305 Q     0   1   0   0  -1   4   1  -1   0  -1  -1   1   0  -1   0   0   0  -1  -1  -1    4   3   2   3   1  52   3   4   1   3   5   3   1   2   3   4   3   1   2   3  0.23 0.00
  306 N    -1   0   4   1  -1   0   0   0   0  -1  -1   0  -1  -1  -1   0   0  -1  -1  -1    4   3  52   3   1   2   3   4   1   3   5   3   1   2   3   4   3   1   2   3  0.24 0.00
  307 A     3  -1  -1  -1   0   0   0   0  -1  -1  -1   0  -1  -1   0   1   0  -1  -1   0   54   3   2   3   1   2   3   4   1   3   5   3   1   2   3   4   3   1   2   3  0.14 0.00
  308 P    -1  -2  -2  -2  -3  -1  -1  -2  -2  -3  -3  -1  -3  -4   8  -1  -1  -4  -3  -2    0   0   0   0   0   0   0   0   0   0   0   0   0   0 100   0   0   0   0   0  2.05 0.01
  309 T     0  -1   0  -1  -1  -1  -1  -2  -2  -1  -1  -1  -1  -2  -1   1   5  -2  -2   0    0   0   0   0   0   0   0   0   0   0   0   0   0   0   0   0 100   0   0   0  0.48 0.00
  310 C     0  -3  -3  -4   9  -3  -4  -3  -3  -1  -1  -3  -1  -2  -3  -1  -1  -2  -2  -1    0   0   0   0 100   0   0   0   0   0   0   0   0   0   0   0   0   0   0   0  1.22 0.01
  311 A     3   0  -1  -1  -1   4   1  -1   0  -2  -2   0  -1  -3  -1   1   0  -2  -2  -1   50   0   0   0   0  50   0   0   0   0   0   0   0   0   0   0   0   0   0   0  0.34 0.00
  312 A     2  -2  -2  -2  -1  -1  -1  -1   0  -1  -1  -1  -1   1  -2   0  -1   1   5  -1   50   0   0   0   0   0   0   0   0   0   0   0   0   0   0   0   0   0  50   0  0.36 0.00
  313 C     0  -3  -3  -4   9  -3  -4  -3  -3  -1  -1  -3  -1  -2  -3  -1  -1  -2  -2  -1    0   0   0   0 100   0   0   0   0   0   0   0   0   0   0   0   0   0   0   0  1.22 0.01
  314 H    -2   0   1  -1  -3   0   0  -2   8  -3  -3  -1  -2  -1  -2  -1  -2  -2   2  -3    0   0   0   0   0   0   0   0 100   0   0   0   0   0   0   0   0   0   0   0  0.87 0.01
  315 M    -1  -1  -2  -3  -1   0  -2  -3  -2   1   2  -1   6   0  -3  -2  -1  -1  -1   1    0   0   0   0   0   0   0   0   0   0   0   0 100   0   0   0   0   0   0   0  0.36 0.01
  316 E    -1   4   0   0  -4   1   3  -2   0  -3  -3   2  -2  -3  -2   0  -1  -3  -2  -3    0  50   0   0   0   0  50   0   0   0   0   0   0   0   0   0   0   0   0   0  0.55 0.00
  317 Y    -1  -1  -1  -1  -1  -1  -1  -1   1  -1  -1  -1  -1   2  -1  -1  -1   1   5  -1    4   3   2   3   1   2   3   4   1   3   5   3   1   2   3   4   3   1  52   3  0.26 0.00
  318 E     0   0   0   1  -2   1   3  -1   0  -1  -1   0  -1  -1   0   0   0  -1  -1  -1    4   3   2   3   1   2  53   4   1   3   5   3   1   2   3   4   3   1   2   3  0.25 0.00
  319 G     0  -2   0  -1  -3  -2  -2   6  -2  -4  -4  -2  -3  -3  -2   0  -2  -3  -3  -3    0   0   0   0   0   0   0 100   0   0   0   0   0   0   0   0   0   0   0   0  1.04 0.00
  320 E     0  -1   0   0  -3   1   3   4  -1  -4  -3   0  -2  -3  -2   0  -1  -3  -3  -3    0   0   0   0   0   0  50  50   0   0   0   0   0   0   0   0   0   0   0   0  0.56 0.00
  321 Y    -2  -1   0  -2  -3   0  -1  -3   6  -2  -2  -1  -1   2  -3  -1  -2   1   5  -2    0   0   0   0   0   0   0   0  50   0   0   0   0   0   0   0   0   0  50   0  0.66 0.00
  322 T     0   0   0   0  -1   0   0  -1  -1  -1  -1   0   0  -1   0   1   3  -1  -1   0    4   3   2   3   1   2   3   4   1   3   5   3   1   2   3   4  53   1   2   3  0.16 0.00
  323 H    -2   0   1  -1  -3   0   0  -2   8  -3  -3  -1  -2  -1  -2  -1  -2  -2   2  -3    0   0   0   0   0   0   0   0 100   0   0   0   0   0   0   0   0   0   0   0  0.87 0.01
  324 N    -2   0   6   1  -3   0   0   0   1  -3  -3   0  -2  -3  -2   1   0  -4  -2  -3    0   0 100   0   0   0   0   0   0   0   0   0   0   0   0   0   0   0   0   0  0.73 0.01
  325 I    -1  -3  -3  -3  -1  -3  -3  -3  -3   3   1  -3   1   0  -3  -2   0  -3  -1   3    0   0   0   0   0   0   0   0   0  50   0   0   0   0   0   0   0   0   0  50  0.35 0.00
  326 T     0   0   0  -1  -2   4   1  -2   0  -2  -2   0  -1  -3  -1   1   3  -2  -2  -1    0   0   0   0   0  50   0   0   0   0   0   0   0   0   0   0  50   0   0   0  0.38 0.00
  327 R    -1   6   0  -2  -3   1   0  -2   0  -3  -2   2  -1  -3  -2  -1  -1  -3  -2  -3    0 100   0   0   0   0   0   0   0   0   0   0   0   0   0   0   0   0   0   0  0.75 0.00
  328 K     3   1  -1  -1  -1   0   0  -1  -1  -2  -2   3  -1  -3  -1   1   0  -3  -2  -1   50   0   0   0   0   0   0   0   0   0   0  50   0   0   0   0   0   0   0   0  0.29 0.00
  329 T     1  -1   0  -1  -1   0  -1  -1  -1  -1  -2   0  -1  -2  -1   3   3  -3  -2  -1    0   0   0   0   0   0   0   0   0   0   0   0   0   0   0  50  50   0   0   0  0.39 0.00
  330 R    -1   4  -2  -2  -2   0  -1  -3  -1   2   0   1   0  -1  -2  -1  -1  -3  -2   1    0  50   0   0   0   0   0   0   0  50   0   0   0   0   0   0   0   0   0   0  0.25 0.00
  331 W    -1  -1  -1  -1  -1  -1  -1  -1  -1  -1  -1  -1  -1   0  -1  -1  -1   9   1  -1    4   3   2   3   1   2   3   4   1   3   5   3   1   2   3   4   3  51   2   3  0.84 0.00
  332 A     3  -2  -2  -2  -1  -1  -2  -1  -2   1   0  -1   0  -1  -2   0   0  -3  -2   2   50   0   0   0   0   0   0   0   0   0   0   0   0   0   0   0   0   0   0  50  0.21 0.00
  333 N    -2  -1   4   0  -3  -1  -1  -1   1  -2  -2  -1  -2   1  -2   0  -1   1   5  -2    0   0  50   0   0   0   0   0   0   0   0   0   0   0   0   0   0   0  50   0  0.47 0.00
  334 Y    -1  -1  -1  -2  -2  -1  -1  -2   0  -1  -1  -1  -1   1  -2   0   3   1   5  -1    0   0   0   0   0   0   0   0   0   0   0   0   0   0   0   0  50   0  50   0  0.40 0.00
  335 P     0  -1   0  -1  -2  -1  -1  -1  -1  -3  -3  -1  -2  -3   6   2   0  -3  -2  -2    0   0   0   0   0   0   0   0   0   0   0   0   0   0  50  50   0   0   0   0  0.91 0.00
  336 F    -2  -2  -3  -3  -2  -2  -3  -3  -1   1   1  -2   4   4  -3  -2  -1   0   2   0    0   0   0   0   0   0   0   0   0   0   0   0  50  50   0   0   0   0   0   0  0.37 0.00
  337 V     0  -2  -1  -2  -2  -2  -2   4  -3   1  -1  -2  -1  -2  -2  -1  -1  -3  -2   2    0   0   0   0   0   0   0  50   0   0   0   0   0   0   0   0   0   0   0  50  0.34 0.00
  338 P    -1  -2  -2  -2  -2  -1  -2  -2  -2   0   0  -1   4  -1   6  -1  -1  -2  -2   0    0   0   0   0   0   0   0   0   0   0   0   0  50   0  50   0   0   0   0   0  0.79 0.00
  339 G     1  -1   0  -1  -2  -1  -1   4  -1  -3  -3  -1  -2  -3  -1   3   0  -3  -2  -2    0   0   0   0   0   0   0  50   0   0   0   0   0   0   0  50   0   0   0   0  0.53 0.00
  340 I    -1  -2  -3  -3  -1  -1  -3  -3  -2   3   2  -2   4   0  -3  -2  -1  -2  -1   2    0   0   0   0   0   0   0   0   0  50   0   0  50   0   0   0   0   0   0   0  0.30 0.00
  341 A     4  -1  -2  -2   0  -1  -1   0  -2  -1  -2  -1  -1  -2  -1   1   0  -3  -2   0  100   0   0   0   0   0   0   0   0   0   0   0   0   0   0   0   0   0   0   0  0.41 0.00
  342 E    -1  -1   1   4  -4   1   4  -2  -1  -3  -3   0  -3  -3  -1   0  -1  -4  -3  -3    0   0   0  50   0   0  50   0   0   0   0   0   0   0   0   0   0   0   0   0  0.69 0.00
  343 N    -2   4   4   0  -3   1   0  -1   0  -3  -3   1  -2  -3  -2   0  -1  -3  -2  -3    0  50  50   0   0   0   0   0   0   0   0   0   0   0   0   0   0   0   0   0  0.52 0.00
  344 I    -1  -3  -2  -2  -2  -2  -3   4  -3   2   0  -2   0  -1  -2  -1  -1  -3  -2   1    0   0   0   0   0   0   0  50   0  50   0   0   0   0   0   0   0   0   0   0  0.33 0.00
  345 T     3  -1  -1  -1  -1  -1  -1  -1  -2  -1  -1  -1  -1  -2  -1   1   3  -3  -2   0   50   0   0   0   0   0   0   0   0   0   0   0   0   0   0   0  50   0   0   0  0.32 0.00
  346 S     0  -1   0  -1  -2  -1  -1  -1  -1  -3  -3  -1  -2  -3   6   2   0  -3  -2  -2    0   0   0   0   0   0   0   0   0   0   0   0   0   0  50  50   0   0   0   0  0.91 0.00
  347 D    -2  -2   0   4  -2  -1   0  -2  -2   0   2  -1   0  -1  -2  -1  -1  -3  -2  -1    0   0   0  50   0   0   0   0   0   0  50   0   0   0   0   0   0   0   0   0  0.31 0.00
  348 W    -3  -3  -4  -4  -2  -2  -3  -3  -2  -3  -2  -3  -1   1  -4  -3  -3  11   2  -3    0   0   0   0   0   0   0   0   0   0   0   0   0   0   0   0   0 100   0   0  2.33 0.01
  349 S     0   1   0   0  -2   1   0  -1  -1  -3  -2   3  -1  -3  -1   3   1  -3  -2  -2    0   0   0   0   0   0   0   0   0   0   0  50   0   0   0  50   0   0   0   0  0.34 0.00
  350 E    -1   0   0   2  -4   2   5  -2   0  -3  -3   1  -2  -3  -1   0  -1  -3  -2  -3    0   0   0   0   0   0 100   0   0   0   0   0   0   0   0   0   0   0   0   0  0.74 0.00
  351 A     3   1  -1  -1  -1   0   0  -1  -1  -2  -2   3  -1  -3  -1   1   0  -3  -2  -1   50   0   0   0   0   0   0   0   0   0   0  50   0   0   0   0   0   0   0   0  0.29 0.00
  352 R    -1   6   0  -2  -3   1   0  -2   0  -3  -2   2  -1  -3  -2  -1  -1  -3  -2  -3    0 100   0   0   0   0   0   0   0   0   0   0   0   0   0   0   0   0   0   0  0.75 0.00
  353 L    -1  -1  -1  -1  -1  -1  -1  -1  -1   1   3  -1   1   0  -1  -1   0  -1  -1   0    4   3   2   3   1   2   3   4   1   3  55   3   1   2   3   4   3   1   2   3  0.09 0.00
  354 D    -2  -2   1   6  -4   0   2  -1  -1  -3  -4  -1  -3  -4  -2   0  -1  -4  -3  -3    0   0   0 100   0   0   0   0   0   0   0   0   0   0   0   0   0   0   0   0  0.93 0.00
  355 S     0   4   0  -1  -2   0   0  -1  -1  -3  -2   1  -1  -3  -1   2   0  -3  -2  -2    0  50   0   0   0   0   0   0   0   0   0   0   0   0   0  50   0   0   0   0  0.40 0.00
  356 W    -3  -3  -4  -4  -2  -2  -3  -3  -2  -3  -2  -3  -1   1  -4  -3  -3  11   2  -3    0   0   0   0   0   0   0   0   0   0   0   0   0   0   0   0   0 100   0   0  2.33 0.01
  357 V     0  -3  -3  -3  -1  -2  -2  -3  -3   3   1  -2   1  -1  -2  -2   0  -3  -1   4    0   0   0   0   0   0   0   0   0   0   0   0   0   0   0   0   0   0   0 100  0.35 0.00
  358 L     0  -1  -1  -2  -1  -1  -1  -2  -2   0   2  -1   1  -1  -2   2   0  -2  -1   0    0   0   0   0   0   0   0   0   0   0  50   0   0   0   0  50   0   0   0   0  0.18 0.00
  359 T    -1  -2  -1  -2  -1  -2  -2  -3  -2   3   0  -2   0  -1  -2   0   3  -3  -2   2    0   0   0   0   0   0   0   0   0  50   0   0   0   0   0   0  50   0   0   0  0.24 0.00
  360 C     0  -3  -3  -4   9  -3  -4  -3  -3  -1  -1  -3  -1  -2  -3  -1  -1  -2  -2  -1    0   0   0   0 100   0   0   0   0   0   0   0   0   0   0   0   0   0   0   0  1.22 0.01
  361 T    -1  -1   1   4  -2  -1   1  -1  -1  -2  -2  -1  -2  -3  -1   1   3  -3  -2  -1    0   0   0  50   0   0   0   0   0   0   0   0   0   0   0   0  50   0   0   0  0.46 0.00
  362 Q    -1   0   1   4  -3   4   2  -2   0  -3  -3   0  -1  -3  -1   0  -1  -3  -2  -3    0   0   0  50   0  50   0   0   0   0   0   0   0   0   0   0   0   0   0   0  0.58 0.00
  363 C     0  -3  -3  -4   9  -3  -4  -3  -3  -1  -1  -3  -1  -2  -3  -1  -1  -2  -2  -1    0   0   0   0 100   0   0   0   0   0   0   0   0   0   0   0   0   0   0   0  1.22 0.01
  364 H    -2   0   1  -1  -3   0   0  -2   8  -3  -3  -1  -2  -1  -2  -1  -2  -2   2  -3    0   0   0   0   0   0   0   0 100   0   0   0   0   0   0   0   0   0   0   0  0.87 0.01
  365 S     1  -1   1   0  -1   0   0   0  -1  -2  -3   0  -2  -2  -1   4   1  -3  -2  -2    0   0   0   0   0   0   0   0   0   0   0   0   0   0   0 100   0   0   0   0  0.46 0.00
  366 E    -1  -1  -1   0  -3   1   3  -2  -1  -3  -3   0  -2  -3   6   0  -1  -3  -2  -2    0   0   0   0   0   0  50   0   0   0   0   0   0   0  50   0   0   0   0   0  1.01 0.00
  367 R    -1   6   0  -2  -3   1   0  -2   0  -3  -2   2  -1  -3  -2  -1  -1  -3  -2  -3    0 100   0   0   0   0   0   0   0   0   0   0   0   0   0   0   0   0   0   0  0.75 0.00
  368 F    -2  -3  -3  -4  -2  -3  -3  -3  -1   0   0  -3   0   6  -4  -2  -2   1   3  -1    0   0   0   0   0   0   0   0   0   0   0   0   0 100   0   0   0   0   0   0  0.74 0.01
  369 A     4  -1  -2  -2   0  -1  -1   0  -2  -1  -2  -1  -1  -2  -1   1   0  -3  -2   0  100   0   0   0   0   0   0   0   0   0   0   0   0   0   0   0   0   0   0   0  0.41 0.00
  370 R    -1   6   0  -2  -3   1   0  -2   0  -3  -2   2  -1  -3  -2  -1  -1  -3  -2  -3    0 100   0   0   0   0   0   0   0   0   0   0   0   0   0   0   0   0   0   0  0.75 0.00
  371 S     0   0   0   1  -2   1   3  -1   0  -3  -3   0  -2  -3  -1   3   0  -3  -2  -2    0   0   0   0   0   0  50   0   0   0   0   0   0   0   0  50   0   0   0   0  0.43 0.00
  372 Y    -2  -1   4   0  -3  -1  -1  -1   1  -2  -2  -1  -2   1  -2   0  -1   1   5  -2    0   0  50   0   0   0   0   0   0   0   0   0   0   0   0   0   0   0  50   0  0.47 0.00
  373 L    -2  -2  -3  -4  -1  -2  -3  -4  -3   2   4  -2   2   0  -3  -2  -1  -2  -1   1    0   0   0   0   0   0   0   0   0   0 100   0   0   0   0   0   0   0   0   0  0.46 0.00
  374 D    -1   0   1   4  -3   4   2  -2   0  -3  -3   0  -1  -3  -1   0  -1  -3  -2  -3    0   0   0  50   0  50   0   0   0   0   0   0   0   0   0   0   0   0   0   0  0.58 0.00
  375 L     2  -2  -2  -3  -1  -1  -2  -1  -2   0   2  -1   1  -1  -2   0  -1  -2  -1   0   50   0   0   0   0   0   0   0   0   0  50   0   0   0   0   0   0   0   0   0  0.20 0.00
  376 M    -1  -1  -2  -3  -1   0  -2  -3  -2   1   2  -1   6   0  -3  -2  -1  -1  -1   1    0   0   0   0   0   0   0   0   0   0   0   0 100   0   0   0   0   0   0   0  0.36 0.01
  377 D    -2  -2   1   6  -4   0   2  -1  -1  -3  -4  -1  -3  -4  -2   0  -1  -4  -3  -3    0   0   0 100   0   0   0   0   0   0   0   0   0   0   0   0   0   0   0   0  0.93 0.00
  378 K    -1   1   0   1  -3   2   4  -2   0  -3  -3   3  -2  -3  -1   0  -1  -3  -2  -2    0   0   0   0   0   0  50   0   0   0   0  50   0   0   0   0   0   0   0   0  0.50 0.00
  379 G     1  -1   0  -1  -2  -1  -1   4  -1  -3  -3  -1  -2  -3  -1   3   0  -3  -2  -2    0   0   0   0   0   0   0  50   0   0   0   0   0   0   0  50   0   0   0   0  0.53 0.00
  380 T     0  -2  -1  -2  -1  -1  -2  -2  -2   1   0  -1   0  -1  -2   0   3  -3  -1   3    0   0   0   0   0   0   0   0   0   0   0   0   0   0   0   0  50   0   0  50  0.25 0.00
  381 L    -1   1  -1  -2  -2   0  -1  -2  -2   0   2   3   1  -1  -2  -1  -1  -2  -1   0    0   0   0   0   0   0   0   0   0   0  50  50   0   0   0   0   0   0   0   0  0.19 0.00
  382 E    -1  -1   1   4  -4   1   4  -2  -1  -3  -3   0  -3  -3  -1   0  -1  -4  -3  -3    0   0   0  50   0   0  50   0   0   0   0   0   0   0   0   0   0   0   0   0  0.69 0.00
  383 G     3  -2  -1  -2  -1  -1  -1   4  -2  -2  -2  -1  -2  -3  -1   0  -1  -3  -2  -1   50   0   0   0   0   0   0  50   0   0   0   0   0   0   0   0   0   0   0   0  0.52 0.00
  384 L     0  -1  -1  -2  -1  -1  -1  -2  -2   0   2  -1   1  -1  -2   2   0  -2  -1   0    0   0   0   0   0   0   0   0   0   0  50   0   0   0   0  50   0   0   0   0  0.18 0.00
  385 A     2  -2  -2  -3  -1  -1  -2  -1  -2   0   2  -1   1  -1  -2   0  -1  -2  -1   0   50   0   0   0   0   0   0   0   0   0  50   0   0   0   0   0   0   0   0   0  0.20 0.00
  386 K    -1   2   0  -1  -3   1   1  -2  -1  -3  -3   5  -1  -3  -1   0  -1  -3  -2  -2    0   0   0   0   0   0   0   0   0   0   0 100   0   0   0   0   0   0   0   0  0.52 0.00
  387 Y    -2  -2  -2  -3  -2  -1  -2  -3   2  -1  -1  -2  -1   3  -3  -2  -2   2   7  -1    0   0   0   0   0   0   0   0   0   0   0   0   0   0   0   0   0   0 100   0  0.87 0.01
  388 Q    -1   4   0  -1  -3   4   1  -2   0  -3  -2   2  -1  -3  -2   0  -1  -2  -2  -2    0  50   0   0   0  50   0   0   0   0   0   0   0   0   0   0   0   0   0   0  0.57 0.00
  389 E    -1   0   0   2  -4   2   5  -2   0  -3  -3   1  -2  -3  -1   0  -1  -3  -2  -3    0   0   0   0   0   0 100   0   0   0   0   0   0   0   0   0   0   0   0   0  0.74 0.00
  390 A     3  -1  -1  -1  -1  -1  -1  -1  -2  -1  -1  -1  -1  -2  -1   1   3  -3  -2   0   50   0   0   0   0   0   0   0   0   0   0   0   0   0   0   0  50   0   0   0  0.32 0.00
  391 N    -2  -1   4   0  -3  -1  -1  -2   0  -1  -1  -1  -1   4  -3  -1  -1  -1   1  -2    0   0  50   0   0   0   0   0   0   0   0   0   0  50   0   0   0   0   0   0  0.37 0.00
  392 A     3   1  -1  -1  -1   0   0  -1  -1  -2  -2   3  -1  -3  -1   1   0  -3  -2  -1   50   0   0   0   0   0   0   0   0   0   0  50   0   0   0   0   0   0   0   0  0.29 0.00
  393 I    -1  -3  -3  -3  -1  -3  -3  -3  -3   3   1  -3   1   0  -3  -2   0  -3  -1   3    0   0   0   0   0   0   0   0   0  50   0   0   0   0   0   0   0   0   0  50  0.35 0.00
  394 V     3  -2  -2  -2  -1  -1  -2  -1  -2   1   0  -1   0  -1  -2   0   0  -3  -2   2   50   0   0   0   0   0   0   0   0   0   0   0   0   0   0   0   0   0   0  50  0.21 0.00
  395 H    -1   0   0   0  -3   1   3  -2   6  -3  -3   0  -2  -2  -2  -1  -1  -3   0  -3    0   0   0   0   0   0  50   0  50   0   0   0   0   0   0   0   0   0   0   0  0.58 0.00
  396 K    -1   1   1   4  -3   1   1  -1  -1  -3  -3   3  -2  -3  -1   0  -1  -4  -2  -3    0   0   0  50   0   0   0   0   0   0   0  50   0   0   0   0   0   0   0   0  0.51 0.00
  397 M    -1  -2  -3  -3  -1  -1  -2  -3  -2   1   3  -2   4   0  -3  -2  -1  -2  -1   1    0   0   0   0   0   0   0   0   0   0  50   0  50   0   0   0   0   0   0   0  0.35 0.00
  398 Y    -2  -2  -3  -3  -2  -2  -2  -3   0   0   2  -2   1   2  -3  -2  -1   1   5   0    0   0   0   0   0   0   0   0   0   0  50   0   0   0   0   0   0   0  50   0  0.42 0.00
  399 E    -1  -1  -1   0  -2   0   3  -3  -1   2   0   0   0  -1  -2  -1  -1  -3  -2   1    0   0   0   0   0   0  50   0   0  50   0   0   0   0   0   0   0   0   0   0  0.22 0.00
  400 D    -2  -2   1   6  -4   0   2  -1  -1  -3  -4  -1  -3  -4  -2   0  -1  -4  -3  -3    0   0   0 100   0   0   0   0   0   0   0   0   0   0   0   0   0   0   0   0  0.93 0.00
  401 G     0  -2   0  -1  -3  -2  -2   6  -2  -4  -4  -2  -3  -3  -2   0  -2  -3  -3  -3    0   0   0   0   0   0   0 100   0   0   0   0   0   0   0   0   0   0   0   0  1.04 0.00
  402 T     0  -2  -1  -2  -1  -1  -2  -2  -2   1   0  -1   0  -1  -2   0   3  -3  -1   3    0   0   0   0   0   0   0   0   0   0   0   0   0   0   0   0  50   0   0  50  0.25 0.00
  403 L    -2  -2  -3  -4  -1  -2  -3  -4  -3   2   4  -2   2   0  -3  -2  -1  -2  -1   1    0   0   0   0   0   0   0   0   0   0 100   0   0   0   0   0   0   0   0   0  0.46 0.00
  404 T    -1  -1   1   4  -2  -1   1  -1  -1  -2  -2  -1  -2  -3  -1   1   3  -3  -2  -1    0   0   0  50   0   0   0   0   0   0   0   0   0   0   0   0  50   0   0   0  0.46 0.00
  405 G     0  -1   0  -1  -1  -1  -1   4  -1  -2  -1  -1  -1  -1  -1   0  -1  -1  -1  -1    4   3   2   3   1   2   3  54   1   3   5   3   1   2   3   4   3   1   2   3  0.33 0.00
  406 Q     0   1   0   0  -1   4   1  -1   0  -1  -1   1   0  -1   0   0   0  -1  -1  -1    4   3   2   3   1  52   3   4   1   3   5   3   1   2   3   4   3   1   2   3  0.23 0.00
  407 K     0   1   0   0  -1   1   1  -1   0  -1  -1   3  -1  -1   0   0   0  -1  -1  -1    4   3   2   3   1   2   3   4   1   3   5  53   1   2   3   4   3   1   2   3  0.17 0.00
  408 T     0   0   0   0  -1   0   0  -1  -1  -1  -1   0   0  -1   0   1   3  -1  -1   0    4   3   2   3   1   2   3   4   1   3   5   3   1   2   3   4  53   1   2   3  0.16 0.00
  409 N    -1   0   4   1  -1   0   0   0   0  -1  -1   0  -1  -1  -1   0   0  -1  -1  -1    4   3  52   3   1   2   3   4   1   3   5   3   1   2   3   4   3   1   2   3  0.24 0.00
  410 R    -1   4   0  -1  -1   1   0  -1   0  -1  -1   1  -1  -1  -1   0   0  -1  -1  -1    4  53   2   3   1   2   3   4   1   3   5   3   1   2   3   4   3   1   2   3  0.24 0.00
  411 P    -1  -2  -2  -2  -3  -1  -1  -2  -2  -3  -3  -1  -3  -4   8  -1  -1  -4  -3  -2    0   0   0   0   0   0   0   0   0   0   0   0   0   0 100   0   0   0   0   0  2.05 0.01
  412 N    -1  -1   4   0  -2   0  -1  -1   0   0   0  -1   4  -1  -2   0   0  -2  -2  -1    0   0  50   0   0   0   0   0   0   0   0   0  50   0   0   0   0   0   0   0  0.26 0.00
  413 P    -1  -2  -2  -2  -3  -1  -1  -2  -2  -3  -3  -1  -3  -4   8  -1  -1  -4  -3  -2    0   0   0   0   0   0   0   0   0   0   0   0   0   0 100   0   0   0   0   0  2.05 0.01
  414 P    -1   1  -1  -1  -3   0   0  -2  -1  -3  -3   3  -2  -3   6  -1  -1  -3  -2  -2    0   0   0   0   0   0   0   0   0   0   0  50   0   0  50   0   0   0   0   0  0.92 0.00
  415 E    -1  -1   1   4  -4   1   4  -2  -1  -3  -3   0  -3  -3  -1   0  -1  -4  -3  -3    0   0   0  50   0   0  50   0   0   0   0   0   0   0   0   0   0   0   0   0  0.69 0.00
  416 P    -1  -2  -2  -2  -3  -1  -1  -2  -2  -3  -3  -1  -3  -4   8  -1  -1  -4  -3  -2    0   0   0   0   0   0   0   0   0   0   0   0   0   0 100   0   0   0   0   0  2.05 0.01
  417 E    -1  -1   1   4  -4   1   4  -2  -1  -3  -3   0  -3  -3  -1   0  -1  -4  -3  -3    0   0   0  50   0   0  50   0   0   0   0   0   0   0   0   0   0   0   0   0  0.69 0.00
  418 K    -2   1  -1  -2  -3   0  -1  -2  -1  -3  -2   3  -1   0  -2  -1  -1   9   1  -3    0   0   0   0   0   0   0   0   0   0   0  50   0   0   0   0   0  50   0   0  0.99 0.00
  419 P     0  -1   0  -1  -2  -1  -1  -1  -1  -3  -3  -1  -2  -3   6   2   0  -3  -2  -2    0   0   0   0   0   0   0   0   0   0   0   0   0   0  50  50   0   0   0   0  0.91 0.00
  420 G     0  -2   0  -1  -3  -2  -2   6  -2  -4  -4  -2  -3  -3  -2   0  -2  -3  -3  -3    0   0   0   0   0   0   0 100   0   0   0   0   0   0   0   0   0   0   0   0  1.04 0.00
  421 F    -1   0  -1  -2  -3   4   0  -2   0  -1  -1   0   0   4  -2  -1  -1   0   2  -1    0   0   0   0   0  50   0   0   0   0   0   0   0  50   0   0   0   0   0   0  0.35 0.00
  422 G    -1  -1   0  -1  -3   0  -1   4   6  -4  -3  -1  -2  -2  -2  -1  -2  -2   0  -3    0   0   0   0   0   0   0  50  50   0   0   0   0   0   0   0   0   0   0   0  0.62 0.00
  423 I    -1  -3  -3  -3  -1  -3  -3  -4  -3   4   2  -3   1   0  -3  -2  -1  -3  -1   3    0   0   0   0   0   0   0   0   0 100   0   0   0   0   0   0   0   0   0   0  0.39 0.00
  424 F    -2  -3  -3  -4  -2  -3  -3  -3  -2  -1   0  -3  -1   5  -4  -3  -2   9   3  -2    0   0   0   0   0   0   0   0   0   0   0   0   0  50   0   0   0  50   0   0  1.23 0.01
  425 T     1  -1   0  -1  -1   0  -1  -1  -1  -1  -2   0  -1  -2  -1   3   3  -3  -2  -1    0   0   0   0   0   0   0   0   0   0   0   0   0   0   0  50  50   0   0   0  0.39 0.00
  426 Q    -1   0  -1  -2  -2   4   0  -3  -1   0   2   0   1  -1  -2  -1  -1  -2  -1   0    0   0   0   0   0  50   0   0   0   0  50   0   0   0   0   0   0   0   0   0  0.25 0.00
  427 L    -1   1  -1  -2  -2   0  -1  -2  -2   0   2   3   1  -1  -2  -1  -1  -2  -1   0    0   0   0   0   0   0   0   0   0   0  50  50   0   0   0   0   0   0   0   0  0.19 0.00
  428 F    -2  -3  -3  -3  -2  -3  -3  -3  -2   3   1  -3   1   4  -3  -2  -1   0   2   1    0   0   0   0   0   0   0   0   0  50   0   0   0  50   0   0   0   0   0   0  0.38 0.00
  429 W    -1  -3  -2  -2  -2  -2  -3   4  -2  -3  -3  -2  -2   0  -3  -1  -2   9   1  -3    0   0   0   0   0   0   0  50   0   0   0   0   0   0   0   0   0  50   0   0  1.20 0.00
  430 S     3  -1   0  -1  -1   0   0   0  -1  -2  -2   0  -1  -2  -1   3   1  -3  -2  -1   50   0   0   0   0   0   0   0   0   0   0   0   0   0   0  50   0   0   0   0  0.35 0.00
  431 K    -1   4   0  -1  -3   1   0  -2   0  -3  -2   4  -1  -3  -2   0  -1  -3  -2  -2    0  50   0   0   0   0   0   0   0   0   0  50   0   0   0   0   0   0   0   0  0.56 0.00
  432 G     0  -2  -1  -2  -2  -1  -2   4  -2   0   0  -1   4  -1  -2  -1  -1  -2  -2  -1    0   0   0   0   0   0   0  50   0   0   0   0  50   0   0   0   0   0   0   0  0.36 0.00
  433 N     0  -1   4   1  -2   0   0   0   0  -3  -3   0  -2  -3  -1   3   1  -3  -2  -2    0   0  50   0   0   0   0   0   0   0   0   0   0   0   0  50   0   0   0   0  0.45 0.00
  434 N    -2   0   6   1  -3   0   0   0   1  -3  -3   0  -2  -3  -2   1   0  -4  -2  -3    0   0 100   0   0   0   0   0   0   0   0   0   0   0   0   0   0   0   0   0  0.73 0.01
  435 P    -1  -3  -2  -2   7  -2  -2  -2  -3  -2  -2  -2  -2  -3   6  -1  -1  -3  -3  -2    0   0   0   0  50   0   0   0   0   0   0   0   0   0  50   0   0   0   0   0  1.16 0.00
  436 A     3  -1  -1  -1  -1  -1  -1  -1  -2  -1  -1  -1  -1  -2  -1   1   3  -3  -2   0   50   0   0   0   0   0   0   0   0   0   0   0   0   0   0   0  50   0   0   0  0.32 0.00
  437 S     0  -1   1   4  -2   0   1  -1  -1  -3  -3   0  -2  -3  -1   3   0  -3  -2  -2    0   0   0  50   0   0   0   0   0   0   0   0   0   0   0  50   0   0   0   0  0.49 0.00
  438 L    -1  -2  -3  -3  -1  -2  -3  -3  -3   2   3  -2   1   0  -3  -2  -1  -2  -1   3    0   0   0   0   0   0   0   0   0   0  50   0   0   0   0   0   0   0   0  50  0.32 0.00
  439 E    -1   0   0   2  -4   2   5  -2   0  -3  -3   1  -2  -3  -1   0  -1  -3  -2  -3    0   0   0   0   0   0 100   0   0   0   0   0   0   0   0   0   0   0   0   0  0.74 0.00
  440 L    -1   4  -2  -2  -2   0  -1  -3  -1   0   2   1   1  -1  -3  -2  -1  -2  -1   0    0  50   0   0   0   0   0   0   0   0  50   0   0   0   0   0   0   0   0   0  0.29 0.00
  441 K    -1   1  -1  -2  -2   0  -1  -2  -2   0   2   3   1  -1  -2  -1  -1  -2  -1   0    0   0   0   0   0   0   0   0   0   0  50  50   0   0   0   0   0   0   0   0  0.19 0.00
  442 V     0  -3  -3  -3   7  -3  -3  -3  -3   1   0  -3   0  -2  -3  -1   0  -3  -2   2    0   0   0   0  50   0   0   0   0   0   0   0   0   0   0   0   0   0   0  50  0.54 0.00
  443 L    -2  -3  -3  -4  -2  -3  -3  -3  -2   1   3  -3   1   5  -3  -2  -2   0   2   0    0   0   0   0   0   0   0   0   0   0  50   0   0  50   0   0   0   0   0   0  0.43 0.00
  444 E    -1   0   0   2  -4   2   5  -2   0  -3  -3   1  -2  -3  -1   0  -1  -3  -2  -3    0   0   0   0   0   0 100   0   0   0   0   0   0   0   0   0   0   0   0   0  0.74 0.00
  445 M     0  -1   0  -1  -1   0  -1  -1  -1   0   1  -1   4  -1  -2   2   1  -2  -1   0    0   0   0   0   0   0   0   0   0   0   0   0  50   0   0  50   0   0   0   0  0.19 0.00
  446 A     3  -2  -2  -2  -1  -1  -2  -1  -2   1   0  -1   0  -1  -2   0   0  -3  -2   2   50   0   0   0   0   0   0   0   0   0   0   0   0   0   0   0   0   0   0  50  0.21 0.00
  447 E     0  -1   0   0  -3   1   3   4  -1  -4  -3   0  -2  -3  -2   0  -1  -3  -3  -3    0   0   0   0   0   0  50  50   0   0   0   0   0   0   0   0   0   0   0   0  0.56 0.00
  448 N    -2  -1   4   0  -3  -1  -1  -1   1  -2  -2  -1  -2   1  -2   0  -1   1   5  -2    0   0  50   0   0   0   0   0   0   0   0   0   0   0   0   0   0   0  50   0  0.47 0.00
  449 N    -2  -1   4   0  -3  -1  -1  -2   0  -1  -1  -1  -1   4  -3  -1  -1  -1   1  -2    0   0  50   0   0   0   0   0   0   0   0   0   0  50   0   0   0   0   0   0  0.37 0.00
  450 L    -1   0  -1  -2  -2   4   0  -3  -1   0   2   0   1  -1  -2  -1  -1  -2  -1   0    0   0   0   0   0  50   0   0   0   0  50   0   0   0   0   0   0   0   0   0  0.25 0.00
  451 A     3  -1  -1  -1  -1  -1  -1  -1  -2  -1  -1  -1  -1  -2  -1   1   3  -3  -2   0   50   0   0   0   0   0   0   0   0   0   0   0   0   0   0   0  50   0   0   0  0.32 0.00
  452 K    -1   1  -1  -2  -3   0   0  -2   1  -2  -2   3  -1   1  -2  -1  -1   1   5  -2    0   0   0   0   0   0   0   0   0   0   0  50   0   0   0   0   0   0  50   0  0.40 0.00
  453 M    -1  -2  -3  -3  -1  -1  -3  -3  -2   3   2  -2   4   0  -3  -2  -1  -2  -1   2    0   0   0   0   0   0   0   0   0  50   0   0  50   0   0   0   0   0   0   0  0.30 0.00
  454 H    -2  -1   0  -2  -3   0  -1  -3   6  -2  -2  -1  -1   2  -3  -1  -2   1   5  -2    0   0   0   0   0   0   0   0  50   0   0   0   0   0   0   0   0   0  50   0  0.66 0.00
  455 V     0   1  -1  -2  -2   0   0  -2  -2   1   0   3   0  -2  -2  -1   0  -3  -2   2    0   0   0   0   0   0   0   0   0   0   0  50   0   0   0   0   0   0   0  50  0.17 0.00
  456 G     0  -2   0  -1  -3  -2  -2   6  -2  -4  -4  -2  -3  -3  -2   0  -2  -3  -3  -3    0   0   0   0   0   0   0 100   0   0   0   0   0   0   0   0   0   0   0   0  1.04 0.00
  457 L    -1  -2  -3  -3  -1  -1  -2  -3  -2   1   3  -2   4   0  -3  -2  -1  -2  -1   1    0   0   0   0   0   0   0   0   0   0  50   0  50   0   0   0   0   0   0   0  0.35 0.00
  458 A     4  -1  -2  -2   0  -1  -1   0  -2  -1  -2  -1  -1  -2  -1   1   0  -3  -2   0  100   0   0   0   0   0   0   0   0   0   0   0   0   0   0   0   0   0   0   0  0.41 0.00
  459 H    -2   0   1  -1  -3   0   0  -2   8  -3  -3  -1  -2  -1  -2  -1  -2  -2   2  -3    0   0   0   0   0   0   0   0 100   0   0   0   0   0   0   0   0   0   0   0  0.87 0.01
  460 V     0  -2  -1  -2  -2  -2  -2   4  -3   1  -1  -2  -1  -2  -2  -1  -1  -3  -2   2    0   0   0   0   0   0   0  50   0   0   0   0   0   0   0   0   0   0   0  50  0.34 0.00
  461 N     0  -1   4   1  -2   0   0   0   0  -3  -3   0  -2  -3  -1   3   1  -3  -2  -2    0   0  50   0   0   0   0   0   0   0   0   0   0   0   0  50   0   0   0   0  0.45 0.00
  462 P    -2  -2  -3  -3  -3  -2  -2  -2  -2  -3  -2  -2  -2  -1   6  -2  -2   9   1  -3    0   0   0   0   0   0   0   0   0   0   0   0   0   0  50   0   0  50   0   0  1.60 0.01
  463 G    -1  -1   4   0  -3  -1  -1   4   0  -4  -4  -1  -2  -3  -2   0  -1  -3  -3  -3    0   0  50   0   0   0   0  50   0   0   0   0   0   0   0   0   0   0   0   0  0.62 0.00
  464 G    -1  -2   1   4  -3  -1   0   4  -2  -3  -4  -1  -3  -3  -2   0  -1  -3  -3  -3    0   0   0  50   0   0   0  50   0   0   0   0   0   0   0   0   0   0   0   0  0.66 0.00
  465 W     2  -2  -2  -3  -1  -1  -2  -1  -2  -2  -2  -2  -1   0  -2   0  -1   9   1  -1   50   0   0   0   0   0   0   0   0   0   0   0   0   0   0   0   0  50   0   0  0.96 0.00
  466 T     0  -1   0  -1  -1  -1  -1  -2  -2  -1  -1  -1  -1  -2  -1   1   5  -2  -2   0    0   0   0   0   0   0   0   0   0   0   0   0   0   0   0   0 100   0   0   0  0.48 0.00
  467 Y    -2  -2  -2  -3  -2  -1  -2  -3   2  -1  -1  -2  -1   3  -3  -2  -2   2   7  -1    0   0   0   0   0   0   0   0   0   0   0   0   0   0   0   0   0   0 100   0  0.87 0.01
  468 T     1  -1   0  -1  -1   0  -1  -1  -1  -1  -2   0  -1  -2  -1   3   3  -3  -2  -1    0   0   0   0   0   0   0   0   0   0   0   0   0   0   0  50  50   0   0   0  0.39 0.00
  469 E    -1  -1   1   4  -4   1   4  -2  -1  -3  -3   0  -3  -3  -1   0  -1  -4  -3  -3    0   0   0  50   0   0  50   0   0   0   0   0   0   0   0   0   0   0   0   0  0.69 0.00
  470 G     0  -2   0  -1  -3  -2  -2   6  -2  -4  -4  -2  -3  -3  -2   0  -2  -3  -3  -3    0   0   0   0   0   0   0 100   0   0   0   0   0   0   0   0   0   0   0   0  1.04 0.00
  471 W     0  -2  -1  -2  -2  -1  -1  -1  -2  -3  -2  -1  -1   0  -2   2   0   9   1  -2    0   0   0   0   0   0   0   0   0   0   0   0   0   0   0  50   0  50   0   0  0.96 0.00
  472 G    -1  -3  -1  -2  -2  -2  -3   4  -2  -1  -1  -2  -1   4  -3  -1  -2   0   1  -2    0   0   0   0   0   0   0  50   0   0   0   0   0  50   0   0   0   0   0   0  0.49 0.00
  473 P     0  -2  -1  -1  -3  -2  -2   4  -2  -3  -3  -1  -3  -3   6  -1  -1  -3  -3  -3    0   0   0   0   0   0   0  50   0   0   0   0   0   0  50   0   0   0   0   0  1.09 0.00
  474 M    -1  -1  -2  -3  -1   0  -2  -3  -2   1   2  -1   6   0  -3  -2  -1  -1  -1   1    0   0   0   0   0   0   0   0   0   0   0   0 100   0   0   0   0   0   0   0  0.36 0.01
  475 N    -2  -1   4   4  -3   0   1  -1   0  -3  -4   0  -3  -3  -2   0  -1  -4  -3  -3    0   0  50  50   0   0   0   0   0   0   0   0   0   0   0   0   0   0   0   0  0.67 0.00
  476 R    -1   6   0  -2  -3   1   0  -2   0  -3  -2   2  -1  -3  -2  -1  -1  -3  -2  -3    0 100   0   0   0   0   0   0   0   0   0   0   0   0   0   0   0   0   0   0  0.75 0.00
  477 A     2  -2  -2  -3  -1  -1  -2  -1  -2  -2  -2  -2  -1   0  -2   0  -1   9   1  -1   50   0   0   0   0   0   0   0   0   0   0   0   0   0   0   0   0  50   0   0  0.96 0.00
  478 Y    -2  -2  -3  -3  -2  -2  -2  -3   0   0   2  -2   1   2  -3  -2  -1   1   5   0    0   0   0   0   0   0   0   0   0   0  50   0   0   0   0   0   0   0  50   0  0.42 0.00
  479 V     0  -3  -3  -3  -1  -2  -2  -3  -3   3   1  -2   1  -1  -2  -2   0  -3  -1   4    0   0   0   0   0   0   0   0   0   0   0   0   0   0   0   0   0   0   0 100  0.35 0.00
  480 E    -1   0   4   1  -3   1   3  -1   0  -3  -3   0  -2  -3  -2   0   0  -3  -2  -3    0   0  50   0   0   0  50   0   0   0   0   0   0   0   0   0   0   0   0   0  0.54 0.00
  481 I    -1  -3  -3  -3  -1  -3  -3  -3  -3   3   1  -3   1   0  -3  -2   0  -3  -1   3    0   0   0   0   0   0   0   0   0  50   0   0   0   0   0   0   0   0   0  50  0.35 0.00
  482 Q    -1   2   0  -1  -3   4   1  -2   0  -3  -2   3  -1  -3  -1   0  -1  -2  -2  -2    0   0   0   0   0  50   0   0   0   0   0  50   0   0   0   0   0   0   0   0  0.49 0.00
  483 D    -1   0   1   4  -3   4   2  -2   0  -3  -3   0  -1  -3  -1   0  -1  -3  -2  -3    0   0   0  50   0  50   0   0   0   0   0   0   0   0   0   0   0   0   0   0  0.58 0.00
  484 E    -1   0   4   1  -3   1   3  -1   0  -3  -3   0  -2  -3  -2   0   0  -3  -2  -3    0   0  50   0   0   0  50   0   0   0   0   0   0   0   0   0   0   0   0   0  0.54 0.00
  485 Y     2  -2  -2  -2  -1  -1  -1  -1   0  -1  -1  -1  -1   1  -2   0  -1   1   5  -1   50   0   0   0   0   0   0   0   0   0   0   0   0   0   0   0   0   0  50   0  0.36 0.00
  486 T     1  -1   0  -1  -1   0  -1  -1  -1  -1  -2   0  -1  -2  -1   3   3  -3  -2  -1    0   0   0   0   0   0   0   0   0   0   0   0   0   0   0  50  50   0   0   0  0.39 0.00
  487 K    -1   4   0  -1  -3   1   0  -2   0  -3  -2   4  -1  -3  -2   0  -1  -3  -2  -2    0  50   0   0   0   0   0   0   0   0   0  50   0   0   0   0   0   0   0   0  0.56 0.00
  488 M     2  -1  -2  -2  -1  -1  -1  -1  -2   0   1  -1   4  -1  -2   0   0  -2  -1   0   50   0   0   0   0   0   0   0   0   0   0   0  50   0   0   0   0   0   0   0  0.20 0.00
  489 Q    -1   4   0  -1  -3   4   1  -2   0  -3  -2   2  -1  -3  -2   0  -1  -2  -2  -2    0  50   0   0   0  50   0   0   0   0   0   0   0   0   0   0   0   0   0   0  0.57 0.00
  490 E    -1   4   0   0  -4   1   3  -2   0  -3  -3   2  -2  -3  -2   0  -1  -3  -2  -3    0  50   0   0   0   0  50   0   0   0   0   0   0   0   0   0   0   0   0   0  0.55 0.00
  491 L    -2  -2  -3  -4  -1  -2  -3  -4  -3   2   4  -2   2   0  -3  -2  -1  -2  -1   1    0   0   0   0   0   0   0   0   0   0 100   0   0   0   0   0   0   0   0   0  0.46 0.00
  492 S     3  -1   0  -1  -1   0   0   0  -1  -2  -2   0  -1  -2  -1   3   1  -3  -2  -1   50   0   0   0   0   0   0   0   0   0   0   0   0   0   0  50   0   0   0   0  0.35 0.00
  493 A     4  -1  -2  -2   0  -1  -1   0  -2  -1  -2  -1  -1  -2  -1   1   0  -3  -2   0  100   0   0   0   0   0   0   0   0   0   0   0   0   0   0   0   0   0   0   0  0.41 0.00
  494 L    -2  -2  -3  -4  -1  -2  -3  -4  -3   2   4  -2   2   0  -3  -2  -1  -2  -1   1    0   0   0   0   0   0   0   0   0   0 100   0   0   0   0   0   0   0   0   0  0.46 0.00
  495 Q    -1   0   0   1  -3   4   4  -2   0  -3  -3   1  -1  -3  -1   0  -1  -2  -2  -2    0   0   0   0   0  50  50   0   0   0   0   0   0   0   0   0   0   0   0   0  0.60 0.00
  496 A     3   1  -1  -1  -1   0   0  -1  -1  -2  -2   3  -1  -3  -1   1   0  -3  -2  -1   50   0   0   0   0   0   0   0   0   0   0  50   0   0   0   0   0   0   0   0  0.29 0.00
  497 R    -1   4   0  -1  -3   1   0  -2   0  -3  -2   4  -1  -3  -2   0  -1  -3  -2  -2    0  50   0   0   0   0   0   0   0   0   0  50   0   0   0   0   0   0   0   0  0.56 0.00
  498 V     0  -3  -3  -3  -1  -2  -2  -3  -3   3   1  -2   1  -1  -2  -2   0  -3  -1   4    0   0   0   0   0   0   0   0   0   0   0   0   0   0   0   0   0   0   0 100  0.35 0.00
  499 N    -1  -1   4   0  -3  -1  -1   4   0  -4  -4  -1  -2  -3  -2   0  -1  -3  -3  -3    0   0  50   0   0   0   0  50   0   0   0   0   0   0   0   0   0   0   0   0  0.62 0.00
  500 K    -1   2   0  -1  -3   1   1  -1  -1  -2  -2   4  -1  -3  -1   0  -1  -3  -2  -2    0   0   0   0   0   0   0   0   0   0   0   0   0   0   0   0   0   0   0   0  0.00     0.00
  501 L    -1  -2  -3  -3  -1  -2  -3  -3  -3   1   4  -2   2   0  -3  -2  -1  -2  -1   1    0   0   0   0   0   0   0   0   0   0   0   0   0   0   0   0   0   0   0   0  0.00     0.00
  502 E    -1   0   0   1  -3   2   5  -2   0  -3  -3   1  -2  -3  -1   0  -1  -3  -2  -2    0   0   0   0   0   0   0   0   0   0   0   0   0   0   0   0   0   0   0   0  0.00     0.00

                      K         Lambda
Standard Ungapped    0.1303     0.3145
Standard Gapped      0.0410     0.2670
PSI Ungapped         0.1303     0.3145
PSI Gapped           0.0410     0.2670
