
Last position-specific scoring matrix computed, weighted observed percentages rounded down, information per position, and relative weight of gapless real matches to pseudocounts
            A   R   N   D   C   Q   E   G   H   I   L   K   M   F   P   S   T   W   Y   V   A   R   N   D   C   Q   E   G   H   I   L   K   M   F   P   S   T   W   Y   V
    1 S     3  -1   0  -1  -1  -1  -1   0  -1  -2  -2  -1  -1  -2  -1   3   2  -3  -2  -1   41   0   0   0   0   0   0   0   0   0   0   0   0   0   0  42  17   0   0   0  0.33 0.01
    2 K    -2   3  -1  -2  -4   5   0  -3  -1  -4  -3   5  -2  -4  -2  -1  -2  -4  -3  -3    0  15   0   0   0  36   0   0   0   0   0  49   0   0   0   0   0   0   0   0  0.88 0.21
    3 T    -2  -3  -1   5  -3  -2  -1  -3  -3  -4  -4  -2  -3  -4  -3   2   4  -5  -4  -3    0   0   0  48   0   0   0   0   0   0   0   0   0   0   0  20  32   0   0   0  0.93 0.29
    4 P     4  -3  -3  -3  -2  -2  -2  -2  -3   1   0  -2  -1  -3   3   0   0  -4  -3   2   46   0   0   0   0   0   0   0   0   9   6   0   0   0  16   3   3   0   0  17  0.47 0.19
    5 L    -1  -4  -4  -4  -3  -4  -4  -4  -3   4   1  -4   0   5   0  -2  -1  -2   0   2    4   0   0   0   0   0   0   0   0  30   9   0   0  32   4   3   1   0   0  17  0.53 0.20
    6 T     0  -3  -2  -3  -2  -2  -2  -1  -3   0  -3  -2  -2  -4  -3   3   5  -4  -3   0    5   0   0   0   0   0   0   3   0   5   0   0   0   0   0  28  54   0   0   5  0.76 0.30
    7 E     0   3   1  -1  -3   2   2  -2  -1  -3  -2   3  -2  -4  -2   1   1  -4  -3  -3    8  16   7   1   0   7  15   0   0   0   2  24   0   0   0  12   8   0   0   0  0.37 0.16
    8 A     2  -3  -3  -3  -2   0  -2  -3  -3   1   0  -2   0  -2  -3   1   1  -4  -3   4   23   0   0   0   0   4   0   0   0   7   5   1   2   0   0   9  10   0   0  39  0.34 0.18
    9 V    -2  -4  -5  -5  -3  -4  -5  -5  -5   6   1  -4   0  -2  -4  -4  -2  -4  -3   4    2   0   0   0   0   0   0   0   0  54   5   0   0   0   0   0   0   0   0  39  1.00 0.31
   10 A     2  -2   1  -2  -2  -2  -1  -1  -2   0   1  -1  -1  -2  -2   2   0  -4  -2   2   21   1  11   0   0   0   2   2   0   2  13   3   0   0   0  21   4   0   0  20  0.18 0.13
   11 A     1   0   3  -1  -2   4   0  -2  -1  -3  -2   0  -2  -4  -2   2   1  -4  -3  -3   16   4  17   0   1  29   2   1   0   1   2   3   0   0   0  16  10   0   0   0  0.42 0.21
   12 A     6  -2  -1  -3  -2  -3  -3  -2  -3  -3  -3  -2  -3  -3  -3   0  -2  -3   2  -2   80   2   3   0   0   0   0   0   0   0   0   0   0   0   0   5   0   0  10   0  0.98 0.36
   13 D    -4  -4  -1   8  -6  -2   2  -4  -3  -5  -6  -3  -5  -6  -4  -2  -3  -6  -5  -5    0   0   0  91   0   0   9   0   0   0   0   0   0   0   0   0   0   0   0   0  1.92 0.46
   14 S     3   0   0   0  -2   1  -1  -2  -1  -2  -1  -1  -2  -3  -2   2   1  -4  -2   0   32   5   3   6   0   9   0   0   2   0   5   2   0   0   0  20   7   0   0  10  0.23 0.15
   15 Q     0   3  -1   0  -4   5   2  -3  -1  -4  -3   2  -2  -4  -2   0   0  -4  -3  -3    9  16   0   3   0  33  15   0   0   0   0  11   0   0   0   5   7   0   0   0  0.56 0.22
   16 G     1  -3  -2   1  -3  -3  -3   5  -3  -3   0  -3  -3  -4  -3  -1   0  -4  -4  -2   12   0   0  10   0   0   0  58   0   0  11   0   0   0   0   2   6   0   0   1  0.74 0.24
   17 R     1   6  -1  -2  -4   0   2  -3  -2  -4  -4   2  -3  -4  -3   0  -2  -4  -3  -4   12  55   1   0   0   1  16   0   0   0   0  10   0   0   0   5   0   0   0   0  0.85 0.28
   18 F    -3  -4  -1  -5  -4  -4  -4  -5  -1  -3  -2  -4  -1   6  -2  -4  -2   0   7  -2    1   0   3   0   0   0   0   0   0   0   0   0   1  43   2   0   2   0  46   1  1.40 0.38
   19 L    -3  -4  -4  -5  -3  -4  -4  -5  -4   2   4  -4   0   1   3  -3  -2  -3  -2   1    0   0   0   0   0   0   0   0   0  13  59   0   0   5  14   0   0   0   0  10  0.70 0.24
   20 S    -1  -1   0   3  -3   0   0   1  -2  -4  -4  -2  -3  -4  -3   5   1  -4  -4  -3    0   1   3  16   0   4   3  12   0   0   0   0   0   0   0  54   5   0   0   0  0.64 0.27
   21 S     0   0   3   0  -3   0  -1   2  -2  -2  -2   0  -2  -3   2   2   1  -4  -3  -2    5   6  21   5   0   2   0  17   0   1   4   3   0   0  10  19   7   0   0   1  0.29 0.13
   22 T     1  -2   1   0  -2  -1  -1   3  -2  -3  -3   0  -2  -3  -1   2   2  -4  -3  -2   16   0   7   5   0   1   2  27   0   0   0   4   0   0   1  20  16   0   0   1  0.38 0.15
   23 E     1  -2   0   3  -4   3   5  -3  -2  -3  -4  -1  -3  -5  -3  -1  -2  -4  -4  -3   14   0   3  18   0  13  48   0   0   1   0   1   0   0   0   2   0   0   0   0  0.77 0.27
   24 L    -3  -4  -5  -5  -3  -4  -4  -5  -4   3   5  -4   3   0  -4  -4  -2  -3  -2   1    0   0   0   0   0   0   0   0   0  24  62   0   6   2   0   0   0   0   0   6  0.84 0.26
   25 Q     0  -1   2   4  -4   3   3  -2   0  -4  -4   0  -3  -4  -2   0   0  -4  -3  -3    7   1   9  26   0  21  20   2   1   0   0   4   0   0   0   3   6   0   0   0  0.54 0.20
   26 V     3   1  -1   0  -2   2   0  -1  -2  -2  -3   1  -2  -3  -2   2   0  -3  -2  -1   34   6   2   6   0  10   5   3   0   2   0   7   0   0   0  17   3   0   1   4  0.26 0.14
   27 A     0  -4  -4  -5  -1  -3  -4  -4  -4   3   4  -4   0  -1  -4  -3  -2  -3  -3   2    7   0   0   0   1   0   0   0   0  21  59   0   0   0   0   1   0   0   0  11  0.69 0.24
   28 F     0   2   1  -1  -3   2   0  -2  -1  -2  -2   4  -2   1  -2   1   0  -3  -1  -2    6   9   7   2   0  10   3   0   0   1   2  34   0   8   0  13   5   0   1   2  0.30 0.16
   29 G     2  -1   0   0  -3   0   0   3  -2  -3  -3   1  -2  -4  -2   2   1  -4  -3  -2   18   2   4   5   0   3   4  27   0   1   0   8   0   0   0  19   9   0   0   0  0.34 0.14
   30 R    -3   2  -1  -4  -4  -3  -3  -4  -1  -1   0  -2   2   5  -4  -2  -2  -1   5  -1    0  16   4   0   0   0   0   0   0   3   6   0   6  33   0   3   1   0  25   3  0.67 0.24
   31 F    -2  -3  -3  -4  -3  -4  -4  -4  -3   3   1  -4   1   5  -4  -3  -2  -2   1   3    2   1   1   0   0   0   0   0   0  18  12   0   2  31   0   0   0   0   4  29  0.58 0.21
   32 R     3   1   2   0  -3   3   0  -1  -2  -3  -3   1  -2  -4  -2   1   0  -4  -3  -2   29   7  12   3   0  20   2   1   0   0   1   8   1   0   0  13   4   0   0   1  0.35 0.17
   33 Q    -1   2  -1   2  -3   1   2  -1  -2  -3  -3  -1  -3  -4  -2   3   2  -4  -3  -3    2  16   0  14   0   5  13   2   0   0   0   0   0   0   0  29  20   0   0   0  0.44 0.20
   34 A     3  -3  -2  -3  -3  -3  -3   5  -3  -4  -4  -3  -3  -4  -3   1  -2  -4  -4  -3   32   0   0   0   0   0   0  57   0   0   0   0   0   0   0  10   0   0   0   0  1.00 0.29
   35 A     1  -1   4   0  -3   0   1  -1  -1  -3  -1  -1  -2  -3  -2   1   1  -4  -3  -1   17   1  34   2   0   4  11   2   0   0   6   2   0   0   0  10   8   0   0   3  0.35 0.17
   36 S     2   2  -1   0  -3   1  -1  -2  -2  -2   0   4   0  -2  -2   1  -1  -3  -2  -2   19   9   1   4   0   5   0   0   0   0   9  35   4   1   0   9   1   0   0   1  0.29 0.16
   37 G    -2   7  -2  -3  -5  -1   0  -1  -2  -5  -4   0  -3  -5  -4   0  -3  -5  -2  -4    3  79   0   0   0   0   4   4   0   0   0   0   0   0   0   9   0   0   1   0  1.33 0.39
   38 L    -2  -3  -4  -4  -2  -3  -4  -5  -4   3   5  -4   1  -1  -4  -3  -1  -3  -2   2    0   0   0   0   0   0   0   0   0  14  68   0   2   0   0   2   2   0   0  10  0.76 0.24
   39 A    -1   3  -1   5  -4   1   3  -2  -2  -4  -4   0  -3  -4  -3  -1  -1  -4  -3  -4    6  19   0  38   0   4  22   2   0   0   0   4   0   0   0   1   2   0   0   0  0.65 0.21
   40 A     4  -3  -3  -3  -2  -3  -3  -2  -3   3  -1  -2  -1  -2  -3   0  -1  -4  -3   2   51   0   0   0   0   0   0   0   0  26   3   0   0   0   0   4   2   0   0  12  0.52 0.23
   41 A     4  -3  -3  -4  -2  -3  -3  -2  -3   1  -2  -3  -1  -3  -3  -1  -1  -4  -3   4   53   0   0   0   0   0   0   0   0   7   0   0   0   0   0   0   2   0   0  35  0.66 0.27
   42 K     0   1   4   1  -3   2   2  -2  -1  -3  -3   2  -2  -4  -2   0  -1  -4  -3  -3    8   6  28   4   0  12  18   0   0   1   1  14   0   0   0   4   3   0   0   0  0.43 0.17
   43 A     2   2  -1  -2  -2  -1  -1  -1  -2   1  -2   1   0  -2  -2   1   2  -3   0   0   25  13   1   0   0   0   0   3   0  12   0   9   2   0   0   9  16   0   3   4  0.17 0.12
   44 L    -3  -4  -4  -4  -3  -4  -4  -5  -4   5   4  -4   1   0  -4  -4  -2  -3  -2   1    0   0   0   0   0   0   0   0   0  52  40   0   2   2   0   0   0   0   0   1  0.84 0.26
   45 A     2  -1   2  -2  -2  -1  -2  -1  -2  -2  -3  -1  -2  -4  -2   2   4  -4  -3   0   20   3  10   0   0   1   0   2   0   0   0   1   0   0   0  16  43   0   0   5  0.52 0.23
   46 N     2  -1   2   1  -2   0   1   1  -2  -3  -2   0  -2  -3  -2   2  -1  -4  -3  -2   24   3  12   9   0   4   8   7   0   0   3   3   0   0   0  26   0   0   0   0  0.30 0.14
   47 N    -2   1   7  -1  -4   0  -2  -1  -1  -5  -5   1  -4  -5  -3   0  -2  -5  -4  -4    1   8  72   0   0   4   0   2   0   0   0   7   0   0   0   6   0   0   0   0  1.16 0.33
   48 A     4   1  -2  -2  -2  -1   0  -1   1  -2  -2  -1  -2  -3  -2   2  -1  -3   0  -1   54   8   0   0   0   0   7   2   4   1   2   0   0   0   0  16   0   0   4   2  0.43 0.20
   49 D     1  -1   0   2  -3   2   2  -2   1  -3  -3   1  -2  -4  -2   2   0  -4  -3  -3   12   0   3  15   0  14  14   0   3   0   0   9   0   0   0  26   4   0   0   0  0.38 0.15
   50 S     2   2   1  -2   3   0   0  -1  -2  -1  -1   2  -1  -3  -2   1   1  -3  -2  -1   22  12   6   0   9   1   3   2   0   3   6  14   0   0   0  11  10   0   0   0  0.19 0.10
   51 L    -2  -4  -5  -5  -2  -4  -4  -5  -4   5   3  -4   1  -1  -4  -4  -2   1  -2   2    1   0   0   0   0   0   0   0   0  60  26   0   2   0   0   0   0   2   0  10  0.82 0.25
   52 V     1  -4  -4  -4  -2  -3  -4  -4  -4   4   0  -3  -1  -2  -3  -2  -1  -4  -3   5   14   0   0   0   0   0   0   0   0  24   2   0   0   0   0   0   1   0   0  58  0.71 0.25
   53 N     1   0   1   2  -3   1   1  -2  -2  -3  -3   3  -2  -4  -2   2   1  -4  -3  -2   11   1   5  12   0   7   4   0   0   0   0  27   1   0   0  21  10   0   0   0  0.35 0.15
   54 G     0   1   2   2  -4   2   2   2  -1  -4  -4   0  -3  -4  -2   0  -1  -4  -3  -3    6  11  11  13   0  13  20  19   0   0   0   4   0   0   0   3   1   0   0   0  0.39 0.13
   55 A     6  -3  -3  -3  -2  -3  -3  -1  -3  -3  -3  -2  -3  -4  -3   0  -1  -4  -4  -2   96   0   0   0   0   0   0   1   0   0   0   0   0   0   0   3   1   0   0   0  1.24 0.38
   56 A     3  -2  -2  -3  -2  -1  -2   2  -3   0  -2  -2  -2  -2  -2   1   1  -3   0   2   42   1   0   0   0   2   0  14   0   3   0   1   0   0   0   8   8   0   3  18  0.32 0.16
   57 N     1   2   3   2  -3   2   0  -2  -1  -3  -3   1  -2  -4  -2   1   0  -4  -3  -3   13  17  18  16   0  10   1   0   0   0   0   7   0   0   0  15   4   0   0   0  0.38 0.15
   58 A     3   1  -2  -2  -2   3  -1   1   0  -3  -3   1  -2  -4  -2   1  -1  -4  -3  -2   42  10   0   1   0  17   0   9   2   0   1  10   0   0   0   8   0   0   0   0  0.40 0.18
   59 V    -1  -3  -4  -4   3  -3  -4  -4  -4   3   3  -3   3  -1  -4  -1  -1  -3  -2   3    1   0   0   0   7   0   0   0   0  17  34   0  11   1   0   5   0   0   0  25  0.47 0.17
   60 Y    -3  -4  -4  -5  -1  -4  -4  -5  -2   1   0  -4  -1   6  -5  -4  -3   3   6  -1    0   0   0   0   1   0   0   0   0  11   5   0   0  46   0   0   0   3  30   3  1.06 0.28
   61 S     1  -1   1  -1   4   3   1  -1  -1  -2  -2   0  -2  -3  -2   2   0  -3  -2  -1   16   0   6   2  12  21  11   1   0   1   0   3   0   0   0  18   2   0   0   4  0.30 0.14
   62 K    -2   1  -1   0  -4   1   4  -3  -2  -2  -1   4  -2  -4  -1  -1  -1  -4  -3  -2    1   5   0   3   0   4  34   0   0   2   6  39   0   0   2   2   1   0   0   1  0.55 0.20
   63 F    -3   2   2  -2  -4   3  -1  -3   2  -2  -2  -1  -2   4  -3  -1  -2  -1   4  -2    0  16  13   0   0  20   0   0   5   1   2   0   0  24   0   2   0   0  16   1  0.47 0.20
   64 P    -2  -2  -3  -3  -4   0  -2  -2  -4  -4  -4  -2  -4  -5   8   0   0  -5  -4  -4    1   1   0   0   0   4   0   2   0   0   0   0   0   0  77   9   5   0   0   0  1.88 0.37
   65 Y    -1  -1   0   3  -4   2   2   1  -1  -3  -3  -1  -2   0  -3   0  -2  -1   5  -3    3   1   2  19   0  14  14  10   0   0   0   0   0   1   0   5   0   0  31   0  0.47 0.19
   66 T    -1  -3  -1  -3  -2  -3  -3  -2  -3   2   3  -3   0   0  -3  -1   2  -2   1   1    1   0   3   0   0   0   0   2   0   9  45   0   0   2   0   3  22   0   5   8  0.34 0.16
   67 T    -1  -1  -1  -2  -2  -1  -2  -2  -3   3   0   0  -1   0  -1  -1   3  -3  -2   2    1   2   2   2   0   1   2   3   0  28   4   6   0   4   2   1  32   0   0  12  0.25 0.15
   68 S     2   2   2  -1  -2   3  -1  -1  -1  -2  -2   0  -2  -3  -2   2   1  -4  -3  -2   20  12  13   0   0  20   0   1   0   2   2   2   0   0   0  20   8   0   0   0  0.33 0.16
   69 T     1  -3  -3  -3  -3  -1  -2  -3  -3  -3  -3  -2   3  -4   7   0   2  -4  -4  -3   10   0   0   0   0   1   0   0   0   0   0   0  10   0  55   4  19   0   0   0  1.24 0.30
   70 P    -1  -3  -1  -2  -4  -1  -2   5  -3  -4  -4  -2  -3  -3   3   0  -2  -4  -4  -4    0   0   2   0   0   3   2  62   0   0   1   1   0   1  18   6   2   0   0   0  0.96 0.24
   71 G    -1  -1  -2  -2  -4  -3  -2   6  -3  -3  -4  -2  -3  -4  -3  -2  -3  -3  -4  -4    1   3   0   0   0   0   2  86   0   2   1   0   0   0   0   1   1   0   0   1  1.35 0.29
   72 N    -1  -2   6  -1  -4   0  -1   0   0  -4  -4   0  -3  -4   2   0  -1  -4  -3  -4    5   0  65   0   0   3   1   4   1   0   1   4   0   0  11   2   2   0   0   0  0.92 0.27
   73 N     2  -2   1  -2   3   1   0  -2  -2   0  -1  -1   1  -2   0   0  -1  -3  -2   0   31   0  11   0   9  10   6   0   0   7   1   2   6   1   3   3   2   0   0   6  0.18 0.12
   74 F     0  -1  -3  -4  -3  -3  -3  -3   0  -2  -2  -3  -2   3  -4  -1  -2   0   7  -1   11   3   0   0   0   0   0   1   0   2   2   0   0   8   0   4   0   0  63   3  1.05 0.29
   75 A     2   1  -1  -1  -1   0  -1   2   0  -2  -1   0  -1  -2   1   0  -1  -2  -2  -1   27   9   1   2   1   3   2  21   2   2   6   6   1   1   8   4   2   0   1   2  0.18 0.06
   76 S     0  -1   0   1   1   0   1  -1   0  -2  -1  -1  -1  -1  -1   2   0  -1   2  -1    8   2   3   8   4   2  12   3   2   2   4   2   1   2   2  26   3   1  13   3  0.14 0.06
   77 T     0  -1   1   2  -2  -1  -1   1  -2  -2  -2  -1  -2  -3  -2   1   4  -3  -2  -2    4   2   5  11   0   1   1  14   0   1   2   1   0   1   1   7  48   0   1   1  0.41 0.16
   78 P     1  -1   3   0  -2   2  -1  -2  -1  -2  -2  -1  -2  -3   2   1   3  -3  -2  -2   14   1  17   2   0  13   1   1   0   2   1   1   0   0  12  12  23   0   0   1  0.34 0.14
   79 E    -2   6   0  -1  -4   0   2  -3  -2  -2  -3   0  -3  -4  -3  -1   1  -4  -3  -2    0  56   5   1   0   1  20   0   0   3   0   1   0   0   0   4   8   0   0   1  0.74 0.24
   80 G    -2   4   1  -2  -4   1  -1   3  -2  -4  -3   2   2  -2  -3  -1  -2  -4  -3  -3    0  36   9   0   0   6   0  25   0   0   1  13   7   2   0   0   0   0   0   0  0.54 0.20
   81 K    -2   1  -2  -3  -3   0  -2  -3  -2   0  -1   3   6   0  -3  -2   1  -2   3  -1    1   6   0   0   0   2   0   0   0   4   1  27  33   3   0   0   8   0  13   3  0.45 0.22
   82 A     4  -1   1   0  -2   0   0  -1  -2  -3  -3   0  -2  -3  -2   1   0  -3  -3  -2   58   3   7   5   0   4   3   1   0   0   1   3   0   0   0  10   2   0   0   0  0.45 0.18
   83 K     3   0  -2  -2  -2   0  -1  -2  -2  -2  -1   4  -1  -3  -2  -1   1  -3  -2  -1   34   0   0   0   0   3   0   1   0   0   5  40   1   0   0   1   8   0   0   3  0.40 0.18
   84 C    -2  -4  -3  -4  10  -4  -4  -4  -4  -3  -3  -4  -3  -4  -4   1  -2  -4  -4  -3    1   0   0   0  80   0   0   1   0   0   1   0   0   0   0  13   0   0   0   0  2.15 0.41
   85 A     0  -2  -3  -3  -2  -2  -3  -3  -3   2   4  -1   1  -1  -3  -1  -1  -2   1   1   10   0   0   0   0   0   0   1   0  10  56   3   1   0   0   3   1   0   6   5  0.37 0.15
   86 R    -3   8  -2  -4  -6  -1  -2  -4  -2  -5  -4   0  -3  -5  -4  -3  -3  -5  -4  -5    0 100   0   0   0   0   0   0   0   0   0   0   0   0   0   0   0   0   0   0  1.95 0.46
   87 D    -4  -4  -1   8  -6  -2   0  -3  -3  -5  -6  -3  -5  -6  -3  -2  -3  -6  -5  -5    0   0   0 100   0   0   0   0   0   0   0   0   0   0   0   0   0   0   0   0  2.05 0.45
   88 I    -1  -3  -3  -4  -2  -3  -3   0  -3   3   2  -3   4   1  -4  -3  -1  -2   1   1    2   0   0   0   0   0   0   9   0  25  24   0  20   4   0   0   1   0   6   9  0.38 0.16
   89 G    -1  -2  -1   4  -4  -1   3   3  -2  -4  -4  -1  -4  -4  -3   0  -2  -4  -4  -2    2   0   0  32   0   0  27  30   0   0   0   2   0   0   0   4   0   0   0   3  0.69 0.22
   90 Y    -3  -3  -3  -4  -4  -3  -3  -5   5   3  -2  -4  -2   1  -5  -3  -3   7   6  -2    0   0   0   0   0   0   0   0  19  24   0   0   0   2   0   0   0  20  35   0  1.19 0.32
   91 Y    -3  -4  -4  -5  -4  -4  -4  -5  -1   3  -2  -4  -2   3  -5  -4  -3   0   8   0    0   0   0   0   0   0   0   0   0  20   0   0   0  13   0   0   0   0  62   5  1.29 0.34
   92 L    -3  -4  -5  -5  -3  -4  -4  -5  -4   1   6  -4   2  -1  -4  -4  -3  -3  -3   0    0   0   0   0   0   0   0   0   0   2  92   0   5   0   0   0   0   0   0   1  1.13 0.32
   93 R    -3   8  -2  -4  -6  -1  -2  -4  -2  -5  -4   0  -3  -5  -4  -3  -3  -5  -4  -5    0 100   0   0   0   0   0   0   0   0   0   0   0   0   0   0   0   0   0   0  1.95 0.46
   94 I    -3  -3  -3  -4  -3  -3  -3  -4  -1   1   2  -3   3   1  -4  -3  -2   0   7  -1    0   0   0   0   0   0   0   0   0   8  27   0  10   0   0   0   2   0  49   0  0.83 0.26
   95 V     1  -3  -3  -3  -2  -3  -3  -3  -3   4   0  -3   0  -2  -3  -2   0  -3  -2   4   13   0   0   0   0   0   0   1   0  27   5   0   0   0   0   1   5   0   0  44  0.46 0.18
   96 T    -1  -2   2  -2  -2  -1  -2  -2  -2  -2  -3  -2  -2  -3  -2   3   6  -4  -3  -2    0   0  10   0   0   1   0   0   0   0   1   0   0   0   0  21  63   0   0   0  0.83 0.28
   97 Y    -3  -3  -4  -5  -4  -3  -4  -5   0  -3  -3  -4  -3   1  -4  -3  -3   0   9  -3    0   0   0   0   0   0   0   0   0   0   1   0   0   0   0   0   0   0  94   0  2.17 0.46
   98 A     4  -3  -2  -2   5  -2  -2   2  -3  -2  -2  -2  -2  -3  -2   2  -1  -3  -3  -2   46   0   0   1  18   0   0  14   0   0   3   0   0   0   0  14   2   0   0   0  0.54 0.19
   99 L    -1  -3  -3  -4   1  -3  -3  -4  -3   3   3  -3   2  -1  -3  -2  -1  -3  -2   2    3   0   0   0   3   0   0   0   0  28  41   0   7   0   0   1   2   0   0  12  0.46 0.15
  100 V    -1  -3  -4  -4  -2  -3  -3  -4  -4   3   2  -3   0   1  -3  -3  -1  -3  -1   4    2   0   0   0   0   0   0   0   0  17  25   0   0   5   0   0   0   0   1  46  0.52 0.18
  101 A     5  -2  -2  -3  -2  -2  -2  -1  -3  -1  -2  -2  -2  -3  -2   1   0  -3  -3   1   63   0   0   0   0   0   0   0   0   3   1   0   0   0   0  11   5   0   0  14  0.56 0.22
  102 G    -1  -3  -1  -1  -4  -3  -3   7  -3  -5  -5  -3  -4  -4  -3  -2  -3  -4  -4  -4    2   0   1   3   0   0   0  89   0   0   1   0   0   0   0   0   0   0   0   0  1.51 0.32
  103 G    -2  -3   1   6  -4  -2   0   3  -2  -4  -4  -2  -4  -4  -3  -1  -2  -4  -4  -4    2   0   4  61   0   0   0  26   0   0   1   0   0   0   0   3   0   0   0   0  1.02 0.26
  104 T     1  -2  -1  -2  -2  -1  -1  -2  -2  -1  -2   0  -1  -3   3   1   4  -3  -3   0   15   0   2   0   0   1   3   1   0   2   1   6   2   0  18   7  35   0   0   6  0.39 0.15
  105 G    -1  -1   3   1  -3  -1   0   3  -2  -3  -3  -1  -3  -3  -2   3   1  -4  -3  -3    1   1  15   6   0   0   3  27   0   1   1   0   0   0   0  36   7   0   0   0  0.48 0.17
  106 P    -2  -3  -3  -3  -3  -3  -3  -4  -4   3  -1  -3  -1  -3   6  -2  -2  -4  -3   3    0   0   0   0   0   0   0   0   0  23   1   0   0   0  42   1   0   0   0  29  0.94 0.24
  107 I    -2  -3  -4  -4  -2  -3  -4  -4  -4   3   4  -3   3  -1  -4  -3  -2  -3  -2   1    0   0   0   0   0   0   0   0   0  20  61   0  11   0   0   0   0   0   0   4  0.69 0.21
  108 D    -2  -2   1   5  -3   1   3  -2  -1  -3  -3  -1  -3  -3  -2   0  -1  -3  -3  -2    1   1   3  52   0   4  22   1   0   1   2   1   0   1   1   5   1   0   1   2  0.75 0.18
  109 E    -1   0   0   4  -3   1   4  -2  -1  -3  -3   1  -3  -3  -2   0   0  -3  -3  -3    3   3   1  30   0   3  40   1   0   1   1   6   0   1   1   5   4   0   0   1  0.61 0.17
  110 Y    -2   4   0  -2  -3  -1  -2  -3  -1   1  -1   0  -1  -1  -3  -2  -1   4   3   0    1  37   5   1   0   1   1   1   0  15   4   1   0   1   1   1   2   8  17   5  0.42 0.16
  111 L     0  -3   0  -3   6  -3  -3   3  -3   0   1  -3  -1  -2  -3  -2  -1  -3  -2   2    6   0   5   0  23   0   1  24   0   2  15   0   0   0   0   1   1   0   0  21  0.38 0.15
  112 L    -2  -3  -4  -4  -2  -3  -3  -4  -4   4   4  -3   1  -1  -3  -3  -2  -3  -2   2    1   0   0   0   0   0   0   1   0  30  46   0   0   0   0   1   0   0   0  18  0.59 0.18
  113 A     2   0   5   0  -2   0  -1  -1  -1   0  -2   0  -2  -3  -2   0  -1  -3  -2   0   22   4  38   3   0   3   0   2   0   8   3   5   0   0   0   3   0   0   0   7  0.32 0.15
  114 G    -1  -3  -2  -1  -4  -3  -3   7  -3  -5  -5  -3  -4  -4  -3  -2  -3  -4  -4  -4    1   0   0   3   0   0   0  90   0   0   1   0   0   0   0   1   0   0   0   0  1.53 0.32
  115 L     0  -3  -3  -4  -2   0  -3  -4  -3   1   4  -3   1  -1  -3  -2  -2  -3  -2   2    7   0   0   0   0   5   0   1   0   3  64   0   0   0   0   1   0   0   0  15  0.51 0.18
  116 D    -1   5  -1   0  -4   0   0  -3  -2  -4  -3   4  -2  -4  -2  -1  -2  -4  -3  -3    4  45   1   5   0   0   5   0   0   0   1  34   0   0   0   2   0   0   0   0  0.77 0.23
  117 E    -2  -2   0   2  -5   1   6  -3  -2  -4  -4  -1  -3  -4  -3  -2  -2  -4  -3  -4    0   0   3   7   0   1  84   0   0   0   1   0   0   0   0   0   0   0   0   0  1.29 0.34
  118 I    -2  -3  -2  -3  -2  -2  -3  -3  -3   3   0  -2   4  -1  -3  -1   4  -3  -2   2    0   0   0   0   0   0   0   0   0  21   5   0  16   1   0   0  40   0   0  13  0.48 0.20
  119 N    -3  -3   3  -3  -4  -3  -2  -4   0   1  -2  -3  -2   1  -4  -3  -3   0   8  -2    0   0  17   0   0   0   2   0   0  11   1   0   0   0   0   0   0   0  65   0  1.19 0.33
  120 K    -1   3   3   0  -3   2   1  -2  -1  -1  -1   1  -2  -3  -2   0  -1  -3  -2  -2    3  22  25   3   0   8   8   0   0   5   7   8   0   0   0   7   1   0   0   2  0.29 0.12
  121 T     3  -2   1  -2  -2  -1  -1  -1  -2  -3  -3  -1  -2  -3  -2   3   2  -3  -3  -2   36   0   9   0   0   0   0   0   0   0   1   3   0   0   0  33  15   0   0   0  0.48 0.19
  122 F    -2  -3  -3  -3   0  -3  -3  -3  -3   0   4  -3   1   3  -3  -3  -2  -2  -1   0    3   1   1   1   2   1   1   1   0   1  68   1   0  15   1   1   1   0   0   1  0.59 0.19
  123 D     1  -3   1   1  -1  -2   0   5  -2  -4  -4  -2  -3  -4  -3   0  -2  -3  -3  -3   10   0   7  10   2   0   5  56   0   0   1   0   0   0   0   7   0   0   0   0  0.70 0.19
  124 L    -1  -3  -3  -3   4  -3  -3  -3  -3   1   2  -3   0  -2  -3  -1   2  -3  -2   3    0   0   0   0  10   0   0   0   0   5  25   0   0   0   0   2  18   0   0  37  0.40 0.17
  125 A    -1  -3  -2  -1  -3  -2  -2  -3  -3  -4  -4  -2  -3  -4   7   3  -2  -4  -4  -3    1   0   0   3   0   0   0   0   0   0   1   0   0   0  63  28   0   0   0   0  1.52 0.32
  126 P     0  -2  -2  -2  -2  -2  -2   2  -3   2   0  -2  -1  -2   3   0   1  -3  -2   1    7   0   0   0   0   0   0  16   0  18  10   0   0   0  17   5  15   0   0   9  0.25 0.10
  127 S     2  -2   0   0  -2   0   0   1  -2  -1  -3   0  -2  -3   1   3   0  -3  -2  -2   24   0   3   6   0   2   6  13   0   4   1   3   0   0   6  30   2   0   0   0  0.27 0.12
  128 W     2  -2   0  -2  -2  -2  -2   1  -2  -3  -3  -2  -2  -2   2   2   0   6  -2  -2   28   0   4   0   0   0   0  10   0   0   1   0   0   0  11  23   3  16   0   2  0.53 0.18
  129 Y     0  -2  -1  -3  -2  -2  -2  -3  -1   0  -1  -2   2   0  -3  -1   3  -1   5   2    9   0   2   0   0   0   0   0   0   2   1   0   7   0   0   2  27   0  27  21  0.41 0.19
  130 V     2  -3  -3  -3  -2  -3  -3  -2  -3   3   0  -3   0  -2  -3  -1  -1  -3  -2   4   24   0   0   0   0   0   0   1   0  25   4   0   0   0   0   2   1   0   0  39  0.43 0.17
  131 E     1   3  -1   1  -3   1   3  -2  -1  -1  -2   0  -2  -3  -2  -1  -1  -3  -2   1   13  19   0   5   0   7  27   1   0   0   1   0   0   0   0   2   2   0   0  20  0.27 0.14
  132 A     4  -2  -2  -2  -2  -2  -2   3  -3  -3  -2  -2  -2  -3  -2   1  -1  -3  -3  -1   58   1   0   0   0   0   0  22   0   0   2   0   0   0   0  10   0   0   0   3  0.60 0.21
  133 L    -2  -3  -4  -4  -2  -3  -3  -4  -3   4   3  -3   0   2  -3  -3  -2  -2  -1   3    0   0   0   0   0   0   2   0   0  31  30   0   0  10   0   0   0   0   0  23  0.48 0.16
  134 K     0   2   0  -1  -3   4   1  -1  -1  -2  -2   2  -2  -3  -2   1   0  -3  -2  -2    9  13   3   1   0  29   9   4   0   1   1  15   0   0   0   8   4   0   0   1  0.36 0.14
  135 Y     1  -1  -1  -1   1  -1   1  -2   1   1   0   1  -1   1  -2  -1  -1  -1   3   0   13   0   2   1   4   0  12   0   4  14   7  12   0   8   0   3   3   0  14   1  0.09 0.08
  136 I    -1  -3  -3  -4  -2  -2  -2  -2  -3   3   2  -3   7  -1  -3  -2   0  -3  -2   0    5   0   0   0   0   0   2   2   0  17  17   0  47   0   0   0   5   0   0   3  0.67 0.24
  137 K    -2   4  -2  -1  -5   0   0  -3  -2  -4  -4   6  -3  -5  -3  -2  -2  -5  -3  -4    0  22   0   2   0   2   2   0   0   0   0  73   0   0   0   0   0   0   0   0  1.16 0.33
  138 A     3   0   1   3   0  -1   1  -1  -2  -2  -3  -1  -2  -3  -2   1   0  -4  -3  -1   43   4   5  18   2   0  12   1   0   1   0   2   0   0   0   5   4   0   0   2  0.35 0.16
  139 N     2  -2   3  -1   0  -1  -1  -2  -2  -2  -1  -1  -2  -3   2   1   2  -4  -3  -1   21   0  23   0   2   2   1   0   0   2   6   1   0   0  10  12  20   0   0   1  0.33 0.16
  140 H     1   2  -1  -1  -3   0  -1   0   5  -2  -3   0  -2  -2  -2   2  -1  -4  -1  -1   16  13   0   2   0   3   2   4  22   2   0   2   0   2   0  27   1   0   0   5  0.34 0.17
  141 G     0  -3  -2   2  -3  -2  -2   4  -3  -1   2  -1   1  -2  -3  -1  -2  -3  -3  -1    5   0   0  15   0   0   0  39   0   2  27   4   3   0   0   3   0   0   0   1  0.40 0.17
  142 L    -1  -2  -1   2  -2  -1  -1  -3  -3   0   3  -2   3  -1  -3   0  -1  -3  -2   0    5   1   1  17   0   2   4   0   0   1  43   0  11   0   0   6   2   0   0   6  0.27 0.15
  143 S     0  -2   0   0   5  -1  -1   0  -1  -3  -2   0  -2  -3  -2   4   1  -4  -3  -2    1   0   4   4  15   2   2   7   1   1   3   5   0   0   0  47   5   0   0   3  0.44 0.20
  144 G     2  -2  -2  -2  -2  -1  -2   3  -3   0  -1  -1  -1  -2   1   1  -1  -3  -3  -1   22   0   0   0   0   2   0  33   0   6   4   1   1   2   8  16   2   0   0   2  0.35 0.14
  145 D     0   0   0   3  -4   4   3  -2  -1  -3  -3   1  -2  -4  -2   0  -1  -4  -3  -3    9   2   2  25   0  29  17   1   0   1   0   6   0   0   0   6   1   0   0   0  0.53 0.19
  146 S     3  -1  -1   2   1  -2  -1  -1  -2  -1   0  -1  -1  -3   0   0  -1  -3  -3  -1   41   3   1  17   4   0   1   3   0   2  14   1   0   0   3   6   0   0   0   3  0.23 0.14
  147 R     3  -1  -2  -1  -2   0  -1   1  -2   0  -1   0   0  -3  -2   1   0  -3  -2   0   43   2   0   2   0   3   3  11   0   5   7   4   3   0   0   8   4   0   0   4  0.22 0.12
  148 D     2   0   2   1  -2   0   1   0  -1  -2  -2   0  -2  -3  -2   1   1  -3  -2   0   21   5  15   6   0   2   8   5   0   0   1   4   0   0   0  14  10   0   0   8  0.19 0.09
  149 E    -1  -2  -2   0  -4   0   6  -4  -2   2  -2  -1  -3  -3  -3  -2  -2  -4  -3  -2    4   0   0   1   0   0  74   0   0  17   1   0   0   1   0   0   0   0   0   1  1.00 0.33
  150 A     3  -3  -3  -3  -2  -2  -3  -2  -3   1   0  -2   2   0  -2  -1  -1  -3   1   2   43   0   0   0   0   0   0   0   0   9   4   0   6   4   1   2   2   0   7  22  0.34 0.18
  151 N     2  -1   4  -1  -1   1  -1   2   0  -3  -3   0  -2  -4  -2   1  -1  -4  -3  -3   22   1  30   1   1   6   1  18   1   1   2   6   0   0   0  10   1   0   0   0  0.38 0.16
  152 S     0  -2  -1  -1  -2   2   0   0  -2  -1  -2  -1  -2  -2   1   3   2  -3  -2  -1    7   0   1   1   0  11   5   6   0   3   3   1   0   2   8  29  19   0   0   5  0.24 0.13
  153 Y    -2  -4  -3  -5  -4  -3  -4  -5  -1  -3  -1  -4  -3   1   1  -4  -4   0   9  -3    3   0   1   0   0   0   0   0   0   0   5   0   0   0   7   0   0   0  84   0  1.81 0.45
  154 I    -3  -4  -5  -5  -1  -4  -5  -5  -3   3   2  -4   0   7  -5  -4  -3  -1   1  -1    0   0   0   0   1   0   0   0   0  18  16   0   2  62   0   0   0   0   1   0  1.10 0.30
  155 D    -4  -3   2   7  -5   0   0  -3  -3  -5  -6  -2  -5  -5  -3  -2  -3  -6  -5  -5    0   0   9  88   0   3   0   0   0   0   0   0   0   0   0   0   0   0   0   0  1.76 0.41
  156 Y    -3   3  -3  -4  -4  -2  -3  -4   3  -1  -2  -1  -1   2  -4  -3  -2   0   7   0    1  17   0   0   0   0   0   0   6   4   0   3   1   4   0   0   1   0  54   9  0.93 0.29
  157 L     3  -3  -3  -4  -2  -3  -3  -3  -3   2   2  -3   1  -2  -3  -1  -1  -3  -2   3   33   0   0   0   0   0   0   0   0  16  19   0   4   0   0   0   1   0   0  26  0.40 0.17
  158 I     1  -4  -3  -4   2  -3  -3  -3  -4   6   0  -3  -1  -2  -4  -1   0  -4  -3   1   12   0   1   0   5   0   1   1   0  66   3   0   0   0   0   3   5   0   0   4  0.67 0.25
  159 N     1   0   5   0  -3   2  -1   1  -1  -4  -4  -1  -3  -4  -3   2   0  -4  -3  -3   14   5  38   1   0  11   0   8   0   0   0   1   0   0   0  19   4   0   0   0  0.51 0.19
  160 A     5  -2   0  -2  -2  -2   0   1  -2  -2  -3  -2  -2  -2  -2   1  -1  -4  -3  -2   64   0   5   0   0   0   7  10   0   1   0   0   0   1   0  11   1   0   0   1  0.56 0.21
  161 L    -2  -3  -4  -5  -2  -3  -4  -5  -4   2   4  -3   5  -1  -4  -3  -2  -3  -2   2    0   0   0   0   0   0   0   0   0   6  64   0  19   0   0   0   0   0   0  11  0.77 0.22
  162 S     2  -2  -1  -2  -2   2  -1  -2  -2  -4  -4  -1  -3  -4  -2   5   0  -4  -3  -3   15   0   0   0   0  12   0   0   0   0   0   0   0   0   0  72   1   0   0   0  0.81 0.27

                      K         Lambda
Standard Ungapped    0.1294     0.3135
Standard Gapped      0.0462     0.2670
PSI Ungapped         0.1509     0.3175
PSI Gapped           0.0462     0.2670
