
Last position-specific scoring matrix computed, weighted observed percentages rounded down, information per position, and relative weight of gapless real matches to pseudocounts
            A   R   N   D   C   Q   E   G   H   I   L   K   M   F   P   S   T   W   Y   V   A   R   N   D   C   Q   E   G   H   I   L   K   M   F   P   S   T   W   Y   V
    1 N    -1  -1   6   1  -3   0  -1  -1   0  -4  -4  -1  -3  -3  -2   2   0  -4  -3  -3    0   0  83   0   0   0   0   0   0   0   0   0   0   0   0  17   0   0   0   0  0.81 0.10
    2 A     4  -2   0  -2  -2  -1  -1  -1  -2  -2  -2   0  -2  -3  -2   2   3  -3  -3  -1   47   0   5   0   0   0   0   0   0   0   0   5   0   0   0  19  24   0   0   0  0.43 0.14
    3 L     0  -1   0   4  -3  -1   1  -2  -2  -1  -1  -1   2  -3  -2   1   0  -4  -3   0    6   4   0  35   0   0   6   0   0   3   6   0  10   0   0  18   4   0   0   9  0.29 0.12
    4 P    -1  -1  -3  -1  -4  -3  -3  -4  -4  -3  -5   1  -4  -5   8  -1   0  -5  -5  -4    3   3   0   3   0   0   0   0   0   2   0   8   0   0  72   5   5   0   0   0  1.73 0.41
    5 T     0  -1   0   3  -3   2   2  -1   0  -3  -2   1  -2  -2   0   1   0  -4  -2  -2    6   0   3  19   0   9  16   3   2   0   3  11   0   2   4  16   3   0   0   2  0.28 0.14
    6 W    -3  -2  -2  -3  -5  -4  -4  -5  -4  -5  -4   0  -4   0  -5  -4  -2  11   3  -5    1   2   3   2   0   0   0   0   0   0   0   7   0   2   0   0   3  71   9   0  2.68 0.59
    7 W    -1  -1  -5  -3  -5  -3  -4  -3  -4  -4  -2   1  -1   0  -2  -3  -3  11   2  -1    7   4   0   2   0   0   0   1   0   0   3  12   2   3   2   1   1  53   6   4  1.78 0.51
    8 K    -1   3  -2  -2  -4   2   2   1   4  -5  -4   4  -3  -4  -3  -1  -2  -4  -1  -4    3  14   0   1   0   9  15  12  12   0   0  28   0   0   0   4   2   0   1   0  0.54 0.26
    9 Q     0   0   2   3  -4   1   2   0   1  -4  -4   2  -3  -3   0   0   0  -4  -2  -3    7   2  11  18   0   7  14   6   3   0   0  16   0   1   3   7   4   0   1   0  0.33 0.17
   10 A     2   0  -2  -1  -1   1  -1   2  -3  -1   0  -2   0  -3  -1   1   1  -4  -3  -2   23   6   0   3   1   6   2  19   0   2  10   0   3   0   1  10  12   0   0   1  0.22 0.17
   11 V     1  -3  -2  -3  -2  -2  -3   0  -4   1  -2  -3  -1  -3  -1   3   1  -4  -3   3   10   1   1   0   1   1   0   5   0   8   2   0   1   0   3  32   6   0   0  29  0.43 0.29
   12 F    -4  -5  -6  -6  -4  -5  -5  -6  -5   6   0  -5   1   2  -5  -4  -3   7  -2   2    0   0   0   0   0   0   0   0   0  53   4   0   3   8   0   1   0  14   0  15  1.27 0.47
   13 Y    -6  -6  -6  -7  -6  -5  -6  -7  -2  -5  -5  -6  -5  -1  -7  -6  -6  -2  10  -5    0   0   0   0   0   0   0   0   0   0   0   0   0   0   0   0   0   0  98   0  3.34 0.99
   14 Q    -4   0   1  -1  -6   5   6  -5  -2  -6  -5  -2  -4  -2  -4  -3  -3  -6  -5  -5    0   5   6   2   0  26  56   0   1   0   1   0   0   2   0   0   1   0   0   0  1.35 0.58
   15 V     0  -4  -5  -5  -2  -4  -5  -3  -5   4   2  -4   2   1  -4  -3  -1  -4  -3   4    9   0   0   0   1   0   0   2   0  29  17   0   6   5   0   0   2   0   0  29  0.68 0.32
   16 Y    -3  -3  -1  -4  -5  -2  -3  -4   8  -1  -1  -4   0   4  -5  -3  -4  -1   4  -1    1   0   3   0   0   2   0   1  44   4   6   0   2  17   0   1   0   1  13   4  1.26 0.48
   17 P     0  -4  -4  -4  -3  -3  -2  -4  -4   0   2  -3  -1  -1   5  -2   1  -4  -3   3    8   0   0   0   0   0   3   0   0   4  20   0   1   2  26   2   9   0   0  23  0.56 0.28
   18 R     0   4  -2   2  -4  -1  -1   4  -1  -4  -4   1  -4  -4  -3  -2  -2  -4  -3  -3    6  26   1  15   0   2   3  32   2   0   1   6   0   0   1   1   2   0   1   1  0.63 0.31
   19 S    -1   3  -1   0  -4  -2  -2   1  -3  -4  -3  -2  -4  -4  -3   5   1  -5  -4  -4    2  15   2   4   0   0   1  12   0   0   3   1   0   0   0  51   8   0   0   0  0.76 0.42
   20 F    -4  -5  -5  -5  -4  -4  -4  -5  -4  -2   0  -5  -2   7  -5  -4  -2   9   2  -3    1   0   0   1   0   0   1   1   0   1  10   1   1  43   1   1   2  30   4   1  1.76 0.56
   21 K     1   3  -1  -2  -3   2   0  -1  -1  -2  -2   2   0  -1  -1   0   2  -3   0  -2   11  16   2   0   0  12   3   4   1   2   3  14   2   2   2   6  14   0   3   2  0.22 0.18
   22 D    -1   3   1   4  -3   0  -1  -1  -1  -3  -3   0  -3  -4   0   0  -1   3   0  -4    5  20   7  26   1   4   2   5   1   1   2   5   0   0   4   6   3   5   3   0  0.41 0.24
   23 T     0   0   0   0  -3   0   1   2   1  -3  -1   0  -2   0  -1   1   1   0  -1  -2    5   4   4   6   0   3   8  18   4   0   6   6   0   4   2  15   8   2   1   2  0.14 0.11
   24 N    -2   0   3   3  -4   0   2  -2   3  -3  -1  -1  -3  -3   0  -1  -1   1  -2  -2    2   4  20  21   0   3  12   2   7   0   9   1   0   1   5   3   4   2   1   2  0.36 0.22
   25 G    -1  -2   1   2  -3  -1   0   3   0  -4  -3   0  -2  -3   3   0  -1  -1  -3  -3    5   0   8  11   0   1   6  27   2   0   2   6   1   1  17   8   3   1   0   2  0.42 0.21
   26 D    -2   0   1   4  -3  -1   1   2  -1  -4  -4   0  -3  -3  -1   1  -1  -2   1  -3    1   5   5  29   1   2   9  14   1   0   1   7   0   1   2  13   1   0   6   1  0.39 0.22
   27 G    -1   1   1  -1   3   0  -1   3   0   0  -2   0  -2  -1   0   0   0  -1  -2  -2    2   9   6   3   9   3   3  25   2   8   3   4   0   4   4   6   5   1   1   2  0.17 0.13
   28 I    -1  -2  -1  -2  -2  -1  -2   1   2   1   0  -2  -1   1   2  -1   0   3   1   0    5   2   3   2   0   2   1  15   6   9  12   1   1   6  11   4   4   5   4   7  0.13 0.10
   29 G    -1  -2  -3  -3  -4  -2  -3   6  -3  -4   0  -1  -2  -2  -2  -2  -3  -2   1  -3    4   2   0   1   0   2   1  60   0   1  10   4   1   1   2   1   1   0   6   2  0.86 0.35
   30 D    -2  -3   1   5  -4  -2   0  -1   0  -4  -3  -2  -3  -4  -1   1   4  -2  -2  -3    2   0   6  33   0   0   5   3   3   0   2   0   0   0   3  12  27   1   1   1  0.65 0.34
   31 L    -3  -4  -3  -5  -1  -4  -4  -5  -3   1   3  -4   0   4  -5  -4  -4   7   5  -2    1   1   1   0   1   0   0   0   0   8  26   0   1  18   0   1   0  16  23   0  1.04 0.40
   32 N     0   3   1   2  -4   2   1  -3  -1  -2  -3   2  -3  -4  -1  -1  -1  -1  -3  -2    8  22   8  10   0  11   9   0   1   2   2  15   0   0   2   4   2   1   1   2  0.36 0.22
   33 G    -1  -2  -1   1  -4   0   3   5  -3  -4  -4  -1  -3  -4  -2  -1   0  -4  -3  -4    4   1   2   8   0   3  20  46   0   0   2   2   1   1   2   2   5   0   1   1  0.70 0.33
   34 I     0  -4  -5  -5   0  -4  -4  -5  -4   4   3  -4   1   0  -4  -3   0   0  -3   2    7   0   0   0   2   0   0   0   0  29  37   0   2   3   0   1   5   2   0  11  0.63 0.30
   35 I     3  -1  -2  -1  -3   0   0  -2  -1   2  -1   1   1  -2  -3   0   1  -3   0   0   29   3   0   2   0   3   4   1   1  16   4  10   3   0   0   3  11   0   4   3  0.21 0.20
   36 E     0   0   2   3  -4   1   3   0   1  -4  -4   1  -3  -4  -2   1  -1  -5  -3  -4    7   5  10  17   0   6  22   6   3   0   1   7   0   0   1  12   2   0   0   0  0.41 0.23
   37 N     0   3   0  -1  -4   1   1  -2   2  -4  -2   4   0  -4  -2   0  -2  -2  -3  -3    7  13   5   2   0   7   7   1   6   0   4  37   2   0   1   5   2   0   0   1  0.49 0.28
   38 L    -1  -4  -5  -5  -3  -4  -5  -5  -5   2   5  -4   1  -2  -5  -4  -2   0  -3   1    4   0   0   0   0   0   0   0   0   9  69   0   2   0   0   1   2   1   0  10  1.04 0.42
   39 D    -1  -2   1   5  -5   0   1  -2  -2  -5  -5  -2  -5  -5   5  -1  -2  -6  -5  -5    4   2   5  36   0   3   9   3   1   0   0   2   0   0  29   4   2   0   0   0  0.98 0.41
   40 Y    -4   1  -4   0  -6  -2  -3  -4   3  -2  -3  -2  -3   0  -6  -4  -5  -2   9  -3    1   7   1   5   0   1   1   1   7   2   1   2   0   1   0   1   0   0  67   2  1.77 0.66
   41 L    -2  -5  -6  -6   0  -5  -5  -6  -5   4   4  -5   0   2  -5  -4  -3  -1  -3   3    3   0   0   0   2   0   0   0   0  26  41   0   1   9   0   0   0   1   0  18  0.87 0.38
   42 K     2   1  -1  -2  -4   2   0  -2   0  -3  -3   4  -3  -5  -3   0   0  -5  -4   0   18   6   2   1   0  10   5   2   2   0   2  34   0   0   0   6   5   0   0   6  0.47 0.30
   43 K     0  -1   0   3  -4   1   3   1  -2  -4  -4   0  -3  -4   0   1   0   0  -2  -4    9   3   2  18   0   4  22  11   1   1   0   6   0   0   5   9   5   1   1   0  0.37 0.23
   44 L     0  -1  -3  -5  -4  -2  -3  -5  -1   0   4  -1   6  -2  -5  -2  -1   2  -2  -1    7   3   1   0   0   2   1   0   2   2  46   4  24   0   0   2   3   2   1   1  0.76 0.40
   45 G    -3  -5   1  -4  -6  -3  -5   7  -2  -7  -7  -2  -6  -6  -5  -3  -5  -6  -6  -6    0   0   5   0   0   1   0  87   1   0   0   3   0   0   0   1   0   0   0   0  2.05 0.69
   46 I    -2  -5  -6  -6  -2  -5  -5  -6  -4   3  -2  -5  -1   6  -6  -5  -2  -3   4   3    3   0   0   0   1   0   0   0   0  17   2   0   1  35   0   0   2   0  16  23  1.11 0.48
   47 D    -1  -3   3   3  -2  -2  -2   0  -1  -4  -5   0  -3  -5  -4   0   5  -6  -5  -4    5   0  15  16   1   1   0   6   1   0   0   7   0   0   0   5  44   0   0   0  0.83 0.46
   48 A     3  -4  -3  -3   1  -3  -3   2   6  -2  -4  -3   0  -1  -4  -1   0  -2  -1   0   31   0   0   1   3   0   0  16  25   1   0   0   3   2   0   3   5   0   2   8  0.69 0.39
   49 I    -3  -6  -6  -6  -4  -5  -6  -6  -6   5   2  -5  -1  -1  -6  -5  -2  -5  -4   5    1   0   0   0   0   0   0   0   0  36  19   0   0   2   0   0   1   0   0  41  1.21 0.50
   50 W    -5  -4  -4  -4  -6   3   4  -6   4  -5  -3  -4  -4  -3  -5  -4  -5   9   4  -3    0   0   0   0   0  14  29   0   9   0   2   0   0   0   0   1   0  28  14   2  1.54 0.63
   51 I    -4  -5  -6  -6  -3  -5  -5  -6  -5   4   5  -5   2   3  -5  -5  -2  -4  -3   1    0   0   0   0   0   0   0   0   0  20  51   0   4  12   0   0   1   0   0  10  0.98 0.42
   52 N    -2  -4  -1  -4   0  -3  -2  -2  -4  -2   2  -3   5  -3   3   3   1  -5  -4  -2    2   0   3   0   2   0   2   2   0   0  22   0  18   0  13  24  10   0   0   1  0.56 0.38
   53 P    -2  -6  -6  -6  -7  -1  -5  -5  -6  -7  -7  -5  -7  -8   9  -4  -5  -8  -7  -5    3   0   0   0   0   2   0   1   0   0   0   0   0   0  92   1   0   0   0   1  2.96 0.96
   54 H    -2  -5  -5  -5  -2  -3  -4  -6  -4   5   0  -5  -1   3   3  -4  -2  -5  -3   4    3   0   0   0   1   1   1   0   0  31   8   0   0  12  13   0   1   0   0  29  0.81 0.41
   55 Y     0  -3   2  -3  -3   1  -3  -4   4  -2  -2  -3   2   4  -4   0   0   0   3   0    7   0  12   1   0   7   1   0  11   1   2   0   6  19   0   9   5   1  12   6  0.44 0.31
   56 D    -1  -2  -1   1  -5   2   5  -3   1  -5  -4   2  -3  -5   3  -1  -1  -5  -4  -3    4   1   3   7   0   9  38   1   3   0   1  12   0   0  14   3   2   0   0   1  0.69 0.39
   57 S     0  -2   3  -2  -1  -1  -3  -1   5  -2  -3  -3  -2   2  -4   3  -1   0   0  -3    5   2  13   2   1   3   0   4  18   2   2   0   1   9   0  30   2   1   2   1  0.56 0.36
   58 P    -1  -3  -1  -1  -3  -2  -2  -1  -1   1  -1  -2  -3  -4   6  -1  -2  -4   1   0    5   1   2   4   0   2   2   5   2  10   5   2   0   0  42   5   1   0   5   7  0.76 0.35
   59 N    -1  -2   0   1  -3   0   0   1   0  -1   0  -2   0  -2   0   1   0   3   1  -1    4   1   5   8   0   5   7  12   2   4   9   1   3   1   3  15   7   6   5   3  0.11 0.13
   60 T     0   0   1   2  -3   0  -1   3  -2  -2  -4  -1  -3  -3   0   2   1  -4  -1  -1    9   5   6  12   0   4   2  21   0   2   0   3   0   1   4  17   7   0   2   5  0.27 0.20
   61 D     0  -1   2   4  -3   0   0  -3   0  -3  -4  -1  -3  -3  -1   2  -2  -4   3  -3    6   2   9  28   1   4   4   1   3   2   0   3   0   0   3  20   1   0  11   1  0.49 0.32
   62 N    -3  -1   2   1  -5  -3  -4   2   5  -4  -4  -4  -1   1  -5  -1  -3   9  -1  -4    1   4   9   9   0   1   0  13  17   1   1   0   2   6   0   4   1  27   2   1  1.11 0.48
   63 G    -2   1  -4  -4  -3  -2  -3   6  -5  -7  -6   0  -5  -6  -1  -2  -5  -5   0  -6    1   9   0   1   1   1   1  71   0   0   0   6   0   0   3   2   0   0   3   0  1.46 0.59
   64 Y    -4  -5  -6  -5  -6  -4  -6  -7   0  -3  -4  -5   0   2   0  -2  -5  -2   9  -3    1   0   0   1   0   1   0   0   1   1   1   0   2   7   5   3   0   0  76   2  2.23 0.79
   65 D     0  -2   1   4  -5   5  -2  -2  -1  -5  -4  -3  -2  -1  -1   0  -3   7  -2  -5    7   1   6  23   0  27   0   3   1   0   1   0   1   2   4   8   0  15   0   0  0.81 0.44
   66 I    -1  -4  -3  -4  -4  -2  -2   0  -4   2  -2  -3  -1  -2   5  -2   1   4  -3   2    6   0   1   0   0   2   2   7   0  12   3   0   1   1  28   2  11   7   0  18  0.59 0.32
   67 R     0   1  -2  -2  -3   0   1  -1  -1   1   0  -1   0  -1  -3   0   3  -3   0   1    6   7   0   1   0   4   9   4   1   8  10   2   3   1   0   7  22   0   5  11  0.13 0.15
   68 D    -1   0   2   5  -5  -2  -2   3   0  -5  -1  -2  -4  -5  -4   0  -2  -5  -3  -4    5   5   9  39   0   1   0  21   2   0   7   1   0   0   0   8   1   0   1   0  0.69 0.36
   69 Y    -5  -3  -5  -6  -3  -1  -5  -6   3  -2   1  -5   0   4  -2  -5  -4   4   7  -4    0   1   0   0   0   4   0   0   6   2  14   0   2  18   2   0   0   5  45   0  1.33 0.53
   70 R    -3   0  -2   0  -2   0  -1  -3   1  -3  -2   1  -1   4  -4  -2   1  -1   6  -3    0   5   1   5   1   3   3   1   3   0   3   8   1  21   0   2   9   0  32   1  0.69 0.35
   71 K     3   0  -1   0  -3   1   1  -2  -1  -1  -1   2  -3  -4  -2   1  -1  -4  -3  -2   34   4   3   4   0   8   7   1   1   3   5  15   0   0   1  11   2   0   0   1  0.33 0.25
   72 I    -2  -4  -3  -2  -3  -4  -4  -4  -5   3   2  -4  -1   0   4  -3  -1  -5  -3   3    2   0   1   2   0   0   0   1   0  22  16   0   1   4  23   0   3   0   0  23  0.67 0.33
   73 M     0  -2   3   3  -1   0   0  -3   3  -3  -2  -1   1  -4  -3   0   3   0  -1  -3    6   1  16  21   2   2   5   0   7   0   3   2   4   0   0   5  20   2   2   1  0.41 0.27
   74 K     0  -2   0  -1  -3  -3   1  -1   0  -4  -5  -2  -4  -4   5   3   1  -2  -2  -4    8   2   3   2   0   0   8   4   3   1   0   1   0   0  29  27  10   0   1   0  0.68 0.36
   75 E     0   5  -1  -1  -5   1   1  -3   3  -2  -3   1  -2  -3  -2  -1  -1  -5  -1  -2    7  39   2   3   0   5  10   1   8   3   2   8   1   1   1   3   3   0   1   2  0.54 0.31
   76 Y    -3  -4  -5  -6  -3  -5  -5  -4   1  -3   1  -5  -2   6  -6   0  -3   2   6  -3    1   1   0   0   0   0   0   1   3   1  15   0   0  33   0   8   1   2  33   0  1.20 0.50
   77 G    -1  -6  -4  -5  -6  -5  -6   7  -6  -7  -7  -3  -6  -7  -6  -2  -5  -6  -7  -7    5   0   0   0   0   0   0  91   0   0   0   1   0   0   0   3   0   0   0   0  2.22 0.73
   78 T    -2  -3   2   2  -2  -3  -1  -1  -2  -4  -5  -2  -4  -5  -1   3   5  -6  -5  -4    2   1  10  11   1   0   2   5   1   0   0   1   0   0   3  22  41   0   0   0  0.79 0.44
   79 M    -1   0   0  -1  -4  -1   1  -3  -3   0   0   0   2  -1   4  -2  -2   5  -2  -2    4   4   4   3   0   1  13   1   0   6  10   6   6   2  25   2   2   9   1   2  0.43 0.25
   80 E     1  -1   1   4  -5   2   4  -2   1  -4  -4   0  -3  -5  -2  -1  -1  -5  -2  -4   12   3   5  25   0   7  30   2   3   0   0   4   0   0   1   4   3   0   1   0  0.61 0.32
   81 D    -1  -4  -2   6  -6   2   3   0  -4  -6  -4  -2  -5  -6  -4  -1  -2  -6  -5  -5    6   0   0  50   0   8  22   6   0   0   1   1   0   0   0   2   2   0   0   0  1.15 0.50
   82 F    -4  -5  -6  -6   0  -6  -6  -6  -5   0   3  -6   1   7  -6  -5  -4   3   0   0    1   0   0   0   2   0   0   0   0   4  28   0   3  51   0   0   0   3   2   7  1.35 0.52
   83 D     0   4  -2   1  -2   2   0  -2   0  -2  -2   4   1  -1  -3  -2  -2  -4  -3  -2    9  23   0   7   1   9   5   2   2   2   3  26   4   3   0   1   2   0   0   2  0.43 0.28
   84 R     1   2   1   2  -1   1   1  -2   1  -3  -3   0  -3  -1  -3   1   0  -2   1  -3   12  12   6  14   1   7  11   1   3   1   0   5   0   2   0  11   5   0   6   0  0.25 0.19
   85 L     0  -5  -5  -6  -4  -4  -5  -5  -5  -1   4  -5   5   4  -5  -4  -2  -4  -2  -1    7   0   0   0   0   0   0   0   0   2  49   0  18  20   0   0   2   0   0   2  1.04 0.46
   86 I    -1  -3  -5  -5   0  -4  -5  -2  -5   4   0  -4   0  -3  -5  -2  -2  -5  -4   5    4   1   0   0   2   0   0   4   0  28   8   0   2   0   0   2   1   0   0  47  0.88 0.40
   87 S     0   1   1   4  -4   1   2  -1   0  -4  -4   1  -2  -5  -3   0   0  -5  -4  -3    8   7   6  31   0   7  12   3   2   0   0  10   1   0   0   7   5   0   0   1  0.51 0.27
   88 E     3   3  -1  -1   0   0   2  -2   1  -3  -3   2  -3  -4  -3   0   0  -4  -2  -2   29  16   1   2   2   4  14   2   4   0   1  12   0   0   0   4   6   0   1   3  0.37 0.25
   89 M     3  -4  -4  -5   7  -4  -4  -4  -4   0   2  -4   2   0  -4  -2  -1  -4  -1  -1   28   0   0   0  24   0   0   0   0   5  23   0   6   4   0   2   3   0   2   2  0.74 0.36
   90 K    -4  -1   2  -3  -6  -1  -2  -3  10  -6  -5   1  -3  -4  -5  -3  -4  -5  -2  -6    1   3   9   1   0   2   1   2  69   0   0   7   1   1   0   1   1   0   0   0  2.15 0.70
   91 K     1   1   1   2  -1   3   2   0  -2  -4  -3   2  -2  -4  -3   1  -1  -4  -3  -3   15   8   6  11   1  13  13   6   0   0   1  14   1   0   0   8   1   0   0   0  0.33 0.21
   92 R     2   3   1  -2  -3  -1   1  -3   2  -2   0   2   0  -3  -3  -1  -2  -3   0   0   20  19   7   1   0   1   8   1   5   0  11  11   2   0   0   1   1   0   4   7  0.23 0.19
   93 N    -3  -4   3   1  -5  -3  -3   6  -4  -6  -6  -3  -5  -6  -5  -2  -4  -5  -5  -5    1   1  12   7   0   1   1  72   0   0   0   1   0   0   0   2   0   0   0   0  1.54 0.55
   94 M    -3  -5  -5  -5  -4  -4  -5  -5  -5   6   2  -5   5   1  -5  -4  -3  -4  -3   2    0   0   0   0   0   0   0   0   0  48  14   0  16   5   0   0   0   0   0  15  1.10 0.44
   95 R    -1   3   0  -1  -4   0   1   3  -1  -4  -2   3  -2  -3  -3  -1  -2  -1   1  -3    3  15   3   2   0   3  10  22   1   0   4  23   1   0   0   3   1   1   6   1  0.39 0.25
   96 L    -2  -5  -6  -6   1  -5  -5  -6  -6   4   2  -5  -2  -1  -5  -3  -2  -5  -4   6    3   0   0   0   3   0   0   0   0  20  15   0   0   1   0   1   1   0   0  56  1.12 0.47
   97 M    -1  -5  -5  -6  -4  -4  -5  -6  -4   5   2  -5   4  -1  -5  -4  -3  -1   3   2    5   0   0   0   0   0   0   0   0  42  16   0  13   1   0   0   0   1  11  12  0.94 0.42
   98 I     0  -4  -5  -5  -3  -3  -4  -4  -4   2   4  -4   3   1  -5  -3  -1  -4  -1   3    8   0   0   0   0   1   0   1   0   8  40   0   9   5   0   0   4   0   1  21  0.61 0.32
   99 D    -6  -6  -3   8  -8  -4  -1  -5  -5  -7  -8  -5  -7  -8  -5  -4  -5  -8  -7  -7    0   0   0  97   0   0   3   0   0   0   0   0   0   0   0   0   0   0   0   0  2.79 0.90
  100 I     0  -5  -5  -5  -4  -4  -5  -2  -5   2   2  -5  -1   3  -5  -3  -2   8  -1   3    7   0   0   0   0   0   0   3   0  11  17   0   1  13   0   1   2  21   1  23  0.87 0.38
  101 V     0  -5  -6  -6  -4  -5  -5  -6  -6   1  -1  -5   1  -4  -4  -4   0  -6  -4   7    7   0   0   0   0   0   0   0   0   4   5   0   3   0   1   0   4   0   0  76  1.41 0.58
  102 I    -2  -4  -5  -5   1  -4  -4  -5   0   2   1  -4   0   3   5  -3  -2  -3   1   1    1   0   0   0   3   0   0   0   3  16  11   0   2  15  30   1   1   0   5  11  0.73 0.34
  103 N     1  -4   7  -2  -5   0  -3   1  -1  -6  -6  -3  -5  -6  -4   0  -2  -6  -5  -5   10   0  62   1   0   5   0  12   1   0   0   0   0   0   1   6   2   0   0   0  1.42 0.59
  104 H    -5  -4  -3  -5  -6  -3  -4  -5  11  -6  -6  -4  -5  -4  -5  -2  -3  -5   0  -6    1   0   0   0   0   0   0   0  88   0   1   0   0   0   0   3   2   0   2   0  3.17 0.91
  105 T     0   0  -2  -3   4  -2  -2  -3  -3   0   0  -1   4   1  -1   0   3  -3  -2   0    5   5   1   1  11   1   1   1   0   3   6   3  16   6   2   7  24   0   1   5  0.35 0.23
  106 S     2  -2   0  -2   2  -2  -2   2  -1  -3  -3  -1  -2  -3   0   4   0  -3  -3  -3   17   1   3   1   5   1   1  17   1   1   2   3   1   1   4  35   5   0   1   1  0.44 0.25
  107 D     1   0   0   3  -2  -1   0   0  -1  -1  -2   0  -2  -2   2   0   0  -1  -1  -1   15   6   4  19   0   1   5   7   1   3   3   4   0   2  12   7   4   1   2   3  0.20 0.11
  108 Q     0   0   1   3  -3   1   2   0  -1  -3  -2   0  -1  -2  -1   1  -1  -3  -2  -2    9   3   7  19   0   7  19   6   1   1   4   5   1   2   2   9   3   0   1   2  0.25 0.14
  109 H    -1  -2   1   0  -2  -1  -1   1   6  -2  -1  -1  -1   1  -1   1  -1  -2   1  -2    3   1   6   6   1   2   2  11  24   2   5   2   2   6   2  15   3   0   4   3  0.32 0.18
  110 A     1  -2   0   1  -2  -1   2   0  -1  -1  -2   0  -1  -1   4   0  -1  -2  -1  -1   11   1   4   9   1   1  13   9   1   3   3   4   1   2  20   6   4   0   2   4  0.27 0.13
  111 W    -1  -2  -2  -1  -3  -2  -2   0  -1  -2  -1  -2  -1   1  -1  -1   0   9   3  -2    5   2   2   3   1   2   2   8   2   2   7   2   2   6   3   4   5  30  10   3  0.83 0.28
  112 F    -1  -2  -2   0  -3  -1  -1  -1  -1   0   0  -2  -1   5   0  -2  -1   0   2   0    6   1   2   5   0   3   5   5   1   4   8   2   1  34   5   2   3   1   6   6  0.37 0.19
  113 V     0   1  -1   0  -1   2   0   0   0  -1   0   1  -1  -2   1   0   0  -1  -1   0   10   6   1   6   2  12   3   9   2   3   9  10   1   1   6   3   6   1   2   7  0.06 0.06
  114 Q    -1   0   1   2  -2   0   2   0  -1  -2  -1   1  -1   0   1   0   0  -2  -1  -1    4   5   6  13   0   4  18   6   1   2   5   8   1   4   7   4   5   0   2   6  0.15 0.10
  115 S     1  -1   0   0  -1  -1  -1   1   3  -2  -1  -1  -1   0  -1   1   1  -2   1   0   14   3   4   6   1   2   1   9   8   2   5   1   2   5   3  15   8   0   4   6  0.09 0.09
  116 K     0   1   0   0  -1   0   0   1   1  -1   0   0  -1   1   1   0   0  -2  -1  -1    6  11   3   4   1   4   3  10   4   2  10   7   1   7   6   6   6   0   1   5  0.04 0.05
  117 S     1   0   1   0  -1   0   0   0   1  -2  -1   1   0   0  -1   1  -1   0   0  -1   12   3   7   6   1   4   6   7   3   1   5  11   2   5   3  15   2   1   2   2  0.09 0.08
  118 G     0  -2   0   1  -2  -1  -1   3   0  -2   0  -1   0   0  -2   1   0  -1   0  -2    5   1   3   8   0   1   4  29   3   2   9   2   2   4   1  11   7   1   4   2  0.22 0.14
  119 K     0   2  -1   0  -1   0   0  -1  -1  -1  -1   1  -1  -1   2   0   1  -2  -1  -1    9  12   2   7   1   3   6   4   1   4   6  10   1   3   9   6   9   0   3   4  0.08 0.06
  120 N     0  -1   2   3  -3   0   1   1   0  -2  -2   0  -2  -2   0   1   0  -1   0  -2    7   2  11  17   0   4   8  13   3   2   3   6   0   2   3   9   5   1   4   2  0.19 0.12
  121 N     0  -2   2   1  -2  -1  -1   0  -1   0  -1  -2  -1   1   1   2   0  -2   0   0    6   1  13   8   1   1   3   7   1   7   6   1   1   7   8  17   3   0   2   5  0.12 0.12
  122 P    -1   0  -1   2  -1   0   1   0   0  -2  -2   1  -2  -1   3   0   0  -3  -1  -2    4   6   2  15   1   4   9   7   3   2   4   7   1   2  17   7   5   0   2   2  0.23 0.13
  123 Y    -1   0   0  -1   0  -1  -2  -1   0  -2  -1   0  -1   1   0  -1   0   2   6  -2    4   4   6   3   2   2   2   6   2   2   7   5   1   5   4   5   6   3  29   3  0.33 0.20
  124 R     0   2   1   0  -1   0   0   1  -1  -2  -2   1  -2  -2  -1   1   0   0   1  -2    8  15   5   4   1   4   5  11   1   1   4   9   1   1   3  11   6   1   5   3  0.13 0.09
  125 D     0  -1   0   5  -1   0   1  -1  -1  -2  -3   0  -2  -2   0   1  -1  -3  -3  -1    8   3   3  33   1   4   6   4   2   3   3   5   1   2   4  10   4   0   1   4  0.36 0.19
  126 Y    -2  -2  -1  -3  -3  -3  -3   0  -1  -2   0  -1   0   3  -2  -2  -3   7   6  -3    3   3   3   1   0   1   2   7   1   2   8   4   3  13   3   3   1  16  25   2  0.74 0.30
  127 Y    -2  -3  -1  -2   1  -1  -2  -2   0  -2  -1  -3  -2   5  -2  -1  -2  -1   6  -2    3   1   4   2   3   3   2   4   2   2   4   1   1  20   2   6   3   0  34   2  0.75 0.32
  128 F    -1  -1   0  -1  -2  -1   1  -2   2   2   0  -1   0   2  -1  -1   0   1   0   1    4   2   6   3   1   2  10   3   5  14   8   2   3  10   3   4   7   2   3   8  0.06 0.07
  129 W     0  -2  -2  -3  -3  -2  -2  -2   2   1   0  -2  -1   3  -2  -2  -1   8   2  -2    7   2   2   1   1   1   2   3   6   8   7   2   2  14   3   3   4  22   5   3  0.64 0.25
  130 R     0   2   0   1  -1   0   0  -1   1  -1  -1   1  -1  -1   1   0  -1  -1  -1  -1    9  16   4   8   1   2   7   5   5   2   7   8   1   3   7   6   3   1   2   5  0.09 0.08
  131 D    -1  -2   1   4  -3  -1   1   1  -2  -3  -2   0  -3  -1   2   0  -1  -3   0  -3    4   2   6  27   0   2   7  12   1   2   4   5   1   2  11   6   3   0   3   1  0.37 0.21
  132 G     0   0  -1   2  -1  -2  -1   3  -1  -2  -3  -1  -2   0   3   0  -1   2  -2  -2    6   6   3  12   1   2   3  25   1   3   3   3   1   4  14   5   4   3   1   2  0.30 0.17
  133 K     0   1   0   1  -2   0   0   1  -1  -2  -2   1  -1  -2   1   0   1   0  -1  -1    6   8   5   7   0   4   6  12   1   2   3  10   1   1   7   5  10   2   3   6  0.10 0.08
  134 D    -1   0   0   2  -2   0   1  -1   1  -1  -1   0  -1   0   2   0   1  -2   0  -1    2   5   4  11   1   4   8   5   4   3   7   6   1   4  10   4  12   0   4   4  0.10 0.09
  135 G    -1   0   0   1   1  -1  -1   2  -1  -1  -1   0  -2  -1   1   0  -1  -2   1  -1    4   6   3  10   3   2   4  21   1   4   7   6   1   3   7   5   2   0   7   5  0.12 0.10
  136 H     0   0   1   1  -2   0   0   0   1  -2   0   1   0   0  -1   0   0  -1   2  -1    7   3   8   7   0   2   7   5   3   1  12   8   2   3   2   8   7   0   9   3  0.06 0.08
  137 A     0   0   0   1  -1  -1   0   0   3  -1  -1  -1  -2  -1   1   0  -1  -1   2   0   10   6   3   9   1   2   6   6  11   4   5   2   0   3   8   7   4   1   8   6  0.12 0.11
  138 P     0  -1  -2  -1  -2   1   0  -2   0  -2   0  -1  -3  -1   5  -1   0  -3  -1  -1    9   4   2   4   1   6   5   2   2   2  10   3   0   3  33   4   6   0   2   3  0.50 0.28
  139 N    -2   0   3   3  -3  -1   1  -1   3  -1  -1  -1  -2   2  -2  -1  -1  -3   0  -2    3   5  15  18   0   2   9   4   7   3   6   3   0   9   2   3   4   0   4   3  0.24 0.18
  140 N    -2   0   4   1  -4  -2  -1   0  -3  -1  -3  -1  -3   1   0   0  -1   7   0  -2    4   4  21   9   0   1   4   6   0   3   3   3   1   6   4   7   3  15   2   2  0.50 0.29
  141 Y    -2   1   0   1  -2  -1  -2   2   2  -2   0  -2  -2   1   1  -1  -2   6   2  -3    3   7   4   8   1   2   2  14   6   3   9   2   0   7   6   4   3  12   8   1  0.30 0.20
  142 P    -1   1  -1  -1   0   0   0  -1   1  -1  -1  -1  -1   1   4   0   1   1   0  -1    5   7   3   2   2   4   5   5   4   3   7   4   1   6  19   5   9   2   3   3  0.18 0.13
  143 S    -1   1   0   1  -1  -1   0   0   4  -2  -1   1  -2  -1  -1   2   0  -3   0  -2    4  10   4   8   1   2   6   6  11   3   7   7   1   2   2  17   4   0   4   2  0.16 0.14
  144 F     0   0   0   0   1  -1  -1  -1   2   1   0   0   1   2  -1  -1  -1   1   1   0    7   5   4   5   4   3   3   4   6   9   8   6   4  11   3   2   3   2   5   7  0.03 0.06
  145 F    -2  -2   1   1   0  -2  -2   0   0   0  -1  -3  -2   6  -2  -3  -2   0   4  -2    3   3   6   7   2   2   2   8   3   5   5   1   0  31   2   1   3   1  14   2  0.54 0.29
  146 G    -1  -1   0   2   2   0   1   2   3  -2  -3  -1  -2  -2   1   0  -1  -3  -2  -2    4   3   5  12   5   4  10  19   8   2   2   3   1   1   7   8   2   0   1   2  0.25 0.16
  147 G    -1   0   0   0   1  -1  -1   3   1   0  -1  -1  -1  -2   1   0   1  -2   0  -1    4   6   3   6   3   2   3  23   4   6   6   2   1   1   8   5   9   0   3   3  0.15 0.11
  148 S     0  -1   0   1  -2   0  -1   0   0  -1  -1   0  -1  -1   0   2   2   1  -1  -2    6   3   3   7   1   3   2   6   3   3   5   5   1   2   5  21  16   2   2   3  0.17 0.14
  149 A     1  -2   1   4   4  -2  -1  -2  -1  -1  -1  -2  -1  -1   0  -1  -1  -3  -1  -1   13   2   8  24   9   1   4   2   2   3   6   2   2   2   5   4   4   0   2   4  0.27 0.17
  150 W    -2  -2  -2  -3  -3  -2  -1  -2   0  -1  -1  -1  -2   2   1  -1   0   9   3  -2    3   2   2   1   1   2   4   3   3   4   5   4   1  10   6   5   6  27   9   3  0.83 0.33
  151 E    -1   0   1   0  -2   1   1   0   1   0  -1   0  -1  -1  -1   1   1  -2   1  -1    5   6   7   5   1   8  11   6   4   7   4   3   1   2   2  10   9   0   6   3  0.09 0.08
  152 K    -2  -2   1   2  -3   0   0  -2   1  -2  -1  -1   0   2  -1   0   0   5   3  -2    3   2   8  11   1   5   6   3   4   2   5   3   2   8   3   6   7   8  13   3  0.23 0.15
  153 D    -1   0   1   3  -2   0   1   0   1  -2  -1  -1  -1  -1  -1   0  -1  -2   2  -1    5   6   5  17   1   5   7   7   4   2   8   3   1   3   3   8   3   0   9   3  0.12 0.10
  154 D    -1  -2  -1   3  -3   0   3   0   0  -1  -2  -1  -2   0   0   0   0   1   1  -2    6   2   2  18   1   2  19   6   3   4   3   2   1   4   5   5   7   2   5   2  0.21 0.15
  155 K     0   0   2   1  -1   1   1   1   2  -2  -2   0  -1  -2   1   0   0  -2  -2  -1    5   3  10  10   1   7   8  12   5   2   4   6   1   1   6   5   4   0   1   6  0.12 0.08
  156 S    -1   1   2   1  -2  -1  -1   0  -1   0  -1   0  -2  -2   1   1   2  -1  -1   0    3   9  10   8   1   1   3   8   1   4   4   5   1   1   6   8  13   1   2   9  0.10 0.09
  157 G     0   0   0  -1  -2   2   2   2  -2  -1  -1   0  -1  -2   0  -1   0  -1  -1  -1    5   5   3   2   1  12  14  19   1   5   4   6   1   1   4   3   5   1   2   5  0.16 0.12
  158 Q     0   1   2   1  -2   2   2  -1   1  -1  -2   0  -1  -1  -1  -1  -1  -1   1  -2    7   8  11   8   1  11  12   4   4   5   4   3   1   2   3   3   3   1   6   2  0.14 0.11
  159 Y    -1   0  -1  -1   4   0  -1   0   1  -1  -1   0  -1   2  -2  -1  -1   1   3  -1    4   7   3   3   9   4   3   6   3   4   7   8   1  10   2   3   3   2  14   3  0.17 0.12
  160 Y    -2  -1   2   1  -1  -1   0  -1   0  -1  -1  -2  -2   0  -2  -1  -2   4   4   0    3   3  11  10   1   2   7   5   2   3   7   2   1   3   2   4   2   6  19   8  0.27 0.16
  161 L    -2   0  -2  -1  -2   0  -1  -3   0   0   2  -1  -1  -1  -1  -1   1   7   1  -1    3   7   2   4   1   3   4   2   2   4  22   3   1   2   4   4   9  14   5   3  0.32 0.18
  162 H    -1  -1   1  -1  -2  -1  -1   3   6  -2  -2  -2  -2   0  -2  -2   0  -1   2  -2    4   4   7   4   1   3   4  21  19   3   5   2   1   3   2   2   7   1   6   3  0.35 0.18
  163 Y     0   0   1   2   1   1   0  -1  -1  -1   0   0   0   0  -1  -1   1   2   0  -1    6   6   6  13   4   6   3   4   1   2   9   4   3   4   2   3  12   4   4   3  0.08 0.08
  164 F    -1  -1   0   2  -1  -1   0   0  -2  -2   0  -1  -1   4  -2  -1  -1   4   1  -2    4   2   5  11   1   3   6   8   1   2   8   3   1  23   2   5   4   5   4   2  0.26 0.15
  165 A     0  -1  -1   0  -1  -1  -1   0  -1   0   0  -1   0   1  -1   1   1   4   0   0    9   3   3   5   1   2   3   8   1   4   8   2   2   7   2  11  12   7   3   7  0.09 0.07
  166 K     0   0   1   0  -1  -1   0   1   0  -1  -1   1  -1  -2   1   0   0   0  -1   1    6   5   7   4   1   1   4  14   2   3   7   9   1   1   6   7   3   1   2  14  0.06 0.06
  167 Q     0  -1  -1   1   2   0   0   1   0  -1  -1   0  -1  -1   0   1   1  -1  -1  -1    8   3   2   7   5   4   6  14   2   4   4   5   1   3   4  10   9   1   2   4  0.07 0.05
  168 Q    -1  -1  -2  -1  -2   3  -1   0  -2  -1   3  -2   2  -1  -2  -1  -2  -1  -2  -1    6   2   2   3   1  18   3   8   1   3  31   2   5   2   2   3   2   1   1   4  0.28 0.18
  169 P     1  -1   1  -1  -2  -2  -2  -2  -2   1  -1   0  -1  -2   4  -1  -1   1  -2   0   14   3   8   4   1   1   2   3   1   9   6   5   1   1  25   4   3   2   1   5  0.35 0.17
  170 D    -2  -1   1   6  -3  -2  -1  -2  -2  -3  -3   0  -3  -3  -2  -2   0  -3  -3  -2    3   3   7  50   1   1   3   3   1   2   3   6   1   1   2   3   5   0   1   3  0.88 0.33
  171 L    -3  -4  -4  -4  -3  -4  -4  -4  -3   2   5  -4  -1   4  -4  -4  -3  -1   2  -1    1   1   1   1   0   1   1   1   0  11  48   1   0  16   1   1   1   1   7   3  0.86 0.38
  172 N    -2   0   7   5  -5  -4  -3  -3  -4  -4  -5  -2  -3  -5  -5  -3  -4  -2  -5  -5    4   6  50  28   0   0   1   2   0   1   1   2   1   0   1   1   1   1   0   1  1.52 0.67
  173 W    -3  -4  -3  -4   0   1  -2  -4   3  -2   1  -4  -1   2  -3  -2   2   4   5  -1    1   1   1   1   2   8   2   1   7   1  15   1   1   8   1   2  13   6  24   5  0.62 0.37
  174 D    -1   1   2   2  -4   0   2   3   0  -4  -2  -2  -4  -4  -3   1  -1   0  -3  -4    4   7  10   9   0   3  15  26   2   0   4   1   0   0   0  11   3   1   1   1  0.42 0.28
  175 N    -4   4   5  -1  -2  -1  -2  -4   4  -5  -4   1  -3  -5  -4   2  -2  -5  -3  -3    1  21  29   2   1   3   2   1  10   0   2  10   1   0   0  13   1   0   1   2  0.84 0.46
  176 P    -2   0   2   2  -5  -2   1  -3   2  -5  -4  -2  -4  -3   5   0   1   1  -3  -5    3   5  10  11   0   1   8   2   5   0   1   2   0   1  33   7   7   2   1   0  0.75 0.43
  177 K     0  -1  -2   0  -5   1   4  -1   1  -3  -3  -1  -1  -2  -3  -1  -1   2   2   0    9   3   1   4   0   4  35   4   3   1   2   4   2   2   1   4   4   3   8   6  0.43 0.32
  178 V    -2  -6  -6  -7  -1  -6  -6  -4  -6   1  -2  -6   0  -3  -6  -5  -2  -2  -5   7    3   0   0   0   1   0   0   2   0   6   3   0   2   1   0   0   2   1   0  77  1.76 0.78
  179 R    -1   5  -3  -1  -3   3  -2  -4  -1  -2  -1   1   0  -1  -4  -1  -2   0   0   0    6  33   0   3   1  15   2   1   1   2   6   7   2   3   0   3   2   1   3   8  0.54 0.37
  180 Q    -1   2   3   2  -3   1   2  -1  -1  -4  -3   1  -4  -4  -4   2   0  -5  -4  -3    5  10  17  10   1   7  13   5   1   0   3   8   0   1   0  14   4   0   0   1  0.38 0.29
  181 D     0  -2  -5  -1  -6  -3   2  -4   0  -3  -2   1  -1   6  -5  -4  -3   1   5  -3    9   2   0   3   0   1  15   1   2   1   3  10   1  30   0   1   2   2  17   2  0.80 0.47
  182 L    -2  -6  -7  -7  -5  -6  -6  -7  -6   4   5  -6   3   0  -6  -5  -4  -2  -3   1    3   0   0   0   0   0   0   0   0  22  51   0   7   4   0   1   1   1   1  10  1.18 0.57
  183 Y     0   0  -2  -3  -2  -1  -1  -4   0   3   2   2   0  -2  -4  -1  -1  -4   2   1    8   5   1   0   1   2   3   1   2  18  20  13   2   1   0   3   3   0   7  10  0.25 0.22
  184 D     2  -1   1   4  -5  -1   2   0  -1  -6  -5  -1  -5  -6  -4   3  -1  -6  -3  -5   15   4   6  23   0   2  16   7   1   0   0   3   0   0   0  19   3   0   1   0  0.59 0.41
  185 M     0  -5   4  -4   3  -4  -3  -4  -2   1  -3  -4   0   1  -5   1  -2   6   2   1    7   0  22   0   5   0   2   1   1   7   2   0   3   7   0  12   2  12   6  12  0.63 0.43
  186 L     3  -5  -6  -6  -3  -4  -5  -2  -5   1   3  -4   4   0  -5  -2  -3  -5  -3   2   28   0   0   0   0   1   0   3   0   8  31   1   9   4   0   3   0   0   1  12  0.70 0.44
  187 R    -1   3   2   0   0  -1  -1  -2   0  -2   2   2  -1  -2  -3  -2  -1  -5  -3  -1    5  15  12   6   2   1   4   3   2   2  22  14   1   1   1   1   3   0   1   5  0.25 0.23
  188 F    -4  -1  -3   0   1  -1  -3  -4   5  -4  -1  -4   0   5  -6  -4  -3   5   5  -4    1   3   1   5   3   3   2   1  13   0   6   1   2  26   0   1   2   8  22   1  1.04 0.53
  189 W    -6  -4  -8  -9  -2  -5  -8  -8  -7  -4   2  -8   0  -2  -8  -8  -7  12   2  -2    1   1   0   0   1   0   0   0   0   1  18   0   2   2   0   0   0  65   6   3  3.18 1.19
  190 L     0  -2  -6  -6  -2  -2  -4  -5  -4   4   4  -5   3   1  -6  -3  -3  -5  -4   2    9   2   0   0   1   2   1   0   0  23  34   0   6   5   0   2   1   0   0  15  0.73 0.41
  191 D    -1   1   3   5  -6  -1   4  -2  -4  -5  -6   0  -6  -6  -5  -1  -3  -7  -2  -4    5   6  11  31   0   2  29   3   0   0   0   5   0   0   0   4   1   0   1   1  0.92 0.53
  192 K    -1   1  -2  -3  -5   1   2  -5   2  -1   1   2   3  -1  -3  -2  -2  -2   4  -1    4   7   2   1   0   7  15   0   6   4  13  11   7   2   1   1   2   0  14   3  0.32 0.28
  193 G    -3  -4  -1   0  -7  -1  -5   6   8  -8  -8  -2  -4  -7  -6  -2  -5  -7  -4  -7    2   1   2   5   0   2   0  50  31   0   0   3   0   0   0   3   1   0   0   0  1.72 0.78
  194 V     0  -7  -7  -5   0  -6  -7  -7  -7   5  -1  -6  -2   3  -7  -6  -4  -6  -3   6    8   0   0   1   2   0   0   0   0  27   5   0   1  10   0   0   0   0   0  47  1.31 0.63
  195 S     0  -4  -1   8  -8  -3  -2  -3  -4  -8  -8  -1  -7  -8  -6  -3  -1  -9  -5  -7    9   1   2  74   0   1   1   2   0   0   0   3   0   0   0   2   3   0   0   0  1.99 0.89
  196 G    -2  -7  -4  -5  -7  -7  -7   7  -7   0  -4  -7  -7  -6  -7  -5  -4  -7  -3  -5    4   0   1   1   0   0   0  84   0   5   2   0   0   0   0   0   1   0   1   1  2.17 0.93
  197 L    -6  -7  -8  -8  -6  -7  -8  -8  -6   3   3  -7  -3   7  -8  -7  -6   5  -1  -2    0   0   0   0   0   0   0   0   0  14  26   0   0  48   0   0   0   8   1   2  1.80 0.78
  198 R    -7   9  -6  -7  -2  -3  -6  -6  -6  -9  -6  -3  -7  -9  -8  -5  -7  -8  -7  -8    0  96   0   0   1   1   0   0   0   0   1   0   0   0   0   1   0   0   0   0  3.14 1.24
  199 F    -4  -6  -7  -7  -3  -5  -6  -7  -6   3   3  -6   2   4  -6  -6  -4  -5  -4   5    0   0   0   0   0   0   0   0   0  15  22   0   5  19   0   0   0   0   0  37  1.20 0.57
  200 D    -5  -5  -4   9  -9  -6  -4  -7  -3  -5  -9  -6  -8  -9  -7  -6  -7 -10  -8  -8    1   1   0  97   0   0   0   0   1   1   0   0   0   0   0   0   0   0   0   0  3.16 1.23
  201 T     5  -4  -2  -3  -2  -3  -4  -1  -2  -2   0  -1  -3   0  -4  -1   0  -5  -3   0   56   0   2   2   1   1   0   5   1   1   8   3   1   5   0   2   5   0   1   7  0.78 0.48
  202 V     4  -5  -5  -5  -2  -5  -4  -3  -3   1  -2  -3   0  -2  -5  -2  -3  -5  -4   6   29   0   0   0   1   0   1   2   1   5   3   1   2   2   0   2   1   0   0  49  1.03 0.54
  203 A     1   0   2   1  -3   0  -1   1   2  -2  -2   1  -2  -3   1   1   1  -3  -2  -2   12   5  12   9   0   3   0  10   5   3   3  11   0   0   8   9   8   0   0   0  0.19 0.16
  204 T    -1  -2   0  -2  -3   0  -1   0   4  -1  -1  -2   1   2   0   0   0  -2   3  -1    5   0   4   0   0   3   4   8  15   3   5   0   4   8   5   9   6   0  15   4  0.20 0.20
  205 Y    -1  -3  -1  -3  -3  -2  -1  -2   2   3   1  -3   4   0  -3  -2  -1   2   2   1    4   0   3   0   0   0   4   3   6  19  13   0  18   3   0   1   3   3  10   9  0.29 0.25
  206 S     0  -1   0  -1   0  -1  -1   0   0  -1   0   0   0   0  -1   1   1   4   1  -1    9   2   4   4   2   2   2   9   2   4  10   5   2   4   2  14   7   7   6   3  0.10 0.11
  207 K    -1   2   0   1  -3   0   2  -3   2  -3  -3   3  -3  -3   0   0  -1  -3   2  -3    5  13   4   9   0   2  11   2   5   1   2  22   0   1   4   6   3   0   7   1  0.35 0.23
  208 I     0   0  -1   1  -2   0   1   0   1   0   0   0   0  -1   0   0   0   0   1   0   10   4   2   9   0   3   8   6   5   5   7   5   2   2   5   3   8   1   6   9  0.04 0.05
  209 P     0   1   1   0  -1   0   0   0   1  -1   0   0   0  -1   3   0  -1  -2   0  -1    7   8   6   4   2   4   6   7   4   3   9   4   2   2  14   6   3   0   4   5  0.10 0.07
  210 N     0  -1   1   2  -3   0   0   1   2  -1   0  -1  -1   0  -2  -1  -1  -1   1  -2   10   4   8  12   0   4   4  13   6   3  12   2   1   4   2   4   2   1   4   3  0.11 0.11
  211 F    -1   0  -3  -1  -3  -2  -1   1  -1   0   0  -3  -1   4  -3  -1   1   2   3   0    5   5   1   3   0   2   4  12   1   5  10   1   2  16   1   4   9   3  11   5  0.25 0.19
  212 P    -2   1   0  -2  -4   0  -1  -2   1  -2   1  -1  -1   0   3   1  -1   5   0  -2    3   8   4   2   0   4   3   3   3   2  14   3   1   3  16  11   4   8   4   2  0.27 0.21
  213 D     0   1   0   5   3  -1   1  -1  -3  -1  -3  -1  -4  -3  -2   0  -2  -4  -1  -2    7   8   3  35   6   2   8   4   0   4   3   3   0   1   2   6   2   0   2   3  0.55 0.35
  214 L     0  -1   0   0  -3  -1   0   0  -1   0  -1   0   0   1   0  -1  -1   2   3   1   10   3   4   5   0   1   7   6   1   5   6   5   2   7   6   4   4   3  11  10  0.08 0.10
  215 S     0  -1   0   0  -2  -1   1  -1   0   0   0  -1  -1   0   2   1  -1   2  -2   0    9   3   4   5   1   2  12   4   2   5  10   2   2   5  10  14   3   3   0   6  0.11 0.14
  216 Q     0   1   1   0  -2  -1   0   1   1  -1   0   1  -1  -1  -1   0   0   2   0  -1    5   9   6   5   1   2   7  12   4   4  12   8   1   3   3   5   5   3   3   3  0.05 0.07
  217 Q     0   0   0   0  -2   1   2   0   2  -1  -1   1  -2  -2   1   0   0  -3   0  -1    8   4   5   5   1   5  14   9   6   4   5   8   1   1   6   8   4   0   3   4  0.11 0.12
  218 Q    -1  -1   1   1  -4   0   1  -1   0  -1  -1  -2  -2   0   2   0  -1   6   3  -1    5   3   6   7   0   4   8   6   2   3   5   2   1   3  10   6   4  12   9   4  0.27 0.23
  219 L    -1  -1   1  -1   1  -1  -2   1   1   2   0  -1  -1  -2  -2   0   0   1  -1   1    5   2   8   3   4   3   1  13   4  13  10   2   1   1   2   7   6   2   2  11  0.09 0.11
  220 K    -1   1   0   0  -4   1   2  -1  -2  -1  -1   3  -2  -2   2  -1  -1   1   0  -2    4   7   3   4   0   5  13   5   1   4   5  20   1   2   9   4   3   2   3   2  0.23 0.21
  221 N     0  -1   4   1  -4   0  -1  -2   1  -3  -1  -1  -1  -2   1   0  -1   4   1  -2    7   2  22   7   0   4   5   3   3   1   8   3   2   1   7   8   3   6   5   2  0.31 0.26
  222 F    -1  -1   1  -1   1  -1   0  -1   0   2   0  -1  -1   2  -3  -2  -1   2   2   1    5   3   6   3   3   2   6   6   2  14   8   3   1  11   1   2   4   3   8   9  0.12 0.13
  223 A     1  -1   1  -1  -1  -2   0   1   2  -1  -2  -1  -1   0   2   0  -1   2   2   0   10   3   6   3   2   1   7  10   5   4   3   4   2   5  10   5   2   3   9   6  0.12 0.13
  224 E    -1   0   2   0  -4   0   3   1   1  -3  -2  -1  -3   0   2  -1   0  -4  -1  -3    4   5   9   5   0   3  20  13   3   1   3   3   0   4  11   5   5   0   3   2  0.27 0.24
  225 E     0  -1   0   1  -4   1   1   2  -1  -1  -3  -1  -2  -1   1  -1   0   2   1  -1    6   4   4   8   0   5  11  19   1   3   2   4   1   3   8   4   5   3   5   4  0.17 0.16
  226 Y    -3   0   1  -1  -2  -3  -2  -1   3  -1  -1  -2  -1   4  -3  -2  -1   5   4   0    2   6   6   4   1   1   2   5   6   4   6   2   2  16   2   3   4   8  13   7  0.40 0.27
  227 T     0  -2   1   2  -2  -1   1   1  -1  -1  -2  -1   0  -3   0   1   1  -1  -2  -1    7   2   7  11   1   2  10  13   1   4   3   4   3   0   5   9  11   1   1   5  0.15 0.16
  228 K    -1   0   4   0  -2  -1   1   1   0   0  -2   1  -3   1  -2  -1   0  -4  -1   0    5   5  21   4   1   2   9  11   3   5   4   7   0   5   2   4   4   0   2   6  0.20 0.19
  229 G     0   0   1   1  -2   0  -1   2  -1  -2   1  -1  -2  -1  -1  -1  -1  -3  -1  -1   10   6   7   8   1   4   3  20   1   2  19   2   0   3   3   4   3   0   3   3  0.15 0.17
  230 P     0  -1  -1  -1  -4  -1   3  -1  -3  -2  -2  -1  -2  -2   4   0  -2   1   0   1    8   3   3   3   0   2  19   4   0   2   5   3   1   2  19   7   2   2   4   9  0.32 0.28
  231 K     1   2   1   0  -3   0   1   1   0   0  -1   0   0   0  -2   0  -1  -2  -1  -2   12  14   8   4   0   3   8  10   2   7   6   5   3   4   1   5   4   0   1   2  0.10 0.12
  232 I     0  -2  -1  -3  -1  -2  -2   0  -3   3   1  -3   1  -1   0  -1   0   0  -1   1   10   3   2   1   1   2   3   7   0  23  14   1   3   3   5   3   6   1   2   9  0.19 0.16
  233 H     0  -1   0  -1  -2  -1   0   0   5  -1  -1  -1  -1   2  -3  -2  -1  -2   3   0    6   3   4   4   1   2   6   7  17   4   5   4   1  10   1   2   3   0  12   7  0.32 0.21
  234 D     2  -3  -1   2  -4   1   2   0  -1   0  -1  -1  -2  -3   0   0  -1  -4  -1  -2   17   1   3  13   0   7  16   7   2   6   6   3   1   1   4   6   3   0   2   2  0.23 0.23
  235 Y    -1  -2  -3  -3  -5  -4   0  -3  -1   1   0  -3   1   6   0  -3  -3   1   3   0    5   2   1   2   0   0   6   2   1   8   8   2   3  32   4   2   2   2  11   7  0.65 0.40
  236 V    -1  -2  -2  -3  -3  -2  -3  -1   0   2   3  -3   0  -2   0  -2  -2   5  -2   1    6   2   2   1   1   2   2   6   2  11  32   2   1   1   5   3   2   8   1  10  0.39 0.27
  237 N    -1   3   2   1  -4   3   0  -1   2   0  -3   2  -1  -2  -2  -2  -1  -4   1  -2    5  13   8   7   0  12   6   4   4   6   2  12   2   1   2   2   4   0   5   2  0.25 0.22
  238 E    -1   0   1   2  -4   1   3  -2   2  -2  -1  -1   0  -1   0   0  -1   0  -1  -3    4   5   6  13   0   7  19   3   5   3   7   3   2   3   4   7   3   2   2   1  0.22 0.20
  239 M     0  -1  -1  -2  -1  -3  -2  -2   0   0   2  -2   5   2   0  -2  -2   4  -1   0    9   3   3   2   1   1   2   4   2   4  18   2  17   9   5   3   2   6   2   5  0.36 0.27
  240 N    -1   1   5  -1  -3  -2  -2   1  -1  -1  -1  -1  -1  -2   0  -1  -2   0  -1  -1    4   8  31   3   1   2   2  11   2   4   7   3   2   2   5   5   2   1   2   5  0.41 0.30
  241 R     0   2  -1   0  -4   1   2   0   2  -1  -2   0  -1  -3   1   0  -1  -3  -1  -1   10  10   3   5   0   8  12   7   5   4   4   6   1   1   8   5   4   0   3   4  0.14 0.15
  242 E    -1   0   0   1  -4   0   3  -2   0  -1  -1  -1   0   0  -2  -1   0   3  -2   1    6   5   5   8   0   4  24   3   2   3   6   2   2   4   2   4   4   4   1  11  0.22 0.22
  243 V    -1  -2   0  -1  -1  -2  -2  -2  -1   2   1  -3   1   0   0  -2   1  -4  -2   3    5   2   4   3   1   2   3   4   1  10  13   1   3   5   5   3   8   0   1  26  0.23 0.20
  244 L    -1  -2  -1   0  -1  -1  -1  -1   3   1   1   0   0   2   0  -1  -2  -1   2  -1    5   2   2   6   2   2   3   5   8   7  17   7   1  10   4   5   2   1   7   4  0.11 0.12
  245 S     0   0   0   2  -1   1  -1   0  -2  -1  -2   1  -2  -3   1   2   0   2  -1  -2    9   6   5  10   1   7   4   9   1   4   3   9   1   1   6  14   4   3   2   3  0.15 0.16
  246 H     0   1   1  -1  -4   1   2  -1   5  -3  -1   0  -4  -2   0  -1  -2  -1   3  -4    8   6   8   3   0   7  12   5  15   2   5   5   0   2   4   4   2   1  11   1  0.36 0.30
  247 Y     0   1  -1  -1  -2  -2  -1  -2   2  -3  -3   1  -4   3   3  -1  -2   0   4  -2    7   8   3   4   1   1   3   3   5   1   1   8   0  12  14   4   2   1  16   4  0.40 0.31
  248 D    -2  -3   1   4  -1  -2   1   0   1  -3  -3  -4  -4   0   5  -1  -3  -1  -1  -4    3   1   6  22   1   2   8   8   3   1   3   1   0   5  25   5   2   1   2   1  0.63 0.42
  249 I     1  -1  -2  -2   1  -1  -2   1  -2   1   0  -2  -1   0   0  -1   0  -1   0   2   10   4   2   2   3   4   2  12   1  10   8   1   1   4   4   3   5   1   3  20  0.12 0.13
  250 A     1  -2   0   0  -4  -2  -2  -1  -1   1  -1  -2   4   3   0  -1  -1   1   2   1   11   2   5   5   0   2   2   4   1   7   5   2  12  11   4   3   4   2   7  11  0.19 0.20
  251 T    -2  -3   0  -1   0  -3  -3  -1  -2   2   1  -2   2   0  -3   0   4  -1  -3  -1    3   2   4   3   2   0   1   5   1  10  14   3   6   4   1   7  28   1   1   3  0.35 0.30
  252 A     1  -2  -2  -3  -3  -3  -3   0   0   3   0  -2   0   2  -1  -1  -1  -1   0   2   10   2   2   1   0   1   2   6   3  17  10   2   2  10   4   4   3   1   3  18  0.24 0.20
  253 G     3  -2  -3   0  -4  -1   0   4   0  -1  -3  -3  -1  -2  -4  -1  -1  -5  -2  -3   24   3   1   5   0   3   7  30   3   4   2   2   2   2   1   3   5   0   1   2  0.50 0.37
  254 E     0   0  -4   0  -6  -4   7  -3  -5  -5  -3  -3  -3  -3  -5  -3  -1  -2   0  -3    9   5   1   5   0   0  59   2   0   1   3   1   1   1   0   2   3   1   3   3  1.27 0.77
  255 I     1  -2  -1   0  -4  -2   2  -2  -1   1  -1  -2   0  -1  -3   0  -1   5   2   2   13   2   2   5   0   1  12   3   1   9   4   1   3   2   1   6   3   8   9  14  0.25 0.24
  256 F    -2  -2   2  -1  -4  -1   0  -1  -1  -1  -2  -2  -2   3  -1   1   1   6   3  -1    3   2   9   3   0   2   7   5   1   4   4   2   1  12   3   9   8  10   8   5  0.30 0.26
  257 G     0  -3   0   2  -4   0  -1   2   1  -2  -2  -2  -4  -4  -3   2   2   0  -3  -2    9   1   4  14   0   5   3  14   3   3   5   2   0   1   1  19  13   2   1   2  0.32 0.30
  258 V     1  -1  -1   0  -4   0   0   1   2  -2  -1  -2   1  -2  -3   1   1   4  -1   0   11   4   3   5   0   3   6  12   5   1   7   1   4   2   1  10  11   7   2   6  0.17 0.20
  259 P    -1  -2  -2   2  -4  -1   0   2   0  -2  -1  -2   1   1   3   0   1   1  -1  -2    5   2   1  10   0   3   5  14   2   3   5   1   4   6  16   7   8   2   2   3  0.23 0.23
  260 L     0   1  -3   0  -4  -1   0  -1   2  -2  -1  -2   1   0   3  -1  -1   5  -2  -1    8   9   1   6   0   2   6   5   5   3   8   2   3   4  15   4   4  10   1   5  0.28 0.25
  261 D     0  -2  -1   2  -4   0   2   0   0  -2  -2   1   0  -2   1   0  -1  -2  -2   1    9   2   3  13   0   3  12   8   2   1   4   8   2   2   8   7   3   1   1  11  0.15 0.18
  262 K     0  -1   0   0  -2   0   1  -1   2   1   0  -1   1  -1  -1  -1   2  -1  -1   0    7   4   4   4   1   4   8   5   5   7  10   3   4   2   3   4  14   1   2   8  0.05 0.09
  263 S     1  -1   0  -1   1  -1   0  -1  -1  -1  -1  -1   1  -2  -2   1   1   3  -2   1   12   3   4   3   3   2   8   4   1   3   7   3   3   1   2  12  11   4   1  13  0.11 0.16
  264 I     0   1   0  -1   2   0  -1   0  -2   0  -1   0   0   1   1   1   1   2  -1  -1    7   8   3   2   5   3   3   6   1   7   6   4   3   7   6  10  10   3   1   4  0.06 0.10
  265 K    -1   3   0   0  -4   0   0  -1   2  -4  -1   1  -2  -1   2  -1   0   2   1  -1    5  16   5   6   0   3   5   4   4   0   5  10   1   3  11   5   6   3   5   4  0.21 0.21
  266 F    -2  -4  -2  -3  -5  -3  -2   0   3  -2  -1  -3   0   3   1  -2  -2   5   6  -1    3   1   2   2   0   1   3   7   7   2   5   1   2  13   8   2   2   7  25   5  0.71 0.44
  267 F     1  -2  -1  -2  -2   0  -1   0  -2   0  -1  -1   0   2  -2  -1   1   2   2   2   12   2   2   1   1   5   4   8   1   4   5   3   3   8   2   4  11   3   9  14  0.13 0.16
  268 D     0  -2   2   3  -5   0   1   3  -4  -3  -1  -1  -3  -3  -3   0  -1  -2  -1  -4    8   2  11  18   0   4  11  19   0   2   6   3   1   1   1   6   4   1   2   1  0.36 0.30
  269 R     0   0  -1  -1  -2   1   1   1  -1  -2  -1   1  -1  -1   0   0   0   2   1   0    8   6   3   2   1   6  10  12   2   2   6   8   1   2   5   5   6   3   6   7  0.07 0.10
  270 R    -2   0  -1   0  -4  -2   0   3  -1  -1   0  -1   0   2   0  -1   1  -4   0  -1    2   5   2   5   0   1   6  22   1   4  12   3   3   9   4   4   9   0   4   5  0.15 0.17
  271 R    -1   1   1   1  -5  -2  -1   5   1  -3  -4  -1   1  -1  -2  -1  -2  -3  -2  -1    5   7   7   8   0   2   5  37   3   2   2   3   4   2   2   3   2   0   2   4  0.49 0.36
  272 N     0   0   1   0  -3   0  -1   2   1  -2   0  -1  -2   1  -2   1   0  -1   0  -1    8   4   7   6   0   5   3  16   4   1  11   3   0   7   2  11   4   1   3   4  0.10 0.14
  273 E     1  -2  -1   0  -4  -2   2   3  -3  -1  -1  -2  -1  -4  -2   0   0   1  -4   1   11   2   2   4   0   2  15  24   0   3   6   2   2   1   2   6   6   2   0   9  0.27 0.26
  274 L     0  -4  -2  -4  -1  -3  -3  -1  -2  -1   2  -4   3   4  -3   1   1   1  -1  -1    8   1   2   1   1   1   1   6   1   2  23   0   6  19   1  12   8   2   2   3  0.42 0.33
  275 N    -1  -2   3   3  -5   0  -1   2   3  -4  -3   0  -3  -5  -1   1  -2  -3  -3  -3    5   1  16  17   0   5   3  15   8   1   3   6   1   0   3  12   2   0   1   2  0.45 0.34
  276 I    -2  -3  -3   0  -3  -3  -3  -1  -2   0   1  -5   5   3  -5  -1  -1   3   5  -3    4   1   1   5   0   1   2   5   1   5  14   0  14  12   0   5   3   4  19   1  0.63 0.42
  277 A     1   1   1   0  -2  -1  -1   1  -2  -1  -1   1   0  -1   2  -1   0  -2   0   0   11   9   7   5   1   1   3   9   0   4   7  10   2   2   9   3   4   0   4   9  0.08 0.11
  278 F    -3  -5  -6  -5  -5  -5  -5  -3  -2  -1   1  -4   4   7  -4  -2   0   6   3  -1    2   0   0   1   0   0   1   2   1   3  12   1   8  38   1   3   6   9   8   4  1.15 0.62
  279 T     0   0   5   2  -5   2  -1   1   2  -5  -3  -2   0  -4  -3  -1   0  -1   1  -4   10   5  24  10   0   9   4  10   5   0   3   2   3   1   1   3   6   1   4   1  0.43 0.35
  280 F    -1  -1   0   0  -5   0  -3  -4  -2  -4  -2  -3   5   6  -4  -4  -2   4   3  -2    5   4   4   5   0   4   2   1   1   0   4   1  12  35   1   1   3   5   9   3  0.92 0.55
  281 D     0   0   0   1  -4   0   1   1   0  -2  -3   1   2  -2   1   1   0  -4  -1  -3    8   6   5   9   0   4   8  13   2   2   2   9   7   1   7   9   5   0   2   1  0.17 0.17
  282 L    -2  -3  -1  -2  -4  -1  -2   0   5   1   2  -3  -1   2  -4  -1   0   5   0   0    3   1   3   3   0   3   2   9  13   8  18   1   1   7   1   6   5   8   2   8  0.34 0.26
  283 I    -1   2  -2   1  -2  -1  -2  -2  -2   1   1   0   4  -1   0  -1  -1   1   1  -1    4  12   2   9   1   1   2   3   1   8  12   7  11   2   5   5   4   2   5   4  0.16 0.17
  284 R     0   1   1   2  -3  -1   0   0   1  -2  -1   0   1  -2   0   0   0   3   0  -1    6   7   7  13   0   2   7   8   4   1   7   5   5   1   4   6   5   4   3   4  0.12 0.12
  285 L     0  -1   0  -1   0  -1  -2  -3  -1   0   2  -1   2   2   2  -2  -2  -1  -1   0    7   4   6   4   2   2   2   2   1   5  22   4   5   8  11   3   2   1   1   8  0.17 0.15
  286 D    -1  -2  -1   2  -3   0  -1   0   0   1   1  -1   1   2  -2   0  -1   3   0   0    4   1   3  11   0   3   2   9   2   8  12   4   5  10   1   9   2   4   4   6  0.11 0.12
  287 R     1   1  -1  -2  -2   0  -2   0   3   0  -1   1  -1   2  -2  -1   0   0   3  -1   12   6   2   2   1   5   2   7   8   6   6   8   2   7   2   4   6   1  11   4  0.14 0.14
  288 D    -1  -1   1   2  -2  -1   0   0   1  -2  -2   1   1   0  -1   0  -1   3  -1  -1    4   3   6  15   1   3   7   7   4   3   4  10   5   4   2   8   4   5   2   4  0.14 0.14
  289 A     1  -1   1  -1  -3   0   0   0   0   0  -1  -1   1   0   1   1   0  -2   0   0   12   3   8   2   0   5   7   6   2   6   6   3   6   4   7   9   4   1   4   7  0.06 0.09
  290 D    -2   0   3   1  -3  -1   0   1   1   0   0  -1   0  -1  -2   0  -1   2   0   0    2   6  14   9   0   2   5  11   3   4  12   3   2   2   2   6   4   3   4   6  0.11 0.13
  291 E    -1   1  -1   2  -2   1   1  -1   1  -1   0   1  -1   1   0   0  -1   0   0  -2    5   8   1  12   1   6  12   5   3   3   8   8   1   7   4   7   3   1   3   2  0.10 0.12
  292 R    -1   2  -1   0  -2  -1   0  -1   1   0   0   2  -1  -2   1  -1   0  -3   0   1    4  10   3   6   1   2   5   3   4   4  10  13   2   1   8   4   6   0   4  10  0.10 0.12
  293 W    -1  -2  -2  -2  -2  -2  -1   0  -2  -1  -1  -1   0   3  -2  -1   0   7   3   0    5   2   2   3   1   2   5   7   1   4   6   4   2  11   2   4   6  18  10   7  0.51 0.32
  294 R     1   2   1  -1  -3  -1   0   0   2  -1  -2   1  -1   2  -2   0  -1   0   1  -2   11  14   7   3   0   2   7   6   6   3   3   7   1   9   2   5   4   1   4   3  0.14 0.14
  295 R    -1   2   0   1  -2  -1  -1  -1   4   0   1   0   1  -1  -2  -1  -1  -2   1  -1    3  15   4   7   1   2   3   6  10   4  14   5   4   3   2   4   4   1   6   3  0.15 0.15
  296 K    -1   1   1   2  -2   1   0   0   1   0  -1   1   0   0  -2  -1   0   0   0  -1    4   7   7  12   1   6   7   6   4   7   4  10   3   4   1   4   6   1   4   3  0.09 0.10
  297 D    -1   0   1   3  -4   0   0   2   1  -4  -3   0  -4   1   2  -1  -1  -4   0  -3    4   4   7  17   0   5   6  15   3   1   3   7   0   6   9   4   4   0   3   2  0.27 0.23
  298 W    -2  -3   0   0   0  -2  -1   1   4  -1   1  -3  -3   3  -3   0  -1   6   0  -3    3   1   4   6   2   2   5  10   9   4  12   1   0  14   1   9   3  10   3   1  0.37 0.28
  299 T    -1   0   2   2  -4   1   0  -1   1  -2  -3  -1   0  -4   0   1   3  -4  -2  -1    6   5  11  10   0   7   6   5   3   2   2   3   2   1   5   9  18   0   2   4  0.25 0.24
  300 L    -1  -2  -1  -4  -1  -1  -2   1   0   1   2  -2   3   2   0  -1  -1   1   1   0    4   1   3   1   1   3   3  10   2   7  22   2  10   8   5   5   3   2   4   5  0.19 0.18
  301 S     0   1   1  -1  -1  -1   0   0   0  -1  -2   1  -1  -1  -1   1   0  -1   2   0    9   6   9   3   1   2   5   8   3   4   4   8   1   3   3  13   4   1   8   6  0.08 0.12
  302 Q     0   0   2   4  -4   0   1  -2   2  -3  -2  -2   0  -2  -2  -1   1   0   1  -2    7   5  11  22   0   4   8   2   5   1   4   2   2   1   2   4   8   1   6   3  0.32 0.27
  303 F    -1  -3  -3  -2  -1  -1  -4  -4  -3   0   3  -3   1   5  -1  -2  -1   1   1  -1    5   2   1   2   1   3   1   1   1   5  30   1   4  21   4   3   4   2   5   4  0.52 0.35
  304 R     0   1   1  -1  -2   0  -1  -2   1  -2  -1   2  -1   0  -3   1  -1   1   3   1    9   9   6   3   1   3   3   2   3   1   5  14   2   4   0   9   4   2  10  11  0.17 0.19
  305 K     0   1   1  -1   0   1   1  -1   4  -1  -2   1   0  -1  -3   1   0  -2   0  -2    8   6   6   2   2   6  11   6  10   3   4  11   2   3   1  11   5   0   3   2  0.17 0.18
  306 I     0  -2  -2  -4  -5  -3  -3  -4   2   0   1  -1   5   1  -4  -2   0   6   3   0    8   3   2   1   0   1   2   1   5   6  11   5  14   6   1   3   6  12   9   7  0.51 0.36
  307 V    -2  -3   1  -1  -2  -2  -2   0   3   3   1  -3   2   0  -3  -1  -1   0   2   0    3   1   8   3   1   1   2   7   9  16  16   1   5   3   1   4   4   1   8   5  0.25 0.22
  308 D    -1   0   3   1  -5   1   2  -1   3  -3  -2  -1  -3  -2  -3   0   2  -5   0  -3    6   6  14   7   0   7  13   4   8   2   3   4   0   1   1   6  12   0   3   2  0.31 0.29
  309 K     0   0   2  -1  -4   1   1   1   0  -3  -1   2   0  -2  -3   2  -1   2  -1  -2    6   5   9   4   0   6   9  11   2   1   6  12   2   1   1  15   3   3   3   2  0.18 0.20
  310 V    -2   0  -2  -2  -5  -2  -2  -5   2  -1  -1  -3   1   2  -3  -1   2   8   2   0    4   6   2   2   0   2   2   1   5   3   7   2   3   7   1   5  13  21   7   7  0.69 0.44
  311 D    -1   0   2   0  -4   1   1   1   0  -2   0  -1   2   0   1  -1   0  -4  -3  -2    4   5  12   4   0   8   9  12   2   2   9   2   6   5   8   4   6   0   0   3  0.15 0.18
  312 Q    -1   0   1   0  -3   0   1   0   1  -1  -1   0  -1   1  -2   1   1  -2  -1  -1    4   5   6   6   0   4  11   8   4   4   7   6   1   7   1   9  11   0   2   4  0.09 0.12
  313 T     0  -1   1   1  -3  -1   1   1  -1   0  -1   0   1   1  -1   0  -1  -2   1  -1   10   3   8   7   0   2  10   9   1   7   4   5   4   8   3   6   3   0   5   4  0.07 0.11
  314 A     1  -3   1  -1   2  -3   1  -2  -2  -1   1  -3   3   1   1  -2  -3   3   3   0   10   1   7   3   5   1   9   3   1   4  12   1   7   5   7   3   1   4  11   5  0.21 0.23
  315 G    -1  -1   2   0  -4  -2   0   2   0  -2   0   0   0  -2   1   1  -1  -2   1  -2    5   3  10   4   0   1   6  14   3   2  12   5   3   1   7  12   3   1   4   3  0.12 0.16
  316 E     0   1   1   2  -2   0   2  -1   2  -4  -2  -1   0  -3   2   0  -1  -4   0  -1    8   7   5  12   1   3  16   5   6   0   5   3   2   1   9   5   4   0   4   5  0.21 0.21
  317 Y     0   0   0   2  -2   0   0   0   0   0  -1  -1  -1   1   0   0  -1  -3   2   0    7   4   3  12   0   4   4   8   2   7   5   4   1   6   5   8   3   0   8   9  0.06 0.10
  318 G     1  -1   1  -2   2  -1   0   2   1  -2  -2  -1   0  -1  -1   2   0  -2   0  -3   11   3   8   2   4   3   6  18   4   3   4   3   2   3   3  13   5   1   3   1  0.17 0.18
  319 W    -2   1   0   0  -4   0  -1  -3   2  -1   0  -2  -3   1  -2   0   0   7   2   0    2   7   5   5   0   5   5   2   6   3  11   3   0   5   2   7   6  15   7   6  0.40 0.30
  320 N     2  -2   4   2  -1   0   0  -3   0  -3   0  -1  -1  -1   0   0  -2  -2  -3  -1   18   2  19  10   1   3   5   1   3   1   9   3   2   3   6   7   1   1   1   4  0.29 0.27
  321 A     0  -2   3  -1   0  -2   1   1  -1  -1   0  -3  -2   0  -3  -1   0  -4   0   3    8   2  13   3   2   1  10  11   1   3   8   1   1   4   1   5   5   0   3  20  0.18 0.19
  322 F    -1  -3   2  -3  -2  -3  -2  -2  -4   0   0  -2  -1   2  -3   0   3   3  -2   2    4   2   9   1   1   1   3   4   0   5  10   2   1   8   1   6  20   5   1  17  0.31 0.27
  323 F    -3  -3  -2  -3  -1  -5  -4  -4  -2  -2   0  -4   1   7  -4  -4  -4  -2   4   2    2   2   2   2   1   0   1   2   1   2   9   1   4  42   1   2   1   0  14  12  1.15 0.60
  324 L     0  -4  -3  -4  -2  -4  -3  -4  -1   3   2  -4   1  -1   1   0  -1   3  -3   4    6   1   1   1   1   1   1   1   2  16  16   1   3   3   6   8   3   4   1  26  0.48 0.31
  325 D    -2  -2   3   4   1  -1   3   1  -4  -2  -1  -3  -4  -3  -1  -1  -3  -5  -1  -3    3   3  11  27   3   3  17  10   0   2   6   1   0   1   3   4   1   0   3   2  0.52 0.37
  326 N    -4  -3   7  -2  -3  -4  -4  -1  -1  -5  -3  -2  -5  -5  -4   4  -1  -6  -4  -4    1   1  51   2   1   0   1   4   1   1   3   2   0   0   1  25   4   0   1   1  1.48 0.80
  327 H    -7  -7  -4  -4  -8   0  -5  -2  11  -8  -8  -5  -7  -4  -1  -5  -6  -4  -3  -6    0   0   1   1   0   3   1   4  81   0   0   1   0   1   4   1   1   0   1   1  3.46 1.51
  328 D    -6  -7  -1   8  -5  -6  -2   2  -7  -4  -5  -3  -8  -8  -7  -2  -7  -9  -8  -6    1   0   3  72   0   0   2  14   0   2   1   1   0   0   0   3   0   0   0   1  2.14 1.10
  329 N    -4  -3   3  -2  -6   3   2  -2  -1  -2  -2   2   2  -4  -4  -3   2   1  -3  -1    1   1  15   2   0  14  13   3   1   3   3  14   5   1   0   1  15   2   1   4  0.53 0.45
  330 P    -2  -1   1   0  -4   3   1  -1  -1  -2  -2   1  -1  -1   3   1  -1  -4  -2   0    3   2   6   5   0  13   9   5   2   2   3   8   2   3  13  13   3   0   1   7  0.24 0.22
  331 R    -2   6  -1  -4  -4  -1  -3   0   1  -4  -1  -2  -1  -3  -1   1  -1   0  -1  -2    3  45   3   1   0   3   1   8   3   1   6   2   2   1   3  10   4   1   2   3  0.82 0.47
  332 A    -1  -3  -2  -2  -3  -3  -3   0   1   1   3  -2   2   3  -3   0  -1   1   0   1    4   1   2   2   0   1   1   7   3   8  26   3   5  13   1   6   3   2   3   9  0.27 0.19
  333 V     1  -2  -2  -3   0  -1  -1   1   3   0   1  -1   1  -2  -1  -1  -1   0   0   0   12   1   1   1   2   3   4  13   9   6  16   5   3   1   3   4   3   2   3   7  0.13 0.13
  334 S     1  -1   1  -1  -3  -1  -1   2  -1  -2  -2   0  -2  -3  -1   3   1   0  -3  -2   10   3   7   4   0   3   3  14   2   2   3   5   1   1   3  25   9   1   1   2  0.30 0.26
  335 H     0   3  -1   0  -3   0  -1  -1  -2   0   1   2   2  -1  -2   0   0  -3  -1  -1    7  16   2   4   0   4   4   5   1   5  12  14   5   2   2   5   4   0   2   4  0.13 0.14
  336 F     0  -2   0  -2   0  -1   0   1  -1  -2   1  -2   5   2   0  -1  -1   3  -1   1    7   2   4   2   2   3   5  10   1   1  11   2  15   8   5   4   3   4   2   9  0.20 0.20
  337 G     0  -4  -1  -2  -6  -5  -4   6  -1  -6  -4  -3  -1  -5   3   0  -2  -2  -6  -3    6   1   3   2   0   0   1  54   2   0   2   2   2   1  14   6   2   1   0   2  1.15 0.66
  338 D     0  -2   0   4  -3  -3  -1   4  -4  -3  -4  -2  -3  -4   0   1  -3  -5  -4  -3    8   2   5  24   1   1   4  28   0   2   2   3   1   1   4  11   1   0   1   1  0.59 0.41
  339 D    -2  -1   1   5  -5   0   0  -1  -4  -3  -3   0  -1  -5  -2   0   1  -5  -4   0    4   3   5  36   0   3   5   5   0   1   3   6   2   0   2   6  10   0   1   6  0.60 0.41
  340 R    -1   2   0  -1  -3   1  -1  -2   0   0   0  -1  -1  -3  -1   0   1   4   1   0    5  13   3   4   0   8   3   4   2   6  12   4   1   0   3   6   8   6   4   7  0.13 0.15
  341 P     0   0   1   0  -3   1  -1  -2   1   0   1   0   0  -2   0  -1   0   5  -1  -1    9   4   8   6   0   6   4   3   4   6  13   5   2   1   6   3   5   9   1   4  0.15 0.15
  342 Q     0   0  -1   1  -4   2   1  -3   0  -2  -1   1   1  -1  -2   0   0   4   1  -2    9   5   2   8   0  11  11   1   2   2   5  11   4   2   1   6   5   6   6   2  0.22 0.21
  343 W    -2   1   0  -3  -2   2  -2  -3   1  -2   0   1   0   3  -3  -2  -2   5   4  -2    4   7   4   2   1   8   3   2   3   3  10   9   2  13   1   2   3   9  12   3  0.38 0.26
  344 R     0   4  -1   0  -4   0  -2  -2  -3  -2  -2   2  -3   0   1   0  -2   4   0  -2    9  26   2   6   0   4   2   3   0   2   4  10   0   5   7   6   2   6   3   2  0.39 0.30
  345 E     2   1   0  -1   0  -1  -1  -1  -2  -1   0   0  -2   2   1  -1  -1  -3   0   0   17  10   5   4   2   3   4   5   1   2  11   5   0  11   7   2   3   0   2   6  0.10 0.13
  346 H     2   2   1   0  -2   0   0   0   0  -1  -2   1   2  -2   1  -1  -1  -3  -2  -2   18  12   7   5   1   3   5   6   2   4   4  10   5   2   7   3   3   0   1   2  0.16 0.16
  347 A     0  -1   1   0  -2   3  -2  -1  -3  -3   1  -1   0  -2  -1   3   0  -1   0  -2    6   2   7   6   1  14   2   5   0   1  15   4   2   2   3  20   5   1   3   2  0.23 0.24
  348 A     1   0  -2   0  -1  -1  -1  -1   0   1   2   0   1  -1  -3  -1  -1  -3   3   0   13   5   1   5   1   2   3   5   2   9  18   5   3   2   1   3   3   0  10   8  0.12 0.13
  349 K    -3   5  -1   0  -4   2   1  -5   2  -3  -3   5  -3  -5  -5  -2  -2  -5  -3  -5    2  28   3   5   0   7   7   1   5   2   2  29   1   0   0   3   3   0   1   1  0.88 0.53
  350 A     4  -5   1  -5  -2  -2  -4  -3  -5  -2   3  -5   6  -3  -4  -2  -2  -6  -5   0   28   0   7   0   1   2   1   2   0   2  26   0  18   1   1   2   2   0   0   6  0.82 0.54
  351 L     3  -3  -6  -5  -3  -5  -6  -6  -5  -1   4  -5   3   1  -6  -3  -5  -5   4  -2   24   1   0   1   0   0   0   0   0   4  36   0   7   6   0   1   0   0  15   2  0.96 0.59
  352 A     2  -2   0  -3  -4   0  -4  -3   0  -1   2  -3  -1   0  -5  -1   2  -2   3  -1   21   2   5   2   0   4   1   2   2   4  23   1   1   4   0   3  13   1  10   3  0.36 0.33
  353 T     4  -4  -2  -3  -4  -4  -3   1  -2  -1  -1  -4   1   0  -5   0   2  -3  -2   1   34   1   2   1   0   0   1  11   1   4   5   0   3   4   0   8  13   0   1  10  0.49 0.39
  354 L    -3  -5  -6  -7  -4  -5  -6  -7  -5   1   2  -6   3   6  -7  -3   0  -1   5  -1    3   1   0   0   0   0   0   0   0   8  18   0   7  26   0   3   7   1  21   4  1.10 0.62
  355 T    -1  -5  -4  -6  -6   3  -4  -6   2   2   3  -5   7  -1  -6  -1   0  -6  -2  -2    5   0   1   0   0  11   1   0   4   9  27   0  23   3   0   6   6   0   2   2  0.87 0.57
  356 L    -2  -6  -5  -4  -1  -5  -7  -7   1   0   4  -7   4   4  -7  -5  -3   6   0  -1    4   0   0   1   2   0   0   0   3   6  40   0   9  15   0   1   1  11   2   4  1.11 0.62
  357 T     2  -3  -5  -4   2  -5  -5  -1  -6  -3   2  -5   1   0  -4   0   5  -6  -5  -1   17   2   0   1   3   0   0   6   0   1  18   0   4   4   1   5  35   0   0   3  0.74 0.54
  358 Q    -2  -3  -4  -4  -4  -1  -3  -3   7  -4   1  -4   1  -2  -5   3   0   1   3  -5    4   1   1   1   0   3   2   2  27   1  13   1   4   2   1  19   6   2  10   1  0.92 0.60
  359 R    -5   1  -3   0  -8   3  -3  -4  -7  -7  -5  -2  -4  -9   7  -2  -3  -3  -5  -5    1   6   2   5   0  11   2   2   0   0   1   3   0   0  59   3   2   0   1   1  1.73 1.00
  360 A    -3  -6  -5  -5  -6  -6  -5   7  -6  -7  -5  -6  -3   0  -3  -2  -6  -6  -2  -7    2   0   0   1   0   0   1  82   0   0   2   0   1   3   1   3   0   0   2   0  2.15 1.01
  361 T    -2  -2  -1  -5  -5  -4  -4  -5  -2   2  -3   4  -1  -5  -5  -1   4  -5  -2   2    3   2   3   0   0   0   0   1   1  13   2  23   1   0   0   4  29   0   2  13  0.77 0.52
  362 P    -2  -5  -5  -6  -6   0  -5  -5  -6  -6  -4   4  -6  -6   7  -4  -5   1  -3  -4    4   0   1   0   0   4   0   1   0   0   2  21   0   0  59   1   0   2   1   2  1.88 0.97
  363 F    -1  -2  -3  -2   3   0  -4  -2  -4   1   3  -4   5   1  -5  -2   0  -4   1   1    4   2   1   2   6   4   0   3   0   8  26   0  14   5   0   3   7   0   5   9  0.45 0.32
  364 I    -5  -5  -3  -6  -5  -4  -6  -6  -6   6   4  -5   2  -2  -4  -5  -1  -5  -5   2    1   0   2   0   0   1   0   1   0  37  32   0   4   1   1   1   4   0   0  14  1.17 0.59
  365 Y    -4  -5  -3  -6  -5  -5  -5  -6   1  -5   0  -5  -4   7  -6  -4  -4  -3   7  -5    1   1   1   1   0   0   1   1   3   1   9   1   0  40   1   1   1   0  37   1  1.93 0.86
  366 Q     0  -6  -1  -7  -6   3  -6  -4  -2  -5  -4  -6   8  -4  -7  -1  -6  -5   7  -5    8   0   3   0   0  10   0   2   1   0   1   0  31   0   0   4   0   0  37   0  1.84 0.97
  367 G    -5  -7  -6  -6  -7  -7  -7   8  -7  -8  -8  -6  -7  -7  -7  -3  -6  -7  -7  -7    0   0   0   0   0   0   0  94   0   0   0   0   0   0   0   2   0   0   0   0  2.79 1.21
  368 S    -4  -4   0   4   2   3   2   0  -4  -1  -5  -4   1  -1  -5  -1   1  -2   0  -5    1   0   3  24   4  15  15   7   0   5   0   0   4   3   0   4   8   1   4   0  0.58 0.45
  369 E    -5  -5  -5  -4  -8  -4   8  -7  -5  -6  -7  -4  -2  -7  -5  -1  -2  -7  -3  -5    1   0   0   1   0   0  85   0   0   1   0   1   1   0   1   5   2   0   1   1  2.35 1.17
  370 L    -2   1  -5  -5  -2   3  -3  -5   2   3   1  -3  -1   5  -4  -4  -4   1   3  -2    3   8   0   0   1  13   1   0   5  17  12   1   2  23   1   0   0   2   8   2  0.69 0.45
  371 G     0  -5  -3  -5   0  -5  -5   6  -2  -4  -3  -5  -3  -4  -4  -4  -5  -5   1   0    9   0   1   0   2   0   0  66   1   1   3   0   1   1   1   1   0   0   6   7  1.45 0.72
  372 M    -2  -2  -3  -3   0   5   0  -4   3  -2   0  -4   7   0  -5  -4  -2  -5  -2  -3    4   2   1   1   2  23   5   1   7   2   9   1  32   3   1   1   2   0   2   2  1.04 0.60
  373 T     0   0   0  -2  -3  -1  -1   0  -2  -2  -2  -1  -3  -1   0   3   3   3  -2  -1    7   6   4   1   0   3   5   7   1   2   3   2   0   3   6  22  19   4   1   4  0.27 0.27
  374 N     0   0   4   1  -4   3  -1   2  -2  -3  -3  -2  -4  -3  -4   2   0  -5  -4  -4    6   5  19   7   0  13   3  17   1   2   2   1   0   1   0  15   6   0   0   1  0.47 0.36
  375 Y     0  -1  -1   0  -4  -1   3  -1   1  -1  -3  -2  -3   3   0  -1  -1   1   3   0    7   3   3   4   0   2  24   6   3   4   2   2   0  12   4   3   3   2  10   6  0.27 0.24
  376 P     1   0  -1  -1  -4  -1  -2   1   0  -4  -2   0  -4  -3   2  -1  -3   8  -1  -3   11   6   3   4   0   3   3  12   2   1   3   6   0   1  10   5   1  25   2   2  0.74 0.43
  377 F    -1   0   3   2  -4   0   1  -2  -1  -1  -2  -1  -1   4  -2   0  -2   0  -1  -2    4   5  16  11   0   4   8   3   1   5   4   3   1  20   1   8   1   1   1   3  0.29 0.24
  378 K    -1  -2   2   2  -3  -2   1  -2   2  -3  -2  -1  -3  -1   4  -1  -1   6  -1  -2    4   1  10  11   1   1   9   3   6   2   4   4   0   2  20   5   3  10   2   2  0.46 0.30
  379 K    -1   0   3   3  -4   0   1   0  -2  -3  -3  -1  -3  -1   1   1  -1   1  -2  -3    3   6  16  21   0   3   8   7   0   1   3   2   0   4   8   9   2   2   1   2  0.33 0.23
  380 I     0   0   1  -1   0   0   0  -1   2   0   0   0   0   0  -1   0   0   1   1  -1    8   7   8   3   2   4   4   3   8   8   8   5   2   5   3   5   6   3   5   3  0.03 0.05
  381 D    -1   1   1   3  -1  -1   3  -1   0  -2  -3   0  -3  -3   0   1   0   2   1  -2    4   7   6  16   2   1  18   5   2   2   3   4   0   1   4   9   5   3   7   2  0.24 0.18
  382 D    -2   0   0   2   2   1   3  -1   0  -2   0  -1   0  -3  -1   0   0  -3  -2  -2    2   5   5  12   5   8  20   3   2   2  11   3   3   1   3   8   7   0   1   2  0.19 0.16
  383 F     0   0  -1   1  -3   1   0  -1   0  -2  -1   0  -2   0   1   0  -2   4   4  -1    7   4   2   8   0   7   4   5   3   1   6   6   0   3   8   7   1   6  16   5  0.19 0.16
  384 D    -1   0  -1   3  -1   2   0  -1   0  -2   0   0  -1  -1  -1   0  -2   6  -1  -3    4   5   2  16   1  12   6   4   2   2  11   7   1   2   2   6   2  12   2   1  0.29 0.20
  385 D    -2  -2   3   6  -1  -2   0  -1   2  -3  -4  -3  -3  -1   0  -1  -1   2  -2  -3    2   2  13  43   1   1   6   4   4   1   1   1   1   3   6   3   3   2   1   2  0.75 0.38
  386 V     1  -2  -2   0  -2  -2  -1  -1  -3   2   1  -2   0  -2   1   0   0   1  -2   2   11   2   1   5   0   1   5   3   0  12  18   2   1   1   8   7   5   3   1  14  0.13 0.12
  387 E    -1   0   1   1  -1   2   3  -3   0  -2   0  -1  -1  -2  -2   0  -1   4   0  -2    6   5   7   6   1   8  23   1   2   2  12   3   1   1   2   5   4   7   3   1  0.24 0.19
  388 V    -1  -1   0   2  -1   0   1   1  -1  -1   0   0  -2  -2  -2   1   1   1  -1  -1    3   2   4  12   1   4  12  11   1   4  11   4   0   1   1  11  11   3   1   3  0.11 0.11
  389 K    -1   1   0   0  -2   0  -1  -1  -1   0   0   0   0   1   0   0   0   2   2  -1    4   9   5   7   0   5   2   4   1   5  12   5   2   7   5   5   6   3   9   2  0.07 0.08
  390 G    -1  -1   3   1  -3   1   0   0   0   0   0  -1  -1  -1   0   0  -1   1  -2  -1    4   3  20   9   0   5   7   6   2   6  12   2   2   2   5   5   3   2   1   2  0.14 0.12
  391 F     0  -1  -1   0  -2   0  -1  -1  -1   1   0  -1   2   2   0  -1   0   3   2  -1    7   2   4   6   0   5   4   4   1   9   8   4   7  11   4   3   6   4  10   3  0.08 0.09
  392 W    -1  -2   1  -2  -1  -2  -3  -4   4  -4  -4  -1  -3  -1  -4   0  -3   9   5  -1    6   2   7   3   1   2   2   1  11   1   1   3   0   2   1   9   1  26  17   4  1.04 0.47
  393 Q     0   3   0   0  -2   2   1  -2   2  -3  -1   1  -2  -3   2   0  -1   1  -2  -2    6  17   4   4   1   8  11   2   5   1   6   8   0   1  11   7   3   2   0   2  0.24 0.18
  394 D    -1   0   0   3  -1  -1   3   1   1  -1   0   0  -2  -2  -2  -1  -1  -1  -3  -2    4   6   5  16   1   1  21  11   4   3  10   7   0   2   1   2   3   1   0   2  0.21 0.17
  395 Y    -1  -1  -1   0  -2  -1  -1  -2  -2   1   2  -2   1   2  -2  -1   0   2   1   0    6   3   2   6   0   2   3   2   0   8  23   2   5  12   2   3   7   3   5   6  0.13 0.12
  396 V    -1   0   0   1  -2   1   0   0   1   0   0   1  -1   0  -1   0  -1   1   0   0    5   6   5  11   0   7   5   6   3   5   8  10   1   5   3   5   2   2   3   9  0.03 0.05
  397 E     0   1   1   2   0   0   3  -2   0  -2  -2   0   1  -1  -2   0   0   1   1  -2   10   7   6  11   2   3  21   3   2   1   2   4   4   3   1   7   4   2   5   3  0.18 0.16
  398 T     0  -1   0   1  -1   1   2  -1  -1  -2   0   0   0   0   2   0  -1   0  -1  -2    8   2   5   9   1   5  15   5   1   1  13   6   3   4  10   5   4   1   2   1  0.11 0.11
  399 G     0   1   1  -1  -1   1   0   2   1  -1  -1   0  -1  -1   1   0  -1   0   0   0    6   7   9   1   1   6   5  19   3   3   3   3   2   3   7   5   2   1   4  10  0.10 0.10
  400 K     2   2   0  -2  -2   1  -1   2   3  -2  -1   1  -2  -1  -1  -1  -1  -3  -1  -2   17  14   5   1   1   5   3  15   8   3   5  11   1   2   2   4   2   0   1   1  0.20 0.17
  401 V     1  -1   0   1   4   1   1   0   0  -2   0   0  -2  -3  -2  -1   0   1  -1   0   11   2   5   9  10   6  11   6   2   1   9   6   0   0   1   2   6   2   2   7  0.12 0.13
  402 K    -1   0   0   1  -2   0  -1   1   0   0   1   0   1  -2   0   0   0   0  -1   0    3   7   3   9   0   3   2  12   2   4  20   5   5   0   3   7   6   2   2   5  0.05 0.08
  403 A     1  -1   3  -1   0  -1  -1  -2   3   1   0   0   1  -2   1   0   0  -1  -2  -1   12   2  16   3   2   1   3   2   8   8   8   5   6   1   7   7   4   1   0   4  0.13 0.14
  404 E     0   1   0   2  -3   2   2   1   1  -2  -1   1  -2  -1  -1   0  -1  -3  -2  -2   10   7   3  10   0   8  16  11   3   3   6   8   0   3   2   5   2   0   0   1  0.17 0.13
  405 E    -1   1   0   0  -1   0   1   0   1  -1   0   0  -1   1  -2  -1   0   3   1  -1    4   8   4   5   1   4  11   7   5   3  11   6   0   7   1   3   6   4   5   3  0.05 0.07
  406 F    -1   1  -3  -2  -2  -2  -2  -2  -2   1   1  -2   0   3  -3  -2   0   1   4   1    4   8   1   3   1   1   2   4   0  10  15   1   1  13   1   1   7   2  17   9  0.26 0.18
  407 L     0   1  -2  -2  -1   0  -1  -1  -2   1   0   0   3   1  -2  -1  -1   1  -1   1    9   8   1   2   1   5   3   4   1  11   8   7  11   6   1   4   3   2   1  10  0.08 0.10
  408 Q     1   1   1   2  -1   1   2  -1   0  -2  -3   1  -2  -3   0   1  -1  -3  -3  -1   12   7   6  14   1   6  14   5   2   2   1   9   0   1   4   9   2   0   1   4  0.21 0.15
  409 N     0   0   1   1  -2   1   1   0   0   0   0   0   0  -2  -1   1  -1  -1   0  -1    7   6   5  10   0   6  13   7   3   6   9   4   2   1   2  11   2   1   3   4  0.07 0.08
  410 V    -2  -1  -2  -1  -3  -3  -2  -3  -3   3   2  -1   0   1   2  -1  -1   0   1   1    2   3   2   3   0   1   1   2   0  25  17   3   2   7  10   4   2   1   4  11  0.25 0.18
  411 R     2   0   3  -2   0   1   0  -2   0  -2  -2   1  -1  -2  -1  -1  -1   4   2  -3   24   5  15   1   2   5   4   2   2   2   4   8   2   1   2   4   2   6   9   1  0.26 0.22
  412 Q     0   1  -1  -2  -2   0  -1  -2  -1   0   2   0   1   0  -3  -1   0   2  -1   0    9  10   3   2   1   5   2   2   2   5  27   6   4   4   1   3   6   3   2   5  0.10 0.12
  413 T     0   1  -2  -1  -1  -1  -2  -1   3   0   1   1   1  -1  -3  -2  -1   3   2   0    6  10   0   3   1   1   2   5  10   5  19   9   4   2   1   2   3   4   7   5  0.14 0.15
  414 S     0   0   1   0  -3   1   0   2   0  -3  -2  -1  -2   0  -3   1  -1  -1   2  -1    6   4   8   5   0   7   6  18   2   0   4   3   0   3   0  13   3   1  11   5  0.17 0.16
  415 R    -3   6  -1   1  -3   0  -2  -2  -1  -3  -1   1  -3  -3  -4  -1  -3   2  -3  -4    2  53   3   7   1   3   2   3   2   1   7   5   0   1   0   5   1   3   1   1  0.92 0.46
  416 D    -2  -2   1   7  -5  -3   0  -2   0  -1  -2  -3  -4  -2  -4  -1  -2  -5  -4  -4    3   2   5  59   0   0   5   3   2   5   5   1   0   2   0   4   3   0   0   1  1.11 0.51
  417 N    -1  -2   3  -2   1  -2  -1   1   5  -4  -3  -3  -2   0   3  -2   0  -3   1  -3    5   2  15   2   4   1   3  12  17   1   2   1   1   5  16   2   5   0   6   1  0.47 0.29
  418 S     3  -1  -1   0   2  -1   1  -1  -1  -1  -2  -1  -2  -3  -2   2  -1  -3  -3   1   27   2   1   6   4   2  10   5   1   3   3   4   0   1   1  15   2   0   0  11  0.21 0.19
  419 R    -2   5  -2  -2  -4   1   0  -2  -1  -2   0   0  -2  -3   3  -1  -2   2  -3  -1    3  34   1   2   0   7   5   3   1   1   9   5   0   1  13   5   1   4   0   5  0.47 0.28
  420 T     0  -1   0   0   0  -1   2  -2  -3  -2  -2  -2  -3  -3  -3   2   4  -4  -2  -1    6   2   4   5   2   2  18   3   0   1   3   1   0   1   1  13  32   0   1   5  0.41 0.28
  421 P    -2  -2  -2  -2  -2  -1  -3   3  -2  -4  -4  -2  -4  -5   7  -2  -2  -4  -4  -4    2   2   2   2   1   3   1  24   1   1   2   2   0   1  51   2   2   0   0   1  1.31 0.51
  422 F     1  -3   0   0  -3  -2  -3  -3  -3  -1  -1  -3   6   5  -3  -2  -2   3   1  -1   11   1   4   6   0   2   1   1   0   2   2   1  24  30   1   2   2   3   3   4  0.72 0.36
  423 Q    -2   0  -2  -1  -4   6   1  -3   0  -3   1  -1  -2  -1   1  -1  -2   2  -3  -2    2   5   1   3   0  37   8   1   2   1  14   3   0   3   8   5   2   3   0   3  0.53 0.33
  424 W    -6  -3  -3  -7  -6  -1  -6  -6  -2  -6  -4  -6  -5  -1  -7  -6  -6  12  -1  -6    0   2   2   0   0   3   0   0   1   0   1   0   0   2   0   0   0  84   1   0  3.95 1.17
  425 D    -2   0   0   5  -4  -1   0  -3  -1   1  -2  -1  -2  -4  -4   2   0   1  -3  -3    1   5   3  39   0   2   5   1   1   9   4   2   1   0   0  17   6   2   1   1  0.58 0.36
  426 A     0  -1   3   5  -5   2   1  -2   0  -5  -5  -1  -1  -4   2   0  -2  -5  -3  -4    9   2  17  31   0   8   8   1   2   0   0   2   1   1  10   5   1   0   1   0  0.64 0.36
  427 S     0  -2  -1   4  -1   1   1   2   0  -4  -4  -2  -4  -3  -2   2  -1  -5  -4  -2    9   1   1  25   1   5   8  19   2   0   1   1   0   1   1  17   3   0   0   3  0.43 0.29
  428 K    -1   0   2   2  -1   0   0  -3   1  -2  -3   1  -1   1   1   1   1  -3   0  -1    2   5   9  14   1   4   6   0   4   1   1   9   2   6   6  13   8   0   3   3  0.19 0.16
  429 N    -2  -2   6   3  -2  -1  -2  -1   2  -3  -4  -1  -4  -4  -1   0  -1  -4  -1  -4    2   1  49  13   1   2   1   3   6   2   1   3   0   0   3   6   2   0   2   1  0.93 0.43
  430 A     4  -2  -2  -3   0   0  -1   0  -3   1  -2  -1  -2  -3   0   1  -1  -3  -2   0   41   1   1   1   1   5   4   8   0  10   2   2   0   0   3  11   2   0   1   6  0.36 0.26
  431 G     1  -2   0  -1  -3  -2   0   5  -2  -2  -3  -2  -2  -1  -2   0   0  -3  -3   0   10   1   5   3   0   1   7  43   0   2   2   2   0   3   1   5   5   0   1   8  0.48 0.23
  432 F    -3  -4  -4  -4  -2   1  -4  -2  -3  -3  -1  -4  -2   8  -4  -2  -3  -2   2  -2    1   1   1   1   1   7   1   3   0   1   5   1   0  66   1   3   1   0   5   2  1.43 0.51
  433 T     0   0   0  -2   2   2   0  -2  -2  -3  -3  -1  -3  -4  -3   4   3  -4  -3  -3    7   4   3   1   4  11   5   1   0   1   1   2   0   0   1  38  17   0   0   1  0.53 0.32
  434 S     0   3   0   3  -2   0   1  -1  -1  -2  -2   0  -2  -2  -1   1   1  -2  -2  -2   10  19   3  17   1   1  12   2   1   2   3   3   1   1   2   8  10   0   1   2  0.24 0.12
  435 G     2  -2   0  -1   0  -1  -1   3  -2  -2  -2  -1  -2  -1  -2   1  -1   0  -2  -1   20   2   3   4   2   1   4  30   1   2   3   3   1   3   2  12   2   2   1   4  0.29 0.14
  436 T    -1   0   2  -1  -2   0   1  -1   1  -2  -1   2  -1  -1  -1   1   2   1   0  -2    3   4  10   2   1   2   7   4   3   2   4  18   1   3   2  10  16   3   3   2  0.16 0.11
  437 P    -1   0  -1   1  -2  -1   0  -2  -2  -1  -2   1  -2  -2   5   0   2  -2  -1  -2    3   6   1   8   1   1   4   2   1   4   4  10   1   1  27   4  16   0   2   2  0.40 0.16
  438 W    -4  -5  -5  -5  -4  -4  -5   2  -4  -4  -2  -4  -1  -3   0  -3  -4  11  -2  -5    1   1   0   1   0   0   1  13   0   1   5   1   1   0   6   2   1  65   0   1  2.60 0.72
  439 L    -2  -1  -3  -3  -2  -2  -2  -3  -3   3   3  -2   2   1  -1  -3  -2   3  -2   1    3   3   1   1   0   1   3   1   0  21  38   2   6   6   3   1   1   4   0   5  0.40 0.21
  440 K     1   2   0   2  -3   0   0  -1  -2  -2  -2   0  -2  -2   3  -1   0  -3   0  -1   12  13   3  16   0   3   5   3   0   2   2   5   0   1  18   3   5   0   5   5  0.27 0.16
  441 I     0   0  -2  -3   4  -2  -2  -1   0   2   0  -1   0  -2  -3  -1   0  -3   0   3    8   5   2   1  11   0   2   5   3  10   9   3   1   0   1   3   4   0   3  28  0.20 0.15
  442 N     1  -1   6   1  -4  -2  -2   0  -1  -3  -3  -1  -3  -4   0   1   0  -4  -4  -3   14   3  47   7   0   0   1   5   1   2   2   2   0   0   4   9   4   0   0   1  0.72 0.35
  443 P    -2  -1   1   4  -4  -1   1  -1  -3  -1  -3   0  -3  -4   4   0  -2  -4  -4  -3    1   3   7  30   0   2   6   5   0   5   3   5   0   0  23   9   0   0   0   1  0.60 0.28
  444 N    -2   0   6   2  -4  -2   0   1  -2  -4  -4  -1  -3  -4   0   2  -1  -4  -3  -2    1   6  40  10   0   0   4   9   0   0   1   3   0   0   4  15   3   0   0   3  0.63 0.31
  445 Y    -2   1  -1  -3  -3  -2  -1   0   1  -3  -1  -2  -2   3  -3  -1  -1  -1   7  -1    3   8   2   1   0   1   3   8   3   1   4   2   0  11   1   4   3   0  41   4  0.66 0.31
  446 K    -1   1   2   0  -3   2   0  -2   4  -2  -2   2  -2  -1  -2   0   0  -3   0  -3    4   8  13   3   0  13   3   1  13   2   2  16   0   3   1   8   4   0   4   1  0.31 0.18
  447 E     0  -1   1   2  -3   0   2   0  -2  -2  -2   0  -1  -1   1   1   1   3  -2  -1    5   2   5  12   0   3  13   7   0   1   4   5   1   2   6  13  11   5   0   3  0.18 0.12
  448 I    -1  -2  -2  -4  -2  -3  -3  -4  -3   4   2  -3   1  -1  -3  -3  -2   0   1   4    3   2   2   1   0   1   1   1   0  24  20   1   2   0   1   1   1   1   6  33  0.50 0.24
  449 N     1  -2   6   0  -3  -2   1  -1  -2  -3  -2  -2  -3  -4  -3   1  -1  -4  -3  -3   13   1  48   2   0   0  10   3   0   1   4   1   0   0   1  11   3   0   0   1  0.71 0.32
  450 S     1  -1  -3  -4  -3  -1  -3  -3  -4   1   1  -2  -1  -3  -3   1  -2   1  -3   4   13   4   0   0   0   2   0   0   0   3  13   2   0   0   0  12   0   2   0  46  0.45 0.29
  451 A     1  -2  -1   2  -4   1   4  -3  -2  -1  -1   2  -2   0  -3   0  -2  -3   0  -3   13   0   2  12   0   3  36   0   0   4   5  12   0   4   0   5   0   0   3   0  0.40 0.24
  452 D     2  -2  -1   2  -2   0   2  -1  -2  -1   0  -1  -1  -2  -1   0   0  -3   0   0   28   0   1  12   0   4  14   3   0   1  14   2   0   0   2   3   4   0   3   7  0.17 0.16
  453 Q     2   1  -2  -2  -4   6   2  -3  -2  -4  -4  -1  -3  -5  -3   1  -2  -4  -4  -4   20   7   0   0   0  46  15   0   0   0   0   0   0   0   0   9   0   0   0   0  0.88 0.41
  454 I    -1   1  -1   1  -3   0   0  -2  -2  -1   1   1  -1   0  -2  -1   2  -3   0  -1    3  11   0  11   0   5   5   3   0   3  21  11   0   4   0   2  15   0   3   2  0.11 0.12
  455 N     1   1   2   0   1   0   1   2  -2  -2  -3   1  -2  -4  -2   0   0  -4  -3  -2   10   9  12   4   4   3  11  21   0   3   0  12   0   0   0   3   7   0   0   0  0.25 0.14
  456 N    -1  -3   3   6  -4   1  -1  -2  -3  -2  -1  -1  -3  -4  -1  -1  -1  -5  -4  -2    5   0  13  49   0   7   1   3   0   1   9   2   0   0   2   1   3   0   0   3  0.68 0.31
  457 P    -2  -1  -2   2  -4   1   0  -3   2  -3  -4   0  -3  -4   6   0  -1  -4  -3  -1    2   3   0  14   0   6   4   0   7   0   0   7   0   0  40   7   4   0   0   5  0.80 0.30
  458 N     1   0   2   2  -3   0   0   0   3  -3  -2   0  -2  -1  -2   1   0  -3  -1  -2   17   4  12  15   0   4   5   8   8   0   3   5   0   2   0  12   3   0   1   0  0.21 0.13
  459 S     0   0   0  -2  -3  -2  -1   0  -3  -4  -4  -2  -3  -4  -3   6   0  -4  -4  -4    5   5   3   0   0   0   3   7   0   0   0   0   0   0   0  70   3   0   0   0  0.94 0.43
  460 V    -1  -2  -4  -4  -3  -3  -4  -4   2   3   2  -3   0   2  -2  -2  -2  -3  -2   3    4   3   0   0   0   0   0   0   6  20  23   0   1   8   1   1   0   0   0  32  0.47 0.24
  461 F    -4  -4  -5  -6  -4  -4  -5  -6  -3   0   5  -5  -1   4  -5  -4  -3   1   4  -2    0   0   0   0   0   0   0   0   0   2  59   0   0  20   0   0   0   1  17   0  1.07 0.41
  462 N     0   1   4   0  -3   1   1  -2   3  -3  -3   0  -2  -1  -3   1   0  -3   2  -3    6   8  24   2   0   5   8   0   8   0   2   6   0   2   0  14   5   0  11   0  0.33 0.20
  463 Y    -2  -3  -3  -4  -3  -3  -4  -1   4   1   1  -4   0   5  -4  -3  -1   2   4   0    3   0   0   0   0   0   0   6  11   7  12   0   2  33   0   0   4   2  14   4  0.58 0.26
  464 Y    -1  -4  -2  -5  -4  -4  -4  -2   1   0  -2  -4  -3   3  -5  -3   0   5   7  -3    6   0   2   0   0   0   0   2   3   6   3   0   0   9   0   0   5   6  56   0  1.18 0.43
  465 R    -3   5  -2  -3  -5   4  -1  -4  -2  -4  -2   4  -1  -2  -3  -1  -1  -4  -3  -4    0  34   0   0   0  20   0   0   0   0   5  30   2   2   0   5   2   0   0   0  0.80 0.35
  466 K    -2   2   0   3  -4   1   0   0   3  -4  -4   3  -3  -4  -3   1  -1  -4  -3  -4    0  14   1  17   0   6   4   6   8   0   0  28   0   0   0  15   1   0   0   0  0.49 0.24
  467 L     0  -4  -5  -5  -3  -4  -4  -5  -4   0   5  -4   4   1  -5  -4  -3   3  -2  -1    7   0   0   0   0   0   0   0   0   0  69   0  13   7   0   0   0   4   0   0  0.95 0.37
  468 I    -2  -2  -4  -4  -3  -2  -4  -4  -4   5   2  -3   0  -2  -4  -1   1  -4  -3   1    2   2   0   0   0   2   0   0   0  46  25   0   0   0   0   6  12   0   0   6  0.57 0.27
  469 N     3   2  -1   0  -3   2   1  -1   0  -3  -2   2  -2  -4  -2   0  -1  -4  -3  -2   32  13   1   4   0  11   8   3   2   0   2  18   0   0   0   3   2   0   0   0  0.35 0.20
  470 I    -1  -4  -4  -5  -3  -1  -4  -5  -4   2   4  -4   0   3  -4  -3  -2  -3   0   2    5   0   0   0   0   4   0   0   0  13  49   0   0  13   0   0   0   0   2  15  0.57 0.25
  471 R    -4   8  -3  -4  -6  -1  -3  -5   0  -6  -5   1  -4  -5  -5  -3  -4  -5  -4  -5    0  94   0   0   0   0   0   0   2   0   0   4   0   0   0   0   0   0   0   0  2.05 0.59
  472 H    -1   3   1  -2  -4   2  -1  -1   3  -4  -4   5  -3  -4  -3   0  -2  -4  -3  -2    3  15   5   0   0   9   0   5   7   0   0  47   0   0   0   7   0   0   0   2  0.64 0.28
  473 D     0   0   0   0  -3   3   3  -2  -2  -3  -3   1   1  -4  -2   2   0  -4  -3  -3    9   4   4   4   0  14  26   0   0   0   0  10   5   0   0  16   7   0   0   0  0.38 0.20
  474 I    -3  -1   3  -2   0  -1   2  -3   7  -2  -1  -2  -2  -2  -4   0  -1  -2   4  -3    0   2  15   0   2   1  13   0  31   2   7   0   0   0   0   6   4   0  17   0  0.64 0.29
  475 P     1   1  -2   2  -4  -2   0  -3  -3  -4  -2   2  -3  -5   6  -1  -2  -5  -4  -3   13  10   0  11   0   0   4   0   0   0   3  13   0   0  44   1   0   0   0   0  0.92 0.29
  476 A     3  -3  -2   2  -2  -2   0  -2  -3   1  -2  -2  -2  -1  -2   0  -1   3  -2   1   38   0   0  16   0   0   7   0   0  10   0   0   0   3   0   6   2   4   0  14  0.28 0.18
  477 L    -3  -4  -5  -5  -3  -4  -4  -5  -4   1   5  -4   1   4  -4  -4  -3  -2  -1   0    0   0   0   0   0   0   0   0   0   6  66   0   1  22   0   0   0   0   0   5  0.85 0.28
  478 T     3  -2  -2  -3  -1  -2  -2  -2  -3   1   0  -2  -1  -2  -2   1   2  -3  -2   2   35   0   0   0   0   0   0   0   0   5   7   0   0   0   0   9  22   0   0  23  0.30 0.13
  479 Y    -2  -2  -2  -3  -3  -1  -2  -3   5  -2  -2  -2  -1   3  -3  -2  -2   5   6  -2    0   0   0   0   0   0   0   0  28   0   0   0   0  13   0   0   0  10  49   0  0.82 0.08

                      K         Lambda
Standard Ungapped    0.1373     0.3192
Standard Gapped      0.0385     0.2670
PSI Ungapped         0.1258     0.3176
PSI Gapped           0.0385     0.2670
