
Last position-specific scoring matrix computed, weighted observed percentages rounded down, information per position, and relative weight of gapless real matches to pseudocounts
            A   R   N   D   C   Q   E   G   H   I   L   K   M   F   P   S   T   W   Y   V   A   R   N   D   C   Q   E   G   H   I   L   K   M   F   P   S   T   W   Y   V
    1 D     0  -1   3   3  -2   0   0  -1  -1  -3  -3   0  -2  -3  -1   3   0  -4  -2  -3    0   0  25  26   0   0   0   0   0   0   0   0   0   0   0  50   0   0   0   0  0.45 0.03
    2 L    -2  -3  -4  -4  -2  -3  -3  -4  -3   1   4  -3   2   3  -3  -3  -2  -1   0   0    0   0   0   0   0   0   0   0   0   0  84   0   0  16   0   0   0   0   0   0  0.54 0.07
    3 I     0  -3  -3  -3  -1  -2  -3  -3  -3   3   2  -3   1  -1  -3  -2   0  -3  -2   3   11   0   0   0   0   0   0   0   0  22  24   0   0   0   0   0   7   0   0  36  0.32 0.07
    4 P    -2  -2  -2  -2   3   4  -1  -3  -2  -4  -3  -1  -3  -4   6  -2   0   4  -3  -3    0   0   0   0   8  26   0   0   0   0   0   0   0   0  52   0   8   6   0   0  1.19 0.23
    5 A     3  -2  -2  -2  -2  -2  -2   0  -3  -1  -2  -2  -2  -3  -2   1   3  -4  -3   1   44   0   0   0   0   0   0   6   0   0   0   0   0   0   0   6  33   0   0  11  0.45 0.18
    6 P     0  -3  -3  -3   2   0  -2   0  -3  -2  -1  -2  -2  -4   6   1  -2  -4  -3  -1    7   0   0   0   6   5   0   7   0   0   8   0   0   0  50  11   0   0   0   6  0.90 0.20
    7 P     2  -3  -3  -3  -3  -2  -2  -3  -3  -3  -3   0  -3  -4   6   0   2  -4  -4  -1   18   0   0   0   0   0   0   0   0   0   0   6   0   0  51   3  17   0   0   5  1.05 0.26
    8 L     0   1  -2  -2   2   1   1  -3  -2   1   1   0   1  -2  -1   0  -1  -3  -2   1    4   9   0   0   5   9  12   0   0   5  21   3   4   0   2   8   0   0   0  16  0.11 0.09
    9 S     3  -3  -2   1  -3  -2  -2   0  -3  -1  -2  -2   0  -4   5   2   0  -4  -3  -2   28   0   0   7   0   0   0   7   0   4   2   0   3   0  27  19   3   0   0   0  0.55 0.23
   10 K    -1  -1   2   3  -3   2   1  -2   0  -1  -2   0  -2  -3  -2   2   1  -3  -2  -1    0   0   9  18   0  14   9   0   3   3   3   4   0   0   0  18  12   0   0   6  0.28 0.15
   11 V     0  -3  -3  -2  -2  -3  -3  -3  -3   3  -1  -1   1   2   2  -1  -1  -3   0   3    9   0   0   2   0   0   0   0   0  20   0   3   3  13  10   2   2   0   3  31  0.32 0.18
   12 P     0   0  -2  -3  -4   3  -1  -3  -3  -4  -3   1  -1  -4   5   1   0  -5  -4  -2    9   3   0   0   0  17   2   0   0   0   2   7   2   0  37  14   6   0   0   2  0.77 0.30
   13 L    -1  -3  -1  -4  -3  -1  -3  -2  -4   1   1  -3   2  -2   0  -2   1   2  -3   4    4   1   3   0   0   3   0   3   0   4  13   0   5   0   4   0  11   3   0  45  0.40 0.25
   14 Q    -3   0  -3  -1  -4   6   0  -4  -2  -2  -1   1   5  -4  -3  -2  -2  -4  -3   1    0   5   0   3   0  42   3   0   0   0   3   9  18   0   0   0   2   0   0  14  0.74 0.39
   15 Q    -2   1   0   1  -4   2   3  -1  -2  -4  -4   1  -3  -5   4   0  -1  -4  -4  -3    1   9   3   9   0  12  23   4   0   0   0   8   0   0  20   6   4   0   0   2  0.52 0.25
   16 N    -4  -1   7   3  -5  -2   0   0  -2  -6  -6  -1  -5  -6  -4   0  -1  -6  -5  -5    0   3  63  16   0   0   4   7   0   0   0   2   0   0   0   4   2   0   0   0  1.32 0.52
   17 F    -5  -5  -6  -6  -5  -2  -6  -6  -4  -2   2  -5  -2   8  -6  -5  -5  -2   1  -3    0   0   0   0   0   3   0   0   0   1  20   0   0  73   0   0   0   0   3   0  1.80 0.61
   18 Q    -4  -2   3   6  -6   2   2  -4  -3  -4  -6  -3  -5  -6  -4  -2  -3  -1  -5  -5    0   1  17  58   0  11  10   0   0   1   0   0   0   0   0   2   0   1   0   0  1.36 0.55
   19 D     0  -1  -1  -1  -3   0   1  -2  -3   1   1   0   0  -1   2  -1  -1   3  -2   1   10   3   2   2   0   4  15   1   0   7  14   4   1   2  10   3   2   5   0  16  0.15 0.14
   20 N     0  -1   3   2  -4   2   3  -2  -1  -4  -4   1  -3  -2  -2   2  -1  -4  -3  -2    7   2  16   9   0  11  18   2   1   0   0   9   0   2   1  18   1   0   0   2  0.41 0.26
   21 Q    -2   4   1  -1  -6   3   1  -4  -3  -5  -3   5  -4  -5  -4  -3  -3  -5  -4  -5    1  22   5   2   0  14   9   0   0   0   2  43   0   0   0   0   0   0   0   0  0.96 0.47
   22 F    -4  -5  -5  -6  -4  -5  -5  -6  -3   3   2  -5  -2   5  -5  -4  -2  -2   5   2    0   0   0   0   0   0   0   0   0  18  16   0   0  29   0   0   2   0  23  13  1.00 0.45
   23 H     2  -2   0  -3  -3   1  -1  -3   0  -2   1  -1  -2  -2  -1   3   0  -4   0  -1   17   1   6   0   0   7   2   0   3   1  20   2   0   1   2  27   4   0   4   4  0.25 0.26
   24 G    -3  -3  -4  -5  -6  -5  -6   7  -6  -8  -7  -5  -6  -7  -6  -4  -5  -6  -7  -7    0   2   0   0   0   0   0  98   0   0   0   0   0   0   0   0   0   0   0   0  2.49 0.86
   25 K    -3   3  -3  -1  -4  -2   1  -4  -1  -3  -3   4  -2   0   0  -2   3  -5  -2  -1    0  18   0   2   0   0   9   0   1   1   2  28   1   5   4   1  23   0   1   5  0.53 0.38
   26 W    -7  -7  -9  -9  -7  -7  -8  -7  -7  -7  -6  -8  -6  -4  -9  -8  -7  13   1  -8    0   0   0   0   0   0   0   0   0   0   0   0   0   0   0   0   0  96   4   0  4.89 1.41
   27 Y    -5  -1  -5  -6  -6  -5  -5  -6   5  -2  -2  -3  -4   5  -6  -5  -5   1   8  -4    0   3   0   0   0   0   0   0  13   1   3   1   0  23   0   0   0   2  54   0  1.87 0.74
   28 Q     0  -2   0  -1  -3   0   2  -2  -1   0   0  -2  -1  -1  -2   2   2  -4  -3   1    7   1   3   1   0   3  16   2   1   6  11   0   0   3   1  18  12   0   0  13  0.17 0.20
   29 V    -1  -3  -4  -3  -3  -1  -4  -5  -4   4   2   1   3  -3  -4  -1  -1  -5  -3   3    3   0   0   1   0   2   0   0   0  29  15  10   8   0   0   4   2   0   0  25  0.57 0.35
   30 G     5  -3  -4  -4  -3  -3   0   2   0  -2  -2  -3  -2  -1  -4  -1  -3  -4   1   0   51   1   0   0   0   0   7  18   2   1   3   0   1   2   0   2   0   0   6   6  0.65 0.43
   31 R     0   0  -3  -3  -3  -2  -1  -4  -3   2   2   1   4   0  -3  -2  -1  -3  -2   1    8   5   0   0   0   0   3   1   0  15  25  11  15   3   0   1   3   0   0   8  0.33 0.24
   32 A     5  -3  -4  -4  -3  -3  -3   0  -4   1  -2  -1  -3  -4  -3  -2   0  -4  -1   2   59   0   0   0   0   0   0   5   0   8   2   3   0   0   0   0   5   0   2  12  0.76 0.44
   33 G     1  -3  -2   1  -3  -2  -1   1  -1  -3  -3  -2  -3  -2   1   4   0   1  -3   0   13   0   0  10   0   0   3  10   1   0   1   0   0   2   8  36   5   2   0   6  0.41 0.30
   34 N    -1   0   4   4  -4   0  -1  -3   0  -4  -4   0  -3  -4   0   2  -1  -4  -2  -2    4   4  24  30   0   3   1   1   2   1   1   6   0   0   3  14   2   0   1   4  0.58 0.33
   35 A     0   0   1   2   2  -1   1  -1  -2  -2  -2   2   0  -2  -1   2   1  -3  -1  -1    9   3   7  10   5   1   7   3   0   0   2  13   2   2   1  16  11   0   2   3  0.17 0.15
   36 A    -1   2  -1  -1   2   1   0  -1  -1   0  -1   1   0   2  -1   0  -1  -2   0   0    1  14   1   2   5   5   8   5   1   7   5  10   3  12   3   7   1   0   3   6  0.08 0.11
   37 P    -2  -1  -1   1  -4   1   4  -1  -2  -2  -2   1  -3   2   1   0  -1   3  -2  -2    1   2   1   7   0   7  30   4   0   3   4   9   0   9   6   8   2   5   0   2  0.34 0.27
   38 P    -3   1  -2  -4  -4  -2  -2  -4   2  -3   1   3  -2   4   3  -3  -3   3   0  -1    0   6   2   0   0   0   2   0   5   0  14  25   0  22  13   0   0   4   3   4  0.54 0.36
   39 M    -2   0  -2   0   0   0   1  -1  -3   3   2  -1   1  -2   0  -1  -2  -3  -1   0    1   7   0   5   2   4  14   4   0  22  20   1   4   0   4   5   0   0   2   5  0.16 0.18
   40 D     0   0  -2   1  -4   2   4  -1   1  -2  -2   1  -3  -1   0  -1   0  -4  -1  -2    7   4   0   9   0   9  31   5   4   2   3   9   0   2   3   2   5   0   2   3  0.31 0.23
   41 P     0   3  -1   0  -1   1   3  -2  -2  -4  -4   3   0  -4   0  -1  -1  -4  -2  -3    7  17   1   4   2   6  26   2   0   0   1  20   3   0   5   2   2   0   2   0  0.47 0.29
   42 E     0   0   3   2   1   0   0   2   2   0  -3   1  -2  -1  -2  -1  -1  -3  -2  -2    8   4  16  10   4   3   4  18   6   9   1   8   0   3   1   1   2   0   0   2  0.19 0.17
   43 L    -1  -1  -2  -1  -3   0  -1   0   1  -1   1   1   2   0   3   0  -1  -3  -1  -1    5   2   0   2   0   5   3   7   4   4  15  11   7   4  15   8   3   0   2   4  0.14 0.13
   44 L    -1   3  -2   0  -3  -1   0  -2   0  -1   2   0   1   2  -3  -1  -1   0  -1  -1    4  20   1   5   0   2   5   3   2   3  26   4   4   9   0   4   2   1   2   4  0.17 0.18
   45 L     0   2   2   1  -3   0   0  -3  -1  -1   0   2  -1  -3  -3   1   0  -4  -3   0    9  14  14   6   0   3   3   0   1   4   8  12   2   0   0  11   6   0   0   6  0.18 0.17
   46 L    -1  -3  -2  -4   1   0  -1  -3  -3   0   0   0   5   3  -3  -1  -2  -3   0   2    4   0   2   0   3   5   5   1   0   2   7   7  22  15   1   4   0   0   3  17  0.36 0.29
   47 T     0  -3  -2   0   2  -2  -2  -2  -1   1  -1  -3   2   3   0   0   0  -2   4   1    7   0   1   8   5   1   1   3   1   8   1   0   6  12   4   8   5   0  18  12  0.23 0.22
   48 A     0  -1   0  -1   1   1   0  -1  -1   1  -1  -1   2   0   1   0   2  -3  -1   1    6   2   5   1   3   7   6   4   1   9   0   4   9   4   8   6  15   0   2  10  0.10 0.14
   49 Q     1   1   0  -1  -2   1   0  -1   0   0  -1   0  -1  -2   1   1   1  -3  -1   0   14   8   3   2   0   6   6   4   2   5   6   6   1   0   6  10  10   0   3   7  0.08 0.09
   50 T    -1  -1   1  -2  -3  -1   1  -3   3   2   0  -1   2  -1  -3   0   2  -4  -2   1    2   3   7   0   0   0  13   1   8  14   6   3   6   2   0   7  14   0   0  13  0.18 0.19
   51 Y    -1  -2  -2  -2  -3  -3  -2  -4   2   2   2  -2   1   1  -4  -1  -1  -2   3   2    4   1   1   2   0   0   3   0   6  15  19   2   3   7   0   3   2   0  13  18  0.28 0.21
   52 E     0   1   0  -1   0  -1   2  -3  -2   0  -2   1   0  -2  -3   1   1  -3  -1   1    9   7   5   1   3   1  14   0   0   5   1  11   2   2   0   9  12   0   2  16  0.15 0.17
   53 L     0  -2  -3  -3   2  -2  -1  -4   0   0   3  -2  -1   1   3  -2  -1  -3   1   1    8   1   0   0   6   2   4   0   2   5  30   2   0   7  13   0   3   0   6   9  0.28 0.21
   54 K    -1   1   0  -1  -3   0   0  -2  -1  -1   1   0   0  -2   0   0   2  -3  -1  -1    2   7   3   3   0   4   7   3   1   2  22   6   3   0   5   8  17   0   1   3  0.11 0.14
   55 E    -1  -2   3   2  -4   0   3  -1  -2  -3  -4   2  -3  -5   2  -1   1  -5  -4  -1    3   0  14  12   0   3  25   4   0   1   0  11   0   0  11   1   8   0   0   5  0.46 0.31
   56 D    -3  -2   4   4   0  -1   3   1  -3  -5  -5  -2  -5  -5  -2   0  -1  -6  -5  -3    0   1  20  27   3   1  24  11   0   0   0   1   0   0   2   6   3   0   0   1  0.75 0.42
   57 K    -1  -2   2   1  -4   0   0   5  -3  -5  -3   1  -4  -5  -4   0  -1  -5  -1  -4    4   1   9   8   0   3   6  47   0   0   3   8   0   0   0   6   4   0   2   0  0.67 0.37
   58 S    -1  -1   4   1  -4   1   2   2  -1  -4  -2   0  -3  -4  -3   2   0  -4  -3  -3    4   2  21   7   0   5  12  14   1   0   5   6   0   0   0  15   6   0   0   2  0.35 0.25
   59 Y    -4  -5  -5  -6  -4  -4  -5  -2  -4   3   4  -5   5   2  -2  -3  -3  -3   1   0    0   0   0   0   0   0   0   4   0  14  49   0  14   9   2   1   0   0   4   3  0.83 0.44
   60 D     0   0   2   0  -5   1   3  -3   1  -3  -4   3  -4  -5  -3   1  -1  -5  -4  -3    8   4  12   3   0   6  25   0   4   1   0  23   0   0   0  10   2   0   0   1  0.54 0.35
   61 V     1  -4  -4  -3  -3  -4  -3  -1  -4   2   2  -4   1   1  -2  -2  -1  -4  -3   4   10   0   0   1   0   0   1   4   0  12  18   0   3   7   1   1   4   0   0  37  0.45 0.30
   62 T    -2   1  -2   0  -3  -2  -2  -4   2   1   0   1  -2  -1  -3   1   4  -1   1   0    0   6   0   4   0   1   0   0   5   8  11  10   0   1   0  10  31   1   4   6  0.31 0.29
   63 A     0  -2   2  -2  -3  -1  -1  -2  -1   0   0  -2  -1   4  -3   1   1  -3   0  -1   10   1  14   0   0   1   4   1   1   7   9   1   1  22   0  12  11   0   1   2  0.25 0.23
   64 V     0   0  -1  -3  -3   1  -1  -2   2  -1  -1   0  -2   0  -3   1   4  -3   2   0    7   6   3   0   0   6   2   2   5   2   4   4   0   3   0   9  32   0   9   5  0.30 0.27
   65 R    -1   1  -1  -3  -3   0   0   0   2  -1   0   0   2   3  -3  -2   0  -2   1   0    5  10   1   0   0   5   6   8   7   3   8   7   7  17   0   0   6   0   4   7  0.14 0.17
   66 F    -2   0   0  -3  -3  -1  -1  -2   0   0   1   2   1   1   0  -2   0   4   2   0    1   5   4   0   0   1   2   3   3   4  15  16   5   6   5   1   7   8   7   6  0.16 0.16
   67 R    -2   4   1  -1  -4   0   1   0  -2   1  -1   1   0  -3  -3   0   0  -4  -3   0    1  29   8   2   0   3   8   6   0  10   5   8   2   0   0   6   4   0   0   6  0.29 0.24
   68 K    -2   1   3   3  -4   0   1   1   1  -4  -3   1  -3  -4   0  -1  -2  -1  -2  -2    2   9  14  22   0   4   9  10   3   0   2  11   0   0   5   2   1   1   1   3  0.35 0.24
   69 K    -3  -2   2   3  -5   0   1   5  -2  -6  -6   1  -5  -6  -4  -2  -3  -5  -5  -5    0   1  10  19   0   5  10  42   1   0   0  11   0   0   0   1   0   0   0   0  0.88 0.45
   70 M    -2   1  -1  -1  -4   3   1   1   2   1  -2   0   1  -3  -3  -1   0  -4  -3   1    0   8   2   2   0  17  11  12   7   8   1   5   5   0   0   2   7   0   0  10  0.23 0.23
   71 C    -4  -7  -6  -7  11  -6  -2  -3  -6  -5  -4  -6  -5  -6  -6  -5  -5   1  -6  -1    0   0   0   0  85   0   4   2   0   0   1   0   0   0   0   0   0   2   0   4  3.29 1.05
   72 E     1   0   1  -1  -3   2   2  -3  -2   0  -2   0  -2  -3  -3   0   0   2  -1   2   10   5   7   3   0  13  17   0   0   4   3   3   0   0   0   8   4   3   2  17  0.20 0.21
   73 Y    -2  -2   0   1  -4   3   4  -4  -2  -4  -2   1  -3  -1  -1  -1   1   1   2  -3    2   0   4   6   0  16  31   0   0   0   4   8   0   3   3   2  10   2   7   1  0.47 0.33
   74 L    -2   0   0  -3  -3  -1  -1  -4   1   2   0   1   3   0  -3  -1   0   4  -2   2    2   6   4   0   0   2   3   0   3  16   6  11  12   4   0   3   6   6   0  14  0.22 0.21
   75 T    -1   0   0   0  -3  -1   2  -2  -2  -1  -3   2  -1  -1  -2   2   2  -4   0   0    2   3   3   5   0   0  13   1   0   4   0  14   2   3   1  20  17   0   4   8  0.23 0.23
   76 M     0  -1  -1  -3  -3  -1  -2   2  -3   1   1  -2   3  -1  -3  -2   1  -3   0   1    8   3   3   0   0   3   2  22   0   8  14   0  10   2   0   0   9   0   3  14  0.21 0.20
   77 T    -1  -1  -3  -2  -3  -1   1  -4   0   1   1  -1   1  -2  -3  -2   3  -4  -2   3    3   4   0   1   0   2  13   0   3   5  13   3   3   1   0   1  22   0   1  24  0.28 0.26
   78 F     3  -4  -4  -5   1  -4  -4  -1  -3  -2   3  -2   1   3  -4  -2  -3  -3   3  -2   27   0   0   0   3   0   0   5   0   0  31   2   4  15   0   1   0   0  13   0  0.59 0.40
   79 V    -2   1  -2   1  -4   2   3   0   0   0  -1   1  -2  -1  -3  -1   1  -3   0  -1    0   6   0   7   0  11  21   6   2   7   5  11   0   2   0   1  11   0   4   5  0.22 0.22
   80 P    -3   0  -1   0  -5   0   0  -3   0  -5  -4   6  -4   1   4  -3  -2  -5  -4  -5    1   3   3   5   0   4   5   1   2   0   1  49   0   6  18   0   1   0   0   0  0.89 0.49
   81 S     0  -1  -3  -2  -3   1  -2   0  -4  -1  -3  -3   0  -4  -4   0   6  -5  -4   0    8   3   0   2   0   6   1   7   0   3   0   0   2   0   0   5  54   0   0   7  0.77 0.47
   82 P    -1   0   2   3  -2  -1   3   2   0  -3  -4   0  -3  -4  -1   1  -1  -5  -4  -4    4   6  10  15   1   1  23  15   3   2   0   6   0   0   2   9   3   0   0   0  0.39 0.26
   83 Q    -1  -1  -1   2  -2   1   3  -2  -2  -1  -2   3  -2  -4   0   0   0  -4  -3   0    3   2   2  11   1   5  25   2   0   3   3  19   1   0   5   5   7   0   0   6  0.30 0.23
   84 P     0  -2   1   3  -5  -3   0  -1  -4  -5  -3  -2  -4  -5   6  -1  -3  -5  -5  -4    9   2   7  16   0   0   6   4   0   0   2   2   0   0  47   4   0   0   0   0  1.11 0.48
   85 G     2  -1  -2  -4  -4  -3  -4   6  -4  -5  -5   0  -4  -1  -2  -2  -1   1  -4  -3   20   4   1   0   0   0   0  56   0   0   0   5   0   2   2   1   4   2   0   1  0.96 0.46
   86 E    -2   1  -1  -2   2   3   2  -4   1  -1  -3   4  -1  -4  -3  -1   1  -4  -1   0    0   7   2   0   5  12  14   0   3   3   0  30   1   0   0   2   8   0   2  10  0.42 0.31
   87 F    -3  -5  -5  -6  -5  -5  -5  -2  -3  -1   0  -5  -3   7  -6  -5  -4  -2   6  -3    3   0   0   0   0   0   0   3   0   4   7   0   0  48   0   0   0   0  32   1  1.58 0.63
   88 T    -1  -1  -1  -2  -3  -1   0  -1  -1  -1   0   2  -2  -1  -3   2   3  -3  -1  -2    4   2   1   1   0   2   4   3   2   3  10  19   0   3   0  19  23   0   2   1  0.26 0.24
   89 L     0  -1  -3  -3  -2  -2  -3  -3  -2   2   2  -1   2   0  -3  -2   0  -2   4   2    9   4   1   1   0   0   1   1   0  10  18   3   7   1   1   1   6   0  15  20  0.30 0.22
   90 G    -1  -1   2   1  -2   0  -1  -1   2  -2  -2   0   0   1  -2   0   1   1   3  -1    4   2  12   8   0   4   3   5   5   1   2   6   4   5   1   8  10   2  14   4  0.14 0.12
   91 N     0   0   1  -1  -2  -1   0   0   2  -1  -2   0  -1   1   1   0  -1  -1   3   0    5   6   6   3   1   1   8   7   5   4   2   6   1   6   8   8   2   0  14   6  0.11 0.09
   92 I    -1   0  -1   0  -2   0   0   1   0  -1  -1   0  -1  -1   2   1   0  -2  -1  -1    2   6   1   4   0   3   5  14   3   5   7   4   1   4  10  17   6   0   2   5  0.09 0.08
   93 K     0   0   0   0  -2   0   0   1   2  -1   0   2  -1  -1  -1   0   0  -2  -1   0    8   5   2   4   0   3   3  14   7   3   9  17   1   3   2   7   4   0   1   7  0.07 0.08
   94 N    -1   1   1  -1  -3   1   2  -2   0  -3  -2   1  -2   0   1   0   1   5  -1  -2    4   9   6   1   0   6  18   1   2   1   3   7   0   5   7   8   9  10   1   1  0.28 0.18
   95 Y    -2  -2   3  -1  -3  -2  -2   1   1  -2  -1  -1  -1   3  -3  -1  -2  -1   5  -1    2   2  18   3   0   1   1  10   3   1   6   4   1  13   1   2   1   0  26   4  0.44 0.24
   96 P     0  -2  -1   2  -2  -1   0  -1  -2   0  -1   0   0  -1   3  -1  -1   6   1  -1    7   2   1  13   1   3   4   4   1   8   5   5   3   1  18   2   3  11   5   4  0.32 0.15
   97 G     0  -1  -1  -1   1   1  -1   4   0  -2  -2  -1  -2   1  -1   0   0  -2   0  -1    9   3   1   3   3   6   2  35   2   3   3   2   1   7   3   7   6   0   3   3  0.28 0.15
   98 L     0  -1   0  -1  -2   0  -1   0   0   0   0   0   1   1  -1   0   0  -1   1   1   10   3   5   3   0   3   2   6   3   5   9   5   6   6   1   6   3   0   6  16  0.02 0.05
   99 T     0  -1   3   0  -2   1   1   1   0  -2  -2   0  -1  -2   0   0   1  -3  -1  -2   10   2  18   5   0   5   9  13   3   1   4   4   1   1   4   6   9   0   2   2  0.17 0.12
  100 S     0   0  -1   0  -2  -1   0   1  -1   0  -1   0  -1  -2   0   2   2  -2   0   0    7   5   2   4   0   1   4   9   1   5   4   7   1   1   5  16  15   0   3   8  0.10 0.09
  101 Y     0  -2  -1  -1  -3  -2   0  -1   3  -2   0  -1  -1   4  -2   0  -2  -1   4  -1    7   1   2   2   0   1   5   4   7   1   8   4   1  22   1   7   1   0  20   3  0.35 0.20
  102 F    -1  -1   1   1  -2   1   2  -2   2  -1  -1   0  -1   0   1   0   0  -2   0   0    4   1   9  10   0   5  14   2   7   2   6   5   0   4   8   6   4   0   4   8  0.12 0.10
  103 V    -1  -1  -2  -2  -2  -1  -1  -3   3   2   1  -1   0   0  -1  -2  -1  -2   2   3    4   2   1   1   0   3   3   2   9  10  12   3   2   3   3   2   3   0   8  28  0.20 0.15
  104 R    -1   2  -1  -2  -2   0   0  -2   0   1   0   0  -1   0  -1   1   0   6   0   0    3  14   2   1   0   4   5   1   2   8   8   4   0   3   2  12   6  11   3   8  0.19 0.15
  105 V    -1  -4  -4  -4  -3  -4  -4  -4  -1   4   0  -4   0  -2  -4  -3  -2  -4   0   5    4   0   0   0   0   0   1   1   2  21   8   0   2   0   0   2   1   0   3  53  0.88 0.42
  106 V     0  -3  -4  -4  -3  -3  -1  -4  -4   2   3  -2   1  -1  -1  -2  -2  -4  -3   4   10   0   0   0   0   0   4   0   0  13  30   1   3   2   2   3   0   0   0  29  0.46 0.29
  107 S     1   0  -2   3  -4  -1   3  -2   2  -4  -2   1  -2  -3  -1   1  -1  -4  -3  -3   14   4   0  21   0   0  24   1   5   0   3  10   1   1   2  10   2   0   0   0  0.43 0.29
  108 T    -2   0  -3  -2  -3  -3  -2  -3  -4  -2  -2  -2  -3  -2  -3   1   7  -4  -4  -2    1   6   0   2   0   0   2   2   0   2   3   2   0   2   1   8  67   0   0   2  1.12 0.55
  109 N    -3  -3   2   7  -5  -2   0  -3   1  -5  -5  -1  -4  -5  -4   0  -3  -5  -4  -4    2   0  11  63   0   0   4   1   4   0   1   4   0   0   0   7   1   0   0   1  1.33 0.55
  110 Y    -4  -2  -1  -4  -4  -3  -3  -4   1  -3  -3  -2  -2   0   0  -4  -4  -1   9  -1    1   2   3   1   0   1   2   1   3   1   1   2   1   2   4   1   1   0  68   5  1.70 0.64
  111 N    -2   0   1   5  -4   1   3  -1  -1  -3  -3   2  -2  -4  -3  -1  -1  -4  -3  -3    2   4   5  34   0   4  20   4   1   1   2  12   1   0   1   3   3   0   0   2  0.57 0.30
  112 Q    -1   0   4   2  -4   1   2  -3   2  -4  -3   0  -2  -4  -3   1   2  -5  -3  -4    4   3  25  12   0   5  13   0   6   0   1   6   1   0   0  10  13   0   0   0  0.49 0.31
  113 H    -3  -4  -4  -5  -5  -4  -5  -3   5  -3  -4  -5  -1   5  -5  -4  -2  -2   8  -4    2   0   0   0   0   0   0   2  13   1   0   0   2  19   0   0   2   0  57   0  1.81 0.71
  114 A     4  -3  -3  -4  -3  -3  -3  -1  -3   1   1  -2   2  -1  -3  -1  -1   2   1   0   44   0   0   0   0   0   0   3   0  10  15   2   5   1   0   3   2   3   5   4  0.46 0.32
  115 M    -3  -4  -5  -5   0  -4  -5  -5  -5   5   3  -3   4   1  -5  -4  -1  -4  -3   1    0   0   0   0   2   0   0   0   0  36  29   1  11   5   0   0   4   0   0   9  0.82 0.41
  116 V    -1  -4  -4  -5  -3  -2  -3  -2  -1   2   2  -4   2   5  -4  -3  -1  -3  -1   3    4   0   0   0   0   2   1   4   2  10  21   0   4  27   0   0   4   0   0  20  0.52 0.32
  117 F    -4  -4  -4  -2   4  -4  -4  -5   4  -1   0  -4  -3   4  -5  -1  -4  -2   7  -3    0   0   0   2   9   0   0   0  12   3   8   0   0  14   0   5   0   0  45   1  1.25 0.56
  118 F    -1  -3   0  -1   4  -3  -3  -2  -3  -1   2  -3   2   1  -3   2   2  -3   0  -1    3   0   5   3  12   0   1   2   0   3  19   0   7   6   0  22  12   0   3   2  0.31 0.27
  119 K    -1   0  -2  -1   4   1   3  -4   0   1   0   1  -1  -1  -2  -2   0  -3   1   0    3   5   1   1  10   7  21   0   2   9   8  11   1   2   1   1   4   0   5   8  0.21 0.20
  120 K    -2   2   5   0  -4  -1  -2   1  -2  -1  -2   3  -2  -4  -3   0  -1  -5  -4  -3    2  11  30   4   0   1   0  12   0   5   5  20   1   0   0   6   2   0   0   0  0.50 0.33
  121 V     0  -1  -1   0  -3   1   2  -1   0  -1  -1   0   0   1  -2   0   1  -2   1   1    5   2   1   5   0   8  15   5   2   2   5   5   2   9   1   6  11   0   5  12  0.08 0.12
  122 Q    -1   1   0   2  -1  -1   0  -3   1  -1   0   2  -1   0  -1   0   0  -3  -1  -1    4  10   3  15   1   1   3   0   3   3   8  20   1   5   2   7   8   0   1   5  0.14 0.15
  123 Q     0   0   1   2   0   1   1   2   3  -3  -3   0  -3   0  -3   0  -1  -4  -1  -3    8   4   6  15   2   5   7  17   8   1   1   7   0   6   0   8   2   0   1   0  0.23 0.19
  124 N    -1   0   1   1  -4  -1   1   4   3  -3  -3  -1  -3  -4   2   0  -1  -4  -3  -4    2   5   8   6   0   2   8  35   7   1   2   3   0   0  10   6   4   0   0   0  0.47 0.28
  125 R     0   2  -1   0   1   2   2   1   1  -2  -2   1  -1  -3   0  -1   0   0  -1  -1    6  12   0   4   3   9  13  13   5   1   2  10   2   0   4   3   4   1   2   4  0.17 0.15
  126 E    -1   0   1   1  -3   2   1   0   1  -1  -2   1  -1  -3   2  -1   1  -4  -3  -1    4   4   8  10   0  13   7   6   4   3   4  10   2   0   9   1   9   0   0   6  0.17 0.15
  127 Y    -2   0   0   1  -1  -1  -2  -3   0   0  -1  -1  -1   3  -3   1   2  -2   2  -1    1   6   5   7   2   1   2   1   2   5   3   2   1  17   1  13  18   0   9   4  0.22 0.20
  128 F    -1   1   0  -1   0   2   0  -2   2   0   1   0   0   1  -3  -1   0  -2  -1   0    2  10   5   3   2  13   4   2   7   4  15   6   2   9   0   2   6   0   1   6  0.10 0.13
  129 S     0   0  -1  -3   0  -2  -2  -1  -2   0   1  -1   4   1  -3   0   1   0   2   1    5   6   3   0   3   0   2   5   0   5  10   3  17   5   0   8   9   1   8  10  0.14 0.16
  130 I     2  -4  -4  -2   3  -3  -4  -2  -4   1   2  -4   4  -2  -4  -1  -1  -4  -3   3   20   0   0   3   7   0   0   3   0   8  17   0  15   1   0   3   3   0   0  20  0.43 0.31
  131 S    -1  -1  -1  -3  -4   2   1  -2   0  -3  -1   3  -2   0  -3   1   1   6  -1  -2    3   2   1   0   0  12  10   2   2   0   8  20   0   5   0   9  10  11   1   2  0.36 0.28
  132 L    -4  -5  -5  -6   2  -4  -5  -3  -2   2   5  -5  -1   0  -5  -4  -3  -4   0   2    0   0   0   0   4   0   0   2   1  12  60   0   0   3   0   1   0   0   4  12  0.92 0.46
  133 L    -2  -5  -5  -6  -4  -4  -5  -5  -3  -1   3  -5   0   4  -5  -3  -4  -2   7   1    3   0   0   0   0   0   0   0   0   3  28   0   2  15   0   2   0   0  36  10  1.05 0.50
  134 G     2  -3  -1  -3  -4  -3  -2   5  -1  -5  -5  -3  -4  -5  -4   3  -2  -5  -5  -1   15   1   1   0   0   0   1  44   1   0   0   0   0   0   0  29   1   0   0   4  0.91 0.48
  135 R    -5   8  -4  -5  -7  -3  -4  -6  -1  -6  -4   2  -5  -6  -1  -4  -5  -6  -5  -6    0  82   0   0   0   0   0   0   1   0   1  11   0   0   4   0   0   0   0   0  2.13 0.83
  136 T    -2   1   2   2  -4  -1   1   1   0  -3  -4  -1  -3  -4  -3   1   4  -4  -2  -2    1   8  12  11   0   2   8   9   2   1   0   3   0   0   0  11  27   0   1   2  0.38 0.29
  137 K    -3  -3  -1  -2  -5   2   0  -4  -4  -2   0   1  -1  -5   6  -1   0   2  -4  -4    1   1   3   1   0   9   6   0   0   2  11   7   1   0  45   4   7   3   0   0  0.93 0.46
  138 E    -1  -2   1   4  -4   1   2  -1  -2  -3  -2   0  -2  -4   0   0   2  -4   0  -1    3   1   8  23   0   7  15   3   0   0   3   6   1   0   3   7  14   0   3   4  0.34 0.24
  139 L    -1  -2  -1  -2  -3  -2   0  -4  -3   2   3  -2   0  -1   0  -1   0  -3  -2   2    4   1   4   1   0   1   7   0   0  11  33   2   1   2   6   4   4   0   0  19  0.26 0.21
  140 A    -2   1   4   1  -4  -1   0  -1  -3  -4  -4  -1  -4  -5   2   3   1  -5  -4  -4    1   9  20   7   0   1   5   4   0   0   0   2   0   0   9  29  10   0   0   0  0.54 0.35
  141 S    -1  -1   1   2  -4   1   1   0   0  -2  -1  -1  -3  -2   5   0  -2  -5  -4  -4    3   3   7  15   0   8   7   6   2   2   6   2   0   2  29   8   0   0   0   0  0.52 0.30
  142 E    -2  -3  -2   2  -5   1   6  -2  -3  -5  -5   1  -4  -3  -1   0  -1  -5  -4  -5    3   0   0  12   0   5  52   3   0   0   0  10   0   2   2   8   3   0   0   0  0.92 0.48
  143 L     2  -3  -3  -2  -2   0  -1  -1  -2   2   1  -2   0  -1  -3  -1   1  -3  -2   2   24   0   0   2   0   5   3   3   1  13  17   2   1   3   0   3  10   0   0  14  0.21 0.20
  144 K    -3   1  -2  -4  -4  -1  -3  -5  -4   1   3   4   4  -2  -4  -3  -2  -4  -3   0    0   7   1   0   0   2   0   0   0   8  35  27  12   1   0   0   1   0   0   4  0.60 0.38
  145 E    -1  -1  -1   2  -5   2   5  -1  -3  -5  -4   1  -4  -5  -2  -1  -1   0  -2  -4    4   3   3  10   0  10  50   4   0   0   1   7   0   0   1   2   3   2   1   0  0.81 0.44
  146 N    -1   1   0   1  -4   0   3  -2   0  -1  -2   4  -1  -4  -3  -1  -1  -4   0   0    3   7   4   9   0   3  20   2   2   3   2  29   2   0   0   2   2   0   3   7  0.36 0.26
  147 F    -5  -6  -6  -6  -5  -6  -6  -6  -4  -3   0  -6   1   9  -6  -5  -2  -3   2  -2    0   0   0   0   0   0   0   0   0   0   7   0   3  81   0   0   2   0   4   2  2.20 0.77
  148 I     0   2   0  -1  -3   2   2  -3  -2   0  -1   3   0  -3  -3  -1   0  -4  -1   0    8   9   3   3   0  11  13   0   0   8   4  22   2   0   0   3   6   0   3   6  0.23 0.20
  149 R     0   2   1   2   1   2   2  -3  -2  -4  -4   4  -3  -5  -3  -1   0  -5  -4  -2    6  12   6  10   3   7  14   0   0   0   0  31   0   0   0   3   5   0   0   2  0.52 0.32
  150 F     1  -1  -4  -3  -3  -3  -4  -4  -1   2   2  -3   0   4  -4  -3   0   1   1   1   13   3   0   2   0   0   0   0   2  14  18   0   2  22   0   0   5   2   4  12  0.37 0.25
  151 S     2  -3  -2  -4   5  -3  -3  -2  -4   1   1  -3  -2   0  -3   0   0  -4  -2   2   24   0   2   0  15   0   0   1   0   7  13   0   0   4   0   8   6   0   1  17  0.39 0.27
  152 K    -1   3   0  -1  -4   2   2  -2   1  -3  -1   3  -1  -4  -2   0   1  -4  -1  -3    3  15   5   2   0  11  14   3   3   0   6  20   2   0   1   4   8   0   1   0  0.32 0.23
  153 S     1   1  -1   0  -3   1   3  -1   3  -1  -2   1  -2  -4  -3   1   2  -4  -3  -2   11   7   2   3   0   4  22   3   8   5   3   9   0   0   0  10  13   0   0   0  0.27 0.22
  154 L    -1   2   1  -2  -3   2   0  -2   3  -1   1   1   0  -1  -3  -2  -2  -3   2   0    4  11   7   0   0  10   6   2  11   2  18  10   2   2   0   0   0   0   7   9  0.19 0.19
  155 G    -2  -1   2  -1  -5  -2  -4   6  -1  -6  -6  -2  -5  -5  -4  -2  -2  -5  -5  -5    2   4  12   2   0   2   0  71   1   0   0   2   0   0   0   1   2   0   0   0  1.40 0.55
  156 L    -4  -5  -5  -6  -4  -5  -5  -6  -4   4   4  -5   3   4  -5  -5  -3  -3   1   1    0   0   0   0   0   0   0   0   0  26  36   0   7  22   0   0   0   0   4   5  0.93 0.43
  157 P    -2  -1   0   2  -4  -2   0  -2   0  -2  -2  -1  -3  -4   4   1   2  -5  -4   0    0   3   5  12   0   0   5   2   3   2   3   3   0   0  26  11  18   0   0   6  0.48 0.29
  158 E    -1   1   0   1  -4   1   4  -3  -2  -3  -3   2  -3  -1   1   0   0  -4  -1   0    3   6   4   7   0   4  29   0   0   0   2  17   0   2   6   5   5   0   2   8  0.34 0.24
  159 N    -1  -1   2   4  -5   1   5  -2  -2  -5  -5  -2  -4  -5  -3   1   0  -5  -4  -4    4   3  11  22   0   5  38   2   0   0   0   0   0   0   0  10   4   0   0   0  0.76 0.40
  160 H     0   0   5   1  -4   1   0  -2   1  -4  -4   2   1  -4  -3   0  -1  -5  -3  -3    8   5  36   7   0   7   5   2   3   0   0  11   5   0   0   6   2   0   0   2  0.54 0.32
  161 I    -4  -3  -6  -6  -4  -5  -6  -6  -6   7   1  -5   2   1  -6  -5  -1  -5  -1   1    0   2   0   0   0   0   0   0   0  73   7   0   4   5   0   0   3   0   2   5  1.39 0.58
  162 V    -2  -2  -2  -4  -3  -2   0  -3  -1   4   1  -1  -1   2  -4  -3  -1  -3  -1   3    2   2   1   0   0   1   6   2   1  31  14   4   0   8   0   0   2   0   1  24  0.41 0.27
  163 F    -3   0   0   3  -4  -2  -1  -4   0   2  -1  -2   1   4  -1  -2   0   2   1   0    0   5   5  17   0   0   3   0   3  13   2   2   3  24   2   0   6   3   5   6  0.31 0.24
  164 P    -3  -4  -4  -5  -3  -2  -4  -5  -4   1   3  -3   3   2   4  -2  -1  -4  -3   2    0   0   0   0   0   2   0   0   0   5  36   1   8   9  21   2   4   0   0  13  0.61 0.34
  165 V    -1   1  -2   2  -3   1   0  -3  -1  -1  -1   1  -2  -4   4   0   1  -4  -3   0    3   7   0  12   0   6   5   0   2   4   5  10   0   0  20   8  13   0   0   8  0.30 0.20
  166 P    -2  -1   2   1  -5   5   0  -4   2  -2  -3   3  -3  -5   1  -2   0  -5  -3  -3    2   2   8   8   0  32   4   0   5   3   2  17   0   0   8   1   6   0   0   1  0.56 0.35
  167 I     0   1  -1   0  -3  -1  -2  -2  -3   0  -3   1  -1  -3   0   1   4  -4   0   0    7   7   1   6   0   2   0   1   0   6   0  11   1   0   4   8  34   0   4   6  0.32 0.27
  168 D    -1  -4   1   6  -5  -2   3   2  -3  -5  -3  -3  -5  -6  -4  -1  -3  -6  -5  -5    4   0   7  49   0   0  19  16   0   0   3   0   0   0   0   2   0   0   0   0  1.03 0.47
  169 Q    -1   3   0   0  -4   2   1  -3   0  -3  -2   1  -2   0  -1   0   2   2  -1  -3    4  20   3   3   0  10  10   0   2   0   2  10   0   5   2   5  17   4   2   0  0.30 0.22
  170 C    -4  -7  -7  -7  11  -7  -7  -6  -7  -5  -2  -7  -5  -6  -7  -5  -5  -6  -6  -4    0   0   0   0  97   0   0   0   0   0   3   0   0   0   0   0   0   0   0   0  3.79 1.00
  171 I    -2  -3  -4  -4  -2  -3  -4  -4  -4   3   2  -3   3   1   2  -1  -2  -3  -2   3    0   0   0   0   0   0   0   0   0  19  23   0   9   5  10   4   0   0   0  30  0.47 0.20
  172 D    -2  -1   1   4  -5   4   4  -3  -1  -4  -4   0  -3  -4  -2  -1  -2  -4  -3  -4    0   0   7  27   0  23  43   0   0   0   0   0   0   0   0   0   0   0   0   0  0.84 0.22

                      K         Lambda
Standard Ungapped    0.1370     0.3200
Standard Gapped      0.0430     0.2670
PSI Ungapped         0.1405     0.3179
PSI Gapped           0.0430     0.2670
