
Last position-specific scoring matrix computed, weighted observed percentages rounded down, information per position, and relative weight of gapless real matches to pseudocounts
            A   R   N   D   C   Q   E   G   H   I   L   K   M   F   P   S   T   W   Y   V   A   R   N   D   C   Q   E   G   H   I   L   K   M   F   P   S   T   W   Y   V
    1 S     3  -3  -2  -2  -2  -2  -2  -2  -3  -4  -4  -2  -3  -4  -3   6  -1  -5  -3  -3   29   0   0   0   0   0   0   0   0   0   0   0   0   0   0  71   0   0   0   0  1.02 0.36
    2 Q    -3  -2  -2   4  -6   6   4  -4  -2  -6  -5  -2  -4  -6  -3   0  -3  -5  -5  -5    0   0   0  24   0  40  30   0   0   0   0   0   0   0   0   5   0   0   0   0  1.25 0.51
    3 V     1  -4  -4  -5  -3  -1  -4  -4  -5   4   1  -4   1  -3   0  -2  -1  -5  -3   4   10   0   0   0   0   3   0   0   0  25   8   0   3   0   4   3   3   0   0  41  0.64 0.33
    4 Q    -1  -2  -2  -4  -4   6  -2  -4  -2  -1  -1   2  -1  -4  -4  -3   0  -5  -4   4    3   1   1   0   0  41   0   1   0   1   5  12   1   0   0   0   4   0   0  29  0.84 0.48
    5 L    -4  -5  -6  -6  -4  -2  -5  -6  -5   0   5  -3   5  -3  -5  -5  -2  -3  -4   3    0   0   0   0   0   2   0   0   0   3  55   1  15   0   0   0   2   0   0  22  1.10 0.50
    6 Q    -1  -3  -3  -4  -4   4   0  -5  -2   0  -3  -1  -3  -5  -4  -2   5  -5  -4   2    4   0   0   0   0  21   6   0   1   5   1   3   0   0   0   0  45   0   0  14  0.86 0.51
    7 E    -4  -3  -1  -2  -7   8   3  -6  -3  -4  -6  -1  -4  -7  -5  -4  -1  -6  -5  -6    1   0   2   1   0  69  20   0   0   1   0   2   0   0   0   0   4   0   0   0  1.90 0.82
    8 S    -2  -4  -2  -3  -4  -3   0  -4  -4  -5  -3  -3  -2  -6   4   5   3  -3  -5  -4    1   0   1   0   0   0   6   0   0   0   2   0   1   0  23  46  19   0   0   0  1.06 0.57
    9 G    -2  -1  -3   0  -5  -3   1   4  -2  -6  -4  -3  -5  -6   6   0  -2  -6  -5  -5    1   3   0   5   0   0  12  30   1   0   1   0   0   0  37   8   2   0   0   0  1.04 0.49
   10 G     2   0  -2  -2  -1  -3  -2   2  -2  -1  -2  -1  -3  -4   2   4  -1  -5  -1  -3   19   5   0   1   1   0   2  14   1   4   4   2   0   0  11  32   1   0   2   0  0.44 0.33
   11 G     0  -2  -1   0  -3  -1   1   1   0   0   0  -1  -1   0  -3   2  -1  -3   1   1    5   2   2   4   0   0  11  14   2   3   9   3   1   4   0  18   2   0   5  13  0.10 0.15
   12 L    -3  -4  -3  -5  -4  -4  -4  -5  -5   0   4  -4   1  -2  -2   2   0  -5  -4   3    0   0   1   0   0   0   0   0   0   3  46   0   4   0   1  17   6   0   0  21  0.71 0.43
   13 V     1  -2  -5  -5  -4  -4  -4  -2  -5   1  -2   0  -2  -2  -5  -1   0  -5  -4   6   13   2   0   0   0   0   1   3   0   4   2   6   0   1   0   5   6   0   0  58  0.83 0.48
   14 Q     2   0  -2  -3  -4   3   0  -3  -3  -4  -3   3  -3  -3   0   2   1  -5  -4  -2   16   3   0   0   0  15   5   0   0   0   2  22   0   1   5  17  10   0   0   3  0.46 0.35
   15 A     0  -1  -3  -3  -4  -2   1  -3  -2  -3   0  -2   0  -4   6   0   1  -5  -4   0    6   4   0   0   0   1   9   2   1   0   8   1   2   0  40   7  11   0   0   9  0.76 0.40
   16 G    -3  -3   0  -1  -6  -5  -4   7  -5  -7  -7  -2  -4  -7  -6  -1  -2  -6  -7  -7    0   2   4   3   0   0   0  81   0   0   0   2   1   0   0   5   2   0   0   0  1.86 0.75
   17 G     2  -1  -2   2  -5   4   3   2  -1  -5  -3   0  -3  -5  -3   0  -2  -5  -4  -4   15   2   1  10   0  23  17  17   1   0   2   3   0   0   1   6   2   0   0   0  0.52 0.36
   18 S    -2   1   1  -1  -1  -1  -2  -3  -4  -2  -3   0   0  -5   0   4   3  -5  -4  -3    2   9   7   2   1   2   1   1   0   2   1   5   2   0   5  36  23   0   0   1  0.58 0.42
   19 L     3  -4  -5  -6  -4  -5  -5  -5  -4   0   2  -3  -1  -4  -5  -3  -2  -5  -4   5   23   0   0   0   0   0   0   0   0   3  22   1   1   0   0   1   1   0   0  48  0.94 0.52
   20 R    -3   2   0  -3  -4   0  -1  -4  -4  -1  -1   2   0  -2  -4   1   5  -5  -4  -3    0  12   3   0   0   4   3   0   0   3   5  16   2   1   0  12  37   0   0   1  0.62 0.43
   21 L    -4  -6  -7  -7  -4  -5  -6  -7  -6   4   5  -6   3  -1  -6  -6  -4  -5  -4   1    0   0   0   0   0   0   0   0   0  28  57   0   7   2   0   0   0   0   0   7  1.33 0.59
   22 S    -3   0   2  -2  -4  -2  -2  -4   0  -3  -4   0  -4  -5  -1   4   4  -2  -2  -4    0   6   9   2   0   1   2   0   2   1   1   4   0   0   2  40  28   1   1   0  0.80 0.51
   23 C    -5  -9  -8  -9  12  -8  -9  -8  -8  -6  -6  -8  -6  -8  -8  -6  -6  -7  -8  -6    0   0   0   0 100   0   0   0   0   0   0   0   0   0   0   0   0   0   0   0  4.50 1.36
   24 A     0   2  -1  -1  -3   1   0  -2   0   0  -3   2  -2  -4  -1   0   3  -3  -3  -1   10  11   2   3   0   6   5   2   2   5   0  16   0   0   2   6  24   0   0   4  0.29 0.24
   25 A     3  -3  -1  -3  -2  -3  -3  -1  -1   0   0  -3  -1   0  -2   0   0  -3   2   2   34   0   3   1   0   0   1   5   1   3  11   1   1   4   1   6   5   0   8  15  0.29 0.24
   26 S    -2   0   0  -3  -4  -2  -2  -3  -3  -4  -3   0  -4  -4  -3   6   1  -5  -2  -4    2   4   3   1   0   1   2   1   0   1   2   6   0   0   1  65   9   0   1   1  1.08 0.56
   27 G    -1  -3   1  -2  -3   3  -1   5  -3  -1  -2  -1  -3  -4  -2   1   0  -4  -3  -3    2   1   5   2   0  14   3  40   0   3   5   3   0   1   1  11   6   0   0   1  0.55 0.31
   28 R    -2  -2   0   1  -4   2  -2   0   2  -1  -2  -2  -1   4  -1   2  -1  -3   3  -3    2   1   3   7   0   9   1   8   5   3   3   1   2  18   2  22   2   0  10   0  0.33 0.28
   29 T    -2  -3   0   0  -3  -1  -2  -2   0   1  -1  -1  -1  -3   0   2   3  -4  -1   1    1   0   5   5   0   2   1   2   2  10   6   4   1   0   4  18  24   0   2  11  0.24 0.24
   30 F    -1  -2  -2  -2  -3  -3  -3  -1   0   1   2  -2   0   4  -2  -1   0   2   2   0    3   1   1   2   0   1   1   5   2   8  19   2   1  25   2   4   5   2   7   6  0.29 0.19
   31 S     0  -2   1  -1  -3  -1  -2   2  -1  -2  -3  -2  -3  -3   1   3   3  -3  -1  -2    4   1   5   3   0   2   2  14   1   2   1   2   0   1   7  29  20   0   2   2  0.40 0.29
   32 S    -2  -1   3   2  -3  -2  -2   1   2  -1  -4  -1  -3  -4  -2   4   0  -4  -1  -1    1   2  14  11   0   0   2   9   5   3   1   2   0   0   1  33   6   0   2   5  0.43 0.31
   33 D    -2  -1   2   0  -4  -1  -2  -1   1  -3  -2  -2  -2   1  -1   1   1  -2   6  -3    2   3  10   5   0   3   2   4   3   1   4   2   1   6   3  11   8   0  30   1  0.48 0.32
   34 V     0   0  -1   0  -2  -1  -2   0   1  -3  -3  -2  -3   0  -2  -1   0   6   6  -2    9   6   3   6   1   3   1   6   3   1   1   1   0   3   2   4   6  11  27   2  0.53 0.33
   35 M    -2  -3  -5  -5  -4  -4  -5  -5  -5   3   3  -3   6   0  -3  -4  -2   2  -2   2    3   1   0   0   0   0   0   0   0  18  27   2  27   3   1   0   1   3   1  11  0.85 0.45
   36 G     1  -2   3  -1  -3   0   0  -1   5  -4  -3  -2  -3   2  -4   2  -2   0   4  -4   12   1  13   2   0   3   6   4  15   0   2   1   0   8   0  16   1   1  14   0  0.47 0.33
   37 W    -7  -7  -8  -8  -7  -6  -7  -7  -7  -7  -5  -7  -6  -2  -7  -6  -7  13  -3  -7    0   0   0   0   0   0   0   0   0   0   1   0   0   1   0   1   0  94   0   0  4.78 1.46
   38 F    -4  -5  -5  -2  -5  -2  -3  -6   0   1   0  -5  -3   2  -5  -2  -4  -2   7   3    1   0   0   2   0   2   1   0   2   7   7   0   0   8   0   2   0   0  42  24  1.14 0.56
   39 R    -4   6  -3  -4  -5   5  -2  -5  -2  -5  -2   1  -4  -1  -5  -2  -3  -5  -4  -2    0  42   1   0   0  31   0   0   1   0   5   8   0   3   0   3   1   0   0   4  1.17 0.60
   40 Q    -5  -2  -2  -4  -6   8  -1  -3  -1  -6  -4  -2  -4  -6  -3  -3  -5  -6  -5  -3    0   1   1   0   0  80   3   3   2   0   2   2   0   0   1   1   0   0   0   2  2.11 0.94
   41 A     2   1  -2   1  -4   0  -2  -3   1  -2  -2   3  -2  -2   3  -1  -1  -4   0  -2   17   8   1   7   0   4   1   1   3   1   4  24   1   1  14   3   4   0   3   2  0.33 0.27
   42 P    -2  -4  -5  -2  -6  -1  -3  -5  -1  -4  -2  -2  -2  -6   8   0  -2  -6  -6  -4    3   1   0   3   0   3   2   0   2   1   4   2   1   0  68   8   2   0   0   1  1.77 0.74
   43 G    -1  -3   0   1  -5  -1  -1   6  -2  -6  -6  -4  -3  -6  -5  -1  -4  -5  -5  -3    4   2   5   6   0   2   4  69   1   0   0   0   1   0   0   3   0   0   0   3  1.35 0.60
   44 K    -2   1  -1  -3  -5   5   0  -1   2  -5  -4   5  -4  -5  -1  -1  -2  -5  -4  -5    2   5   2   0   0  24   4   6   5   0   2  37   0   0   3   4   2   0   0   0  0.79 0.47
   45 E     2  -1  -2  -2  -3   0   0   4   0  -4  -3  -1  -4  -4   3   1  -1  -4  -2  -3   18   3   1   2   0   3   5  33   2   0   2   2   0   0  14   9   3   0   1   1  0.52 0.32
   46 R    -4  -2  -4  -2  -4  -3  -3  -4  -2   0   4  -3  -2   1   6  -3  -4  -5  -4  -2    0   2   1   2   0   1   1   1   1   6  37   2   0   5  35   2   0   0   0   2  0.92 0.48
   47 E    -3   2  -2  -2  -5   3   5  -4  -2  -5  -5   4  -4  -5  -4  -2  -1  -5  -4  -2    0  12   1   1   0  15  37   0   1   0   0  22   0   0   0   2   3   0   0   3  0.94 0.51
   48 F    -3  -2  -5  -4  -4  -4  -4  -2  -2  -2   3  -4  -3   2  -2  -4  -2   9   2  -2    2   3   0   1   0   0   1   4   1   1  32   1   0   8   2   1   2  32   5   3  1.27 0.56
   49 V    -4  -5  -6  -6  -4  -5  -5  -6  -3   3   5  -5   3   0  -5  -3  -4  -5  -2   2    0   0   0   0   0   0   0   0   1  18  55   0   6   3   0   2   0   0   1  12  1.05 0.51
   50 A     1  -4  -3  -2  -3  -2  -3   2   0   4   1  -2   1  -1  -4  -1   0  -4  -2   0   11   0   0   2   0   1   0  19   2  31  11   2   3   2   0   4   5   0   1   4  0.34 0.26
   51 A    -1   1  -2  -3  -4  -2  -1  -1  -1  -1  -1  -1  -2   0  -1   0  -1   2   6  -1    5   7   2   1   0   1   4   5   1   3   7   4   0   2   3   7   3   3  38   5  0.56 0.35
   52 V    -1   0  -2  -3  -2  -2  -2  -3  -2   4   0  -2   0   1  -3  -1  -1   3   4   1    3   5   2   1   0   1   3   2   1  29   6   2   1   5   1   5   4   4  17   8  0.36 0.21
   53 T     0   0   2   1   0  -1  -1   0  -1  -1  -1  -1  -1   1  -2   1   0   0   3  -1    8   6  10   8   2   1   3   6   1   2   6   2   2   7   1  10   5   1  14   4  0.10 0.10
   54 R    -1   0   0  -1  -2   0  -1  -1   0  -2  -1   0  -2  -2   2   2   0   0   2  -1    4   6   5   3   1   4   2   5   2   2   5   4   1   1  12  22   6   1  10   5  0.18 0.14
   55 S     0  -1   2   1  -2   0   0   1  -1  -1  -2  -1  -2   0   0   2   0  -2  -1  -2    6   2  13   9   0   4   4  12   1   4   3   3   1   4   3  20   5   0   2   2  0.17 0.13
   56 G    -1   1   1   2  -2   0   0   2  -1  -2  -1   1  -1  -2  -1   1   0  -2  -2  -1    4   8   6  12   0   4   6  20   1   1   5   7   1   1   2   8   7   0   1   4  0.17 0.11
   57 G     1  -1   0   1  -3  -1   1   3  -2  -3  -2  -1  -3  -3  -1   2  -1  -2  -1  -2    9   3   3   8   0   1  12  25   0   1   3   4   0   0   3  18   2   1   3   2  0.29 0.22
   58 K     1   0   1   0  -3   1  -1   0  -2  -1  -2   0  -2   0   0   1   2  -3   1  -1   13   5   6   5   0   7   2   7   0   3   2   6   0   5   4   8  15   0   6   5  0.10 0.13
   59 S    -1  -2   2   0  -3  -1   0  -1   1   0  -2  -1  -2  -2  -1   2   3   0  -2  -1    4   1  10   4   0   1   4   4   3   8   4   3   0   1   3  21  22   1   1   4  0.25 0.24
   60 Y    -2   0   2  -1  -4   1   0  -2   2  -2  -2   0  -3  -1  -3   0   2  -1   5  -1    2   4  13   4   0   5   5   2   5   2   4   5   0   1   0   6  12   1  24   5  0.36 0.28
   61 N    -2   2   1  -1  -4   0  -2   1  -2  -2   1   0  -2  -1  -2  -1  -2   0   5  -3    2  12   8   3   0   3   2  10   0   2  16   5   0   0   2   5   1   1  28   0  0.42 0.32
   62 A     3  -2   1  -1  -3   1   1   1   0  -1  -3  -1  -3  -1   2   1  -1  -4   0  -1   27   0   7   2   0   6   8   8   2   4   1   3   0   3  11  11   1   0   3   3  0.26 0.23
   63 D    -1   0  -1   2  -4   1   2   1  -3  -4  -4  -1  -4  -5   3   3   0  -5  -4  -4    3   5   2  13   0   5  14  10   0   1   1   1   0   0  13  26   5   0   0   1  0.47 0.34
   64 S    -1  -1  -1  -1  -4  -2  -1   4   1  -3  -3   1   0   0  -1   2  -1   2  -1  -1    2   2   3   2   0   0   3  35   4   1   1   9   3   4   3  16   2   3   2   6  0.39 0.28
   65 V    -2  -4  -4  -3  -4  -4  -1  -5   0   2   2  -4  -2   4  -1  -2  -2  -4  -1   4    3   0   0   1   0   0   4   0   3  12  17   0   0  18   3   3   2   0   1  33  0.57 0.35
   66 K    -2   0  -3  -4  -5   2  -1  -2  -1  -5  -5   5  -1  -6   5   1  -3  -6  -5  -5    2   4   1   0   0   8   4   2   2   0   0  33   2   0  33   9   1   0   0   0  1.04 0.55
   67 G     0  -2   0   3  -4  -1   0   3  -1  -5  -5   0  -4  -5   0   2   0  -5  -4  -3    7   2   2  18   0   2   6  28   2   0   0   5   0   0   4  20   4   0   0   1  0.51 0.31
   68 R    -4   7  -2  -5  -6  -2  -2   0  -2  -6  -5   2  -5  -6  -2  -4  -4  -2  -5  -3    0  72   1   0   0   1   2   7   1   0   1  11   0   0   2   0   0   1   0   2  1.67 0.70
   69 F    -1  -5  -2  -6  -5  -5  -5  -5  -4   0  -1  -1  -1   7  -5  -3  -2  -3   2   2    5   0   2   0   0   0   0   0   0   5   4   4   1  52   0   2   2   0   6  16  1.13 0.51
   70 T    -2  -1  -2  -2  -4  -2  -1  -4   0   0  -4   0  -2  -4  -4   4   5  -5  -1  -2    2   2   0   2   0   1   3   0   2   5   0   6   1   0   0  34  37   0   2   1  0.76 0.47
   71 I     1  -3  -2  -3  -3  -3  -3   3  -3   3   1  -3   0   0  -2  -2  -1   0  -1   1   12   0   2   0   0   0   0  29   0  21  11   0   3   3   1   2   2   1   2   9  0.36 0.24
   72 S    -1  -2  -1  -3  -3  -1  -1  -2  -2  -4  -2  -1  -3  -1  -3   5   3  -4  -4  -1    4   1   3   0   0   2   3   2   1   0   3   2   0   3   0  54  17   0   0   3  0.78 0.46
   73 R     0   3  -1  -1   0   0   0   1   1  -1  -1   1   0   0  -1   0  -1  -2  -2   0    5  19   2   2   2   2   5  11   4   2   7  12   2   4   2   6   2   0   1  10  0.10 0.10
   74 D    -1  -2   1   5  -3   0   0  -2  -1  -2  -1  -1  -2  -3   1   2  -1  -3  -2  -2    3   1   7  37   0   4   3   2   1   3   6   3   0   1   6  16   3   0   2   2  0.47 0.25
   75 N     0  -1   2   0  -3  -2  -2   3  -3  -3  -3   2  -2  -1   0   0   2  -4  -1  -2    9   2   9   4   0   0   1  26   0   0   2  15   0   3   5   4  16   0   2   2  0.34 0.25
   76 A     1  -1  -2  -1  -3   0   0  -2  -3  -4  -3   0  -3  -4  -1   5   3  -5  -4  -3   10   2   1   3   0   3   4   2   0   0   2   6   0   0   3  46  16   0   0   0  0.64 0.41
   77 K    -1   2   0   2  -4   0   1   1  -1  -2  -2   2  -2  -3  -1   2   0  -4  -3  -2    3  10   4  13   0   3   8  13   1   2   3  15   1   0   2  16   4   0   0   1  0.25 0.19
   78 N    -1   1   4  -2  -4  -2  -2   0  -2  -4  -3  -1  -3   2  -2   3   1   1  -2  -2    2   8  23   1   0   0   2   8   0   0   2   3   0  10   1  23  11   2   0   2  0.40 0.31
   79 T    -1  -1   0   2  -3   2  -2  -2   1  -1   0  -1   0  -3  -2   2   4  -4  -2  -2    3   2   3  12   0   9   0   2   5   3   9   2   2   0   1  13  30   0   1   1  0.33 0.28
   80 V     2  -2  -3  -3   0  -1  -3  -1  -3  -1   1  -3  -1   4  -1  -1  -1   2   2   1   20   1   0   1   2   3   1   4   0   2  13   1   0  24   3   4   2   2   6  10  0.29 0.21
   81 S    -1  -3  -1  -2  -3  -1  -2  -2   2   0  -2  -3  -2   1  -3   3   2  -2   5   0    5   1   2   2   0   2   1   2   4   5   1   1   0   6   1  25  15   0  21   6  0.44 0.31
   82 L    -2  -5  -6  -7  -4  -5  -6  -6  -6   1   6  -5   4  -1  -6  -5  -3  -5  -4  -1    3   0   0   0   0   0   0   0   0   7  78   0   8   2   0   0   1   0   0   1  1.46 0.62
   83 Q    -2   1   1  -2  -2   3   1  -3   1  -2  -2   1  -3  -2  -3   0   4  -5  -3  -3    1   8   7   1   1  16   8   0   3   3   4  10   0   2   0   4  33   0   0   0  0.50 0.36
   84 M    -4  -5  -6  -6  -4  -5  -6  -6  -6   6   3  -2   6  -2  -6  -5  -4   0  -4   0    0   0   0   0   0   0   0   0   0  49  23   3  19   1   0   0   0   1   0   3  1.27 0.57
   85 N    -1   0   2   0  -2   2  -2  -2   0  -3  -4  -2   1  -5  -2   5   2  -5  -4  -3    2   4  11   4   1   9   1   1   2   1   0   1   3   0   1  44  13   0   0   1  0.64 0.44
   86 S    -1   1   3   2  -3   0  -1   1  -2  -5  -5  -2  -4  -5   0   4  -1  -5  -2  -5    3   6  15  11   0   3   2  11   1   0   0   1   0   0   5  38   2   0   2   0  0.59 0.40
   87 L     0  -5  -5  -5  -4  -4  -5  -2  -5   1   4  -5   2  -3  -4  -1  -2  -5  -4   3    9   0   0   0   0   0   0   3   0   4  51   0   5   0   1   4   2   0   0  23  0.77 0.42
   88 K    -3   3  -2  -1  -5   5   3  -4   1  -2  -4   2  -3  -5  -2  -1   2  -5  -4  -4    0  14   1   2   0  28  17   0   3   2   1  12   0   0   1   2  15   0   0   0  0.73 0.45
   89 P     2  -2  -3  -2   2  -1   0  -2  -3  -3  -2  -1   0  -3   4   2   1  -1  -3   0   18   1   0   1   4   2   5   1   0   0   4   3   2   1  24  18   7   1   1   7  0.44 0.28
   90 E     0  -2   1   1  -5   0   5  -2  -3  -4  -5  -1  -3  -5  -3   1  -1  -5  -4  -2    9   1   8   6   0   3  48   3   0   0   0   2   1   0   0  10   3   0   0   3  0.73 0.43
   91 D    -5  -5  -2   8  -6  -1  -1  -5  -4  -6  -6  -4  -6  -6  -5  -4  -4  -7  -6  -6    0   0   1  88   0   2   2   0   0   0   0   0   0   0   0   0   0   0   0   0  2.37 0.87
   92 T     1  -3  -2  -1  -3  -2   2  -3  -3  -2  -3  -3   0   0  -3   3   4  -4  -3  -1   13   0   0   2   0   0  14   0   0   2   2   0   3   4   0  27  28   0   0   3  0.55 0.39
   93 A     6  -4  -4  -2  -4  -4  -4   3  -4  -4  -5  -4  -4  -5  -4  -1  -2  -5  -5  -3   65   0   0   2   0   0   0  24   0   0   0   0   0   0   0   3   2   0   0   1  1.24 0.58
   94 V    -2  -3  -2   1  -3  -2  -1  -4  -2   1   0  -3   2  -1  -4  -1   4  -4  -3   3    1   1   1   9   0   2   4   0   1   8   6   0   6   3   0   3  28   0   1  27  0.47 0.34
   95 Y    -6  -6  -6  -7  -6  -5  -6  -7  -2  -5  -2  -6  -5   1  -7  -6  -5  -2  10  -5    0   0   0   0   0   0   0   0   0   0   4   0   0   3   0   0   0   0  91   0  3.02 1.00
   96 Y    -5  -3  -5  -6  -5  -3  -5  -6   1  -1  -1  -5  -4   5  -6  -3  -3  -2   8  -4    0   2   0   0   0   1   0   0   3   3   6   0   0  22   0   2   2   0  58   0  1.75 0.67
   97 C    -5  -8  -7  -8  12  -8  -8  -7  -8  -6  -6  -8  -6  -7  -7  -5  -5  -7  -7  -5    0   0   0   0 100   0   0   0   0   0   0   0   0   0   0   0   0   0   0   0  4.33 1.20
   98 A     5  -3  -2  -3  -2   3  -1   0  -2  -2  -2  -2   0  -4  -4  -1   0  -5  -3   0   50   0   1   1   0  15   2   8   1   1   3   2   3   0   0   2   5   0   0   7  0.60 0.39
   99 A    -1   4  -2  -3   1   3  -1  -2  -2   0  -1   1   0  -3  -3   1   0  -4  -2   2    3  23   0   0   3  14   1   2   1   4   5   6   2   0   0  12   6   0   1  15  0.29 0.25
  100 G    -1  -1  -1   0  -2  -1  -2   1   0  -2  -2  -1  -2   1  -3   2  -1   6   3   0    3   2   3   7   1   2   1  10   3   2   3   3   0   7   1  22   3  11  11   6  0.31 0.22
  101 D     0   0   2   2  -3   0  -1   1   2  -1  -1  -1  -1  -1  -1   0   0  -1   0  -1   10   6  12  14   0   4   1  11   7   4   5   2   1   2   2   7   4   1   4   3  0.12 0.10
  102 T     0   0   1  -1  -3  -1   0   0  -1  -2  -2   0  -2  -1   2   2   1  -2   2  -2    6   5   6   3   0   1   6   6   1   2   4   6   0   3  10  21  11   0   8   2  0.18 0.14
  103 A     0  -2  -1  -1  -3  -1   0   3  -1  -2  -1  -1  -2  -2   3   1   0  -2   2  -2    5   1   2   3   0   1   8  22   1   3   7   3   0   1  14  14   4   0   9   2  0.25 0.16
  104 I     0  -1   0   0  -1   0   0   1  -2  -1  -1  -1  -1  -1   3   0   0  -1   0  -1    5   3   5   5   2   3   6  14   0   2   7   3   2   3  15   9   7   1   5   4  0.14 0.08
  105 T     0   0   1   0  -2  -1  -1  -1  -1  -1   0  -1   0  -1   1   1   0   2   2   0    6   5   9   4   0   1   1   5   1   2  11   4   3   1   6  17   5   4   8   6  0.08 0.09
  106 S     0   0   1   0  -2   0   1   0   2  -2  -2   0  -2  -2   0   1   2  -1   0  -1    9   5   6   4   0   4   8   5   6   1   4   3   1   2   5  14  17   1   3   2  0.14 0.10
  107 W     0  -1   0   0  -2   0   0   0   0  -1   0  -1  -1   1   0   0   0   3   3   0    6   3   4   6   1   4   5   7   2   3   8   3   1   5   5   5   6   5  15   6  0.09 0.05
  108 Y     0   0   0   0  -1  -1   0   0  -1  -1   0  -1   0   0  -1   0   1   1   3   0    6   4   4   6   1   2   4   6   1   2   7   3   3   4   3   6  12   2  14   9  0.06 0.05
  109 G     0  -1   1   0  -1   0   0   1  -1  -1   0  -1  -1   1   0   0   0   1   1  -1    6   3   8   4   1   3   8  11   1   3  12   3   1   6   3   7   8   2   8   3  0.04 0.04
  110 Y    -1  -1  -1  -1  -2   0  -1  -1   1   0   0   0   0   4   0   0   0  -1   1   0    3   2   3   2   1   5   4   4   4   5   6   6   3  25   5   6   5   1   5   6  0.15 0.08
  111 D     0  -1   0   3  -2   1   0  -1  -1   0   0   1  -1  -1   0  -1   0   0  -1  -1    7   2   3  22   1   7   4   3   1   8  10   8   1   2   5   3   6   1   2   4  0.11 0.08
  112 Y    -2  -2  -2  -2  -2  -1  -2  -2   1   1  -1  -1  -1   1  -2   0   0  -1   5   3    2   1   1   2   1   2   2   3   3   7   3   3   1   4   1   7   7   0  26  23  0.38 0.20
  113 W    -4  -4  -5  -5  -4  -4  -5  -5  -4  -3  -3  -5  -3   8  -5  -1  -4   9   0  -4    1   1   0   1   0   0   1   1   0   1   1   1   0  58   1   5   1  26   2   1  2.06 0.60
  114 G    -2  -6  -4  -5  -6  -5  -6   7  -6  -7  -7  -5  -6  -7  -6  -2  -5  -6  -7  -7    3   0   0   0   0   0   0  95   0   0   0   0   0   0   0   2   0   0   0   0  2.39 0.75
  115 Q     1  -2  -2  -2  -4   4   1   3  -3  -5  -5   0  -3  -5   2   1   1  -5  -4  -4   10   0   0   1   0  22   9  24   0   0   0   5   0   0   9  11   9   0   0   0  0.53 0.32
  116 G    -3  -6  -4  -5  -6  -5  -6   7  -6  -7  -7  -5  -6  -7  -6  -4  -5  -6  -7  -4    0   0   0   0   0   0   0  99   0   0   0   0   0   0   0   0   0   0   0   1  2.52 0.78
  117 T    -4  -5  -4  -5  -5  -4  -5  -5  -5  -5  -5  -2  -4  -6  -5   0   8  -6  -5  -4    0   0   0   0   0   0   0   0   0   0   0   2   0   0   0   5  93   0   0   0  2.25 0.83
  118 Q    -3   3  -2  -2  -4   0   1  -4  -1  -2   1   4   0  -2  -3  -1   2  -4  -3  -3    0  16   0   1   0   2  11   0   1   1  14  30   3   1   1   4  15   0   0   0  0.48 0.31
  119 V    -4  -5  -6  -6  -4  -5  -6  -6  -6   0   5  -5  -1  -3  -6  -5  -4  -5  -4   4    0   0   0   0   0   0   0   0   0   2  63   0   0   0   0   0   0   0   0  36  1.35 0.53
  120 T    -2  -3  -3  -3  -4  -2   2  -4  -2   0  -2  -1  -3  -4  -4   1   5  -5  -1   1    0   0   0   0   0   1  13   0   1   4   4   3   0   0   0  11  49   0   2  11  0.72 0.41
  121 V    -3  -6  -6  -6  -4  -5  -6  -6  -6   3  -2  -6  -2  -2  -6  -5  -3  -6  -4   7    0   0   0   0   0   0   0   0   0  17   0   0   0   1   0   0   0   0   0  82  1.75 0.62
  122 S    -1  -2  -1  -2  -3  -2  -2  -2  -3  -4  -4   0  -3  -4  -3   6   3  -4  -3  -3    0   0   0   0   0   0   0   0   0   0   0   6   0   0   0  74  20   0   0   0  0.98 0.33
  123 S     3  -2  -1  -2  -2  -2  -2  -1  -2  -3  -4  -2  -3  -4  -2   5   0  -4  -3  -3   27   0   0   0   0   0   0   0   0   0   0   0   0   0   0  73   0   0   0   0  0.87 0.25

                      K         Lambda
Standard Ungapped    0.1268     0.3127
Standard Gapped      0.0506     0.2670
PSI Ungapped         0.1654     0.3174
PSI Gapped           0.0506     0.2670
