
Last position-specific scoring matrix computed, weighted observed percentages rounded down, information per position, and relative weight of gapless real matches to pseudocounts
            A   R   N   D   C   Q   E   G   H   I   L   K   M   F   P   S   T   W   Y   V   A   R   N   D   C   Q   E   G   H   I   L   K   M   F   P   S   T   W   Y   V
    1 S     0  -1   1  -1  -2  -1  -1  -1  -1  -3  -3  -1  -2  -3   2   4   2  -4  -2  -2    0   0   6   0   0   0   0   0   0   0   0   0   0   0  10  74  10   0   0   0  0.54 0.07
    2 R    -2   7  -1  -3  -4   0  -1  -3  -1  -4  -3   2  -2  -4  -3  -2  -2  -4  -3  -4    0 100   0   0   0   0   0   0   0   0   0   0   0   0   0   0   0   0   0   0  1.24 0.14
    3 H    -1   0  -1  -2  -3   0  -1  -2   2  -3  -2   4  -2   2  -2   0  -1  -1   4  -2    5   0   0   0   0   0   0   0   7   0   0  47   0   8   0   8   0   0  26   0  0.39 0.07
    4 E    -2  -1   0   5  -4   3   3  -2  -1  -3  -3   0  -2  -4  -2  -1  -1  -4  -3  -1    0   0   0  41   0  21  30   0   0   0   0   0   0   0   0   0   0   0   0   8  0.62 0.08
    5 K    -1   1  -1  -1  -3   0   0   0  -2  -2  -2   4  -2  -3  -2   1   2  -3  -2  -1    0   0   0   0   0   0   0   8   0   0   0  54   0   0   0  11  20   0   0   8  0.34 0.07
    6 S     0  -2   0  -1  -2  -1  -1  -1  -2  -3  -3  -1  -2  -3  -2   6   1  -4  -3  -3    0   0   0   0   0   0   0   0   0   0   0   0   0   0   0 100   0   0   0   0  0.83 0.13
    7 L    -2  -3  -4  -5  -2  -3  -4  -5  -4   1   5  -3   2   0  -4  -3  -2  -2  -2   0    0   0   0   0   0   0   0   0   0   0 100   0   0   0   0   0   0   0   0   0  0.77 0.10
    8 G    -1  -3   1  -2  -3  -2  -3   6  -3  -2  -3  -2  -2  -3  -3  -1  -2  -3  -3   0    0   0   8   0   0   0   0  77   0   0   0   0   0   0   0   0   0   0   0  15  0.85 0.09
    9 L    -2  -3  -4  -4  -2  -3  -3  -4  -3   2   4  -3   1   0  -3  -3  -2  -2   1   2    0   0   0   0   0   0   0   0   0   5  76   0   0   0   0   0   0   0   8  12  0.52 0.07
   10 L    -2  -3  -4  -4  -2  -3  -3  -4  -3   1   5  -3   1   0  -3  -3   0  -2  -2   0    0   0   0   0   0   0   0   0   0   0  92   0   0   0   0   0   8   0   0   0  0.64 0.09
   11 T    -1  -3  -2  -3   7  -2  -3  -3  -3  -1  -2  -2  -1  -3  -2   0   4  -3  -3   1    0   0   0   0  36   0   0   0   0   0   0   0   0   0   0   0  53   0   0  12  0.71 0.10
   12 T     0   2   0  -1  -3   3   0  -2   3  -3  -3   3  -1  -2  -2   0   1  -2   1  -2    6   8   0   0   0  23   0   0   9   0   0  31   0   0   0   6  12   0   5   0  0.32 0.05
   13 K    -2   2   3  -1  -4   1   0  -2  -1  -4  -3   5  -2  -4  -2  -1  -1  -4  -3  -3    0   8  17   0   0   0   0   0   0   0   0  75   0   0   0   0   0   0   0   0  0.69 0.10
   14 F    -3  -4  -4  -5  -3  -4  -4  -4  -2  -1   0  -4  -1   8  -5  -3  -3   0   2  -2    0   0   0   0   0   0   0   0   0   0   0   0   0 100   0   0   0   0   0   0  1.35 0.14
   15 V    -1  -3  -4  -4  -2  -3  -3  -4  -3   2   4  -3   3   0  -3  -3  -1  -3  -2   3    0   0   0   0   0   0   0   0   0  10  55   0   8   0   0   0   0   0   0  27  0.45 0.06
   16 S     2   0   1   3  -2   0   1  -1  -1  -3  -3   0  -2  -3  -2   1   0  -3  -1  -2   30   6   7  20   0   3   8   0   0   0   0   4   0   0   0  12   6   0   3   0  0.24 0.04
   17 L    -2   2  -3  -4  -2  -2  -3  -4  -2   1   4  -1   1   0  -3  -3  -2  -2   1   0    0  20   0   0   0   0   0   0   0   0  75   0   0   0   0   0   0   0   5   0  0.45 0.08
   18 L    -2  -3  -3  -4  -2  -2  -3  -4  -1   2   2  -3   0   1   0  -2  -2   0   5   1    0   0   0   0   0   0   0   0   0  11  26   0   0   0   5   0   0   0  42  15  0.44 0.07
   19 Q    -1   1   2  -1  -3   2   0  -2  -1  -2  -3   2  -2  -3   4   1  -1  -4  -2  -2    0   8  17   0   0  15   0   0   0   5   0  15   0   0  25  15   0   0   0   0  0.45 0.05
   20 E    -1   2   1   1  -3   2   2  -2   1  -3  -3   1  -2  -3  -1   2   0  -3  -2  -2    1  17   6   6   0  15  19   1   4   0   1   5   0   0   0  23   0   0   0   0  0.32 0.04
   21 A     2  -2  -1   0  -2  -1   0  -1  -1  -2  -2  -1  -2   0   1   2   0  -1   4  -1   33   0   0   6   0   0   5   0   0   0   0   0   0   0   6  20   5   0  25   0  0.27 0.06
   22 K    -1  -1   1   2  -3   0   2   0  -2  -4  -4   1  -3  -4   6  -1  -1  -4  -3  -3    4   0   8  12   0   0  16   5   0   0   0  10   0   0  45   0   0   0   0   0  0.82 0.07
   23 D    -1  -1   2   4  -3   0   2   0  -1   0  -1   0  -2  -3  -2  -1  -1  -4  -3   0    0   0  15  37   0   0  13   8   0   5   5   5   0   0   0   0   0   0   0  12  0.31 0.05
   24 G    -1  -2  -1   1  -3  -1   0   5  -2  -3  -3  -1   0  -3   3   1  -1  -3  -3  -3    0   0   0  12   0   0   5  53   0   0   0   0   5   0  15  10   0   0   0   0  0.59 0.06
   25 V     1  -2  -2  -2  -1  -2  -2  -2  -3   2   1  -2   2  -1  -2   1   1  -3  -2   2   15   0   0   0   0   0   0   0   0  11  12   0   9   0   0  13  14   0   0  26  0.17 0.04
   26 L    -1  -3  -3  -3  -2  -2   0  -4  -3   3   3  -2   1   1  -3  -2  -1  -2  -1   3    0   0   0   0   0   0  10   0   0  19  37   0   0   6   0   0   0   0   0  28  0.28 0.05
   27 D    -1  -2   3   5  -3  -1   0   2  -1  -4  -4   0  -3  -4  -2   1  -1  -4  -3  -4    0   0  15  53   0   0   0  17   0   0   0   5   0   0   0  11   0   0   0   0  0.63 0.07
   28 L    -2  -2   1  -3  -2  -2  -3  -3  -3   1   4  -3   1   0  -3  -2   0  -3  -2   0    0   0  15   0   0   0   0   0   0   5  75   0   0   0   0   0   5   0   0   0  0.42 0.07
   29 K    -2  -1   5   4  -3   0   0   0  -1  -4  -4   1  -3  -4  -2   0   0  -4  -3  -3    0   0  44  27   0   0   0   5   0   0   0  14   0   0   0   5   5   0   0   0  0.55 0.07
   30 L     0  -1  -1   2  -3  -1   1  -2  -2   2  -1   1  -1  -1  -2  -1  -1   5   0   0   11   0   0  17   0   0  10   0   0  25   3  18   0   0   0   0   0  11   4   0  0.19 0.05
   31 A     4  -2  -2  -2   4  -2  -2  -1  -2  -1  -2  -2  -1  -3  -2   2   0  -3  -2   0   64   0   0   0  13   0   0   0   0   0   0   0   0   0   0  16   0   0   0   8  0.45 0.08
   32 A     4  -2  -2  -3  -1  -2  -2  -1  -2  -1   1  -2   0  -2  -2   1   1  -3  -2   0   62   0   0   0   0   0   0   0   0   0  25   0   0   0   0   5   8   0   0   0  0.33 0.07
   33 D     0  -1   1   4  -3   0   2   0  -1  -3  -3   1  -2  -3  -2   1   0  -4  -3  -2    6   0   5  35   0   0  19   6   0   0   0   8   0   0   0  11   8   0   0   4  0.37 0.04
   34 T    -1   1  -1   1  -2   1   2  -2  -1   0  -1   2  -1  -2  -2   0   1  -3  -2   1    0   5   0   5   0   6  20   0   0   8   0  19   0   0   0   5  14   0   0  19  0.16 0.03
   35 L    -2  -3  -4  -4  -2  -3  -3  -4  -4   2   4  -3   1   0  -3  -3  -1  -3  -2   2    0   0   0   0   0   0   0   0   0   0  75   0   0   0   0   0   0   0   0  25  0.56 0.08
   36 A     2  -1  -1   1  -2   0   1   3   1  -3  -3   1  -2  -3  -2   0  -1  -3  -2  -2   32   0   0  11   0   0  11  30   5   0   0  12   0   0   0   0   0   0   0   0  0.33 0.05
   37 V     0  -3  -3  -3  -2  -2  -1  -1  -3   2   0  -2   0  -2  -3  -2   0  -4  -2   5    5   0   0   0   0   0   4   5   0   0   0   0   0   0   0   0   5   0   0  80  0.41 0.09
   38 R     0   2   0   0  -1   1   2  -1   0  -1  -1   0  -1  -1   0   0   0  -1  -1   0    5  17   3   3   1   3  18   4   1   3   5   3   1   2   3   9   4   1   2   9  0.08 0.01
   39 Q    -1   0  -1   0  -4   5   5  -2   0  -3  -3   1  -2  -4  -2  -1  -1  -3  -2  -3    1   0   0   0   0  45  48   1   0   0   1   0   0   0   0   1   0   0   0   0  0.74 0.09
   40 K    -2   5  -1  -2  -4   1   0  -3  -1  -4  -3   5  -2  -4  -2  -1  -2  -4  -3  -3    0  47   0   0   0   0   0   0   0   0   0  53   0   0   0   0   0   0   0   0  0.80 0.10
   41 R    -2   7  -1  -3  -4   0  -1  -3  -1  -4  -3   2  -2  -4  -3  -2  -2  -4  -3  -4    0 100   0   0   0   0   0   0   0   0   0   0   0   0   0   0   0   0   0   0  1.24 0.14
   42 R    -2   7  -1  -3  -4   0  -1  -3  -1  -4  -3   2  -2  -4  -3  -2  -2  -4  -3  -4    0 100   0   0   0   0   0   0   0   0   0   0   0   0   0   0   0   0   0   0  1.24 0.14
   43 I    -2  -4  -4  -4  -2  -4  -4  -5  -4   6   1  -4   1  -1  -4  -3  -1  -3  -2   3    0   0   0   0   0   0   0   0   0  92   0   0   0   0   0   0   0   0   0   8  0.76 0.11
   44 Y    -3  -3  -3  -4  -4  -2  -3  -4   1  -2  -2  -3  -2   2  -4  -3  -3   1   9  -2    0   0   0   0   0   0   0   0   0   0   0   0   0   0   0   0   0   0 100   0  1.56 0.16
   45 D    -3  -3   1   7  -5  -1   1  -2  -2  -4  -5  -2  -4  -5  -2  -1  -2  -5  -4  -4    0   0   0 100   0   0   0   0   0   0   0   0   0   0   0   0   0   0   0   0  1.39 0.14
   46 I    -2  -4  -4  -4  -2  -4  -4  -5  -4   6   1  -3   1  -1  -4  -3  -1  -3  -2   3    0   0   0   0   0   0   0   0   0  88   0   0   0   0   0   0   0   0   0  12  0.72 0.11
   47 T    -1  -2  -2  -3  -1  -2  -2  -3  -3   1  -1  -2   1  -2  -2   0   4  -3  -2   3    0   0   0   0   0   0   0   0   0   0   0   0   5   0   0   0  53   0   0  42  0.44 0.09
   48 N    -2  -1   7   1  -4  -1  -1  -1   0  -4  -5  -1  -3  -4  -3   0  -1  -5  -3  -4    0   0 100   0   0   0   0   0   0   0   0   0   0   0   0   0   0   0   0   0  1.27 0.14
   49 V    -1  -3  -4  -4  -2  -3  -3  -4  -4   3   0  -3   0  -1  -3  -2  -1  -4  -2   5    0   0   0   0   0   0   0   0   0  12   0   0   0   0   0   0   0   0   0  88  0.66 0.10
   50 L    -2  -3  -4  -5  -2  -3  -4  -5  -4   1   5  -3   2   0  -4  -3  -2  -2  -2   0    0   0   0   0   0   0   0   0   0   0 100   0   0   0   0   0   0   0   0   0  0.77 0.10
   51 E    -2  -1  -1   2  -5   1   6  -3  -1  -4  -4   0  -3  -4  -2  -1  -2  -4  -3  -3    0   0   0   8   0   0  92   0   0   0   0   0   0   0   0   0   0   0   0   0  1.05 0.12
   52 G     0  -2   0  -1  -2  -1  -2   5  -2  -4  -4  -1  -3  -4  -2   3   0  -3  -3  -3    0   0   0   0   0   0   0  53   0   0   0   0   0   0   0  47   0   0   0   0  0.72 0.09
   53 I    -2  -3  -4  -4  -2  -3  -4  -4  -4   5   3  -3   1   0  -3  -3  -1  -3  -2   2    0   0   0   0   0   0   0   0   0  64  30   0   0   0   0   0   0   0   0   5  0.55 0.08
   54 G    -1  -1   2   2  -3   1   0   3   5  -3  -3  -1   0  -3  -2  -1  -2  -3  -1  -3    0   0  10  15   0  11   0  35  23   0   0   0   5   0   0   0   0   0   0   0  0.45 0.06
   55 L    -2  -3  -4  -4  -2  -2  -3  -4  -3   2   4  -3   4   0  -3  -3  -2  -2  -2   1    0   0   0   0   0   0   0   0   0  11  69   0  15   0   0   0   0   0   0   5  0.54 0.07
   56 I    -1  -3  -4  -4  -2  -3  -3  -4  -4   4   2  -3   1  -1  -3  -3  -1  -3  -2   4    0   0   0   0   0   0   0   0   0  40  10   0   0   0   0   0   0   0   0  50  0.51 0.07
   57 E     1   0   0   1  -2   0   3  -1  -1  -3  -3   0  -2  -3  -1   2   1  -3  -2  -2   16   3   0   8   0   0  30   0   0   0   0   3   0   0   0  30   9   0   0   0  0.34 0.05
   58 K    -2   5  -1  -2  -4   1   0  -3  -1  -4  -3   5  -2  -4  -2  -1  -2  -4  -3  -3    0  47   0   0   0   0   0   0   0   0   0  53   0   0   0   0   0   0   0   0  0.80 0.10
   59 K    -1   2  -1  -2  -3   0  -1   0  -2  -1   0   3  -1  -2   0   0   0  -3  -2   0    0  11   0   0   0   0   0   8   0   0  15  39   0   0   4   6   7   0   0  10  0.17 0.04
   60 S     3   0  -1  -2  -1  -1  -1   1  -2  -2  -2  -1  -1  -1  -2   3   1  -3  -2  -1   36   8   0   0   0   0   0  12   0   0   3   0   0   4   0  34   4   0   0   0  0.28 0.05
   61 K    -2   1  -1  -2  -4   1   0  -2   2  -4  -3   6  -2  -4  -2  -1  -2  -4  -2  -3    0   0   0   0   0   0   0   0   8   0   0  92   0   0   0   0   0   0   0   0  0.84 0.12
   62 N    -2  -1   7   0   3  -1  -1  -1   0  -4  -4  -1  -3  -4  -3   0  -1  -5  -3  -4    0   0  92   0   8   0   0   0   0   0   0   0   0   0   0   0   0   0   0   0  1.11 0.13
   63 S    -1   2   2  -1  -3   3   0  -2   4  -3  -3   1   0  -3  -2   1  -1  -3  -1  -3    0  17  16   0   0  27   0   0  16   0   0   5   5   0   0  14   0   0   0   0  0.38 0.06
   64 I    -2  -3  -3  -4  -2  -3  -3  -4   0   4   0  -3   0   1  -4  -3  -2   0   6   2    0   0   0   0   0   0   0   0   0  41   0   0   0   0   0   0   0   0  47  11  0.62 0.09
   65 Q    -1   2  -1  -1   2   3   0  -2  -1  -1  -1   0  -1  -3  -2   1   2  -3  -2   0    0  19   0   0   5  30   0   0   0   5   4   0   0   0   0  17  15   0   0   5  0.25 0.05
   66 W    -4  -4  -5  -6  -4  -3  -4  -4  -4  -4  -3  -4  -3   0  -5  -4  -4  12   1  -4    0   0   0   0   0   0   0   0   0   0   0   0   0   0   0   0   0 100   0   0  3.25 0.21
   67 K    -1   4  -1  -1  -4   1   0  -2  -1  -3  -3   5  -2  -4  -2  -1  -1  -3  -2  -3    0  25   0   0   0   0   0   0   0   0   0  75   0   0   0   0   0   0   0   0  0.63 0.04

                      K         Lambda
Standard Ungapped    0.1331     0.3157
Standard Gapped      0.0410     0.2670
PSI Ungapped         0.1331     0.3157
PSI Gapped           0.0410     0.2670
