
Last position-specific scoring matrix computed, weighted observed percentages rounded down, information per position, and relative weight of gapless real matches to pseudocounts
            A   R   N   D   C   Q   E   G   H   I   L   K   M   F   P   S   T   W   Y   V   A   R   N   D   C   Q   E   G   H   I   L   K   M   F   P   S   T   W   Y   V
    1 M    -1  -3  -3  -4   5  -2  -3  -3  -3   2   2  -3   3  -1  -3  -2  -1  -2  -2   2    0   0   0   0  21   0   0   0   0   0  24   0  18   0   0   0   0   0   0  38  0.32 0.02
    2 D    -2  -2   4   6  -4  -1   0  -2  -1  -4  -4  -1  -3  -4  -2   0   0  -5  -3  -4    0   0  26  66   0   0   0   0   0   0   0   0   0   0   0   0   7   0   0   0  0.93 0.12
    3 V    -2  -4  -5  -5  -2  -4  -4  -5  -5   5   0  -4   0  -2  -4  -3  -2  -4  -3   5    0   0   0   0   0   0   0   0   0  50   0   0   0   0   0   0   0   0   0  50  0.99 0.26
    4 S    -1   0   2  -1  -3  -1   0  -2  -2  -1  -3   1  -2  -3  -2   3   3  -4  -3   0    0   4  13   0   0   0   5   0   0   3   0   8   0   0   0  33  29   0   0   5  0.43 0.19
    5 F    -4  -4  -5  -5  -4  -4  -5  -5  -3  -1   2  -4  -1   8  -5  -4  -3  -1   2  -2    0   0   0   0   0   0   0   0   0   0  21   0   0  71   0   0   0   0   5   0  1.41 0.34
    6 R    -2   2   3   4  -3  -1  -1  -2  -2  -4  -4  -1  -3  -4   0   2   2  -4  -3  -3    0  13  20  31   0   0   0   0   0   0   0   0   0   0   4  15  15   0   0   0  0.56 0.20
    7 L    -1  -3  -4  -4  -2  -3  -3  -4  -4   2   4  -3   0  -1  -3  -2   2  -3  -2   3    3   0   0   0   0   0   0   0   0   8  51   0   0   0   0   0  14   0   0  21  0.55 0.21
    8 S     1  -1   0   1  -2  -1   2   1  -2  -1  -2   0  -2  -3  -2   2   1  -3  -3   0    9   0   4  10   0   0  15  11   0   2   3   7   0   0   0  21   9   0   0   9  0.19 0.10
    9 G    -2   0   4   2  -4   1   0   4  -2  -4  -4  -1  -3   1  -3   0   0  -4  -2  -4    0   4  23  10   0   8   5  34   0   0   0   0   0   8   0   6   4   0   0   0  0.48 0.19
   10 A     5  -3  -3  -3  -2  -2  -2  -2  -3  -3  -2  -2  -2  -4   2   2   1  -4  -3  -2   60   0   0   0   0   0   0   0   0   0   4   0   0   0  12  15  10   0   0   0  0.72 0.28
   11 T    -2  -3   2   2  -3  -2  -2  -3  -3  -3  -4  -1  -3  -4  -3   1   6  -5  -4  -2    0   0  11  11   0   0   0   0   0   0   0   2   0   0   0   8  67   0   0   0  1.00 0.35
   12 S     1  -2  -1  -2  -2   0  -2   2   0   0  -2  -1  -2  -2   1   2   0   1   1  -1   15   0   0   0   0   4   0  15   2   9   1   2   0   0   8  24   5   2   8   4  0.19 0.12
   13 S     0   0   1   1  -3   3   1   0  -1  -1  -3   2  -2  -3   0   1   0  -3  -2  -2   10   2   9   7   0  16  11   8   0   4   1  14   0   0   4   9   3   0   0   0  0.23 0.10
   14 S    -1   0  -1   0  -3   2   1  -3  -2  -3  -3   2  -2  -4  -2   3   4  -4  -3  -2    0   3   0   4   0   8   9   0   0   0   0  15   0   0   0  24  35   0   0   0  0.51 0.23
   15 Y    -4  -4  -5  -6  -5  -4  -5  -6  -1  -4  -4  -2  -4   0  -6  -4  -4   0   9  -4    0   0   0   0   0   0   0   0   0   0   0   3   0   0   0   0   0   0  97   0  2.59 0.60
   16 G     1   0   0  -1  -2  -1  -2   1  -2  -1  -1   0  -2   0  -2   2   1  -3  -2   1   11   7   3   3   0   0   0  10   0   0   4   7   0   6   0  25  10   0   0  15  0.15 0.12
   17 V     0   0   2   2  -3   0   0  -2   1  -3  -3   1  -1  -3   0   2   2  -4  -1  -1    4   5   9  13   0   4   3   0   3   0   0   8   2   0   4  22  18   0   1   3  0.27 0.14
   18 F    -4  -5  -5  -6  -5  -5  -5  -5  -4  -3  -2  -5  -2   9  -6   0  -4  -2   1  -3    0   0   0   0   0   0   0   0   0   0   0   0   0  92   0   8   0   0   0   0  2.11 0.52
   19 I    -3  -4  -5  -5  -3  -4  -5  -5  -5   6   3  -4   3  -2  -5  -4  -2  -4  -3   1    0   0   0   0   0   0   0   0   0  55  33   0   6   0   0   0   0   0   0   6  0.97 0.31
   20 S     1   1   2   2  -3   0   2  -1  -2  -3  -3   1  -2  -4  -2   0   2  -4  -3  -3   12   8  13  13   0   3  15   4   0   0   0  10   0   0   0   5  19   0   0   0  0.32 0.15
   21 N     1  -1   2   1  -3   0   1  -1  -2  -2  -2   1  -2  -3  -2   2  -1  -4  -3  -1   13   2  15   9   0   4   7   3   0   2   4  13   0   0   0  25   0   0   0   4  0.25 0.14
   22 L    -3  -4  -5  -5  -3  -4  -4  -5  -4   4   4  -4   1   0  -4  -4  -2  -3  -2   2    0   0   0   0   0   0   0   0   0  26  58   0   2   3   0   0   0   0   0  12  0.84 0.27
   23 R    -4   8  -3  -4  -6   1  -2  -5   0  -6  -5   0  -4  -5  -5  -3  -4  -5  -4  -5    0  94   0   0   0   4   0   0   2   0   0   0   0   0   0   0   0   0   0   0  2.00 0.52
   24 K    -1   0   3   1  -4   1   3  -2  -1  -3  -4   2  -3  -4  -2   0   1  -4  -3  -2    3   3  19   7   0   4  26   1   0   0   0  18   0   0   0   6   9   0   0   4  0.42 0.18
   25 A     3   0   1   0  -3  -1   1  -2   0  -1  -3   2  -2  -3  -2   0   0  -3   1  -1   35   5   8   4   0   0  11   0   2   4   0  16   0   0   0   3   4   0   5   3  0.24 0.16
   26 L    -2  -3  -4  -4  -3  -3  -4  -5  -4   2   3   0   0   0  -4  -3  -1  -4  -2   4    0   0   0   0   0   0   0   0   0  11  39   9   0   3   0   0   2   0   0  36  0.56 0.23
   27 P     0   1  -1   1  -3  -1  -1   0  -2  -1  -1   2  -2  -3   4   1   1  -4  -3  -2    8  10   0   9   0   0   0   6   0   4   6  14   0   0  19  12  11   0   0   0  0.29 0.14
   28 N    -1   0   2   2  -3  -1  -1   2  -2  -2  -3   1  -3  -1   2   1   1  -3  -2  -3    0   4   9  17   0   0   0  17   0   2   0   8   0   4  13   9  14   0   1   0  0.30 0.14
   29 E    -1  -1   1  -1  -3  -1   1   2   1  -3  -4   1  -3  -4   4   1   2  -4  -3  -3    2   2   7   1   0   1  10  16   4   0   0  10   0   0  20  10  18   0   0   0  0.41 0.16
   30 R     0   0   0  -2   1   0  -1   1   2  -2   1   0  -1  -2   0   0   0   2  -2  -2   10   3   6   0   4   2   3  11   9   0  21   9   0   0   4   8   7   3   0   0  0.09 0.09
   31 K    -2   1   0   1  -3   1   1  -2   1  -2   0   3  -1   0  -2   0   1  -3   0  -2    0   6   4   7   0   6   9   0   3   0  11  23   0   6   0   5  14   0   4   0  0.18 0.11
   32 L     0  -2  -2  -1   3   0  -2  -3  -3   1   0   0  -1   0  -3   1   2  -3  -2   2    6   0   0   4   9   4   0   0   0   9   8   8   0   3   0   9  17   0   0  21  0.17 0.12
   33 Y    -2  -3   1  -3   4  -2  -3  -4   5   0  -3  -2  -2   2  -4  -1  -1  -1   6  -1    2   0   7   0  12   0   0   0  17   6   0   2   0   6   0   4   4   0  35   3  0.72 0.27
   34 D    -1  -2   3   3  -3  -1   1   3   4  -4  -4  -2  -3  -4  -3   1   0  -4  -2  -4    0   0  15  19   0   0   8  25  14   0   0   0   0   0   0  12   7   0   0   0  0.49 0.18
   35 I    -2  -4  -4  -4  -3  -4  -4   1  -4   5   2  -4   0  -2  -4  -1  -2  -4  -3   2    0   0   0   0   0   0   0  15   0  59  14   0   0   0   0   4   0   0   0   9  0.62 0.24
   36 P     0  -3  -3  -3  -4   1  -2  -3  -3  -3  -1  -2   3  -4   7   0   1  -4  -4  -3    7   0   0   0   0   7   0   0   0   0   4   0  10   0  57   5  10   0   0   0  1.21 0.29
   37 L    -2  -3  -3  -1  -2  -2  -3  -4  -3   2   2   0   3  -2   0  -2  -1  -4  -2   4    0   0   0   5   0   0   0   0   0  10  16   7  10   0   5   2   0   0   0  45  0.38 0.18
   38 L    -2  -3  -4  -5  -2  -3  -4  -5  -4   3   4  -3   3  -1  -4  -3  -1  -3  -2   2    0   0   0   0   0   0   0   0   0  23  52   0  10   0   0   0   4   0   0  11  0.66 0.21
   39 R     1   2   1   1  -2   0   1  -2  -1  -2  -1   1  -2  -3   3   0  -1  -3  -1  -2   18  13   9   8   0   0   9   0   0   0   5   8   0   0  17   7   0   0   2   2  0.26 0.10
   40 S    -1   0   1  -1  -2   0  -1  -2   3  -2  -2   2  -2  -3   2   2   1  -3  -2  -1    1   4   7   2   0   4   0   0  10   0   4  18   0   0  11  19  12   0   0   6  0.24 0.11
   41 S     1  -2   1  -2  -2   0   0   2   0  -2  -3  -1  -2  -3  -1   2   3  -3   0  -1   10   0   6   0   0   2   4  16   2   0   0   3   0   0   2  18  30   0   4   3  0.29 0.14
   42 L     0  -2   0  -2   0  -2  -2  -1  -2   1   1  -1  -1   1   3  -1   1  -2  -1   2    7   1   5   1   3   0   1   3   0   4  12   4   0   6  15   1   9   0   0  26  0.16 0.11
   43 P     0  -2   1   0  -3   1   0   0  -2  -3  -3   0  -1  -3   4   2   1  -3  -3  -2    3   0   6   3   0   7   6   7   0   0   1   4   2   0  23  26   9   0   0   1  0.44 0.17
   44 G    -1  -2   1   3  -3   0   2   2  -2  -1  -2  -1  -2  -3   0   1   0  -3  -3  -1    1   0   5  18   0   4  15  20   0   3   3   2   0   0   4  12   6   0   0   7  0.23 0.11
   45 S     1   1   2  -2  -2   0  -1  -2  -2  -2  -1   0  -2  -3   2   2   2  -4  -3  -1   10   6  12   0   0   4   0   0   0   0   7   6   0   0  11  25  17   0   0   2  0.29 0.17
   46 Q    -1   1   1   2  -3   2   1   0  -2  -2  -2   0  -2  -4   4   0  -1  -4  -3  -3    3  11   7  12   0  15  10   6   0   3   4   2   0   0  21   5   0   0   0   0  0.39 0.15
   47 R    -3   6  -2  -3  -4   0  -1  -3  -2  -3  -1   4  -2   0  -3  -2  -2   4  -2  -3    0  50   0   0   0   2   0   0   0   0   7  28   0   4   0   0   0   6   0   0  0.87 0.28
   48 Y    -2  -4  -4  -5  -4  -4  -4  -1  -2  -3  -2  -4  -2   6  -5  -4  -4   6   6  -3    4   0   0   0   0   0   0   5   0   0   0   0   0  45   0   0   0  10  37   0  1.39 0.37
   49 A    -1  -2  -3  -4  -2  -2  -3  -4   1   2   2  -3   0   3  -3  -1  -1  -2   0   3    2   2   0   0   0   2   0   0   4  16  19   0   0  13   0   3   3   0   3  33  0.33 0.15
   50 L    -1   0  -3   0  -3  -2  -2  -4   1   0   3  -1   0   0  -3  -1  -1  -2   3   0    4   8   0   9   0   0   0   0   3   0  49   2   0   2   0   3   4   0  12   4  0.29 0.17
   51 I    -2  -4  -4  -4  -2  -3  -4  -5  -4   3   2  -4   2  -1  -4  -3   0  -4  -2   5    0   0   0   0   0   0   0   0   0  13  14   0   7   2   0   0   6   0   0  58  0.71 0.26
   52 H    -1   1   2   2  -4   1   3  -3   2  -3  -2   1  -2  -4  -1  -1   0  -4  -3  -3    2   8  15  15   0   3  27   0   6   0   4  10   0   0   3   0   7   0   0   0  0.39 0.16
   53 L    -3  -3  -5  -5  -3  -4  -4  -2  -4   1   5  -1   0   2  -4  -4  -3  -3  -2  -1    0   0   0   0   0   0   0   4   0   4  80   4   0   8   0   0   0   0   0   0  0.88 0.30
   54 T     0   0  -1  -2  -2   2  -1  -2   1   0  -2   1  -1  -1  -2   2   3  -3  -2   0    5   4   0   0   0  16   0   0   3   9   0   7   0   4   0  20  27   0   0   5  0.27 0.17
   55 N    -1  -2   5   1  -3  -1  -1   2  -1  -3  -4  -1  -3  -3  -1   2   1  -4  -1  -2    0   0  37   7   0   0   3  17   0   0   0   3   0   0   3  16   7   0   2   4  0.47 0.19
   56 Y    -1   1   0  -1  -3   0  -1  -2   1  -2  -1   0  -2   2   3   1  -1  -1   4  -2    4   9   3   3   0   2   3   2   3   0   7   6   0  11  14  13   0   0  20   0  0.25 0.12
   57 A     0   0   3   3  -3   0   1   0  -2  -3  -3  -1  -3  -4  -2   2   2  -1  -3  -3    7   5  17  20   0   3   8   6   0   0   0   0   0   0   0  18  14   1   0   0  0.36 0.15
   58 D     0   2  -1   1  -3   0   0   3  -2  -3  -2   0  -2  -3  -2   1   1  -3  -2  -1    4  14   0   8   0   5   7  29   0   0   3   3   0   0   0  15   8   0   1   5  0.27 0.13
   59 E    -1   0   2   2  -3   2   2   1  -1  -3  -2   2  -2  -3  -2  -1  -1  -3  -3  -2    5   0  12  12   0  12  15  14   0   0   4  21   0   0   0   0   0   0   0   2  0.31 0.13
   60 T     0  -2   0  -2  -2  -2  -2  -1   1  -2  -2   0  -2  -3  -2   3   4  -4  -3   0    4   0   4   0   0   0   0   4   4   0   2   7   0   0   0  27  41   0   0   7  0.46 0.23
   61 I    -1  -4  -4  -4  -2  -4  -4  -5  -4   5   1  -4   0   1  -4  -3   1  -4  -2   3    2   0   0   0   0   0   0   0   0  49  12   0   0   5   0   0   8   0   0  23  0.65 0.24
   62 S    -2   1  -2  -2  -3  -1   0  -3  -3  -2  -3  -2  -3  -4  -3   2   6  -4  -3  -2    0   8   0   0   0   2   6   0   0   2   0   0   0   0   0  12  71   0   0   0  0.97 0.36
   63 V     0  -4  -5  -5  -2  -3  -4  -4  -4   1   4  -4   2  -1  -4  -3  -2  -3  -3   3    7   0   0   0   0   0   0   0   0   5  63   0   3   0   0   0   0   0   0  22  0.72 0.25
   64 A     5   0  -3  -3  -2  -2  -3   2  -3   0  -2  -2   3  -3  -3  -1  -2  -4  -3  -2   63   5   0   0   0   0   0  15   0   8   0   0   9   0   0   0   0   0   0   0  0.66 0.29
   65 I    -3  -4  -5  -5  -3  -4  -5  -5  -5   6   3  -4   0   0  -4  -4  -2  -4  -2   3    0   0   0   0   0   0   0   0   0  59  23   0   0   3   0   0   0   0   0  14  0.90 0.28
   66 D    -3   4   0   5  -5  -1   1  -3   2  -5  -5   1  -4  -5  -3  -2  -3  -5  -4  -4    0  32   2  46   0   0   8   0   5   0   0   7   0   0   0   0   0   0   0   0  0.95 0.30
   67 V     0   4  -3  -4  -3   0  -2  -4  -3   0  -1  -1   3  -3  -3  -1  -2  -4  -3   4    7  31   0   0   0   4   0   0   0   0   2   0  10   0   0   3   0   0   0  43  0.53 0.26
   68 T    -1  -2   3   3  -3  -1   1   0  -1  -2  -2  -2  -2  -2  -3   0   3  -4  -3  -1    3   0  16  23   0   0   6   5   1   0   2   0   0   2   0   4  32   0   0   5  0.42 0.20
   69 N    -3  -3   7   3  -5  -2  -2  -3  -2  -5  -5  -2  -4  -5  -4   0  -1  -6  -4  -5    0   0  74  19   0   0   0   0   0   0   0   0   0   0   0   5   2   0   0   0  1.49 0.41
   70 V     1  -3  -4  -4  -2  -3  -4  -4  -4   1   4  -3   1   0  -4  -3  -2  -3  -2   2   15   0   0   0   0   0   0   0   0   4  55   0   3   2   0   0   0   0   0  21  0.58 0.22
   71 Y    -4  -4  -5  -6  -5  -4  -4  -6  -1  -3  -3  -4  -3   1  -5  -4  -4   0   9   0    0   0   0   0   0   0   0   0   0   0   0   0   0   0   0   0   0   0  92   8  2.28 0.55
   72 I    -1  -4  -5  -5  -2  -4  -4  -5  -5   3   2  -4   0  -2  -4  -3  -2  -4  -3   5    3   0   0   0   0   0   0   0   0  17  24   0   0   0   0   0   0   0   0  57  0.79 0.27
   73 M     0   0  -3  -3  -3  -2   0  -4  -3   0   0  -3   5  -2  -4  -2   0  -4  -3   4    6   5   0   0   0   0   9   0   0   0   3   0  22   0   0   0   4   0   0  51  0.58 0.27
   74 G     3  -4  -2  -3  -3  -3  -3   6  -4  -4  -4  -3  -4  -5  -3  -1  -3  -4  -4  -3   36   0   0   0   0   0   0  64   0   0   0   0   0   0   0   0   0   0   0   0  1.23 0.34
   75 Y    -4  -4  -5  -5  -1  -4  -5  -5  -1  -3  -2  -4  -3   6  -5  -4  -4   0   8  -3    0   0   0   0   2   0   0   0   0   0   0   0   0  36   0   0   0   0  63   0  1.84 0.45
   76 R    -1   4  -1  -2  -3   3  -1  -3  -2  -2   1   1  -1  -3  -3   2   1  -4  -3  -2    4  25   0   0   0  18   0   0   0   0  18   4   0   0   0  24   7   0   0   0  0.38 0.21
   77 A     3  -2   0   3  -2  -1  -1  -1  -2  -2  -2  -2   1  -3   0   1   2  -4  -3   0   36   0   3  20   0   2   0   1   0   0   0   0   5   0   3   6  15   0   0   8  0.34 0.19
   78 G     0   0   3   0  -3   0  -1   3  -2  -3  -3   0   1  -4   1   1   0  -4  -3  -3    4   7  21   4   0   5   2  26   0   0   0   3   8   0   8   8   4   0   0   0  0.35 0.15
   79 D    -1  -2   3   3  -3  -1  -1   3  -2  -4  -4   1  -3  -2  -3   1   1  -4  -3  -3    3   0  21  23   0   0   0  22   0   0   0  12   0   2   0   8  10   0   0   0  0.48 0.19
   80 T     0   2   2  -1   4   1  -1   1  -2  -2  -3  -1  -2  -3  -3   0   2  -4  -3   0    5  13  13   2  13   7   2  14   0   0   0   0   0   0   0   6  14   0   0  11  0.24 0.14
   81 S     2   2  -1  -2  -2  -1  -2   0  -2  -2  -3  -1  -2   1  -2   3   1  -3  -2   0   16  16   0   0   0   0   0   7   0   0   0   0   0   8   0  37  10   0   0   6  0.34 0.20
   82 Y    -4  -4  -1  -5  -5  -3  -4  -5   1  -4  -3  -1  -3   2  -5  -4  -4   7   8  -4    0   0   3   0   0   0   0   0   2   0   0   5   0   5   0   0   0  14  71   0  1.82 0.46
   83 F    -4   2  -4  -5  -4  -4  -4  -5  -3   1  -2  -3  -2   6  -5  -4  -3   7   3  -2    0  13   0   0   0   0   0   0   0  11   0   0   0  51   0   0   0  16   9   0  1.19 0.34
   84 F    -3  -4  -4  -4  -4  -1   1  -5  -3   0   1  -4  -1   7  -5  -4  -3  -1   1  -2    1   0   0   0   0   3  11   0   0   5  14   0   0  65   0   0   0   0   0   0  1.07 0.33
   85 N     0   2   2   0  -3   0   1  -2  -1  -2   0   2  -1   1  -2   1  -1  -3  -2  -2    5  14  16   3   0   2   7   2   0   0  13  15   0   9   0  14   0   0   0   0  0.19 0.12
   86 Q    -1  -2   2   5  -4   0   2   0  -2  -3  -2  -1  -3  -4  -2   0   0  -4  -3  -3    3   0  10  41   0   3  15   5   0   0   5   3   0   0   0   8   6   0   0   0  0.53 0.18
   87 A     2  -1  -1   0  -2   1   1  -2  -2   0  -2   0  -1   0   1   1   0  -3  -2   0   22   3   0   5   0   5  14   1   0  10   1   4   0   6   8  11   4   0   0   5  0.13 0.09
   88 S    -1   0  -1   0  -2  -1   0   0  -2   0  -2  -1  -2  -3   4   2   2  -3  -1  -2    2   5   0   6   0   0   4   6   0   8   1   2   0   0  24  24  13   0   3   1  0.38 0.15
   89 A     2   0   0   1  -2   0   2   1  -1  -2  -1  -1  -2  -3   1   0   1  -3  -2  -2   23   4   2   9   0   3  15  13   1   1   5   1   0   0   7   5   8   0   0   1  0.18 0.08
   90 T     1  -1  -1  -1  -2   0  -1  -2  -2   0  -1   1  -1  -2  -1   2   3  -3  -2   0   13   1   1   1   0   2   3   1   0   8   5   9   0   1   1  23  24   0   1   6  0.20 0.11
   91 E     1  -1  -1   2  -2   1   2  -1  -1  -1   0  -1  -1  -2   1   0   0  -2  -2  -1   13   1   1  11   0   7  23   5   0   1  12   1   0   1   8   3   6   0   1   5  0.17 0.07
   92 A     3   2  -1  -2  -2   1   1   1  -2  -2  -2   0  -2  -2  -2   0   0  -3   0  -1   42  12   1   1   0   6   8   9   0   1   1   2   0   0   1   5   3   0   4   4  0.27 0.14
   93 A     0  -1   1   1  -2   1   1  -1  -1  -1  -1  -1   0   1  -1   2   1  -2   0  -1    8   0   7   6   0   8  11   3   0   3   7   0   2   9   2  19   8   0   4   1  0.10 0.07
   94 K    -2   0   3  -1  -3   1   0   0   2  -3  -3   2  -2  -4  -3   0   4  -4  -3  -3    0   3  19   1   0   8   5   5   7   0   0  13   0   0   0   3  37   0   0   0  0.46 0.22
   95 Y     0  -2  -2  -3  -3  -2  -2  -1   5  -1  -1  -2  -2   1  -3  -1   2  -1   5   0    9   0   0   0   0   0   1   3  20   2   4   1   0   6   0   3  19   0  23   6  0.42 0.18
   96 V    -2  -3  -4  -4  -2  -3  -3  -4  -4   2   4  -2   0  -1  -4  -3   0  -3  -2   2    0   0   0   0   0   0   0   0   0   9  60   3   0   0   0   0   6   0   0  19  0.61 0.22
   97 F    -3  -4  -4  -5   5  -4  -5  -1  -3   0   1  -4  -1   7  -5  -1  -2  -2   0  -2    0   0   0   0  14   0   0   4   0   5  11   0   0  59   0   4   3   0   0   0  1.01 0.32
   98 K     0  -1  -2  -2  -3  -1   0  -1  -2  -2  -2   1  -2  -2   5  -1   2  -3  -3   1    5   2   0   0   0   2   5   4   0   0   1  11   0   2  31   2  18   0   0  15  0.50 0.17
   99 D    -2  -3   2   3  -4  -2   1   4  -2  -4  -4  -2  -4  -4   1   0  -2  -4  -4  -4    0   0   9  24   0   0   8  45   0   0   0   0   0   0   6   5   0   0   0   0  0.72 0.22
  100 A     1  -2   0   1  -2  -1  -1   2  -2  -1  -2  -1  -1  -2   0   2   2  -2  -2   0   17   1   5   9   0   1   1  15   0   3   2   1   0   1   3  16  17   0   1   6  0.18 0.08
  101 M    -1  -1   1  -2  -2   0   0  -2   0  -1  -1   0   1  -3   1   1   4  -3  -2   0    1   2   5   0   0   5   5   1   3   2   3   4   4   0   6   9  39   0   0   9  0.28 0.15
  102 R    -1   2   2  -1  -2   2  -1  -2  -1  -1   0   1  -1  -2  -1   1   0  -3  -2  -1    3  16  16   2   0  12   1   1   0   5  12  10   0   0   2  14   4   0   0   3  0.18 0.11
  103 K     1   3   0  -1  -2   3   0  -1   1  -3  -2   1  -2  -3  -2   1   1   2  -2  -2   11  19   3   1   0  18   4   3   3   1   1   9   0   1   1  11   9   4   0   1  0.27 0.11
  104 V     0  -1   1  -1  -2  -1  -1  -2   0   1  -1   1  -1   0   0  -1   0  -2   1   3    4   1   7   3   0   1   4   2   2  10   2  11   1   3   4   2   4   0   6  32  0.10 0.08
  105 T     1   1   1   0  -2   0   0  -1  -1  -2  -2   1   0  -2   0   2   2  -3  -2  -1   15   7   7   3   0   3   2   1   0   1   1   9   4   1   4  19  22   0   1   1  0.21 0.10
  106 L    -1  -3  -4  -4  -2  -3  -4  -4  -4   3   5  -3   2   0  -4  -3  -2  -3  -2   0    4   0   0   0   0   0   0   0   0  17  69   0   4   3   0   0   0   0   0   0  0.74 0.24
  107 P    -1  -1   2  -1  -3  -1   1   1   0  -4  -4  -1  -3  -4   5   1   0  -4  -3  -3    4   3  15   0   0   0  14  11   3   0   0   0   0   0  32  11   7   0   0   0  0.60 0.18
  108 Y    -4  -4  -4  -5   1  -4  -4  -2  -1  -2  -2  -4  -2   7  -5  -4  -1   0   7  -3    0   0   0   0   3   0   0   4   0   0   0   0   0  50   0   0   4   0  40   0  1.40 0.37
  109 S    -1  -2   2   3  -3  -1   0   3  -2  -3  -4   0  -3  -4  -2   1   2  -4  -2  -3    3   0   9  23   0   0   3  24   0   0   0   5   0   0   0  11  22   0   1   0  0.44 0.18
  110 G    -1  -3   0  -2  -4  -2   0   5  -3  -5  -5   0  -4  -4   0   2  -2  -4  -4  -4    0   0   3   0   0   0   8  58   0   0   0   5   0   0   5  20   0   0   0   0  0.85 0.26
  111 N    -1   1   4   2  -3  -1  -1  -1  -2  -4  -2  -1  -3  -4  -3   3   2  -4  -3  -3    0   7  31  10   0   1   0   2   0   0   3   0   0   0   0  33  12   0   0   0  0.56 0.23
  112 Y    -4  -4  -5  -6  -5  -4  -5  -6  -1  -4  -3  -4  -3   2  -5  -4  -4   0   9  -4    0   0   0   0   0   0   0   0   0   0   0   0   0   3   0   0   0   0  97   0  2.48 0.56
  113 E    -1   0   1   2  -3   2   2   0   0  -2  -3   1  -2  -4   2   0   1  -4  -3  -2    1   5   6  12   0  15  16   5   1   3   0   6   0   0  12   3  13   0   0   2  0.31 0.12
  114 R     0   1   1   4  -3  -1   1   0  -2  -3  -4   0  -3  -4  -2   2   2  -4  -3  -3    5   9   4  27   0   0   5   4   0   0   0   6   0   0   0  22  18   0   0   0  0.42 0.17
  115 L    -3  -4  -5  -5  -3  -4  -5  -5  -5   2   6  -4   3  -1  -5  -4  -3  -3  -3  -1    0   0   0   0   0   0   0   0   0   8  87   0   5   0   0   0   0   0   0   0  1.13 0.33
  116 Q    -1  -1  -2  -1  -4   4   5  -3  -2  -3  -2  -1  -2  -4  -3  -2  -2  -4  -3  -1    5   0   0   0   0  26  56   0   0   0   5   0   0   0   0   0   0   0   0   4  0.87 0.30
  117 T     0   3   2  -1  -3   1  -1   1   1  -2  -3   2  -2  -3  -2   1   2  -3  -2  -2    5  18  12   0   0   5   0  11   4   2   0  13   0   0   0  12  15   0   0   0  0.27 0.12
  118 A     2   0   0   0  -2   1   0  -1  -2   0  -1   2  -1  -2  -2  -1  -1   4   0   0   22   2   7   5   0   5   6   4   0   5   4  19   0   0   0   0   0   6   4  11  0.14 0.11
  119 A     5  -3  -3  -3  -2  -2  -2   2  -3  -2  -3  -1  -2  -3  -2  -1   0  -4  -3   1   59   0   0   0   0   0   0  19   0   0   0   3   0   0   0   0   5   0   0  12  0.62 0.25
  120 G     0  -1   2   2  -4   1  -1   5   2  -4  -4  -1  -3  -4  -3  -1  -2  -4  -3  -4    4   3  10  11   0   7   2  54   6   0   0   2   0   0   0   0   0   0   0   0  0.74 0.22
  121 K     0   1   1  -1  -3   2   0  -2   1   0  -1   3  -1  -1  -2  -1   0  -3  -2   0    8   5   7   3   0  14   0   1   5   6   5  29   0   4   0   1   7   0   0   6  0.19 0.12
  122 I     0  -1  -1   1  -2   0   0   1  -2   0   1  -1  -1  -2   0   2   1  -3  -1  -1    3   2   0   8   0   2   6  13   0   8  16   0   0   0   3  25   9   0   3   0  0.11 0.09
  123 R    -3   7  -2  -3  -4   0  -2  -4  -2  -1  -1   0  -2  -4  -3  -2  -3  -4  -3  -3    1  81   0   0   0   2   1   1   0   6   5   0   0   0   0   1   0   0   0   1  1.28 0.35
  124 E    -1  -1   0   1  -3   2   4  -2  -2  -3  -1   1  -2  -4   0   1   2  -4  -3  -1    0   0   1   7   0   8  33   2   0   0   5  11   0   0   4  12  14   0   0   4  0.35 0.16
  125 N    -2   0   3   2  -3   2   1   0  -1  -3  -3   2  -1  -3  -2   0   1  -3   0  -3    0   3  17  12   0  14   9   8   0   0   0  13   2   0   0   5  14   0   4   0  0.31 0.14
  126 I    -2  -4  -2  -4  -2  -3  -4  -5  -4   5   2  -4   3  -1  -4  -3  -1  -4  -3   3    0   0   3   0   0   0   0   0   0  50  18   0   8   0   0   0   3   0   0  19  0.69 0.22
  127 P     0  -2   0   0  -3   3   1   1  -2  -3  -3  -1  -3  -4   5   1   0  -4  -3  -2    5   0   4   4   0  17  10  12   0   0   0   0   0   0  28  12   6   0   0   3  0.53 0.17
  128 L    -3  -4  -5  -5  -3  -4  -4  -5  -4   2   5  -4   3  -1  -4  -4  -3  -3   1   0    0   0   0   0   0   0   0   0   0   9  80   0   6   0   0   0   0   0   5   0  0.99 0.29
  129 G    -2  -4   2  -3  -4  -3  -4   6  -3  -6  -5  -3  -4  -5  -4   0  -3  -4  -5  -5    0   0  13   0   0   0   0  83   0   0   0   0   0   0   0   4   0   0   0   0  1.52 0.35
  130 L    -2   3  -2  -3  -3  -1  -2  -4  -2   3   1   1   0   1   1  -2  -1  -3  -2   1    0  19   2   0   0   2   0   0   0  27  15  11   0   7   9   0   2   0   0   6  0.25 0.14
  131 P     0  -1   2   1  -3   2   1  -1   2  -1  -2   0  -1   0   2   0  -1  -3  -1  -2    8   1  10   7   0  18   7   3   8   5   2   3   2   7  11   6   2   0   0   0  0.19 0.10
  132 A     2  -1  -2  -2  -2   1   1  -2  -2   0   0  -1  -1  -3   3   2   0  -4  -3  -1   25   3   0   0   0   7   8   0   0   9   9   0   0   0  16  18   5   0   0   0  0.29 0.14
  133 L    -3  -4  -5  -5  -3  -4  -5  -5  -4   0   6  -4   4  -1  -5  -4  -3  -3  -3  -1    0   0   0   0   0   0   0   0   0   2  89   0  10   0   0   0   0   0   0   0  1.19 0.33
  134 D     0   0   1   3  -3   1   2  -2  -2  -1  -2   0  -2  -3  -2   1   1  -4  -3  -1    8   6   6  23   0   7  13   0   0   6   1   2   0   0   0  12  12   0   0   4  0.26 0.11
  135 S    -1   1   0   2  -3   2   0  -2   1  -2  -3   0  -2  -1  -2   3   2  -4  -2  -3    0   7   3  11   0  13   3   1   4   3   0   2   0   3   0  35  13   0   0   0  0.34 0.17
  136 A     4   0  -2   0  -2  -2  -2   1  -3  -3  -2  -1  -1  -4  -2   2  -1  -4  -3  -2   56   5   0   5   0   0   0   7   0   0   2   2   2   0   0  19   2   0   0   0  0.53 0.22
  137 I    -1  -4  -4  -5   0  -4  -4  -5  -3   5   0  -4   3   0  -4  -3  -2  -3   2   3    4   0   0   0   2   0   0   0   0  52   1   0  10   3   0   0   0   0   8  20  0.69 0.24
  138 T     0  -1   1   0  -2  -1  -1   1  -2  -2  -1   0  -2  -3  -2   3   3  -4  -3  -1    4   2   8   5   0   0   2  11   0   0   8   4   0   0   0  27  27   0   0   3  0.29 0.15
  139 T     2  -1   2   1  -3  -1  -1   0  -2  -3  -3   2  -2   0  -2   1   1  -4  -2  -2   27   0  14   9   0   0   0   4   0   0   0  21   0   6   0   6  13   0   0   0  0.28 0.15
  140 L    -2  -4  -5  -5  -3  -3  -4  -5  -4   3   5  -4   2   0  -4  -3  -2  -3  -2   2    0   0   0   0   0   0   0   0   0  15  66   0   4   1   0   2   0   0   0  12  0.76 0.23
  141 F    -1   1   1  -1  -3  -2  -2  -3   2  -1  -1  -1   2   3  -3   0  -2   3   4   0    6  10   7   3   0   0   0   0   6   0   3   1   9  17   0   8   0   4  19   7  0.27 0.14
  142 Y    -1   0   2  -2  -3  -1   0   3   3  -4  -3   1  -3  -1  -1   2   0   1   3  -3    0   4  10   0   0   0   4  23   8   0   0  13   0   1   1  17   3   2  14   0  0.31 0.14
  143 Y    -1   2  -1  -3  -3  -1  -2   0   2  -3  -2   2  -2   3   0  -1   0  -1   4  -3    3  11   2   0   0   0   0   7   5   0   0  20   0  16   4   2   6   0  24   0  0.36 0.17
  144 N     1  -2   2   4  -3  -1  -1   1  -2  -3  -3   0  -3  -4  -2   1   2  -4  -3  -1   10   0  13  31   0   0   0   9   0   0   0   5   0   0   0  12  16   0   0   4  0.41 0.16
  145 A     1  -1   0   0  -2  -1   0   2  -2  -2  -2   0  -2  -3   2   1   1  -3  -1   0   11   2   3   5   0   0   5  16   0   0   0   7   0   0   9  16  13   0   2  10  0.19 0.09
  146 N     0   2   0   0   0   1   0  -2  -2  -3  -3   4   0  -4  -2   0   2  -4  -3  -3    5  12   3   5   2   7   1   2   0   0   0  37   3   0   0   5  17   0   0   0  0.39 0.17
  147 S     1  -1   2   3  -3   0   0  -2  -2  -2  -2   0  -2  -3  -1   2   2  -4  -3  -2   12   2  12  20   0   4   4   0   0   1   3   3   0   0   2  21  16   0   0   0  0.32 0.14
  148 A     2   0  -2   0  -2   1   3  -2  -2   0   0   0  -1  -1  -2  -1   0  -3  -2   0   23   5   0   3   0   8  25   0   0   6  10   5   0   2   0   0   5   0   0   9  0.18 0.12
  149 A     5  -1  -3  -3  -2  -2  -2  -2  -3  -3  -3  -2  -3  -4   1   0   0  -4  -3   0   76   2   0   0   0   0   0   0   0   0   0   0   0   0   8   4   6   0   0   4  0.85 0.30
  150 S     0   5  -2  -2  -4   0   2  -2  -2  -3  -2   3  -2  -4  -3   1  -2  -4  -3  -3   10  41   0   0   0   0  16   1   0   2   3  18   0   0   0  10   0   0   0   0  0.57 0.21
  151 A     3  -3  -2  -3  -2  -2  -2  -1  -3  -3  -2  -2  -2   4  -3   3   1  -3  -1  -2   30   0   0   0   0   0   0   2   0   0   0   0   0  26   0  32  10   0   0   0  0.55 0.24
  152 L    -2  -3  -4  -4  -3  -3  -4  -4  -3   1   4  -1   2   3  -4  -3  -2  -2  -1   1    3   0   0   0   0   0   0   0   0   5  56   6   4  19   0   0   0   0   0   9  0.59 0.20
  153 M    -1  -4  -4  -5  -3  -3  -4  -5  -4   3   5  -4   2  -1  -4  -3   0  -3  -3   0    4   0   0   0   0   0   0   0   0  21  67   0   4   0   0   0   5   0   0   0  0.77 0.25
  154 V    -2   0  -4  -4  -3  -3  -4  -5  -4   3   0  -3  -1  -2  -4  -3   0  -4  -3   5    0   8   0   0   0   0   0   0   0  21   3   0   0   0   0   0   5   0   0  64  0.79 0.27
  155 L     2  -3  -3  -4   1  -3  -3  -3  -3   2   2  -3   0   1  -3  -1  -1  -3  -2   2   27   0   0   0   3   0   0   0   0  17  25   0   0   8   0   3   0   0   0  18  0.32 0.15
  156 I    -2  -4  -4  -4  -2  -4  -4  -4  -4   6   1  -4   0  -2  -4  -1  -2  -4  -3   3    0   0   0   0   0   0   0   0   0  67   6   0   0   0   0   5   0   0   0  18  0.87 0.27
  157 Q    -2  -1  -2  -2  -4   7   0  -4  -2  -3  -1  -1  -2  -4  -3  -2   1  -4  -3  -1    0   0   0   0   0  78   0   0   0   0   5   0   0   0   0   0   8   0   0   6  1.29 0.39
  158 S    -2  -3  -3  -4   0  -2  -3  -4  -3  -1   0  -3   9  -2  -4  -1   1  -3  -3   1    0   0   0   0   2   0   0   0   0   0   0   0  71   0   0   4  11   0   0   8  1.31 0.38
  159 T    -1  -4  -3  -4  -2  -3  -3  -4  -4   2  -1  -3  -1   0  -3  -2   3  -4  -2   5    3   0   0   0   0   0   0   0   0  12   0   0   0   5   0   0  29   0   0  52  0.67 0.26
  160 S     3  -3   0  -2   5  -2  -2  -2  -3  -3  -2  -2  -2  -4  -3   4   1  -4  -3  -2   31   0   5   0  15   0   0   0   0   0   3   0   0   0   0  42   5   0   0   0  0.63 0.25
  161 E    -3  -2  -2  -1  -6   0   7  -4  -2  -6  -5  -1  -4  -6  -3  -2  -3  -5  -4  -5    0   0   0   0   0   0 100   0   0   0   0   0   0   0   0   0   0   0   0   0  1.87 0.47
  162 A     6  -3  -3  -4  -2  -3  -3   0  -4  -3  -3  -3  -3  -4  -3   0  -2  -4  -4  -2   92   0   0   0   0   0   0   6   0   0   0   0   0   0   0   2   0   0   0   0  1.23 0.37
  163 A     5  -3  -3  -3  -2  -2  -2  -2  -3  -2   1  -2  -2  -3  -2   1   1  -4  -3  -1   63   0   0   0   0   0   0   0   0   0  13   0   0   0   0  12  11   0   0   2  0.62 0.25
  164 R    -4   8  -3  -4  -6  -1  -2  -4  -2  -5  -4   1  -4  -5  -4  -3  -3  -5  -4  -5    0  97   0   0   0   0   0   0   0   0   0   3   0   0   0   0   0   0   0   0  1.95 0.46
  165 Y    -4  -5  -5  -6  -5  -5  -5  -5  -3  -2  -2  -5  -2   8  -6  -5  -4  -1   4  -3    0   0   0   0   0   0   0   0   0   0   0   0   0  91   0   0   0   0   9   0  2.07 0.45
  166 K    -2   5   2  -2  -4   2  -1  -3  -2  -3  -3   4  -3  -4  -3   0  -1  -4  -3  -1    0  34  11   0   0   8   0   0   0   0   0  36   0   0   0   4   3   0   0   5  0.69 0.23
  167 F    -3  -2  -3  -1  -4   1  -3  -4   1  -2  -3  -3  -2   3   2  -2   1   0   7  -3    0   2   0   5   0   8   0   0   2   2   0   0   0  11   9   0  10   0  51   0  0.88 0.29
  168 I    -3  -5  -5  -5  -3  -5  -5  -6  -5   7   0  -5  -1  -2  -5  -4  -2  -5  -3   3    0   0   0   0   0   0   0   0   0  84   0   0   0   0   0   0   0   0   0  16  1.35 0.36
  169 E     0  -2  -2  -1  -4   3   5  -3  -2  -4  -2  -1  -3  -3  -3   2  -2  -4  -3  -3    5   0   0   0   0  16  51   0   0   0   4   0   0   1   0  23   0   0   0   0  0.75 0.27
  170 Q    -1   2   4   1  -4   2   0   1  -1  -4  -2   1  -2  -3  -3  -1  -2   3  -1  -3    2  14  31   5   0  13   4  12   0   0   5   7   0   0   0   0   0   5   1   0  0.41 0.17
  171 Q    -2   3  -1  -2  -4   4   1  -1   2  -2   0   1  -1   0  -3  -1   0  -3  -2  -1    0  16   0   0   0  29   9   4   6   0   9  10   0   5   0   3   6   0   0   4  0.32 0.16
  172 I    -1  -4  -4  -5  -2  -4  -4  -5  -4   4   0  -4   1   2  -4  -3  -2  -3  -2   5    4   0   0   0   0   0   0   0   0  22   0   0   3  13   0   0   0   0   0  58  0.77 0.26
  173 G     1   3   0   0  -3   0  -1   0  -2   0  -2   2  -2  -3   0   0   0  -4  -3  -1   18  27   4   6   0   3   0   6   0   9   0  14   0   0   3   4   5   0   0   2  0.23 0.12
  174 K     1   1   1   0  -2   2   1  -2  -1  -1  -2   2  -1   0  -2   0   2  -3   0  -1   15   6   7   4   0  10   6   0   0   2   0  14   1   5   0   5  18   0   3   4  0.15 0.09
  175 R     0   2   4   0  -3  -1   0   1   0  -4  -4   0  -3  -3  -3   2   0  -3   1  -3    4  17  29   1   0   0   3  11   2   0   0   2   0   0   0  21   4   0   6   0  0.40 0.17
  176 V    -2  -4  -4  -4  -3  -4  -4  -5  -3   4   2  -2   1   5  -4  -3  -2  -2   0   1    2   0   0   0   0   0   0   0   0  31  19   3   3  35   0   0   0   0   0   8  0.64 0.20
  177 D    -1  -1   4   2  -3   1   1   0  -1  -4  -4   0  -3  -2   2   1   0  -3   2  -3    1   0  26  12   0   8   8   4   0   0   0   5   0   0   9  12   6   0  10   0  0.36 0.14
  178 K    -1   3   2   2  -3   1   1  -2  -1  -3  -3   1  -2  -4  -2   2   1  -4  -3  -2    2  19  11  15   0   4   7   0   0   0   0  10   0   0   0  20   9   0   0   2  0.37 0.14
  179 T     2   1   1   0  -2   1   0  -2  -2  -3  -3   2  -2  -4  -2   2   2  -4  -3  -2   24   6   7   4   0   6   3   0   0   0   0  15   0   0   0  19  15   0   0   0  0.31 0.14
  180 F    -3  -3  -3  -4  -4  -2   0  -3   2  -1  -1  -2  -2   7  -4  -2  -3  -1   4   0    0   0   0   0   0   1   8   1   6   3   0   2   0  56   0   3   0   0  13   8  0.84 0.26
  181 L     0   0   1  -1  -2   1   0   0  -1  -1   1   1  -1  -2  -2   0   1  -3   0   0    3   5   9   2   0   9   3   6   0   0  18   9   0   0   0   7  14   0   5  11  0.07 0.07
  182 P    -1  -4  -4  -3  -4  -3  -3  -4  -4  -3  -3  -3   2  -4   7   0  -2  -5  -4   1    3   0   0   0   0   0   0   0   0   0   0   0   8   0  68   7   0   0   0  14  1.60 0.34
  183 S    -1  -2   3   5  -3   1   1   0  -2  -4  -4  -1  -3  -4  -2   1   2  -4  -3  -3    3   0  14  38   0   5   7   5   0   0   0   0   0   0   0  10  18   0   0   0  0.58 0.19
  184 L     1  -2   1   0  -3   0  -1  -2  -2  -1   1  -2   0  -2   4  -1  -2   3  -2  -1   14   0   8   4   0   5   3   2   0   0  23   0   1   0  27   2   0   5   0   5  0.39 0.14
  185 A     2   0   0   0  -2  -1   0   0  -1  -2   0   2   1  -2  -2   0   0  -2   2  -2   25   3   3   5   0   0   4   4   0   0   9  21   5   0   0   5   7   0   9   0  0.14 0.11
  186 I     0  -3  -3   0  -2   0  -1  -3  -3   2   0  -2   5  -1  -3  -2   1  -3  -2   3    8   0   0   8   0   5   5   0   0  14   0   0  24   2   0   0   8   0   0  26  0.32 0.17
  187 I    -2  -3   0  -4  -2  -3  -4  -4  -4   4   3  -3   0  -1  -4  -2   1  -4  -2   2    0   0   5   0   0   0   0   0   0  39  28   0   0   0   0   0  12   0   0  16  0.52 0.19
  188 S     0  -2   2   3  -3   2   1  -2  -2  -3  -2  -1  -3  -4  -2   4   1  -4  -3  -3    3   0  10  16   0  11   6   0   0   0   3   2   0   0   0  44   6   0   0   0  0.49 0.20
  189 L    -3  -4  -4  -5  -3  -3  -4  -1  -4   0   5  -4   3   2  -4  -4  -3  -2   1  -1    0   0   0   0   0   0   0   6   0   0  73   0   9   7   0   0   0   0   5   0  0.79 0.26
  190 E    -2  -2  -2   0  -5   2   6  -4  -2  -1  -4   1  -3  -5  -3  -2   1  -5  -4  -3    0   0   0   0   0   7  75   0   0   5   0   6   0   0   0   0   8   0   0   0  1.10 0.33
  191 N    -2  -1   5   0  -4   1   1  -2  -1  -2  -1   2  -2  -4  -3  -1   1  -4  -3   0    0   0  44   3   0   6   9   0   0   0   8  14   0   0   0   0   8   0   0   7  0.50 0.20
  192 S    -1  -1   5  -1  -4   0   2  -2  -1  -4  -4   2  -3  -4  -3   2   0  -5  -3  -4    2   0  46   0   0   1  12   0   0   0   0  15   0   0   0  19   6   0   0   0  0.71 0.24
  193 W    -5  -6  -7  -7  -5  -5  -6  -5  -5  -5  -4  -6  -4  -2  -7  -6  -5  13   0  -6    0   0   0   0   0   0   0   0   0   0   0   0   0   0   0   0   0 100   0   0  4.28 0.67
  194 S     0  -2  -1   2  -3  -2  -1   4  -3  -3  -4  -1  -3  -4  -1   3  -1  -4  -4  -1    3   0   0  15   0   0   2  39   0   0   0   3   0   0   2  30   0   0   0   5  0.57 0.20
  195 A     1   3   0   0  -3   1   0  -1  -2  -3  -2   3  -2  -4  -1   1  -1  -4  -3  -3   12  24   4   5   0   4   3   2   0   0   3  29   0   0   2  11   0   0   0   0  0.39 0.15
  196 L    -2  -3  -4  -4  -2  -2  -4  -4  -4   4   4  -3   3   1  -4  -3  -2  -3  -2   1    0   0   0   0   0   2   0   0   0  35  43   0   9   5   0   0   0   0   0   3  0.61 0.19
  197 S    -1  -3  -1  -2  -3  -2  -2  -2  -3  -4  -4  -2  -3  -4  -3   7   0  -4  -3  -3    0   0   0   0   0   0   0   0   0   0   0   0   0   0   0  96   0   0   0   0  1.37 0.40
  198 K    -1   0   1  -2  -3   1   0  -1  -2  -2  -1   3  -1   1  -2   1   3  -3  -2  -2    0   3   6   0   0   6   5   3   0   0   8  27   1   8   0   7  25   0   0   0  0.25 0.14
  199 Q     3  -2  -2  -2  -3   4   1   0  -2  -2  -2  -1   1  -4  -2   0  -1  -4  -3   1   38   0   0   0   0  31   7   4   0   0   0   0   5   0   0   4   0   0   0  10  0.47 0.22
  200 I    -2  -4  -4  -5  -3  -4  -4  -5  -4   6   2  -4   0  -1  -4  -3   0  -4   0   3    0   0   0   0   0   0   0   0   0  62  14   0   0   0   0   0   5   0   3  16  0.80 0.24
  201 Q    -2   0  -1  -2  -4   5   0  -3   4  -3  -1   2  -2  -2   2  -2  -2  -3   0  -3    0   3   0   0   0  46   3   0  15   0   6  11   0   2   9   0   0   0   4   0  0.65 0.23
  202 I    -1   0   1   1  -2   1   1  -1  -1   1   0   1   0  -1  -2  -1   0  -2   0   0    4   5   7   9   0  11   7   2   0  11   8  11   0   3   1   1   4   0   4  11  0.05 0.04
  203 A     3  -2   0  -2  -2   0  -1   1  -1  -2  -2  -1  -2  -1  -2   2  -1  -2   3  -2   34   1   3   1   0   5   1  11   0   1   1   1   0   0   1  25   1   0  14   1  0.35 0.15
  204 S    -1   1   2   1   1   3   1  -1   2  -2  -2   2  -2  -3  -2   0   1  -3  -2  -1    1   5   9   8   3  24   4   3   6   1   1  13   0   0   1   4  10   0   0   5  0.26 0.10
  205 T     1  -2   1   1   0  -1  -1   1  -2  -2  -3   0  -2  -3   2   2   2  -3  -2  -2   12   0   7   8   2   2   1  13   0   3   1   4   0   0  10  22  14   0   0   1  0.25 0.09
  206 N    -1   0   3   2  -3   1   1   1  -1  -2  -2   2  -2  -3  -2  -1   0  -3  -3  -1    3   4  17  15   0   6   7  11   0   0   4  18   0   0   0   0   7   0   0   5  0.23 0.09
  207 N     0  -2   5   3  -4   3   0   2   0  -4  -4  -1  -3  -4  -3  -1  -2  -4  -3  -3    6   0  37  17   0  16   2  16   2   0   0   0   0   0   0   0   0   0   0   2  0.58 0.18
  208 G    -1  -3  -1   0  -4  -3  -3   6  -3  -5  -5  -3  -4  -4  -3   1   0  -4  -4  -4    0   0   0   6   0   0   0  75   0   0   0   0   0   0   0  12   6   0   0   0  1.14 0.25
  209 Q     1  -2  -2  -3  -2   2  -1  -3  -3   2   0  -1   1  -2  -1  -1   1  -3  -2   3   15   0   0   0   0  13   2   0   0  17   4   2   3   0   2   0  13   0   0  30  0.24 0.13
  210 F    -4  -4  -5  -5  -4  -5  -5  -5  -3  -1   1  -5  -1   8  -5  -4  -4  -1   1   0    0   0   0   0   0   0   0   0   0   0  10   0   0  84   0   0   0   0   0   6  1.54 0.32
  211 E     0   0   2  -1  -3   0   1  -1  -2  -2  -3   1  -2  -2   3   0   2  -4  -2  -2    8   6  17   0   0   2   8   4   0   3   0  10   0   2  19   5  16   0   0   0  0.32 0.10
  212 S    -1   0   3  -1  -3   1   0   1  -1  -3  -1   3  -2  -3  -2   2   1  -4  -3  -2    0   2  21   0   0   5   3  10   0   0   7  26   0   0   0  16  11   0   0   0  0.30 0.12
  213 P     0  -3   0  -2  -3  -1  -2  -3  -3  -2  -2  -2  -2  -3   7  -1   0  -4  -3   1    6   0   5   0   0   3   0   1   0   0   4   0   0   0  58   1   6   0   0  13  1.12 0.20
  214 V    -1  -3  -3  -3  -2  -3  -3  -1  -3   3   1  -1   0   0  -3  -2  -1  -3  -2   4    1   0   0   0   0   0   0   4   0  14  14   4   0   2   0   1   0   0   0  56  0.44 0.15
  215 V    -1   1  -1   1  -3   3   3  -1  -1  -1  -2   1  -1  -3  -2  -1   1  -3  -2   0    1   9   0   6   0  16  27   4   0   4   1   6   0   0   0   1  11   0   0  13  0.26 0.10
  216 L    -2  -3  -4  -4  -2  -3  -4  -4  -4   2   5  -3   1  -1  -4  -3  -2  -3  -2   0    1   0   0   0   0   0   0   1   0   8  85   0   0   0   0   1   0   0   0   0  0.85 0.21
  217 I     0   1  -1  -2  -2   1   0  -1  -1   2   0   1   0  -1  -2  -1   0  -2   1   1    7   7   0   0   0  10   4   3   0  19  10  12   2   0   0   2   7   0   7   6  0.07 0.05
  218 N    -2   1   4   4  -3  -1   0  -2  -1   0  -3   0  -2  -3  -2   0   0  -4  -3  -2    1   9  30  34   0   0   0   1   0   9   1   3   0   0   0   5   6   0   0   0  0.51 0.15
  219 A     2   0   0   1  -2   0   1  -1  -1  -1  -2  -1  -1  -2   2   1  -1  -3  -1   0   22   5   5   7   0   3  13   2   0   5   1   0   0   0  11  12   0   0   3   8  0.18 0.06
  220 Q    -1   2   4   2  -3   1   0  -1  -1  -3  -3   1  -2  -3  -1   1   1  -3  -2  -3    1  11  32  13   0   5   1   3   0   1   1   9   0   0   3  13   7   0   0   1  0.38 0.11
  221 N    -2  -1   4  -1  -4  -1  -2   5   0  -4  -2  -1  -3   2  -3  -1  -2  -3  -2  -4    0   2  25   2   0   3   0  48   3   0   3   4   0  11   0   0   0   0   0   0  0.62 0.17
  222 Q    -1   0   3  -1  -3   3   2  -2   1  -2  -3   2  -2  -4  -2   1   2  -4  -2  -2    4   0  23   0   0  20  11   0   3   2   0  14   0   0   0   9  14   0   0   0  0.39 0.14
  223 R    -2   3  -2  -2  -4  -1  -1   0   0  -3  -1   3  -2   1   4  -2  -1  -3  -2  -3    0  22   0   0   0   0   0   8   3   0   6  22   0   9  28   0   3   0   0   0  0.53 0.15
  224 V    -2  -2  -4  -4  -2  -3  -4  -4  -3   2   1  -3   0   2  -4  -3   0   7   1   3    0   3   0   0   0   0   0   0   0  17  10   0   0  10   0   0   5  21   4  32  0.64 0.16
  225 T    -1  -1   0   0  -2   1   1   0  -2   2  -1  -1  -1  -1  -2   0   2  -3   0   0    0   3   6   3   0   6  14   8   0  21   3   0   0   3   0   7  19   0   4   5  0.10 0.08
  226 I    -2  -4  -4  -4  -2  -3  -4  -4  -4   4   1  -3   0  -2  -4  -3   1  -4  -2   5    0   0   0   0   0   0   0   0   0  28   9   0   0   0   0   0   7   0   0  56  0.69 0.19
  227 T     0  -1  -1   3  -2  -1  -1  -1  -2  -2   0  -1  -1  -3  -2   1   4  -3  -3  -1    8   3   0  20   0   0   0   2   0   0  14   0   0   0   0   8  43   0   0   0  0.36 0.15
  228 N    -1   2   6  -1  -3  -1  -1  -2  -1  -4  -4  -1  -3  -4  -3   2   1  -4  -3  -3    4  14  58   0   0   0   0   0   0   0   0   0   0   0   0  14   8   0   0   0  0.78 0.21
  229 V    -1  -3  -3  -2  -2  -3  -3   0  -3   1   1  -3   2   3  -3  -2  -1  -2   1   3    2   0   0   3   0   0   0   8   0   4  11   0   7  14   0   0   3   0   5  43  0.30 0.13
  230 D    -1   2   2   4  -3  -1   1  -1  -1  -4  -4  -1  -3  -3  -2   2   1  -4   0  -3    2  14  13  30   0   0  10   2   0   0   0   0   0   0   0  17   8   0   4   0  0.43 0.13
  231 A     1   0  -1   3  -3   1   3  -2   3  -3  -3  -1  -2  -3  -2   1   0  -3   0  -1   10   5   0  18   0   4  25   0   9   0   0   0   0   0   0  17   3   0   4   5  0.32 0.12
  232 G     0  -1  -1  -1  -2   0  -1   0  -2   0   1   0   0  -2   3   0  -1  -2  -2   0    9   3   3   3   0   3   1   7   0   1  26   9   0   1  18   6   1   0   1  10  0.16 0.05
  233 V    -1  -2  -2  -2  -1  -2  -2  -2  -2   2   1  -2   0   1  -2   0   0  -2   0   2    2   1   1   1   0   1   2   2   1  19  13   1   1   6   1  13   6   0   3  25  0.13 0.05
  234 V     1  -1  -3  -3  -2   0  -1  -3  -3   2   1  -1   0  -2  -1  -1  -1  -3  -2   3   15   3   0   0   0   5   3   1   0  18   9   3   0   0   3   1   0   0   0  38  0.22 0.10
  235 T     0   0  -1  -2  -2   0   0  -2   0   1   0   3  -1  -2  -2   1   1  -3   0   0    6   0   0   0   0   3   2   0   3   9  10  30   0   0   0  11  14   0   3   8  0.15 0.09
  236 S     0  -2   1  -2  -2  -1  -2   0  -2  -1   0   0  -1  -3   4   0   1  -4  -3   1    7   0  11   0   0   2   0   8   0   0   9   8   0   0  22   7  14   0   0  14  0.28 0.09
  237 N     0   1   3   3  -3  -1  -1   0  -1   0  -2   0   1  -2  -2   0  -1  -3  -1  -2    9   8  24  23   0   0   1   7   0   8   1   4   7   0   0   4   1   0   3   1  0.24 0.09
  238 I    -1  -4  -4  -4  -2  -3  -4  -5  -4   5   2  -4   2  -1  -4  -3  -2  -3  -2   3    3   0   0   0   0   0   0   0   0  52  20   0   4   0   0   0   0   0   0  22  0.67 0.18
  239 A     4  -2  -2  -3  -2   1  -2   1  -3  -1  -1   0   4  -3  -2  -1  -1  -3  -3   0   49   0   0   0   0   7   0   8   0   0   3   7  18   0   0   0   0   0   0   8  0.39 0.17
  240 L    -1  -3  -4  -4  -2  -3  -3  -2  -4   1   4   0   1  -1  -4  -3  -2  -3  -2   1    4   0   0   0   0   0   0   4   0   6  71   8   0   0   0   0   0   0   0   8  0.56 0.18
  241 L    -3  -3  -4  -5  -3  -1  -4  -5  -4   0   5  -3   4   2  -4  -3  -2  -3  -2  -1    0   0   0   0   0   4   0   0   0   0  73   0  14   9   0   0   0   0   0   0  0.80 0.22
  242 L    -2  -3  -4  -4  -2  -3  -3  -4  -3   1   4  -1   1  -1  -4  -3  -2  -3   0   3    0   0   0   0   0   0   0   0   0   0  68   5   0   0   0   0   0   0   3  25  0.62 0.17
  243 N    -3  -3   3  -2   4  -2  -3  -3   1   1  -1  -3  -1   5  -4  -2  -2  -1   4  -2    0   0  24   0  11   0   0   0   4  10   0   0   0  33   0   0   0   0  18   0  0.56 0.15
  244 R    -2   5  -1  -2  -3   0  -1  -3  -2  -1  -2   2  -2  -3  -3  -1   0  -4  -2   1    0  59   0   0   0   0   0   0   0   0   0  11   0   0   0   4   4   0   0  22  0.60 0.14
  245 N    -1   1   2   3   5   1   0  -2  -1  -2  -1  -1  -2  -3  -2   1  -1  -3  -2  -1    0  10  11  22  20   9   0   0   0   0   5   0   0   0   0  15   0   0   0   7  0.27 0.06
  246 N    -2  -1   7   1  -3  -1  -1  -1   0  -4  -4  -1  -3  -4  -3   0  -1  -4  -3  -4    0   0 100   0   0   0   0   0   0   0   0   0   0   0   0   0   0   0   0   0  1.08 0.11
  247 M    -1  -2  -3  -3  -1  -2  -3  -4  -3   3   1  -2   4   0  -3  -2  -1  -2  -1   3    0   0   0   0   0   0   0   0   0  36   0   0  40   0   0   0   0   0   0  24  0.35 0.04
  248 A     4  -2  -2  -2  -1  -1  -1   2  -2  -2  -2  -1  -1  -3  -1   1   0  -3  -2  -1   84   0   0   0   0   0   0  16   0   0   0   0   0   0   0   0   0   0   0   0  0.46 0.04

                      K         Lambda
Standard Ungapped    0.1295     0.3166
Standard Gapped      0.0459     0.2670
PSI Ungapped         0.1499     0.3172
PSI Gapped           0.0459     0.2670
