
Last position-specific scoring matrix computed, weighted observed percentages rounded down, information per position, and relative weight of gapless real matches to pseudocounts
           A  R  N  D  C  Q  E  G  H  I  L  K  M  F  P  S  T  W  Y  V   A   R   N   D   C   Q   E   G   H   I   L   K   M   F   P   S   T   W   Y   V
    1 A    4 -3 -3 -3 -2 -2 -2 -2 -3 -1 -2 -2 -2 -3 -2  0  2 -4 -3  3   56   0   0   0   0   0   0   0   0   0   0   0   0   0   0   2  17   0   0  25  0.59 0.21
    2 T   -2 -3  2 -3 -3 -3 -3 -3 -3 -3 -4 -2 -3 -4 -3  1  7 -5 -4 -2    0   0  10   0   0   0   0   0   0   0   0   2   0   0   0  10  78   0   0   0  1.27 0.40
    3 I   -3 -2 -5 -5 -3 -4 -5 -6 -5  6  3 -4  3 -2 -5 -4 -3 -4 -3  0    0   2   0   0   0   0   0   0   0  59  33   0   7   0   0   0   0   0   0   0  1.06 0.33
    4 K    0  1 -1  0 -4  1  1 -3  1 -4 -3  5 -3 -3 -3 -1  0 -3  3 -3   10   4   1   4   0   4   6   0   3   0   1  50   0   0   0   1   4   0  12   0  0.58 0.25
    5 D   -2 -4 -1  7 -6  0  2 -4 -3 -5 -6 -3 -2 -6 -4 -1 -3 -6 -5 -5    2   0   0  81   0   3  10   0   0   0   0   0   1   0   0   2   0   0   0   0  1.67 0.43
    6 V   -3 -5 -5 -5 -3 -4 -5 -5 -5  5  0 -4 -1 -2 -5 -4 -2 -5 -3  5    0   0   0   0   0   0   0   0   0  39   4   0   0   0   0   0   0   0   0  56  1.16 0.35
    7 A    7 -4 -4 -4 -3 -3 -3 -2 -4 -4 -4 -3 -3 -5 -3 -1 -2 -5 -4 -3   98   0   0   0   0   0   0   0   0   0   0   0   0   0   0   2   0   0   0   0  1.60 0.48
    8 K    0  4 -1 -1 -4  1  2 -2 -2 -2 -1  3 -2 -4 -3 -2  0 -4 -3 -3    7  29   1   2   0   5  12   1   0   2   9  28   0   0   0   0   4   0   0   0  0.46 0.20
    9 R    0  2 -2 -2 -1  1  1 -3  0  0  3  1  1 -2 -3 -2 -1 -3 -1 -1    8  12   0   0   1   6  13   0   3   3  35  11   2   0   0   0   2   0   1   1  0.22 0.15
   10 A    6 -3 -3 -4  0 -3 -3  0 -4 -3 -1 -3 -3 -4 -3  1 -2 -5 -4 -1   78   0   0   0   1   0   0   4   0   0   6   0   0   0   0   8   0   0   0   3  0.98 0.35
   11 N   -2  0  2 -3 -5 -1 -3  6 -3 -6 -5  0 -4 -5 -4 -2 -3 -5 -5 -5    1   6   9   0   0   3   0  75   0   0   0   6   0   0   0   1   0   0   0   0  1.30 0.35
   12 V   -2 -5 -5 -5 -3 -4 -5 -5 -5  1 -1 -5 -1 -1 -5 -4 -1 -5 -1  7    0   0   0   0   0   0   0   0   0   4   2   0   0   2   0   0   2   0   2  88  1.35 0.41
   13 S   -1 -3 -2 -3 -3 -3 -3  0 -3 -5 -5 -3 -4 -5  0  6  1 -5 -4 -4    0   0   0   0   0   0   0   5   0   0   0   0   0   0   4  87   4   0   0   0  1.36 0.45
   14 T    0  0 -2 -2 -3  0 -1 -3 -1  1 -1  2  1 -2  0 -1  2 -3 -1  2    7   5   0   0   0   2   3   0   1  10   2  21   6   0   5   2  18   0   1  17  0.19 0.13
   15 T    3 -3 -2 -1 -2 -1 -2 -2 -3 -3 -3 -2  2 -4 -3  3  4 -4 -3 -2   32   0   0   4   0   1   0   1   0   0   0   0   7   0   0  26  28   0   0   0  0.59 0.27
   16 T   -1 -4 -3 -4 -3 -3 -3 -1 -4 -3 -4 -3 -3 -5 -4 -1  7 -5 -4 -1    2   0   0   0   0   0   0   4   0   0   0   0   0   0   0   0  92   0   0   2  1.67 0.50
   17 V   -1 -5 -5 -5 -3 -4 -5 -5 -5  0  0 -5 -1 -3 -5 -4 -2 -5 -4  7    5   0   0   0   0   0   0   0   0   0   4   0   0   0   0   0   0   0   0  92  1.46 0.44
   18 S   -1 -1 -2 -3 -3 -3 -3 -3 -3 -5 -5 -3 -4 -5 -3  7  0 -5 -4 -4    0   4   0   0   0   0   0   0   0   0   0   0   0   0   0  95   2   0   0   0  1.59 0.50
   19 H   -2  7 -1 -4 -5  0 -2 -4  5 -5 -2  0 -1 -4 -4 -3 -3 -4  0 -4    2  73   2   0   0   2   0   0  13   0   3   0   1   0   0   0   0   0   3   0  1.39 0.41
   20 V    0 -4 -3 -5 -3 -4 -4 -5 -4  2 -1 -4 -1  1 -4 -3 -2 -4  1  6    9   0   1   0   0   0   0   0   0   6   2   0   0   5   0   0   0   0   5  70  0.89 0.32
   21 I   -3 -4 -5 -5 -3 -4 -5 -6 -5  5  4 -4  1 -2 -5 -4 -3 -4 -1  1    0   0   0   0   0   0   0   0   0  36  55   0   2   0   0   0   0   0   2   5  1.00 0.35
   22 N   -3  0  8 -1 -5  0 -3 -1  0 -5 -5 -2  1 -5 -4  0 -3 -6 -4 -5    1   4  78   0   0   3   0   3   2   0   0   0   5   0   0   4   0   0   0   0  1.57 0.51
   23 K   -2  1  5  1 -4  0  0  3  1 -5 -5  3 -3 -5 -3 -1 -1 -5 -4 -4    0   5  31   7   0   3   3  21   3   0   0  23   0   0   0   2   2   0   0   0  0.61 0.26
   24 T   -1  0  2  0 -3  0  1 -2  2 -3 -3  1 -2 -2  2  1  2 -4 -1 -2    3   4  12   3   0   2   9   0   6   1   0  11   0   2  11  14  19   0   1   1  0.30 0.16
   25 R   -1  2 -1  0 -4 -1  1  1 -2 -3  0  0 -2 -2  4  0 -1 -3  1 -3    1  16   1   5   0   2   8  14   0   0  14   3   0   0  20   6   3   0   7   0  0.30 0.17
   26 F    0  1  2 -1 -3  0 -1  0  1 -3 -2  0 -2  2 -2  1 -1 -2  3 -2    6   9  14   3   0   5   1   6   2   0   2   6   0  12   1  12   2   0  15   3  0.20 0.14
   27 V   -1 -5 -5 -5 -3 -4 -5 -5 -5  3  0 -4  0 -3 -5 -2 -2 -5 -3  6    3   0   0   0   0   0   0   0   0  12   7   0   2   0   0   2   0   0   0  74  1.14 0.41
   28 A    2  0  0 -2 -3 -2 -2 -2 -1 -4 -4  1 -3 -4 -1  5  1 -5 -4 -3   21   5   3   0   0   0   0   0   1   0   0  10   0   0   2  52   6   0   0   0  0.69 0.33
   29 E    1 -2 -2  2 -4  1  4 -2 -2 -3 -2  1 -1 -4  3 -1 -1 -4 -3 -2   15   0   0  12   0   7  32   2   0   0   3   7   1   0  14   1   2   0   0   2  0.44 0.21
   30 E    1  0  0  2 -4  0  4 -3  0 -4 -3  1 -3 -4 -2  0 -1 -4 -3 -3   17   3   4  13   0   2  39   0   1   0   2   9   0   0   0   6   3   0   0   0  0.51 0.23
   31 T   -1 -3 -2 -3 -3 -3 -3 -4 -4 -1 -1  0 -3 -4 -3  0  7 -4 -4 -2    4   0   0   0   0   0   0   0   0   2   7   6   0   0   0   3  76   0   0   0  1.18 0.45
   32 R   -2  6 -2 -3 -5  1 -1 -1 -2 -1 -4  3 -3 -5 -4 -2 -2 -5 -4 -2    2  59   0   0   0   5   3   4   0   4   0  19   0   0   0   1   1   0   0   2  1.05 0.38
   33 N   -1 -1  1  1 -4  3  4 -2  3 -4 -2  2 -3 -4 -3 -1 -1 -4 -3 -4    4   0   6   8   0  17  31   2   8   0   4  17   0   0   0   1   3   0   0   0  0.54 0.25
   34 A    1  5 -1 -3 -4  0 -2 -3 -2 -3 -2  5 -1 -4 -3 -1  0 -5 -4 -3   12  35   1   0   0   2   0   0   0   1   3  38   1   0   0   2   4   0   0   1  0.77 0.32
   35 V   -3 -5 -5 -6 -3 -5 -5 -6 -6  4 -1 -5 -1 -3 -5 -4 -2 -5 -4  6    0   0   0   0   0   0   0   0   0  22   2   0   0   0   0   0   0   0   0  76  1.38 0.46
   36 W   -1  0  0 -1 -3 -1  1 -3  1  0  3 -1  2  0 -3 -2 -1  3  0 -1    4   6   5   2   0   1  13   0   4   5  33   3   8   4   0   0   3   6   2   0  0.20 0.15
   37 A    2  1  0  0 -3  3  3 -2 -1 -4 -4  2 -3 -4 -2  0 -1 -4 -3 -3   26   7   5   5   0  13  20   0   1   0   0  16   0   0   0   5   3   0   0   1  0.42 0.22
   38 A    5 -4 -4 -4 -2 -3 -2 -3 -4  3 -2 -3 -2 -3 -3 -1  0 -5 -3  1   61   0   0   0   0   0   2   0   0  18   1   0   0   0   0   1   6   0   0  11  0.74 0.34
   39 I    3 -4 -4 -5 -3 -3 -4 -4 -4  4  1 -3  6 -2 -4 -3 -2 -4 -3  2   26   0   0   0   0   0   0   0   0  28   6   0  28   0   0   0   0   0   0  13  0.75 0.34
   40 K    0  2  1  3 -4  1  4 -3 -2 -4 -4  3 -3 -5 -3 -1 -2 -5 -4 -4    7   9   8  15   0   5  29   0   0   0   0  26   0   0   0   1   1   0   0   0  0.61 0.26
   41 E   -1  0 -1  1 -5  1  5 -3 -2 -4 -2  3 -3 -5 -3  0 -1 -5 -4 -2    3   4   1   5   0   6  47   0   0   0   3  21   0   0   0   5   2   0   0   2  0.70 0.31
   42 L   -3 -3 -3 -5  0 -1 -4 -5  1  1  5 -4  1 -1 -5 -2 -2 -4 -3  0    0   1   1   0   2   3   0   0   4   7  73   0   2   1   0   2   1   0   0   2  0.83 0.34
   43 H    0 -3  4  1 -4 -1  0  4  3 -4 -4 -2 -3 -4 -3  0 -1 -4 -3 -2    8   0  26   6   0   2   5  36   8   0   0   0   0   0   0   3   3   0   0   3  0.63 0.27
   44 Y   -2 -5 -5 -6 -5 -4 -5 -6 -1 -4 -4 -5 -4  2 -6 -4 -1 -1  9 -4    3   0   0   0   0   0   0   0   0   0   0   0   0   5   0   0   3   0  89   0  2.44 0.68
   45 S    0  3 -2 -3 -3  2 -1 -3  1  1  0  1 -1 -3 -3  0  1 -3 -1  0    5  22   0   0   0  11   0   0   4  13  10   6   0   0   0   9  13   0   1   7  0.22 0.17
   46 P   -3  0 -4 -4 -5 -3 -3 -5 -4 -3 -5  2 -4 -6  8 -3  1 -6 -5 -2    0   5   0   0   0   0   0   0   0   2   0  12   0   0  70   0   8   0   0   3  1.79 0.51
   47 S   -2 -1  6  0 -4  1 -2 -3 -2 -4 -5  0 -4 -4 -1  3 -1 -5  0 -1    0   3  46   4   0   6   0   0   0   0   0   4   0   0   3  24   2   0   4   5  0.79 0.40
   48 A    2  3  0 -2 -3  0 -1 -1 -2 -1 -1  1 -2 -3  0  0  1 -3 -1 -1   22  24   3   0   0   4   3   4   0   5   5   7   0   0   4   4   8   0   3   4  0.20 0.15
   49 V    1 -2  1 -2 -2  0 -2 -2  1  0  0 -1  1 -1 -2  1  1 -3 -2  3   14   0   8   0   0   3   0   1   5   4   6   3   4   3   0  13   6   0   0  28  0.16 0.16
   50 A    6 -1 -3 -3 -2 -2 -3  0 -3 -1 -2 -2 -3 -3  0 -1 -2 -4 -3 -2   71   3   1   1   0   0   1   7   0   4   3   1   0   0   5   1   1   0   0   1  0.85 0.38
   51 R   -2  6  1 -1 -4  2 -2 -1 -2 -2 -1  1 -3 -4 -3 -1 -2 -4 -3 -2    3  51   8   2   0  10   0   5   0   2   7   6   0   0   0   2   0   0   0   3  0.71 0.34
   52 S    1  0  1  0 -3 -1 -2  1  0 -2 -2  1  0 -3  2  3  0 -4 -3 -2   12   5   8   5   0   2   0   9   2   3   4   7   3   0  10  27   2   0   0   0  0.24 0.18
   53 L   -2 -4 -5 -5 -4 -4 -4 -5 -4  0  5 -2  2 -1 -5 -1 -3 -4  0 -1    2   0   0   0   0   0   0   0   0   3  73   3   5   2   0   6   0   0   3   2  0.99 0.42
   54 K    2  3 -2 -3 -3  2 -2 -1 -2 -2 -2  3 -2 -3 -3  0  0 -4  0 -1   20  18   0   0   0   8   0   5   0   2   3  25   0   0   0   7   4   0   3   4  0.36 0.24
   55 V    0  0  1 -1  0  1  0  1 -1 -1 -1  0 -1 -3 -2  1  1 -3 -2  1    8   3   8   3   3   7   4  11   2   2   5   5   1   0   0  10  13   0   0  15  0.10 0.11
   56 N   -1  1  3 -2 -4  3  0  1  0 -5 -5  4 -3 -5 -3  1 -2 -5 -4 -4    5   7  18   0   0  12   3  12   2   0   0  28   0   0   0  12   0   0   0   0  0.58 0.32
   57 H    1  2  0  0 -3  1  0  0  3 -3 -3  2 -2 -2 -1  1  1 -4 -1 -2   11  13   3   3   0   7   4   6  11   0   0  12   0   2   2  13   8   0   2   2  0.23 0.16
   58 T    0  0  0 -1 -3  0 -1 -3 -3  0 -2  0  0 -1 -3  2  4 -4 -3  1    7   4   5   3   0   3   4   0   0   6   2   4   2   2   0  16  29   0   0  14  0.27 0.20
   59 K    0  1  2  0 -3  1  1  0  1 -3 -2  2 -2  0 -1 -1  0  4  1 -3    7   6  14   5   0   6   7   5   4   0   3  18   0   4   2   0   8   6   5   0  0.21 0.14
   60 S    0  0  0 -2 -3  3 -1 -3 -2  0  0  0  1  0 -3  1  3 -3 -2  0    5   4   4   0   0  19   0   0   0   5   7   6   5   6   0   8  24   0   0   6  0.21 0.13
   61 I   -1 -2 -2 -3 -2 -2 -2 -3  4  2  2 -2  1 -1 -3 -2 -1 -3  0  2    0   0   0   0   0   0   0   0  25  25  25   0   0   0   0   0   0   0   0  25  0.25 0.03
   62 G    2 -4 -3 -4 -1 -4 -4  6 -1 -5 -4 -2 -2 -5 -4 -3 -4 -5 -1 -5   17   0   0   0   2   0   0  71   2   0   1   2   1   0   0   0   0   0   3   0  1.41 0.56
   63 L   -1 -4 -5 -5 -3 -4 -4 -5 -4  3  4 -4  3  1 -4 -4 -3  2 -1  3    5   0   0   0   0   0   0   0   0  15  38   0   7   4   0   0   0   3   2  24  0.68 0.34
   64 L   -1 -4 -4 -5 -3 -4 -4 -5 -4  4  3 -4  0 -1 -4 -1  0 -4 -3  3    5   0   0   0   0   0   0   0   0  28  30   0   2   2   0   5   4   0   0  23  0.63 0.33
   65 A    0 -3 -3 -4  0  0 -3 -4 -3  3  1 -3  2  1 -3 -1  1 -3  0  3   10   0   0   0   2   4   0   0   0  16  11   0   6   5   0   4  10   0   4  27  0.33 0.24
   66 T   -1 -2 -3 -1 -1 -2 -2 -2 -3 -2 -3 -1  0 -2  5  1  3  2  0 -1    4   1   0   3   2   1   2   2   0   2   1   4   3   2  33   8  22   3   4   3  0.64 0.35
   67 S   -1  0  1  4 -4  0  2 -1 -2 -2 -3  0 -3 -4 -3  2  2 -4  0 -2    2   6   6  27   0   2  13   4   0   2   2   4   0   0   0  14  12   0   4   1  0.39 0.26
   68 S   -1 -3 -1  0 -2 -2 -3 -3 -3  3  2 -1  1  0 -2  2  0 -3  0  1    4   0   3   5   1   0   0   0   0  21  20   3   3   3   2  18   6   0   4   7  0.20 0.20
   69 E   -1 -2  2  3 -1  2  2 -3 -1 -4 -3 -1 -3 -2 -3  3  2 -5 -3 -3    4   1  10  15   1   8  14   0   1   0   2   2   0   2   0  21  17   0   0   0  0.44 0.32
   70 A    0 -3  5  4 -4 -1 -1 -1  1 -3 -2 -1 -4 -5 -4  1  0 -5 -4 -3    6   0  32  26   0   2   2   4   3   1   3   3   0   0   0  12   4   0   0   2  0.67 0.38
   71 A    0 -1 -1 -3 -4  0 -1 -2  1  0 -1 -2 -3 -2  6 -1 -1 -4  1 -1    9   3   2   0   0   4   3   3   4   7   6   1   0   1  40   5   3   0   5   5  0.65 0.33
   72 Y   -1 -2 -5 -6 -2 -5 -5 -3  0 -1 -2 -5 -3  7 -6 -2 -4  1  6 -3    5   3   0   0   1   0   0   2   2   4   1   0   0  44   0   3   0   1  32   1  1.38 0.59
   73 F   -4 -2 -5 -1 -5 -5 -2 -4 -3 -2 -2 -5  0  7 -2 -3 -3  5  4 -2    0   3   0   4   0   0   2   1   0   2   1   0   2  53   3   2   1   6  16   3  1.27 0.56
   74 A    3 -1 -1 -1 -3 -1 -1  0 -3 -1 -1 -1  0 -3  1  2  1 -4 -1  0   26   3   2   2   0   1   2   7   0   3   6   2   3   0   8  16  10   0   2   6  0.20 0.19
   75 E    1 -2  0  2 -4  2  4 -2 -1 -2 -2 -1 -2 -4 -3  1 -1  0 -3 -2   11   1   5  13   0  10  30   2   1   2   5   2   1   0   0  11   3   1   0   3  0.38 0.28
   76 I   -1 -4 -2 -2 -3 -4 -3 -3 -4  4  3 -4  4  0 -4 -3 -1 -4 -3  2    5   0   2   3   0   0   1   2   0  25  26   0  13   4   0   0   3   0   0  17  0.53 0.31
   77 I    1  1 -2 -3 -3 -1 -2 -1 -3  2  1  1  0 -2 -3 -1  0 -4 -3  2   14  11   1   0   0   1   1   4   0  18  13   9   1   1   0   2   4   0   0  20  0.21 0.20
   78 E    1  2  1  0 -4  2  2 -3  3 -3 -1  2 -2 -1 -3  0 -1 -4  0 -3   11  13   7   4   0   8  12   0   8   0   8  17   0   2   0   5   1   0   4   0  0.27 0.22
   79 A    2 -2 -1 -2 -1 -3  0  5  0 -3 -5 -3 -4 -5 -4 -1 -1 -5 -2 -2   21   2   3   1   2   0   5  52   2   2   0   1   0   0   0   3   2   0   2   3  0.81 0.41
   80 V    0 -5 -5 -5 -3 -5 -5 -5 -5  5  1 -5  2  0 -5 -4 -3 -5 -3  4   10   0   0   0   0   0   0   0   0  39   9   0   6   4   0   0   0   0   0  32  0.93 0.45
   81 E    0 -3 -1  1 -5  1  5  0 -3 -5 -3  0 -4 -2 -4  0 -1 -5 -4 -2    6   0   2   7   0   5  52   6   0   0   2   5   0   2   0   6   3   0   0   3  0.74 0.43
   82 K   -1  1  1  2 -4  3  2 -3  0 -3 -3  3 -2 -4 -1  1  0 -1 -3 -2    4   8   5  11   0  15  13   0   1   1   1  19   1   0   2  10   4   1   0   2  0.37 0.26
   83 N    1  1 -1  0 -3  1  2 -3  1  0 -1  1  0 -1 -3 -1  0 -3  2  1   16   7   2   3   0   5  15   0   3   7   5   7   2   1   0   3   3   0  10  11  0.13 0.16
   84 C    5 -5 -5 -5  6 -4 -4 -4 -5  0  2 -4 -3 -1 -4 -2 -1 -5 -4 -2   51   0   0   0  19   0   0   0   0   4  17   0   0   3   0   1   2   0   0   1  0.98 0.52
   85 F    0  1 -1  1 -3  1  1 -2 -1 -3 -2  2 -2  1 -3  1  0 -2  3 -2    6   7   2   9   0   6  11   2   1   0   4  13   0   6   0  14   4   0  13   2  0.21 0.20
   86 Q    0  1  0  0 -4  3  4 -2  0 -2 -2  2  0 -2 -3  0 -1 -4 -2 -2   10   7   4   4   0  12  30   1   1   2   3  12   3   1   0   4   2   0   1   1  0.37 0.27
   87 K    0  1  1 -3 -1  2 -1 -3  5 -2  1  1  1  0 -3 -1 -1 -3  2 -2    7   7   7   0   2  12   3   0  16   0  15   8   4   4   0   3   3   0   9   1  0.26 0.23
   88 G   -3 -3  2  1 -5  1 -2  6  1 -6 -6  0 -1 -5 -4 -3 -4 -5 -5 -5    0   0  11   8   0   7   2  58   3   0   0   7   2   0   0   0   0   0   0   0  1.10 0.51
   89 Y   -2 -2 -3 -5 -4 -4 -4 -5 -2  1 -1 -1  0  2 -5 -4 -1  4  7  1    3   2   2   0   0   0   0   0   0   9   5   4   2   5   0   0   3   4  50  11  1.12 0.53
   90 T   -1  0  2  3 -4  2  1 -2  2 -3 -2  1  0  0 -3  0  2 -4 -1 -3    5   3  11  16   0  10   8   1   5   0   3   8   3   4   0   7  14   0   1   0  0.27 0.22
   91 L   -2 -4 -4 -5 -3 -4 -4 -5 -4  2  4 -4  3  0  0 -1  0 -3  1  2    1   0   0   0   0   0   0   0   0  11  39   0   7   3   5   4   7   0   6  17  0.53 0.32
   92 I   -3 -3 -4  0 -3  0 -3 -5 -4  4  2 -2  1  3 -4 -3  0 -3  0  2    0   0   0   6   0   5   0   0   0  28  19   2   3  13   0   1   7   0   3  11  0.42 0.28
   93 L   -2 -4 -2 -4 -3 -4 -3 -5 -4  4  4 -4  2 -1 -2 -2 -1  0 -2  2    3   0   2   0   0   0   2   0   0  27  38   0   4   1   2   2   3   1   1  13  0.57 0.32
   94 G    1 -2  1 -2  5  1 -1  1 -2 -1 -1 -2  1  0 -3  1  0 -3  0 -1   15   0   6   1  16   6   4  11   0   3   4   1   4   4   0  10   7   0   3   3  0.22 0.18
   95 N   -2 -1  5  2  2  1 -1 -2  1 -3 -4  0 -1 -3  0  1  1 -4  1 -3    0   2  31  11   5   6   2   2   4   1   1   4   1   0   4  10  11   0   5   0  0.45 0.30
   96 A    1 -2 -2 -2  0 -1 -2  1 -3  0 -2 -1 -2 -1  0  2  3 -3 -1 -1   11   0   0   2   2   2   0  12   0   6   4   2   0   2   4  22  24   0   3   3  0.27 0.24
   97 W    0  0  2  2 -3  2  1  0  1  0 -2 -1 -2  1 -3 -1 -1  0  1 -2    7   5   9  16   0  14   8   9   4   7   1   2   0   6   0   2   1   1   5   0  0.19 0.17
   98 N   -1 -1  4  2 -4  0  0  1  3 -4 -2  0 -3 -1  0  0 -2 -3  2 -3    3   2  25  12   0   4   5   9   9   0   3   4   0   2   4   7   0   0   8   0  0.34 0.23
   99 N   -2 -1  3  4 -4  0  1  0 -1 -3 -2 -1 -3 -4 -1  1 -2 -4 -3 -3    2   3  19  31   0   3   9   7   1   2   4   3   0   0   3  10   0   0   0   2  0.50 0.29
  100 L    0 -1 -1 -1 -3  0  0  0  0  1  0 -1 -1 -1  3 -1 -1 -3  0  0   11   2   3   2   0   5   8   6   2  13   9   4   1   3  18   3   1   0   3   7  0.16 0.12
  101 E    0 -2 -2  3 -4  3  4 -2 -1 -4 -3  0 -2 -4 -1  1 -1 -4 -4 -2    7   0   0  16   0  14  33   2   1   0   1   4   1   0   2  12   2   0   0   2  0.56 0.34
  102 K   -1  1  1  1 -3  1  0 -3  1  0 -1  4 -1 -2 -3  0  1 -4 -3 -2    4   5   6   7   0   5   4   0   3   6   8  32   1   2   0   7   7   0   0   0  0.26 0.22
  103 Q   -2 -2 -3 -2  0  4  5 -4 -2 -1 -1  0 -2  1 -4 -3 -3 -4 -1  0    2   0   0   0   3  23  40   0   0   5   6   3   1   7   0   0   0   0   2   6  0.68 0.42
  104 R    0  2  0  0 -3  2  0 -3  0  0  0  2  1 -3 -1  0 -1 -3 -2 -1    6  16   4   5   0  14   6   0   2   8  10  11   4   0   3   6   2   0   0   3  0.17 0.16
  105 A    1  0  0  1 -3  2  3 -1  3 -3 -3  0 -3 -2 -2  1  0 -4 -1 -2   15   4   3   9   0   8  21   3   8   0   2   6   0   1   0  10   5   0   2   2  0.28 0.21
  106 Y    1  0  0 -2  1  2 -2 -3  4  0 -1 -2  0  1 -3 -1 -2 -2  4  0   14   5   5   1   3  11   0   1  12   4   7   0   2   6   0   4   0   0  17   7  0.27 0.24
  107 L   -2 -1 -4 -4 -3 -2 -3 -3 -4  4  3 -3  0  1 -4 -2  0 -4 -2  2    2   3   0   0   0   2   1   1   0  25  32   0   1   6   0   3   7   0   0  15  0.46 0.29
  108 S   -2  2  2  2 -5  2  4  1 -1 -3 -3  0 -3 -5  0  0 -2 -5 -4 -4    2  12   8  12   0  10  27   9   1   1   2   3   0   0   4   7   0   0   0   0  0.46 0.30
  109 M   -1 -2  2 -1 -3  1 -1 -1 -1 -1  1  0  4 -1 -3  0  1 -3 -1  1    4   0  11   4   0   7   4   4   1   1  14   4  16   1   0   7  11   0   2   9  0.17 0.21
  110 M   -2 -4 -4 -5  0 -4 -4 -2 -4  1  4 -4  5  1 -2 -2 -3 -3 -3  1    3   0   0   0   2   0   0   3   0   7  50   0  16   5   2   2   0   0   0   7  0.71 0.38
  111 A    1  0  0 -1 -2 -2 -1 -3  0  2  2  1  0 -1 -3 -1 -1 -3 -1  1   15   4   5   2   0   0   4   0   2  16  24  12   2   1   0   1   2   0   2   7  0.14 0.16
  112 Q    1  1  1  0 -3  3  1  0  0 -1 -3  0 -2 -3 -2  1  0 -3 -1 -2   14   9   9   4   0  14   9   7   2   4   1   5   0   0   0  12   5   0   2   2  0.21 0.17
  113 K   -1  2  0 -1 -4  3  0 -1  2 -4 -2  4 -1 -4 -1 -1 -2  3 -1 -4    3  13   3   2   0  13   3   3   6   0   3  34   1   0   3   4   0   5   1   0  0.51 0.32
  114 R   -2  4  3 -2 -4  3  0  2  1 -2 -3  0  0 -4 -2  0 -2 -4 -2 -4    2  25  14   0   0  15   5  17   4   3   2   3   3   0   1   5   0   0   1   0  0.46 0.30
  115 V   -1 -4 -4 -4  3 -4 -2 -3 -4  3 -1 -4 -2 -2 -2 -2 -2 -4  0  5    4   0   0   0   6   0   3   2   0  13   3   0   0   1   2   3   1   0   3  57  0.80 0.43
  116 D   -1 -2  1  7 -5 -1 -1 -3 -4 -5 -5  1 -5 -6 -4 -1 -2 -6 -5 -3    4   2   5  66   0   3   2   1   0   0   0   7   0   0   0   5   2   0   0   2  1.31 0.57
  117 G    2 -5 -3 -4 -4 -4 -4  6 -4 -3 -5 -3 -4 -5 -4 -2 -4  0 -1 -2   21   0   0   0   0   0   0  67   0   2   0   1   0   0   0   1   0   1   2   2  1.35 0.57
  118 L   -3 -4 -5 -5 -3 -1 -5 -5 -5  5  3 -4  1 -1 -5 -4 -3 -4 -3  3    0   0   0   0   0   3   0   0   0  36  32   0   2   2   0   0   0   0   0  23  0.91 0.43
  119 L   -2 -6 -6 -6 -4 -6 -6 -6 -6  6  3 -6  0  0 -6 -5 -4 -5 -4  2    3   0   0   0   0   0   0   0   0  52  25   0   1   4   0   0   0   0   0  15  1.25 0.56
  120 V   -1 -4 -4 -5  1 -4 -4 -5 -4  4  2 -4  1  3 -4 -3 -3 -3  2  4    5   0   0   0   3   0   0   0   0  24  16   0   2  12   0   1   0   0   6  27  0.62 0.33
  121 M    1 -3  1 -3  0 -1 -1 -1  1  0  1 -3  4 -1 -3  0  1 -3  0  1   13   0   7   0   2   1   3   5   4   6  12   0  18   3   0   7   9   0   3   8  0.20 0.21
  122 C    1 -3 -3 -3  5 -3 -2  2 -1 -3 -1 -3 -3 -3  3  3  1 -4  0 -2    9   0   0   0  12   0   1  15   1   0   6   0   0   0  15  25   7   0   4   2  0.48 0.32
  123 S    0  0 -1 -3  0 -2 -2  1  2 -3 -2  1  0 -4 -1  2  2 -4 -3  0    8   5   2   0   2   0   1  12   6   0   4   8   3   0   2  21  16   0   0   8  0.24 0.24
  124 E    0 -1  1  2 -3  0  1 -1  0 -2 -1  1  0 -1 -2  0  1 -3 -2 -1    9   2   9  15   0   3  12   4   2   2   7   9   3   2   1   5  12   0   0   3  0.14 0.14
  125 Y    0 -1  0  0 -3 -2  0 -2  2  1  1 -1 -1  2 -1  0 -1 -2  3 -1    7   3   4   6   0   0   6   1   6   8  19   3   0   9   3   8   4   0  11   1  0.11 0.14
  126 P    0 -1  1  3 -4 -2 -1 -1  2 -4 -3 -1 -3 -3  3  2  2 -5 -3 -3    6   3   8  15   0   0   3   5   5   0   1   2   0   1  15  17  16   0   0   1  0.40 0.29
  127 E    0  0  1  4 -4  1  3 -2  0 -3 -4 -1 -3 -2 -1 -1  0  2 -2 -3   10   4   5  29   0   5  19   2   2   2   0   2   0   2   3   4   4   4   1   1  0.45 0.29
  128 P    0 -1  0  3 -4  0  2 -1  0  0 -2  1 -1 -4  3 -1  0 -4 -3 -1    7   3   3  16   0   4  15   5   2   7   2   7   1   0  15   4   5   0   0   4  0.27 0.19
  129 L    0  0 -1  0 -2  0  0 -1  0  0  1 -1  0  1  0  0  0 -2 -1  0    7   5   2   7   0   6   8   5   3   7  14   2   2   7   4   9   5   0   0   8  0.03 0.05
  130 L   -1  0 -2 -2 -3 -1 -1 -3 -2  2  2 -1  1  0 -1 -1  0 -2  1  1    5   5   2   1   0   3   3   1   0  18  26   5   3   2   2   3   5   0   7   8  0.16 0.15
  131 A    2  0 -1  2 -3  1  2 -2 -1 -2 -2  0 -2 -3 -1  1 -1 -3  1  0   19   5   2  12   0   5  13   2   1   2   3   5   0   0   3   9   3   0   7   6  0.17 0.17
  132 M    1 -1 -1 -1 -2  1  0 -2  2  0  1  1  2 -1 -1  0 -1 -3 -1  0   15   1   1   4   0   7   5   2   6   5  14   9   8   2   3   5   2   0   2   8  0.08 0.12
  133 L   -1 -1 -2 -4 -3 -2 -1 -3 -3  2  3 -2  2  2 -4 -1 -2  1  0  1    6   3   2   0   0   1   4   1   0  15  34   1   4  11   0   4   0   2   2   8  0.33 0.23
  134 E    1  1  0  0 -1  1  2 -2 -1 -2  0  2  0 -3 -1  0 -2  0 -3 -2   16   7   5   5   1   6  16   2   1   2  13  13   3   0   2   5   0   1   0   1  0.16 0.17
  135 E    2  2  1  2 -4  1  3 -3 -2 -4 -2  3 -3 -4 -3  0 -2 -4 -4 -3   17  10   7  10   0   5  21   1   0   0   4  17   0   0   0   5   2   0   0   0  0.42 0.29
  136 Y    1 -1  1  0 -1  0 -1 -2  2 -1  0 -1  0  0 -2  1 -1  3  2 -1   14   3   7   4   1   5   3   2   7   3   9   2   2   3   1  15   2   4  10   4  0.11 0.13
  137 R    1  1 -1  0 -3  1  1 -1 -1 -2 -1  2 -2 -3 -1  1  1 -3 -2 -1   16   9   1   5   0   8   8   3   2   1   5  14   0   0   3   8  10   0   0   4  0.17 0.15
  138 H   -1 -2  3  2 -3  2  0  3  2 -3 -3 -1 -3 -3 -1  0  0 -3 -1 -2    3   1  16  11   0  10   6  23   5   1   3   3   0   1   3   4   6   0   2   3  0.33 0.21
  139 I   -2 -2 -4 -2 -3 -2 -3 -2 -4  5  1 -3  2 -1 -2 -3  0 -3 -1  2    2   2   1   2   0   2   1   3   0  40  13   1   4   2   2   1   5   0   2  16  0.53 0.29
  140 P   -3 -5 -1 -4 -6 -4 -3 -3 -5 -3 -5  1 -5 -6  8 -4 -4 -6 -2 -5    2   0   4   0   0   0   2   3   0   2   1   7   0   0  76   0   0   0   1   0  2.17 0.81
  141 M   -1 -4 -1 -5 -1 -4 -4 -3 -4  2  2 -3  4  2 -4 -3  0 -4  1  4    3   0   3   0   1   0   0   2   0  12  16   2  13   7   0   0   7   0   4  29  0.49 0.32
  142 V   -2 -6 -6 -6  0 -5 -6 -3 -6  3  1 -5  1 -1 -4 -5 -3 -6 -4  6    3   0   0   0   2   0   0   2   0  15  11   0   2   2   1   0   0   0   0  63  1.23 0.59
  143 V    1 -4 -2 -4  1 -4 -3 -3 -4  2  2 -4  2  3 -3 -3 -1 -3  0  3   11   0   3   0   2   0   2   1   0  10  24   0   5  14   1   0   4   0   2  21  0.39 0.27
  144 M   -1 -4 -4 -5 -1 -1 -4 -4 -2  3  2 -4  4  2 -4 -2 -2 -3  1  2    4   0   0   0   1   4   0   1   1  21  21   0  14  10   0   3   1   0   5  14  0.50 0.31
  145 D   -1 -4  4  6 -6 -3 -1  2 -1 -6 -6 -4 -5 -6 -5 -1 -4 -6 -5 -2    5   0  24  46   0   0   2  15   1   0   0   0   0   0   0   3   0   0   0   3  1.18 0.57
  146 A    0  4 -1 -2 -4  1  0 -1 -1 -2 -4  0 -3 -1 -2  0  0  6 -3 -1    6  30   3   2   0   5   5   6   1   2   0   4   0   3   1   8   7  11   0   5  0.45 0.31
  147 G    0  0  1  1  1  0 -1  1  0 -1 -1  0 -1 -1 -1  1  0  0  0  0    6   6   7   9   5   3   2  12   2   3   3   5   1   2   1  12   7   2   5   7  0.06 0.08
  148 E    0 -2  0 -1 -3 -1  1 -1  0  1  0 -1 -1 -2  3 -1  0 -3  1  0    7   1   5   3   0   1  10   4   2  13  12   4   1   1  18   3   4   0   6   5  0.18 0.15
  149 A    1  0  0  2 -3 -1  1 -1  1 -3 -1  1 -1 -2  3  0 -1 -4 -2 -2   11   4   4  12   0   1  11   4   4   1   8   7   2   1  17   7   3   0   1   2  0.23 0.17
  150 K    0  1  1  2 -1  1  1  1  1 -3 -2  1 -1 -3  0  0  0 -4 -2 -2    9  10   8  13   1   7  10  11   3   0   4   6   1   0   4   4   5   0   1   1  0.18 0.14
  151 A    0 -1  0  0 -3  1  0  0 -1 -1  0  0 -1  0  2  1 -1 -3  0 -1    9   1   4   7   0   7   6   8   1   3  13   8   0   3  10  12   2   0   5   2  0.09 0.11
  152 D    0 -1  0  4 -4  1  2  1  1 -4 -4  0 -4 -5  2  0 -2 -5 -4 -3   10   3   4  28   0   6  13   9   3   0   0   5   0   0  11   5   1   0   0   1  0.48 0.30
  153 F   -1 -2  0  0 -1 -2 -2 -2  3  2  1 -2  1  3 -2 -1 -1 -2  2  0    4   1   6   6   1   1   1   2   9  13  15   1   3  14   2   3   4   0   7   7  0.16 0.14
  154 T    1 -1 -2  1 -1 -2 -2 -2 -1  1 -1 -2  0  0  2  0  2 -3  1  1   13   4   0  10   1   0   1   2   1   9   4   2   2   4  12   5  13   0   7  10  0.15 0.17
  155 D   -1 -4 -1  4  4 -3 -2 -2 -3 -1 -3 -3 -3  0  3  3  0 -4  1 -2    4   0   2  22   9   0   2   2   0   3   2   0   0   4  14  23   5   0   5   1  0.49 0.34
  156 A   -1 -1 -2 -4  0 -3 -3 -3  2  1  0 -1 -2  1 -1  1  0 -4  1  4    5   3   2   0   2   0   0   1   5   7   6   4   0   6   3  14   5   0   4  33  0.27 0.25
  157 V   -2 -4 -1 -2  2 -4 -4  0 -2  4 -1 -3  0 -3 -2 -2  1  1 -1  4    2   0   4   3   4   0   0   8   1  24   1   1   2   0   2   1  10   2   3  33  0.49 0.34
  158 I    1  0 -3 -1  0  0 -3  0 -1  3  0 -2  0  1 -3  0  1 -3  0 -1   11   6   0   4   2   4   0   8   2  22   8   0   2   8   0   7  11   0   4   0  0.14 0.19
  159 D   -2 -4 -1  6 -5 -2 -1 -4 -2 -3 -4 -4 -5  1  2  1  0 -6 -4 -2    2   0   2  48   0   2   2   0   1   1   1   0   0   8  12  13   6   0   0   3  0.94 0.51
  160 N   -4 -4  5  6 -5 -2 -1 -4  2 -5 -4 -3 -5 -5 -1  0 -3 -6 -5 -5    1   0  30  44   0   1   3   0   6   0   2   0   0   0   3   6   0   0   0   0  1.26 0.56
  161 A    1  0  5  1 -2  0 -1 -2  0 -1 -2 -1 -2  1 -2  0 -2  1  1 -2   12   5  30   8   1   3   2   2   2   3   5   2   0   6   2   8   1   2   4   3  0.30 0.22
  162 F   -1  1 -3 -1 -4  0  3 -4  0 -1 -1  0  0  3 -2 -2 -1  1  3  1    4   7   0   2   0   3  20   0   2   3   6   6   2  17   1   2   4   2   9  11  0.26 0.23
  163 E    1  0 -1  1 -4  2  2  1 -1 -1 -2  2 -2 -1 -1  0 -1  0 -2 -2   11   3   1   6   0  11  14  10   1   3   3  16   0   3   2   7   3   1   1   2  0.19 0.18
  164 G    3 -4 -2 -3 -1 -4 -4  5 -5 -4 -3 -4  0 -5 -2  1  1 -5 -5 -2   28   0   2   1   1   0   0  40   0   0   3   0   3   0   1  10   8   0   0   3  0.80 0.45
  165 G    2 -1 -3 -2 -1 -2 -2  4 -4 -1 -4  0 -2 -1 -4  0  0 -5 -4  1   21   3   0   1   1   1   2  38   0   4   0   5   1   2   0   5   5   0   0  10  0.54 0.33
  166 Y   -2  2 -3 -1 -5  1  2 -3  0 -2 -2  2  0  1 -4 -2 -1  2  5 -3    3  10   0   3   0   5  17   1   2   2   3  14   3   4   0   1   3   3  24   1  0.50 0.34
  167 M    0 -3 -2  0 -4  2  0 -3 -4  1  3 -1  4 -3 -3 -1 -2 -4 -4 -2    7   0   2   7   0  11   7   1   0   8  36   3  13   0   1   3   1   0   0   1  0.43 0.33
  168 A    5 -4 -4 -4  0  1 -1 -2 -4  1  0 -4 -1 -5 -2 -1 -2 -5 -4 -1   58   0   0   0   2   8   3   2   0   9   8   0   1   0   2   2   1   0   0   2  0.82 0.49
  169 G    2 -4 -3 -2  0 -3 -2  1 -4  0 -1 -3  1 -2 -4  0  4 -5 -4  2   16   0   0   2   2   0   2  12   0   3   5   0   3   2   0   4  30   0   0  18  0.44 0.34
  170 R   -2  3  1  2 -2  3  2 -3  1 -4 -3  3 -3 -1 -4  0  0 -5 -3 -3    3  20   6  12   1  13  11   1   3   0   2  16   0   3   0   5   5   0   0   1  0.45 0.30
  171 Y    0 -1 -3 -4 -4 -2 -1 -4  7 -1  0  0  2  2 -4 -1 -2  0  5 -2    8   2   0   0   0   1   3   0  25   4   7   5   6   7   0   4   2   1  21   1  0.71 0.39
  172 L   -4 -5 -6 -6 -4 -5 -6 -6 -6  3  5 -5  1  2 -6 -5 -3 -5 -4  0    0   0   0   0   0   0   0   0   0  16  66   0   2   8   0   0   1   0   0   5  1.28 0.56
  173 I    0 -2 -1 -2  0 -1 -2 -3 -2  5  1  0  0 -2 -1 -3 -1  0  0  2    9   2   3   2   2   2   2   2   1  38  10   6   1   1   3   0   3   1   4  10  0.34 0.26
  174 E    1 -1  1  3 -5  2  3 -2 -1 -5 -5  3 -4 -5 -1  0 -1 -5 -4 -5   10   2   5  17   0   7  24   2   1   0   0  20   0   0   2   7   2   0   0   0  0.58 0.36
  175 R   -1  3  2 -1 -3  3 -1 -3  2 -3  0  3 -1 -2 -4 -1 -2  1 -2 -3    6  15  13   3   1  13   1   1   5   0  13  19   1   2   0   3   1   2   1   1  0.35 0.28
  176 G   -1 -6 -4 -5 -6 -5 -5  7  1 -6 -4 -2 -6 -6 -1 -2 -2 -6 -6 -1    3   0   0   0   0   0   0  78   3   0   2   3   0   0   3   2   3   0   0   4  1.71 0.71
  177 H    1 -1 -1 -4  2 -2 -2 -2  8  0 -3  1 -4 -4 -3 -1 -4 -5  2 -1   12   3   2   0   4   1   2   3  42   6   3   7   0   0   1   3   0   0   7   3  0.99 0.50
  178 R   -2  3  3  0 -5  2  1  0  0 -2 -3  3 -3 -3 -4 -1  1 -4 -1 -4    1  16  13   5   0  10   7   6   2   3   2  22   0   1   0   2   9   0   3   0  0.41 0.29
  179 E   -3  3  3  2 -5  1  1 -3  2 -5 -5  3 -4 -3 -4  0 -1 -5 -2 -4    0  16  15  14   0   6   9   1   5   0   0  22   0   1   0   7   2   0   1   1  0.59 0.36
  180 I   -2 -3 -6 -6 -1 -6 -6 -7 -6  6 -1 -6 -1  3 -2 -5 -4 -5 -1  3    3   2   0   0   1   0   0   0   0  57   2   0   1  13   2   0   0   0   2  17  1.29 0.58
  181 G    4 -4 -4 -4 -4 -4 -1  3 -4 -2  0 -2 -3  0 -4 -1 -2  1 -4  1   38   0   0   0   0   0   3  27   0   1  11   2   0   4   0   2   1   2   0   9  0.59 0.39
  182 V   -2 -5 -5 -5  3 -4 -3 -3 -1  2  2 -5  0  5 -5 -4 -3  0  4  0    2   0   0   0   8   0   2   2   1  14  23   0   2  23   0   0   1   1  14   7  0.70 0.37
  183 I   -3 -5 -6 -6  2 -5 -6 -6 -5  5  4 -5  2  3 -6 -5 -4 -4 -1  1    2   0   0   0   4   0   0   0   0  30  36   0   5  13   0   0   0   0   2   7  0.96 0.46
  184 P    0 -1 -1 -2 -1  0  0  4 -1 -2 -2  0 -1 -2  0  1  0  0 -2 -1    7   3   2   1   2   5   5  31   1   2   3   4   2   2   5  13   7   1   1   3  0.27 0.20
  185 G    0 -3 -1 -2 -1 -4 -1  6 -4 -2 -2 -4 -4 -3 -4 -1 -3 -5 -5 -1    7   1   2   2   1   0   5  64   0   2   5   0   0   1   0   3   1   0   0   4  1.09 0.50
  186 P   -3  0  1  0 -4  2  2 -4  0 -2 -3  0 -3 -4  5  1  1 -5 -2 -1    0   5   7   4   0   8  12   0   2   3   2   4   0   0  29  10   7   0   1   4  0.54 0.32
  187 L    1 -1 -1  0 -3  0  1 -2  2 -1  1  1  0 -2  2 -1 -1 -3  0 -1   11   2   2   6   0   2  10   2   6   2  21  10   1   1  12   4   3   0   4   2  0.16 0.16
  188 E   -1  0  1  3 -4 -1  2  2  2 -4 -4  1 -4 -4 -3  2 -1 -5 -1 -2    4   5   6  19   0   1  14  14   4   0   1   9   0   0   0  16   3   0   2   3  0.37 0.26
  189 R    0  1  1  2 -3 -1  0  0  1 -1  0  1 -1 -1  0  1  0 -3 -1 -1    7   7   6  13   0   1   3   6   3   5   9  11   1   3   4  11   7   0   2   2  0.08 0.09
  190 N   -1 -1  2 -2 -3 -1  0  0  1  0 -2 -1  0 -2  2  2  2 -4  0 -1    4   2  11   0   0   2   5   7   3   5   4   3   3   1   9  20  13   0   4   5  0.18 0.19
  191 T    1 -2  2  0 -3 -1 -2 -1 -3  0 -2 -1 -2 -2  1  1  2  0 -2  1   13   2  12   6   0   3   0   4   0   7   2   3   0   2   8  10  15   1   1  12  0.18 0.20
  192 G    3 -1 -1  0  2  0  0  2 -3 -3 -4 -2 -3 -4  0  2  0 -5 -4  0   27   3   2   4   5   5   5  13   0   1   0   0   0   0   5  18   4   0   0   6  0.35 0.28
  193 A    0  3  0  0 -1  1  1 -1  0  0 -2  2 -2  0 -3 -1  0  1 -2  0    7  18   3   6   1   6  10   3   2   6   2  12   0   4   0   3   5   2   0   9  0.15 0.16
  194 G    0  0  1  3 -4  1  2 -1 -2 -1 -1  0  0  0 -3 -1 -2  0 -1 -1    7   4   6  17   0   8  18   5   0   5   7   5   3   4   0   2   1   1   2   3  0.19 0.18
  195 R   -5  8 -4 -2 -7 -3 -2 -6 -1 -4 -6  1 -1  0 -6 -5 -5 -6 -2 -2    0  78   0   2   0   0   2   0   1   1   0   5   2   5   0   0   0   0   1   4  1.95 0.82
  196 L   -2  2 -3 -2 -4 -1  0  0  0  1  2  0  0  0 -4 -2  0 -3  3  0    1  13   0   1   0   2   7   7   3   8  24   5   1   3   0   1   5   0  12   6  0.18 0.20
  197 A    1  0  1  2 -4  3  3 -3 -2 -4 -3  2 -3 -5 -2 -1  0 -5 -2 -2   13   5   6  10   0  14  17   1   0   0   2  16   0   0   1   3   5   0   2   3  0.38 0.28
  198 G    2 -6 -4 -2 -6 -5 -5  7 -5 -7 -7 -5 -6 -6 -5 -1 -1 -6 -1 -6   15   0   0   2   0   0   0  73   0   0   0   0   0   0   0   4   4   0   2   0  1.67 0.70
  199 F    0 -5 -6 -6 -5 -1 -5 -6  0 -1 -1 -5 -3  7 -6 -3 -5  5  6 -1    8   0   0   0   0   3   0   0   2   3   4   0   0  41   0   1   0   7  28   4  1.38 0.57
  200 M   -1  2 -2 -2  0  0  1 -3  1  1  1  2  3 -2 -3 -2 -1 -3  1  0    3  14   1   2   3   2  10   1   3  11  13  14   9   0   0   0   4   0   5   5  0.19 0.19
  201 K    1  2  1  1 -4  3  3 -3 -1 -3 -3  3 -3 -5 -3  0 -1 -5 -4 -4   12   9   7   7   0  15  18   0   1   1   2  19   0   0   0   6   2   0   0   0  0.46 0.29
  202 A    5 -4 -4 -4 -3 -3 -1  0 -4 -1 -2 -2 -3  0 -4 -1 -1 -4  2  2   50   0   0   0   0   0   5   6   0   2   3   1   0   4   0   1   3   0   7  16  0.62 0.39
  203 M   -3 -4 -5 -5  1 -4 -5 -4  0  1  4 -4  5  1 -5 -4 -3  2 -3  1    1   0   0   0   3   0   0   1   3   6  49   0  18   6   0   0   0   3   0   8  0.90 0.43
  204 E    2  1  1 -1 -3  1  1 -1  1 -2 -2  3  0 -4 -3 -1 -1 -4 -3 -2   23   6   6   2   0   4  11   2   4   2   4  23   2   0   0   3   4   0   0   1  0.29 0.22
  205 E    1  0 -1  2 -4  2  4 -3 -1 -4 -2  2 -3 -4 -1  0 -1 -4 -3 -3   11   4   2  13   0  11  31   1   1   1   3  10   0   0   2   5   3   0   0   1  0.47 0.27
  206 A    3  0  2 -1 -2  0 -1 -2  5 -3 -4  2 -3 -2  0  0 -1 -4  0 -3   28   3   9   3   1   4   3   2  18   1   0  12   0   1   4   5   3   0   4   0  0.42 0.29
  207 M   -1 -2  3  0 -1  2  0  4  1 -3 -3  1 -2 -4  1 -1 -3 -4 -1 -4    3   0  16   4   1   9   6  31   3   1   2  10   1   0   7   3   0   0   2   0  0.45 0.28
  208 I   -2 -1 -4 -4 -1 -2 -2 -3 -3  4  3 -2  1 -1 -4 -1 -2 -3  0  1    3   3   0   0   1   1   3   2   0  31  30   3   3   2   0   4   0   0   4   9  0.45 0.26
  209 K    0  0  1  1 -3  1  1 -3  0 -2 -2  1 -1 -2  3  0  1 -4 -3 -1    9   5   8   8   0   5  11   0   3   2   2  10   2   1  16   3   8   0   0   6  0.24 0.16
  210 V   -1 -1 -3 -2 -3 -1 -3 -2 -2  3  1 -3  0  1  0 -1  1 -3 -1  3    3   3   0   3   0   4   0   3   1  16  13   0   1   7   6   3   8   0   2  26  0.23 0.19
  211 P   -1  2  2  2 -1 -1  0  0  1 -2 -1  1 -1 -3  2 -1 -1 -4 -3 -1    3  12  10  16   2   0   6   6   4   2   5  11   1   0  11   3   1   0   0   6  0.22 0.17
  212 E    0 -1  0  2 -4  1  3 -2  0  0 -2  0 -2 -2  2  0 -2  0 -1 -2    7   3   4  11   0   6  26   2   2   6   4   6   0   1  10   4   1   1   3   2  0.26 0.19
  213 S   -1  0  1  1 -1  2  2 -1 -1  0  0 -1 -1 -1 -3  1  0 -3 -1 -1    5   4   9   8   1  12  17   3   1   6   8   1   1   4   0  10   4   0   1   5  0.14 0.14
  214 W   -2  1 -2 -1  0 -1 -3 -3  2  0  1 -2  1  2 -4 -2 -2  8  2 -1    4   8   1   3   2   3   0   2   6   4  16   2   3   9   0   2   1  22   8   5  0.59 0.30
  215 I   -2 -3 -1 -1 -3 -3 -1 -4 -1  4  1 -2  2  0 -4 -1 -1 -4 -2  3    1   0   2   4   0   0   4   1   2  32  12   2   6   4   0   5   2   0   0  22  0.45 0.26
  216 V    0 -1 -1 -1  0  1 -1 -2  0  1  1 -1  0  1 -1 -1  0  0  1  2    7   1   2   4   2  10   3   2   2   9  13   4   1   6   3   1   5   1   5  17  0.06 0.09
  217 Q   -1  1  0 -1 -3  1  2 -1  1 -2 -1  0 -1  0 -1  2  2 -3 -2 -2    4   7   4   2   0   6  18   3   3   3   5   4   1   4   3  18  13   0   1   0  0.20 0.18
  218 G    2 -2  1  0  0 -2 -2  5 -1 -3 -4 -1 -4 -1 -2  0 -2 -4 -1 -4   16   1   6   5   2   1   1  45   1   1   1   3   0   2   2   5   2   0   3   0  0.60 0.32
  219 D    0  0  2  4 -1  1  0  0 -1 -3 -3 -1  0 -3  1  0  0 -4 -3 -3    7   6  11  27   1   6   4   8   1   2   2   2   3   1   6   7   5   0   0   0  0.32 0.21
  220 F   -4 -4  1 -3 -5 -4  0 -5  0 -1 -1 -4 -2  5  0 -2 -2  7  4 -2    0   0   6   1   0   0   7   0   2   3   6   0   1  28   4   4   2  17  16   2  0.91 0.44
  221 E   -2 -3  1  3 -4  1  2 -2  2 -4 -2  0 -3 -4 -3  2  3 -5 -2 -4    2   0   6  18   0   5  16   2   5   0   4   4   0   0   0  19  18   0   2   0  0.48 0.33
  222 P    0  2 -3 -2  1 -1  0 -3 -1  1  0 -1  2  0  3 -1 -1  0  1  0    7  12   0   1   3   2   8   0   1  10   8   2   6   3  14   4   3   2   7   6  0.16 0.15
  223 E    0  0  0  1 -4  2  3 -2 -1 -1 -2  2  0 -4 -2  0  0 -4 -2 -3    7   4   4   9   0   8  28   1   1   5   2  13   2   0   1   8   5   0   1   0  0.33 0.21
  224 S    0  0  1  2 -3  1  1  0  1 -2 -3  1 -2 -4 -1  2  1 -4 -3 -3    7   3   7  12   0   7   7   8   3   2   1  12   1   0   2  21   7   0   0   0  0.25 0.17
  225 G    3 -3 -2 -3 -4 -1 -2  5 -4 -4 -3 -1 -1 -4 -3 -1 -2  0 -4 -4   27   0   1   0   0   3   2  51   0   0   3   3   2   0   1   2   1   2   0   0  0.87 0.37
  226 Y    0  0 -3 -3 -3  1  0 -4 -1  0  1  1  0  1 -3 -2 -2  1  5  0    7   4   0   0   0   6   7   0   1   4  15  10   1   5   0   2   1   1  26   9  0.31 0.21
  227 R    0  1  2  2 -1  2  3 -3 -2 -3 -2  2 -1 -4 -3  0  0 -4 -3 -2    6   9  10   9   1  10  24   0   0   1   4  13   2   0   0   5   5   0   0   2  0.34 0.21
  228 A    2  0 -2 -3  0  0  0 -1 -1  0  1  0  1  0 -3 -1 -1 -3 -2  1   23   4   2   0   2   5   7   3   1   3  20   5   4   3   0   4   1   0   0  13  0.12 0.14
  229 M    2 -4 -4 -5 -3 -2 -4 -1 -4  1  1 -3  6  2 -4 -2  0 -3 -1  1   18   0   0   0   0   2   0   4   0   9   8   0  30  11   0   2   6   0   2  10  0.54 0.33
  230 Q    0  2  1  1 -4  2  3 -1  2 -3 -3  2  0 -3 -1 -1  0 -4 -3 -2    7   9   8   7   0  12  19   3   5   1   1  14   2   1   2   2   5   0   0   1  0.31 0.19
  231 Q    1  1  2  1 -4  2  2 -2  1 -4 -4  3 -1 -4 -3  0 -2 -4 -3 -2   14   6  13   6   0  11  16   1   3   0   0  19   2   0   0   6   0   0   0   2  0.40 0.25
  232 I    0 -4 -5 -5 -3 -4 -4 -5 -4  2  4 -4  3  1 -4 -2 -2  5 -1  1    8   0   0   0   0   0   0   0   0  12  47   0   7   6   0   2   2   8   1   7  0.65 0.31
  233 L   -2 -3 -3 -5  1 -2 -4 -5 -4  3  5 -2  1  1 -4 -4 -3 -3 -1 -1    3   1   1   0   4   2   0   0   0  16  59   3   2   4   0   0   1   0   1   1  0.73 0.34
  234 S    2  0  0  0 -3  1  2 -1  0 -1 -3  2  0 -4 -2  2  1 -4 -3 -2   18   3   3   5   0   5  14   4   2   3   0  13   3   0   0  17   7   0   0   1  0.24 0.18
  235 Q    0  2  1 -2 -3  2  0 -1  2 -3 -1  1  1 -3 -3  1  1  0  0 -2    5  13   6   0   0  11   3   5   6   0   8  11   6   0   0  12   9   2   3   0  0.19 0.16
  236 P   -1 -1  2  2 -4  0  1  2  3 -4 -2  1 -1 -3  2  0 -1 -3  0 -3    1   3  12  11   0   4   7  16   9   0   3   8   1   0  12   5   2   0   5   0  0.29 0.17
  237 H    0  0  2  0 -1  0  1 -2  2 -2 -2  1 -3 -3  5 -1 -1 -4 -3 -3    7   5  11   5   1   4   8   1   7   2   3   9   0   1  30   1   4   0   0   1  0.52 0.25
  238 R   -2  2  2  2 -3  1  0 -3  0 -2  0  1  0 -3  1 -1 -1 -4 -2 -2    1  15  12  16   0   8   5   0   1   0  11  10   2   0   8   2   4   0   1   3  0.26 0.17
  239 P   -3 -4 -4 -4 -4 -1 -4 -5 -1  3  0 -2 -2  1  6 -3 -1 -4  0  1    0   0   0   0   0   3   0   0   2  20   7   2   0   8  43   0   3   0   4   8  0.95 0.39
  240 T   -2 -3  1  4  0  1  0 -4 -2 -4 -4  1 -4 -5 -2  0  5 -5 -4 -4    1   0   5  30   2   5   6   0   1   0   0   7   0   0   1   4  39   0   0   0  0.80 0.41
  241 A    6 -4 -4 -4 -3 -4 -4  2 -4 -3 -4 -4 -1 -1 -4 -1 -3 -5 -4  1   70   0   0   0   0   0   0  16   0   0   0   0   2   3   0   1   0   0   0   8  1.11 0.51
  242 V   -2 -5 -5 -6 -3 -5 -5 -6 -5  5  1 -5  0  1 -5 -4 -3 -4 -2  5    3   0   0   0   0   0   0   0   0  37  10   0   1   7   0   0   0   0   1  42  1.01 0.42
  243 F   -3 -5 -5 -5 -4 -5 -5 -5 -1  3  1 -5  1  6 -5 -4 -3 -2  3  2    1   0   0   0   0   0   0   0   1  20  13   0   3  36   0   0   0   0   8  17  0.88 0.37
  244 C    4 -4 -4 -5  8 -4 -4 -1 -5  0 -3 -4 -3 -4 -4  0  2 -5 -4  0   34   0   0   0  32   0   0   5   0   5   1   0   0   0   0   5  12   0   0   6  0.99 0.44
  245 G    2 -2  0 -2  2  0 -1  0  0 -1 -2 -2 -1  0  0  1  2 -3  1 -1   24   0   4   1   5   3   2   7   3   3   2   0   1   5   4  11  13   0   7   3  0.16 0.16
  246 G   -1 -3  6  2 -1 -2  0 -1 -2 -5 -5 -1 -4 -4 -4  3  1 -5  0 -3    3   0  42  10   1   0   4   3   0   0   0   2   0   0   0  21   9   0   4   1  0.78 0.40
  247 D   -2 -5 -2  7  0 -3  0 -1 -4 -6 -6 -4 -6 -3 -4 -1  0 -7 -6 -6    2   0   0  79   2   0   3   4   0   0   0   0   0   1   0   4   5   0   0   0  1.74 0.63
  248 I    1 -1 -1  1 -2  0  1  0 -2  0  0 -1  0 -2 -1  0  1 -3 -3  0   13   2   2   9   0   4  14   8   0   7  12   0   3   0   2   8   9   0   0   7  0.09 0.11
  249 M    0 -1 -4 -5 -3 -1 -3 -5 -1  2  2 -2  7 -2 -4 -1  0 -4 -3  1    6   3   0   0   0   3   1   0   1  15  20   1  34   0   0   3   6   0   0   7  0.65 0.36
  250 A    6 -4 -2 -4 -3 -3 -4  1 -4 -4 -1 -3 -1 -5 -4  0 -1 -5 -4 -2   74   0   2   0   0   0   0   7   0   0   6   0   2   0   0   5   2   0   0   2  1.08 0.51
  251 M    0 -1 -3 -2 -2 -2  0 -2 -1  2  3 -3  3  0 -4 -3 -2 -3 -2  1   10   3   0   1   1   1   8   3   2  16  32   0  12   3   0   0   1   0   0   7  0.31 0.22
  252 G    0 -4 -3 -4 -5 -2 -4  6  0 -5 -1 -1 -4 -5 -5 -2 -4 -5 -5 -3    7   0   0   0   0   1   0  76   3   0   7   3   0   0   0   1   0   0   0   2  1.43 0.53
  253 A    4 -4 -4 -4 -1 -3 -4 -3 -4  2  1 -3 -2 -3 -3 -2 -1 -4 -2  3   48   0   0   0   1   0   0   0   0  14  12   0   0   0   0   0   3   0   1  19  0.64 0.35
  254 L   -1 -4 -4 -4  0 -3 -4 -4  0  4  3 -4  3 -1 -4 -2 -2  1  1  1    6   0   0   0   2   0   0   0   3  26  34   0   9   1   0   2   0   2   6   7  0.52 0.27
  255 C   -2  2  1  0  1  3  1 -1  2 -2 -2  2 -1 -1 -3  1 -1 -4 -2 -3    0  13   7   4   3  18   6   3   5   1   4  13   1   3   0  15   2   0   0   0  0.29 0.20
  256 A    4 -2 -3 -3  0 -2 -1 -1 -3 -1 -2 -2 -1 -1 -3  0 -1 -3  3  1   48   2   0   0   2   1   4   3   0   2   1   1   1   2   0   6   2   0  10  13  0.46 0.30
  257 A    2 -3 -2 -4  2 -3 -4 -3 -4  2  3 -3  2  0 -4 -2 -1 -3 -2  1   23   0   2   0   5   0   0   0   0  15  37   0   4   4   0   0   3   0   0   5  0.45 0.26
  258 D    0  2  1  0 -3  3  1 -2  1 -3 -1  3 -1 -2 -3  1 -1 -1  0 -3    6  11   8   4   0  15   7   1   3   1   7  19   1   1   0   9   3   1   3   0  0.25 0.18
  259 E    1  0  1  2 -4  3  4 -2  0 -3 -3  0 -2 -4 -3  0 -1 -4 -1 -3   11   5   5  12   0  12  34   3   2   1   2   5   1   0   0   4   2   0   2   0  0.48 0.26
  260 M    1  2  2 -2 -3  2 -1 -3  3 -2  1  1  1 -2 -3  0 -2 -4 -2 -1   15  13  10   0   0  11   1   0   8   0  19   7   4   1   0   6   1   0   0   5  0.22 0.20
  261 G   -2 -1  3  0 -5 -2 -3  6  2 -6 -6  0 -5 -5 -4 -2 -3 -5 -5 -5    2   4  15   4   0   2   1  60   5   0   0   6   0   0   0   1   0   0   0   0  1.13 0.45
  262 L   -2  1 -4 -4 -3 -1 -3 -3 -3  3  3  1  0 -1 -2 -2 -2  0  0  1    2   9   0   0   0   2   0   1   0  18  42  10   1   1   2   2   0   1   3   6  0.40 0.25
  263 R    1  3  1  1 -3  1  0 -1  2 -3 -3  3 -2 -4 -1  2  1 -4 -3 -3   10  16   6   7   0   4   3   2   5   0   1  19   0   0   2  15   8   0   0   0  0.31 0.19
  264 V   -1 -4 -4 -4 -3 -3 -4  1 -4  3  0 -3  0 -1 -2 -3  0 -4 -3  4    3   0   0   0   0   0   0  12   0  22   7   0   1   2   2   1   5   0   0  42  0.54 0.28
  265 P   -3 -3 -3 -1 -4 -3 -2 -1 -4 -4 -4  2 -4 -5  7 -2 -3 -5 -4 -4    1   1   1   3   0   0   2   6   0   1   2  13   0   0  66   2   1   0   0   1  1.67 0.51
  266 Q   -1  0  0  2 -3  3  3 -1  1 -3 -2  1 -2 -3 -2  0 -1 -3 -2 -2    4   2   4  11   0  17  26   4   4   1   3   9   0   1   1   6   4   0   0   3  0.37 0.19
  267 D    0 -1  0  5 -3  1  1 -2  0 -3 -3  0 -3 -3 -2  0 -1 -3 -3 -3   10   3   2  47   0   8   7   1   2   1   1   4   0   1   1   6   3   0   1   1  0.58 0.20
  268 V   -1 -3 -4 -4 -2 -3 -3 -4 -3  4  2 -2  1  1 -3 -3 -1 -3 -2  3    5   0   0   0   0   0   0   0   0  33  24   3   3   5   0   0   3   0   0  22  0.44 0.19
  269 S    1 -1  0  0  0  1  0 -1  0 -2 -2  0  0 -3  1  3  0 -3 -1 -1   11   1   1   5   2   8   5   3   3   0   3   3   4   0   6  35   4   0   2   3  0.23 0.15
  270 L   -2 -4 -4 -4 -3 -4 -4 -1 -4  5  2 -4  0 -2 -4 -3 -1 -4 -3  4    0   0   0   0   0   0   0   7   0  40  20   0   0   0   0   0   3   0   0  31  0.67 0.28
  271 I    1 -3 -1 -2 -2  0 -2 -2 -3  3  0 -2  0  0 -3 -2  0 -3 -2  3   19   0   3   2   0   7   0   2   0  26   5   0   1   5   0   0   4   0   0  26  0.27 0.18
  272 G    0 -3 -2  1  0 -3 -3  5 -3 -4 -4 -3 -3 -4 -3  2  1 -4 -4 -2    5   0   0   7   2   0   0  54   0   0   0   0   0   0   0  20  10   0   0   3  0.79 0.30
  273 Y    0 -3 -2 -4 -3 -3 -3 -1  0  2 -1 -3 -1  5 -4 -1 -2  2  4  1   10   0   1   0   0   0   1   4   2  13   0   0   0  36   0   4   1   3  14  10  0.51 0.24
  274 D   -3 -2  3  6 -4  0 -1  1  0 -4 -5  0 -4 -5 -1 -1 -1 -5 -4 -4    0   0  12  58   0   4   0  10   2   0   0   4   0   0   3   3   2   0   0   0  0.92 0.32
  275 N   -1  0  3  4 -4 -2 -1  3 -2 -4 -1 -2 -3 -4 -3 -1 -1 -4 -4 -3    5   4  20  34   0   0   0  23   0   0   7   0   0   0   0   2   2   0   0   0  0.56 0.24
  276 V    1 -2 -1  0 -2 -1 -1 -3  1  2  0 -2  0 -2 -2  1  2 -3 -2  1   11   0   3   5   0   1   3   0   5  21   6   0   1   1   0  12  18   0   0  12  0.18 0.15
  277 R    1  0  0  0 -3  0  2 -2  1 -2 -2 -1 -2 -1  3  0  0 -2  2 -2   15   5   4   5   0   3  16   1   4   1   4   2   0   3  17   3   6   0  11   0  0.27 0.16
  278 N   -1 -3 -1 -1 -3 -1  0 -4 -2  3  2 -2  0  1  1 -2 -1  2 -2  1    5   0   4   3   0   3   6   0   1  20  29   2   1   5   6   2   1   3   0   9  0.20 0.15
  279 A    3 -2 -1 -1  0 -2 -2  0 -3  0 -2  0 -1 -3  0  2  1 -4  0  0   32   0   3   4   1   0   0   7   0   5   1   8   1   0   5  16   8   0   4   5  0.23 0.19
  280 R    0  3 -1  1 -4  2  1 -3  1 -3 -2  2  0 -2 -1  1  0 -4 -3 -3    7  22   1   7   0  10  10   1   4   0   4  10   2   2   2  10   6   0   0   1  0.30 0.21
  281 Y   -1 -3  0 -2  0  0 -2 -4 -1  2  0 -2  3  4 -4 -1 -2 -2  4  1    4   0   5   1   2   6   2   0   1  11   8   2   9  18   0   5   0   0  18   9  0.37 0.25
  282 F    0 -3 -2 -1  0 -3 -3 -2 -3  1  2 -1  1  2 -4 -1  1 -2  2  2    7   0   1   4   2   0   0   2   0   5  22   4   4  12   0   3  10   0   7  17  0.21 0.18
  283 T    0  0  0  2 -3  0  1  0  1 -1 -2 -1 -1 -1 -3  2  1 -3  1 -1    8   6   4  11   0   3   8   5   4   3   2   2   2   2   0  22   9   0   6   3  0.17 0.16
  284 P   -2  0 -2 -4 -1 -4 -1  0 -4 -1 -2 -3  0 -2  7 -2 -3 -5 -5 -1    2   5   2   0   2   0   4   7   0   4   4   0   3   2  56   1   1   0   0   5  1.21 0.48
  285 A    1  1  0  0 -4  1  0 -1 -3 -4 -4  1 -4 -4  5  0 -2 -5 -1 -4   15   7   4   5   0   7   7   4   0   0   0   7   0   0  34   7   1   0   3   0  0.66 0.32
  286 L   -2 -4 -2 -4 -3  1 -4 -5 -1  2  5 -4  1 -2 -2 -4 -2 -4 -2  0    2   0   3   0   0   6   0   0   1  12  60   0   2   0   2   0   2   0   1   5  0.74 0.36
  287 T    1 -3 -2 -1 -3 -3 -3 -2 -1 -3 -3 -2 -3 -4 -3  3  6 -5 -4  0    9   0   0   3   0   0   0   2   2   0   2   2   0   0   0  19  52   0   0   7  0.86 0.45
  288 T   -1 -4 -3 -4 -4 -4 -4 -3 -4 -2 -4 -4 -4 -5 -4  3  6  1 -2  0    3   0   0   0   0   0   0   2   0   2   0   0   0   0   0  19  64   2   2   5  1.26 0.60
  289 I   -1 -6 -6 -6 -4 -5 -6 -6 -6  5 -1 -5 -1 -1 -5 -5 -2 -5 -4  6    4   0   0   0   0   0   0   0   0  35   2   0   1   3   0   0   1   0   0  54  1.32 0.54
  290 H    0  2  0  2 -2  1  0 -3  4  0 -2  1 -1  0 -3  0 -2 -3  1 -2   11  11   4  15   1   7   6   0  12   7   1   8   2   4   0   5   1   0   4   1  0.24 0.19
  291 Q   -2 -2 -2 -3 -5  6 -1 -5  1  2 -1  1 -3 -4 -1 -2 -1 -4  1 -1    3   1   1   0   0  47   2   0   3  13   6   7   0   0   2   2   4   0   5   3  0.77 0.45
  292 P   -2 -2  2  2 -5 -1 -3 -1  0 -5 -4 -3 -5 -5  7  1 -3 -5  1 -5    3   2   9  10   0   2   0   4   2   0   1   0   0   0  51  10   0   0   5   0  1.20 0.49
  293 K    0  0  0 -2 -3 -1 -2 -1  1  2  0  1 -1  0  0  0  2 -3  0  1    6   3   6   0   0   2   0   3   3  15   7  14   1   3   5   6  14   0   2   8  0.10 0.14
  294 D    0  3 -1  1 -4  0  2 -2  0 -2 -2  1 -2 -1  0  0  0 -3  2 -1    8  18   1   9   0   4  15   2   2   1   2   8   0   2   5   4   7   0   8   5  0.21 0.17
  295 S   -1  1  0  3 -4  2  3 -2 -2 -1  0  1 -1 -4 -3  0 -1 -4 -2 -2    4   9   2  17   0  10  24   2   0   3  10   6   1   0   0   6   3   0   2   1  0.32 0.23
  296 L   -1 -4 -5 -6 -4 -2 -5 -6 -5  3  4 -3  7 -1 -5 -4 -4 -4 -4  0    5   0   0   0   0   2   0   0   0  14  41   2  31   2   0   0   0   0   0   3  1.09 0.49
  297 G    3 -5 -4 -5  0 -5 -5  6 -5 -2 -6 -4 -5 -6 -5 -2 -4 -6 -6 -5   23   0   0   0   2   0   0  70   0   3   0   0   0   0   0   2   0   0   0   0  1.59 0.61
  298 E    1  2  0  0 -3  1  2 -2 -1  0 -2  2 -2 -2 -3  0  0  1 -1 -1   11  14   4   4   0   8  12   2   1   6   1  17   0   2   0   5   6   2   2   5  0.19 0.16
  299 T    0  0 -1 -2 -3  2  1 -1  0 -1  0  0  1 -3 -1 -1  1 -4 -2  1    9   6   2   1   0  13   9   3   2   2   9   6   4   0   2   3  13   0   1  15  0.12 0.15
  300 A    5 -3 -4 -4  1 -3 -4  1 -4 -1 -1 -3 -2 -4 -4  1  1 -5 -4 -1   58   1   0   0   3   0   0   8   0   4   5   0   1   0   0   8   7   0   0   4  0.77 0.43
  301 F    3 -4 -4 -4  0 -3 -4 -2 -1  1  0 -4  3  3 -4 -2  0 -3  0  3   30   0   0   0   2   0   0   2   1   6   9   0   9  12   0   2   4   0   2  21  0.44 0.30
  302 N   -1  2  1  4 -1  1  4 -2 -2 -5 -3  1 -4 -5 -3  0 -2 -5 -4 -4    4  10   6  23   1   6  29   2   0   0   2  10   0   0   0   7   1   0   0   0  0.60 0.32
  303 M    0  1 -3 -3 -3  1 -3 -4 -3  2  3  0  4 -2 -4 -2  1 -4 -2 -1    7   8   0   1   0   6   0   0   0  11  31   6  13   0   0   2  11   0   1   2  0.34 0.25
  304 L    2 -4 -5 -5 -3 -4 -5 -5 -5  2  5 -4  1 -1 -4 -3 -2 -4 -3  2   17   0   0   0   0   0   0   0   0   9  55   0   3   2   0   0   2   0   0  11  0.78 0.39
  305 L   -2 -3  0 -4 -3 -2 -3 -3 -1  3  3 -2  1  1 -4 -2  0 -3  0  1    2   0   5   0   0   1   1   2   2  18  39   2   4   4   0   3   6   0   3   8  0.37 0.22
  306 D    1  1 -1  2 -4  3  3 -2  0 -4 -3  3 -3 -3 -3  0 -2 -4 -3 -4   11   7   2  13   0  15  20   3   2   0   2  18   0   1   0   5   0   0   0   0  0.44 0.26
  307 R   -2  3 -2 -2  0  2 -1 -1  0  0  1  2  1 -2 -3 -1 -2 -3  0 -1    2  22   0   1   2   9   2   5   2   6  19  12   5   0   0   4   0   0   4   4  0.23 0.20
  308 I   -1 -4 -3 -5 -4 -4 -2 -3 -5  6  2 -4  3 -2 -5 -3 -2 -4 -1  1    5   0   1   0   0   0   4   2   0  51  17   0   9   0   0   1   1   0   2   6  0.83 0.40
  309 V   -1  0  2  2 -3  2  1 -1 -2  0 -1  2 -2 -3 -2  0  1 -4 -3 -2    5   3  11  12   0  10  10   4   0   6   6  16   0   0   0   6   8   0   0   2  0.21 0.16
  310 N   -2 -1  3  1 -4  0  1  3  3 -4 -5  2 -4 -5 -3 -1 -2 -5 -3 -3    2   2  17   9   0   3   8  29   8   1   0  15   0   0   0   3   1   0   0   2  0.54 0.29
  311 K   -1 -1 -1  2 -2  3  3  2  0 -4 -4  3 -3 -5  1 -1 -2 -4 -4 -4    5   2   2  10   1  14  17  15   2   0   0  20   0   0   8   1   2   0   0   0  0.47 0.28
  312 R    0  3  2  1 -3  0  2  0 -1 -2 -3  1 -2 -3  1  0  1 -4 -1 -2    7  17  10   6   0   3  12   6   1   2   1  10   0   0   6   6   9   0   2   2  0.23 0.15
  313 E    0  0 -2  1  0 -1  1 -2  0  1  0  1 -1 -2  2 -1  1 -4 -2  1    5   4   0  10   2   1   9   1   3  11   7  11   1   1  10   2   8   0   1  13  0.11 0.12
  314 E   -1 -2  0  1 -4  0  3 -1  0  0 -2  0  0 -3  2  0  0 -4 -1 -1    5   1   5   9   0   3  29   5   2   6   3   4   2   0   9   5   5   0   2   5  0.24 0.19
  315 P   -1  1  1 -2 -2  1  1 -2  1 -3 -3  1 -3 -5  5  0 -1 -5 -3 -3    3   9   7   1   1   7  10   3   4   1   1   8   0   0  33   7   3   0   1   2  0.62 0.30
  316 Q    0  2  0 -2 -4  2  1 -2  0 -2 -1  2 -2 -2  2 -1  0 -4 -2 -1    7  15   3   0   0  13  10   2   2   2   7  16   0   2   9   3   4   0   1   4  0.24 0.18
  317 S   -2  0  1  2 -3  2  0 -2  1  0 -2  2 -1 -3 -2  0  1 -4 -1  1    1   5   6  13   0  11   5   2   5   7   2  14   1   0   1   4  11   0   2  11  0.18 0.17
  318 I   -3 -1 -3 -4 -3 -4 -2 -5  0  5  2 -2 -1  1 -4 -3  0 -4  1  2    0   3   1   0   0   0   3   0   3  40  19   2   0   5   0   0   6   0   6  11  0.57 0.31
  319 E   -2  0 -2  0  1  1  2 -3 -2  1  0  0 -1 -1 -2 -1  2 -3  1  1    0   4   1   4   4   5  15   0   0  12   8   6   0   2   1   2  17   0   6  12  0.15 0.17
  320 V   -2 -2 -5 -5 -3 -4 -3 -5 -4  3  3 -4  3  3 -5 -4 -3  3  0  2    2   2   0   0   0   0   1   0   0  21  33   0   7  13   0   0   0   4   3  14  0.67 0.32
  321 H   -1 -1  1  0 -4  0  1 -1  3 -1 -3 -2  0 -4  5 -1  0 -5 -2 -3    4   3   8   4   0   4   8   4   8   4   1   1   3   0  36   5   5   0   1   0  0.65 0.31
  322 P    1 -3  0 -3  1 -3 -3 -2  3 -2 -2 -2 -3 -1  5  0  2 -4  0 -1   10   0   4   0   3   0   0   2   9   2   3   2   0   3  32   8  14   0   3   5  0.59 0.31
  323 R   -2  2  0  0 -5  0  4 -1  1 -3 -4  3 -3 -5 -1 -1  2 -5 -4 -3    2  13   3   4   0   3  27   4   4   2   0  21   0   0   2   1  16   0   0   1  0.50 0.31
  324 L   -4 -5 -1 -5 -2 -4 -5 -6 -5  2  5 -5  1  0 -5 -4 -1 -4 -1  0    0   0   4   0   1   0   0   0   0  12  68   0   3   3   0   0   3   0   2   3  1.01 0.44
  325 I   -2 -2 -3 -4 -3 -1 -1 -5 -4  5  0 -1  1 -1 -4 -3 -2 -4 -3  4    3   1   1   0   0   3   4   0   0  39   6   4   3   2   0   0   1   0   0  32  0.66 0.32
  326 E   -2  0 -3 -1 -3 -1  2 -3  0  2  0  0  0 -1 -3 -2 -1  1  1  3    1   7   0   2   0   0  20   1   3  13   6   7   2   2   0   1   3   2   5  24  0.20 0.19
  327 R   -2  8 -3 -5 -6 -2 -3 -3 -3 -6 -5  2 -4 -6 -5 -4 -4 -6 -5 -6    3  84   0   0   0   0   0   2   0   0   0  12   0   0   0   0   0   0   0   0  2.00 0.66
  328 R    0  2  0  1  0  2  2  1  3 -4 -4  2 -3 -3 -3  0 -2 -4 -2 -4   11  13   4   6   2   9  14  11  11   0   0  14   0   1   0   3   0   0   0   0  0.34 0.20
  329 S   -2 -4  0 -3 -4 -3 -3 -1 -4 -5 -5 -3 -4 -5 -4  6  3 -6 -5 -4    0   0   3   0   0   0   0   4   0   0   0   0   0   0   0  77  16   0   0   0  1.39 0.56
  330 V    0 -4 -3 -4  0 -3 -4 -4 -4  0  1 -3  0 -3 -4 -2  5 -5 -3  4    5   0   0   0   2   0   0   0   0   3  10   0   2   0   0   0  41   0   0  37  0.78 0.36
  331 A    3  1 -2 -2 -3 -1 -1  0 -2 -3 -2  4 -2 -3 -2  2 -1 -4 -3 -2   27   6   0   0   0   0   0   4   0   0   5  39   0   0   0  15   0   0   0   1  0.43 0.19
  332 D    0 -2  2  3 -3  0  2  1 -1 -3 -3 -1 -3 -3  3  1 -1 -4 -3 -3    8   0  14  16   0   3  21   9   0   0   1   0   0   0  16  10   0   0   0   0  0.42 0.11
  333 G    3 -2 -1 -2 -2 -2 -2  4 -2 -2 -1 -1 -2 -3  1  1 -1 -3 -2 -2   36   1   1   1   0   0   1  37   0   1   7   1   0   0   5   7   1   0   0   1  0.41 0.09
  334 P   -1 -2 -2 -1 -3 -1  0  1 -2 -2  0 -1 -2 -3  6 -1 -1 -3 -2 -2    1   1   1   1   0   1   9  13   0   1  14   1   0   1  54   1   1   0   0   1  0.90 0.09
  335 F   -2 -2 -1  4 -3 -1 -1  1 -1 -2 -1 -2 -1  4 -2 -1 -2 -1  1 -2    1   1   1  34   0   1   1  11   0   1   1   1   0  38   1   1   1   0   3   1  0.35 0.06
  336 R   -1  5  2 -1 -3  0 -1 -2 -1  0 -2  1 -1 -2 -2 -1 -1 -3 -2 -1    1  58  14   1   0   1   1   1   0   8   1   1   0   1   1   1   1   0   1   6  0.42 0.07
  337 D   -2 -2  3  6 -4 -1  1 -1 -1 -4 -4 -1 -3 -4 -2  0 -1 -5 -3 -4    0   0  22  78   0   0   0   0   0   0   0   0   0   0   0   0   0   0   0   0  0.90 0.06
  338 Y   -2 -2 -2 -3 -2 -2 -2 -3  1 -2 -1 -2 -1  2 -3 -1  2  1  7 -1    0   0   0   0   0   0   0   0   0   0   0   0   0   0   0   0  22   0  78   0  0.77 0.07
  339 R   -2  6 -1 -2 -4  1  0 -3 -1 -4 -3  2 -2 -3 -3 -1 -2 -3 -2 -3    0 100   0   0   0   0   0   0   0   0   0   0   0   0   0   0   0   0   0   0  0.95 0.07
  340 R   -2  6 -1 -2 -4  1  0 -3  0 -3 -2  2 -1 -3 -2 -1 -1 -3 -2 -3    0 100   0   0   0   0   0   0   0   0   0   0   0   0   0   0   0   0   0   0  0.76 0.01

                      K         Lambda
Standard Ungapped    0.1339     0.3194
Standard Gapped      0.0462     0.2670
PSI Ungapped         0.1509     0.3175
PSI Gapped           0.0462     0.2670
