
Last position-specific scoring matrix computed, weighted observed percentages rounded down, information per position, and relative weight of gapless real matches to pseudocounts
            A   R   N   D   C   Q   E   G   H   I   L   K   M   F   P   S   T   W   Y   V   A   R   N   D   C   Q   E   G   H   I   L   K   M   F   P   S   T   W   Y   V
    1 M    -2  -3  -4  -4  -2  -2  -3  -4  -3   2   4  -3   4   2  -4  -3  -2  -2  -1   0    0   0   0   0   0   0   0   0   0   9  68   0  15   9   0   0   0   0   0   0  0.53 0.09
    2 A     3   4  -2  -3  -4  -1  -2   2  -1  -5  -4  -1  -3  -5  -3   3  -2  -5  -4  -4   25  27   0   0   0   2   0  17   2   0   0   1   0   0   0  26   0   0   0   0  0.67 0.30
    3 R    -4   6  -4  -5  -7  -2  -2  -5   1  -6  -6   5  -5  -6  -4  -3  -4   4  -5  -6    1  50   0   0   0   0   2   0   3   0   0  38   0   0   1   1   0   5   0   0  1.64 0.57
    4 R    -4   7  -2  -5  -7  -1  -4  -3  -1  -7  -6   5  -5  -7  -6  -4  -3  -7  -6  -6    1  60   1   0   0   1   0   2   1   0   0  32   0   0   0   0   1   0   0   0  1.82 0.63
    5 K    -1   2   0  -3  -2  -1  -1  -1   1  -3  -3   4   0  -3   3   0   0  -5  -1  -2    5  11   4   0   1   2   2   3   3   1   2  29   3   1  17   6   5   0   2   3  0.42 0.25
    6 R    -3   8  -5  -6  -7   0  -4  -6  -2  -5  -6   0  -6  -7  -5  -4  -3  -7  -6  -7    2  85   0   0   0   3   0   0   1   0   0   5   0   0   1   1   1   0   0   0  2.31 0.74
    7 R    -2   2  -3  -4   1   1  -4   0   1  -2  -3   0  -4  -5  -1  -2   6  -6  -5  -1    2   9   0   0   3   5   0   7   4   2   2   4   0   0   3   1  54   0   0   4  0.90 0.45
    8 N     2   2   2  -3  -1  -1  -2  -1   0   1  -2   0  -1  -3   1   1   2  -4  -2   0   16  11  10   0   1   1   0   4   2   9   2   6   1   1   7   8  15   0   1   5  0.19 0.17
    9 F    -4  -6  -6  -7  -6  -6  -6  -7   1  -1   2  -6  -1   8  -7  -6  -3  -3   5  -4    1   0   0   0   0   0   0   0   3   2  16   0   1  55   0   0   2   0  19   0  1.74 0.57
   10 N    -3  -3  -1  -3  -5  -3  -4  -4   0  -5  -5   0  -5  -6   3   3   6  -6  -5  -4    0   1   3   1   0   1   0   0   2   0   0   5   0   0  13  25  49   0   0   0  1.19 0.53
   11 K     1   2   0   0  -4   1   1   0   1  -4  -3   2  -1  -4   2   1   0  -4  -2  -3   10  13   4   6   0   4   9   6   3   0   1  16   1   0   9  11   6   0   1   1  0.27 0.17
   12 Q    -1  -1  -1   1  -3   3   3  -2   3  -4  -2   1  -3  -1  -2   0  -1  -1   2  -2    6   3   1   7   1  12  24   2   9   0   4   7   0   2   1   7   2   1   8   3  0.35 0.22
   13 A     1  -3  -4  -5  -6   8  -1  -6  -4  -4  -6  -3  -5  -7  -5   0   0  -6  -2  -6   13   0   0   0   0  71   2   0   0   1   0   0   0   0   0   6   5   0   2   0  1.88 0.71
   14 T    -2   2  -4  -5  -4  -4  -4  -5  -5   2   4  -2  -1  -3  -5  -2   2  -5  -4   1    3  11   0   0   0   0   0   0   0  11  44   2   0   0   0   3  17   0   0  10  0.66 0.33
   15 E    -1   1   0   0  -3   3   2  -2   1  -2   0   0  -1  -1  -2   1   0  -4   0  -1    5   6   4   4   0  17  17   2   3   1  13   4   1   2   2   9   5   0   3   3  0.18 0.15
   16 I     1   1  -3  -1  -2   1   4  -3  -2   2  -1   0  -1  -2  -4  -2   0  -5  -3   1   11   7   0   1   1   4  31   1   1  12   5   5   1   2   0   1   7   0   0  10  0.34 0.23
   17 L    -5  -6  -7  -8  -5  -6  -7  -8  -7  -2   7  -6   2  -2  -7  -6  -3  -6  -5  -3    0   0   0   0   0   0   0   0   0   0  93   0   5   1   0   0   1   0   0   0  2.04 0.67
   18 N    -4   2   1  -2  -7   1   6  -5  -2  -4  -2   2  -2  -6  -5  -3  -4  -6  -5  -6    0   9   8   0   0   5  60   0   1   1   5  10   1   0   0   0   0   0   0   0  1.28 0.52
   19 E     2   2   1   0  -4   1   0  -2   1  -3  -3   4  -2  -5  -3   1   0  -5  -4  -3   17  13   7   5   0   5   6   1   3   1   2  26   1   0   0  10   4   0   0   0  0.41 0.24
   20 Y     0   0  -2  -3  -2  -1   3  -4  -1  -2  -1  -1  -1  -1  -4   0  -1   7   2  -1    9   6   1   0   1   2  25   0   1   1   5   4   2   2   0   7   4  19   7   5  0.62 0.31
   21 F    -6  -7  -7  -8  -7  -7  -7  -7  -5  -4   0  -7  -1   9  -8  -7  -6   5   2  -5    0   0   0   0   0   0   0   0   0   0   7   0   2  78   0   0   0   7   6   0  2.55 0.74
   22 Y     0   0   1  -1  -3   3   2  -3   4  -3  -1   1  -1   0  -4  -1  -2  -3   2  -3    8   5   7   3   0  15  14   1  11   1   6   9   1   5   0   4   1   0   8   1  0.31 0.21
   23 S    -1   2  -2  -1  -1   2   2  -3   1  -1  -2   2  -1   2  -3  -1   0  -4  -1  -1    4  11   1   2   2   9  17   1   3   4   3  17   1  11   0   5   5   0   2   3  0.25 0.18
   24 H    -3  -3   5   0   2   2  -2  -3   5  -5  -6  -1  -5  -5  -5   0   2   3  -4  -5    1   0  34   5   5   9   2   1  16   1   0   3   0   0   0   8  11   4   0   0  0.93 0.41
   25 P    -2   3   0  -4  -4   2  -1  -4   4  -5  -5   2   1  -6   5  -1  -2  -6  -4  -5    2  17   4   0   0  10   2   0  11   0   0  13   4   0  30   5   1   0   0   0  0.89 0.39
   26 Y    -5  -4   1  -7  -7  -3  -6  -7   2  -4  -4  -1  -3   1  -7  -6  -3  -2   9  -6    1   1   6   0   0   1   0   0   4   0   1   4   1   5   0   0   1   0  75   0  2.38 0.75
   27 P    -5  -6  -6  -6  -6  -5  -6  -7  -6   0   3  -5  -1  -5   7  -5  -5  -7  -6  -1    0   0   0   0   0   0   0   0   0   6  32   0   1   0  57   0   0   0   0   4  1.80 0.61
   28 S     0  -3   1   4   1  -3  -2  -2  -4  -5  -5  -2  -4  -5  -4   4   3  -6  -4  -2    5   0   6  24   3   0   1   3   0   0   0   1   0   0   0  31  21   0   0   2  0.77 0.39
   29 E     0   3  -2   0  -2  -1   2   0  -1   1  -2   1  -1  -3   1  -1  -1  -4  -2   1    6  19   0   4   1   1  18   7   1   8   2   6   1   1   8   3   2   0   1  10  0.21 0.17
   30 E     0   1  -1   0  -2   2   1  -1   1  -2  -2   1  -1  -1   2   0   0  -1   0  -2   10   8   1   6   1  10  10   3   3   1   3  10   2   3  10   8   4   1   4   3  0.16 0.12
   31 A     0   3  -2   2  -3   1   4  -4  -2  -2  -3   1   0  -5  -4  -2   0  -5  -4  -2    7  19   1  13   0   7  29   0   0   2   2   6   3   0   0   1   5   0   0   3  0.54 0.29
   32 K    -5   7  -4  -5  -7  -2  -4  -6  -4  -3  -2   4  -2  -6  -6  -5  -5  -2  -6  -6    0  66   0   0   0   1   0   0   0   2   4  26   1   0   0   0   0   1   0   0  1.88 0.64
   33 E     1   1  -2  -1  -1   1   3  -3   0   1  -1   1   0  -2  -3  -1   0  -3  -1   0   11   7   0   2   1   5  24   1   3  12   5  11   2   1   0   2   4   0   2   7  0.22 0.17
   34 E     0   2  -2   0  -3   3   5  -3   0  -4  -3   0   2  -5  -4  -2  -2  -5  -2  -3    7  10   1   4   1  12  42   1   2   1   2   5   5   0   0   2   2   0   1   1  0.69 0.35
   35 L    -5  -6  -7  -7  -5  -6  -7  -7  -6   3   6  -6   1  -2  -6  -6  -5  -5  -5   0    0   0   0   0   0   0   0   0   0  16  75   0   3   1   0   0   0   0   0   5  1.57 0.54
   36 A     7  -4  -5  -5  -2  -5  -5  -4  -6  -5  -5  -5  -5  -6  -5   2  -4  -7  -6  -2   81   1   0   0   1   0   0   0   0   0   1   0   0   0   0  15   0   0   0   2  1.75 0.65
   37 K     1   2   0  -1  -4   3   2  -2   2  -2  -2   2   0  -4  -3   0  -1  -4  -2  -2   14  13   4   3   0  13  13   1   5   2   3  11   3   0   0   7   3   0   1   3  0.27 0.18
   38 K     0   2   0  -1  -3   2   2  -3  -1  -1  -2   3   0  -3  -3   2  -1   0  -3  -2    9  10   3   2   0   9  13   0   1   3   4  20   3   1   0  15   3   1   0   3  0.28 0.20
   39 S    -4  -5  -5  -6   1  -5  -5  -5  -3   1   5  -5  -1  -4  -5  -3   5  -5  -5  -1    0   0   0   0   3   0   0   1   1   8  49   0   1   0   0   1  34   0   0   3  1.07 0.46
   40 G    -3  -1   4   0   0   0  -2   5   2  -6  -5   0  -3  -4  -5   0  -3  -6  -3  -5    1   2  20   5   3   4   2  46   4   0   1   5   1   1   0   5   0   0   1   0  0.90 0.37
   41 I    -5  -6  -7  -7  -5  -6  -7  -7  -6   1   6  -5   3  -3  -7  -6  -5  -5  -1  -1    0   0   0   0   0   0   0   0   0   6  83   1   6   0   0   0   0   0   2   3  1.68 0.57
   42 T    -2  -2   0   1  -3  -1  -1  -3  -1  -5  -4  -2  -4  -5   2   3   5  -6  -5  -4    2   2   3   8   0   3   4   1   1   0   1   2   0   0  10  25  38   0   0   0  0.75 0.39
   43 V    -3   0  -2   1  -6   2   5  -5  -3  -3  -1   0  -1  -4   2  -2  -1  -6  -3  -2    1   5   1   6   0   7  46   0   0   1   6   5   1   1  11   1   3   0   1   4  0.74 0.36
   44 S     0   4   0  -1  -2   0  -1  -3  -3  -3  -2   2  -2  -5  -2   2   2  -5  -3  -2    8  28   3   3   1   2   3   1   0   1   5  11   0   0   1  14  16   0   0   2  0.44 0.26
   45 Q    -4   3  -3  -5  -7   8  -3  -6  -2  -6  -6  -1  -5  -7  -6  -4  -2  -6  -6   1    1  15   1   0   0  68   0   0   1   0   0   2   0   0   0   1   2   0   0  10  1.89 0.70
   46 V    -4  -6  -7  -7  -5  -6  -7  -7  -7   5  -1  -6  -3  -4  -6  -6  -3  -7  -5   6    0   0   0   0   0   0   0   0   0  32   4   0   0   0   0   0   1   0   0  63  1.76 0.59
   47 S    -2   1   2  -3  -4   5  -1  -4  -3  -4  -5   5  -3  -6  -4   1  -1  -6  -5  -4    2   7   9   0   0  23   2   1   0   1   0  41   0   0   0   9   3   0   0   0  0.99 0.44
   48 N    -4  -5   4  -5  -5  -5  -5  -6  -5   5  -3  -5  -3   0  -6  -3   1  -6  -4   5    0   0  20   0   0   0   0   0   0  32   0   0   0   3   0   1   9   0   0  36  1.10 0.46
   49 W    -8  -8  -9 -10  -1  -8  -8  -8  -8  -8  -7  -9  -7  -4  -9  -8  -8  13  -3  -8    0   0   0   0   2   0   0   0   0   0   0   0   0   0   0   0   0  98   0   0  5.19 1.26
   50 F    -7  -8  -8  -8  -7  -8  -8  -8  -6  -5  -4  -8  -5   9  -8  -7  -7  -4   1  -6    0   0   0   0   0   0   0   0   0   0   0   0   0  97   0   0   0   0   3   0  3.34 0.91
   51 G    -3  -3  -4  -5   0   8  -3  -3  -4   2  -5   1  -4  -7  -5  -2  -2  -6  -6  -5    2   0   0   0   2  68   0   2   0  14   0   8   0   0   0   2   2   0   0   0  1.76 0.68
   52 N    -6  -5   9  -3  -8  -5  -5  -5  -4  -8  -8  -5  -7  -8  -7  -4  -5  -9  -7  -8    0   0 100   0   0   0   0   0   0   0   0   0   0   0   0   0   0   0   0   0  3.22 0.92
   53 K     1   7  -3  -5  -2   2  -3  -5   1  -6  -6   3  -5  -6  -5  -3  -4  -6  -3  -5   11  59   0   0   1  10   0   0   3   0   0  13   0   0   0   1   0   0   1   0  1.43 0.51
   54 R    -6   9  -5  -6  -8  -3  -5  -7  -5  -8  -7  -2  -6  -7  -7  -5  -6  -7  -6  -7    0 100   0   0   0   0   0   0   0   0   0   0   0   0   0   0   0   0   0   0  3.01 0.84
   55 I     4   1  -2  -4  -1   1  -3  -4  -4  -1  -3   1   5  -4  -4  -1   1  -5  -1   0   34   7   1   0   1   6   0   0   0   3   0   7  20   0   0   3   9   0   2   6  0.54 0.31
   56 R    -2   5  -4  -5  -7   0  -3  -5  -4  -6  -6   7  -5  -7  -5  -4  -3  -6  -5  -6    3  31   0   0   0   4   0   0   0   0   0  61   0   0   0   0   1   0   0   0  1.72 0.57
   57 Y    -1  -4  -2   0   0   0  -2  -5   4   0   1  -2   2   1  -5  -3  -2   8   2  -2    4   0   2   5   2   6   3   0  10   5  15   2   7   4   0   1   3  23   6   2  0.68 0.28
   58 K    -4   4  -4  -5  -6  -2  -3  -5  -4  -6  -3   6  -5  -5  -3  -4  -4   6  -4  -4    0  25   0   0   0   1   0   0   0   0   2  59   0   0   1   0   0  10   0   1  1.63 0.55
   59 K    -2   5   0  -4  -6   0  -3  -2   0  -6  -5   6  -3  -6  -2  -2  -2  -6  -5  -5    4  27   4   0   0   2   0   3   2   0   0  52   0   0   2   1   1   0   0   0  1.20 0.44
   60 N    -1   1   1   1  -4   4   1  -3   2  -3  -2   1   0  -4   3  -1  -1  -5  -3  -2    4   7   7   8   0  25   8   1   4   1   4   6   3   0  13   3   4   0   0   2  0.40 0.22
   61 I    -1  -1   1  -2  -3   1   1  -2   1   1   1   0   3  -2  -3   1   1  -3  -2   0    4   2   6   0   0   6  13   2   4   9  12   7  10   1   0   9   8   0   0   5  0.12 0.12
   62 G     0   1   0   0  -3   1   2   1   1  -1  -1   1   0  -2   0  -1  -2  -3  -2  -2    8   9   5   3   0   7  15  13   3   4   8  11   2   1   5   3   1   0   0   1  0.14 0.10
   63 K     0   4  -1   1  -4   1   3  -1  -2  -4  -3   2  -1  -4  -2   0  -2  -4  -4  -2    9  22   2   6   0   6  18   4   0   0   2  16   2   0   1   7   1   0   0   2  0.41 0.21
   64 F     0   0   0   0  -3   2   1   0   2  -1   0   1   3  -1  -2   0   0  -3  -1  -2    6   5   2   4   0  12   9   8   7   2   8   8  11   2   1   6   6   0   1   1  0.13 0.12
   65 Q    -1   2   0   0  -2   3   2  -2   1  -3  -1   2  -1  -3  -1   1  -1   3  -2  -2    2  10   2   4   1  18  12   3   3   1   8  11   2   0   3  12   2   4   1   2  0.26 0.17
   66 E     0   0   2   0  -3   1   3   0   0  -3  -2   1   0  -1   1   0  -1  -1  -3  -2    9   4  10   5   0   7  20   9   2   1   3   7   3   3   7   4   2   1   0   2  0.19 0.13
   67 E     0  -1   2   1  -4   0   3  -1   1  -3  -1   0  -2  -4   1   1   0  -4  -2  -3    7   3  13   8   0   3  21   4   3   0   6   4   1   0   7  11   4   0   1   1  0.26 0.16
   68 A     3  -1  -1   1  -3   0   0   0  -2  -3  -2   0   1  -4  -1   2   0  -4  -3  -2   35   3   2   9   0   3   7   5   0   0   3   5   5   0   3  14   4   0   0   2  0.31 0.21
   69 N    -1  -2   2  -1  -4   1   0   1   0  -3  -1   1  -1  -2   3   1   0  -4  -1  -2    2   1  14   3   0   8   4  11   2   0   6   8   1   1  18  11   4   0   2   2  0.30 0.17
   70 I    -1  -2   2   0  -3   0  -2  -2   1   2   1  -1   1  -2   2   0   0  -4  -3   0    3   1  13   5   0   4   1   2   5  16  16   3   4   1  10   8   6   0   0   3  0.16 0.14
   71 Y    -1   2  -1  -3  -4   1  -1   1   4  -2  -1   0   0   2   0   1  -2  -3   2  -2    2  12   1   0   0   6   2  10  14   2   4   3   2   8   4  14   1   0  10   3  0.23 0.17
   72 A     3  -3  -2  -2   3   0  -1   3  -1  -3  -2  -1  -3  -4   0   1   1  -4  -2  -2   29   0   1   1   7   5   3  20   2   0   5   2   0   0   5  10   9   0   1   1  0.35 0.20
   73 A     3  -2  -1   0  -2  -1   2   0   3  -3  -3   0  -3  -4   1   2  -1  -4  -3  -1   27   0   1   5   1   1  13   7  10   1   1   5   0   0   6  15   3   0   0   4  0.33 0.20
   74 K     0   0   2   1  -2   0   1   1  -3  -4  -4   3  -3  -5   4   0   0  -5  -4  -3    6   3  10   7   1   3   7  10   0   0   0  19   0   0  22   7   4   0   0   1  0.47 0.21
   75 T     1  -1   0   2  -3   0   0   1  -2  -2  -3   0  -1  -3   0   1   3  -4   0  -2   12   3   3  15   0   3   3  11   0   2   1   4   1   0   3   6  27   0   4   1  0.26 0.17
   76 A     2  -2   0   0  -3  -2  -1   3  -3  -4  -3   1  -3  -3   3   1  -2  -4  -4  -3   24   1   4   6   0   0   4  23   0   0   1  12   0   1  14   9   1   0   0   0  0.44 0.21
   77 V     2  -2  -3  -2  -3   0  -2  -3  -3   1   3   1   0  -2  -1  -1  -1  -4  -3   1   20   0   0   2   0   4   2   0   0  10  34  13   2   0   2   3   1   0   0   8  0.25 0.16
   78 T     0   2   0   3  -3   0   0  -1   1  -3  -4  -1  -3  -4  -1   2   2  -4  -3  -2    9  13   2  23   0   2   4   3   3   0   0   1   0   0   2  17  19   0   0   2  0.37 0.18
   79 A     5  -3  -3  -3  -2  -2  -2  -2  -3  -2  -3  -2  -2  -4  -3   3  -1  -4  -3   1   69   0   0   0   0   0   0   0   0   0   0   0   0   0   0  21   0   0   0  11  0.83 0.28

                      K         Lambda
Standard Ungapped    0.1258     0.3126
Standard Gapped      0.0496     0.2670
PSI Ungapped         0.1622     0.3186
PSI Gapped           0.0496     0.2670
