
Last position-specific scoring matrix computed, weighted observed percentages rounded down, information per position, and relative weight of gapless real matches to pseudocounts
            A   R   N   D   C   Q   E   G   H   I   L   K   M   F   P   S   T   W   Y   V   A   R   N   D   C   Q   E   G   H   I   L   K   M   F   P   S   T   W   Y   V
    1 S     0  -1   3   0  -2  -1  -1   2  -1  -3  -3  -1  -2  -3  -2   3   2  -3  -2  -2    0   0  27   0   0   0   0  17   0   0   0   0   0   0   0  33  24   0   0   0  0.38 0.04
    2 R    -1   8  -2  -4  -5  -1  -2  -4  -2  -5  -4   2  -3  -5  -4  -3  -3  -5  -4  -4    4  87   0   0   0   0   0   0   0   0   0   9   0   0   0   0   0   0   0   0  1.66 0.37
    3 S     0   3   0   0  -3   0   2  -2   0  -1  -3   1   0  -3  -2   1   0  -4  -3  -2   10  24   3   4   0   0  19   0   2   4   0   9   4   0   0  14   7   0   0   0  0.30 0.13
    4 T     0  -2   3  -2   0   1  -2  -2   1  -1  -1   0   1  -3  -3   0   3  -3  -1   1    7   0  17   0   2   6   0   0   4   0   4   4   5   0   0   4  31   0   2  14  0.25 0.14
    5 H     0  -3  -2  -4  -5  -2  -3  -4  10  -6  -5  -3  -4  -4  -5  -3  -4  -5  -1  -5    8   0   0   0   0   0   0   0  92   0   0   0   0   0   0   0   0   0   0   0  2.56 0.50
    6 N    -3  -2   7  -1  -4  -2  -2  -3  -2  -4  -2  -1  -3  -5  -4   1   0  -5  -4  -1    0   0  75   0   0   0   0   0   0   0   4   2   0   0   0   9   4   0   0   6  1.27 0.35
    7 E     1  -1  -2   0  -3   0   3  -3   1   1   0  -1   0   0  -2  -1  -1  -3   1   1   16   2   0   6   0   4  26   0   4   8  11   2   2   4   0   0   0   0   5  11  0.15 0.10
    8 M     1  -1  -1  -4  -2  -2  -3  -3  -3   2   3  -1   3  -1  -3  -2  -1  -3  -2   1   16   4   4   0   0   0   0   0   0  12  39   4  11   0   0   0   2   0   0   8  0.31 0.14
    9 E    -3  -2  -3  -1  -6   0   7  -5  -2  -6  -5  -1  -4  -6  -3  -2  -3  -5  -4  -5    0   0   0   0   0   0 100   0   0   0   0   0   0   0   0   0   0   0   0   0  1.93 0.46
   10 K    -3   7  -2  -3  -5   1  -2  -4  -2  -5  -4   4  -3  -5  -4  -3  -3  -5  -4  -5    0  71   0   0   0   4   0   0   0   0   0  26   0   0   0   0   0   0   0   0  1.46 0.35
   11 N    -3   5   3  -2  -5   4   0  -3   3  -5  -4   2  -3  -4  -3  -2  -2  -4  -3  -4    0  33  18   0   0  25   4   0   9   0   0  12   0   0   0   0   0   0   0   0  0.80 0.24
   12 R    -4   8  -3  -4  -6  -1  -2  -5  -2  -5  -4   0  -4  -4  -5  -3  -3  -4   1  -5    0  94   0   0   0   0   0   0   0   0   0   0   0   0   0   0   0   0   6   0  1.91 0.44
   13 R    -2   8  -3  -4  -5  -1  -2  -4  -2  -1  -4   1   0  -5  -4  -3  -3  -5  -4  -4    2  86   0   0   0   0   0   0   0   4   0   5   3   0   0   0   0   0   0   0  1.60 0.39
   14 A     1  -1   3   2  -3   0   1  -1   1  -2  -3   1  -3  -1  -2   1  -1  -4  -2  -3   16   0  23  14   0   2  11   3   3   2   0  11   0   4   0  10   0   0   0   0  0.31 0.13
   15 H    -1  -1   2   2  -4   1   2  -1   4  -3  -4   3  -3  -4  -3   0  -2  -4  -2  -3    4   0  13  14   0   7  15   2  12   2   0  28   0   0   0   4   0   0   0   0  0.46 0.17
   16 L    -3  -4  -5  -5  -3  -2  -4  -5  -4   4   5  -4   4  -1  -4  -4  -3  -3  -3   0    0   0   0   0   0   2   0   0   0  27  60   0  11   0   0   0   0   0   0   0  0.88 0.25
   17 R    -3   4   5  -2  -5  -1  -2  -3  -2  -5  -4   4  -3  -5  -3  -2  -1  -5  -4  -4    0  29  41   0   0   0   0   0   0   0   0  28   0   0   0   0   2   0   0   0  1.00 0.29
   18 L    -1   2   1   3  -3   2   1  -2   1  -3   0  -1  -2  -3  -2   1  -1  -4  -3  -3    5  12   8  22   0  10  11   0   3   0  14   0   0   0   0  14   2   0   0   0  0.28 0.13
   19 S    -1   3  -2  -3   5  -1  -2   1  -2  -3   0   1  -2  -3  -3   2  -1   2   0  -3    3  23   0   0  14   0   0  12   0   0  11   8   0   0   0  22   0   4   4   0  0.33 0.16
   20 L    -3  -4  -5  -5  -3  -4  -5  -5  -4   3   2  -5   2   7  -5  -4  -3  -2   0  -1    0   0   0   0   0   0   0   0   0  24  20   0   4  51   0   0   0   0   0   0  1.03 0.27
   21 E    -1  -1   0   1  -3   0   3  -3   0  -2   0   1   1   2  -3  -1   0  -2   1  -1    6   0   5   6   0   3  27   0   2   0  13   8   4  12   0   0   5   0   5   4  0.17 0.11
   22 K     2   2   0  -1  -3   2   2  -1  -2  -3  -2   2  -2  -4  -2   0   1  -4  -3  -2   26  10   4   2   0  14  14   2   0   0   2  15   0   0   0   2  11   0   0   0  0.32 0.14
   23 L    -3  -2  -5  -6  -3  -4  -5  -6  -5   1   6  -4   0  -1  -5  -4  -3  -4  -3  -1    0   2   0   0   0   0   0   0   0   5  94   0   0   0   0   0   0   0   0   0  1.26 0.33
   24 K    -2   5  -2  -3  -4   1  -1   0  -2  -4  -4   4   0  -4  -3   1  -2  -4  -3  -4    0  45   0   0   0   4   0   9   0   0   0  29   4   0   0  10   0   0   0   0  0.79 0.25
   25 G     0  -1  -1   5  -3   2   2  -2  -2  -1  -3   0  -1  -4  -2   0   0  -4  -3  -1   11   2   0  37   0  12  11   2   0   4   0   6   1   0   0   4   5   0   0   4  0.43 0.16
   26 L     0  -2  -1  -2  -3   3   1  -3   1   1   2  -1   2  -2  -3  -1   0  -3  -2   1    6   0   2   0   0  17  10   0   4   7  30   0   6   0   0   2   7   0   0   8  0.21 0.12
   27 V    -2  -4  -5  -5  -3  -4  -4  -5  -5   5   1  -4   2  -2  -4  -4  -2  -4  -3   5    0   0   0   0   0   0   0   0   0  40   9   0   4   0   0   0   0   0   0  47  0.91 0.26
   28 P    -3  -4  -4  -4  -5  -3  -3  -2  -4  -5  -5  -3  -4  -5   8  -2  -3  -5  -5  -4    0   0   0   0   0   0   0   4   0   0   0   0   0   0  91   2   0   0   0   0  2.50 0.43
   29 L    -1  -1  -1   1   2   0   1  -1  -2  -1   1   0   1   0  -1   0   0  -2  -1  -1    3   2   1   7   5   3  15   4   0   1  25   5   4   4   3   7   9   0   1   1  0.07 0.05
   30 G    -1  -2   0  -1  -2  -2  -2   2  -2   0   2  -2   0  -1  -2   1   0   0   0   0    1   1   6   3   0   1   1  16   0   5  27   1   0   1   1  19   3   2   4   8  0.12 0.08
   31 P     1   0  -1  -2  -2  -1  -1  -1  -2  -1   0  -1   0  -2   4   1   0  -3  -2   1   14   4   3   1   0   1   4   3   0   2   9   1   4   1  25  11   6   0   0  12  0.31 0.09
   32 D    -1   1   3   3  -3   1   2   0   2  -3  -2   1  -1  -4  -2   0   0  -4  -3  -3    5   7  16  23   0   7  11   5   5   0   4   7   2   0   0   4   3   0   0   0  0.32 0.11
   33 S     1  -2   3   0   5  -2  -1   0  -1  -1  -1  -1  -2  -3  -1   2  -1  -4  -3  -1   10   0  18   4  15   0   3   8   1   2   5   2   0   0   2  24   0   0   0   5  0.28 0.13
   34 S    -1   1   1   0  -3   0   3  -2   0  -3  -3   1  -1  -4  -1   2   2  -4  -3  -1    1  10   7   2   0   0  24   0   2   0   0  11   2   0   1  20  17   0   0   4  0.34 0.15
   35 R    -3   4  -2  -3  -5   1  -1  -4  -2  -4  -4   6   1  -5  -3  -2  -3  -5  -4  -4    0  24   0   0   0   5   0   0   0   0   0  67   4   0   0   0   0   0   0   0  1.18 0.33
   36 H     2  -2  -1  -3  -2  -2  -2  -2   3  -2   0  -2   2  -2   2   1   1   2   1   0   26   0   2   0   0   0   0   0  12   0   9   0   8   0  10  12   8   4   4   5  0.26 0.14
   37 T     1  -2   1   2  -3  -1  -1  -2  -2  -3  -3   1  -3  -4   3   2   3  -4  -3  -2   10   0   6  14   0   0   0   0   0   0   0   9   0   0  14  22  25   0   0   0  0.47 0.18
   38 T    -2   1   2  -2  -4  -1  -1  -3  -2  -4  -4   6  -3  -5  -3   0   2  -5  -4  -4    0   4  11   0   0   0   0   0   0   0   0  67   0   0   0   4  14   0   0   0  0.97 0.30
   39 L     1  -3  -3  -3  -2  -3  -3   0  -3   1   2  -3   2  -2  -3  -1  -1   1  -2   3   17   0   0   0   0   0   0   8   0   4  23   0   5   0   0   4   0   2   0  36  0.30 0.14
   40 S     0  -2   0   0  -2   0  -1   1  -2  -1  -1  -2   0  -3  -2   2   1  -3  -2   2    2   0   4   4   0   4   4  12   0   0   4   0   2   0   0  27  10   0   0  26  0.20 0.13
   41 L    -3  -4  -5  -5  -3  -4  -5  -5  -5   6   2  -4   1  -2  -4  -4  -1  -4  -3   3    0   0   0   0   0   0   0   0   0  59  21   0   2   0   0   0   2   0   0  16  0.89 0.25
   42 L    -3  -4  -6  -6  -3  -4  -5  -6  -5   0   6  -5   0  -1  -5  -5  -3  -4  -3  -1    0   0   0   0   0   0   0   0   0   2  98   0   0   0   0   0   0   0   0   0  1.38 0.35
   43 T    -1   3   1   1  -4   0   0   0  -1  -3  -3   4  -1  -4  -2   1   0  -4  -3  -2    4  19   5   9   0   0   2   5   1   0   0  35   1   0   0   9   7   0   0   2  0.40 0.15
   44 K    -1   3  -1   2  -4   2   0  -1  -2  -4  -3   5   1  -1  -3  -1  -1  -4  -3  -3    4  15   0  12   0   8   2   5   0   0   0  44   4   3   0   0   2   0   0   0  0.52 0.19
   45 A     6  -3  -3  -4  -2  -3  -3  -2  -4  -3  -3  -3  -3  -4  -3   1  -1  -5  -4  -1   88   0   0   0   0   0   0   0   0   0   0   0   0   0   0   8   2   0   0   2  1.17 0.35
   46 K    -1   0  -2  -3   2  -1  -2  -3   0   2  -1   1  -1   1  -3  -1   3  -3  -2   1    4   4   0   0   4   2   0   0   3  18   3  11   0   8   0   0  33   0   0  10  0.26 0.15
   47 L     0  -1   0   3  -3   1   4  -3  -2  -3  -1   0   0  -4  -2   1  -1  -4  -3  -2    7   2   3  18   0   7  33   0   0   0   7   5   3   0   0  13   0   0   0   2  0.39 0.15
   48 H    -4  -4  -3  -4   3  -3  -1  -5   6  -4  -4  -4  -3   1  -5  -4  -4  -1   8  -4    0   0   0   0   7   0   3   0  22   0   0   0   0   2   0   0   0   0  65   0  1.70 0.40
   49 I    -2  -5  -5  -5  -3  -4  -5  -5  -5   6   2  -4   1  -2  -4  -4  -2  -4  -3   2    2   0   0   0   0   0   0   0   0  72  12   0   2   0   0   0   0   0   0  12  1.06 0.29
   50 K    -2   2   0  -2  -4   4   1  -3   3  -2  -1   3  -2  -1  -3  -1   0  -3  -1  -3    1  12   4   0   0  23   4   0   9   2   6  27   0   3   0   3   5   0   1   0  0.39 0.16
   51 K     0   0  -1  -1  -3   1   2   0  -2  -2  -3   2  -2  -3  -2   3   1  -3   1  -2    5   4   0   0   0   3  16   8   0   2   0  18   0   0   0  28   7   0   7   2  0.28 0.14
   52 L    -3  -4  -5  -5  -3  -2  -4  -5  -4   0   5  -4   4  -1  -5  -4  -3  -3  -3   0    0   0   0   0   0   2   0   0   0   2  83   0  10   0   0   0   0   0   0   2  1.09 0.30
   53 E    -1   3  -1  -1  -4   5   3  -2   1  -4  -4   2  -2  -4  -3  -1  -1  -4  -3  -2    2  14   0   0   0  34  21   2   3   0   0  15   0   0   0   2   3   0   0   3  0.62 0.21
   54 D     1   2  -1   2   0   2   2  -1  -1  -2  -2   0   0  -3  -2   1  -1  -3  -1  -2   13  13   0  14   2  12  16   2   0   3   1   2   3   0   0  14   2   0   3   1  0.24 0.11
   55 S     0   0  -1   2   1   4   3  -3  -1  -3  -2   2  -2  -4  -2   0  -1  -4  -3  -1    6   2   1  10   4  25  18   0   0   0   2  18   0   0   0   7   2   0   0   7  0.37 0.15
   56 D    -1  -1   3   2  -4   2   4  -3  -1  -1  -1   0  -2  -4  -3  -1  -2  -4  -3  -2    4   0  17  10   0  10  38   0   0   6   9   4   0   0   0   0   0   0   0   2  0.46 0.18
   57 R    -2   2  -1   1  -4   4   2  -3   3  -3  -1   2  -2  -3  -3   0  -1   3  -2  -2    0  12   0   8   0  32  10   0   7   0   5  11   0   0   0   5   1   4   0   4  0.45 0.18
   58 K    -1   4   0   0  -4   2   2  -1  -2  -4  -4   3  -3  -4  -3  -1   0  -4  -3  -3    4  29   2   4   0  10  12   5   0   0   0  27   0   0   0   3   4   0   0   0  0.52 0.18
   59 A     2  -2  -1  -3  -2  -1  -2  -3   0  -1   3   0   3  -1  -3   0  -1  -3  -1  -1   19   0   3   0   0   2   0   0   2   0  45   6  10   0   0   8   2   0   2   0  0.31 0.17
   60 V     0   1  -2  -1  -3   2   1  -3  -2   1   1   1   1  -2  -2  -1   0  -3  -2   0    6  10   0   1   0  12  13   0   0  12  16  13   3   0   0   2   7   0   0   6  0.15 0.09
   61 H     0   1  -1   0  -2   2   1  -1   2  -2   0   0   0  -2  -2   1   0  -3  -1  -1   10   8   1   5   0  16   5   4   8   0  11   3   3   0   0  15   5   0   1   5  0.13 0.08
   62 Q    -2  -1   1   2  -4   3   4  -3  -1  -2   0   0  -2  -3  -1   0  -2  -4  -1  -3    0   0   6  12   0  13  40   0   0   2  11   4   0   0   3   5   0   0   3   0  0.47 0.19
   63 I    -2   0   2  -2  -3  -1   0  -3  -2   2   0   4   2  -3  -3  -2  -1  -4  -3  -1    2   2  11   0   0   0   5   0   0  17  10  41   7   0   0   0   2   0   0   3  0.34 0.18
   64 D    -1   1   1   3  -4   0   4  -3  -2  -3  -1   2   2  -2  -3  -1  -2  -4  -3  -3    2   6   8  16   0   0  39   0   0   0   5  12   7   2   0   2   0   0   0   0  0.48 0.19
   65 Q    -1   2   1   0  -3   4   2  -3  -1  -2  -2   2  -2  -4  -2   0   0  -4  -3  -2    4  10   6   3   0  25  17   0   0   2   5  15   0   0   0   7   4   0   0   3  0.36 0.15
   66 L     0  -1  -4  -2  -3   0  -2  -4  -4   1   5  -3   0  -1  -4  -2  -2  -3  -3  -1    7   2   0   2   0   5   2   0   0   5  73   0   0   0   0   2   0   0   0   0  0.65 0.24
   67 Q     0   3  -1  -2  -4   4   2  -1  -1  -4  -4   3  -2  -4   0   0  -2   2  -1  -3    7  15   0   0   0  26  12   3   0   0   0  23   0   0   5   4   0   3   2   0  0.50 0.19
   68 R     0   3   1   0   0   1   1  -2  -1  -3  -1   2   0  -3  -2   1  -1   0  -1  -2   10  23   7   3   2   8  12   0   0   0   4  10   3   0   0  12   0   2   3   1  0.24 0.11
   69 E    -1   3   0   1  -4   3   3  -3  -1  -4  -4   4  -3  -4  -3  -1  -1  -4  -3  -4    3  21   3   5   0  13  24   0   0   0   0  28   0   0   0   0   3   0   0   0  0.63 0.20
   70 Q    -2   2   3  -2  -1   4  -1  -3   2   1  -1   1   1  -3  -3  -1  -2  -4  -3  -2    0  12  20   0   1  32   0   0   5  12   4   7   5   0   0   2   0   0   0   0  0.43 0.21
   71 R    -1   3   0   0  -4   4   4  -3  -1  -2  -2   2  -2  -4  -3   0  -1  -4  -3  -3    2  19   3   2   0  21  30   0   0   3   2   9   0   0   0   7   3   0   0   0  0.51 0.19
   72 H    -1  -1  -1  -1  -1   4   0  -3   4   0  -1   1  -1   1  -3   0  -2  -2   2  -1    3   0   0   2   2  29   4   0  14   7   4  10   0   6   0  10   0   0   7   3  0.31 0.17
   73 L    -2  -4  -1  -5  -3  -3  -4  -5  -4   1   5  -4   2  -1  -4  -3  -1  -3  -3   0    3   0   4   0   0   0   0   0   0   3  81   0   4   0   0   0   3   0   0   2  0.84 0.25
   74 K    -1   3   1  -2  -4   2   0  -3  -2  -1   0   4  -1  -3  -3  -1  -1  -4  -3  -2    3  20   8   0   0  11   3   0   0   5  14  35   0   0   0   0   2   0   0   0  0.39 0.16
   75 R    -2   4  -1  -2  -4   4   1  -3   2  -3  -1   3  -2  -4  -3  -2  -1  -4  -2  -3    0  31   0   0   0  25   6   0   5   0   9  23   0   0   0   0   2   0   0   0  0.61 0.19
   76 Q    -2   5  -1  -2  -5   4   1  -3   1  -3  -3   3  -2  -4  -3  -2  -2  -4  -3  -3    0  36   1   0   0  26   9   0   4   2   0  23   0   0   0   0   0   0   0   0  0.76 0.21
   77 L    -2  -4  -5  -5  -2  -4  -4  -5  -4   4   4  -4   1  -1  -4  -4  -2  -3  -2   2    0   0   0   0   0   0   0   0   0  32  55   0   0   0   0   0   0   0   0  13  0.74 0.19
   78 E     0  -1  -1   1  -4   4   5  -3  -1  -4  -4   1  -3  -4  -2   0  -2  -4  -3  -3    9   0   0   3   0  21  58   0   0   0   0   6   0   0   0   4   0   0   0   0  0.77 0.18
   79 K    -2   0  -1   0  -4   5   4  -3  -1  -4  -3   2  -2  -4  -2  -1  -2  -3  -3  -3    0   0   0   0   0  49  36   0   0   0   0  15   0   0   0   0   0   0   0   0  0.82 0.15

                      K         Lambda
Standard Ungapped    0.1281     0.3139
Standard Gapped      0.0410     0.2670
PSI Ungapped         0.1341     0.3188
PSI Gapped           0.0410     0.2670
