
Last position-specific scoring matrix computed, weighted observed percentages rounded down, information per position, and relative weight of gapless real matches to pseudocounts
            A   R   N   D   C   Q   E   G   H   I   L   K   M   F   P   S   T   W   Y   V   A   R   N   D   C   Q   E   G   H   I   L   K   M   F   P   S   T   W   Y   V
    1 A     4  -1  -2  -2   0  -1  -1   0  -2  -1  -2  -1  -1  -2  -1   1   0  -3  -2   0  100   0   0   0   0   0   0   0   0   0   0   0   0   0   0   0   0   0   0   0  0.40 0.00
    2 P     3  -2  -2  -2  -1  -1  -1  -1  -2  -2  -2  -1  -2  -3   6   0  -1  -3  -2  -1   50   0   0   0   0   0   0   0   0   0   0   0   0   0  50   0   0   0   0   0  0.88 0.00
    3 P    -1  -2  -2  -2  -3  -1  -1  -2  -2  -3  -3  -1  -3  -4   8  -1  -1  -4  -3  -3    0   0   0   0   0   0   0   0   0   0   0   0   0   0 100   0   0   0   0   0  2.06 0.01
    4 S    -1   3   3   0  -2   0  -1  -1   0   0  -1   0  -1  -2  -2   1   0  -3  -2  -1    0  30  34   0   0   0   0   0   0  18   0   0   0   0   0  18   0   0   0   0  0.24 0.01
    5 S     0  -1   3   0  -2   0  -1  -1  -1  -2  -2  -1  -1  -3  -1   2   3  -3  -2  -1    0   0  31   0   0   0   0   0   0   0   0   0   0   0   0  25  44   0   0   0  0.41 0.03
    6 F    -3  -3  -3  -4  -3  -4  -4  -4  -2   0   0  -4   0   7  -4  -3  -2   1   3  -1    0   0   0   0   0   0   0   0   0   0   0   0   0 100   0   0   0   0   0   0  0.97 0.06
    7 S     0   2   2  -1  -2   0  -1  -1   0  -2  -2   0  -2  -1  -2   3   1  -2   2  -2    0  24  11   0   0   0   0   0   0   0   0   0   0   0   0  46   8   0  11   0  0.29 0.03
    8 A     2   0  -1   0  -2   4   2  -1   2  -3  -2   0  -1  -3  -1   0  -1  -3  -1  -2   33   0   0   0   0  39  20   0   9   0   0   0   0   0   0   0   0   0   0   0  0.37 0.03
    9 A     4  -2  -2  -2  -1  -1  -1   0  -2   1  -1  -1  -1  -2  -1   1   0  -3  -2   1   81   0   0   0   0   0   0   0   0  11   0   0   0   0   0   0   0   0   0   8  0.35 0.03
   10 K    -1   2   0  -1  -3   1   1  -2  -1  -3  -3   5  -2  -3  -1   0  -1  -3  -2  -3    0   0   0   0   0   0   0   0   0   0   0 100   0   0   0   0   0   0   0   0  0.67 0.05
   11 Q     1   1   1  -1  -2   3   1  -1  -1   0  -2   3  -1  -3  -1   0  -1  -3  -2  -1   16   0   9   0   0  33   0   0   0  11   0  32   0   0   0   0   0   0   0   0  0.26 0.02
   12 Q     1  -2  -1   2  -2   1   1  -2  -2   1   0  -1   0  -2  -2  -1  -1  -3  -2   1   16   0   0  24   0   9   9   0   0  11  11   0   0   0   0   0   0   0   0  20  0.12 0.01
   13 A     3  -2  -2  -2  -1  -1  -1  -1  -2  -1   1  -1   0  -2  -1   1   0  -3  -2   0   65   0   0   0   0   0   0   0   0   0  24   0   0   0   0  11   0   0   0   0  0.26 0.03
   14 V     0  -2   1  -2  -2   1  -1  -2  -2   1   0  -1   0  -1  -2  -1  -1   6   0   2    8   0  16   0   0  11   0   0   0  11   0   0   0   0   0   0   0  20   0  33  0.30 0.02
   15 K    -1   3   0  -1  -3   1   0  -2  -1  -3  -3   5  -2  -3  -1  -1  -1  -3  -2  -3    0   8   0   0   0   0   0   0   0   0   0  92   0   0   0   0   0   0   0   0  0.64 0.05
   16 I    -1  -3  -4  -4  -1  -3  -3  -4  -3   3   3  -3   1   0  -3  -3  -1  -2  -1   2    0   0   0   0   0   0   0   0   0  48  44   0   0   0   0   0   0   0   0   8  0.40 0.03
   17 Y    -2  -1   1  -2  -3  -1  -1  -3   5  -2  -2  -2  -2   2  -3  -1  -2   1   6  -2    0   0  11   0   0   0   0   0  27   0   0   0   0   0   0   0   0   0  61   0  0.71 0.05
   18 Q     2   1  -1  -1  -2   4   1  -1  -1   0  -1   1  -1  -3  -1   0  -1  -3  -2  -1   28   9   0   0   0  41   0   0   0  11   0  11   0   0   0   0   0   0   0   0  0.26 0.03
   19 D    -1  -2   2   5  -3  -1   1  -1  -1  -3  -4  -1  -3  -4   3   1  -1  -4  -3  -3    0   0  11  53   0   0   0   0   0   0   0   0   0   0  20  16   0   0   0   0  0.67 0.03
   20 H     2  -1   0  -1  -2   2   0  -1   6  -3  -2   0  -1  -2  -2   0  -1  -3   0  -2   39   0   0   0   0  20   0   0  41   0   0   0   0   0   0   0   0   0   0   0  0.42 0.04
   21 P    -1  -2  -2  -1  -3  -1  -1  -2  -2  -3  -3  -1  -3  -4   7   1  -1  -4  -3  -3    0   0   0   0   0   0   0   0   0   0   0   0   0   0  80  20   0   0   0   0  1.60 0.05
   22 I     0  -2  -1  -2  -2  -2  -2   3  -2   1  -1  -2  -1  -2  -2   0   2  -3  -2   1    0   0   0   0   0   0   0  39   0   9   0   0   0   0   0   8  20   0   0  24  0.27 0.02
   23 S     0  -1   0   0  -1   0   2  -1  -1  -2  -2   0  -1  -3  -1   2   4  -3  -2  -1    0   0   0   0   0   0  20   0   0   0   0   0   0   0   0  29  51   0   0   0  0.39 0.03
   24 F    -3  -3  -3  -4  -3  -4  -4  -4  -2   0   0  -4   0   7  -4  -3  -2   1   3  -1    0   0   0   0   0   0   0   0   0   0   0   0   0 100   0   0   0   0   0   0  0.97 0.06
   25 Y    -2  -2  -3  -4  -3  -2  -2  -4   1  -2  -1  -2  -1   3  -3  -2  -2   2   8  -2    0   0   0   0   0   0   0   0   0   0   0   0   0   0   0   0   0   0 100   0  1.13 0.07
   26 C    -1  -4  -3  -4   9  -3  -4  -3  -3  -2  -2  -4  -2  -3  -3  -1  -1  -3  -3  -1    0   0   0   0 100   0   0   0   0   0   0   0   0   0   0   0   0   0   0   0  1.59 0.07
   27 G     0  -3  -1  -2  -3  -2  -2   6  -2  -4  -4  -2  -3  -3  -2  -1  -2  -3  -3  -4    0   0   0   0   0   0   0 100   0   0   0   0   0   0   0   0   0   0   0   0  1.17 0.05
   28 C    -1  -4  -3  -4   9  -3  -4  -3  -3  -2  -2  -4  -2  -3  -3  -1  -1  -3  -3  -1    0   0   0   0 100   0   0   0   0   0   0   0   0   0   0   0   0   0   0   0  1.59 0.07
   29 D    -1   1   2   1  -2   2   2  -1   0  -2  -2   3  -1  -2  -1   0  -1  -2  -2  -2    2   1  17  10   0  12  10   1   0   1   2  37   0   1   1   1   1   0   1   1  0.28 0.01
   30 I    -1  -2  -2  -2  -1  -2  -2  -3  -2   4   1  -2   1   0  -2  -2  -1  -2  -1   2    2   1   1   1   0   1   1   1   0  81   2   1   0   1   1   1   1   0   1   1  0.30 0.03
   31 E    -1   2   2   0  -3   1   2  -2  -1   0  -1   3  -1   1  -2  -1  -1  -2  -1  -1    0   9  16   0   0   0  17   0   0  11   0  36   0  11   0   0   0   0   0   0  0.20 0.02
   32 W    -3  -3  -3  -4  -3  -2  -3  -3  -1  -2  -1  -3  -1   3  -4  -3  -3  10   5  -2    0   0   0   0   0   0   0   0   0   0   0   0   0  16   0   0   0  56  28   0  1.53 0.06
   33 Q    -1   1   3   0  -3   4   1  -1   0  -3  -3   2  -1  -3  -1   1   0  -3  -2  -2    0   0  20   0   0  41   0   0   0   0   0  23   0   0   0  16   0   0   0   0  0.42 0.03
   34 G     0  -2  -1  -1  -3   1   1   5  -2  -4  -4  -1  -3  -3  -2   0  -2  -3  -3  -3    0   0   0   0   0  11  11  77   0   0   0   0   0   0   0   0   0   0   0   0  0.79 0.03
   35 K    -1   2   3   0  -3   1   0  -2  -1  -3  -3   5  -2  -3  -1   0  -1  -3  -2  -3    0   0  20   0   0   0   0   0   0   0   0  80   0   0   0   0   0   0   0   0  0.54 0.04
   36 K    -1   3   0  -1  -3   1   0  -2  -1  -3  -3   5  -2  -3  -1  -1  -1  -3  -2  -3    0  20   0   0   0   0   0   0   0   0   0  80   0   0   0   0   0   0   0   0  0.61 0.04
   37 G     0  -2  -1  -1  -2  -1  -2   4  -2  -1  -1  -1   3  -2  -2  -1  -1  -2  -2  -1    2   1   1   1   0   1   1  57   0   1   2   1  24   1   1   1   1   0   1   1  0.42 0.02
   38 I     1  -2  -1  -2  -1  -1  -1  -1  -2   3   0  -1   0  -1  -1   0   1  -2  -1   2   17   1   1   1   0   1   1   1   0  41   2   1   0   1   1  10   9   0   1   9  0.10 0.01
   39 P    -1  -3  -3  -2  -2  -2  -2  -3  -3   0  -2  -2  -1  -3   7  -1  -1  -4  -3   1    0   0   0   0   0   0   0   0   0   0   0   0   0   0  72   0   0   0   0  28  1.32 0.04
   40 N    -2  -1   3   5  -4   0   2  -1  -1  -3  -4  -1  -3  -4  -2   0  -1  -4  -3  -3    0   0  20  69   0   0  11   0   0   0   0   0   0   0   0   0   0   0   0   0  0.80 0.04
   41 L    -2  -3  -4  -4  -2  -2  -3  -4  -3   1   4  -3   2   0  -3  -3  -2   6   0   0    0   0   0   0   0   0   0   0   0   0  84   0   0   0   0   0   0  16   0   0  0.59 0.04
   42 E     1   0   1   0  -3   2   3  -1   0  -3  -2   2  -2  -1  -1   0  -1  -2   1  -2   16   0  11   0   0   8  33   0   0   0   0  20   0   0   0   0   0   0  11   0  0.28 0.02
   43 T     2  -1   0  -1  -1   0  -1   0  -1  -2  -2  -1  -2  -3  -1   4   2  -3  -2  -1   20   0   0   0   0   0   0   0   0   0   0   0   0   0   0  71   9   0   0   0  0.43 0.04
   44 C    -1  -4  -3  -4   9  -3  -4  -3  -3  -2  -2  -4  -2  -3  -3  -1  -1  -3  -3  -1    0   0   0   0 100   0   0   0   0   0   0   0   0   0   0   0   0   0   0   0  1.59 0.07
   45 G     0  -3  -1  -2  -3  -2  -2   6  -2  -4  -4  -2  -3  -3  -2  -1  -2  -3  -3  -4    0   0   0   0   0   0   0 100   0   0   0   0   0   0   0   0   0   0   0   0  1.17 0.05
   46 Y    -2  -2  -3  -4  -3  -2  -2  -4   1  -2  -1  -2  -1   3  -3  -2  -2   2   8  -2    0   0   0   0   0   0   0   0   0   0   0   0   0   0   0   0   0   0 100   0  1.13 0.07
   47 Q    -1   0  -1  -1  -2   3   1  -2   3   0   0   1   0  -2  -2  -1  -1  -2  -1   1    0   0   0   0   0  33   8   0  11   0  16  11   0   0   0   0   0   0   0  20  0.19 0.02
   48 V    -1  -3  -3  -3  -2  -2  -2  -3  -3   2   0  -2   0  -2   5  -2  -1  -3  -2   2    0   0   0   0   0   0   0   0   0  23   0   0   0   0  44   0   0   0   0  33  0.72 0.03
   49 R    -2   6  -1  -2  -4   1   0   0  -1  -3  -3   2  -2  -3  -2  -1  -1  -3  -2  -3    0  92   0   0   0   0   0   8   0   0   0   0   0   0   0   0   0   0   0   0  0.80 0.05
   50 K    -1   2   0  -1  -3   1   1  -2  -1  -3  -3   5  -2  -3  -1   0  -1  -3  -2  -3    0   0   0   0   0   0   0   0   0   0   0 100   0   0   0   0   0   0   0   0  0.67 0.05
   51 Q    -2   0   5   2  -3   3   1  -1   0  -3  -3   0  -2  -3  -2   0  -1  -3  -2  -3    0   0  59   8   0  33   0   0   0   0   0   0   0   0   0   0   0   0   0   0  0.61 0.04
   52 Q     3   0  -1  -1  -1   1   2  -1  -1  -2  -2   1  -1  -3  -1   1   0  -3  -2  -1   63   0   0   0   0   9  17   0   0   0   0  11   0   0   0   0   0   0   0   0  0.32 0.03
   53 T    -2   0   6   1  -3   0   1  -1   0  -3  -3   1  -2  -3  -2   0   1  -4  -2  -3    0   0  75   0   0   0   8   0   0   0   0   8   0   0   0   0   9   0   0   0  0.63 0.04
   54 R    -2   6  -1  -2  -4   1   0  -3  -1  -3  -3   2  -2  -3  -2  -1  -1  -3  -2  -3    0 100   0   0   0   0   0   0   0   0   0   0   0   0   0   0   0   0   0   0  0.93 0.05
   55 A     5  -2  -2  -2  -1  -1  -1   0  -2  -2  -2  -1  -1  -3  -1   1   0  -3  -2   0  100   0   0   0   0   0   0   0   0   0   0   0   0   0   0   0   0   0   0   0  0.53 0.05
   56 S     1  -1   3   3  -2   0   0  -1  -1  -3  -3  -1  -2  -3  -1   3   1  -3  -2  -2    8   0  19  20   0   0   0   0   0   0   0   0   0   0   0  41  11   0   0   0  0.36 0.02
   57 R     1   5  -1  -2  -3   1   0  -2  -1  -3  -2   2  -2  -3  -2  -1  -1  -3  -2  -2   20  80   0   0   0   0   0   0   0   0   0   0   0   0   0   0   0   0   0   0  0.64 0.04
   58 I    -1  -3  -2  -3  -1  -2  -2  -3  -3   4   1  -2   1  -1  -2   1   0  -3  -2   2    0   0   0   0   0   0   0   0   0  72   0   0   0   0   0  20   0   0   0   8  0.29 0.03
   59 E    -1   0   3   1  -4   1   5  -2   0  -4  -3   0  -2  -4  -2   0  -1  -3  -2  -3    0   0  20   0   0   0  80   0   0   0   0   0   0   0   0   0   0   0   0   0  0.70 0.04
   60 W    -2  -3  -3  -4  -3  -2  -3   2  -3  -3  -2  -3  -2   0  -4  -3  -3  11   1  -3    0   0   0   0   0   0   0  20   0   0   0   0   0   0   0   0   0  80   0   0  2.00 0.07
   61 E    -1   0   3   1  -4   1   5  -2   0  -4  -3   0  -2  -4  -2   0  -1  -3  -2  -3    0   0  20   0   0   0  80   0   0   0   0   0   0   0   0   0   0   0   0   0  0.70 0.04
   62 A     0  -1   0  -1  -2   0  -1  -2   7  -3  -3  -1  -2  -2  -2   0   1  -3   1  -2    9   0   0   0   0   0   0   0  71   0   0   0   0   0   0   0  20   0   0   0  0.69 0.05
   63 V     0  -2  -2  -3  -1  -2  -2  -3  -3   2   0  -2   0  -1  -2   1   0  -3  -2   4    0   0   0   0   0   0   0   0   0   0   0   0   0   0   0  20   0   0   0  80  0.30 0.04
   64 V     0  -2  -2  -3  -1  -2  -2  -3  -3   2   0  -2   2  -1  -2   1   0  -3  -2   4    0   0   0   0   0   0   0   0   0   0   0   0  11   0   0  20   0   0   0  68  0.25 0.03
   65 P    -1   2  -2  -2  -3  -1  -1  -3  -2  -3  -3   0  -3  -4   7  -1  -1  -4  -3  -3    0  20   0   0   0   0   0   0   0   0   0   0   0   0  80   0   0   0   0   0  1.61 0.05
   66 A     4  -2  -2  -2  -1  -1  -1   0  -2  -2  -2  -1  -1  -3   4   1   0  -3  -2  -1   80   0   0   0   0   0   0   0   0   0   0   0   0   0  20   0   0   0   0   0  0.55 0.04
   67 W    -2  -3  -3  -4  -3  -2  -3   2  -3  -3  -2  -3  -2   0  -4  -3  -3  11   1  -3    0   0   0   0   0   0   0  20   0   0   0   0   0   0   0   0   0  80   0   0  2.00 0.07
   68 Q    -1   3   0   0  -3   5   3  -2   0  -3  -3   1  -1  -3  -2   0  -1  -3  -2  -3    0  20   0   0   0  56  24   0   0   0   0   0   0   0   0   0   0   0   0   0  0.61 0.04
   69 F    -1  -3  -2  -3  -2  -3  -3  -3  -1  -1   0  -3   0   6  -3   1  -1   0   2  -1    0   0   0   0   0   0   0   0   0   0   0   0   0  80   0  20   0   0   0   0  0.61 0.04
   70 G     0  -3  -1  -2  -3  -2  -2   6  -2  -4  -4  -2  -3  -3  -2  -1  -2  -3  -3  -4    0   0   0   0   0   0   0 100   0   0   0   0   0   0   0   0   0   0   0   0  1.17 0.05
   71 H    -2  -1   0  -2  -3   0  -1  -3   8   1  -2  -1  -1  -1  -3  -1  -2  -3   1  -1    0   0   0   0   0   0   0   0  80  20   0   0   0   0   0   0   0   0   0   0  0.77 0.06
   72 H     0   0   0  -1  -2   5   1  -2   2  -3  -3   1  -1  -3  -1   2   0  -3  -1  -2    0   0   0   0   0  60   0   0   9   0   0   0   0   0   0  32   0   0   0   0  0.50 0.04
   73 R     1   3  -1  -2  -2   0  -1  -2  -1  -1   1   2   0  -1  -2  -1  -1  -3  -2  -1   20  25   0   0   0   0   0   0   0   0  32  23   0   0   0   0   0   0   0   0  0.18 0.02
   74 Q     0   0   0  -1  -2   5   1  -1   0  -3  -2   1  -1  -3  -1   2   1  -3  -2  -2    0   0   0   0   0  57   0   0   0   0   0   0   0   0   0  32  11   0   0   0  0.47 0.04
   75 C     1  -3  -3  -3   9  -3  -3  -2  -3  -2  -2  -3  -2  -3  -3  -1  -1  -3  -3  -1   20   0   0   0  80   0   0   0   0   0   0   0   0   0   0   0   0   0   0   0  1.13 0.06
   76 W    -2  -3  -3  -4  -3  -2  -3   2  -3  -3  -2  -3  -2   0  -4  -3  -3  11   1  -3    0   0   0   0   0   0   0  20   0   0   0   0   0   0   0   0   0  80   0   0  2.00 0.07
   77 Q    -1   1   0  -1  -3   5   1  -2   0  -3  -3   4  -1  -3  -1   0  -1  -3  -2  -3    0   0   0   0   0  57   0   0   0   0   0  43   0   0   0   0   0   0   0   0  0.60 0.04
   78 K    -1   0   0   3  -3   2   2  -2  -1  -3  -3   3  -2  -4   3   0  -1  -3  -2  -3    0   0   0  24   0  17   8   0   0   0   0  31   0   0  20   0   0   0   0   0  0.52 0.02
   79 G     0  -3  -1  -2  -2  -2  -2   5  -3  -1  -2  -2  -2  -3  -2  -1  -1  -3  -3   0    0   0   0   0   0   0   0  80   0   0   0   0   0   0   0   0   0   0   0  20  0.75 0.04
   80 G     0  -3  -1  -2  -3  -2  -2   6  -2  -4  -4  -2  -3  -3  -2  -1  -2  -3  -3  -4    0   0   0   0   0   0   0 100   0   0   0   0   0   0   0   0   0   0   0   0  1.17 0.05
   81 R     1   5  -1  -2  -3   1   0  -2  -1  -3  -2   2  -2  -3  -2  -1  -1  -3  -2  -2   20  80   0   0   0   0   0   0   0   0   0   0   0   0   0   0   0   0   0   0  0.64 0.04
   82 K    -1   2   0  -1  -3   1   1  -2  -1  -3  -3   5  -2  -3  -1   0  -1  -3  -2  -3    0   0   0   0   0   0   0   0   0   0   0 100   0   0   0   0   0   0   0   0  0.67 0.05
   83 N    -1   0   5   1  -3   0   0  -1   0  -3  -3   1  -2  -3  -2   1   2  -4  -2  -2    0   0  68   0   0   0   0   0   0   0   0  11   0   0   0   0  20   0   0   0  0.56 0.04
   84 C    -1  -4  -3  -4   9  -3  -4  -3  -3  -2  -2  -4  -2  -3  -3  -1  -1  -3  -3  -1    0   0   0   0 100   0   0   0   0   0   0   0   0   0   0   0   0   0   0   0  1.59 0.07
   85 S     1  -2  -1  -1  -1  -1  -1   2  -2   0  -1  -1   1  -2  -2   2   2  -3  -2   0    8   0   0   0   0   0   0  24   0  11   0   0  11   0   0  29  17   0   0   0  0.20 0.02
   86 K     0   2   0   0  -2   1   2  -1  -1  -2  -2   3  -1  -3  -1   1   0  -3  -2  -2    1   9   1   1   0   0  12   1   0   1   1  49   0   0   1  21   1   0   0   1  0.33 0.02
   87 N     1  -1   1   1  -1   0   0  -1   2  -2  -2   0  -1  -2  -1   2   2  -2  -1  -1   22   1  10   9   0   1   1   1  12   1   2   1   0   1   1  17  18   0   1   1  0.17 0.01
   88 D    -1  -2   1   5  -3  -1   1  -1  -1  -3  -3  -1  -3  -3   3   0  -1  -4  -3  -3    1   0   0  64   0   0   1   1   0   0   1   0   0   0  21   9   0   0   0   1  0.72 0.03
   89 Q     0   2  -1  -1  -2   1   0  -1   0  -2  -2   1  -1  -1   3   0  -1  -1   2  -1   10  22   1   1   0  10   2   2   1   1   2  13   1   1  18   2   1   0  12   2  0.26 0.01
   90 Q    -1   2   1   0  -3   2   3  -2   0  -1  -2   2  -1  -3  -2   0  -1  -3  -2   0    0  20  11   0   0   9  32   0   0   0   0  11   0   0   0   0   0   0   0  16  0.29 0.02
   91 F    -2  -2  -2  -3  -2  -2  -2  -3   0  -1  -1  -2  -1   5  -3  -1   1   1   5  -1    0   0   0   0   0   0   0   0   0   0   0   0   0  41   0   0  20   0  39   0  0.56 0.04
   92 R    -2   4   3   0  -3   2   0  -2   0  -3  -3   2  -2  -3  -2   0  -1  -3  -2  -3    0  45  32   0   0  11   0   0   0   0   0  11   0   0   0   0   0   0   0   0  0.51 0.03
   93 L     1   2  -1  -1  -2   3   0  -2   3  -2  -1   2  -1  -2  -2   0  -1  -3  -1  -2   20   8   0   0   0  25   0   0  11   0   9  27   0   0   0   0   0   0   0   0  0.24 0.02
   94 M    -1  -2  -2  -3  -2  -1  -2  -3  -2   3   1  -2   5  -1  -2   1   0  -2  -1   1    0   0   0   0   0   0   0   0   0  31   0   0  49   0   0  20   0   0   0   0  0.26 0.04
   95 E    -1  -1  -1   1  -3   1   5  -3  -1  -1  -2   0  -1  -3  -2  -1  -1  -3  -2   1    0   0   0   0   0   0  80   0   0   0   0   0   0   0   0   0   0   0   0  20  0.55 0.04
   96 A     1   1   0  -1  -2  -1  -1   2  -2  -2  -2   0  -1  -3  -2   2   3  -3  -2  -1   14  15   0   0   0   0   0  18   0   0   0   0   0   0   0  15  38   0   0   0  0.29 0.03
   97 D    -1  -2   1   6  -3  -1   1  -2  -1  -3  -4  -1  -3  -4  -2   1  -1  -4  -3  -3    0   0   0  85   0   0   0   0   0   0   0   0   0   0   0  15   0   0   0   0  0.93 0.07
   98 L    -2  -2  -3  -4  -2  -2  -3  -4  -3   2   3  -2   5   0  -3  -2  -1  -2  -1   1    0   0   0   0   0   0   0   0   0  22  39   0  39   0   0   0   0   0   0   0  0.42 0.05
   99 H     0  -1   0  -2  -3   0  -1  -2   8  -3  -3  -1  -2  -2  -2  -1  -2  -3   1  -3   15   0   0   0   0   0   0   0  85   0   0   0   0   0   0   0   0   0   0   0  1.00 0.09
  100 N    -2  -1   5   0  -3   0  -1  -1   4  -3  -3  -1  -2  -3  -2   0   1  -4  -1  -3    0   0  64   0   0   0   0   0  22   0   0   0   0   0   0   0  15   0   0   0  0.63 0.06
  101 L    -2  -3  -4  -4  -1  -2  -3  -4  -3   2   4  -3   2   0  -3  -3  -1  -2  -1   2    0   0   0   0   0   0   0   0   0   0  85   0   0   0   0   0   0   0   0  15  0.51 0.05
  102 T    -1   2  -1  -1  -2   3   0  -2  -1  -2  -1   0  -1   2  -2   0   2  -2   0  -1    0  22   0   0   0  31   0   0   0   0   0   0   0  18   0   0  29   0   0   0  0.29 0.04
  103 P    -1  -2  -2  -2  -3  -2  -1  -3  -3  -3  -3  -1  -3  -4   7  -1   1  -4  -3  -2    0   0   0   0   0   0   0   0   0   0   0   0   0   0  85   0  15   0   0   0  1.78 0.07
  104 A     4  -2  -1  -2  -1  -1  -1   0  -2  -1  -2  -1  -1  -2  -1   2   0  -3  -2   0   70   0   0   0   0   0   0   0   0   0   0   0   0   0   0  21   0   0   0   9  0.38 0.05
  105 I    -1  -3  -2   2  -2  -2  -2  -3  -3   4   1  -2   0  -1  -3  -2  -1  -3  -2   3    0   0   0  22   0   0   0   0   0  58   0   0   0   0   0   0   0   0   0  21  0.30 0.04
  106 G     0  -2  -1  -2  -2  -2  -2   5  -2  -1  -2  -2  -1  -2  -2  -1  -1  -2  -2   1    1   1   1   1   0   1   1  65   0   1   1   1   0   1   1   1   1   0   0  23  0.52 0.03
  107 E    -1   0   0   1  -3   3   5  -2   0  -3  -2   1  -2  -3  -1   0  -1  -2  -2  -2    1   1   1   1   0  22  65   1   0   1   1   1   0   1   1   1   1   0   0   1  0.58 0.04
  108 V    -1  -3  -3  -4  -1  -3  -3  -4  -3   3   2  -3   1  -1  -3  -2  -1  -3  -1   4    0   0   0   0   0   0   0   0   0  19  15   0   0   0   0   0   0   0   0  67  0.41 0.04
  109 N    -2  -1   6   3  -3   0   0  -1   0  -4  -4  -1  -3  -4  -2   0  -1  -4  -3  -3    0   0  85  15   0   0   0   0   0   0   0   0   0   0   0   0   0   0   0   0  0.87 0.07
  110 G     0  -2  -1  -1  -2  -2  -2   5  -2  -3  -3  -2  -2  -3  -2   1  -1  -3  -3  -1    0   0   0   0   0   0   0  72   0   0   0   0   0   0   0  22   0   0   0   7  0.73 0.05
  111 D     1  -2   0   5   4  -1   0  -1  -2  -3  -3  -1  -3  -3  -2   0  -1  -4  -3  -2   22   0   0  64  15   0   0   0   0   0   0   0   0   0   0   0   0   0   0   0  0.61 0.05
  112 R    -2   6  -1  -2  -4   1  -1  -3  -1  -4  -3   2  -2  -3  -3  -1  -2  -3  -2  -3    0 100   0   0   0   0   0   0   0   0   0   0   0   0   0   0   0   0   0   0  1.00 0.08
  113 S     2  -2  -1  -1   4  -1  -1   3  -2  -3  -3  -1  -2  -3  -2   2   0  -3  -2  -2   18   0   0   0  15   0   0  34   0   0   0   0   0   0   0  33   0   0   0   0  0.43 0.03
  114 N    -2  -1   7   1  -3   0  -1  -1   0  -4  -4  -1  -3  -4  -3   0   0  -4  -3  -3    0   0 100   0   0   0   0   0   0   0   0   0   0   0   0   0   0   0   0   0  1.00 0.08
  115 F    -2  -3  -3  -4  -2  -2  -3  -3  -1   0   1  -3   3   5  -3  -2  -2   0   3   1    0   0   0   0   0   0   0   0   0   0   0   0  22  51   0   0   0   0  13  15  0.49 0.05
  116 N    -1   2   1   2  -3   0  -1   1  -1  -1  -1   0   3  -2  -2   0  -1  -3  -2  -1    0  18   7  22   0   0   0  15   0   0   0   0  31   0   0   7   0   0   0   0  0.19 0.04
  117 F    -2  -2  -2  -3  -2  -2  -2  -3   0  -1   0  -2  -1   5  -3  -2  -2   1   5  -1    1   1   1   1   0   1   1   1   0   1   1   1   0  55   1   1   1   0  32   1  0.63 0.04
  118 S     0  -1   2   3  -2   0   0   1  -1  -2  -3  -1  -2  -2  -1   3   0  -3  -2  -2    1   1  10  22   0   1   1  10   0   1   1   1   0   1   1  46   1   0   0   1  0.32 0.03
  119 Q    -1   0   0   2  -2   4   1  -1   0  -2  -2   0  -1  -2  -1   0  -1  -1  -1  -2    3   2   2  20   1  47   2   3   1   2   3   2   1   1   2   3   2   0   1   2  0.31 0.02
  120 W    -1  -2  -2  -2  -2  -1  -2  -2  -1  -1   0  -2   0   2  -2  -1  -1   9   1  -1    3   2   2   2   1   2   2   3   1   2  12   2   1  11   2   3   2  46   1   2  0.84 0.03
  121 N    -1  -1   6   1  -2   0   0  -1   0  -3  -3   0  -2  -3  -2   1   0  -3  -2  -2    1   1  77   1   0   1   1   1   0   1   1   1   0   1   1  11   1   0   0   1  0.63 0.05
  122 G     0  -2   1  -1  -2  -1  -2   5  -2  -3  -3  -1  -2  -3  -2   0   0  -2  -2  -2    1   1  10   1   0   1   1  68   0   1   1   1   0   1   1   1  10   0   0   1  0.63 0.03
  123 V     0   0  -1  -1  -1   0  -1   1  -1   0   0   1   0  -1  -1   0   0  -1  -1   1    4   2   2   2   1   2   3  16   1   2  14  14   1   2   2   3   9   1   1  17  0.03 0.00
  124 D     0  -1   1   2  -2   0   1  -1  -1  -2  -2   0  -1  -2   3   1   0  -2  -1  -2    3   2  11  16   1   2  15   3   1   2   3   2   1   1  20  12   2   0   1   2  0.31 0.01
  125 G     0  -1   2  -1  -2  -1  -1   4   1  -2  -2  -1  -2  -2  -2   0  -1  -2  -2  -1    2   1  13   1   0   1   1  53   7   1   2   1   0   1   1   1   1   0   1  11  0.39 0.02
  126 V     1   1   0  -1  -1   0   0  -1  -1   0  -1   0   0  -1   0   1   1  -1  -1   1   13   9   2   3   1   2   3   4   1   3   4   3   1   2   3  15  13   1   2  17  0.05 0.00
  127 S    -1   1   0   0  -3   5   3  -2   0  -3  -3   2  -1  -3  -1   0   0  -3  -2  -2    0   0   0   0   0  50  22   0   0   0   0  15   0   0   0   7   7   0   0   0  0.51 0.05
  128 Y    -2  -2  -3  -4  -3  -2  -3  -4   1  -2  -2  -2  -2   3  -4  -2  -2   2   8  -2    0   0   0   0   0   0   0   0   0   0   0   0   0   0   0   0   0   0 100   0  1.23 0.09
  129 G     1  -3  -1  -2  -3  -2  -2   5  -2  -4  -4  -2  -3  -3   2   0  -2  -3  -3  -3   11   0   0   0   0   0   0  78   0   0   0   0   0   0  11   0   0   0   0   0  0.90 0.05
  130 R    -1   3   0  -1  -3   4   1  -2   0  -3  -3   3  -1  -3  -1   1  -1  -3  -2  -2    0  16   0   0   0  36   0   0   0   0   0  33   0   0   0  15   0   0   0   0  0.47 0.04
  131 C     2  -3  -3  -4   9  -3  -3  -2  -3  -2  -2  -3  -2  -3  -3  -1  -1  -3  -3  -1   22   0   0   0  78   0   0   0   0   0   0   0   0   0   0   0   0   0   0   0  1.19 0.08
  132 E     0  -1   1   0  -2   2   2  -2  -1  -2   0   0  -1  -2   4   0  -1  -3  -2  -2    6   0   9   0   0  18  20   0   0   0  15   0   0   0  22   9   0   0   0   0  0.35 0.02
  133 M    -1  -2  -2  -3  -2  -1  -2   2  -2   0   1  -2   6  -1  -3  -1   1  -2  -2   0    0   0   0   0   0   0   0  22   0   0   0   0  64   0   0   0  15   0   0   0  0.36 0.07
  134 Q    -1   1   3  -1  -3   3   0  -2   0  -2   0   3   0  -2  -2   0  -1  -3  -2  -2    0   0  22   0   0  29   0   0   0   0  18  31   0   0   0   0   0   0   0   0  0.28 0.04
  135 V    -1  -3  -3  -3  -1  -2  -3  -4  -2   3   1  -3   0   0  -3  -2  -1  -1   3   3    0   0   0   0   0   0   0   0   0  25   0   0   0   0   0   0   0   0  22  53  0.36 0.04
  136 N    -1  -1   3   5  -3   0   1  -1  -1  -2  -3  -1  -2  -3  -1   0  -1  -3  -2  -2    2   1  15  66   0   1   1   2   0   1   2   1   0   1   1   2   1   0   1   1  0.61 0.04
  137 F    -3  -3  -3  -4  -3  -3  -3  -4  -1  -1   0  -3  -1   6  -4  -3  -2   1   5  -1    0   0   0   0   0   0   0   0   0   0   0   0   0  78   0   0   0   0  22   0  0.91 0.07
  138 K    -1   1   0   3  -4   1   1  -2  -1  -3  -3   5  -2  -4  -1  -1  -1  -4  -2  -3    0   0   0  22   0   0   0   0   0   0   0  78   0   0   0   0   0   0   0   0  0.58 0.06
  139 Q     1   1   1   0  -3   1   3   2  -1  -3  -3   0  -2  -3  -2   1  -1  -3  -2  -2   15   9   9   0   0   7  32  22   0   0   0   0   0   0   0   6   0   0   0   0  0.31 0.02
  140 R    -1   3   0   2  -4   2   1  -2  -1  -3  -3   3  -2  -3  -2  -1  -1  -3  -2  -3    0  26   0  22   0  13   0   0   0   0   0  40   0   0   0   0   0   0   0   0  0.48 0.04
  141 K     0   1  -1  -1  -2   2   0  -2  -1   0   0   2   0  -2  -2   1   1  -3  -2  -1    6   6   0   0   0  12   0   0   0   9  16  21   0   0   0  22   7   0   0   0  0.13 0.02
  142 V     1  -3  -3  -3  -1  -2  -2  -2  -3   1   0  -2   0  -1  -3  -1  -1   7   0   3   20   0   0   0   0   0   0   0   0   0   0   0   0   0   0   0   0  22   0  58  0.48 0.05
  143 M    -1   0  -1   0  -3   3   4  -3  -1  -1  -1   0   3  -2  -2  -1  -1  -3  -2  -1    0   0   0   0   0  18  53   0   0   0   0   0  29   0   0   0   0   0   0   0  0.46 0.05
  144 P    -1  -3  -3  -2  -3  -2  -2  -3  -3  -3  -3  -1  -3  -4   8  -1  -2  -4  -3  -3    0   0   0   0   0   0   0   0   0   0   0   0   0   0 100   0   0   0   0   0  2.23 0.09
  145 P    -1   3  -2  -2  -3  -1  -1  -3  -2  -3  -3   0  -2  -4   7  -1  -1  -4  -3  -3    0  36   0   0   0   0   0   0   0   0   0   0   0   0  64   0   0   0   0   0  1.32 0.06
  146 D     0   0   0   4  -3   0   3  -2  -1  -3  -3   2  -2  -4   3   0  -1  -4  -3  -3    6   0   0  38   0   0  23   0   0   0   0  18   0   0  15   0   0   0   0   0  0.53 0.03
  147 R    -1   3  -1   1  -3   0   1  -2  -1  -1  -1   1  -1  -2   2   1  -1  -3  -2  -1    0  36   0  11   0   0  11   0   0   9   7   0   0   0  12  15   0   0   0   0  0.26 0.03
  148 A     2  -2  -2  -2  -1  -2  -2  -2  -3   2   0  -2   0  -1  -2   1   0  -3  -2   3   36   0   0   0   0   0   0   0   0  15   0   0   0   0   0   9   0   0   0  40  0.22 0.03
  149 R    -2   5  -1  -2  -4   1   0  -2  -1  -3  -3   3  -2  -3  -2  -1  -1  -3  -2  -3    0  69   0   0   0   0   0   0   0   0   0  31   0   0   0   0   0   0   0   0  0.75 0.06
  150 G     0  -3  -1  -2  -3  -2  -3   6  -2  -4  -4  -2  -3  -4  -3  -1  -2  -3  -4  -4    0   0   0   0   0   0   0 100   0   0   0   0   0   0   0   0   0   0   0   0  1.22 0.07
  151 S     2  -1   0   2  -2   2   0  -1  -1  -2  -1   0   2  -2  -1   1   0  -3  -2  -1   39   0   0  22   0  18   0   0   0   0   0   0  15   0   0   7   0   0   0   0  0.23 0.03
  152 I    -1  -3  -4  -4  -1  -3  -3  -4  -4   5   1  -3   1  -1  -3  -3  -1  -3  -2   3    0   0   0   0   0   0   0   0   0  78   0   0   0   0   0   0   0   0   0  22  0.51 0.05
  153 A     4  -2  -2  -2  -1  -1  -1   0  -2  -2  -2  -1  -1  -3  -1   2   0  -3  -2  -1   91   0   0   0   0   0   0   0   0   0   0   0   0   0   0   9   0   0   0   0  0.52 0.06
  154 R    -2   6  -1  -2  -4   1  -1  -3  -1  -4  -3   2  -2  -3  -3  -1  -2  -3  -2  -3    0 100   0   0   0   0   0   0   0   0   0   0   0   0   0   0   0   0   0   0  1.00 0.08
  155 T     1  -2  -1  -2  -1  -1  -2  -2  -2   1   0  -1   3  -2  -2   0   4  -3  -2   0   18   0   0   0   0   0   0   0   0   9   0   0  22   0   0   0  50   0   0   0  0.27 0.04
  156 Y    -2  -2  -3  -4  -3  -2  -3  -4   1  -1   1  -2   0   2  -3  -2  -2   1   7  -1    0   0   0   0   0   0   0   0   0   0  22   0   0   0   0   0   0   0  78   0  0.84 0.07
  157 L    -2  -3  -4  -4  -2  -3  -3  -4  -2   0   2  -3   1   6  -4  -3  -2   0   2   0    0   0   0   0   0   0   0   0   0   0  32   0   0  68   0   0   0   0   0   0  0.66 0.06
  158 Y    -2  -2  -3  -4  -3  -2  -3  -4   1  -2  -2  -2  -2   3  -4  -2  -2   2   8  -2    0   0   0   0   0   0   0   0   0   0   0   0   0   0   0   0   0   0 100   0  1.23 0.09
  159 M    -1  -2  -3  -4  -2  -1  -3  -3  -2   1   2  -2   8   0  -3  -2  -1  -2  -2   0    0   0   0   0   0   0   0   0   0   0   0   0 100   0   0   0   0   0   0   0  0.79 0.10
  160 S     2   1   1  -1  -1   0  -1   1  -1  -3  -3   0  -2  -3  -1   3   0  -3  -2  -2   22  13   9   0   0   0   0   6   0   0   0   0   0   0   0  50   0   0   0   0  0.32 0.04
  161 Q    -1   0   0   3  -3   2   2  -2  -1  -1  -2   2  -1  -3  -2  -1  -1  -3  -2   1    0   0   0  22   0  19  13   0   0   0   0  24   0   0   0   0   0   0   0  22  0.27 0.03
  162 E    -1   3  -1  -1  -3   4   1  -2   0  -3  -2   2  -1   1  -2  -1  -1  -2  -1  -2    0  28   0   0   0  47   7   0   0   0   0   9   0   9   0   0   0   0   0   0  0.48 0.05
  163 Y    -2  -2  -3  -4  -3  -2  -3  -4   1  -2  -2  -2  -2   3  -4  -2  -2   2   8  -2    0   0   0   0   0   0   0   0   0   0   0   0   0   0   0   0   0   0 100   0  1.23 0.09
  164 G    -1  -2   3   3  -3  -1  -1   4   2  -4  -4  -1  -3  -3  -2   0  -1  -3  -2  -3    0   0  22  22   0   0   0  47   9   0   0   0   0   0   0   0   0   0   0   0  0.57 0.04
  165 F    -2  -3  -4  -4  -2  -3  -3  -4  -3   2   4  -3   1   3   1  -3  -2  -1   0   1    0   0   0   0   0   0   0   0   0   9  68   0   0  16   7   0   0   0   0   0  0.40 0.04
  166 Q    -1   3   1   0  -3   1   2   0  -1  -1  -2   2  -1  -3  -2   0   0  -3  -2  -1    0  34   6   0   0   7  22   7   0   9   0   9   0   0   0   0   6   0   0   0  0.28 0.02
  167 L    -2  -3  -4  -4  -2  -3  -3  -4  -3   1   5  -3   2   0  -3  -3  -2  -2  -1   1    0   0   0   0   0   0   0   0   0   0 100   0   0   0   0   0   0   0   0   0  0.61 0.06
  168 S     2  -1   3   0  -1   0  -1   0  -1  -3  -3  -1  -2  -3  -1   4   1  -3  -2  -2   18   0  22   0   0   0   0   0   0   0   0   0   0   0   0  60   0   0   0   0  0.42 0.05
  169 K     1   2   0   3  -3   1   1  -1  -1  -3  -3   3  -2  -3  -1   0  -1  -3  -2  -2   18  13   0  22   0   0   9   0   0   0   0  38   0   0   0   0   0   0   0   0  0.35 0.03
  170 Q     0   1   0  -1  -3   5   1  -2   0  -3  -3   3  -1  -3  -1   0  -1  -3  -2  -2    7   0   0   0   0  52   0   0   0   0   0  40   0   0   0   0   0   0   0   0  0.56 0.06
  171 Q    -1   1   0   2  -3   5   2  -2   0  -3  -3   2  -1  -4  -2   0  -1  -3  -2  -3    0   0   0  15   0  55   9   0   0   0   0  22   0   0   0   0   0   0   0   0  0.57 0.05
  172 Q    -1   4  -1  -1  -3   2   0  -2  -1  -2   0   2  -1  -2  -2   0   1  -3  -2  -2    0  42   0   0   0  17   0   0   0   0  11   9   0   0   0   7  13   0   0   0  0.34 0.03
  173 Q    -1   1   0  -1  -3   4   1  -2   0  -3  -3   3  -1  -3  -1   2   0  -3  -2  -2    0   0   0   0   0  41   0   0   0   0   0  37   0   0   0  22   0   0   0   0  0.47 0.05
  174 L    -1  -2  -3  -4  -1  -2  -3  -4  -3   2   4  -3   3   0  -3  -2  -1  -2  -1   2    0   0   0   0   0   0   0   0   0   0  69   0   9   0   0   0   0   0   0  22  0.43 0.04
  175 M    -2  -2  -3  -4  -2  -2  -3  -3  -1   0   2  -3   2   5  -3  -2  -2   0   4   0    0   0   0   0   0   0   0   0   0   0  22   0  14  44   0   0   0   0  20   0  0.51 0.04
  176 Q    -1  -1   1   1  -2   2   3  -2  -1  -1   1   0   0  -2  -2  -1   0  -3  -2  -1    0   0   6   6   0  14  33   0   0   0  31   0   0   0   0   0   9   0   0   0  0.22 0.03
  177 A     3  -1  -2  -1  -1   0   1  -1  -2   0  -1   1   1  -2  -1   0  -1  -3  -2   0   60   0   0   0   0   0  11   0   0   9   0  11   9   0   0   0   0   0   0   0  0.22 0.04
  178 W    -3  -3  -4  -5  -3  -3  -4  -3  -3  -3  -2  -4  -2   0  -4  -3  -3  11   2  -4    0   0   0   0   0   0   0   0   0   0   0   0   0   0   0   0   0 100   0   0  2.85 0.12
  179 N    -2  -1   6   4  -3   0   0  -1   0  -4  -4  -1  -3  -4  -2   0  -1  -4  -3  -3    0   0  72  28   0   0   0   0   0   0   0   0   0   0   0   0   0   0   0   0  0.81 0.06
  180 K    -1   3   1  -1  -3   1   0  -2  -1  -3  -3   5  -2  -3  -2  -1  -1  -3  -2  -3    0  18   7   0   0   0   0   0   0   0   0  74   0   0   0   0   0   0   0   0  0.59 0.05
  181 S    -1   0  -1  -1  -2   4   1  -2  -1   0  -1   1   1  -3  -2   0   1  -2  -2  -1    0   0   0   0   0  54   0   0   0   9   0   9   6   0   0   7  15   0   0   0  0.35 0.05
  182 Y    -2  -2  -1   2  -3  -2  -1  -3   1  -2  -2  -2  -2   3  -3  -2  -2   1   6  -2    0   0   0  22   0   0   0   0   0   0   0   0   0   9   0   0   0   0  69   0  0.75 0.07
  183 P    -1  -2   1  -2  -3  -2  -1  -2  -2  -3  -3  -1  -3  -4   8  -1  -1  -4  -3  -3    0   0   9   0   0   0   0   0   0   0   0   0   0   0  91   0   0   0   0   0  1.93 0.08
  184 V     2  -3  -3  -3  -1  -2  -2  -2  -3   2   0  -2   0  -1  -2  -1   0  -3  -2   4   25   0   0   0   0   0   0   0   0   0   0   0   0   0   0   0   0   0   0  75  0.34 0.05
  185 D    -1  -1   1   4  -2   2   1  -2  -1  -2  -3  -1  -2  -3  -2   1   3  -3  -2  -2    0   0   0  47   0  15   0   0   0   0   0   0   0   0   0   7  31   0   0   0  0.48 0.04
  186 E    -1   1   1   2  -3   0   2   0  -1  -3  -3   1  -2  -3   3   1   0  -3  -2  -2    0  12   9  17   0   0  14   7   0   0   0   9   0   0  15  11   6   0   0   0  0.33 0.02
  187 W    -3   1  -3  -4  -3  -1  -2  -3  -2  -3  -2   0  -2   0  -4  -3  -3  11   1  -3    0  11   0   0   0   0   0   0   0   0   0  11   0   0   0   0   0  78   0   0  1.97 0.10
  188 E    -1  -1  -1   1  -4   2   6  -3  -1  -4  -3   0  -2  -4  -2  -1  -1  -3  -2  -3    0   0   0   0   0   0 100   0   0   0   0   0   0   0   0   0   0   0   0   0  0.94 0.08
  189 C    -1   3  -2  -3   8  -1  -2  -3  -2  -2  -2   1  -2  -3  -3  -1  -1  -3  -3  -2    0  25   0   0  64   0   0   0   0   0   0  11   0   0   0   0   0   0   0   0  0.89 0.07
  190 T    -1   2  -1   0  -3   2   3  -2  -1  -1  -1   1   1  -3  -2   0   1  -3  -2  -1    0  11   0   0   0  15  34   0   0   0   0  11   9   0   0   0  13   0   0   7  0.28 0.03
  191 R    -2   6  -1  -2  -4   1  -1  -3  -1  -4  -3   2  -2  -3  -3  -1  -2  -3  -2  -3    0 100   0   0   0   0   0   0   0   0   0   0   0   0   0   0   0   0   0   0  1.00 0.08
  192 D    -2  -1   5   4  -3   0   2  -1   0  -4  -4   0  -3  -4  -2   0  -1  -4  -3  -3    0   0  55  30   0   0  16   0   0   0   0   0   0   0   0   0   0   0   0   0  0.68 0.05
  193 D    -1   3   1   1  -4   3   3  -2   0  -3  -3   2  -2  -3  -2   0  -1  -3  -2  -3    0  18   9   7   0  22  28   0   0   0   0  16   0   0   0   0   0   0   0   0  0.45 0.03
  194 R    -1   4  -1  -2  -2   0  -1  -3  -2   1   1   0   0  -1  -2  -1   1  -3  -2   0    0  45   0   0   0   0   0   0   0  22  19   0   0   0   0   0  15   0   0   0  0.26 0.04
  195 I    -1  -3  -4  -4  -2  -3  -3  -4  -4   5   1  -3   1  -1  -3  -3  -1  -3  -2   3    0   0   0   0   0   0   0   0   0  85   0   0   0   0   0   0   0   0   0  15  0.53 0.06
  196 A     2  -2  -1  -1  -2  -1   1   2  -1  -2  -2  -1  -1   2  -2   0  -1  -1   2  -1   34   0   0   0   0   0  18  18   0   0   0   0   0  19   0   0   0   0  11   0  0.21 0.03
  197 K     0   1   1  -1   4   1   1  -2  -1  -3  -3   4  -2  -3  -2   0  -1  -3  -2  -2    6   0   9   0  15   0  11   0   0   0   0  59   0   0   0   0   0   0   0   0  0.38 0.04
  198 I    -1  -3  -3  -4  -2  -2  -3  -4  -1   3   2  -3   1   1  -3  -2  -1  -1   3   3    0   0   0   0   0   0   0   0   0  25  18   0   0   0   0   0   0   0  22  35  0.32 0.03
  199 Q    -1   0  -1  -1  -3   6   1  -2   0  -2  -1   1   2  -3  -2  -1  -1  -2  -2  -2    0   0   0   0   0  85   0   0   0   0   0   0  15   0   0   0   0   0   0   0  0.72 0.08
  200 G     0  -2   0  -2  -3  -1  -2   5   4  -4  -4  -2  -3  -3  -3  -1  -2  -3  -2  -4    0   0   0   0   0   0   0  78  22   0   0   0   0   0   0   0   0   0   0   0  0.91 0.06
  201 N    -2   2   6   1  -3   0  -1  -1   0  -4  -4   0  -2  -3  -2   0  -1  -4  -2  -3    0  15  85   0   0   0   0   0   0   0   0   0   0   0   0   0   0   0   0   0  0.81 0.07
  202 H    -1   2   0  -1  -3   0  -1   1   6  -3  -3   0  -2  -2  -2   0   1  -3   0  -2    0  22   0   0   0   0   0  15  38   0   0   0   0   0   0   7  18   0   0   0  0.39 0.04
  203 N    -2  -1   7   1  -3   0  -1  -1   0  -4  -4  -1  -3  -4  -3   0   0  -4  -3  -3    0   0 100   0   0   0   0   0   0   0   0   0   0   0   0   0   0   0   0   0  1.00 0.08
  204 P    -1   0  -1   1  -3  -1   1  -2  -2  -3  -3  -1  -3  -4   7  -1  -1  -4  -3  -3    0   7   0   9   0   0  15   0   0   0   0   0   0   0  69   0   0   0   0   0  1.35 0.06
  205 F    -2  -3  -3  -4  -3  -3  -3  -4   0  -1   0  -3  -1   6  -4  -3  -2   1   5  -1    0   0   0   0   0   0   0   0   0   0   0   0   0  69   0   0   0   0  31   0  0.89 0.07
  206 V    -1  -3  -3  -4  -1  -3  -3  -4  -4   4   1  -3   1  -1  -3  -2  -1  -3  -2   4    0   0   0   0   0   0   0   0   0  40   0   0   0   0   0   0   0   0   0  60  0.46 0.05
  207 Q    -1   1   0   3  -3   3   2  -2   0  -3  -3   0  -2  -1  -2  -1  -1  -1   3  -2    0   9   0  25   0  23  22   0   0   0   0   0   0   0   0   0   0   0  22   0  0.40 0.03
  208 Q    -1   2   0  -1  -3   2   1  -2   4  -3  -3   3  -2  -3  -2   1  -1  -3  -1  -3    0   8   0   0   0  16   9   0  25   0   0  32   0   0   0  11   0   0   0   0  0.39 0.03
  209 S     1   0   0  -1  -2   4   1  -1   3  -3  -2   2  -1  -3  -1   1   0  -3  -1  -2   20   0   0   0   0  41   0   0  14   0   0  14   0   0   0  11   0   0   0   0  0.33 0.02
  210 C    -1  -4  -3  -4   9  -3  -4  -3  -3  -2  -2  -3  -2  -3  -3  -1  -1  -3  -3  -1    0   0   0   0 100   0   0   0   0   0   0   0   0   0   0   0   0   0   0   0  1.49 0.05
  211 Q    -1   1   0   0  -3   6   2  -2   0  -3  -2   1  -1  -3  -1   0  -1  -2  -2  -2    0   0   0   0   0 100   0   0   0   0   0   0   0   0   0   0   0   0   0   0  0.74 0.03
  212 T     3  -1  -1  -1  -1  -1  -1  -1  -2  -1  -1  -1  -1  -2  -1   1   3  -3  -2   0   50   0   0   0   0   0   0   0   0   0   0   0   0   0   0   0  50   0   0   0  0.31 0.00
  213 Q    -1   4   0  -1  -3   4   1  -2   0  -3  -2   2  -1  -3  -2   0  -1  -2  -2  -2    0  50   0   0   0  50   0   0   0   0   0   0   0   0   0   0   0   0   0   0  0.56 0.00

                      K         Lambda
Standard Ungapped    0.1320     0.3190
Standard Gapped      0.0410     0.2670
PSI Ungapped         0.1320     0.3190
PSI Gapped           0.0410     0.2670
