
Last position-specific scoring matrix computed, weighted observed percentages rounded down, information per position, and relative weight of gapless real matches to pseudocounts
            A   R   N   D   C   Q   E   G   H   I   L   K   M   F   P   S   T   W   Y   V   A   R   N   D   C   Q   E   G   H   I   L   K   M   F   P   S   T   W   Y   V
    1 A     1  -2  -1  -2  -2  -2  -2   4  -3  -1  -2  -2  -1  -3  -2   0   2  -3  -3   1   11   0   0   0   0   0   0  45   0   0   0   0   0   0   0   4  18   0   0  22  0.40 0.07
    2 A     2  -2  -1  -2  -2  -1  -1   3  -2  -2  -3   0  -2  -3  -2   3   0  -3  -3   0   27   0   0   0   0   0   0  28   0   0   0   5   0   0   0  30   0   0   0   9  0.38 0.10
    3 P    -1  -2   2  -2  -2  -2  -2  -1  -2  -1  -2  -2  -2  -2   5   0   2  -3   1   1    0   0  13   0   0   0   0   5   0   0   0   0   0   0  29   6  24   0   9  14  0.49 0.12
    4 I     1  -3  -3  -3  -2  -3  -3  -3  -3   2   1  -3   0   1  -3   0   0  -3  -2   4   18   0   0   0   0   0   0   0   0  10  10   0   0   8   0   9   3   0   0  43  0.34 0.15
    5 L    -3  -4  -5  -5  -3  -4  -5  -5  -5   4   4  -4   2  -2  -5  -4  -2  -4  -3   4    0   0   0   0   0   0   0   0   0  24  41   0   5   0   0   0   0   0   0  31  0.88 0.33
    6 F    -3  -4  -4  -5   1  -3  -4  -5   4   1   0  -4   1   2  -5  -4  -3  -2   5   4    0   0   0   0   3   0   0   0  11   7   8   0   3   8   0   0   0   0  24  36  0.73 0.33
    7 W    -3  -6  -7  -8  -6  -6  -6  -6  -6  -5  -1  -7  -4  -3  -7  -6  -6  12  -1  -3    2   0   0   0   0   0   0   0   0   0   7   0   0   0   0   0   0  88   0   2  3.92 0.92
    8 H    -4  -5  -5  -6  -5  -4  -5  -6   4  -2   1  -5   5   7  -6  -5  -4  -2   1  -3    0   0   0   0   0   0   0   0  10   0   9   0  18  62   0   0   0   0   1   0  1.59 0.53
    9 R    -4   7  -3  -4  -5   1  -2  -5  -3  -5  -3   1  -4  -1  -4  -1   0  -5  -4  -5    0  73   0   0   0   5   0   0   0   0   3   6   0   2   0   5   6   0   0   0  1.41 0.51
   10 R    -1   5   4  -1  -5   0  -2  -1   2  -5  -4   2  -1  -2  -4  -1  -2  -5  -3  -4    5  38  27   2   0   2   0   3   6   0   0  10   2   2   0   2   0   0   0   0  0.76 0.34
   11 D    -4  -4  -1   7  -6  -3   0   2  -4  -6  -6  -3  -6  -6  -4   0  -3  -7  -6  -6    0   0   0  77   0   0   2  16   0   0   0   0   0   0   0   5   0   0   0   0  1.70 0.55
   12 L    -4  -4  -5  -5  -4   2  -4  -6  -5  -1   6  -4   0   0  -5  -4  -3  -4  -3   0    0   0   0   0   0  10   0   0   0   0  82   0   0   2   0   0   0   0   0   5  1.21 0.47
   13 R    -5   8  -4  -5  -7  -2  -3  -6  -3  -6  -5  -1  -5  -6  -5  -4  -4  -6  -5  -6    0 100   0   0   0   0   0   0   0   0   0   0   0   0   0   0   0   0   0   0  2.50 0.73
   14 L    -1  -4  -5  -5  -3  -4  -4  -5  -5   1   4  -4   0  -2  -4  -1  -1  -4  -3   3    5   0   0   0   0   0   0   0   0   4  57   0   0   0   0   5   4   0   0  26  0.75 0.34
   15 S    -1  -2   0  -3  -4   1   1  -4   8  -2  -1  -1  -3  -1  -4   1   1  -4   1  -3    4   0   4   0   0   7   8   0  42   2   6   2   0   2   0   9   9   0   5   0  0.79 0.35
   16 D    -5  -5  -2   8  -7  -3  -1  -4  -4  -6  -7  -4  -6  -6  -5  -3  -4   4  -5  -6    0   0   0  95   0   0   0   0   0   0   0   0   0   0   0   0   0   5   0   0  2.38 0.69
   17 N    -5  -3   8  -2  -6  -3  -3  -4   5  -6  -6  -3  -5  -6  -5  -2  -3  -7  -4  -6    0   0  85   0   0   0   0   0  15   0   0   0   0   0   0   0   0   0   0   0  2.23 0.69
   18 I    -1  -1  -3  -2  -4  -2   1  -4   2  -2   0  -2  -3  -3   5  -1   0   5  -3  -2    5   4   0   1   0   0  12   0   5   2  11   0   0   0  35   5   7  10   0   3  0.70 0.29
   19 G     5  -3  -3  -4   2  -3  -3   1   0  -1  -2  -3  -3  -4   1   0  -1  -5  -4   0   59   0   0   0   4   0   0   8   2   2   4   0   0   0   8   5   2   0   0   5  0.66 0.34
   20 L    -4  -5  -6  -6  -4  -5  -5  -6  -5  -1   6  -5   0   2  -5  -5  -4  -4  -3   0    0   0   0   0   0   0   0   0   0   0  89   0   0   8   0   0   0   0   0   3  1.44 0.50
   21 A     2   0  -1  -2  -3   1   1  -3   3   0   1  -1  -1  -2  -3  -1  -1  -3   2  -1   22   4   2   0   0   7   9   0  11   5  22   3   0   0   0   0   3   0   8   3  0.20 0.18
   22 A     3   1  -2   0  -3   0   2  -2   2  -3  -2   1  -2  -2  -3   0  -1   2   3  -3   33   9   0   4   0   2  14   0   5   0   2   8   0   0   0   6   2   3  12   0  0.33 0.23
   23 A     6  -2  -4  -4   4  -3  -3  -3  -4  -4  -4  -3  -4  -5  -3   1  -2  -5  -4  -3   83   2   0   0   8   0   0   0   0   0   0   0   0   0   0   7   0   0   0   0  1.38 0.54
   24 R     0   1   0  -1  -2   1   0  -2  -1   1   2   0   0  -2  -3   0  -1   2  -2   1    7  12   5   3   0   6   5   2   2   9  24   5   0   0   0   6   0   4   0  11  0.09 0.10
   25 A     2   3   1   0  -3   2   1  -1   2  -3  -3   1  -3  -4  -1   1   0  -4  -3  -2   19  19   9   4   0   8  11   4   6   0   0   5   0   0   2   9   3   0   0   1  0.30 0.18
   26 Q     1   0   1   1  -3   1   1   2   3  -3  -2   0  -2  -2  -2   1   1  -3  -2  -3   11   5   6   6   0   7   9  14  10   0   3   3   0   2   0  13  10   0   0   0  0.21 0.13
   27 S     3  -2   0  -1   0  -2  -1   2  -3  -3  -2   1  -2   0  -3   2   0  -4  -3  -1   30   0   4   2   2   0   4  17   0   0   2  11   0   5   0  15   6   0   0   4  0.28 0.19
   28 A     2   0   1   3  -3  -1   1   1  -2  -2  -1  -1  -2  -3  -1   0  -1  -4  -3   0   19   6   6  23   0   0   8  12   0   0   7   0   0   0   2   5   3   0   0   9  0.22 0.16
   29 Q     0   2  -2  -3   0   1   0  -3   2  -4  -4   1  -3  -2   5   0   1  -4  -3  -3    7  12   0   0   2   5   6   0   6   0   0  11   0   2  31   7  12   0   0   0  0.63 0.27
   30 L    -2  -4  -5  -5   0  -4  -4  -5  -5   2   3  -4   1  -2  -4  -2  -1   1  -3   4    0   0   0   0   2   0   0   0   0  10  37   0   2   0   0   3   3   2   0  42  0.74 0.32
   31 I     0   0  -4  -4  -3  -3  -3  -4   1   3   2  -3   0   1  -4  -3  -1  -3   2   2    9   6   0   0   0   0   0   0   5  26  22   0   0   7   0   0   1   0   7  15  0.37 0.21
   32 G     2  -4  -4  -4   5  -3  -3   0  -4  -1  -2  -3  -3  -4   5   0  -2  -5  -4   1   22   0   0   0  14   0   0   9   0   2   3   0   0   0  34   5   0   0   0  10  0.82 0.33
   33 L    -3  -4  -5  -5   3  -4  -5  -5  -5   2   3  -4   1   0  -1  -4  -2  -4  -3   5    0   0   0   0   7   0   0   0   0   9  31   0   2   2   3   0   0   0   0  45  0.78 0.33
   34 F    -5  -5  -5  -6  -5  -5  -5  -6   0  -3  -3  -5  -3   7  -6  -5  -5  -1   7  -1    0   0   0   0   0   0   0   0   2   0   0   0   0  49   0   0   0   0  46   3  1.97 0.59
   35 C    -1  -5  -2  -5   7  -4  -5  -1  -5   4  -1  -4  -2  -3  -5  -3  -2  -4  -1   3    3   0   2   0  32   0   0   5   0  31   3   0   0   0   0   0   2   0   2  20  0.95 0.37
   36 L    -1  -2  -4  -5  -3  -4  -4  -4  -3   1   3  -4  -1   5  -4  -1  -3   4   1   0    7   2   0   0   0   0   0   0   0   6  39   0   0  27   0   4   0   6   3   5  0.61 0.27
   37 D    -1  -3   1   6   1  -2   0  -3  -3  -4  -4  -3  -4   0   0  -1   3  -5  -3  -2    5   0   5  48   4   0   4   0   0   0   0   0   0   5   5   2  20   0   0   3  0.75 0.34
   38 P    -2  -4  -2   2  -5  -3   0   0  -4  -5  -5  -3  -5  -6   8  -3  -4  -6  -5  -5    2   0   2  12   0   0   5   6   0   0   0   0   0   0  72   0   0   0   0   0  1.91 0.55
   39 Q    -1   4   0   1   0   2   3  -3   2  -4  -4   1   0  -4  -3  -2  -1   4  -2  -4    5  26   3   7   2   7  21   0   6   0   0   9   3   0   0   0   4   6   0   0  0.49 0.25
   40 I    -2  -1   0   1  -3   3  -1  -3   0   0   0  -2  -1   3  -1   0  -2  -2   3  -1    1   2   4   7   0  22   3   1   2   4   9   0   0  19   3   7   0   0  13   4  0.29 0.19
   41 L     1  -3  -2  -3  -3  -3  -3  -3   0   0   2  -2   0   3   0  -2  -2   6   2  -1   17   0   2   0   0   0   1   1   2   5  26   2   2  15   6   1   0  13   5   1  0.41 0.20
   42 Q     0   1   1  -1  -3   2   2   3   2  -3  -2   1  -2  -3  -2  -1  -1  -3  -2  -3    7   7   7   0   0  13  17  24   6   0   3   8   0   0   0   3   2   0   0   1  0.33 0.17
   43 S     2  -1   0   0  -2   1   1  -1  -2  -2  -2   0  -2  -1   0   1   2  -3   0  -2   21   3   3   4   0   6  10   3   0   0   3   4   0   3   4  10  21   0   4   0  0.19 0.14
   44 A     1  -1   1  -1  -3   0  -1   1   4  -3  -3   0  -2  -3   0   2   2  -4  -2  -2   14   2   6   2   0   4   2  12  13   0   0   5   0   0   3  19  15   0   0   2  0.29 0.18
   45 D    -1   0   1   2   0   1   0  -1   4  -2  -2   1   0  -1  -1   1  -1  -3  -2  -2    4   4   7  12   3   8   4   3  16   2   4  10   3   2   2  14   2   0   0   0  0.20 0.14
   46 M     0   0  -2   0   0  -2  -2  -3  -2   0   0  -2   2   2  -3  -1   1   1   3   2   11   5   0   5   2   0   1   1   0   1  10   1   7  10   1   1  11   2  11  19  0.16 0.14
   47 A     2  -2  -2  -2  -3  -2  -1   5   0  -3  -3  -1  -3  -3  -2   1  -1  -3   0  -3   20   1   1   1   0   1   3  45   2   1   1   3   0   1   1  11   3   0   4   1  0.58 0.23
   48 P     1   0  -3  -3  -4  -2   0  -1  -3   1  -3  -1  -3  -2   6  -2  -3  -4   2  -2   10   5   0   0   0   0   6   5   0  11   0   3   0   2  47   0   0   0   7   2  0.90 0.32
   49 A     0   3   3  -2  -3  -1  -2   0   2  -1  -1   0  -2   1  -2  -2  -2   3   0  -1   11  25  16   0   0   0   0   8   5   4   7   5   0   6   2   0   0   4   2   4  0.24 0.19
   50 R    -4   7  -3  -4  -6   3  -2  -5   5  -6  -5   2  -4  -5  -2  -3  -3  -5  -3  -5    0  60   0   0   0  15   0   0  14   0   0   9   0   0   2   0   0   0   0   0  1.40 0.50
   51 V     2  -1  -3  -3  -3  -1  -2  -1   0   0   1  -1   2   0  -3  -1  -2   5   2   1   23   3   0   0   0   2   2   3   2   4  13   4   6   2   0   1   0  10  10  13  0.25 0.18
   52 A     1   4  -1   1  -4   1  -1   0  -2  -3  -3   2   1  -3  -3  -1  -1   4  -3  -2   17  28   1   9   0   5   2   6   0   0   0  13   5   0   0   2   2   8   0   2  0.41 0.24
   53 Y    -5  -5  -6  -6  -5  -6  -6  -6  -4  -3   0  -6  -3   8  -6  -5  -5   6   3  -4    0   0   0   0   0   0   0   0   0   0   6   0   0  75   0   0   0  11   8   0  2.06 0.60
   54 L    -3  -2  -5  -5  -3  -1  -4  -5  -4   3   4  -4   5   1  -5  -4  -2  -3  -2   0    0   2   0   0   0   2   0   0   0  14  54   0  17   6   0   0   2   0   0   3  0.83 0.34
   55 Q     0  -1  -1  -2  -3   0  -3  -4   0   2   3   0   2   0  -4  -2  -2   4   1  -1    7   2   4   2   0   6   0   0   2  12  42   6   4   2   0   2   0   6   5   0  0.32 0.21
   56 G    -1   2  -1   1  -5   4   4   0   0  -5  -4   1  -3  -4  -3  -2  -3  -4  -1  -4    5   9   2   8   0  23  32   8   2   0   0   8   0   0   0   0   0   0   2   0  0.62 0.30
   57 C     0  -1   1  -3   6   0  -3   2   0  -4  -4  -2  -3  -4  -3   4   1  -5  -4  -3    6   2   8   0  19   3   0  15   2   0   0   0   0   0   0  38   7   0   0   0  0.68 0.33
   58 L    -3  -5  -6  -6  -3  -4  -5  -6  -5   1   5  -5   0  -2  -5  -5  -3  -4  -3   3    0   0   0   0   0   0   0   0   0   5  76   0   0   0   0   0   0   0   0  19  1.20 0.44
   59 Q     2   2   0  -2   0   3   2  -2  -2  -2  -3   1   0  -3  -3   0  -1   3  -3  -1   22  15   5   0   2  16  12   2   0   2   0   8   2   0   0   4   2   5   0   4  0.30 0.20
   60 E     2  -1   1   5  -4   2   2  -2   1  -4  -4  -2  -4  -5  -3   0  -2  -5  -4  -2   18   3   4  41   0   9  13   2   4   0   0   0   0   0   0   4   0   0   0   2  0.69 0.31
   61 L    -4  -5  -6  -6  -3  -5  -5  -6  -5   1   6  -5   0   0  -5  -5  -3  -4  -3   2    0   0   0   0   0   0   0   0   0   5  80   0   0   2   0   0   0   0   0  13  1.22 0.44
   62 Q     0   4   1   3  -4   3  -1  -1   0  -4  -4   3  -3  -5  -3   0  -2  -5  -3  -4    9  23   5  22   0  14   0   3   2   0   0  18   0   0   0   4   0   0   0   0  0.57 0.28
   63 Q     1   2  -1   1  -3   2   2  -2   1  -2  -3   2  -2  -4  -2   1   1  -4  -3  -3   12  10   1   8   0  13  12   0   4   3   0  13   0   0   0  10  12   0   0   0  0.31 0.19
   64 R     1   1   3   1  -3   2   2  -1   0  -4  -3   0   0  -4  -3   3  -1  -4  -3  -3   13   7  14   8   0   9  11   2   2   0   1   3   2   0   0  26   2   0   0   0  0.35 0.21
   65 Y    -2  -4  -5  -6   2  -4  -5  -6  -4   1   5  -5   0   1  -5  -4  -3  -3   3  -1    3   0   0   0   5   0   0   0   0   5  73   0   0   4   0   0   0   0  10   0  1.05 0.41
   66 Q     1   4  -2  -1  -4   3   2  -2  -2  -3  -2   2   1  -4  -3  -1  -1  -4  -3  -2   14  29   0   2   0  14  11   2   0   0   2  13   4   0   0   2   4   0   0   1  0.46 0.25
   67 Q     2   0   0   1  -3   2   2  -2   0  -4  -4   3  -1  -4  -2   1   0  -4  -3  -3   17   3   2   7   0  11  13   0   2   0   0  26   2   0   0  13   4   0   0   0  0.39 0.22
   68 A     0   3  -1  -4  -3  -1  -3  -4  -1   1   4   0  -1  -2  -4  -1  -2  -4  -3  -1    7  23   2   0   0   1   0   0   1   6  48   5   0   0   0   3   0   0   0   1  0.50 0.28
   69 G    -2  -4   2  -1   0  -1  -3   6   2  -6  -6  -1  -5  -5  -4  -2  -1  -5  -5  -5    0   0  11   2   2   2   0  70   5   0   0   3   0   0   0   0   3   0   0   0  1.28 0.44
   70 S    -1  -3  -1  -3  -3   0  -3   3  -3   3   0  -3  -2  -3  -3   3  -1  -4  -3  -1    3   0   1   0   0   6   0  24   0  23   7   0   0   0   0  31   2   0   0   2  0.44 0.28
   71 R    -1   3   0   2   1   2   1  -2  -2  -1  -4   1  -3  -4   3  -2  -2  -5  -4  -3    3  23   5  16   4   8   9   2   0   5   0   5   0   0  18   0   1   0   0   0  0.47 0.23
   72 L    -4  -5  -6  -6  -4  -5  -5  -6  -5  -1   6  -5   1   3  -5  -5  -4  -4  -2   0    0   0   0   0   0   0   0   0   0   0  82   0   2  13   0   0   0   0   0   3  1.30 0.47
   73 L    -3  -4  -4  -5  -3  -4  -4  -5   1   2   4  -4  -1   3  -5  -4  -2   5   3   1    0   0   0   0   0   0   0   0   5  10  41   0   0  15   0   0   2   9   9   9  0.69 0.29
   74 L    -2  -4  -5  -5  -3  -4  -4  -5  -4   3   2  -4   0   0  -4  -4   0  -3   2   5    0   0   0   0   0   0   0   0   0  14  22   0   2   3   0   0   4   0   7  48  0.74 0.32
   75 L    -2   4  -3  -3  -3   0   0  -4   1   1   1  -1  -1   2  -4  -2  -1   2   0   0    2  27   0   0   0   3   8   0   4   7  19   2   0  12   0   0   3   3   3   8  0.27 0.19
   76 Q    -1   2   0   0   0   2   2  -3   1  -2  -2   1  -2  -4  -1   1   2  -4  -3  -1    2  15   3   4   2  11  17   0   4   2   2   5   0   0   2  10  16   0   0   4  0.27 0.18
   77 G    -1  -4  -1  -1  -4  -3  -2   6  -1  -4  -2  -3  -4  -5  -4   1  -1  -5  -4  -1    2   0   2   3   0   0   3  65   2   0   4   0   0   0   0  11   4   0   0   6  0.98 0.37
   78 D    -1   1   1   3  -4   1   2  -1   1  -3  -1   2  -2  -4   0  -1   0  -4  -3  -3    4   6   8  22   0   6  14   3   3   0   9  13   0   0   4   3   4   0   0   0  0.30 0.17
   79 P     1  -4  -3  -4  -4  -3  -3  -4  -4  -2  -4  -2  -4   0   7   2  -1   2  -1  -2   10   0   0   0   0   0   0   0   0   2   0   2   0   5  53  18   2   3   2   2  1.24 0.43
   80 Q     1   0  -2   0  -3   1   2  -1  -2   0  -2   1  -2  -2  -1  -1   0   2   0   0   19   6   0   5   0   6  18   4   0   6   0  10   0   0   3   0   7   3   4   9  0.15 0.14
   81 H     0   0   1   3  -3   2   3  -1   0  -3  -3   0  -3  -4  -2   0   1  -4  -1  -2    6   4   4  19   0  11  23   4   2   0   2   2   0   0   0   7  11   0   2   2  0.35 0.19
   82 L     1  -3  -1  -3   1  -2  -1  -3  -3   2   0  -1  -1   0  -3  -1   0  -3   1   3   15   0   3   0   4   0   5   0   0  13   4   4   0   3   0   3   6   0   5  35  0.25 0.18
   83 I    -3  -4  -5  -5  -3  -4  -4  -5  -4   4   3  -4   1   3  -4  -4  -2  -3  -2   3    0   0   0   0   0   0   0   0   0  24  35   0   2  13   0   0   0   0   0  25  0.72 0.29
   84 P    -1   2  -3  -3   1   0   0  -4  -3  -1  -1   1   0  -4   6  -1  -1  -5  -4  -1    5  12   0   0   3   4   4   0   0   5   6   8   3   0  40   5   2   0   0   4  0.71 0.28
   85 Q     0   3   0   1  -4   2   2  -3   2  -4  -4   0  -3   0  -3   1  -2  -4  -1  -3   10  22   4   9   0   7  19   0   6   0   0   4   0   5   0  12   0   0   2   0  0.38 0.22
   86 L     0  -4  -5  -5   2  -4  -4  -5  -4   1   4  -4   0   3  -4  -3  -3  -3   0   2    7   0   0   0   5   0   0   0   0   6  50   0   0  15   0   0   0   0   3  14  0.66 0.29
   87 A     3  -3  -3  -4   3  -3  -3  -3   0   2   1  -2   0   2  -3  -1  -2  -3  -2   2   30   0   0   0   8   0   0   0   3  12  15   3   2   9   0   3   0   0   0  14  0.30 0.20
   88 Q    -2   2   0   0  -4   3   2  -3  -2  -4  -2   4  -3  -4  -1   0   1  -4  -3  -3    2  11   3   3   0  12  17   0   0   0   3  34   0   0   2   5   8   0   0   0  0.54 0.27
   89 Q     0   2  -2   0  -4   3   4  -3  -2  -2  -3   2  -2  -4  -3   1   1  -4  -1  -2    7  11   0   5   0  13  29   0   0   3   2  10   0   0   0   9   8   0   2   2  0.40 0.22
   90 L    -2  -2  -2  -4   3  -3  -3  -4   3   0   2  -3  -1   1  -4  -2   1   6   2   0    2   2   2   0   7   0   0   0   9   4  29   0   0   4   0   0  12  14   8   7  0.49 0.24
   91 Q     0   0   2   0  -4   1   0   4  -2  -4  -4   2  -3  -4  -3   0   0  -4  -3  -3    8   3  13   3   0   7   6  34   0   0   0  15   0   0   0   5   4   0   0   0  0.47 0.22
   92 A     4  -4  -4  -2  -3  -3  -3  -1  -4   3  -1  -3  -2  -1  -3  -2  -2  -4  -3   3   43   0   0   3   0   0   0   3   0  24   3   0   0   2   0   0   0   0   0  22  0.61 0.33
   93 E     0  -1   1   3  -3  -1   0   1   2  -4  -4   1  -3  -4  -3   2   3  -4  -3  -3    5   3   4  17   0   0   6   9   7   0   0   8   0   0   0  17  24   0   0   0  0.39 0.23
   94 A     3   2  -1  -1  -3   0  -2  -1   3  -2  -3   2  -3  -4  -3   0   2  -4  -3  -2   33  10   2   4   0   4   0   4  10   3   0  13   0   0   0   3  14   0   0   0  0.36 0.24
   95 V    -1  -5  -5  -5  -3  -4  -5  -5  -5   4   3  -4  -1  -2  -5  -4  -2  -4  -3   5    3   0   0   0   0   0   0   0   0  24  27   0   0   0   0   0   0   0   0  46  0.93 0.36
   96 Y    -1  -4  -3  -4   4  -3  -4  -4   2  -1  -1  -4  -2   3  -4  -1   0   3   5   2    5   0   0   0   9   0   0   0   7   0   4   0   0  16   0   3   8   5  23  20  0.59 0.29
   97 W     2  -3  -3  -3   0  -3  -3  -3  -2   0  -1  -3   1   4  -3   0  -1   5   3   0   26   0   0   0   2   0   0   1   0   7   4   0   5  20   0   6   2   9  10   5  0.41 0.21
   98 N    -1  -2   4   1  -3   0   2  -2   5  -3  -2  -1  -2  -3  -3  -1   0  -4  -2  -2    5   1  28   7   0   4  16   1  19   1   4   1   0   0   1   3   7   0   0   3  0.51 0.24
   99 Q     0   1  -2  -1  -3   2   1  -2   3  -1  -1   0   0  -2  -3   0   2  -2   3  -2    6  10   0   3   0  12   7   1   9   3   6   4   2   0   0   4  17   0  13   0  0.23 0.18
  100 D    -3  -1  -1   5  -5   0   4  -1   1  -4  -1  -1  -1  -5  -3  -1  -3  -5  -4  -3    0   2   0  40   0   3  31   5   4   0   6   2   2   0   0   3   0   0   0   2  0.78 0.34
  101 I    -1   0  -3  -4   2  -1  -2  -4   0  -1  -2  -3  -2   2   1   0   1  -1   5   1    5   5   0   0   6   2   2   0   2   2   0   0   0  10   6   6   9   0  29  15  0.42 0.25
  102 E     0  -1   0   2   1   0   3   2  -2  -3  -2  -1  -3  -4  -3   2   1  -4  -3  -2    5   2   2   9   4   3  30  14   0   0   3   0   0   0   0  16   9   0   0   2  0.37 0.22
  103 P    -1  -2  -3  -1  -4  -1  -2  -1   0  -2  -2  -1  -3   0   6   1   0  -4   1  -1    3   2   0   3   0   1   0   4   2   2   2   4   0   4  42  15   6   0   5   4  0.73 0.29
  104 Y    -2  -3   0   2   1  -2   2  -3  -2   1   0  -2  -2   1  -3  -2  -1  -2   4  -1    0   0   6  16   4   0  20   0   0   9  12   0   0   6   0   0   2   0  19   4  0.31 0.21
  105 G     0   0  -2   0  -4   0   5   2  -2  -4  -4  -1  -3  -4  -3   0  -1   4  -1  -3    9   5   0   3   0   3  43  16   0   0   0   0   0   0   0   6   4   6   2   0  0.58 0.28
  106 R    -1   3   0  -2  -3   1  -1  -3  -2  -1   1   2   0   0  -1  -2   0  -3  -2   0    4  24   3   0   0   8   3   0   0   3  19  16   2   4   3   0   5   0   0   5  0.23 0.16
  107 D     0   1  -1   2  -3   2   2  -3  -1  -1  -1   0  -2  -2  -2   0  -1  -3   2   0    9   6   0  13   0  15  17   0   0   3   6   5   0   0   0   6   0   0   8  10  0.21 0.16
  108 R    -1   6  -2  -1  -4   0  -1  -4  -2  -2  -2   0   0  -4  -3  -2  -1  -4  -3   1    4  60   0   3   0   2   3   1   0   2   2   3   2   0   0   1   4   0   0  10  0.87 0.35
  109 D    -1  -1  -1   6  -4   0   3  -3  -3  -2  -2  -2  -4  -4  -3  -2  -3  -5  -4  -4    4   3   0  57   0   3  21   1   0   2   5   0   0   0   0   1   0   0   0   0  1.05 0.38
  110 G     2   1  -1   0   0   1   1   0   3  -2  -1   1  -1  -2  -2   0  -1   2   0  -1   20   6   0   4   3   5   9   9   9   1   6  10   0   0   1   2   3   3   3   6  0.11 0.10
  111 Q     2   1  -1  -1  -2   0  -1  -1  -2  -1   0   2   0  -2  -2   0   0   1  -2   0   27   8   2   4   0   3   2   2   0   3  10  15   2   0   1   6   7   3   0   5  0.14 0.12
  112 V     0  -4  -4  -2  -2  -3  -3  -4  -4   3   2  -3  -1  -2  -3  -3  -2  -4  -3   5    9   0   0   3   0   0   0   1   0  18  17   0   0   0   0   1   0   0   0  49  0.64 0.28
  113 A     1   2  -1   0  -3   2   2  -1   0  -1  -2   3   0  -3  -2  -1  -1  -4  -3  -1   17  10   2   6   0  13  12   3   2   4   0  21   4   0   0   0   2   0   0   4  0.26 0.17
  114 A     0   1   0   2  -4   3   2  -3   0  -3  -3   3  -2  -4  -2   1  -1  -4  -3  -2    5   8   2  12   0  18  16   0   3   0   2  20   0   0   0   8   2   0   0   3  0.40 0.20
  115 A     2  -1  -2  -2  -2  -1  -2  -1  -2   0   2   1   0   1  -2  -1   0   2   0   0   24   2   2   2   0   2   0   3   0   2  25  11   2   7   0   0   4   4   2   8  0.14 0.13
  116 L     1  -1  -4  -4   6  -3  -4  -4  -4  -1   4  -2   1   0  -4  -3  -1  -3  -3  -1   15   3   0   0  19   0   0   0   0   0  49   3   2   4   0   0   2   0   0   0  0.67 0.31
  117 K     1   3  -1   0  -1   1   1  -1  -2  -3  -2   2  -2  -3   1   1   0  -3  -3  -1   12  19   2   6   1   5   7   3   0   0   3  11   0   0   7  13   6   0   0   4  0.21 0.13
  118 T     0   0   0   1  -3   2   3  -2   0  -2  -3   1  -1  -2  -1   1   0  -4  -2  -1    8   3   4   7   0  10  27   0   3   2   0  11   2   2   1   8   6   0   0   3  0.30 0.17
  119 A     1   0   0  -1  -2   1   1  -2   2  -1   1   0   0  -2   0   0  -1  -3  -1   0   17   6   4   2   0   7  10   0   8   0  18   3   3   0   4   9   2   0   2   5  0.10 0.10
  120 G    -2  -3   1   2  -4  -2  -2   5   3  -4  -2  -1  -3  -4   0   0  -1  -4  -3  -3    0   0   6  12   0   0   0  51   7   0   4   4   0   0   4   5   3   0   0   2  0.70 0.28
  121 I    -2  -4  -4  -4  -3  -1  -4  -5   3   5   0  -4   1   0  -4  -2  -1  -4  -2   3    2   0   0   0   0   3   0   0   8  44   6   0   2   4   0   3   2   0   0  26  0.66 0.30
  122 R     1   2  -2   0  -3  -1   1  -2   1   0   0   1  -1  -2   2   0   0   1  -2  -1   16  13   0   6   0   0  13   0   4   7  11   8   0   0   9   4   4   3   0   2  0.14 0.11
  123 A     0  -3  -3  -3   3  -1  -1  -2  -1   1   2  -3   0   0  -3  -2  -1   1   0   3    9   0   0   0   7   2   4   3   2   7  18   0   2   4   0   0   2   2   3  33  0.24 0.16
  124 V    -1   1  -1  -1  -3   2   1  -3   2   0  -1   1   0   1   1  -1   0  -2   0   1    4   7   3   2   0  13   8   0   6   8   2   8   3   8   6   2   5   0   3  12  0.10 0.09
  125 Q     0   0  -1  -1   0   2   0   0   1  -1  -1   0  -1  -2  -1   1   1  -3   0   0    8   4   0   3   3  14   6   7   5   1   7   5   0   0   2  13   9   0   5   9  0.09 0.09
  126 L    -2   0  -2  -3  -3   0   0  -4   0   0   0   0  -1   4   1  -2  -2  -2   2   2    2   5   2   0   0   6   7   0   2   3   9   5   0  25   7   0   0   0   8  20  0.27 0.19
  127 W    -3  -3   2   1  -4  -1   1  -4   5  -1  -3  -3  -3  -2  -4  -2  -3   9   0   1    0   0   9   8   0   3   8   0  17   3   0   0   0   0   0   2   0  31   2  12  1.05 0.37
  128 D     0  -3   0   5  -4  -2  -1   3   2  -2  -4  -2  -4  -4  -3   3  -1  -5  -4  -4    5   0   2  34   0   0   0  21   6   3   0   0   0   0   0  25   2   0   0   0  0.66 0.31
  129 Q     1  -1   2   2  -3   1   1  -2   5  -4  -4  -1  -3  -4  -3   2   0  -4  -2  -3   13   2  10  13   0   8   6   0  20   0   0   2   0   0   0  20   4   0   0   0  0.46 0.23
  130 L    -2  -3  -1  -3   3  -2  -1  -3  -3  -1   2  -3  -1   0  -3  -1   4  -3   0   2    1   0   3   0   7   0   3   1   0   0  21   0   0   4   0   3  38   0   3  15  0.43 0.25
  131 L    -2  -3  -4  -4   0  -3  -3  -4  -1   2   4  -2   2  -1  -1  -3  -2  -3  -2   2    1   0   0   0   2   0   1   1   2  14  54   3   5   0   4   1   0   0   0  12  0.58 0.25
  132 H    -3  -3  -3  -4   0  -2  -3  -4   4   0   0  -3   0   3  -3  -3  -1   4   5   1    1   1   0   1   2   0   1   1  14   5  10   1   2  10   1   1   3   6  29  12  0.61 0.25
  133 S     0  -1   1   2  -3  -1   1  -2   5  -3  -2  -1   0  -1   2   1  -1  -3  -2  -3   11   2   5  16   0   0   9   1  19   1   3   1   2   3  11  11   3   0   0   1  0.35 0.18
  134 P    -2   0  -1  -3  -4  -2   0  -3  -3   0   0  -1  -2  -3   7  -2  -2  -4  -3   0    1   6   3   1   0   1   7   1   0   6   9   2   0   0  54   1   1   0   0   7  1.07 0.33
  135 D     0   0  -1   4  -3   1   1   2   1  -3  -4  -2  -3  -3  -1   0  -2   4  -3  -3    6   7   0  30   0   6   6  21   3   2   1   0   0   0   2   6   1   7   0   1  0.45 0.21
  136 Q     1   1  -1   3  -3   2   2  -2   0  -3   0   1  -2  -3  -2   0   0  -3  -3  -2   11   9   0  21   0  13  15   1   2   0  10   6   0   0   0   5   5   0   0   0  0.29 0.17
  137 I    -1  -2  -4  -4  -3  -3  -4  -2  -4   4   3  -3   0  -2  -4  -3  -2  -3  -1   4    3   3   0   0   0   0   0   3   0  24  29   0   0   0   0   0   0   0   2  33  0.59 0.26
  138 L    -2   0  -3  -1  -3   1  -2  -4  -3   3   0  -1   1  -3   5  -1   0  -4  -1  -1    0   6   0   3   0   6   0   0   0  21   7   3   3   0  36   3   7   0   2   0  0.65 0.27
  139 S    -2   0   1   0   0  -1   1  -3  -2  -2  -2  -1  -2   4  -1   0   3  -3  -1  -1    0   5   7   5   2   2  13   0   0   0   0   3   0  26   3   5  24   0   0   5  0.35 0.24
  140 G     0  -1   1   1  -3   1   1   2   1  -2  -2   2  -2  -3  -1   0   1  -4  -2  -2    6   0   5   9   0   6  11  18   5   3   3  16   0   0   2   6   8   0   0   3  0.19 0.12
  141 S     0   0   2  -1  -1   1   0   0  -2   1   1   0  -1  -2  -1   0   0  -3  -1  -1    7   5  16   3   1   9   3   5   0  10  18   4   0   0   2   9   3   0   3   3  0.07 0.10
  142 G     1  -2   1  -2  -3   0   1   4   1  -3  -4   0  -3  -2   0   0  -1  -4  -3  -1   11   0   6   0   0   5   9  42   3   0   0   5   0   1   5   4   2   0   0   5  0.48 0.22
  143 N    -1   0   1   4  -4   1   1   1  -2  -4  -4   1  -3  -4  -3   0   1  -4  -1  -3    3   6   7  29   0   7   8  14   0   0   0   7   0   0   0   7   9   0   3   0  0.40 0.20
  144 P     0  -3  -1  -3  -3  -1  -3  -3   0  -1   2  -3   3  -1   5  -1   0  -4  -3  -2    9   0   3   0   0   2   0   0   2   3  23   0   9   2  37   3   4   0   0   0  0.67 0.27
  145 Y    -2  -3  -4  -2  -4  -3  -1  -4   3  -4  -3  -1  -3   2   6  -3  -3  -2   6  -4    3   0   0   2   0   0   3   0   8   0   2   3   0   8  42   0   0   0  28   0  1.20 0.41
  146 S    -1   0   1   2  -3  -1   1  -1  -2  -2   1   1   0  -2  -2   1   0  -3  -1  -2    4   5   8  17   0   0  10   3   0   0  16  13   2   0   0  13   5   0   3   0  0.18 0.14
  147 V    -2  -3  -1  -3  -3  -3  -2  -4  -4   0   0  -1   0  -3  -3   0   3  -4  -3   5    0   0   2   0   0   0   3   0   0   3   5   3   2   0   0   6  25   0   0  50  0.62 0.32
  148 Y    -2  -4  -5  -5  -4  -4  -5  -5  -2  -2  -2  -4  -3   6  -5  -4  -4  -1   7   0    3   0   0   0   0   0   0   0   0   0   2   0   0  43   0   0   0   0  42   8  1.54 0.49
  149 G    -1  -2  -1  -2  -3   2  -2  -1  -3  -3  -3   2  -2  -4  -1   1   5  -4  -3  -2    3   1   2   1   0  10   1   5   0   1   1  12   0   0   3  10  49   0   0   1  0.62 0.31
  150 P     0   0  -2  -1  -4   2  -2  -3  -2  -3  -3  -1   3  -1   5   0   0  -3   0  -3    7   6   0   3   0  13   0   0   0   0   0   2   9   2  37   5   8   0   4   0  0.70 0.29
  151 F    -4  -4  -4  -5   2  -4  -5  -5  -3  -3  -2  -4  -2   8  -5  -4  -4   6   4  -3    1   0   0   0   5   0   1   1   0   0   1   0   0  67   0   1   0   9  11   1  1.69 0.49
  152 W    -2   5  -3  -3  -4   0  -2  -3  -2  -3   0   2  -2   0  -3  -2  -3   7   1  -2    2  35   0   0   0   5   1   1   0   0   9  13   0   5   0   2   1  18   5   2  0.75 0.29
  153 K    -1   3   1  -1  -4  -1   0  -1   2  -3  -3   5  -3  -3  -1  -1  -1  -3   0  -2    3  15   6   2   0   0   5   3   6   0   1  43   0   0   3   1   4   0   3   3  0.50 0.24
  154 N     2   1   1  -1   0   1   0  -2  -2  -2  -1   3  -2  -3  -2   0   1  -4  -3  -2   24   7   9   2   2   6   4   0   0   2   5  25   0   0   0   3   9   0   0   0  0.28 0.19
  155 W    -1  -4  -4  -4   3  -1  -3  -4  -4   2  -1  -3  -1  -1  -4  -2  -1   8   0   3    5   0   0   0   7   3   1   1   0  13   3   0   1   2   0   3   2  26   2  30  0.85 0.31
  156 Q    -1  -1  -1   1  -3   2   4  -2  -2  -1   0   0  -2  -3  -2   1  -1  -4  -3  -1    3   2   2   8   0  11  31   2   0   5  12   3   0   0   0  14   3   0   0   3  0.31 0.19
  157 A     1   1   0   0  -3   0   0   1  -2   0  -1   2  -2  -3   1   1   0  -3  -1  -1   11   6   3   4   0   2   7  10   0   9   3  22   0   0   6   8   6   0   1   2  0.13 0.10
  158 Q    -1   1  -2  -1  -3   3   1  -3   1   1   1   1   1  -2   0  -1  -2  -3   0   0    4   5   0   2   0  18   8   0   5  10  16  13   4   0   4   2   0   0   3   4  0.16 0.14
  159 P     0   0  -2   0   2  -1   0   1   0  -1   1  -2   0  -1   3   0  -1  -3  -2   0    4   5   0   4   5   0   7  13   2   3  17   0   3   2  16  10   0   0   0   7  0.15 0.11
  160 K    -1   1   0   0  -3   2   3  -3  -2   1  -1   3   1  -3   0  -1  -2  -4  -3  -1    2   8   5   3   0   7  22   0   0  10   5  22   5   0   4   3   0   0   0   4  0.26 0.17
  161 P    -1   3   1  -2  -4   0   1  -3  -2  -1  -3   0  -1  -3   4  -1  -1  -4   1  -1    4  19   9   0   0   2  12   0   0   4   0   3   1   0  26   4   2   0   7   6  0.49 0.24
  162 T     1   1   0  -2  -2  -1  -1   0   1   0  -2   0  -1   1   1   2   0  -2   1  -1   11  12   3   0   0   0   3   7   4   6   2   3   1   6   8  21   4   0   6   1  0.14 0.13
  163 P     1   1  -3  -3   3  -3  -2  -3  -3  -3  -2  -1   2  -4   6  -1   0  -4  -4  -2   12   8   0   0   7   0   2   0   0   0   3   3   6   0  47   4   5   0   0   2  0.98 0.35
  164 V     0   0  -2  -2   1   0  -1  -3  -2   1   0   0   1   1   1  -1   0  -3  -2   2    8   7   2   0   4   5   4   1   0   6   6   6   6   6   8   1   5   0   0  26  0.13 0.12
  165 A     1  -1  -2  -1   4  -2   0   0  -2   0   0  -1  -2  -1   3   0   2  -3  -2  -1   15   3   0   2  11   0   8   5   0   5   8   2   0   3  13   4  16   0   0   3  0.21 0.14
  166 T     1  -2   0   0  -2   0   0  -1  -2   1   0   0   0   0   1   0   1  -2  -1   0   16   0   3   6   0   4   4   3   0  14   9   6   1   5   7   5  10   0   2   5  0.06 0.07
  167 P    -3   1  -3  -1  -4  -2  -1  -2  -3  -4  -2   1  -1  -5   7  -1  -1  -5  -4  -4    1   9   0   4   0   0   4   2   0   0   3   8   2   0  57   5   3   0   0   0  1.26 0.40
  168 T     0   0   0   0  -2   0   1   0   1  -1  -1   1   0  -2   2   1   0  -3  -2   0    6   4   4   5   0   3  13   7   4   2   5  10   2   0   9  10   4   0   0   8  0.11 0.06
  169 E    -2   2   1   2  -3   1   2  -2   0  -1  -2   2  -2  -3   2  -1  -1  -3  -3  -1    1  12   6  15   0   5  12   2   2   4   4  16   0   0  11   1   2   0   0   7  0.27 0.15
  170 L    -1  -1  -1  -2   2   0  -1  -2   0   1   1   0   1   1   2  -1   0  -2   1   0    5   4   3   1   6   3   3   1   2  13  17   7   3   5  10   3   4   0   6   4  0.09 0.07
  171 V     0  -2   1   0  -2   0  -1  -2   2   1   1  -1   0  -2   1   0   1  -3  -1   1    6   1   7   6   0   4   3   1   7   9  14   3   2   1   6   7   8   0   0  15  0.08 0.08
  172 D    -1   1  -1   1  -3  -1   1   1  -2  -2  -1   1  -2  -3   3   0  -1  -3  -1  -2    3   8   1  11   0   1  10  10   0   1   9  13   0   0  19   6   3   0   2   3  0.26 0.13
  173 L     1  -1  -2  -2  -1  -2  -2   1   0   0   2  -1   1   1   0   0  -1   1  -1   0   17   3   1   1   1   1   1  11   3   2  23   2   6   7   4   9   2   2   0   5  0.09 0.10
  174 S     0  -1   0   1   0  -1   0   0  -2  -1   1  -1  -1  -2   2   1   1   1  -2  -1    5   2   4   8   3   1   7   6   0   2  17   2   0   1  12  15  12   2   0   2  0.14 0.11
  175 P    -1   0   0  -1  -3  -1  -2  -2   0  -1  -1   0  -1   0   5  -1  -1   4  -2   1    3   7   4   3   0   2   1   3   3   2   7   5   1   4  29   5   3   6   0  12  0.39 0.17
  176 E     0  -1  -1   1  -2  -1   2   0   1   0   0   0   0  -2   1   1   0  -3   0   0    6   1   0   7   0   0  18   5   5   5  10   5   2   0   6  12   7   0   3   8  0.09 0.09
  177 Q    -1   0  -1  -1  -3   1   1   0  -2  -2  -1   2  -2   1   3   1  -1   2   0  -2    3   3   2   3   0   6   9   8   0   1   7  14   0   6  18  10   1   4   2   2  0.24 0.13
  178 L    -1  -1  -2  -2   0   0  -1  -1   0   1   3  -1   1  -1  -1   0  -1  -3  -2   1    2   3   0   2   3   4   4   4   3   9  40   2   1   2   2   8   2   0   0   9  0.18 0.14
  179 T     0  -2   0   2  -3   0   2  -1   0   0  -1   0   0  -3   2   0   2  -3  -2  -1    7   0   2  13   0   4  13   3   3   5   4   6   2   0  11   4  16   0   0   5  0.19 0.13
  180 A     1  -2  -1   0  -3  -1   1  -1  -2  -1   0  -1  -2  -1   3   1  -1  -3  -1  -1   17   0   3   6   0   0  14   2   0   3  13   3   0   3  15  14   2   0   2   2  0.20 0.14
  181 I     0   0  -1   2  -1  -1   1   0  -2   1   0  -1  -1   0   1   0   0  -3  -2   1    9   5   2  13   1   0  10   6   0  13   9   1   0   5   7   3   7   0   0   9  0.06 0.07
  182 A     1  -1  -1  -1   0   0   0   0   1  -1  -1   0  -1  -1   3   0   1  -3  -1   0   11   3   0   3   2   2   8   7   4   3   4   6   2   3  17   7  10   0   2   7  0.16 0.09
  183 P    -1   0  -1   2  -3  -2   1  -1  -3  -1   0  -1  -2  -3   5  -1  -1  -4  -3  -1    5   5   2  12   0   0  10   4   0   3  12   3   0   0  32   2   2   0   0   6  0.48 0.21
  184 L    -1  -2  -2   0   0  -1  -1   0  -2   1   1  -1  -1  -1   3  -1  -1   2  -2   1    4   1   0   6   3   2   4   9   0   7  18   2   0   2  15   5   3   3   0  15  0.15 0.10
  185 L     0  -1   0   1  -2  -1   0   0   0   0   0   1  -1   1  -2   0   0   1  -1   0    7   3   3   8   0   1   8   8   2   7  14  11   0  10   1   7   3   2   0   6  0.02 0.05
  186 L    -2   0  -2  -1  -2  -1  -1  -2   2   1   2  -1   0   2  -1  -1  -1   5   2   0    1   4   1   3   0   1   5   3   7   9  23   5   0   8   3   3   3   9   7   5  0.17 0.11
  187 S     1  -1   2   1  -2   1   0   2  -2  -3  -2  -1  -1  -3   1   1   0  -3  -2  -2   13   1  12   6   0   7   7  17   0   1   3   3   2   1   7  14   6   0   0   1  0.22 0.12
  188 E    -1  -1   0   3  -3   2   3  -2   0  -3  -1   0  -2  -1   0   0  -1  -2   1  -3    3   2   3  20   0   9  26   1   2   1   6   2   0   3   4   7   2   0   7   1  0.34 0.17
  189 L    -1  -3  -3  -2  -2  -2  -3  -2  -3   3   2  -3   1   0   1  -2   0  -3  -2   3    5   1   1   3   0   1   1   3   0  19  25   1   2   2   7   1   6   0   0  23  0.29 0.15
  190 P    -1  -2  -3  -1   0  -2  -1  -2  -3  -3  -2   0  -3  -1   7  -1  -1  -4  -3  -2    3   2   1   3   2   1   5   2   0   1   4   4   0   4  57   5   3   0   0   3  1.14 0.35
  191 T     0   1   1   0  -3   2   1  -1  -2  -3  -2   0  -2  -2  -2   2   2   1  -2  -2    6   7   8   2   0  10  10   3   0   0   3   5   0   1   0  24  16   2   0   2  0.26 0.17
  192 L    -2  -2  -3  -3  -2  -1  -1  -2   0   1   3   0   0   1   1  -1   0  -2   0   1    1   0   0   0   0   2   3   3   2   6  33   7   0   8   9   3   7   0   2  12  0.19 0.14
  193 K    -1  -1  -1   2   0   1   3  -2   0  -3  -1   2  -3  -1   3   0  -2  -4  -3  -3    3   0   2  10   2   5  28   2   2   0   6  16   0   3  13   6   0   0   0   0  0.39 0.21
  194 Q    -1   1   0   3  -4   1   4  -3   1  -4  -4   0  -3  -4   1   0  -2   1  -3  -3    3   9   3  20   0   6  30   1   4   1   1   4   0   0   7   8   1   2   0   1  0.49 0.22
  195 L    -1  -2  -3  -2   1   0  -1  -2  -3   0   3  -1   0   3  -3  -2  -1   1  -1   0    5   1   0   3   4   6   5   3   0   3  39   3   0  15   1   1   3   2   0   5  0.25 0.17
  196 G     1  -1   1  -1   0   0  -1   4  -2  -3  -3  -2  -3  -3   1   0  -1  -3  -1  -2   13   3   7   2   2   4   3  41   0   1   1   1   0   0   7   7   3   0   2   3  0.45 0.19
  197 F    -2   0  -2  -1  -3  -2   0  -3  -2   1   1  -1   0   4  -3  -1  -2   3   2   1    1   7   1   3   0   1   7   1   0   9  14   3   2  24   1   5   1   4   9   8  0.24 0.14
  198 D    -2  -2   1   5  -4   1   2  -3   0  -2  -4  -1  -3  -3   0   1  -2  -4   1  -3    3   0   7  40   0   5  13   1   2   2   1   3   0   0   4  12   0   0   7   1  0.61 0.27
  199 W    -1  -2   0   0  -1   1   1  -2   0  -2  -1  -2  -1   1  -1   0   1   6   2   0    5   0   6   5   2   7  11   2   1   1   6   1   2   7   2   6   9  12   7   7  0.20 0.13
  200 D     0   2   0   3  -4  -1   3  -1  -2  -4  -2   1  -3  -4   3   0  -1  -4  -3  -3    6  13   5  16   0   0  20   3   0   0   5   8   0   0  14   8   2   0   0   0  0.39 0.20
  201 G     2  -1   0   2   0   1   0   3  -2  -3  -2   0  -3  -4  -1   1  -1  -4  -3  -3   21   1   5  11   2   5   7  24   0   0   3   5   0   0   2  12   2   0   0   0  0.32 0.18
  202 G     1  -1   0  -2  -2  -1   0   0   0   1   1   0  -1  -2   1   0  -1   0  -2   1   13   2   7   0   0   0   9   6   3   9  17   6   0   0   6   8   0   2   0  10  0.07 0.10
  203 F     0  -1  -1   0  -3  -2  -1   0   1   0   0  -1   1   3   2   0   0  -2   0  -1    8   3   2   5   0   0   3   8   4   8  10   4   4  18  10   6   4   0   3   0  0.10 0.10
  204 P     0  -1   0   1  -3   0  -1  -3   1  -1   0  -2   1  -3   5  -1  -1   4  -2  -1    6   3   5  11   0   3   2   1   4   2  11   1   4   0  29   3   3   7   0   4  0.44 0.19
  205 V     0  -4  -4  -5   3   1  -4  -4  -4   0  -1  -4   0   5   0  -3  -3   8  -1   0    7   0   0   0   7   7   0   0   0   6   4   0   3  29   5   0   0  25   0   6  0.98 0.37
  206 E     0   2  -1   0  -3   1   2  -3  -2  -2  -3   1  -2  -4   2   1   1  -4  -3   0    6  14   0   5   0   7  14   0   0   0   0   8   0   0   8  14  11   0   0  10  0.27 0.17
  207 P     0  -4  -3  -3  -4  -3  -3   5  -4  -4  -4  -3  -4  -4   5  -2  -3  -4  -4  -1    7   0   0   0   0   0   1  55   0   0   1   0   0   0  26   1   0   0   0   6  1.17 0.39
  208 G    -2  -5  -3  -2  -5  -4  -4   7  -5  -6  -6  -4  -5  -6  -5  -1  -4  -5  -5  -6    0   0   0   2   0   0   0  91   0   0   0   0   0   0   0   3   0   0   0   0  2.00 0.58
  209 E    -2  -3  -3  -2  -6   0   7  -5  -3  -5  -5  -2  -4  -2  -4  -1   1   4  -4  -5    2   0   0   0   0   2  75   0   0   0   0   0   0   2   0   4   9   6   0   0  1.46 0.57
  210 T     0  -1   0   1  -3   0   2  -3   0  -4  -4   0  -3  -4  -3   3   4   0  -3  -3    8   2   3   8   0   2  16   0   2   0   0   4   0   0   0  23  30   2   0   0  0.51 0.29
  211 A     3  -1   1  -2  -3   1   3   0   0  -2  -3   0   0  -4  -1   1   0  -4  -3  -2   35   2   8   0   0   5  21   4   2   3   0   3   4   0   2   7   4   0   0   0  0.37 0.25
  212 A     6  -4  -4  -4  -3  -4  -4   3  -4  -4  -4  -4  -4  -5  -4  -2  -3  -5  -5   0   74   0   0   0   0   0   0  20   0   0   0   0   0   0   0   0   0   0   0   7  1.25 0.51
  213 I    -2   0  -4   0  -3  -2  -2  -5  -1   3   4  -2   1  -2  -4  -4  -3   4   0  -1    2   6   0   6   0   2   2   0   2  16  50   2   2   0   0   0   0   6   3   1  0.54 0.29
  214 A     2   0   0   0  -3   1   1  -1  -2  -3  -3   2  -3  -4  -2   1   1  -4  -3  -3   26   4   5   4   0   7  11   4   0   0   2  18   0   0   0   7  12   0   0   0  0.32 0.21
  215 R    -1   5  -3  -4  -1   1  -2  -2   2  -1   1   1   1  -4  -4  -2  -1  -4  -3  -2    6  45   0   0   2   8   0   3   5   4  13   5   5   0   0   0   4   0   0   2  0.57 0.31
  216 L    -4  -5  -6  -6   1  -5  -5  -6  -5   0   6  -5   2   1  -5  -5  -3  -4  -3   1    0   0   0   0   3   0   0   0   0   2  78   0   3   4   0   0   0   0   0   9  1.20 0.45
  217 Q    -2   2   0   3  -4   2   3  -1   0  -4  -4   2  -3  -2  -3  -1   0  -4  -1  -4    2  12   4  19   0   9  20   5   3   0   0  14   0   1   0   2   8   0   2   0  0.43 0.22
  218 E     0   1   0   2  -4   1   3  -1   3  -4  -4   1  -1  -1  -3   1  -1   0  -1  -3    6   7   4  13   0   3  21   4  11   0   0   7   2   3   0  13   3   2   2   0  0.31 0.19
  219 F    -4   1  -5  -6  -5  -4  -5  -6   3  -3  -1  -4  -3   7  -6  -3  -4   2   5  -4    0   8   0   0   0   0   0   0   8   0   4   0   0  57   0   2   0   2  19   0  1.49 0.51
  220 C    -3  -2  -5  -3   5  -4  -5  -5  -4   3   3  -4  -1   4  -5  -2  -2  -3  -2   0    0   2   0   2  15   0   0   0   0  22  35   0   0  18   0   2   2   0   0   2  0.74 0.32
  221 D     0   1   0   1  -3   1   2   0  -2  -2  -3   3  -3  -2  -2   1   1  -4  -3  -3   10   4   5   9   0   6  17   6   0   2   0  21   0   2   0  11   7   0   0   0  0.31 0.19
  222 R     0   2   1   2  -4   2   2   1   1  -3  -3   1  -3  -3  -3   1  -1  -3   0  -2    6  13   5  11   0   9  13  10   4   0   0  10   0   0   0   8   3   0   5   3  0.25 0.15
  223 A     1   4  -2  -2  -4   1   1   1  -1  -4  -1   3  -3  -4   0  -2  -2   0  -3  -3   15  24   0   0   0   5  10  11   2   0   7  21   0   0   5   0   0   2   0   0  0.40 0.24
  224 I    -1  -2  -4  -4  -3  -2  -1  -2  -4   2   4  -3   2   1  -4  -1  -2  -3  -2   2    3   2   0   0   0   2   5   4   0  11  43   0   6   5   0   5   0   0   0  15  0.40 0.23
  225 A     2   1   1  -1  -3   0   1  -1   0  -1  -2   2  -2  -3   1   1  -1  -3   0  -2   25   9   7   2   0   2   8   4   2   4   3  14   0   0   5   9   2   0   4   0  0.20 0.15
  226 D     0   1   2   2   1  -1   2  -1  -2  -3  -2   1  -2  -3  -2   1   0  -4  -1  -1    8   7  10  14   4   0  15   4   0   0   2  12   0   0   0   9   7   0   2   6  0.21 0.15
  227 Y    -4  -5  -5  -6  -5  -4  -5  -2  -1  -4  -3  -5  -3   5  -6  -4  -4  -1   9  -4    0   0   0   0   0   0   0   3   0   0   0   0   0  23   0   0   0   0  73   0  2.14 0.55
  228 D     1   0   2   0  -4   1   3  -1   0  -4  -3   2  -3   0  -3   0  -2  -3   0  -3   13   3   9   3   0   3  29   5   2   0   2  18   0   4   0   5   0   0   5   0  0.33 0.17
  229 P    -1   3   0   2  -4   2   3  -2  -2  -3  -2   2  -2  -1  -1  -1   0  -4  -3  -3    2  16   3  10   0  11  24   2   0   0   4  12   0   3   3   3   8   0   0   0  0.37 0.17
  230 Q     0   0   2   1  -3   1   0   1   0  -3  -3   0  -2  -3   2   0   2  -3   0  -3    5   6  10  10   0   6   6  11   3   0   0   6   0   0   9   6  18   0   5   0  0.24 0.12
  231 R    -3   7  -3  -4  -5   0  -2  -2   0   0  -4   1  -3  -2  -4  -1  -3  -4   1  -4    0  67   0   0   0   3   0   3   2   8   0   6   0   2   0   4   0   0   6   0  1.09 0.37
  232 N    -3  -1   6   4  -5  -2  -1   0  -2  -5  -5   0  -4  -2  -4   0  -2  -4   1  -5    0   3  49  24   0   0   3   6   0   0   0   4   0   2   0   5   0   0   6   0  0.92 0.32
  233 F     0  -1   1   1  -3  -2  -2  -1  -2   0   1   0   3   3  -3  -1  -2  -2   1  -1    8   3  11  11   0   0   0   4   0   5  13   7  13  16   0   5   0   0   6   0  0.15 0.14
  234 P    -2  -4   1  -1  -4  -3  -3  -4  -4  -2   2  -3  -2  -1   6  -3  -3  -5  -4  -1    3   0   9   3   0   0   0   0   0   1  26   0   0   3  50   0   0   0   0   5  1.09 0.33
  235 A     2  -2   1   1  -2  -2  -1   2   1  -1  -3  -2  -2  -1  -2   1   0  -3   0   0   19   0   9  11   0   0   3  19   3   2   0   0   0   2   0  14   7   0   3   8  0.22 0.13
  236 E    -1   1  -2  -2  -3   1   0   0  -2  -1   1   2   1  -1   1  -1  -1  -3  -1   0    4   8   0   0   0   6   5  10   0   2  19  16   5   2   9   3   2   0   3   7  0.11 0.09
  237 A     2  -2   2   4  -4   0   1  -1   1  -3  -2  -2  -3  -1   2  -1  -1  -4  -3  -3   19   0  13  28   0   2  10   3   5   0   3   0   0   3  11   2   2   0   0   0  0.41 0.19
  238 G     2  -3  -2  -2   2  -2  -3   3  -2  -3  -3  -1  -3   1   0   2  -1  -2   3  -3   24   0   0   1   5   0   0  24   0   0   0   3   0   6   3  16   3   0  14   0  0.40 0.20
  239 T    -2  -3  -2  -3   2  -2  -3  -2   1  -3   1  -3  -2  -3   3   3   4  -4  -3  -2    0   0   0   0   5   0   0   3   3   0  14   0   0   0  14  23  38   0   0   0  0.59 0.28
  240 S    -1  -3  -2  -3   1  -2  -3  -3  -3  -4  -4  -1  -3  -5  -3   6   4  -5  -4  -3    2   0   0   0   3   0   0   0   0   0   0   3   0   0   0  65  27   0   0   0  1.10 0.42
  241 G    -2   2   2  -2  -3   0  -2   2   0  -2  -1   3   1  -1  -3   0  -2  -4  -2  -1    0  16  10   0   0   1   0  16   3   0   8  23   5   3   0   9   0   0   0   6  0.25 0.16
  242 L    -3  -4  -5  -6  -3  -4  -5  -5  -4   1   5  -4   5   3  -5  -4  -3  -3  -2  -1    0   0   0   0   0   0   0   0   0   7  60   0  18  14   0   0   0   0   0   0  1.03 0.34
  243 S     0  -3  -2  -3  -4  -3  -3  -3  -4  -5  -5  -3  -4  -5  -3   7  -1  -6  -4  -4    3   0   0   0   0   0   0   0   0   0   0   0   0   0   0  97   0   0   0   0  1.73 0.56
  244 P     2  -5  -5  -4  -5  -4  -4  -4  -5  -4  -5  -4  -4  -6   8  -3  -3  -6  -5  -1   20   0   0   0   0   0   0   0   0   0   0   0   0   0  75   0   0   0   0   6  2.05 0.50
  245 A     0  -4  -4  -5  -4   0  -4  -4   5  -4  -4  -4  -3   0  -5  -2  -4   8   7  -4   11   0   0   0   0   3   0   0  16   0   0   0   0   2   0   3   0  25  40   0  1.53 0.43
  246 L    -4  -4  -6  -6  -3  -4  -5  -6  -5   2   6  -5   0   2  -5  -5  -3  -4  -3  -1    0   0   0   0   0   0   0   0   0   8  84   0   0   8   0   0   0   0   0   0  1.26 0.39
  247 K     4   2   0  -3  -3  -1  -2  -2   6  -4  -4   2  -3  -4  -3   0  -1  -4  -2  -3   39  14   3   0   0   0   0   0  23   0   0  13   0   0   0   5   3   0   0   0  0.67 0.29
  248 F    -1  -4  -4  -4  -3   0  -3  -4  -3   0   1  -3   2   6  -4   0   1   3   0  -2    5   0   0   0   0   5   0   0   0   4  12   0   5  45   0   8  11   5   0   0  0.67 0.27
  249 G    -2  -5  -3  -4  -5  -4  -5   7  -5  -7  -6  -4  -5  -6  -5  -3  -4  -5  -6  -6    0   0   0   0   0   0   0 100   0   0   0   0   0   0   0   0   0   0   0   0  2.24 0.53
  250 A     0  -1   0  -3   7   1   0  -2   1  -1  -1  -2  -2  -3  -3   0   1  -4  -3   1    6   3   5   0  31  10   8   3   5   2   3   0   0   0   0   5   8   0   0  11  0.48 0.22
  251 I    -3  -4  -5  -5  -3  -4  -5  -6  -5   5   4  -4   0  -2  -5  -4  -3  -4  -3   3    0   0   0   0   0   0   0   0   0  44  37   0   0   0   0   0   0   0   0  18  0.96 0.31
  252 G    -1  -3  -2  -3  -3  -3  -3   0  -3  -5  -5  -3  -4  -5  -3   6   1  -5  -4  -4    0   0   0   0   0   0   0   7   0   0   0   0   0   0   0  86   7   0   0   0  1.42 0.49
  253 I     2  -4  -3  -4   3  -3  -3  -3  -4   1  -1  -3  -2  -4   5   0  -1  -5  -4   2   18   0   0   0   6   0   0   0   0   7   5   0   0   0  37   7   3   0   0  18  0.74 0.26
  254 R    -1   8  -3  -4  -5   1  -2  -4  -2  -5  -4   0  -3  -5  -4  -3  -3  -5  -4  -4    4  86   0   0   0   5   0   0   0   0   0   2   0   0   0   0   0   0   0   0  1.76 0.47
  255 Q    -1   1  -2  -2   0   2   0  -3   1  -2   0   0   2   0  -2   0   1   0   3  -2    5  10   0   0   2  12   7   0   4   0  13   3   7   3   0   7   9   1  14   0  0.15 0.12
  256 A     0  -3  -4  -4   4  -3  -3  -3  -3   3   0  -3   3   3  -3  -2  -2  -3  -1   3   11   0   0   0  10   0   0   0   0  25   5   0   8  17   0   0   0   0   0  20  0.45 0.19
  257 W    -1  -3  -3  -4  -1  -3  -3  -4   3   0   1  -3   0   3  -3  -3  -2   5   6   1    5   0   0   0   1   0   1   1   7   3  14   0   2  10   0   1   1   8  32  12  0.61 0.22
  258 Q     0   0   0   1  -3   3   2  -3   4  -3  -3   0  -2   0  -3  -1  -1   5   1  -3    9   5   4   9   0  16  14   1  13   0   1   5   0   3   0   2   3  10   5   0  0.39 0.17
  259 A     1   1  -2  -2   4   1   2  -2   1  -2  -1   1   0  -3  -2   0   1  -3  -2   0   16   8   0   0  13   9  15   0   3   0   6   7   3   0   0   4   9   0   0   5  0.21 0.13
  260 A     2  -3  -3  -3  -2  -1  -3  -3  -3   1   3  -2   0  -2  -3  -1   0  -3  -2   3   19   0   0   0   0   3   0   0   0   6  34   3   0   0   0   2   4   0   0  26  0.34 0.17
  261 S    -1   3  -2  -2  -3   1   1  -3   2  -1   0   2  -1   1  -2  -1  -1   2  -1  -1    2  17   0   0   0   6   8   0   8   4  14  18   0   6   0   3   3   3   0   4  0.19 0.12
  262 A     1   3   0   3   0   1   0  -1   0  -3  -3   2   0  -3  -2  -1  -1  -4  -3  -1   15  17   3  20   2   6   3   2   3   0   1  16   4   0   0   0   2   0   0   3  0.29 0.15
  263 A     1   2  -2  -3  -3  -1   0  -3   1   1   2   0  -1   0  -3  -1   0  -2   3  -1   13  12   0   0   0   0   8   0   5   8  22   4   0   2   0   3   6   0  16   0  0.18 0.14
  264 H    -2  -2  -1  -2  -4   1   3  -2   2  -3  -2   1  -2   1  -3   0  -2   6   5  -3    0   0   3   0   0   6  20   2   5   0   2   9   0   6   0   8   0  13  23   0  0.58 0.23
  265 A     1   1   2   0  -2   0   1  -2   0   0  -1   1  -1  -2   0   1   0  -3  -2  -1   18   6  11   4   0   2   9   1   2   6   8  11   0   0   3   9   6   0   0   4  0.10 0.07
  266 L     0   1   1   1  -2   1   1  -1   1  -1  -1   1   0  -2  -2   0   0  -2   0   0    8   8   7   7   0   5   8   3   4   3   4  13   4   0   1   7   7   0   5   7  0.08 0.05
  267 S     1   0  -1   0  -2  -1   0  -1   1   0  -1  -1   0  -1   2   2   0  -3  -2   1   12   5   1   4   0   1   5   3   4   2   6   3   3   2   9  22   2   0   0  16  0.11 0.09
  268 R    -1   2  -1   0  -2   2   1  -1  -1  -2  -1   3  -1  -1   0  -1  -1  -2  -2  -1    2  13   1   6   0   9   6   5   1   1   5  31   1   3   4   3   3   0   1   5  0.24 0.11
  269 S     1   0   2   0  -2   0   1  -1  -1  -2   0   1   0  -2  -2   2   0  -3  -2  -2   13   4  14   4   0   2  10   3   0   1  12   8   2   1   1  19   3   0   1   1  0.14 0.09
  270 D    -1   1   3   1  -2   0   1   1   0  -2  -1   0  -2  -2  -1   0   0  -3  -2   0    3  10  19   7   0   2  12  11   2   1   5   3   0   1   3   8   4   0   1   9  0.16 0.08
  271 E     0  -1   0   1  -3   0   2   2  -2  -1  -2   1  -2  -3   0   0   0  -3  -2  -1    9   1   4   8   0   3  17  18   0   3   2  13   0   0   4   5   7   0   0   5  0.19 0.09
  272 A     2  -2   0   0   2   0   0   2  -1  -2  -1  -1  -2   0  -2   1   0  -3  -2  -2   25   0   3   6   6   5   6  17   2   0   8   2   0   5   0  10   3   0   0   1  0.16 0.10
  273 R    -2   2   3   0  -3  -1   0   1   0  -2  -1   0  -2   1   0   0  -1  -3  -2  -1    1  13  24   4   0   0   7  11   2   0   7   3   0   9   5   6   3   0   0   4  0.20 0.12
  274 N    -1   1   1   1  -3   1   3  -2  -1  -1  -1  -1  -2  -2   2   0   1  -3   1  -1    4   8   7   7   0   5  25   1   0   3   5   1   0   0  10   4   8   0   6   3  0.23 0.11
  275 S    -1  -2   0   0   2  -1   1   3  -2  -4  -4  -2  -3  -4   1   4  -1  -4  -3  -3    1   1   2   4   5   0  12  24   0   1   1   1   0   0   7  40   1   0   0   1  0.52 0.22
  276 I     1  -2  -2  -2  -2  -2   0   0  -3   1   0  -2  -1  -2   2  -1   2  -3  -2   1   11   0   0   0   0   0   8   8   0  11  10   0   0   0  11   2  22   0   0  14  0.20 0.12
  277 R    -1   1   1   1  -3   2   2  -3   1  -1   0  -1  -1  -1  -3   0  -1  -2   3  -1    5  10   6   6   0  12  15   0   4   5  10   0   0   0   0   6   0   0  15   3  0.19 0.13
  278 V     0   0  -1  -3  -3  -2  -2  -1   2  -1   0  -1  -1   0  -3   0   1   7  -1   1   11   4   4   0   0   0   0   4   8   0   8   3   0   5   0   8   9  19   0  15  0.37 0.17
  279 W    -3  -4  -5  -5  -3  -4  -5  -5  -4   2   2  -4   0   4  -5  -4  -3   8   1   2    0   0   0   0   0   0   0   0   0  12  24   0   1  20   0   0   0  21   3  18  0.92 0.28
  280 Q    -2   2  -2  -3  -3   1  -1  -4  -2   3   2  -1   1   1  -3   0   1  -2   1   1    0  13   0   0   0   6   5   0   0  22  19   0   3   5   0   6   9   0   5   6  0.18 0.13
  281 Q    -1   2   1  -1  -4   1   0   2  -2  -3  -3   1  -1   3  -3   0  -2  -2   0  -3    3  16   6   2   0   6   7  18   0   0   0  10   2  18   0   9   0   0   3   0  0.27 0.16
  282 E    -3   0  -2  -1  -5   5   6  -1  -2  -5  -2  -1  -3  -5  -3  -1  -3  -5  -4  -4    0   5   0   0   0  26  58   4   0   0   5   0   0   0   0   3   0   0   0   0  1.10 0.39
  283 L    -3  -4  -6  -6  -3  -4  -5  -6  -5   3   5  -5   0  -2  -5  -4  -3  -4  -3   1    0   0   0   0   0   0   0   0   0  15  79   0   0   0   0   0   0   0   0   6  1.18 0.37
  284 A     2  -3  -4  -4  -2  -3  -3   0   1   3   3  -3   0  -2  -3  -2  -2  -4  -3   1   26   0   0   0   0   0   0   7   5  19  34   0   0   0   0   0   0   0   0  10  0.41 0.21
  285 W    -5   0  -6   0  -6  -5  -5  -6  -5  -5  -1  -5  -4  -2  -6  -5  -5  12  -1  -6    0   7   0   7   0   0   0   0   0   0   7   0   0   0   0   0   0  79   0   0  3.24 0.68
  286 R    -4   8   1  -3  -5  -1  -2  -4  -2  -5  -4   0  -4  -5  -4  -3  -3  -5  -4  -5    0  88   8   0   0   0   0   0   0   0   0   0   0   0   0   0   0   0   0   0  1.86 0.49
  287 E    -3  -3  -2   5  -5  -1   6  -4  -2  -5  -4  -2  -4   1  -3  -2  -3  -4  -3  -4    0   0   0  34   0   0  54   0   0   0   0   0   0   8   0   0   0   0   0   0  1.19 0.37
  288 F    -4  -4  -4  -5   3  -4  -4  -5  -2  -2   0  -4  -2   7  -5  -4  -4  -1   6  -3    0   0   0   0   8   0   0   0   0   0   7   0   0  49   0   0   0   0  32   0  1.41 0.39
  289 Y    -3  -4  -3  -4   0  -4  -4  -4   3  -3  -2  -4   1   6  -5   2  -3  -1   5  -3    0   0   0   0   2   0   0   0   7   0   0   0   4  42   0  20   0   0  26   0  1.11 0.38
  290 Q    -2   5  -3  -2   2   2  -2  -4   1  -4  -3   0   1  -1  -4  -3  -3   1   6  -4    2  33   0   2   5  10   0   0   2   0   0   5   5   0   0   0   0   2  34   0  0.87 0.34
  291 H    -2  -2   2  -3  -4   1  -2  -4   6  -2  -1  -2   1   3  -4  -2   2   1   2  -3    2   0  13   0   0   8   0   0  29   2   4   0   5  14   0   0  16   2   6   0  0.62 0.28
  292 A     0  -2  -3  -4   3  -2  -3  -3  -3   2   2  -1   2   2   0  -2  -1  -3  -1   2   11   1   0   0   9   1   0   0   0  13  20   4   7  13   5   0   1   0   0  13  0.26 0.14
  293 L     1  -2  -1  -3   2  -1  -2  -3   1   1   2  -2   1  -1  -3   1   0  -3   0   0   15   0   3   0   6   2   0   0   4   6  25   0   5   1   0  17   5   0   3   7  0.17 0.14
  294 Y    -1   0  -3  -3   1   1  -2  -4   2   0  -1   0  -1   3  -3  -2   1  -1   4   1    6   5   0   0   3   7   1   0   5   4   4   5   0  18   0   0   9   0  22  10  0.32 0.18
  295 H    -3   0   3   1  -4  -1  -1  -1   4  -3  -4   3  -3   0  -3  -1  -2   1   3  -4    0   3  19  10   0   1   0   5  15   2   0  24   0   5   0   2   0   2  14   0  0.50 0.24
  296 F    -3  -1   3  -2  -2  -1  -1  -2   3  -1  -2  -1  -2   4  -4   0  -1   4   4  -3    0   2  18   0   1   2   4   2   8   3   1   3   0  25   0   7   3   5  15   0  0.48 0.22
  297 P    -2   0  -3   0  -4  -1   0   2  -4  -2  -2  -1  -4  -5   7  -1  -3  -5  -4  -4    1   6   0   5   0   2   5  15   0   3   5   2   0   0  53   5   0   0   0   0  1.09 0.32
  298 S     0   1   4   0  -3  -1   0  -1   2  -4  -4   1  -3   0  -3   2  -1   2   2  -3    6   8  26   5   0   0   5   3   7   0   0   7   0   4   0  19   0   3   8   0  0.36 0.19
  299 L    -1  -1  -2  -1   0  -2  -1   0  -1   1   1  -1   0   2  -3  -1   1  -1   3   0    2   4   0   4   2   0   4  10   0   8  15   3   3   9   0   5   9   0  18   4  0.12 0.10
  300 A     1  -1  -1   2   3  -2  -1   0   1   0  -1   0   0   0  -3   1   0  -3  -2  -1   18   2   0  14   9   0   0   8   6   6   6   5   4   4   0  14   3   0   0   2  0.13 0.12
  301 D    -2   1   0   0  -4   1   2  -3   1  -3  -2   1   2   3  -3   0  -2   4   1  -2    0   8   4   5   0   5  19   0   3   0   0  12   7  14   0   8   0   7   6   2  0.30 0.16
  302 G    -2   2   0   0  -4   2   2  -1   1  -2  -2   2   5  -1  -3   0  -1  -3   0  -2    0  10   4   6   0   8  12   5   4   0   0  14  22   2   0   6   3   0   3   0  0.30 0.19
  303 P    -1  -1   1   0  -4   0   3  -3  -3  -4  -1  -1  -1  -3   4  -1  -2   7  -2  -4    5   3   8   5   0   2  21   0   0   0   5   3   2   0  23   3   1  18   0   0  0.70 0.26
  304 Y     1  -1  -2  -1  -3  -3  -3   2  -2  -1   1  -3  -2   3  -2   0  -2   1   3  -2   18   3   2   3   0   0   0  19   0   2  14   0   0  14   2   5   0   2  16   0  0.27 0.17
  305 R    -2   3   3  -1  -3   1  -1   1  -2  -1   0   1   0   0  -3  -1   0  -3  -2  -2    0  18  18   3   0   8   3  14   0   3  12   7   2   6   0   2   5   0   0   0  0.20 0.14
  306 S    -1   0  -1   1  -3  -1   0   1  -2  -2   0   1  -2  -3   4   1   0  -4  -1  -1    4   6   0  10   0   0   4  11   0   2  10  12   0   0  21  10   6   0   2   4  0.26 0.13
  307 L    -1   2   0  -1  -3   0   0  -2   2   1   0  -1  -1  -1  -1   1   2   2   0  -1    2  14   4   3   0   4   5   2   8  16   6   0   0   2   2  10  17   3   2   0  0.13 0.13
  308 W    -2  -3  -1   0   5  -2   0  -1   0  -2   2  -1  -1   2  -4  -1   0   5   1  -2    0   0   3   6  16   0   6   4   2   0  25   5   0   8   0   2   6   9   6   0  0.31 0.18
  309 Q    -1   2   0   0  -3   2   0  -2   0   0   1   2   2  -2  -3  -1  -1  -3  -1   0    4  11   4   6   0  10   5   2   2   3  15  16  10   0   0   2   0   0   2   8  0.13 0.11
  310 Q    -1   2   3   3  -4   3   1  -3   0  -4  -2   1  -2   0  -1  -1  -1  -4  -2  -3    5  13  14  18   0  19  10   0   2   0   3   5   0   6   2   2   2   0   0   0  0.38 0.18
  311 F    -1  -3  -3  -3  -3   0  -3  -3   4   4   0  -3  -1   3  -3  -1  -2  -3   1   1    5   0   0   0   0   4   0   2  16  37   6   0   0  15   0   4   0   0   3   7  0.45 0.21
  312 P     1  -2   0   0  -3  -1   1  -1   0  -3  -3   1  -3  -4   5   1  -2  -4  -3  -2   15   0   4   3   0   2   9   3   2   0   1   8   0   0  37  12   0   0   0   3  0.67 0.22
  313 W    -1  -1  -4  -5  -4  -3  -4  -4  -4  -4  -4   1  -4  -2  -1   0  -4  11  -1  -4    6   3   0   0   0   0   0   1   0   0   1   8   0   0   3   7   0  68   0   1  2.48 0.54
  314 E     0   1   0   4  -3   1   2  -2  -2  -2  -3   1  -3  -3  -2   1   0   1   0  -3    6   7   3  36   0   7  12   1   0   3   1   6   0   0   0   8   4   2   3   1  0.43 0.17
  315 N     0   1   2   0  -3   1   2  -2   0  -3  -3   2  -2  -3   1   1  -1  -3  -1  -2    9   7  12   5   0   7  13   1   2   0   1  19   0   0   6  11   2   0   2   3  0.25 0.12
  316 R    -3   3   4   5  -4  -1  -1  -3  -2  -4  -4   0  -3  -1   1  -2  -2  -4  -3  -2    1  16  26  36   0   0   0   1   0   0   1   5   0   3   7   1   0   0   0   3  0.71 0.26
  317 E     0   0  -1   0  -3   2   3  -3   0  -2  -2  -1  -1  -3   4   0  -2   0  -3  -1    8   3   2   3   0  11  28   0   2   2   3   0   2   0  21   5   0   1   0   6  0.43 0.18
  318 A     1  -2   1   3  -3  -1   2  -2   4  -3  -3   1  -3  -2  -2  -1  -1  -3   2  -1   18   0   6  18   0   0  17   0  11   0   1  10   0   0   0   0   2   0  11   4  0.35 0.18
  319 L     0   1  -2  -1  -2   0   0  -3   2   1   2   0   2  -1  -3   0  -1  -2   1  -1   11   9   0   2   0   4   8   0   7   9  23   5   7   0   0   7   0   0   6   0  0.12 0.11
  320 F    -4  -4  -5  -5  -4  -4  -4  -5  -3   0   3  -4   1   6  -5  -4  -3  -1   4  -2    0   0   0   0   0   0   0   0   0   3  31   0   2  45   0   0   0   0  16   0  1.08 0.33
  321 T     1   0   1   2  -3   3   2  -3   1  -3  -3   1  -2  -4  -1   0   2  -4  -3  -3   14   3   5  10   0  17  18   0   4   0   2   9   0   0   1   3  14   0   0   0  0.35 0.18
  322 A     3   3  -2  -3  -3   2  -2  -2  -3  -1   0   2  -2  -3  -3   0  -2  -4  -3  -2   39  16   0   0   0   9   0   0   0   4  12  14   0   0   0   6   0   0   0   0  0.41 0.23
  323 W    -6  -6  -7  -7  -5  -5  -6  -6  -6  -5   1  -6  -4   1  -7  -6  -5  12  -1  -5    0   0   0   0   0   0   0   0   0   0  13   0   0   5   0   0   0  82   0   0  3.53 0.73
  324 T     0   3   0  -2   3   2   2  -3  -2  -2  -3   3  -2  -3  -3  -1   0  -3   1  -3    7  18   3   0   9   9  16   0   0   3   0  24   0   0   0   0   7   0   7   0  0.41 0.21
  325 Q    -1   1   1   2  -4   3   3  -3   0  -4  -2   0  -3  -4  -3   1   2  -4  -3  -3    3   8   7  10   0  13  26   0   2   0   3   4   0   0   0  11  14   0   0   0  0.41 0.19
  326 A     2  -5  -3  -4  -5  -4  -4   7  -4  -6  -6  -4  -5  -5  -4  -2  -4  -5  -5  -5   14   0   0   0   0   0   0  86   0   0   0   0   0   0   0   0   0   0   0   0  1.79 0.47
  327 Q    -2   4   2  -2  -4   2   1  -3   1  -4  -2   3  -1  -4  -3  -1   1  -4  -3  -3    0  26  14   0   0  10   9   0   4   0   5  18   2   0   0   3  10   0   0   0  0.48 0.22
  328 T    -3  -4  -3  -4  -4  -4  -4  -5  -5  -4  -4  -4  -4  -5  -4  -1   8  -5  -5  -3    0   0   0   0   0   0   0   0   0   0   0   0   0   0   0   0 100   0   0   0  2.10 0.62
  329 G    -1  -4  -3  -4  -5  -4  -4   6   4  -6  -6  -4  -5  -5   1  -3  -4  -5  -4  -5    2   0   0   0   0   0   0  78  13   0   0   0   0   0   6   0   0   0   0   0  1.61 0.44
  330 Y    -4  -4  -3   2  -4  -4  -3  -5  -2   1  -2  -4   2   5  -5  -4  -3  -1   6   0    0   0   0  16   0   0   0   0   0  11   0   0   5  23   0   0   0   0  38   7  0.97 0.34
  331 P    -4  -5  -5  -4  -6  -1  -1  -1  -5  -6  -6  -4  -5  -6   8  -3  -4  -6  -6  -5    0   0   0   0   0   3   4   5   0   0   0   0   0   0  88   0   0   0   0   0  2.52 0.58
  332 I    -3  -4  -5  -5  -3  -4  -5  -5  -4   4   4  -4   1   1  -1  -4  -3   5   1   0    0   0   0   0   0   0   0   0   0  31  43   0   3   5   4   0   0   9   5   0  0.78 0.29
  333 V    -3  -5  -5  -6  -3  -5  -5  -6  -5   5  -1  -5  -1  -2  -5  -4  -3   7  -3   5    0   0   0   0   0   0   0   0   0  32   0   0   0   0   0   0   0  16   0  53  1.30 0.41
  334 D    -4  -4   4   7  -6  -3  -1  -4  -3  -6  -6  -3  -6  -6  -4  -3  -3  -7  -6  -6    0   0  22  78   0   0   0   0   0   0   0   0   0   0   0   0   0   0   0   0  1.92 0.52
  335 A     7  -4  -4  -4  -3  -3  -3  -1  -4  -4  -4  -3  -4  -5  -3  -1  -3  -5  -4  -3   96   0   0   0   0   0   0   4   0   0   0   0   0   0   0   0   0   0   0   0  1.61 0.51
  336 A     3  -3   3  -3   4  -3  -3   2  -3   1  -3  -3  -3  -4  -3   1  -2  -4  -4  -2   36   0  15   0  10   0   0  16   0  13   0   0   0   0   0  10   0   0   0   0  0.50 0.25
  337 M    -4  -4  -5  -5  -5   4  -4  -6  -4  -2  -1  -4  10  -3  -5  -4  -4  -5  -4  -3    0   0   0   0   0  21   0   0   0   0   0   0  79   0   0   0   0   0   0   0  2.25 0.64
  338 R    -2   7  -3  -4  -5   0  -2  -4   0  -2  -1   2   0  -4  -4  -3   0  -5  -4  -2    2  67   0   0   0   3   0   0   2   2   5   9   3   0   0   0   7   0   0   2  1.12 0.37
  339 Q    -3  -2  -3  -2   2   7   5  -4  -2  -5  -5   0  -3  -6  -4  -3  -3  -5  -4  -5    0   0   0   0   4  53  40   0   0   0   0   3   0   0   0   0   0   0   0   0  1.45 0.47
  340 L    -4  -4  -5  -6  -3  -4  -5  -6  -5  -1   6  -5   4  -2  -5  -4  -1  -4  -3  -1    0   0   0   0   0   0   0   0   0   0  85   0  10   0   0   0   3   0   0   2  1.31 0.41
  341 T     0   2   3  -2  -3  -1  -2  -3   1   1   1  -1   0  -2  -3  -1  -1   4  -2   1   10  12  18   0   0   3   0   0   3   7  16   2   1   0   0   1   3   8   0  16  0.22 0.15
  342 E     3  -1  -1  -2  -3   3   0  -2   3   0  -1   0   0  -3  -3   0  -1  -3   1  -2   29   2   2   0   0  21   5   0   9   6   5   6   2   0   0   6   3   0   5   0  0.29 0.19
  343 T    -3  -3  -2  -2  -4   0   3  -4   1  -3  -2  -2  -3  -4  -3  -1   6   2  -3  -3    0   0   0   0   0   2  26   0   4   0   4   0   0   0   0   0  60   3   0   0  1.01 0.40
  344 G    -1  -5  -3  -4  -5  -4  -5   7  -5  -6  -6  -4  -5  -6  -5  -3  -4  -5  -6  -6    2   0   0   0   0   0   0  98   0   0   0   0   0   0   0   0   0   0   0   0  2.16 0.52
  345 W    -4  -3  -5  -5  -5  -4  -4  -5  -3  -4  -4   2  -4   4  -5  -4  -2  10   6  -4    0   0   0   0   0   0   0   0   0   0   0  16   0  14   0   0   2  41  27   0  1.94 0.48
  346 M    -4  -4  -5  -6  -4  -3  -5  -5  -4   2   2  -4   9  -2  -5  -4   0  -4  -4  -1    0   0   0   0   0   0   0   0   0  12  18   0  65   0   0   0   5   0   0   0  1.61 0.49
  347 H    -3  -3   1  -3  -5  -2  -3  -4   9  -6  -5  -3  -4  -4  -4   4  -3  -5  -2  -5    0   0   7   0   0   0   0   0  61   0   0   0   0   0   0  32   0   0   0   0  1.83 0.52
  348 N    -3  -3   7   0  -5  -2  -3   2   5  -5  -5  -3  -4   0  -4  -2  -3  -5  -3  -5    0   0  59   2   0   0   0  16  18   0   0   0   0   4   0   0   0   0   0   0  1.34 0.42
  349 R    -4   7  -3  -4  -5  -2  -3  -5  -3  -1   0  -1  -3   2  -5  -3  -1  -4   1  -3    0  66   0   0   0   0   0   0   0   4  10   0   0  10   0   0   4   0   6   0  1.11 0.38
  350 C     2  -3  -3  -4   2  -3  -3   2  -3   1   2  -3   4  -2  -3  -1  -1  -3  -3   0   18   0   0   0   4   0   0  21   0   6  26   0  15   0   0   3   2   0   0   4  0.36 0.19
  351 R    -4   8  -3  -5  -6  -2  -3  -5  -3  -6  -5  -1  -4  -6  -5  -4  -4   0  -4  -5    0  99   0   0   0   0   0   0   0   0   0   0   0   0   0   0   0   1   0   0  2.32 0.60
  352 M    -1  -3   1  -4  -4   4  -2  -4   4  -2  -2  -2   8  -3  -4  -3  -3  -4  -3   0    4   0   8   0   0  26   0   0  10   0   0   0  45   0   0   0   0   0   0   6  1.10 0.43
  353 I     0  -3   3  -3   0  -3  -3  -4  -2   4   0  -3   1  -1  -4  -2  -1  -3   3   0    7   0  19   0   2   0   0   0   0  36   8   0   4   0   0   2   4   0  16   2  0.47 0.24
  354 V     0  -4  -4  -5  -3  -4  -4  -5  -5   0  -1  -4  -2  -3  -4  -3   2   7  -2   5    5   0   0   0   0   0   0   0   0   0   4   0   0   0   0   0  16  16   0  58  1.04 0.37
  355 A     6  -4  -3  -4   2  -3  -3   0  -4  -3  -4  -3  -3  -4  -3   1  -2  -5  -4  -1   78   0   0   0   4   0   0   6   0   0   0   0   0   0   0   8   0   0   0   4  1.09 0.39
  356 S    -1  -2  -2  -3   4   0  -2  -3  -3  -4  -4   2  -3  -5  -3   5   1  -5  -4  -4    2   0   0   0  10   3   0   0   0   0   0  16   0   0   0  61   8   0   0   0  0.91 0.37
  357 F    -3  -3  -4  -4   3  -4  -4  -4  -3  -2  -1  -4  -2   8  -4  -3  -3   2   2   0    1   1   1   1   6   1   1   1   0   1   1   1   0  70   1   1   1   2   3   5  1.33 0.33
  358 L     0  -3  -3  -4  -2  -3  -3  -3  -3   0   5  -3   0   1  -3  -3  -2  -2  -2  -1    8   1   1   1   0   1   1   1   0   1  74   1   0   5   1   1   1   0   1   1  0.78 0.26
  359 T     1  -2  -2  -2   0  -2  -2  -3  -3   0  -1  -2  -1  -2  -2   0   5  -3  -2   3    9   1   1   1   2   1   1   1   0   5   1   1   0   1   1   4  43   0   1  28  0.51 0.22
  360 K    -2   4  -1  -2  -4   0  -1  -2   4  -3  -2   5  -2  -3  -2  -2  -2  -3  -2  -3    1  23   1   1   0   1   1   3  11   1   4  49   0   1   1   1   1   0   1   1  0.77 0.25
  361 D    -2  -2   2   5  -3  -1   1   1   4  -3  -3  -2  -3   0  -2  -1  -1  -3  -2  -1    1   1  12  36   0   1   7   9  12   1   1   1   0   4   1   4   3   0   1   5  0.47 0.17
  362 L    -2  -3  -5  -5  -4  -3  -4  -5  -4  -1   5   2   3  -2  -5  -4  -3  -4  -3  -1    2   0   0   0   0   0   0   0   0   0  74  16   9   0   0   0   0   0   0   0  1.00 0.36
  363 I    -2  -3   0  -4  -3  -1  -2   2  -1   3   2  -3  -1   0  -4  -2  -3   6   0  -1    0   0   4   0   0   2   2  22   2  20  25   0   0   3   0   2   0  15   2   0  0.48 0.22
  364 I    -3  -4  -5  -5  -3  -1  -4  -5  -5   5   4  -4   0  -2  -5  -4  -3  -4  -3   2    0   0   0   0   0   4   0   0   0  46  37   0   0   0   0   0   0   0   0  13  0.91 0.31
  365 D    -3  -3   1   6  -5  -2   2  -3   2  -5  -5  -2  -4  -5   2   2  -2  -6  -4  -5    0   0   4  52   0   0  16   0   5   0   0   0   0   0   9  15   0   0   0   0  1.02 0.34
  366 W    -6  -6  -7  -8  -6  -6  -7  -6  -6  -6  -5  -7  -5  -3  -7  -6  -6  13  -1  -7    0   0   0   0   0   0   0   0   0   0   0   0   0   0   0   0   0 100   0   0  4.66 0.87
  367 R    -3   6  -2  -3  -5   0   3  -4  -1  -5  -4   1  -3  -5  -4  -2   2  -5  -4  -4    0  56   0   0   0   2  18   0   1   0   0   7   0   0   0   0  16   0   0   0  1.08 0.37
  368 R     1   1  -2  -1  -3  -1   1  -3   2  -3   0   1   2  -2  -2   0  -2   7   2  -3   12   9   0   3   0   2  11   0   7   0   7   8   9   0   2   6   0  17   8   0  0.41 0.19
  369 G    -2  -5  -3  -4   1  -4  -4   7   0  -6  -6  -4  -5  -5  -1   0  -4  -5  -5  -5    0   0   0   0   3   0   0  86   3   0   0   0   0   0   3   5   0   0   0   0  1.69 0.44
  370 E     3  -1  -3  -2  -3  -1   3  -3  -3  -2  -1  -2   3  -3   3  -2  -2  -4  -1   1   31   3   0   0   0   0  25   0   0   0   5   0   9   0  13   0   0   0   2  11  0.42 0.24
  371 Q     0   3  -2   1  -4   2   4  -3  -2  -4  -3   2  -3  -5  -3  -2   0  -4  -3  -4    8  21   0   8   0   9  35   0   0   0   2  13   0   0   0   0   4   0   0   0  0.63 0.25
  372 F    -1  -1  -4  -4  -4  -3   1  -4   4  -3  -3  -3  -3   1  -5  -3  -3   8   6   1    6   3   0   0   0   0  10   0  12   0   0   0   0   3   0   0   0  23  33  10  1.16 0.36
  373 F     0  -5  -5  -6  -5  -5  -5  -5  -3  -3  -1  -5  -2   8  -6  -4  -4  -2   3  -3   10   0   0   0   0   0   0   0   0   0   4   0   0  78   0   0   0   0   8   0  1.78 0.47
  374 M     0   1  -3   1  -4  -1   4  -4  -3  -1   1  -2   4  -3  -3  -2  -2   4  -3  -2    7   7   0   9   0   0  35   0   0   2  17   0  16   0   0   0   0   6   0   0  0.50 0.26
  375 Q    -1   1  -1   1  -3   2   2  -3   2  -2  -3   2   0  -3  -2   2   1  -4   0  -3    2   8   0  10   0  13  11   0   5   3   0  18   2   0   0  16   8   0   3   0  0.32 0.17
  376 H    -3   0  -1  -3   2   2  -2  -4   3  -2   2  -1   0  -1  -4  -1   1  -2   4  -2    0   5   2   0   5  13   0   0   9   0  28   2   2   0   0   3  10   0  21   0  0.40 0.22
  377 L    -3  -4  -5  -4  -4  -3   1  -5  -4  -1   6  -4   0   1  -5  -2  -3  -4  -3  -2    0   0   0   0   0   0  10   0   0   0  83   0   0   4   0   3   0   0   0   0  1.09 0.38
  378 V    -2  -4  -5  -5  -3  -4  -5  -5  -5   5   4  -4   0  -2  -5  -4  -2  -4  -1   2    2   0   0   0   0   0   0   0   0  40  40   0   0   0   0   0   0   0   2  16  0.86 0.29
  379 D    -5  -4  -1   8  -6  -3  -1  -4  -4  -6  -7  -4  -6  -6  -4  -3  -4  -7  -6  -6    0   0   0 100   0   0   0   0   0   0   0   0   0   0   0   0   0   0   0   0  2.45 0.60
  380 G     2  -4  -3  -4  -4  -3  -3   4   1  -4  -4  -3  -3   1  -4  -1  -3  -2   5  -3   23   0   0   0   0   0   0  39   4   0   0   0   0   4   0   3   0   0  27   0  0.86 0.31
  381 D    -4   2  -1   7   0  -2   0  -4  -3  -6  -6  -3  -5  -6  -4  -3  -4   2  -5  -5    0  10   0  80   3   0   4   0   0   0   0   0   0   0   0   0   0   3   0   0  1.70 0.47
  382 L    -2  -1  -3   2  -3  -3  -2  -4  -3  -1   1  -3  -1   1   2  -1   0   6   0   2    0   3   0  16   0   0   0   0   0   0  15   0   0   8  12   3   7  15   2  19  0.44 0.21
  383 A     3  -3  -2  -3   3  -2   0   1   0  -4  -4  -2  -3  -4   3   3  -1  -4  -4  -3   36   0   0   0   7   0   6   8   3   0   0   0   0   0  16  24   0   0   0   0  0.60 0.26
  384 A     1  -3   3  -2   1  -2  -2  -3  -3   1  -2  -2  -2  -3  -3   4  -1  -5  -3   2    9   0  15   0   4   0   0   0   0   9   2   0   0   0   0  44   0   0   0  17  0.51 0.27
  385 N    -3  -3   7   2   3  -3  -3   2   2  -5  -6  -3  -4  -5  -4  -2  -3  -6  -4  -5    0   0  64   8   8   0   0  16   4   0   0   0   0   0   0   0   0   0   0   0  1.33 0.42
  386 N     2  -3   3  -3  -4  -1  -3  -3  -2   0  -2  -3  -3   1  -4  -2  -3   7   5  -1   19   0  21   0   0   2   0   0   0   5   3   0   0   6   0   0   0  17  23   3  0.77 0.30
  387 G     0  -4  -3  -3  -4  -1  -4   6  -4  -2  -1  -3  -3  -4   0  -2  -1  -4  -4   0    7   0   0   0   0   3   0  64   0   2   6   0   0   0   4   0   3   0   0  10  0.92 0.30
  388 G    -2  -3   6  -2  -5   0  -3   5  -3  -6  -6  -3  -4  -5  -4   0  -3  -5  -5  -5    0   0  44   0   0   4   0  45   0   0   0   0   0   0   0   7   0   0   0   0  1.24 0.39
  389 W    -5  -6  -7  -7   4  -5  -6  -6  -6  -5  -4  -6  -4   1  -7  -6  -5  12  -1  -1    0   0   0   0  10   0   0   0   0   0   0   0   0   4   0   0   0  80   0   6  3.48 0.71
  390 Q     0  -2   0  -3  -4   6  -1  -1  -2  -3  -1  -2   6  -4  -4  -2   0  -4  -3  -3    8   0   4   0   0  46   0   5   0   0   3   0  28   0   0   0   4   0   0   0  0.95 0.39
  391 W    -5  -5  -6  -6  -5  -4  -5  -5  -3  -4  -4  -5   1   1  -6  -5  -5  11   6  -5    0   0   0   0   0   0   0   0   0   0   0   0   4   5   0   0   0  59  30   0  2.77 0.59
  392 S     1  -3  -2  -3   4   1  -2  -1  -3   1   1  -2  -1  -2  -3   2   0  -4  -3   1   14   0   0   0  13   9   0   4   0   8  16   0   0   0   0  20   3   0   0  14  0.26 0.17
  393 A     5  -3  -3  -3  -3  -3  -3  -1  -3   1  -3  -3  -3   1  -3   3  -1  -4  -3  -2   54   0   0   0   0   0   0   3   0  10   0   0   0   6   0  24   2   0   0   0  0.68 0.31
  394 S    -1  -4  -2  -3   6  -3  -4   5  -4  -5  -5  -3  -4  -5  -4   4  -2  -5  -5  -4    2   0   0   0  20   0   0  45   0   0   0   0   0   0   0  33   0   0   0   0  1.15 0.37
  395 S    -1  -3  -2  -3   1  -2  -3   1  -3   0  -1   0  -2  -3  -3   3   2  -4  -3   3    2   0   0   0   3   0   0  10   0   4   3   6   0   0   0  28  14   0   0  30  0.34 0.21
  396 G     2  -4  -2  -3  -3  -3  -3   6  -3   0  -2  -3  -3  -4  -3   0  -2  -4  -4  -3   18   0   0   0   0   0   0  61   0   7   5   0   0   0   0   7   0   0   0   0  0.92 0.29
  397 M     0  -3   3  -3   1  -2  -3  -3   2  -1  -2  -3   2   3   1  -2   2   5  -1   0    8   0  18   0   4   0   0   0   5   3   0   0   7  18   6   0  16  10   0   5  0.41 0.22
  398 D    -1  -3  -1   7  -5  -2   1  -1  -3  -5  -5   0  -4   2  -4  -2  -2  -5  -3  -4    6   0   0  65   0   0   8   4   0   0   0   5   0  10   0   0   2   0   0   0  1.13 0.37
  399 P     2   0  -2  -2  -3   2   2   0  -2  -4  -4   0  -3  -4   4   1   0  -4   0  -3   19   5   0   0   0   9  13   8   0   0   0   3   0   0  24   8   6   0   3   0  0.48 0.19
  400 K     0   5   0   1  -4   3  -1  -1   1  -4  -4   1   0  -4  -3  -1  -2  -4  -3  -2    6  42   4   8   0  19   0   5   4   0   0   4   2   0   0   2   0   0   0   4  0.62 0.26
  401 P    -2  -1  -2   0  -4  -2   2   1  -3  -4  -4  -1  -3   1   5   1   0  -4  -1  -4    0   2   0   3   0   0  19  11   0   0   0   3   0   8  37  11   4   0   2   0  0.74 0.26
  402 L    -2  -3   1  -1  -3  -3  -3  -3   1   3   0  -3  -1   5  -4   1  -2  -2   0  -1    3   0   7   4   0   0   0   0   4  25   8   0   0  35   0  12   0   0   0   0  0.48 0.23
  403 R    -4   7  -1  -4  -6  -2  -3  -5   3  -5  -2   0  -4  -5  -5  -1  -3  -5  -4  -5    0  83   2   0   0   0   0   0   7   0   4   2   0   0   0   3   0   0   0   0  1.71 0.49
  404 I    -2  -2  -4  -4   4   0  -3  -5  -2   4   0  -1  -1   1  -4  -2  -2  -2   4   2    0   2   0   0  11   6   0   0   0  30   4   3   0   6   0   3   0   0  20  16  0.52 0.24
  405 F    -4  -4  -4   0  -4  -4  -4  -5  -3  -2  -1  -4   5   7  -5  -4   0  -1   4  -3    0   0   0   6   0   0   0   0   0   0   2   0  16  54   0   0   8   0  14   0  1.22 0.39
  406 N    -3  -3   8  -1   5  -3  -3  -3  -2  -5  -6  -3  -5  -5  -4   1  -2  -6  -5  -5    0   0  76   2  12   0   0   0   0   0   0   0   0   0   0  10   0   0   0   0  1.72 0.50
  407 P    -3  -4  -4   0  -5  -1  -3  -5  -3   1  -1  -3   2  -3   7  -3  -3  -4   2  -2    0   0   0   6   0   3   0   0   0  10   6   0   6   0  58   0   0   0  10   2  1.32 0.38
  408 A     1   0  -2  -1  -2  -1   0  -3  -1   1   0  -2   1  -2   0  -1   1  -4  -2   3   18   8   0   3   0   2   6   0   2  10   5   0   4   0   5   0  11   0   0  26  0.18 0.14
  409 S     0  -1  -2  -3  -3  -1  -2   3   0   0   0   3  -2  -1  -3   1   1  -4  -3  -2    8   0   0   0   0   0   0  23   2   7  11  29   0   2   0  10   9   0   0   0  0.27 0.18
  410 Q    -3  -2  -3  -3   4   7   0  -5  -3  -4   1  -2  -2   2  -4  -3  -3  -4  -3  -4    0   0   0   0  10  64   2   0   0   0  14   0   0  10   0   0   0   0   0   0  1.24 0.45
  411 A     3  -2  -2  -3  -3  -2  -1   4  -3  -4  -4   2  -3  -4  -3   1   0  -4  -4  -3   34   0   0   0   0   0   3  34   0   0   0  13   0   0   0  11   6   0   0   0  0.62 0.25
  412 K    -1   4  -2  -2  -5   3   3  -4   0  -4  -2   3  -3   0  -3  -2  -2  -4   0  -4    4  30   0   0   0  12  18   0   2   0   3  24   0   5   0   0   0   0   2   0  0.63 0.26
  413 K    -3   4   0   2  -5   0   0  -4  -2  -4  -4   5  -1  -5  -3  -2   0  -5  -4  -4    0  30   3  13   0   1   4   0   0   0   0  42   2   0   0   0   5   0   0   0  0.84 0.31
  414 F    -4  -4  -4  -5  -4  -4  -4  -5   3  -3   0  -4  -2   6  -5  -4   0  -1   7  -3    0   0   0   0   0   0   0   0   8   0   8   0   0  39   0   0   7   0  38   0  1.34 0.40
  415 D    -4  -1  -1   8  -6  -3  -1  -4  -4  -5  -6  -3  -5  -6  -4  -3  -4  -6  -5  -5    0   3   0  94   0   0   0   0   0   0   0   0   0   0   0   0   0   0   0   0  2.16 0.54
  416 A    -1   0  -2  -3  -4  -1  -1  -2  -1  -1  -4  -1  -3  -5   7   1  -2  -5  -4   0    5   4   2   0   0   3   4   2   1   5   0   2   0   0  53  12   0   0   0   8  1.06 0.31
  417 T    -1  -1   3   4  -4   1   3  -2  -1  -2  -4   1  -3  -4  -2   0  -1  -4  -1  -3    3   2  17  28   0   6  19   2   0   3   0   7   0   0   0   6   3   0   3   0  0.48 0.19
  418 A     2  -4  -1  -3  -4  -3  -4   6  -1  -2  -4  -3   0  -4  -4  -2  -3  -4  -4  -4   17   0   2   0   0   0   0  72   2   2   0   0   3   0   0   0   0   0   0   0  1.26 0.36
  419 T    -2   1   0   3  -4   2   4  -3  -2  -2  -4   0  -3  -4  -3   0   1  -5  -4  -2    1   6   4  22   0   7  38   0   0   3   0   4   0   0   0   5  10   0   0   2  0.60 0.24
  420 Y    -5  -5  -5  -6  -5  -5  -5  -6  -2  -4  -3  -5  -3   6  -6  -5  -4   3   8  -4    0   0   0   0   0   0   0   0   0   0   0   0   0  31   0   0   0   3  65   0  2.12 0.53
  421 I    -2  -4  -5  -4  -3  -4  -1  -5  -5   5   0  -4  -1  -2  -4  -4  -1  -5  -3   4    2   0   0   0   0   0   5   0   0  49   5   0   0   0   0   0   3   0   0  36  0.93 0.32
  422 K    -1   6  -2  -1  -5  -1   0  -4   2  -5  -4   4  -3  -5  -4  -2  -1  -5  -3  -4    6  52   0   3   0   0   4   0   4   0   0  26   0   0   0   0   4   0   0   0  1.02 0.34
  423 R    -3   5  -2  -3  -4   3   0  -2   3  -4  -3   3  -3  -2  -3  -2   1  -4   0  -4    0  38   0   0   0  13   2   2   8   0   2  18   0   1   0   0  13   0   3   0  0.68 0.27
  424 W    -4  -4  -5  -5  -4  -4  -4  -5  -3  -1  -3  -4  -3   3  -5  -4  -4  11   5  -4    1   0   0   0   0   0   0   1   0   3   1   0   0  10   0   1   0  58  23   0  2.46 0.50
  425 L     0  -3  -4  -4  -2  -3  -4  -4  -4   2   3  -3   0  -2  -4  -1  -2  -4  -3   4    7   0   0   0   0   0   0   0   0   9  40   0   0   0   0   4   0   0   0  39  0.59 0.23
  426 P    -3  -3  -1  -3  -5   1  -1  -4  -4  -5  -5  -1  -4  -5   8  -3  -3  -5  -4  -4    0   0   3   0   0   7   3   0   0   0   1   3   0   0  80   0   0   0   0   0  2.11 0.45
  427 E    -2  -2  -2  -1  -4   1   6  -4  -2  -4  -4   0  -3  -4  -3  -2  -2  -4  -3   0    2   0   0   0   0   4  76   1   0   0   1   4   0   0   0   1   0   0   0   8  1.18 0.35
  428 L    -3  -3  -4  -5  -3  -3  -4  -5  -4   0   5  -4   0  -1  -4  -4  -3  -3   0   1    1   0   0   0   0   0   0   1   0   0  84   0   0   0   0   1   0   0   4   6  1.02 0.31
  429 R     2   4   0  -2  -3   0   1  -2  -2  -3  -3   3  -1  -3   0   0  -1  -3  -2  -2   24  25   3   1   0   2  10   1   0   1   1  18   2   0   4   6   1   0   0   1  0.37 0.16
  430 H     0   1   2   2  -3   1   1   1   2  -3  -3   1  -2  -3  -2   1  -1  -3  -2  -3    6  11  14  14   0   7  11  10   5   1   1   7   0   0   1  11   1   0   0   1  0.28 0.10
  431 V    -2  -3  -3  -3  -2  -3  -3  -3  -3   2   2  -3   2   3  -3  -2  -1  -2   1   3    1   1   1   1   0   1   1   1   0  11  27   1   4  15   1   1   1   0   4  29  0.38 0.14
  432 H     0  -1  -1   1  -2  -1   1  -1   1  -2  -2   0  -2  -2   5   0  -1  -2  -1  -2    8   2   2   9   1   2  10   3   4   2   3   6   1   1  33   7   2   0   3   2  0.47 0.09
  433 P     1   1   0  -1  -2  -1  -2   1  -2  -2  -3  -1  -2  -3   5   0   1  -3  -3  -1   15   8   4   3   0   1   1  11   0   1   1   3   0   1  33   3  11   0   1   3  0.53 0.15
  434 K     1  -1   0  -1  -2   0   1   2   0  -1   0   2  -1  -2   0   0   0  -2  -1  -1   12   1   3   2   0   1   8  15   2   1  10  20   0   0   5   4   7   0   3   6  0.10 0.07
  435 D    -1  -1   0   3  -3   1   3  -2   1  -2  -3   1  -2  -1   1  -1  -2   3   3  -3    4   2   3  22   0   4  21   1   3   3   1   7   0   0   6   1   1   4  16   1  0.36 0.14
  436 L     0  -1  -1  -2  -2  -2  -2  -2   1   3   1  -2   0   0   0   0  -1   2   1   1    9   2   3   1   0   1   1   1   6  28  14   1   0   4   5   7   1   3   4   9  0.14 0.09
  437 I    -1  -3  -3  -4  -3  -2  -3  -4   7   3   1  -3  -1  -2  -4  -1  -2  -4  -1   2    3   0   0   0   0   0   0   0  34  25  13   0   0   0   0   3   0   0   0  19  0.70 0.26
  438 S     0  -1   0   0  -3   3   1  -1   5  -3  -3   0  -2   2  -3   0   0  -3   0  -3    7   0   3   5   0  22   7   3  22   0   0   3   0  11   0   8   6   0   2   0  0.39 0.18
  439 G    -2  -2  -2  -2  -4   3   2   1   0  -4  -4   2  -3  -4   5   0  -2  -4  -3  -4    0   0   0   0   0  14  18  12   3   0   0  12   0   0  33   6   0   0   0   0  0.75 0.23
  440 E     0  -2   0  -2  -3   1   2  -3  -2  -1  -3   1  -2  -1   4  -2  -2   6  -2  -1   10   0   5   0   0   8  15   0   0   3   0  11   0   3  25   0   0  12   0   4  0.54 0.19
  441 I     1  -2  -1  -1   2  -1  -1  -3   0   0   0   0  -1  -1  -3   0  -1   8   2  -1   14   0   3   5   5   3   3   0   3   7  10   5   0   0   0   7   3  24   6   2  0.44 0.16
  442 T     0   1   1   0  -3   1   0   1  -2  -3  -2   3  -2  -3  -2   0   2  -3  -1  -2   10   6   7   3   0   5   3  10   0   0   2  26   0   0   0   3  21   0   3   0  0.26 0.13
  443 P     0  -1  -1  -3   7  -2  -3  -2  -3  -2  -1   1  -2  -3   4  -1  -2   4  -3  -1    5   3   3   0  27   0   0   3   0   0   5   9   0   0  26   4   0   6   0   6  0.72 0.22
  444 I    -1   1  -2  -2  -2  -1  -1  -2  -2   2   1   1   0  -2   2   0  -1  -3  -2   1    4  12   0   0   0   2   2   2   0  14  20   9   0   0  10  10   2   0   0  12  0.14 0.09
  445 E    -2  -2   1   1  -3   0   3  -2  -2   2   1   0  -1  -2  -3  -1  -2  -4  -3   0    0   0   9   9   0   2  28   2   0  20  17   6   0   0   0   2   0   0   0   4  0.25 0.15
  446 R     1   2  -1  -1  -3   1  -1   4   0  -4  -2   0  -3  -4  -3   0  -2  -4  -3  -3   15  13   2   3   0   6   3  43   3   0   3   6   0   0   0   3   0   0   0   0  0.49 0.17
  447 R     1   2  -2  -2  -3   1   2  -3  -2  -1  -2   2   0  -3  -2   0   0  -4  -2   2   10  16   0   0   0   7  17   0   0   0   0  16   2   0   0   6   5   0   0  20  0.26 0.14
  448 G    -2  -2   3   5  -4  -1   2   0   2  -3  -2   0   2  -4  -3  -1   0  -5  -3  -3    0   0  19  36   0   0  12   6   6   0   3   5   7   0   0   0   7   0   0   0  0.56 0.21
  449 Y    -4  -4  -4  -5  -5  -4  -4  -5  -1  -4  -4  -4  -3   1  -5   0  -4   4   9  -4    0   0   0   0   0   0   0   0   0   0   0   0   0   2   0   7   0   6  86   0  2.17 0.50
  450 P    -1  -4  -4  -4  -5   0  -3  -4  -4  -5  -3  -3  -4  -6   8  -3  -3  -6  -5  -4    5   0   0   0   0   5   0   0   0   0   2   0   0   0  88   0   0   0   0   0  2.41 0.48
  451 A     0   1   2   1   0   1   1  -1   0  -2  -1   2  -1  -3  -2  -1  -1  -3  -1   0   11   9  14   6   2   6   9   4   2   0   8  17   0   0   0   0   0   0   2   9  0.14 0.09
  452 P    -3   2  -4  -4  -5  -3  -3  -4  -4  -5  -5  -1  -5  -6   8  -3  -3  -6  -5  -5    0  13   0   0   0   0   0   0   0   0   0   3   0   0  84   0   0   0   0   0  2.33 0.47
  453 I    -2  -4  -5  -5   0  -4  -4  -5  -4   5   2  -4   4  -2  -4  -4  -2  -4  -3   3    0   0   0   0   2   0   0   0   0  50  17   0  13   0   0   0   0   0   0  17  0.81 0.25
  454 V    -2  -4  -5  -4  -3  -4  -1  -5  -5   3  -1  -4   1  -3  -4  -3  -2  -5  -3   6    0   0   0   0   0   0   6   0   0  14   0   0   3   0   0   0   0   0   0  77  1.04 0.32
  455 N    -1  -2   4   5  -4  -1   1  -1  -2  -4  -3   1  -3  -4  -3   0  -2  -5  -4  -2    3   0  24  43   0   0   7   3   0   0   2   8   0   0   0   6   0   0   0   3  0.69 0.21
  456 H    -3  -3  -2  -4  -4  -2  -3  -4   7   0   3  -3  -1   0   1  -3  -3  -3   2  -2    0   0   0   0   0   0   0   0  41   5  39   0   0   3   6   0   0   0   6   0  0.83 0.26
  457 N     1   1   1   1  -3  -1  -1  -1   1  -3  -3   2  -2   0  -2   2  -1  -2   2  -3   12   9   6  11   0   0   0   3   3   0   0  15   0   6   0  25   0   0   9   0  0.24 0.13
  458 L    -1  -1  -1   0  -3   3   2  -1   3   0   1   2   0  -2  -2  -1   0  -3  -2  -2    2   0   0   3   0  17  14   3  11   5  19  16   2   0   0   2   5   0   0   0  0.21 0.12
  459 R     3   1   2  -2  -2   1   0  -1  -2  -3  -3   1  -2  -4  -2   3  -1  -4  -3  -1   36   7  10   0   0   6   3   0   0   0   0   6   0   0   0  28   0   0   0   4  0.38 0.17
  460 Q     0   5  -1  -2  -3   3  -1  -3  -2   1  -2   1  -2  -3  -3   1  -1  -4  -3   0    7  39   2   0   0  16   0   0   0  10   0   7   0   0   0  10   0   0   0   8  0.43 0.17
  461 K     1   1  -1   0  -4   0   4  -3  -2  -2  -3   4  -3  -4  -2  -1  -2  -4  -3  -2   12   6   0   4   0   0  37   0   0   3   0  36   0   0   0   0   0   0   0   3  0.57 0.18
  462 Q     1   5  -1   0  -4   2   2  -3  -1  -3  -3   2  -2  -4  -3  -1   0  -4  -3  -1   14  44   0   4   0   8  14   0   0   0   0   9   0   0   0   0   4   0   0   4  0.52 0.16
  463 F     2   0   3  -2   2  -2  -2  -2  -2  -2   0  -2   2   2  -3   0   1  -3  -1  -1   22   4  20   0   6   0   0   0   0   0   5   0  12  13   0   4  14   0   0   0  0.22 0.13
  464 K    -1   0  -2  -2  -3  -1   1  -3   1   0   2   3   2  -2  -3  -2  -2  -3  -2  -1    6   4   0   0   0   0  13   0   5   4  36  27   6   0   0   0   0   0   0   0  0.25 0.13
  465 A     1   2   0   0  -2   2   1  -2   0  -2  -1   2   0  -3  -2   1   0  -3  -2  -2   20  15   3   4   0  12   5   0   3   0   7  12   3   0   0  12   4   0   0   0  0.20 0.08
  466 L     2  -1  -3  -3  -2  -2  -2  -2  -3   3   1  -1   2   0  -3  -1   0  -3  -2   1   30   3   0   0   0   0   0   0   0  24  13   3   7   4   0   0   6   0   0   9  0.22 0.11
  467 Y    -3  -3  -4  -4  -4  -3  -1  -4  -1  -2   0  -3   4   4  -4  -3  -3   0   7  -2    0   0   0   0   0   0   4   0   0   0   6   0  19  18   0   0   0   0  53   0  1.08 0.26
  468 N     0   0   2  -1  -3   3   2   0  -1  -3  -3   3   0  -4  -2   0   0  -4  -3  -3    7   0  12   0   0  20  10   7   0   0   0  30   4   0   0   6   3   0   0   0  0.37 0.13
  469 Q     1   2  -1   0  -3   4   1  -2   2  -3  -2   0  -2  -3  -2   1   0  -3  -2  -2   20  15   0   6   0  30   7   0   5   0   4   0   0   0   0  10   4   0   0   0  0.34 0.12
  470 L     4  -3  -3  -3  -2  -2  -3  -2  -3   0   2  -2   2  -2  -2  -1  -1  -3  -2   1   51   0   0   0   0   0   0   0   0   3  30   0   6   0   0   0   0   0   0   9  0.40 0.15
  471 K    -2   5  -1  -2  -4   0  -1  -3  -1  -4  -3   4  -2  -2  -3  -1  -2  -2   2  -3    0  44   0   0   0   0   0   0   0   0   0  44   0   0   0   0   0   0  12   0  0.75 0.15
  472 A     3  -2   2  -1   4  -1  -2   3  -2  -2  -3  -1  -2  -3  -2   0  -1  -3  -3  -1   47   0  18   0  13   0   0  22   0   0   0   0   0   0   0   0   0   0   0   0  0.39 0.06
  473 A     3  -1   0  -1  -1  -1  -1   0  -1  -2  -2  -1  -2  -3  -1   4   1  -3  -2  -1   40   0   0   0   0   0   0   0   0   0   0   0   0   0   0  60   0   0   0   0  0.43 0.05
  474 I    -2  -3  -4  -4  -1  -3  -3  -4  -3   3   3  -3   2   0  -3  -3  -1  -2  -1   2    0   0   0   0   0   0   0   0   0  48  52   0   0   0   0   0   0   0   0   0  0.37 0.00

                      K         Lambda
Standard Ungapped    0.1346     0.3206
Standard Gapped      0.0449     0.2670
PSI Ungapped         0.1468     0.3176
PSI Gapped           0.0449     0.2670
