
Last position-specific scoring matrix computed, weighted observed percentages rounded down, information per position, and relative weight of gapless real matches to pseudocounts
            A   R   N   D   C   Q   E   G   H   I   L   K   M   F   P   S   T   W   Y   V   A   R   N   D   C   Q   E   G   H   I   L   K   M   F   P   S   T   W   Y   V
    1 S     1  -1   1   0  -1   0   0   0  -1  -2  -2   0  -1  -2  -1   4   1  -3  -2  -2    0   0   0   0   0   0   0   0   0   0   0   0   0   0   0   0   0   0   0   0  0.00     0.00
    2 I    -1  -3  -3  -3  -1  -3  -3  -4  -3   4   2  -3   1   0  -3  -2  -1  -3  -1   3    0   0   0   0   0   0   0   0   0 100   0   0   0   0   0   0   0   0   0   0  0.39 0.00
    3 L    -1  -2  -3  -4  -2  -2  -3  -3  -2   1   3  -2   3   2  -3  -2  -1  -1   0   1    0   0   0   0   0   0   0   0   0   0  54   0  29  17   0   0   0   0   0   0  0.33 0.00
    4 K    -1   3   0  -1  -3   3   1  -2   0  -3  -2   4  -1  -3  -1   0  -1  -3  -2  -2    0  14   0   0   0  17   0   0   0   0   0  69   0   0   0   0   0   0   0   0  0.48 0.00
    5 E    -1   0   0   2  -4   2   5  -2   0  -3  -3   1  -2  -3  -1   0  -1  -3  -2  -3    0   0   0   0   0   0 100   0   0   0   0   0   0   0   0   0   0   0   0   0  0.74 0.00
    6 L    -2  -2  -4  -4  -1  -2  -3  -4  -3   2   4  -3   2   0  -3  -3  -1  -2  -1   1    0   0   0   0   0   0   0   0   0   0 100   0   0   0   0   0   0   0   0   0  0.46 0.00
    7 Q    -1   1   0   1  -3   4   4  -2   0  -3  -3   1  -1  -3  -1   0  -1  -2  -2  -2    0   0   0   0   0  54  46   0   0   0   0   0   0   0   0   0   0   0   0   0  0.60 0.00
    8 A     2   1   2  -1  -1   0   0   0  -1  -2  -2   0  -1  -3  -1   2   0  -3  -2  -1   43  15  14   0   0   0   0   0   0   0   0   0   0   0   0  28   0   0   0   0  0.26 0.00
    9 L    -1  -2  -3  -3  -2   1  -2  -3  -2   1   4  -2   2   0  -3  -2  -1  -2  -1   1    0   0   0   0   0  14   0   0   0   0  86   0   0   0   0   0   0   0   0   0  0.33 0.00
   10 N     1  -1   4   1  -2   0   0   0   0  -3  -3   0  -2  -3  -1   2   0  -3  -2  -2   17   0  54   0   0   0   0   0   0   0   0   0   0   0   0  29   0   0   0   0  0.41 0.00
   11 T     0  -2  -1  -1  -2  -1  -1  -2  -2  -2  -2  -1  -1  -3   5   1   3  -3  -2  -1    0   0   0   0   0   0   0   0   0   0   0   0   0   0  46   0  54   0   0   0  0.83 0.00
   12 E    -1   0   0   2  -4   2   5  -2   0  -3  -3   1  -2  -3  -1   0  -1  -3  -2  -3    0   0   0   0   0   0 100   0   0   0   0   0   0   0   0   0   0   0   0   0  0.74 0.00
   13 E    -1   0   0   1  -4   2   5  -2   0  -3  -3   1  -2  -3  -1   0  -1  -3  -2  -3    0   0   0   0   0   0 100   0   0   0   0   0   0   0   0   0   0   0   0   0  0.76 0.01
   14 A     4  -2  -2  -2   0  -1  -1   0  -2  -1  -2  -1  -1  -2  -1   1   0  -3  -2   0  100   0   0   0   0   0   0   0   0   0   0   0   0   0   0   0   0   0   0   0  0.43 0.01
   15 A     3  -1  -1  -1  -1  -1  -1   0  -1  -2  -2  -1  -1  -2  -1   2   0  -3  -2  -1   68   0   0   0   0   0   0   0   0   0   0   0   0   0   0  32   0   0   0   0  0.36 0.01
   16 E    -1   1   0   2  -4   1   4  -2   4  -3  -3   1  -2  -3  -2   0  -1  -3  -1  -3    0  12   0   9   0   0  60   0  20   0   0   0   0   0   0   0   0   0   0   0  0.52 0.01
   17 Q    -1   0   0   2  -3   4   3  -2   0  -3  -3   1  -1  -3  -1   0  -1  -2  -2  -2    0   0   0   9   0  59  32   0   0   0   0   0   0   0   0   0   0   0   0   0  0.58 0.01
   18 R    -1   4   0   3  -3   0   1   0  -1  -3  -3   2  -2  -3  -2   0  -1  -3  -2  -3    0  39   0  32   0   0   0   9   0   0   0  20   0   0   0   0   0   0   0   0  0.42 0.01
   19 A     3  -2  -2  -2  -1  -1  -1  -1  -2   0   2  -1   0  -1  -1   0   0  -2  -2   0   68   0   0   0   0   0   0   0   0   0  32   0   0   0   0   0   0   0   0   0  0.23 0.01
   20 E    -1  -1   0   3  -3   0   3  -2  -1   0   0   0  -1  -2  -2  -1  -1  -3  -2   0    0   0   0  32   0   0  36   0   0   0  12   0   0   0   0   0   0   0   0  20  0.30 0.00
   21 V     0  -3  -3  -3  -1  -2  -3  -3  -3   3   1  -2   1  -1  -3  -2   0  -3  -1   4    0   0   0   0   0   0   0   0   0   9   0   0   0   0   0   0   0   0   0  91  0.37 0.01
   22 D    -2  -1   1   5  -4   0   3  -2  -1  -3  -4   0  -3  -4  -1   0  -1  -4  -3  -3    0   0   0  71   0   0  29   0   0   0   0   0   0   0   0   0   0   0   0   0  0.78 0.01
   23 R    -2   4   0   3  -4   2   1  -2   0  -3  -3   1  -2  -3  -2  -1  -1  -3  -2  -3    0  56   0  32   0  12   0   0   0   0   0   0   0   0   0   0   0   0   0   0  0.52 0.01
   24 M    -1   0  -2  -2  -2   0  -1  -3  -2   0   2   2   4  -1  -2  -1  -1  -2  -1   0    0   0   0   0   0   0   0   0   0   0  31  32  36   0   0   0   0   0   0   0  0.19 0.01
   25 L    -1  -2  -3  -4  -1  -2  -3  -4  -3   2   3  -3   2   0  -3  -2  -1  -2  -1   2    0   0   0   0   0   0   0   0   0   0  68   0   0   0   0   0   0   0   0  32  0.36 0.01
   26 S     1   0   0   0  -2   3   3  -1   0  -3  -2   1  -1  -3  -1   2   0  -3  -2  -2    9   0   0   0   0  31  32   0   0   0   0   0   0   0   0  27   0   0   0   0  0.39 0.01
   27 E    -1   0   0   1  -4   2   5  -2   0  -3  -3   1  -2  -3  -1   0  -1  -3  -2  -3    0   0   0   0   0   0 100   0   0   0   0   0   0   0   0   0   0   0   0   0  0.76 0.01
   28 D    -2  -2   1   6  -4   0   1  -1  -1  -3  -4  -1  -3  -4  -2   0  -1  -4  -3  -3    0   0   0 100   0   0   0   0   0   0   0   0   0   0   0   0   0   0   0   0  0.97 0.01
   29 P     0  -2  -1  -1  -2  -1  -1  -2  -2  -3  -3  -1  -2  -3   7   2   0  -4  -3  -2    0   0   0   0   0   0   0   0   0   0   0   0   0   0  68  32   0   0   0   0  1.26 0.01
   30 W    -1  -2  -2  -2  -2  -1  -2  -2  -2  -3  -2  -2  -2   0  -3   1  -1  10   1  -3    0   0   0   0   0   0   0   0   0   0   0   0   0   0   0  32   0  68   0   0  1.39 0.02
   31 R    -1   4  -1  -2  -2   0  -1  -3   2   0  -1   1  -1  -2  -2  -1  -1  -3  -1   1    0  58   0   0   0   0   0   0  10   0   0   0   0   0   0   0   0   0   0  32  0.31 0.01
   32 A     1  -2  -3  -3  -1  -2  -2  -2  -3   3   1  -2   0  -1  -2  -1   0  -3  -1   3   27   0   0   0   0   0   0   0   0  32   0   0   0   0   0   0   0   0   0  41  0.22 0.00
   33 A     3   0  -1  -1  -1   0   0   0  -1  -2  -2   2  -1  -3  -1   1   0  -3  -2  -1   68   0   0   0   0   0   0   0   0   0   0  32   0   0   0   0   0   0   0   0  0.30 0.01
   34 K    -1   3   0   0  -3   1   3  -2   0  -3  -3   3  -2  -3  -1   0  -1  -3  -2  -2    0  19   0   0   0   0  32   0   0   0   0  49   0   0   0   0   0   0   0   0  0.48 0.01
   35 M    -1  -1  -1  -1  -2   0   2  -3  -1   0   2  -1   3  -1  -2  -1   0  -2  -1   0    0   0   0   0   0   0  32   0   0   0  22   0  36   0   0   0  10   0   0   0  0.18 0.01
   36 I    -1  -3  -3  -3  -1  -3  -3  -4  -3   4   1  -3   1   0  -3  -2  -1  -3  -1   3    0   0   0   0   0   0   0   0   0  69   0   0   0   0   0   0   0   0   0  31  0.37 0.01
   37 K    -1   2   0  -1  -3   1   1  -2  -1  -3  -3   5  -1  -3  -1   0  -1  -3  -2  -2    0   0   0   0   0   0   0   0   0   0   0 100   0   0   0   0   0   0   0   0  0.55 0.01
   38 G     2  -2   0  -1  -1  -1  -1   3  -2  -2  -3  -1  -2  -3  -1   2   0  -3  -2  -2   32   0   0   0   0   0   0  36   0   0   0   0   0   0   0  31   0   0   0   0  0.41 0.00
   39 Y    -2  -2  -2  -3  -3  -2  -2  -3   1  -1  -1  -2  -1   5  -3  -2  -2   2   6  -1    0   0   0   0   0   0   0   0   0   0   0   0   0  32   0   0   0   0  68   0  0.76 0.01
   40 M    -1  -2  -3  -3  -1  -1  -3  -3  -2   1   3  -2   4   0  -3  -2  -1  -2  -1   1    0   0   0   0   0   0   0   0   0   0  52   0  48   0   0   0   0   0   0   0  0.37 0.01
   41 Q     2   0   0  -1  -2   5   1  -1   0  -2  -2   1  -1  -3  -1   0  -1  -2  -2  -1   32   0   0   0   0  68   0   0   0   0   0   0   0   0   0   0   0   0   0   0  0.43 0.01
   42 Q    -1   1   3   0  -3   5   1  -1   0  -3  -3   1  -1  -3  -2   0  -1  -3  -2  -3    0   0  32   0   0  68   0   0   0   0   0   0   0   0   0   0   0   0   0   0  0.54 0.01
   43 H    -2   3   0  -1  -3   1   0  -2   7  -3  -3   0  -2  -2  -2  -1  -2  -3   1  -3    0  32   0   0   0   0   0   0  68   0   0   0   0   0   0   0   0   0   0   0  0.66 0.01
   44 N    -2   3   5   1  -3   0   0  -1   0  -3  -3   1  -2  -3  -2   0   0  -3  -2  -3    0  32  68   0   0   0   0   0   0   0   0   0   0   0   0   0   0   0   0   0  0.56 0.01
   45 I    -1  -3  -3  -3  -1  -3  -3  -4  -3   4   2  -3   1   0  -3  -2  -1  -3  -1   2    0   0   0   0   0   0   0   0   0  88  12   0   0   0   0   0   0   0   0   0  0.40 0.01
   46 P     0  -2  -1  -1  -2  -1  -1  -2  -2  -3  -3  -1  -2  -3   7   2   0  -4  -3  -2    0   0   0   0   0   0   0   0   0   0   0   0   0   0  68  32   0   0   0   0  1.26 0.01
   47 Q    -1   1   0   0  -3   6   2  -2   0  -3  -2   1  -1  -3  -1   0  -1  -2  -2  -2    0   0   0   0   0 100   0   0   0   0   0   0   0   0   0   0   0   0   0   0  0.70 0.02
   48 R     2   5  -1  -2  -2   0   0  -1  -1  -2  -2   1  -1  -3  -2   0  -1  -3  -2  -2   32  68   0   0   0   0   0   0   0   0   0   0   0   0   0   0   0   0   0   0  0.45 0.01
   49 E    -1  -1  -1   1  -3   1   4  -3  -1   0  -1   0  -1  -2  -2  -1  -1  -3  -2   1    0   0   0   0   0   0  68   0   0   0   0   0   0   0   0   0   0   0   0  32  0.36 0.01
   50 V     0  -3  -3  -3  -1  -2  -3  -3  -3   3   1  -2   1  -1  -2  -2   0  -3  -1   4    0   0   0   0   0   0   0   0   0   0   0   0   0   0   0   0   0   0   0 100  0.37 0.01
   51 V     2  -2  -2  -3  -1  -2  -2  -2  -3   2   0  -2   0  -1  -2   0   0  -3  -1   3   32   0   0   0   0   0   0   0   0   0   0   0   0   0   0   0   0   0   0  68  0.23 0.01
   52 D    -1   0   1   5  -3   3   2  -2   0  -3  -3   0  -2  -4  -1   0  -1  -3  -2  -3    0   0   0  56   0  32  12   0   0   0   0   0   0   0   0   0   0   0   0   0  0.62 0.01
   53 V     0  -2  -2  -2  -1  -2  -2  -2  -3   2   0  -2   0  -1  -2   0   2  -3  -1   3    0   0   0   0   0   0   0   0   0   0   0   0   0   0   0  12  20   0   0  69  0.22 0.01
   54 T     0  -1   0  -1  -1  -1  -1  -2  -2   0  -1  -1   0  -2  -1   1   5  -3  -2   0    0   0   0   0   0   0   0   0   0  12   0   0   0   0   0   0  88   0   0   0  0.41 0.01
   55 G     0  -2   0  -1  -3  -2  -2   6  -2  -4  -4  -2  -3  -3  -2   0  -2  -3  -3  -3    0   0   0   0   0   0   0 100   0   0   0   0   0   0   0   0   0   0   0   0  1.07 0.01
   56 L    -1  -3  -3  -4  -1  -2  -3  -4  -3   3   3  -3   2   0  -3  -3  -1  -2  -1   2    0   0   0   0   0   0   0   0   0  32  68   0   0   0   0   0   0   0   0   0  0.40 0.01
   57 N     0  -1   5   1  -2   0   0   0   0  -3  -3   0  -2  -3  -2   2   0  -4  -2  -3    0   0  68   0   0   0   0   0   0   0   0   0   0   0   0  32   0   0   0   0  0.54 0.01
   58 Q    -1   1   0   0  -3   6   2  -2   0  -3  -2   1  -1  -3  -1   0  -1  -2  -2  -2    0   0   0   0   0 100   0   0   0   0   0   0   0   0   0   0   0   0   0   0  0.70 0.02
   59 S     1  -1   1   0  -1   0   0   0  -1  -2  -3   0  -2  -3  -1   4   1  -3  -2  -2    0   0   0   0   0   0   0   0   0   0   0   0   0   0   0 100   0   0   0   0  0.48 0.01
   60 H    -2   3   0  -1  -3   1   0  -2   7  -3  -3   0  -2  -2  -2  -1  -2  -3   1  -3    0  32   0   0   0   0   0   0  68   0   0   0   0   0   0   0   0   0   0   0  0.66 0.01
   61 L    -1  -3  -3  -4  -1  -2  -3  -4  -3   3   3  -3   2   0  -3  -3  -1  -2  -1   2    0   0   0   0   0   0   0   0   0  32  68   0   0   0   0   0   0   0   0   0  0.40 0.01
   62 S     1  -1   1   0  -1   0   0   0  -1  -2  -3   0  -2  -3  -1   4   1  -3  -2  -2    0   0   0   0   0   0   0   0   0   0   0   0   0   0   0 100   0   0   0   0  0.48 0.01
   63 Q    -1   1   0  -1  -3   5   1  -2   5  -3  -2   1  -1  -3  -2   0  -1  -2   0  -3    0   0   0   0   0  68   0   0  32   0   0   0   0   0   0   0   0   0   0   0  0.58 0.01
   64 H    -2  -1   0  -2  -2   0  -1  -3   7  -1   1  -1   0  -1  -3  -1  -2  -2   1  -1    0   0   0   0   0   0   0   0  68   0  32   0   0   0   0   0   0   0   0   0  0.48 0.01
   65 L    -2  -2  -4  -4  -1  -2  -3  -4  -3   2   4  -3   2   0  -3  -3  -1  -2  -1   1    0   0   0   0   0   0   0   0   0   0 100   0   0   0   0   0   0   0   0   0  0.48 0.01
   66 N    -1   0   5   1  -3   3   1  -1   1  -3  -3   0  -2  -3  -2   0   0  -3  -2  -3    0   0  68   0   0  32   0   0   0   0   0   0   0   0   0   0   0   0   0   0  0.57 0.01
   67 K    -1   2   0  -1  -3   3   1  -2   0  -3  -2   4  -1  -3  -1   0  -1  -3  -2  -2    0   0   0   0   0  32   0   0   0   0   0  68   0   0   0   0   0   0   0   0  0.50 0.01
   68 G     0  -2   0  -1  -3  -2  -2   6  -2  -4  -4  -2  -3  -3  -2   0  -2  -3  -3  -3    0   0   0   0   0   0   0 100   0   0   0   0   0   0   0   0   0   0   0   0  1.07 0.01
   69 T     0  -1   0  -1  -1  -1  -1  -1  -1  -1  -2  -1  -1  -2  -1   3   4  -3  -2  -1    0   0   0   0   0   0   0   0   0   0   0   0   0   0   0  32  68   0   0   0  0.41 0.01
   70 P    -1  -2  -1   3  -3  -1   0  -2  -2  -3  -3  -1  -3  -4   7  -1  -1  -4  -3  -3    0   0   0  32   0   0   0   0   0   0   0   0   0   0  68   0   0   0   0   0  1.34 0.01
   71 M    -1  -2  -3  -3  -1  -1  -2  -3  -2   1   3  -2   5   0  -3  -2  -1  -2  -1   1    0   0   0   0   0   0   0   0   0   0  32   0  68   0   0   0   0   0   0   0  0.37 0.01
   72 K     0   1   0  -1  -2   1   0  -1  -1  -3  -3   4  -1  -3  -1   2   0  -3  -2  -2    0   0   0   0   0   0   0   0   0   0   0  68   0   0   0  32   0   0   0   0  0.39 0.01
   73 T     0  -1   2   0  -2   0   3  -2  -1  -2  -2   0  -1  -3  -1   1   3  -3  -2  -1    0   0  12   0   0   0  32   0   0   0   0   0   0   0   0   0  56   0   0   0  0.35 0.01
   74 Q     0   1   0  -1  -3   5   2  -2   0  -3  -2   1  -1  -3  -1   0  -1  -2  -2  -2   10   0   0   0   0  90   0   0   0   0   0   0   0   0   0   0   0   0   0   0  0.59 0.01
   75 K    -1   2   0  -1  -3   1   1  -2  -1  -3  -3   5  -1  -3  -1   0  -1  -3  -2  -2    0   0   0   0   0   0   0   0   0   0   0 100   0   0   0   0   0   0   0   0  0.55 0.01
   76 R    -1   5   0  -1  -3   1   0  -2   0  -3  -2   3  -1  -3  -2  -1  -1  -3  -2  -3    0  68   0   0   0   0   0   0   0   0   0  32   0   0   0   0   0   0   0   0  0.63 0.01
   77 A     3   3  -1  -2  -1   0  -1   0  -1  -2  -2   0  -1  -3  -1   1   0  -3  -2  -1   68  32   0   0   0   0   0   0   0   0   0   0   0   0   0   0   0   0   0   0  0.32 0.01
   78 A     4  -2  -2  -2   0  -1  -1   0  -2  -1  -2  -1  -1  -2  -1   1   0  -3  -2   0  100   0   0   0   0   0   0   0   0   0   0   0   0   0   0   0   0   0   0   0  0.43 0.01
   79 L    -2  -2  -3  -4  -2  -3  -3  -4  -2   1   3  -3   2   4  -3  -3  -2  -1   1   0    0   0   0   0   0   0   0   0   0   0  68   0   0  32   0   0   0   0   0   0  0.41 0.01
   80 Y    -2  -2  -2  -3  -3  -2  -2  -3   2  -1  -1  -2  -1   3  -3  -2  -2   2   7  -1    0   0   0   0   0   0   0   0   0   0   0   0   0   0   0   0   0   0 100   0  0.92 0.02
   81 T     1   3   0  -1  -1   0  -1  -1  -1  -2  -2   1  -1  -2  -1   1   3  -3  -2  -1   10  32   0   0   0   0   0   0   0   0   0   0   0   0   0  12  46   0   0   0  0.31 0.01
   82 W    -3  -3  -4  -4  -3  -2  -3  -3  -3  -3  -2  -3  -2   1  -4  -3  -3  11   2  -3    0   0   0   0   0   0   0   0   0   0   0   0   0   0   0   0   0 100   0   0  2.41 0.02
   83 Y    -2  -2  -2  -3  -3  -2  -2  -3   2  -1  -1  -2  -1   3  -3  -2  -2   2   7  -1    0   0   0   0   0   0   0   0   0   0   0   0   0   0   0   0   0   0 100   0  0.92 0.02
   84 V    -1  -3  -3  -3  -1  -2  -3  -3  -3   3   1  -3   1  -1  -3  -2   0  -3  -1   4    0   0   0   0   0   0   0   0   0  32   0   0   0   0   0   0   0   0   0  68  0.36 0.01
   85 R    -1   4  -1  -1  -3   1   0   0  -1  -3  -3   1  -2  -3   5  -1  -1  -3  -2  -3    0  48   0   0   0  10   0  10   0   0   0   0   0   0  32   0   0   0   0   0  0.65 0.01
   86 K    -1   1  -1  -1  -2   0   0  -2  -1   1  -1   4   0  -2  -2  -1  -1  -3  -2   0    0   0   0   0   0   0   0   0   0  32   0  68   0   0   0   0   0   0   0   0  0.23 0.01
   87 Q    -1   1   0   0  -3   5   3  -2   0  -3  -2   1  -1  -3  -1   0  -1  -2  -2  -2    0   0   0   0   0  68  32   0   0   0   0   0   0   0   0   0   0   0   0   0  0.62 0.01
   88 R    -1   4   0   3  -3   0   0   1  -1  -3  -3   1  -2  -3  -2  -1  -1  -3  -2  -3    0  56   0  32   0   0   0  12   0   0   0   0   0   0   0   0   0   0   0   0  0.47 0.01
   89 E    -1  -1  -1   1  -3   1   4  -2  -1  -3  -3   0  -2  -3   5   0  -1  -3  -2  -3    0   0   0   0   0   0  68   0   0   0   0   0   0   0  32   0   0   0   0   0  0.81 0.01
   90 I    -1  -2  -2  -1  -2   0   2  -3  -2   3   1  -1   0  -1  -2  -1  -1  -3  -2   2    0   0   0   0   0   0  32   0   0  58   0   0   0   0   0   0   0   0   0  10  0.20 0.01
   91 L     1  -2  -2   0  -2  -1  -1  -2  -2  -1   1  -2   0   0  -2   0  -1   8   0  -1   20   0   0  10   0   0   0   0   0   0  27   0   0   0   0  12   0  32   0   0  0.49 0.01
   92 R    -1   5   0  -1  -3   3   0  -2   0  -3  -2   2  -1  -3  -2  -1  -1  -3  -2  -3    0  79   0   0   0  21   0   0   0   0   0   0   0   0   0   0   0   0   0   0  0.66 0.01
   93 Q    -1   1   0   0  -3   6   2  -2   0  -3  -2   1  -1  -3  -1   0  -1  -2  -2  -2    0   0   0   0   0 100   0   0   0   0   0   0   0   0   0   0   0   0   0   0  0.70 0.02
   94 F    -2  -3  -3  -4  -3  -3  -3  -3  -1   0   0  -3   0   6  -4  -3  -2   1   3  -1    0   0   0   0   0   0   0   0   0   0   0   0   0 100   0   0   0   0   0   0  0.79 0.01
   95 N    -1   3   3   1  -2   0   0  -1   0  -2  -2   1  -2  -3  -2   0   2  -3  -2  -2    0  32  27  10   0   0   0   0   0   0   0   0   0   0   0   0  31   0   0   0  0.33 0.01
   96 Q    -1   2  -1  -1  -2   3   0  -2   2  -1   1   2   0  -1  -2  -1  -1  -2  -1  -1    0  10   0   0   0  27   0   0  10   0  32  22   0   0   0   0   0   0   0   0  0.19 0.00
   97 M     0   3  -1  -2  -2   0  -1   1  -1   0   1   0   3  -1  -2  -1  -1  -2  -2   0   10  32   0   0   0   0   0  12   0   0   9   0  37   0   0   0   0   0   0   0  0.16 0.01
   98 R    -2   6  -1  -2  -4   1   0  -2   0  -3  -2   2  -1  -3  -2  -1  -1  -3  -2  -3    0 100   0   0   0   0   0   0   0   0   0   0   0   0   0   0   0   0   0   0  0.79 0.01
   99 R    -1   5   0  -2  -3   0  -1   3  -1  -3  -3   1  -2  -3  -2  -1  -1  -3  -2  -3    0  68   0   0   0   0   0  32   0   0   0   0   0   0   0   0   0   0   0   0  0.55 0.01
  100 N     0  -1   5   1  -2   0   0   0   0  -3  -3   0  -2  -3  -2   2   0  -4  -2  -3    0   0  68   0   0   0   0   0   0   0   0   0   0   0   0  32   0   0   0   0  0.54 0.01
  101 R    -2   6  -1  -2  -4   1   0  -2   0  -3  -2   2  -1  -3  -2  -1  -1  -3  -2  -3    0 100   0   0   0   0   0   0   0   0   0   0   0   0   0   0   0   0   0   0  0.79 0.01
  102 F    -2  -3  -3  -4  -3  -3  -3  -3  -1   0   0  -3   0   6  -4  -3  -2   1   3  -1    0   0   0   0   0   0   0   0   0   0   0   0   0 100   0   0   0   0   0   0  0.79 0.01
  103 K    -1   1   0  -1  -2   1   0  -2  -1  -2  -2   4  -1  -3  -1   0   2  -3  -2  -1    0   0   0   0   0   0   0   0   0   0   0  68   0   0   0   0  32   0   0   0  0.36 0.01
  104 W    -3  -3  -4  -4  -3  -2  -3  -3  -3  -3  -2  -3  -2   1  -4  -3  -3  11   2  -3    0   0   0   0   0   0   0   0   0   0   0   0   0   0   0   0   0 100   0   0  2.41 0.02
  105 G     0   3   0  -1  -3  -1  -1   5  -1  -4  -3   0  -2  -3  -2   0  -2  -3  -3  -3    0  32   0   0   0   0   0  68   0   0   0   0   0   0   0   0   0   0   0   0  0.66 0.01
  106 P    -1   0  -1  -1  -3   0   0  -2  -2  -3  -3   2  -2  -4   7  -1  -1  -4  -3  -2    0   0   0   0   0   0   0   0   0   0   0  32   0   0  68   0   0   0   0   0  1.26 0.01
  107 A     3  -1  -1   0  -1   0   3   0  -1  -2  -2   0  -1  -3  -1   1   0  -3  -2  -1   68   0   0   0   0   0  32   0   0   0   0   0   0   0   0   0   0   0   0   0  0.33 0.01
  108 S     1  -1   0  -1   6  -1  -1  -1  -2  -2  -2  -1  -2  -3  -1   3   1  -3  -2  -1    0   0   0   0  32   0   0   0   0   0   0   0   0   0   0  68   0   0   0   0  0.46 0.01
  109 Q    -1   0  -1  -1  -2   5   1  -2   0  -1   1   0   1  -2  -2  -1  -1  -2  -1  -1    0   0   0   0   0  68   0   0   0   0  32   0   0   0   0   0   0   0   0   0  0.34 0.01
  110 Q     2   0  -1   0  -2   4   2  -1   0  -2  -2   1  -1  -3  -1   0  -1  -2  -2  -1   32   0   0   0   0  58  10   0   0   0   0   0   0   0   0   0   0   0   0   0  0.40 0.01
  111 I    -1  -3  -3  -3  -1  -3  -3  -4  -3   4   1  -3   1   0  -3  -2  -1  -3  -1   3    0   0   0   0   0   0   0   0   0  68   0   0   0   0   0   0   0   0   0  32  0.37 0.01
  112 L    -1  -2  -3  -4  -1  -2  -3  -3  -2   1   4  -2   4   0  -3  -2  -1  -2  -1   1    0   0   0   0   0   0   0   0   0   0  68   0  32   0   0   0   0   0   0   0  0.39 0.01
  113 Y    -2  -1  -2  -1  -3   0   2  -3   0  -1  -1  -1  -1   4  -2  -1  -2   1   5  -2    0   0   0   0   0   0  32   0   0   0   0   0   0  31   0   0   0   0  36   0  0.42 0.01
  114 Q     0   0   0   0  -2   4   1  -1   3  -3  -2   1  -1  -3  -1   2   0  -2  -1  -2    0   0   0   0   0  56   0   0  12   0   0   0   0   0   0  32   0   0   0   0  0.42 0.01
  115 A     3  -2  -2  -2  -1  -1  -1  -1   0  -1  -1  -1  -1   1  -1   0  -1   0   4  -1   68   0   0   0   0   0   0   0   0   0   0   0   0   0   0   0   0   0  32   0  0.32 0.01
  116 Y    -2  -2  -2  -3  -3  -2  -2  -3   1  -1  -1  -2  -1   5  -3  -2  -2   2   6  -1    0   0   0   0   0   0   0   0   0   0   0   0   0  32   0   0   0   0  68   0  0.76 0.01
  117 D    -1   0   3   3  -3   1   4  -1   0  -3  -3   0  -2  -3  -2   0  -1  -3  -2  -3    0   0  32  18   0   0  50   0   0   0   0   0   0   0   0   0   0   0   0   0  0.55 0.01
  118 R    -1   5   0   0  -4   1   3  -2   0  -3  -2   2  -2  -3  -2  -1  -1  -3  -2  -3    0  68   0   0   0   0  32   0   0   0   0   0   0   0   0   0   0   0   0   0  0.59 0.01
  119 Q    -1   1   3   0  -3   5   1  -1   0  -3  -3   1  -1  -3  -2   0  -1  -3  -2  -3    0   0  32   0   0  68   0   0   0   0   0   0   0   0   0   0   0   0   0   0  0.54 0.01
  120 K    -1   3   0  -1  -3   3   1  -2   0  -3  -2   4  -1  -3  -1   0  -1  -3  -2  -2    0  12   0   0   0  32   0   0   0   0   0  56   0   0   0   0   0   0   0   0  0.49 0.01
  121 N    -2  -1   5   0  -3   0  -1  -1   1  -3  -3  -1  -2   0  -2   0  -1   0   4  -2    0   0  68   0   0   0   0   0   0   0   0   0   0   0   0   0   0   0  32   0  0.50 0.01
  122 P    -1  -2  -2  -2  -3  -1  -1  -2  -2  -3  -3  -1  -3  -4   8  -1  -1  -4  -3  -3    0   0   0   0   0   0   0   0   0   0   0   0   0   0 100   0   0   0   0   0  2.07 0.02
  123 S     0  -1   1   3  -2   0   0  -1  -1  -3  -3   0  -2  -3  -1   3   1  -3  -2  -2    0   0   0  32   0   0   0   0   0   0   0   0   0   0   0  68   0   0   0   0  0.44 0.01
  124 K    -1   2   0   0  -3   1   3  -2  -1  -3  -3   4  -2  -3  -1   0  -1  -3  -2  -2    0   0   0   0   0   0  32   0   0   0   0  68   0   0   0   0   0   0   0   0  0.49 0.01
  125 E     2  -1  -1   1  -2   1   4  -1  -1  -3  -2   0  -2  -3  -1   0  -1  -3  -2  -2   32   0   0   0   0   0  68   0   0   0   0   0   0   0   0   0   0   0   0   0  0.46 0.01
  126 E    -1   1   0   1  -4   2   4  -2   0  -3  -3   3  -2  -3  -1   0  -1  -3  -2  -3    0   0   0   0   0   0  68   0   0   0   0  32   0   0   0   0   0   0   0   0  0.57 0.01
  127 R    -2   6  -1  -2  -4   1   0  -2   0  -3  -2   2  -1  -3  -2  -1  -1  -3  -2  -3    0 100   0   0   0   0   0   0   0   0   0   0   0   0   0   0   0   0   0   0  0.79 0.01
  128 E    -1   0   0   1  -4   2   5  -2   0  -3  -3   1  -2  -3  -1   0  -1  -3  -2  -3    0   0   0   0   0   0 100   0   0   0   0   0   0   0   0   0   0   0   0   0  0.76 0.01
  129 A     3  -1  -1   0  -1   0   2   1  -1  -2  -2   0  -1  -3  -1   1   0  -3  -2  -1   56   0   0   0   0   0  32  12   0   0   0   0   0   0   0   0   0   0   0   0  0.31 0.01
  130 L    -1  -3  -3  -4  -1  -2  -3  -4  -3   3   3  -3   2   0  -3  -3  -1  -2  -1   2    0   0   0   0   0   0   0   0   0  32  68   0   0   0   0   0   0   0   0   0  0.40 0.01
  131 V     2  -2  -2  -3  -1  -2  -2  -2  -3   2   0  -2   0  -1  -2   0   0  -3  -1   3   32   0   0   0   0   0   0   0   0   0   0   0   0   0   0   0   0   0   0  68  0.23 0.01
  132 E    -1   0   3   1  -3   1   4  -2   0  -3  -3   0  -2  -3  -1   0  -1  -3  -2  -3    0   0  32   0   0   0  68   0   0   0   0   0   0   0   0   0   0   0   0   0  0.58 0.01
  133 E     2  -1  -1   1  -2   1   4  -1  -1  -3  -2   0  -2  -3  -1   0  -1  -3  -2  -2   32   0   0   0   0   0  68   0   0   0   0   0   0   0   0   0   0   0   0   0  0.46 0.01
  134 C    -1  -4  -3  -4   9  -3  -4  -3  -3  -1  -1  -3  -2  -3  -3  -1  -1  -2  -3  -1    0   0   0   0 100   0   0   0   0   0   0   0   0   0   0   0   0   0   0   0  1.29 0.02
  135 N    -2  -1   6   1  -3   0   0  -1   1  -3  -4   0  -2  -3  -2   1   0  -4  -2  -3    0   0 100   0   0   0   0   0   0   0   0   0   0   0   0   0   0   0   0   0  0.77 0.01
  136 R    -1   5   0  -1  -2   1   0  -1   0  -2  -1   2  -1  -2  -1   0  -1  -2  -1  -2    3  69   1   2   1   1   2   2   1   2   3   2   1   1   2   2   2   0   1   2  0.40 0.00
  137 A     3  -1  -1  -1   0   0  -1   0  -1  -1  -1   0  -1  -1   0   1   0  -2  -1   0   70   2   1   2   1   1   2   2   1   2   3   2   1   1   2   2   2   0   1   2  0.22 0.00
  138 E     2  -1  -1   1  -2   1   4  -1  -1  -3  -2   0  -2  -3  -1   0  -1  -3  -2  -2   32   0   0   0   0   0  68   0   0   0   0   0   0   0   0   0   0   0   0   0  0.46 0.01
  139 C     0  -3  -3  -4   8  -3  -3  -3  -3   1  -1  -3  -1  -2  -3  -1  -1  -3  -2   2    0   0   0   0  68   0   0   0   0   0   0   0   0   0   0   0   0   0   0  32  0.76 0.01
  140 L    -1  -3  -3  -3  -1  -3  -3  -4  -3   3   3  -3   2   0  -3  -2  -1  -2  -1   2    0   0   0   0   0   0   0   0   0  42  48   0   0   0   0   0   0   0   0  10  0.36 0.00
  141 Q    -1   1   0   0  -3   6   2  -2   0  -3  -2   1  -1  -3  -1   0  -1  -2  -2  -2    0   0   0   0   0 100   0   0   0   0   0   0   0   0   0   0   0   0   0   0  0.70 0.02
  142 R    -1   5   0  -1  -3   1   0  -2   0  -3  -2   3  -1  -3  -2  -1  -1  -3  -2  -3    0  68   0   0   0   0   0   0   0   0   0  32   0   0   0   0   0   0   0   0  0.63 0.01
  143 G     0  -1   0  -1  -2  -1  -1   5  -1  -2  -2  -1  -2  -2  -1   0  -1  -1  -2  -2    3   2   1   2   1   1   2  70   1   2   3   2   1   1   2   2   2   0   1   2  0.55 0.00
  144 V     0  -1  -2  -2  -1  -1  -1  -2  -2   2   0  -1   0  -1  -1  -1   0  -2  -1   3    3   2   1   2   1   1   2   2   1   2   3   2   1   1   2   2   2   0   1  70  0.15 0.00
  145 S     1  -1   0   0  -1   0   0   0  -1  -2  -2   0  -1  -2   0   3   1  -2  -1  -1    3   2   1   2   1   1   2   2   1   2   3   2   1   1   2  70   2   0   1   2  0.26 0.00
  146 P    -1  -2  -2  -2  -3  -1  -1  -2  -2  -3  -3  -1  -3  -4   8  -1  -1  -4  -3  -3    0   0   0   0   0   0   0   0   0   0   0   0   0   0 100   0   0   0   0   0  2.07 0.02
  147 S     1  -1   0  -1  -1  -1  -1   3  -1  -3  -3  -1  -2  -3  -1   3   1  -3  -2  -2    0   0   0   0   0   0   0  32   0   0   0   0   0   0   0  68   0   0   0   0  0.45 0.01
  148 K    -1   2   0  -1  -3   3   1  -2   0  -3  -2   4  -1  -3  -1   0  -1  -3  -2  -2    0   0   0   0   0  31   0   0   0   0   0  69   0   0   0   0   0   0   0   0  0.50 0.01
  149 A     3   0  -1  -2  -1   0   0  -1  -1  -1   0   2  -1  -2  -1   0   0  -3  -2  -1   56   0   0   0   0   0   0   0   0   0  12  32   0   0   0   0   0   0   0   0  0.21 0.01
  150 H     0  -1  -1  -2  -2   2   0  -2   5  -1   1  -1   0  -1  -2  -1  -1  -2   0  -1   12   0   0   0   0  20   0   0  36   0  32   0   0   0   0   0   0   0   0   0  0.23 0.01
  151 G     0  -1   0  -1  -2  -1  -1   5  -1  -2  -2  -1  -2  -2  -1   0  -1  -1  -2  -2    3   2   1   2   1   1   2  70   1   2   3   2   1   1   2   2   2   0   1   2  0.55 0.00
  152 L    -1  -1  -2  -2  -1  -1  -2  -2  -2   1   3  -1   1   0  -1  -1  -1  -1  -1   1    3   2   1   2   1   1   2   2   1   2  71   2   1   1   2   2   2   0   1   2  0.19 0.00
  153 G     0  -1   0  -1  -2  -1  -1   5  -1  -2  -2  -1  -2  -2  -1   0  -1  -1  -2  -2    3   2   1   2   1   1   2  70   1   2   3   2   1   1   2   2   2   0   1   2  0.55 0.00
  154 S     1  -1   1   0  -1   0   0   0  -1  -2  -3   0  -2  -3  -1   4   1  -3  -2  -2    0   0   0   0   0   0   0   0   0   0   0   0   0   0   0 100   0   0   0   0  0.48 0.01
  155 N    -2  -1   5   4  -3   0   0  -1   0  -3  -4   0  -3  -3  -2   0   0  -4  -3  -3    0   0  68  32   0   0   0   0   0   0   0   0   0   0   0   0   0   0   0   0  0.67 0.01
  156 L    -2  -2  -4  -4  -1  -2  -3  -4  -3   2   4  -3   2   0  -3  -3  -1  -2  -1   1    0   0   0   0   0   0   0   0   0   0 100   0   0   0   0   0   0   0   0   0  0.48 0.01
  157 V     0  -3  -3  -3  -1  -2  -3  -3  -3   3   1  -2   1  -1  -2  -2   0  -3  -1   4    0   0   0   0   0   0   0   0   0   0   0   0   0   0   0   0   0   0   0 100  0.37 0.01
  158 T     0  -1   0  -1  -1  -1  -1  -2  -2  -1  -1  -1  -1  -2  -1   1   5  -3  -2   0    0   0   0   0   0   0   0   0   0   0   0   0   0   0   0   0 100   0   0   0  0.50 0.01
  159 E     0   0   0   1  -3   1   4  -1   0  -3  -3   0  -2  -3  -1   2   0  -3  -2  -2    0   0   0   0   0   0  68   0   0   0   0   0   0   0   0  32   0   0   0   0  0.51 0.01
  160 V    -1  -3  -3  -3  -1  -2  -3  -3  -3   2   2  -2   1   0  -3  -2   0  -3  -1   3    0   0   0   0   0   0   0   0   0   0  32   0   0   0   0   0   0   0   0  68  0.32 0.01
  161 R    -1   5   0  -1  -3   1   0  -2   0  -3  -2   3  -1  -3  -2  -1  -1  -3  -2  -3    0  68   0   0   0   0   0   0   0   0   0  32   0   0   0   0   0   0   0   0  0.63 0.01
  162 V     0  -3  -3  -3  -1  -2  -3  -3  -3   3   1  -2   1  -1  -2  -2   0  -3  -1   4    0   0   0   0   0   0   0   0   0   0   0   0   0   0   0   0   0   0   0 100  0.37 0.01
  163 Y    -2  -2  -2  -3  -3  -2  -2  -3   2  -1  -1  -2  -1   3  -3  -2  -2   2   7  -1    0   0   0   0   0   0   0   0   0   0   0   0   0   0   0   0   0   0 100   0  0.92 0.02
  164 N    -2  -1   6   1  -3   0   0  -1   1  -3  -4   0  -2  -3  -2   1   0  -4  -2  -3    0   0 100   0   0   0   0   0   0   0   0   0   0   0   0   0   0   0   0   0  0.77 0.01
  165 W    -3  -3  -4  -4  -3  -2  -3  -3  -3  -3  -2  -3  -2   1  -4  -3  -3  11   2  -3    0   0   0   0   0   0   0   0   0   0   0   0   0   0   0   0   0 100   0   0  2.41 0.02
  166 F    -2  -3  -3  -4  -3  -3  -3  -3  -1   0   0  -3   0   6  -4  -3  -2   1   3  -1    0   0   0   0   0   0   0   0   0   0   0   0   0 100   0   0   0   0   0   0  0.79 0.01
  167 A     4  -2  -2  -2   0  -1  -1   0  -2  -1  -2  -1  -1  -2  -1   1   0  -3  -2   0  100   0   0   0   0   0   0   0   0   0   0   0   0   0   0   0   0   0   0   0  0.43 0.01
  168 N    -2  -1   6   1  -3   0   0  -1   1  -3  -4   0  -2  -3  -2   1   0  -4  -2  -3    0   0 100   0   0   0   0   0   0   0   0   0   0   0   0   0   0   0   0   0  0.77 0.01
  169 R    -1   6   0  -2  -3   1   0  -2   0  -3  -2   2  -1  -3  -2   0  -1  -3  -2  -3    0  90   0   0   0   0   0   0   0   0   0   0   0   0   0  10   0   0   0   0  0.67 0.01
  170 R    -1   5  -1  -2  -3   1   0   0   0  -3  -2   2  -2  -3  -2  -1  -1  -3  -2  -3    0  90   0   0   0   0   0  10   0   0   0   0   0   0   0   0   0   0   0   0  0.66 0.01
  171 K    -1   2   0  -1  -3   1   1  -2  -1  -3  -3   5  -1  -3  -1   0  -1  -3  -2  -2    0   0   0   0   0   0   0   0   0   0   0 100   0   0   0   0   0   0   0   0  0.55 0.01
  172 E    -1   0   0   1  -4   2   5  -2   0  -3  -3   1  -2  -3  -1   0  -1  -3  -2  -3    0   0   0   0   0   0 100   0   0   0   0   0   0   0   0   0   0   0   0   0  0.76 0.01
  173 E    -1   0   0   2  -4   2   5  -2   0  -3  -3   1  -2  -3  -1   0  -1  -3  -2  -3    0   0   0   0   0   0 100   0   0   0   0   0   0   0   0   0   0   0   0   0  0.74 0.00
  174 A     4  -1  -2  -2   0  -1  -1   0  -2  -1  -2  -1  -1  -2  -1   1   0  -3  -2   0  100   0   0   0   0   0   0   0   0   0   0   0   0   0   0   0   0   0   0   0  0.40 0.00
  175 F    -2  -3  -3  -4  -2  -3  -3  -3  -1   0   0  -3   0   6  -4  -2  -2   1   3  -1    0   0   0   0   0   0   0   0   0   0   0   0   0 100   0   0   0   0   0   0  0.74 0.00
  176 R    -1   6   0  -2  -4   1   0  -2   0  -3  -2   2  -1  -3  -2  -1  -1  -3  -2  -3    0 100   0   0   0   0   0   0   0   0   0   0   0   0   0   0   0   0   0   0  0.75 0.00

                      K         Lambda
Standard Ungapped    0.1283     0.3164
Standard Gapped      0.0410     0.2670
PSI Ungapped         0.1283     0.3164
PSI Gapped           0.0410     0.2670
