
Last position-specific scoring matrix computed, weighted observed percentages rounded down, information per position, and relative weight of gapless real matches to pseudocounts
           A  R  N  D  C  Q  E  G  H  I  L  K  M  F  P  S  T  W  Y  V   A   R   N   D   C   Q   E   G   H   I   L   K   M   F   P   S   T   W   Y   V
    1 E   -1  0  0  4 -4  3  4 -2  0 -3 -3  1 -2 -4 -1  0 -1 -3 -2 -3    0   0   0  31   0  27  42   0   0   0   0   0   0   0   0   0   0   0   0   0  0.59 0.01
    2 K   -1  2  5  0 -3  1  0 -1  0 -3 -3  3 -2 -3 -2  0  0 -4 -2 -3    0  16  53   0   0   0   0   0   0   0   0  32   0   0   0   0   0   0   0   0  0.47 0.01
    3 Y   -2 -2 -3 -4 -3 -2 -3 -3  1 -1 -1 -2 -1  4 -3 -2 -2  2  7 -1    0   0   0   0   0   0   0   0   0   0   0   0   0  22   0   0   0   0  78   0  0.87 0.04
    4 N   -2 -1  6  1 -3  0  0 -1  0 -4 -4  0 -2 -3 -2  0  0 -4 -2 -3    0   0 100   0   0   0   0   0   0   0   0   0   0   0   0   0   0   0   0   0  0.85 0.04
    5 P    0 -2 -1 -2 -2 -1 -1 -2 -2 -2 -2 -1 -1  2  5  1  2 -2  0 -1    0   0   0   0   0   0   0   0   0   0   0   0   0  22  37  22  20   0   0   0  0.57 0.02
    6 G    0 -2  3  0 -2 -1 -1  5 -1 -4 -4 -1 -3 -3 -2  1  0 -3 -3 -3    0   0  22   0   0   0   0  58   0   0   0   0   0   0   0  20   0   0   0   0  0.61 0.02
    7 P    2 -2 -2 -2 -1 -1 -2 -1 -2  1 -1 -1 -1 -2  5  0 -1 -3 -2  0   42   0   0   0   0   0   0   0   0  22   0   0   0   0  37   0   0   0   0   0  0.56 0.02
    8 Q   -1  0 -1 -1 -3  4  1 -3  0 -1 -1  0  0  0 -2 -1 -1 -1  3  1    0   0   0   0   0  58   0   0   0   0   0   0   0   0   0   0   0   0  22  20  0.33 0.03
    9 D   -2 -1  1  6 -4  0  3 -2 -1 -3 -4  0 -3 -4 -2  0 -1 -4 -3 -3    0   0   0  80   0   0  20   0   0   0   0   0   0   0   0   0   0   0   0   0  0.86 0.03
   10 F   -2 -3 -3 -4 -2 -3 -3 -3 -2  1  0 -3  0  6 -4 -2 -2  0  2  1    0   0   0   0   0   0   0   0   0   0   0   0   0  78   0   0   0   0   0  22  0.61 0.03
   11 L   -1 -2 -4 -4 -1 -2 -3 -4 -3  2  4 -3  2  0 -3 -2 -1 -2 -1  2    0   0   0   0   0   0   0   0   0   0  76   0   0   0   0   0   0   0   0  24  0.41 0.02
   12 L   -2  4 -2 -3 -2 -1 -2 -3 -2  0  3  0  1 -1 -3 -2 -1 -2 -1  0    0  42   0   0   0   0   0   0   0   0  58   0   0   0   0   0   0   0   0   0  0.31 0.02
   13 K   -1  4  0 -1 -3  1  0 -2 -1 -2 -2  3 -1 -3 -2  0  2 -3 -2 -2    0  42   0   0   0   0   0   0   0   0   0  37   0   0   0   0  22   0   0   0  0.44 0.02
   14 M   -1 -2 -3 -4 -2 -1 -3 -3 -2  1  3 -2  5  0 -3 -2 -1 -2 -1  1    0   0   0   0   0   0   0   0   0   0  42   0  58   0   0   0   0   0   0   0  0.42 0.03
   15 P   -1 -2 -2 -2 -3 -2 -1 -2 -3 -3 -3 -1 -3 -4  8 -1 -1 -4 -3 -3    0   0   0   0   0   0   0   0   0   0   0   0   0   0 100   0   0   0   0   0  2.13 0.04
   16 G    0 -3 -1 -2 -3 -2 -2  6 -2 -4 -4 -2 -3 -3 -2  0 -2 -3 -3 -3    0   0   0   0   0   0   0 100   0   0   0   0   0   0   0   0   0   0   0   0  1.12 0.03
   17 V    0 -3 -3 -3 -1 -3 -3 -4 -3  3  1 -3  1 -1 -3 -2  0 -3 -1  4    0   0   0   0   0   0   0   0   0  12   0   0   0   0   0   0   0   0   0  88  0.41 0.03
   18 N   -1 -1  5  1 -3  0  0 -1  4 -3 -3  0 -2 -3 -2  2  0 -3 -1 -3    0   0  58   0   0   0   0   0  22   0   0   0   0   0   0  20   0   0   0   0  0.53 0.03
   19 A    2 -2  0  4 -2 -1  0 -1 -2 -2 -2 -1 -2 -3 -1  1  2 -3 -2 -1   37   0   0  42   0   0   0   0   0   0   0   0   0   0   0   0  22   0   0   0  0.36 0.02
   20 K    1  3 -1 -1 -3  1  0 -1 -1 -3 -2  4 -1 -3 -1  0 -1 -3 -2 -2   20  22   0   0   0   0   0   0   0   0   0  58   0   0   0   0   0   0   0   0  0.40 0.02
   21 N   -2 -1  6  1 -3  0  0 -1  0 -4 -4  0 -2 -3 -2  0  0 -4 -2 -3    0   0 100   0   0   0   0   0   0   0   0   0   0   0   0   0   0   0   0   0  0.85 0.04
   22 C   -1 -3 -3 -4  6 -3 -3 -3 -2  3  0 -3  0  0 -3 -2 -1 -1  3  1    0   0   0   0  37   0   0   0   0  43   0   0   0   0   0   0   0   0  20   0  0.44 0.02
   23 R   -2  4  3 -1 -3  1  0 -2  5 -3 -3  1 -2 -2 -2 -1 -1 -3  0 -3    0  45  22   0   0   0   0   0  34   0   0   0   0   0   0   0   0   0   0   0  0.53 0.02
   24 S    0 -1  0 -1 -1 -1 -1  2 -2 -1  0 -1 -1 -2 -2  3  0 -3 -2 -1    0   0   0   0   0   0   0  22   0   0  22   0   0   0   0  57   0   0   0   0  0.25 0.02
   25 L   -2 -3 -4 -4 -1 -3 -3 -4 -3  3  3 -3  2  0 -3 -3 -1 -2 -1  2    0   0   0   0   0   0   0   0   0  42  58   0   0   0   0   0   0   0   0   0  0.41 0.02
   26 M   -1 -2 -3 -4 -2 -1 -2 -3 -2  1  3 -2  6  0 -3 -2 -1 -2 -1  1    0   0   0   0   0   0   0   0   0   0  22   0  78   0   0   0   0   0   0   0  0.45 0.04
   27 H   -2  2  3  3 -3  1  2 -2  3 -3 -3  1 -2 -3 -2  0 -1 -3 -1 -3    0  22  24  22   0   0  20   0  12   0   0   0   0   0   0   0   0   0   0   0  0.42 0.01
   28 H   -1  1  3  0 -3  2  0 -2  4 -3 -3  3 -2 -3 -2  0 -1 -3 -1 -3    0   0  22   0   0  12   0   0  24   0   0  42   0   0   0   0   0   0   0   0  0.41 0.02
   29 V    0 -3 -2 -3  5 -2 -3  2 -3  1  0 -2  0 -2 -3 -1 -1 -3 -2  3    0   0   0   0  20   0   0  22   0   0   0   0   0   0   0   0   0   0   0  58  0.29 0.02
   30 K   -1  1  0  2 -3  0  0  2 -1 -3 -3  4 -2 -3 -2  0 -1 -3 -3 -3    0   0   0  22   0   0   0  22   0   0   0  57   0   0   0   0   0   0   0   0  0.40 0.02
   31 N    0 -1  4  3 -2  0  0 -1  0 -3 -3  0 -2 -3 -2  3  0 -4 -2 -3    0   0  37  22   0   0   0   0   0   0   0   0   0   0   0  42   0   0   0   0  0.46 0.02
   32 I   -2 -3 -4 -4 -1 -3 -3 -4 -3  3  4 -3  2  0 -3 -3 -1 -2 -1  2    0   0   0   0   0   0   0   0   0  37  63   0   0   0   0   0   0   0   0   0  0.41 0.02
   33 A    3  2 -2 -2 -1 -1 -1 -1  0 -2 -2  0 -1  0 -2  0 -1 -1  3 -1   57  22   0   0   0   0   0   0   0   0   0   0   0   0   0   0   0   0  22   0  0.26 0.02
   34 E   -1  0  0  1 -4  3  4 -2  4 -3 -3  1 -2 -3 -2  0 -1 -3 -1 -3    0   0   0   0   0  22  57   0  22   0   0   0   0   0   0   0   0   0   0   0  0.58 0.02
   35 L   -2 -2 -4 -4 -1 -2 -3 -4 -3  1  4 -3  2  0 -3 -3 -1 -2 -1  1    0   0   0   0   0   0   0   0   0   0 100   0   0   0   0   0   0   0   0   0  0.52 0.03
   36 A    3 -2 -1 -2 -1 -1 -1 -1 -2 -1  1 -1  0 -2 -1  2  0 -3 -2  0   57   0   0   0   0   0   0   0   0   0  22   0   0   0   0  22   0   0   0   0  0.23 0.02
   37 A    1  0 -1 -1 -1  0 -1 -1 -1 -1  1  2  0 -2 -1  2  1 -3 -2 -1   12   0   0   0   0   0   0   0   0   0  22  22   0   0   0  32  12   0   0   0  0.15 0.01
   38 L   -2  2 -3 -3 -2 -1 -2 -4 -2  1  4 -1  2  0 -3 -2 -1 -2 -1  0    0  22   0   0   0   0   0   0   0   0  78   0   0   0   0   0   0   0   0   0  0.33 0.02
   39 S    1 -1  0 -1 -1  0  0 -1 -1 -3 -3 -1 -2 -3  4  4  1 -3 -2 -2    0   0   0   0   0   0   0   0   0   0   0   0   0   0  20  80   0   0   0   0  0.56 0.03
   40 Q   -1  0 -1 -2 -2  4  0 -3 -1  1  2  0  1 -1 -2 -1 -1 -2 -1  1    0   0   0   0   0  46   0   0   0   0  34   0   0   0   0   0   0   0   0  20  0.23 0.02
   41 D    0  0  0  2 -3  1  4 -2 -1 -3 -3  2 -2 -3 -1  1  0 -3 -2 -3    0   0   0  12   0   0  44   0   0   0   0  22   0   0   0  22   0   0   0   0  0.43 0.02
   42 E   -1  3  0  1 -3  1  4 -2 -1 -3 -3  1 -2 -3 -2  0  1 -3 -2 -2    0  24   0   0   0   0  56   0   0   0   0   0   0   0   0   0  20   0   0   0  0.45 0.02
   43 L   -2 -3 -4 -4 -2 -3 -3 -4 -3  1  4 -3  2  3 -3 -3 -2 -1  0  0    0   0   0   0   0   0   0   0   0   0  78   0   0  22   0   0   0   0   0   0  0.44 0.02
   44 T    2 -1  0  0 -1  0  2 -1 -1 -2 -2  0 -1 -3 -1  2  3 -3 -2 -1   20   0   0   0   0   0  22   0   0   0   0   0   0   0   0  22  37   0   0   0  0.30 0.01
   45 S    0 -1  0  0 -2  1  3 -2 -1 -2 -2  0 -2 -3 -1  2  3 -3 -2 -1    0   0   0   0   0   0  42   0   0   0   0   0   0   0   0  24  34   0   0   0  0.38 0.02
   46 I   -2 -3 -4 -4 -1 -3 -3 -4 -3  4  3 -3  2  0 -3 -3 -1 -2 -1  2    0   0   0   0   0   0   0   0   0  58  42   0   0   0   0   0   0   0   0   0  0.40 0.02
   47 L   -1 -2 -3 -4 -2 -2 -3 -4 -2  1  4 -2  5  0 -3 -2 -1 -2 -1  1    0   0   0   0   0   0   0   0   0   0  58   0  42   0   0   0   0   0   0   0  0.42 0.03
   48 G    0 -1  3  0 -3  2  0  4 -1 -4 -3 -1 -2 -3 -2  0 -1 -3 -3 -3    0   0  22   0   0  22   0  57   0   0   0   0   0   0   0   0   0   0   0   0  0.58 0.02
   49 N   -1 -1  4  0 -2  0 -1  2  4 -3 -3 -1 -2 -3 -2  2  0 -3 -1 -3    0   0  34   0   0   0   0  20  24   0   0   0   0   0   0  22   0   0   0   0  0.41 0.02
   50 A    1  0  3  0 -2  2  0 -1  4 -3 -3  0 -1 -3 -2  1  0 -3 -1 -2   24   0  22   0   0  22   0   0  20   0   0   0   0   0   0  12   0   0   0   0  0.29 0.02
   51 A    1  1  0  0 -3  1  2  2 -1 -3 -3  3 -2 -3 -1  0 -1 -3 -2 -2   12   0   0   0   0   0  22  24   0   0   0  42   0   0   0   0   0   0   0   0  0.33 0.01
   52 N   -1 -1  5  0 -2  0 -1 -1  0 -1 -2 -1 -1 -3 -2  2  0 -4 -2  0    0   0  58   0   0   0   0   0   0   0   0   0   0   0   0  22   0   0   0  20  0.36 0.02
   53 A    5 -2 -2 -2 -1 -1 -1  0 -2 -2 -2 -1 -1 -3 -1  1  0 -3 -2  0  100   0   0   0   0   0   0   0   0   0   0   0   0   0   0   0   0   0   0   0  0.48 0.03
   54 K   -1  2  0 -1 -3  1  0 -2 -1 -2 -2  4 -1 -3 -1  0  2 -3 -2 -2    0   0   0   0   0   0   0   0   0   0   0  78   0   0   0   0  22   0   0   0  0.44 0.03
   55 Q   -1 -1 -1 -1 -2  3  0 -2 -1  0  2  0  1 -1 -2  1  0 -2 -1 -1    0   0   0   0   0  37   0   0   0   0  43   0   0   0   0  20   0   0   0   0  0.20 0.02
   56 L   -2 -2 -4 -4 -1 -2 -3 -4 -3  1  4 -3  2  0 -3 -3 -1 -2 -1  1    0   0   0   0   0   0   0   0   0   0 100   0   0   0   0   0   0   0   0   0  0.52 0.03
   57 Y   -2  2 -2 -3 -3 -1 -2 -3  3 -2 -1 -1 -1  4 -3 -2 -2  1  5 -2    0  20   0   0   0   0   0   0  12   0   0   0   0  22   0   0   0   0  46   0  0.50 0.02
   58 D   -2 -1  3  5 -4  0  3 -1 -1 -3 -4  0 -3 -4 -2  0 -1 -4 -3 -3    0   0  22  58   0   0  20   0   0   0   0   0   0   0   0   0   0   0   0   0  0.69 0.02
   59 F   -2 -3 -3 -4 -2 -3 -4 -4 -2  2  1 -3  0  6 -4 -3 -2  0  2  0    0   0   0   0   0   0   0   0   0  22   0   0   0  78   0   0   0   0   0   0  0.63 0.03
   60 I   -2 -3 -4 -4 -2 -3 -3 -4 -3  2  3 -3  2  3 -3 -3 -1 -1  0  1    0   0   0   0   0   0   0   0   0  12  66   0   0  22   0   0   0   0   0   0  0.39 0.02
   61 H   -2 -1  3  3 -3  0  0 -2  7 -4 -3 -1 -2 -2 -2 -1 -1 -3  0 -3    0   0  22  20   0   0   0   0  58   0   0   0   0   0   0   0   0   0   0   0  0.65 0.03
   62 T    1 -1  2 -1 -1 -1 -1 -1 -1  0 -1 -1 -1 -2 -2  1  3 -3 -2  1   20   0  22   0   0   0   0   0   0   0   0   0   0   0   0   0  37   0   0  22  0.20 0.01
   63 S    3  0 -1 -1 -1  2  0 -1 -1 -2 -2  2 -1 -3 -1  1  0 -3 -2 -1   46   0   0   0   0  22   0   0   0   0   0  20   0   0   0  12   0   0   0   0  0.28 0.02
   64 F   -2 -2 -3 -4 -2 -2 -3 -3  1  0  2 -2  0  4 -3 -2 -2  1  6 -1    0   0   0   0   0   0   0   0   0   0  27   0   0  16   0   0   0   0  57   0  0.55 0.02
   65 A    3 -1  3  0 -1 -1 -1  0 -1 -2 -2 -1 -1 -3 -1  1  0 -3 -2 -1   64   0  36   0   0   0   0   0   0   0   0   0   0   0   0   0   0   0   0   0  0.33 0.01
   66 E   -1  0  1  4 -4  3  3 -2  0 -3 -3  0 -2 -4 -1  0 -1 -3 -2 -3    0   0   0  42   0  36  22   0   0   0   0   0   0   0   0   0   0   0   0   0  0.58 0.01
   67 V   -1 -3 -3 -3 -1 -2 -3 -4 -3  2  2 -2  1  0 -3 -2  0 -3 -1  3    0   0   0   0   0   0   0   0   0   0  33   0   0   0   0   0   0   0   0  67  0.31 0.00

                      K         Lambda
Standard Ungapped    0.1311     0.3167
Standard Gapped      0.0410     0.2670
PSI Ungapped         0.1311     0.3167
PSI Gapped           0.0410     0.2670
