
Last position-specific scoring matrix computed, weighted observed percentages rounded down, information per position, and relative weight of gapless real matches to pseudocounts
            A   R   N   D   C   Q   E   G   H   I   L   K   M   F   P   S   T   W   Y   V   A   R   N   D   C   Q   E   G   H   I   L   K   M   F   P   S   T   W   Y   V
    1 K    -2   4  -1  -1  -4   1   3  -3  -2  -4  -4   5  -3  -4  -2   0  -2  -4  -3  -4    0  25   0   0   0   3  21   0   0   0   0  46   0   0   0   5   0   0   0   0  0.75 0.19
    2 N     1   0   4  -1  -3   0  -1   2  -2  -1  -3   0  -2  -3   0   1   1  -4  -3  -1   12   3  30   0   0   3   0  15   0   4   0   3   1   1   5   7  13   0   0   3  0.30 0.12
    3 V    -2  -1  -2   1   0   3   0  -3  -2   2   1  -1   1   0  -3   0  -1  -3  -2   1    0   2   0   9   2  24   2   0   0  17  12   3   3   4   0   6   0   0   0  15  0.18 0.11
    4 K    -1   4  -2  -2  -3   0  -1  -1   0  -1  -1   4  -2  -3  -1   0   1  -4  -3   0    2  26   0   0   0   1   2   4   2   3   4  32   0   0   2   3  12   0   0   6  0.37 0.15
    5 C    -3  -6  -6  -7  11  -6  -7  -6  -6  -4  -4  -6  -4  -5  -6  -4  -4  -5   0  -4    0   0   0   0  97   0   0   0   0   0   0   0   0   0   0   0   0   0   3   0  3.42 0.62
    6 F    -3   1  -4  -5  -4  -1  -4  -5   0  -3  -2  -2  -2   6  -2  -3  -4   6   6  -3    2   8   0   0   0   4   0   0   2   0   0   2   0  41   2   1   0  11  29   0  1.17 0.32
    7 N    -3   2   7  -1  -4  -2  -1  -1  -2  -4  -2   0  -3  -4  -4   0   0  -5  -2  -2    0  10  62   0   0   0   2   2   0   0   4   6   0   0   0   4   6   0   1   3  0.96 0.31
    8 C    -3  -7  -6  -7  11  -6  -7  -6  -6  -4  -4  -6  -4  -6  -6  -4  -4  -5  -6  -4    0   0   0   0 100   0   0   0   0   0   0   0   0   0   0   0   0   0   0   0  3.61 0.64
    9 G    -2  -4   1   0  -5  -3  -4   7  -4  -6  -4   0  -5  -5  -4  -2  -3  -5  -5  -5    0   0   7   4   0   0   0  81   0   0   2   6   0   0   0   0   0   0   0   0  1.48 0.36
   10 K    -1   1   0  -2  -5   2   2   1  -2  -3  -4   5  -3  -5  -3   0  -2  -5  -4  -3    2   4   3   0   0   9  11  12   0   2   0  49   0   0   0   6   0   0   0   2  0.66 0.29
   11 E    -1  -1  -1  -1  -1   0   3  -3  -2  -1  -1   2   0   0   3  -1   0  -3   0  -1    2   2   1   2   1   3  25   0   0   4   6  14   3   5  15   1   7   0   3   5  0.26 0.15
   12 G    -1  -4  -1   0  -5  -4  -1   7  -4  -6  -6  -4  -5  -6  -4   0  -4  -5  -5  -5    2   0   2   5   0   0   4  82   0   0   0   0   0   0   0   5   0   0   0   0  1.60 0.44
   13 H    -4  -3  -2  -4  -6  -2   0  -5  11  -6  -6  -4  -5  -4  -5  -1  -4  -6  -1  -6    0   0   0   0   0   0   5   0  91   0   0   0   0   0   0   5   0   0   0   0  2.84 0.70
   14 T    -2   2  -2  -1  -3   0  -2  -3   1   1   1   1   1   1  -3   0   0   3   0   0    0  12   0   4   0   3   0   0   5  11  18  14   4   7   0   7   5   4   2   3  0.13 0.11
   15 A     4   1  -2  -3  -3   1  -2  -1  -3  -3  -3   1   0  -4  -3   2   0  -4  -3  -2   50  10   0   0   0   7   0   2   0   0   0   9   2   0   0  15   4   0   0   0  0.57 0.28
   16 R    -1   6  -3  -3  -5   0  -2  -4  -2  -4  -4   4  -3  -1  -1  -1  -2   2   1  -2    5  46   0   0   0   2   0   0   0   0   0  26   0   3   3   2   2   3   5   2  0.83 0.35
   17 N    -1  -2   3   4  -4   3   3  -3  -2  -4  -4  -2  -3   0  -3   0  -2  -4   1  -2    4   0  14  30   0  17  17   0   0   0   0   0   0   6   0   5   0   0   4   3  0.61 0.29
   18 C    -4  -7  -6  -7  11  -6  -7  -6  -6  -4  -4  -6  -5   1  -6  -4  -4   4  -4  -4    0   0   0   0  87   0   0   0   0   0   0   0   0   7   0   0   0   6   0   0  3.22 0.78
   19 R    -1   3  -1   1  -4   0  -2  -3   0  -4  -4   2  -3  -5   5   1   0  -5  -4  -4    2  18   2   7   0   2   0   0   3   0   0  13   0   0  35  11   4   0   0   0  0.80 0.30
   20 A     2  -1   0   1  -3   2   2  -1   1  -2  -2   0  -2  -2   1   0   0  -3  -2   0   23   2   3   8   0  13  13   2   4   0   2   5   0   1   6   5   5   0   0   6  0.20 0.13
   21 P    -1   0  -1  -1  -4   1  -1   0   0  -3  -2   1  -3  -4   6   0  -1  -4  -3  -2    3   4   3   2   0   6   2   7   2   0   3   9   0   0  46   5   3   0   0   3  0.84 0.27
   22 R    -1   3   0   1  -3   1   0   0   1  -3  -3   2   1  -3   0   0   0   3  -2  -3    5  19   4   7   0   8   4   8   4   0   1  17   5   0   5   5   4   4   0   0  0.26 0.19
   23 K    -1   1   2   0  -3   1   0   0  -2  -3  -2   2  -2  -3   2   0   1  -4  -3  -1    4   8  11   4   0   9   5   7   0   0   4  16   0   0  11   6  11   0   0   4  0.22 0.17
   24 K    -2   0   1  -1  -3   2   0   1  -2   0  -1   2   0  -3   1   0   0   1  -3  -1    0   5   6   2   0  13   2  11   0   9   4  17   2   0   8   7   7   2   0   4  0.16 0.18
   25 G    -1   1   0  -2  -3  -1  -2   2  -2   0  -1   2  -2  -3   1   0   0  -3  -3   0    4   9   5   0   0   0   0  21   0   8   5  16   0   0   7   6   8   0   0   8  0.18 0.18
   26 C    -4  -7  -6  -7  11  -6  -7  -2   3  -5  -5  -6  -5  -6  -6  -4  -4  -6  -5  -5    0   0   0   0  89   0   0   4   7   0   0   0   0   0   0   0   0   0   0   0  3.36 0.79
   27 W    -2   0  -1  -4   1   0  -3  -4   3   0  -2  -1   0   2   3  -2  -3   7   4  -3    2   5   4   0   3   4   0   0  10   7   3   4   2   8  16   1   0  17  14   0  0.67 0.28
   28 K    -2   3   2  -2   1  -1  -2  -3   1   1   1   3  -2   0  -3  -1  -1  -4  -1  -1    2  16  15   0   4   1   0   0   3   9  14  24   0   4   0   2   1   0   2   2  0.28 0.19
   29 C    -4  -7  -7  -7  12  -7  -8  -6  -7  -5  -5  -7  -5  -6  -7  -5  -5  -6  -6  -5    0   0   0   0 100   0   0   0   0   0   0   0   0   0   0   0   0   0   0   0  3.99 0.88
   30 G    -2  -3   1  -2  -5   3  -3   6  -3  -6  -6   1  -4  -6  -4  -1  -2  -5  -5  -5    0   0   7   2   0  13   0  63   0   0   0  11   0   0   0   3   2   0   0   0  1.18 0.40
   31 K    -2   1   0   2  -4   2   2   0  -2  -2  -3   4  -3  -4  -3   1  -1  -4  -4  -3    1   6   2  12   0  10  16   7   0   3   2  29   0   0   0  10   2   0   0   0  0.45 0.23
   32 E     1   1  -2  -1  -3   0   2   1  -3  -1  -2  -2   1  -2   4  -1  -1  -4  -3  -1   14   8   0   1   0   3  16  12   0   5   4   0   5   1  23   3   3   0   0   3  0.35 0.19
   33 G    -2  -3   0  -1  -5  -3  -1   6  -4  -5  -5   0  -1  -5  -4  -1  -1  -4   0  -5    1   0   5   3   0   0   4  66   0   0   0   7   2   0   0   3   5   0   3   0  1.08 0.37
   34 H    -5  -4   2  -4  -7  -3  -4  -6  11  -7  -7  -4  -5  -5  -6  -4  -5  -6  -2  -7    0   0   7   0   0   0   0   0  93   0   0   0   0   0   0   0   0   0   0   0  3.26 0.80
   35 Q    -2   0   0  -4  -4   3  -3  -4  -3   1   1  -3   4   1  -2  -3  -2   7   1   0    3   5   5   0   0  16   0   0   0   9  13   0  12   7   2   0   1  19   5   5  0.57 0.26
   36 M     3  -1  -3  -3  -3   2  -1  -3  -3  -1  -1   2   4  -1  -3   0  -1  -4  -3   1   35   2   0   0   0  10   1   0   0   2   3  13  15   2   0   6   2   0   0   9  0.36 0.23
   37 K     2   4   2  -1  -4   0  -2  -3  -2  -2  -4   3  -3  -4  -3   0  -1  -4   0  -3   19  27  12   2   0   2   0   0   0   2   0  24   0   0   0   7   1   0   4   0  0.52 0.25
   38 D    -2  -1   2   5  -5   2   3  -2  -2  -3  -5   0  -4  -5  -3  -1  -2  -5  -4  -4    2   2  11  40   0  12  20   2   0   2   0   6   0   0   0   4   0   0   0   0  0.82 0.29
   39 C    -4  -7  -6  -7  11  -7  -7  -6  -7  -5  -5  -7  -5  -6  -6  -4  -4  -6  -6  -4    0   0   0   0 100   0   0   0   0   0   0   0   0   0   0   0   0   0   0   0  3.88 0.80
   40 T    -1   3  -2  -2  -4  -1  -2  -4  -1  -4  -4   1  -2  -5   6  -1   2  -5  -4  -4    3  16   1   1   0   1   0   0   1   0   0  10   1   0  49   3  13   0   0   0  1.15 0.35
   41 E     0   0   2   0  -3   2   3  -1   1  -4  -3   1  -3  -4  -2   2  -1  -4  -3  -2    6   3  10   4   0  11  23   3   3   0   3   7   0   0   0  24   2   0   0   1  0.38 0.19
   42 R    -2   5  -1  -2  -5   0  -1  -2  -2  -4  -3   3  -3  -4   2   0  -2   3  -3  -3    2  41   2   1   0   2   3   2   0   0   2  23   0   0  10   5   0   4   0   2  0.69 0.28
   43 Q    -2   3  -2   1  -4   6   0  -2  -2  -4  -4   2  -3  -5  -1   0   0  -4  -3  -2    0  13   0   8   0  50   0   2   0   0   0  12   0   0   2   5   5   0   0   3  0.79 0.30
   44 A     3   0  -1  -1  -2  -1  -1   3   1  -3  -3   2  -2  -3  -2   1  -1  -4  -3  -1   34   4   0   2   0   0   0  27   4   0   0  15   0   0   0   8   0   0   0   5  0.36 0.14
   45 N    -2  -2   6   1  -4  -2  -2   3  -1  -5  -5  -2  -4  -4  -3  -1  -2  -5  -4  -4    0   0  64   6   0   0   0  30   0   0   0   0   0   0   0   0   0   0   0   0  1.03 0.22

                      K         Lambda
Standard Ungapped    0.1332     0.3201
Standard Gapped      0.0487     0.2670
PSI Ungapped         0.1592     0.3190
PSI Gapped           0.0487     0.2670
