
Last position-specific scoring matrix computed, weighted observed percentages rounded down, information per position, and relative weight of gapless real matches to pseudocounts
            A   R   N   D   C   Q   E   G   H   I   L   K   M   F   P   S   T   W   Y   V   A   R   N   D   C   Q   E   G   H   I   L   K   M   F   P   S   T   W   Y   V
    1 Q    -1   1   0   0  -3   6   2  -2   0  -3  -2   1   0  -3  -1   0  -1  -2  -2  -2    0   0   0   0   0 100   0   0   0   0   0   0   0   0   0   0   0   0   0   0  0.66 0.01
    2 T     0  -1   0  -1  -1  -1  -1  -2  -2  -1  -1  -1  -1  -2  -1   1   5  -3  -2   0    0   0   0   0   0   0   0   0   0   0   0   0   0   0   0   0 100   0   0   0  0.48 0.00
    3 A     4  -2  -2  -2   0  -1  -1   0  -2  -1  -2  -1  -1  -2  -1   1   0  -3  -2   0  100   0   0   0   0   0   0   0   0   0   0   0   0   0   0   0   0   0   0   0  0.41 0.00
    4 L    -1   0  -2  -2  -2   0  -1  -3  -2   0   3   3   1  -1  -2  -1  -1  -2  -1   0    0   0   0   0   0   0   0   0   0   0  57  43   0   0   0   0   0   0   0   0  0.19 0.00
    5 Q    -1   1   0   1  -3   5   4  -2   0  -3  -3   1  -1  -3  -1   0  -1  -2  -2  -2    0   0   0   0   0  57  43   0   0   0   0   0   0   0   0   0   0   0   0   0  0.60 0.00
    6 H    -2   0   1  -1  -3   0   0  -2   8  -3  -3  -1  -2  -1  -2  -1  -2  -3   2  -3    0   0   0   0   0   0   0   0 100   0   0   0   0   0   0   0   0   0   0   0  0.88 0.01
    7 S     1  -1   1   0  -1   0   0   0  -1  -3  -3   0  -2  -3  -1   4   1  -3  -2  -2    0   0   0   0   0   0   0   0   0   0   0   0   0   0   0 100   0   0   0   0  0.46 0.00
    8 I    -1  -3  -3  -3  -1  -3  -3  -4  -3   4   2  -3   1   0  -3  -3  -1  -3  -1   3    0   0   0   0   0   0   0   0   0 100   0   0   0   0   0   0   0   0   0   0  0.40 0.00
    9 R    -2   6   0  -2  -4   1   0  -2   0  -3  -2   2  -1  -3  -2  -1  -1  -3  -2  -3    0 100   0   0   0   0   0   0   0   0   0   0   0   0   0   0   0   0   0   0  0.76 0.00
   10 E    -1   0   0   2  -4   2   5  -2   0  -3  -3   1  -2  -3  -1   0  -1  -3  -2  -3    0   0   0   0   0   0 100   0   0   0   0   0   0   0   0   0   0   0   0   0  0.74 0.00
   11 I    -1  -3  -3  -3  -1  -3  -3  -4  -3   4   2  -3   1   0  -3  -3  -1  -3  -1   3    0   0   0   0   0   0   0   0   0 100   0   0   0   0   0   0   0   0   0   0  0.40 0.00
   12 G     0  -2   0  -1  -3  -2  -2   6  -2  -4  -4  -2  -3  -3  -2   0  -2  -3  -3  -3    0   0   0   0   0   0   0 100   0   0   0   0   0   0   0   0   0   0   0   0  1.05 0.00
   13 L    -2  -2  -4  -4  -1  -2  -3  -4  -3   2   4  -3   2   0  -3  -3  -1  -2  -1   1    0   0   0   0   0   0   0   0   0   0 100   0   0   0   0   0   0   0   0   0  0.46 0.00
   14 R    -2   4   4   0  -3   1   0  -1   0  -3  -3   1  -2  -3  -2   0  -1  -3  -2  -3    0  57  43   0   0   0   0   0   0   0   0   0   0   0   0   0   0   0   0   0  0.53 0.00
   15 L    -2  -3  -3  -4  -2  -3  -3  -4  -2   1   3  -3   1   4  -3  -3  -2   0   1   0    0   0   0   0   0   0   0   0   0   0  57   0   0  43   0   0   0   0   0   0  0.41 0.00
   16 R    -1   3  -2  -3  -2   0  -2  -3  -2   1   3   0   3   0  -3  -2  -1  -2  -1   0    0  29   0   0   0   0   0   0   0   0  43   0  28   0   0   0   0   0   0   0  0.24 0.00
   17 K    -1   2   0  -1  -3   1   1  -2  -1  -3  -3   5  -1  -3  -1   0  -1  -3  -2  -2    0   0   0   0   0   0   0   0   0   0   0 100   0   0   0   0   0   0   0   0  0.52 0.00
   18 N    -1  -1   4   0  -2  -1  -1  -1  -1   1  -1  -1  -1  -2  -2   0   0  -4  -2   2    0   0  57   0   0   0   0   0   0   0   0   0   0   0   0   0   0   0   0  43  0.26 0.00
   19 D     0  -1   1   5  -2   0   1  -1  -1  -3  -3  -1  -2  -3  -1   2   0  -4  -3  -3    0   0   0  57   0   0   0   0   0   0   0   0   0   0   0  43   0   0   0   0  0.54 0.00
   20 G     0  -2   0  -1  -3  -2  -2   6  -2  -4  -4  -2  -3  -3  -2   0  -2  -3  -3  -3    0   0   0   0   0   0   0 100   0   0   0   0   0   0   0   0   0   0   0   0  1.05 0.00
   21 S     1  -1   1   0  -1   0   0   0  -1  -3  -3   0  -2  -3  -1   4   1  -3  -2  -2    0   0   0   0   0   0   0   0   0   0   0   0   0   0   0 100   0   0   0   0  0.46 0.00
   22 Q    -1   0  -1  -1  -3   4   1  -2   1  -2  -2   0  -1   1  -2  -1  -1   1   5  -2    0   0   0   0   0  57   0   0   0   0   0   0   0   0   0   0   0   0  43   0  0.46 0.00
   23 K    -1   2   0  -1  -3   1   1  -2  -1  -3  -3   5  -1  -3  -1   0  -1  -3  -2  -2    0   0   0   0   0   0   0   0   0   0   0 100   0   0   0   0   0   0   0   0  0.52 0.00
   24 D    -2  -2   1   6  -4   0   2  -1  -1  -3  -4  -1  -3  -4  -2   0  -1  -5  -3  -3    0   0   0 100   0   0   0   0   0   0   0   0   0   0   0   0   0   0   0   0  0.94 0.00
   25 I    -1  -3  -3  -3  -1  -3  -3  -4  -3   4   2  -3   1   0  -3  -3  -1  -3  -1   3    0   0   0   0   0   0   0   0   0 100   0   0   0   0   0   0   0   0   0   0  0.40 0.00
   26 A     4  -2  -2  -2   0  -1  -1   0  -2  -1  -2  -1  -1  -2  -1   1   0  -3  -2   0  100   0   0   0   0   0   0   0   0   0   0   0   0   0   0   0   0   0   0   0  0.41 0.00
   27 A     3   1  -1  -1  -1   0   0   0  -1  -2  -2   3  -1  -3  -1   1   0  -3  -2  -1   57   0   0   0   0   0   0   0   0   0   0  43   0   0   0   0   0   0   0   0  0.28 0.00
   28 K    -1   2   0  -1  -3   1   1  -2  -1  -3  -3   5  -1  -3  -1   0  -1  -3  -2  -2    0   0   0   0   0   0   0   0   0   0   0 100   0   0   0   0   0   0   0   0  0.52 0.00
   29 E    -1   0   0   2  -4   2   5  -2   0  -3  -3   1  -2  -3  -1   0  -1  -3  -2  -3    0   0   0   0   0   0 100   0   0   0   0   0   0   0   0   0   0   0   0   0  0.74 0.00
   30 G     0  -1   4   0  -3  -1  -1   4  -1  -4  -4  -1  -3  -3  -2   0  -1  -3  -3  -3    0   0  43   0   0   0   0  57   0   0   0   0   0   0   0   0   0   0   0   0  0.65 0.00
   31 L    -2  -2  -4  -4  -1  -2  -3  -4  -3   2   4  -3   2   0  -3  -3  -1  -2  -1   1    0   0   0   0   0   0   0   0   0   0 100   0   0   0   0   0   0   0   0   0  0.46 0.00
   32 S     1  -1   1   0  -1   0   0   0  -1  -3  -3   0  -2  -3  -1   4   1  -3  -2  -2    0   0   0   0   0   0   0   0   0   0   0   0   0   0   0 100   0   0   0   0  0.46 0.00
   33 Q    -1   4   0  -1  -3   4   1  -2   0  -3  -2   2  -1  -3  -2   0  -1  -2  -2  -2    0  43   0   0   0  57   0   0   0   0   0   0   0   0   0   0   0   0   0   0  0.56 0.00
   34 A     4  -2  -2  -2   0  -1  -1   0  -2  -1  -2  -1  -1  -2  -1   1   0  -3  -2   0  100   0   0   0   0   0   0   0   0   0   0   0   0   0   0   0   0   0   0   0  0.41 0.00
   35 K    -1   2   0  -1  -3   1   1  -2  -1  -3  -3   5  -1  -3  -1   0  -1  -3  -2  -2    0   0   0   0   0   0   0   0   0   0   0 100   0   0   0   0   0   0   0   0  0.52 0.00
   36 V     0  -3  -3  -3  -1  -2  -3  -3  -3   3   1  -2   1  -1  -3  -2   0  -3  -1   4    0   0   0   0   0   0   0   0   0   0   0   0   0   0   0   0   0   0   0 100  0.35 0.00
   37 T     0  -1   0  -1  -1  -1  -1  -2  -2  -1  -1  -1  -1  -2  -1   1   5  -3  -2   0    0   0   0   0   0   0   0   0   0   0   0   0   0   0   0   0 100   0   0   0  0.48 0.00
   38 R    -2   6   0  -2  -4   1   0  -2   0  -3  -2   2  -1  -3  -2  -1  -1  -3  -2  -3    0 100   0   0   0   0   0   0   0   0   0   0   0   0   0   0   0   0   0   0  0.76 0.00
   39 A     4  -2  -2  -2   0  -1  -1   0  -2  -1  -2  -1  -1  -2  -1   1   0  -3  -2   0  100   0   0   0   0   0   0   0   0   0   0   0   0   0   0   0   0   0   0   0  0.41 0.00
   40 L    -2  -3  -3  -4  -2  -3  -3  -4  -2   1   3  -3   1   4  -3  -3  -2   0   1   0    0   0   0   0   0   0   0   0   0   0  57   0   0  43   0   0   0   0   0   0  0.41 0.00
   41 Q    -1   1   0   0  -3   6   2  -2   0  -3  -2   1   0  -3  -1   0  -1  -2  -2  -2    0   0   0   0   0 100   0   0   0   0   0   0   0   0   0   0   0   0   0   0  0.66 0.01
   42 A     4  -2  -2  -2   0  -1  -1   0  -2  -1  -2  -1  -1  -2  -1   1   0  -3  -2   0  100   0   0   0   0   0   0   0   0   0   0   0   0   0   0   0   0   0   0   0  0.41 0.00
   43 A     4  -2  -2  -2   0  -1  -1   0  -2  -1  -2  -1  -1  -2  -1   1   0  -3  -2   0  100   0   0   0   0   0   0   0   0   0   0   0   0   0   0   0   0   0   0   0  0.41 0.00
   44 S     1  -1   1   0  -1   0   0   0  -1  -3  -3   0  -2  -3  -1   4   1  -3  -2  -2    0   0   0   0   0   0   0   0   0   0   0   0   0   0   0 100   0   0   0   0  0.46 0.00
   45 A     3  -2  -2  -2  -1  -1  -2  -1  -2   1   0  -1   0  -2  -1   0   0  -3  -2   2   57   0   0   0   0   0   0   0   0   0   0   0   0   0   0   0   0   0   0  43  0.22 0.00
   46 P    -1  -2  -2  -2  -3  -1  -1  -2  -2  -3  -3  -1  -3  -4   8  -1  -1  -4  -3  -3    0   0   0   0   0   0   0   0   0   0   0   0   0   0 100   0   0   0   0   0  2.05 0.01
   47 E    -1   0   0   1  -4   4   4  -2   0  -3  -3   1  -1  -3  -1   0  -1  -3  -2  -3    0   0   0   0   0  43  57   0   0   0   0   0   0   0   0   0   0   0   0   0  0.61 0.00
   48 E    -1   0   0   2  -4   2   5  -2   0  -3  -3   1  -2  -3  -1   0  -1  -3  -2  -3    0   0   0   0   0   0 100   0   0   0   0   0   0   0   0   0   0   0   0   0  0.74 0.00
   49 L    -2  -3  -4  -4  -1  -3  -3  -4  -3   3   3  -3   2   0  -3  -3  -1  -2  -1   2    0   0   0   0   0   0   0   0   0  43  57   0   0   0   0   0   0   0   0   0  0.37 0.00
   50 V    -1  -3  -3  -3  -1  -3  -3  -4  -3   3   1  -3   1  -1  -3  -2   0  -3  -1   4    0   0   0   0   0   0   0   0   0  43   0   0   0   0   0   0   0   0   0  57  0.35 0.00
   51 A     3  -1   0  -1  -1  -1  -1   0  -1  -2  -2  -1  -1  -2  -1   3   1  -3  -2  -1   57   0   0   0   0   0   0   0   0   0   0   0   0   0   0  43   0   0   0   0  0.35 0.00
   52 L    -2  -2  -4  -4  -1  -2  -3  -4  -3   2   4  -3   2   0  -3  -3  -1  -2  -1   1    0   0   0   0   0   0   0   0   0   0 100   0   0   0   0   0   0   0   0   0  0.46 0.00
   53 F    -2  -3  -3  -4  -3  -3  -3  -3  -1   0   0  -3   0   6  -4  -3  -2   1   3  -1    0   0   0   0   0   0   0   0   0   0   0   0   0 100   0   0   0   0   0   0  0.75 0.01
   54 P    -1  -2  -2  -2  -3  -1  -1  -2  -2  -3  -3  -1  -3  -4   8  -1  -1  -4  -3  -3    0   0   0   0   0   0   0   0   0   0   0   0   0   0 100   0   0   0   0   0  2.05 0.01
   55 V    -1  -3  -3  -3  -1  -3  -3  -4  -3   3   1  -3   1  -1  -3  -2   0  -3  -1   4    0   0   0   0   0   0   0   0   0  43   0   0   0   0   0   0   0   0   0  57  0.35 0.00
   56 Q     2   0  -1  -1  -2   4   1  -1   0  -2  -2   1  -1  -3  -1   0   0  -2  -2  -1   43   0   0   0   0  57   0   0   0   0   0   0   0   0   0   0   0   0   0   0  0.36 0.00
   57 S     1  -1   1   0  -1   0   0   0  -1  -3  -3   0  -2  -3  -1   4   1  -3  -2  -2    0   0   0   0   0   0   0   0   0   0   0   0   0   0   0 100   0   0   0   0  0.46 0.00
   58 E    -1   0   0   2  -4   2   5  -2   0  -3  -3   1  -2  -3  -1   0  -1  -3  -2  -3    0   0   0   0   0   0 100   0   0   0   0   0   0   0   0   0   0   0   0   0  0.74 0.00
   59 L    -2  -2  -4  -4  -1  -2  -3  -4  -3   2   4  -3   2   0  -3  -3  -1  -2  -1   1    0   0   0   0   0   0   0   0   0   0 100   0   0   0   0   0   0   0   0   0  0.46 0.00
   60 T    -1  -1   4   0  -2   0  -1  -1  -1  -2  -2   0  -1  -3  -2   1   4  -3  -2  -1    0   0  43   0   0   0   0   0   0   0   0   0   0   0   0   0  57   0   0   0  0.41 0.00
   61 F    -2  -3  -3  -4  -3  -3  -3  -3  -1   0   0  -3   0   6  -4  -3  -2   1   3  -1    0   0   0   0   0   0   0   0   0   0   0   0   0 100   0   0   0   0   0   0  0.75 0.01
   62 S     0  -1   4   1  -2   0   0   0   0  -3  -3   0  -2  -3  -1   3   1  -3  -2  -2    0   0  43   0   0   0   0   0   0   0   0   0   0   0   0  57   0   0   0   0  0.44 0.00
   63 D    -2  -2   1   6  -4   0   2  -1  -1  -3  -4  -1  -3  -4  -2   0  -1  -5  -3  -3    0   0   0 100   0   0   0   0   0   0   0   0   0   0   0   0   0   0   0   0  0.94 0.00
   64 Y    -2  -2  -2  -3  -3  -2  -2  -3   2  -1  -1  -2  -1   3  -3  -2  -2   2   7  -1    0   0   0   0   0   0   0   0   0   0   0   0   0   0   0   0   0   0 100   0  0.88 0.01
   65 K    -1   2   0  -1  -3   1   1  -2  -1  -3  -3   5  -1  -3  -1   0  -1  -3  -2  -2    0   0   0   0   0   0   0   0   0   0   0 100   0   0   0   0   0   0   0   0  0.52 0.00
   66 T    -1  -2  -1  -2  -1  -2  -2  -2  -2   2   0  -1   0  -1  -2   0   3  -3  -2   1    0   0   0   0   0   0   0   0   0  43   0   0   0   0   0   0  57   0   0   0  0.25 0.00
   67 L    -2  -2  -4  -4  -1  -2  -3  -4  -3   2   4  -3   2   0  -3  -3  -1  -2  -1   1    0   0   0   0   0   0   0   0   0   0 100   0   0   0   0   0   0   0   0   0  0.46 0.00
   68 C    -1  -3  -3  -4   8  -3  -4  -3  -2  -1   0  -3  -1   4  -3  -2  -1  -1   1  -1    0   0   0   0  57   0   0   0   0   0   0   0   0  43   0   0   0   0   0   0  0.70 0.00
   69 A     3  -1   4   0  -1   0  -1   0  -1  -2  -2  -1  -1  -3  -1   1   0  -3  -2  -1   57   0  43   0   0   0   0   0   0   0   0   0   0   0   0   0   0   0   0   0  0.33 0.00
   70 V    -1  -2  -3  -3  -1  -2  -2  -3   0   2   0  -2   0   1  -3  -2  -1   0   5   3    0   0   0   0   0   0   0   0   0   0   0   0   0   0   0   0   0   0  43  57  0.33 0.00
   71 G    -1  -2  -1  -2  -3  -2  -2   4   0  -3  -2  -2  -2   1  -3  -1  -2   0   5  -2    0   0   0   0   0   0   0  57   0   0   0   0   0   0   0   0   0   0  43   0  0.58 0.00
   72 D    -1  -1   1   5  -4   1   4  -2  -1  -3  -3   0  -3  -4  -1   0  -1  -4  -3  -3    0   0   0  57   0   0  43   0   0   0   0   0   0   0   0   0   0   0   0   0  0.71 0.00
   73 E    -1   1   0   1  -4   2   4  -2   0  -3  -3   3  -2  -3  -1   0  -1  -3  -2  -3    0   0   0   0   0   0  57   0   0   0   0  43   0   0   0   0   0   0   0   0  0.52 0.00
   74 G     2   0  -1  -1  -2   0  -1   3  -2  -2  -2   2  -2  -3  -1   0  -1  -3  -2  -1   43   0   0   0   0   0   0  29   0   0   0  28   0   0   0   0   0   0   0   0  0.31 0.00
   75 N    -2   0   6   1  -3   0   0   0   1  -3  -4   0  -2  -3  -2   1   0  -4  -2  -3    0   0 100   0   0   0   0   0   0   0   0   0   0   0   0   0   0   0   0   0  0.73 0.01
   76 L    -1  -1  -2   0  -2   0   3  -3  -1   0   3  -1   1  -1  -2  -1  -1  -2  -2   0    0   0   0   0   0   0  43   0   0   0  57   0   0   0   0   0   0   0   0   0  0.24 0.00
   77 E     0   0   0   1  -2   1   4  -1   0  -3  -3   0  -2  -3  -1   2   0  -3  -2  -2    0   0   0   0   0   0  57   0   0   0   0   0   0   0   0  43   0   0   0   0  0.46 0.00
   78 F    -2  -3  -3  -4  -2  -3  -3  -4  -2   1   3  -3   1   5  -3  -3  -2   0   2   0    0   0   0   0   0   0   0   0   0   0  43   0   0  57   0   0   0   0   0   0  0.46 0.00
   79 D     0  -1   1   5  -2   0   1  -1  -1  -3  -3  -1  -2  -3  -1   2   0  -4  -3  -3    0   0   0  57   0   0   0   0   0   0   0   0   0   0   0  43   0   0   0   0  0.54 0.00
   80 Q     0   0   0   0  -2   4   1  -1   0  -3  -2   1  -1  -3  -1   2   0  -2  -2  -2    0   0   0   0   0  57   0   0   0   0   0   0   0   0   0  43   0   0   0   0  0.42 0.00
   81 L    -1  -2  -2  -2  -1  -2  -2  -3  -2   1   3  -2   1   0  -2   0   3  -2  -1   0    0   0   0   0   0   0   0   0   0   0  57   0   0   0   0   0  43   0   0   0  0.25 0.00
   82 I    -1  -3  -4  -4  -1  -3  -3  -4  -3   3   3  -3   2   0  -3  -3  -1  -2  -1   2    0   0   0   0   0   0   0   0   0  57  43   0   0   0   0   0   0   0   0   0  0.36 0.00
   83 Q    -1   0  -1  -1  -3   4   1  -2   0  -3  -3   1  -1  -4   5   0  -1  -3  -2  -2    0   0   0   0   0  57   0   0   0   0   0   0   0   0  43   0   0   0   0   0  0.87 0.00
   84 N    -2  -1   4   0  -2  -1  -1  -2  -1   2   0  -1   0  -2  -2   0   0  -3  -2   1    0   0  57   0   0   0   0   0   0  43   0   0   0   0   0   0   0   0   0   0  0.25 0.00
   85 I    -1  -3  -4  -4  -1  -3  -3  -4  -3   3   3  -3   2   0  -3  -3  -1  -2  -1   2    0   0   0   0   0   0   0   0   0  57  43   0   0   0   0   0   0   0   0   0  0.36 0.00
   86 S     0   1   0   0  -2   1   0  -1  -1  -3  -3   3  -2  -3  -1   3   1  -3  -2  -2    0   0   0   0   0   0   0   0   0   0   0  43   0   0   0  57   0   0   0   0  0.34 0.00
   87 P    -1  -1  -1   0  -3   0   3  -2  -1  -3  -3   0  -2  -4   6  -1  -1  -4  -3  -3    0   0   0   0   0   0  43   0   0   0   0   0   0   0  57   0   0   0   0   0  1.11 0.00
   88 E    -1   0   0   2  -4   2   5  -2   0  -3  -3   1  -2  -3  -1   0  -1  -3  -2  -3    0   0   0   0   0   0 100   0   0   0   0   0   0   0   0   0   0   0   0   0  0.74 0.00
   89 I    -1  -3  -3  -3  -1  -3  -3  -4  -3   4   2  -3   1   0  -3  -3  -1  -3  -1   3    0   0   0   0   0   0   0   0   0 100   0   0   0   0   0   0   0   0   0   0  0.40 0.00
   90 N    -1   1   5   1  -3   1   0  -1   0  -3  -3   3  -2  -3  -2   0   0  -4  -2  -3    0   0  57   0   0   0   0   0   0   0   0  43   0   0   0   0   0   0   0   0  0.47 0.00
   91 D    -2  -2   1   6  -4   0   2  -1  -1  -3  -4  -1  -3  -4  -2   0  -1  -5  -3  -3    0   0   0 100   0   0   0   0   0   0   0   0   0   0   0   0   0   0   0   0  0.94 0.00
   92 I    -1  -1  -1  -1  -1  -1  -1  -2  -2   3   1  -1   1   0  -1  -1   0  -1  -1   2    3   2   2   2   1   2   3   3   1  59   4   2   1   2   2   3   3   1   1   3  0.09 0.00
   93 L    -2  -2  -4  -4  -1  -2  -3  -4  -3   2   4  -3   2   0  -3  -3  -1  -2  -1   1    0   0   0   0   0   0   0   0   0   0 100   0   0   0   0   0   0   0   0   0  0.46 0.00
   94 S     0  -1   1   4  -2   0   1  -1  -1  -3  -3   0  -2  -3  -1   3   1  -4  -2  -2    0   0   0  43   0   0   0   0   0   0   0   0   0   0   0  57   0   0   0   0  0.46 0.00
   95 I    -1  -2  -2  -2  -1  -2  -2  -3  -3   3   1  -2   1  -1  -2   0   3  -3  -2   2    0   0   0   0   0   0   0   0   0  57   0   0   0   0   0   0  43   0   0   0  0.24 0.00
   96 E    -1   0   4   1  -3   1   4  -1   0  -3  -3   0  -2  -3  -2   0  -1  -3  -2  -3    0   0  43   0   0   0  57   0   0   0   0   0   0   0   0   0   0   0   0   0  0.55 0.00
   97 E    -1  -1  -1   0  -3   1   4  -3  -1   0   2   0   0  -1  -2  -1  -1  -2  -2  -1    0   0   0   0   0   0  57   0   0   0  43   0   0   0   0   0   0   0   0   0  0.28 0.00
   98 A     3  -2  -2  -2  -1  -1  -1  -1  -2  -2  -2  -1  -2  -3   5   0   0  -3  -2  -1   57   0   0   0   0   0   0   0   0   0   0   0   0   0  43   0   0   0   0   0  0.77 0.00
   99 E    -1  -1  -1   1  -3   1   4  -2  -1  -3  -3   0  -2  -4   5   0  -1  -3  -3  -3    0   0   0   0   0   0  57   0   0   0   0   0   0   0  43   0   0   0   0   0  0.91 0.00
  100 D    -2  -2   1   6  -4   0   2  -1  -1  -3  -4  -1  -3  -4  -2   0  -1  -5  -3  -3    0   0   0 100   0   0   0   0   0   0   0   0   0   0   0   0   0   0   0   0  0.94 0.00
  101 E    -1  -1  -1   0  -3   1   4  -3  -1   2   0   0   0  -2  -2  -1  -1  -3  -2   1    0   0   0   0   0   0  57   0   0  43   0   0   0   0   0   0   0   0   0   0  0.26 0.00
  102 V    -1  -2  -3  -3  -1  -2  -2  -3   0   2   0  -2   0   1  -3  -2  -1   0   5   3    0   0   0   0   0   0   0   0   0   0   0   0   0   0   0   0   0   0  43  57  0.33 0.00
  103 K    -1   2   0  -1  -3   1   1  -2  -1  -3  -3   5  -1  -3  -1   0  -1  -3  -2  -2    0   0   0   0   0   0   0   0   0   0   0 100   0   0   0   0   0   0   0   0  0.52 0.00
  104 N    -1   1   5   1  -3   1   0  -1   0  -3  -3   3  -2  -3  -2   0   0  -4  -2  -3    0   0  57   0   0   0   0   0   0   0   0  43   0   0   0   0   0   0   0   0  0.47 0.00
  105 K    -1   1   0   0  -3   2   3  -2   0  -3  -3   4  -2  -3  -1   0  -1  -3  -2  -3    0   0   0   0   0   0  43   0   0   0   0  57   0   0   0   0   0   0   0   0  0.49 0.00
  106 I    -1  -3  -3  -3  -1  -3  -3  -4  -3   4   2  -3   1   0  -3  -3  -1  -3  -1   3    0   0   0   0   0   0   0   0   0 100   0   0   0   0   0   0   0   0   0   0  0.40 0.00
  107 L    -2  -2  -4  -4  -1  -2  -3  -4  -3   2   4  -3   2   0  -3  -3  -1  -2  -1   1    0   0   0   0   0   0   0   0   0   0 100   0   0   0   0   0   0   0   0   0  0.46 0.00
  108 R    -2   4   4   0  -3   1   0  -1   0  -3  -3   1  -2  -3  -2   0  -1  -3  -2  -3    0  57  43   0   0   0   0   0   0   0   0   0   0   0   0   0   0   0   0   0  0.53 0.00
  109 L    -2  -3  -4  -4  -1  -3  -3  -4  -3   3   3  -3   2   0  -3  -3  -1  -2  -1   2    0   0   0   0   0   0   0   0   0  43  57   0   0   0   0   0   0   0   0   0  0.37 0.00
  110 I    -1  -3  -3  -3  -1  -3  -3  -4  -3   4   2  -3   1   0  -3  -3  -1  -3  -1   3    0   0   0   0   0   0   0   0   0 100   0   0   0   0   0   0   0   0   0   0  0.40 0.00
  111 T     0   1   0  -1  -2   0   0  -2  -1  -2  -2   3  -1  -3  -1   1   4  -3  -2  -1    0   0   0   0   0   0   0   0   0   0   0  43   0   0   0   0  57   0   0   0  0.32 0.00
  112 K    -1   2   0  -1  -3   1   1  -2  -1  -3  -3   5  -1  -3  -1   0  -1  -3  -2  -2    0   0   0   0   0   0   0   0   0   0   0 100   0   0   0   0   0   0   0   0  0.52 0.00
  113 E     0   0   0   1  -2   1   4  -1   0  -3  -3   0  -2  -3  -1   2   0  -3  -2  -2    0   0   0   0   0   0  57   0   0   0   0   0   0   0   0  43   0   0   0   0  0.46 0.00
  114 A     3   1  -1  -1  -1   0   0   0  -1  -2  -2   3  -1  -3  -1   1   0  -3  -2  -1   57   0   0   0   0   0   0   0   0   0   0  43   0   0   0   0   0   0   0   0  0.28 0.00
  115 S     0  -1   4   1  -2   0   0   0   0  -3  -3   0  -2  -3  -1   3   1  -3  -2  -2    0   0  43   0   0   0   0   0   0   0   0   0   0   0   0  57   0   0   0   0  0.44 0.00
  116 L    -2   4  -2  -3  -2   0  -1  -3  -2   0   3   0   1  -1  -3  -2  -1  -2  -1   0    0  43   0   0   0   0   0   0   0   0  57   0   0   0   0   0   0   0   0   0  0.28 0.00
  117 L    -1   0  -2  -2  -2   0  -1  -3  -2   0   3   3   1  -1  -2  -1  -1  -2  -1   0    0   0   0   0   0   0   0   0   0   0  57  43   0   0   0   0   0   0   0   0  0.19 0.00
  118 T     0   0   0  -1  -2   4   1  -2  -1  -2  -2   0  -1  -3  -1   1   4  -2  -2  -1    0   0   0   0   0  43   0   0   0   0   0   0   0   0   0   0  57   0   0   0  0.37 0.00
  119 D    -2  -1   4   5  -3   0   1  -1   0  -3  -4  -1  -3  -3  -2   0  -1  -4  -3  -3    0   0  43  57   0   0   0   0   0   0   0   0   0   0   0   0   0   0   0   0  0.69 0.00
  120 K    -1   1  -1  -1  -3   0   0  -2  -1  -3  -3   3  -2  -4   5   0  -1  -3  -2  -2    0   0   0   0   0   0   0   0   0   0   0  57   0   0  43   0   0   0   0   0  0.81 0.00
  121 K     0   1   0  -1  -2   1   0  -1  -1  -3  -3   4  -2  -3  -1   2   0  -3  -2  -2    0   0   0   0   0   0   0   0   0   0   0  57   0   0   0  43   0   0   0   0  0.35 0.00
  122 S     0  -1  -1  -1  -1  -1  -1  -1  -2   0   2  -1   1  -1  -2   3   1  -2  -2   0    0   0   0   0   0   0   0   0   0   0  43   0   0   0   0  57   0   0   0   0  0.18 0.00
  123 V     0   0  -2  -2  -2   0  -1  -2  -2   1   0   3   0  -2  -2  -1   0  -3  -2   3    0   0   0   0   0   0   0   0   0   0   0  43   0   0   0   0   0   0   0  57  0.16 0.00
  124 V     0  -3  -3  -3  -1  -2  -3  -3  -3   3   1  -2   1  -1  -3  -2   0  -3  -1   4    0   0   0   0   0   0   0   0   0   0   0   0   0   0   0   0   0   0   0 100  0.35 0.00
  125 T    -1  -1   1   4  -2  -1   0  -2  -2  -2  -2  -1  -2  -3  -1   1   3  -3  -2  -1    0   0   0  43   0   0   0   0   0   0   0   0   0   0   0   0  57   0   0   0  0.43 0.00
  126 E     0   0   0   1  -2   1   4  -1   0  -3  -3   0  -2  -3  -1   2   0  -3  -2  -2    0   0   0   0   0   0  57   0   0   0   0   0   0   0   0  43   0   0   0   0  0.46 0.00
  127 L    -2  -2  -4  -4  -1  -2  -3  -4  -3   2   4  -3   2   0  -3  -3  -1  -2  -1   1    0   0   0   0   0   0   0   0   0   0 100   0   0   0   0   0   0   0   0   0  0.46 0.00
  128 W    -3  -3  -4  -4  -3  -3  -3  -3  -2  -1  -1  -3  -1   5  -4  -3  -2  10   3  -2    0   0   0   0   0   0   0   0   0   0   0   0   0  43   0   0   0  57   0   0  1.36 0.01
  129 K    -1   1  -1  -2  -2   0   0  -2  -2   2   0   3   0  -2  -2  -1  -1  -3  -2   1    0   0   0   0   0   0   0   0   0  43   0  57   0   0   0   0   0   0   0   0  0.18 0.00
  130 F     0  -2  -1  -2  -2  -2  -2  -2  -1  -1  -1  -2  -1   5  -2   2   0   0   2  -1    0   0   0   0   0   0   0   0   0   0   0   0   0  57   0  43   0   0   0   0  0.31 0.00
  131 E    -1   1   0   1  -4   2   4  -2   0  -3  -3   3  -2  -3  -1   0  -1  -3  -2  -3    0   0   0   0   0   0  57   0   0   0   0  43   0   0   0   0   0   0   0   0  0.52 0.00
  132 D    -2  -2   1   6  -4   0   2  -1  -1  -3  -4  -1  -3  -4  -2   0  -1  -5  -3  -3    0   0   0 100   0   0   0   0   0   0   0   0   0   0   0   0   0   0   0   0  0.94 0.00
  133 K    -1   2   0  -1  -3   1   1  -2  -1  -3  -3   5  -1  -3  -1   0  -1  -3  -2  -2    0   0   0   0   0   0   0   0   0   0   0 100   0   0   0   0   0   0   0   0  0.52 0.00
  134 D    -2   4   1   5  -4   0   1  -2  -1  -3  -3   1  -2  -3  -2  -1  -1  -4  -3  -3    0  43   0  57   0   0   0   0   0   0   0   0   0   0   0   0   0   0   0   0  0.58 0.00
  135 R    -1   4   0  -1  -2   0   0  -2  -1  -2  -2   1  -1  -3  -2   0   3  -3  -2  -1    0  57   0   0   0   0   0   0   0   0   0   0   0   0   0   0  43   0   0   0  0.42 0.00
  136 F    -2  -2  -3  -4  -3  -2  -3  -3   0  -1   0  -3   0   5  -4  -2  -2   2   5  -1    0   0   0   0   0   0   0   0   0   0   0   0   0  57   0   0   0   0  43   0  0.69 0.00
  137 A     3  -2  -2  -2  -1  -2  -2  -1  -2   2   0  -2   0  -1  -2   0   0  -3  -2   1   57   0   0   0   0   0   0   0   0  43   0   0   0   0   0   0   0   0   0   0  0.20 0.00
  138 R    -1   5   0  -1  -3   1   0  -2   0  -3  -2   4  -1  -3  -2  -1  -1  -3  -2  -3    0  57   0   0   0   0   0   0   0   0   0  43   0   0   0   0   0   0   0   0  0.58 0.00
  139 K    -1   4   0  -1  -3   1   0  -2  -1  -3  -2   4  -1  -3  -2   0  -1  -3  -2  -3    0  43   0   0   0   0   0   0   0   0   0  57   0   0   0   0   0   0   0   0  0.54 0.00
  140 R    -1   5   0  -1  -3   1   0  -2   0  -3  -2   4  -1  -3  -2  -1  -1  -3  -2  -3    0  57   0   0   0   0   0   0   0   0   0  43   0   0   0   0   0   0   0   0  0.58 0.00
  141 V    -1  -1  -2   0  -2   0   3  -3  -2   1   0  -1   0  -2  -2  -1   0  -3  -2   3    0   0   0   0   0   0  43   0   0   0   0   0   0   0   0   0   0   0   0  57  0.21 0.00
  142 K    -1   1   4   0  -3   1   0  -1   0  -3  -3   4  -2  -3  -2   0   0  -3  -2  -3    0   0  43   0   0   0   0   0   0   0   0  57   0   0   0   0   0   0   0   0  0.44 0.00
  143 G     0  -1   4   0  -3  -1  -1   4  -1  -4  -4  -1  -3  -3  -2   0  -1  -3  -3  -3    0   0  43   0   0   0   0  57   0   0   0   0   0   0   0   0   0   0   0   0  0.65 0.00
  144 R    -2   6   0  -2  -4   1   0  -2   0  -3  -2   2  -1  -3  -2  -1  -1  -3  -2  -3    0 100   0   0   0   0   0   0   0   0   0   0   0   0   0   0   0   0   0   0  0.76 0.00
  145 A     3  -1  -1  -2  -1  -1  -1  -1  -2  -1  -1  -1  -1  -2  -1   1   3  -3  -2   0   57   0   0   0   0   0   0   0   0   0   0   0   0   0   0   0  43   0   0   0  0.31 0.00
  146 F    -2  -3  -3  -4  -2  -3  -3  -4  -2   1   3  -3   1   5  -3  -3  -2   0   2   0    0   0   0   0   0   0   0   0   0   0  43   0   0  57   0   0   0   0   0   0  0.46 0.00
  147 S     0  -2  -1  -1  -1  -1  -1  -1  -2   2   0  -1   0  -1  -2   3   1  -3  -2   1    0   0   0   0   0   0   0   0   0  43   0   0   0   0   0  57   0   0   0   0  0.17 0.00
  148 Y    -2  -2  -3  -3  -3  -2  -3  -3   1  -1   0  -2  -1   5  -3  -2  -2   2   6  -1    0   0   0   0   0   0   0   0   0   0   0   0   0  43   0   0   0   0  57   0  0.71 0.00
  149 E    -1  -1   0   1  -2   1   4  -2  -1  -2  -2   0  -1  -3  -1   1   3  -3  -2  -1    0   0   0   0   0   0  57   0   0   0   0   0   0   0   0   0  43   0   0   0  0.42 0.00
  150 F    -2  -3  -3  -4  -2  -3  -3  -4  -2   1   3  -3   1   5  -3  -3  -2   0   2   0    0   0   0   0   0   0   0   0   0   0  43   0   0  57   0   0   0   0   0   0  0.46 0.00
  151 N     0  -1   5   1  -2   0   0   0   0  -3  -3   0  -2  -3  -2   3   1  -3  -2  -2    0   0  57   0   0   0   0   0   0   0   0   0   0   0   0  43   0   0   0   0  0.48 0.00
  152 R    -1   5   0  -1  -3   1   0  -2   0  -3  -2   4  -1  -3  -2  -1  -1  -3  -2  -3    0  57   0   0   0   0   0   0   0   0   0  43   0   0   0   0   0   0   0   0  0.58 0.00
  153 L    -2  -3  -4  -4  -1  -3  -3  -4  -3   3   3  -3   2   0  -3  -3  -1  -2  -1   2    0   0   0   0   0   0   0   0   0  43  57   0   0   0   0   0   0   0   0   0  0.37 0.00
  154 S     0  -1   4   1  -2   0   0   0   0  -3  -3   0  -2  -3  -1   3   1  -3  -2  -2    0   0  43   0   0   0   0   0   0   0   0   0   0   0   0  57   0   0   0   0  0.44 0.00
  155 K    -1   2   0  -1  -3   1   1  -2  -1  -3  -3   5  -1  -3  -1   0  -1  -3  -2  -2    0   0   0   0   0   0   0   0   0   0   0 100   0   0   0   0   0   0   0   0  0.52 0.00
  156 E    -1   3   0   0  -2   1   2  -2  -1  -2  -2   1  -1  -3  -1   1   3  -3  -2  -1    0  28   0   0   0   0  29   0   0   0   0   0   0   0   0   0  43   0   0   0  0.33 0.00
  157 L    -1  -3  -3  -3  -1  -2  -3  -3  -3   2   2  -2   1   0  -3  -2   0  -3  -1   3    0   0   0   0   0   0   0   0   0   0  29   0   0   0   0   0   0   0   0  71  0.31 0.00
  158 Q    -1   1   0   0  -3   6   2  -2   0  -3  -2   1   0  -3  -1   0  -1  -2  -2  -2    0   0   0   0   0 100   0   0   0   0   0   0   0   0   0   0   0   0   0   0  0.66 0.01
  159 E    -1   4   0   0  -4   2   4  -2   0  -3  -3   2  -2  -3  -2   0  -1  -3  -2  -3    0  50   0   0   0   0  50   0   0   0   0   0   0   0   0   0   0   0   0   0  0.55 0.00
  160 E    -1   0   0   2  -4   2   5  -2   0  -3  -3   1  -2  -3  -1   0  -1  -3  -2  -3    0   0   0   0   0   0 100   0   0   0   0   0   0   0   0   0   0   0   0   0  0.74 0.00
  161 L    -1  -3  -4  -4  -1  -3  -3  -4  -3   3   3  -3   2   0  -3  -3  -1  -2  -1   2    0   0   0   0   0   0   0   0   0  50  50   0   0   0   0   0   0   0   0   0  0.37 0.00
  162 D    -2  -2   1   6  -4   0   2  -1  -1  -3  -4  -1  -3  -4  -2   0  -1  -5  -3  -3    0   0   0 100   0   0   0   0   0   0   0   0   0   0   0   0   0   0   0   0  0.93 0.00
  163 R    -1   5   0  -2  -3   1   0  -2   0  -3  -2   2  -1  -3  -2  -1  -1  -3  -2  -2    0   0   0   0   0   0   0   0   0   0   0   0   0   0   0   0   0   0   0   0  0.00     0.00
  164 I    -1  -3  -3  -3  -1  -3  -3  -4  -3   4   1  -3   1   0  -3  -2  -1  -3  -1   2    0   0   0   0   0   0   0   0   0   0   0   0   0   0   0   0   0   0   0   0  0.00     0.00
  165 G     0  -2   0  -1  -2  -2  -2   5  -2  -4  -4  -1  -3  -3  -2   0  -2  -2  -3  -3    0   0   0   0   0   0   0   0   0   0   0   0   0   0   0   0   0   0   0   0  0.00     0.00
  166 H    -2   0   1  -1  -3   0   0  -2   7  -3  -3  -1  -2  -1  -2  -1  -2  -2   2  -3    0   0   0   0   0   0   0   0   0   0   0   0   0   0   0   0   0   0   0   0  0.00     0.00
  167 I    -1  -3  -3  -3  -1  -3  -3  -4  -3   4   1  -3   1   0  -3  -2  -1  -3  -1   2    0   0   0   0   0   0   0   0   0   0   0   0   0   0   0   0   0   0   0   0  0.00     0.00
  168 L    -1  -2  -3  -4  -1  -2  -3  -4  -3   1   4  -2   2   0  -3  -2  -1  -2  -1   1    0   0   0   0   0   0   0   0   0   0   0   0   0   0   0   0   0   0   0   0  0.00     0.00
  169 R    -1   5   0  -2  -3   1   0  -2   0  -3  -2   2  -1  -3  -2  -1  -1  -3  -2  -2    0   0   0   0   0   0   0   0   0   0   0   0   0   0   0   0   0   0   0   0  0.00     0.00
  170 K    -1   2   0  -1  -3   1   1  -1  -1  -3  -2   4  -1  -3  -1   0  -1  -3  -2  -2    0   0   0   0   0   0   0   0   0   0   0   0   0   0   0   0   0   0   0   0  0.00     0.00
  171 S     1  -1   1   0  -1   0   0   0  -1  -2  -2   0  -1  -2  -1   4   1  -3  -2  -2    0   0   0   0   0   0   0   0   0   0   0   0   0   0   0   0   0   0   0   0  0.00     0.00
  172 L    -1  -2  -3  -4  -1  -2  -3  -4  -3   1   4  -2   2   0  -3  -2  -1  -2  -1   1    0   0   0   0   0   0   0   0   0   0   0   0   0   0   0   0   0   0   0   0  0.00     0.00
  173 D    -2  -2   1   6  -3   0   1  -1  -1  -3  -4  -1  -3  -3  -1   0  -1  -4  -3  -3    0   0   0   0   0   0   0   0   0   0   0   0   0   0   0   0   0   0   0   0  0.00     0.00
  174 K    -1   2   0  -1  -3   1   1  -1  -1  -3  -2   4  -1  -3  -1   0  -1  -3  -2  -2    0   0   0   0   0   0   0   0   0   0   0   0   0   0   0   0   0   0   0   0  0.00     0.00
  175 K    -1   2   0  -1  -3   1   1  -1  -1  -3  -2   4  -1  -3  -1   0  -1  -3  -2  -2    0   0   0   0   0   0   0   0   0   0   0   0   0   0   0   0   0   0   0   0  0.00     0.00
  176 P    -1  -2  -2  -1  -3  -1  -1  -2  -2  -3  -3  -1  -2  -4   7  -1  -1  -4  -3  -2    0   0   0   0   0   0   0   0   0   0   0   0   0   0   0   0   0   0   0   0  0.00     0.00
  177 K    -1   2   0  -1  -3   1   1  -1  -1  -3  -2   4  -1  -3  -1   0  -1  -3  -2  -2    0   0   0   0   0   0   0   0   0   0   0   0   0   0   0   0   0   0   0   0  0.00     0.00

                      K         Lambda
Standard Ungapped    0.1316     0.3138
Standard Gapped      0.0410     0.2670
PSI Ungapped         0.1316     0.3138
PSI Gapped           0.0410     0.2670
