
Last position-specific scoring matrix computed, weighted observed percentages rounded down, information per position, and relative weight of gapless real matches to pseudocounts
            A   R   N   D   C   Q   E   G   H   I   L   K   M   F   P   S   T   W   Y   V   A   R   N   D   C   Q   E   G   H   I   L   K   M   F   P   S   T   W   Y   V
    1 L    -1  -2  -3  -4  -1  -2  -3  -4  -3   2   4  -2   2   0  -3  -2  -1  -2  -1   1    0   0   0   0   0   0   0   0   0   0 100   0   0   0   0   0   0   0   0   0  0.46 0.00
    2 S     1  -1   1   0  -1   0   0   0  -1  -2  -2   0  -1  -2  -1   4   1  -3  -2  -2    0   0   0   0   0   0   0   0   0   0   0   0   0   0   0 100   0   0   0   0  0.46 0.00
    3 I    -1  -3  -3  -3  -1  -3  -3  -4  -3   4   2  -3   1   0  -3  -2  -1  -3  -1   3    0   0   0   0   0   0   0   0   0 100   0   0   0   0   0   0   0   0   0   0  0.39 0.00
    4 Y     0  -1   0  -1  -1  -1  -1  -1   0  -2  -2  -1  -1   1  -1   3   1   0   4  -1    0   0   0   0   0   0   0   0   0   0   0   0   0   0   0  62   0   0  38   0  0.33 0.00
    5 Q    -1   1   0   0  -3   5   2  -2   0  -3  -2   1   0  -3  -1   0  -1  -2  -1  -2    0   0   0   0   0 100   0   0   0   0   0   0   0   0   0   0   0   0   0   0  0.66 0.00
    6 D     0  -1   3   4  -2   0   1  -1   0  -3  -3   0  -2  -3  -1   2   0  -4  -2  -3    0   0  31  38   0   0   0   0   0   0   0   0   0   0   0  31   0   0   0   0  0.48 0.00
    7 Q    -1  -1  -1  -1  -3   3   0  -2  -1  -3  -3   0  -2  -3   6  -1  -1  -3  -2  -2    0   0   0   0   0  38   0   0   0   0   0   0   0   0  62   0   0   0   0   0  1.17 0.00
    8 E    -1   0   0   1  -4   2   5  -2   0  -3  -3   1  -2  -3  -1   0  -1  -3  -2  -2    0   0   0   0   0   0 100   0   0   0   0   0   0   0   0   0   0   0   0   0  0.74 0.00
    9 Q    -1   1   0   0  -3   5   2  -2   0  -3  -2   1   0  -3  -1   0  -1  -2  -1  -2    0   0   0   0   0 100   0   0   0   0   0   0   0   0   0   0   0   0   0   0  0.66 0.00
   10 R    -1   4   0  -1  -3   1   0  -2  -1  -3  -2   4  -1  -3  -1   0  -1  -3  -2  -2    0  38   0   0   0   0   0   0   0   0   0  62   0   0   0   0   0   0   0   0  0.53 0.00
   11 I    -1  -3  -3  -3  -1  -2  -3  -3  -3   3   1  -2   1  -1  -3  -2   0  -3  -1   3    0   0   0   0   0   0   0   0   0  38   0   0   0   0   0   0   0   0   0  62  0.34 0.00
   12 L    -1  -2  -3  -4  -1  -2  -3  -4  -3   2   4  -2   2   0  -3  -2  -1  -2  -1   1    0   0   0   0   0   0   0   0   0   0 100   0   0   0   0   0   0   0   0   0  0.46 0.00
   13 K    -1   1   5   1  -3   1   0  -1   0  -3  -3   3  -2  -3  -2   0   0  -3  -2  -3    0   0  62   0   0   0   0   0   0   0   0  38   0   0   0   0   0   0   0   0  0.49 0.00
   14 F    -2   4  -1  -2  -3   0  -1  -3  -1  -2  -1   1  -1   3  -3  -1  -1  -1   1  -2    0  62   0   0   0   0   0   0   0   0   0   0   0  38   0   0   0   0   0   0  0.42 0.00
   15 L    -1  -2  -3  -4  -1  -2  -3  -4  -3   2   4  -2   2   0  -3  -2  -1  -2  -1   1    0   0   0   0   0   0   0   0   0   0 100   0   0   0   0   0   0   0   0   0  0.46 0.00
   16 E    -1   0   0   1  -4   2   5  -2   0  -3  -3   1  -2  -3  -1   0  -1  -3  -2  -2    0   0   0   0   0   0 100   0   0   0   0   0   0   0   0   0   0   0   0   0  0.74 0.00
   17 E    -1   0   0   1  -4   2   5  -2   0  -3  -3   1  -2  -3  -1   0  -1  -3  -2  -2    0   0   0   0   0   0 100   0   0   0   0   0   0   0   0   0   0   0   0   0  0.74 0.00
   18 L    -1  -2  -3  -4  -1  -2  -3  -4  -3   2   4  -2   2   0  -3  -2  -1  -2  -1   1    0   0   0   0   0   0   0   0   0   0 100   0   0   0   0   0   0   0   0   0  0.46 0.00
   19 G     0  -2   0  -1  -3  -2  -2   6  -2  -4  -4  -2  -3  -3  -2   0  -2  -3  -3  -3    0   0   0   0   0   0   0 100   0   0   0   0   0   0   0   0   0   0   0   0  1.04 0.00
   20 E    -1   0   0   1  -4   2   5  -2   0  -3  -3   1  -2  -3  -1   0  -1  -3  -2  -2    0   0   0   0   0   0 100   0   0   0   0   0   0   0   0   0   0   0   0   0  0.74 0.00
   21 G     0  -2   0  -1  -3  -2  -2   6  -2  -4  -4  -2  -3  -3  -2   0  -2  -3  -3  -3    0   0   0   0   0   0   0 100   0   0   0   0   0   0   0   0   0   0   0   0  1.04 0.00
   22 K    -1   2   0  -1  -3   1   1  -2  -1  -3  -2   5  -1  -3  -1   0  -1  -3  -2  -2    0   0   0   0   0   0   0   0   0   0   0 100   0   0   0   0   0   0   0   0  0.52 0.00
   23 A     4  -1  -2  -2   0  -1  -1   0  -2  -1  -1  -1  -1  -2  -1   1   0  -3  -2   0  100   0   0   0   0   0   0   0   0   0   0   0   0   0   0   0   0   0   0   0  0.40 0.00
   24 T     0  -1   0  -1  -1  -1  -1  -2  -2  -1  -1  -1  -1  -2  -1   1   5  -2  -2   0    0   0   0   0   0   0   0   0   0   0   0   0   0   0   0   0 100   0   0   0  0.47 0.00
   25 T     0  -1   0  -1  -1  -1  -1  -2  -2  -1  -1  -1  -1  -2  -1   1   5  -2  -2   0    0   0   0   0   0   0   0   0   0   0   0   0   0   0   0   0 100   0   0   0  0.47 0.00
   26 A     4  -1  -2  -2   0  -1  -1   0  -2  -1  -1  -1  -1  -2  -1   1   0  -3  -2   0  100   0   0   0   0   0   0   0   0   0   0   0   0   0   0   0   0   0   0   0  0.40 0.00
   27 H    -2  -1   0  -2  -3   0  -1  -2   7  -3  -2  -1  -1   1  -2  -1  -2   0   4  -2    0   0   0   0   0   0   0   0  69   0   0   0   0   0   0   0   0   0  31   0  0.68 0.00
   28 D     2  -2   0   3  -1  -1   0  -1  -2   0  -1  -1  -1  -2  -1   0   0  -3  -2   1   31   0   0  38   0   0   0   0   0   0   0   0   0   0   0   0   0   0   0  31  0.21 0.00
   29 L    -1  -2  -3  -4  -1  -2  -3  -4  -3   2   4  -2   2   0  -3  -2  -1  -2  -1   1    0   0   0   0   0   0   0   0   0   0 100   0   0   0   0   0   0   0   0   0  0.46 0.00
   30 S     3  -1  -1  -1  -1  -1  -1   0  -1  -2  -2  -1  -1  -2  -1   3   1  -3  -2  -1   62   0   0   0   0   0   0   0   0   0   0   0   0   0   0  38   0   0   0   0  0.35 0.00
   31 G    -1   4   0  -2  -3   0  -1   3  -1  -3  -3   1  -2  -3  -2  -1  -1  -3  -2  -3    0  62   0   0   0   0   0  38   0   0   0   0   0   0   0   0   0   0   0   0  0.53 0.00
   32 K    -1   1   0   1  -3   2   4  -2   0  -3  -3   3  -2  -3  -1   0  -1  -3  -2  -2    0   0   0   0   0   0  62   0   0   0   0  38   0   0   0   0   0   0   0   0  0.54 0.00
   33 L    -1  -2  -3  -4  -1  -2  -3  -4  -3   2   4  -2   2   0  -3  -2  -1  -2  -1   1    0   0   0   0   0   0   0   0   0   0 100   0   0   0   0   0   0   0   0   0  0.46 0.00
   34 G    -1   4   0  -2  -3   0  -1   3  -1  -3  -3   1  -2  -3  -2  -1  -1  -3  -2  -3    0  62   0   0   0   0   0  38   0   0   0   0   0   0   0   0   0   0   0   0  0.53 0.00
   35 T     0  -2  -1  -2  -1  -1  -1  -2  -2   2   0  -1   0  -1  -2   1   4  -2  -2   1    0   0   0   0   0   0   0   0   0  31   0   0   0   0   0   0  69   0   0   0  0.28 0.00
   36 P    -1  -2  -2  -2  -3  -1  -1  -2  -2  -3  -3  -1  -3  -4   7  -1  -1  -4  -3  -2    0   0   0   0   0   0   0   0   0   0   0   0   0   0 100   0   0   0   0   0  2.04 0.00
   37 K    -1   2   0  -1  -3   1   1  -2  -1  -3  -2   5  -1  -3  -1   0  -1  -3  -2  -2    0   0   0   0   0   0   0   0   0   0   0 100   0   0   0   0   0   0   0   0  0.52 0.00
   38 K    -1   4   0  -1  -3   1   1  -2  -1  -3  -2   4  -1  -3  -1   0  -1  -3  -2  -2    0  31   0   0   0   0   0   0   0   0   0  69   0   0   0   0   0   0   0   0  0.52 0.00
   39 E    -1  -1   1   5  -4   1   3  -2  -1  -3  -3   0  -3  -3  -1   0  -1  -4  -3  -3    0   0   0  62   0   0  38   0   0   0   0   0   0   0   0   0   0   0   0   0  0.72 0.00
   40 I    -1  -3  -3  -3  -1  -3  -3  -4  -3   4   2  -3   1   0  -3  -2  -1  -3  -1   3    0   0   0   0   0   0   0   0   0 100   0   0   0   0   0   0   0   0   0   0  0.39 0.00
   41 N    -2   0   6   1  -3   0   0   0   1  -3  -3   0  -2  -3  -2   1   0  -4  -2  -3    0   0 100   0   0   0   0   0   0   0   0   0   0   0   0   0   0   0   0   0  0.73 0.00
   42 R    -1   6   0  -2  -3   1   0  -2   0  -3  -2   2  -1  -3  -2  -1  -1  -3  -2  -3    0 100   0   0   0   0   0   0   0   0   0   0   0   0   0   0   0   0   0   0  0.75 0.00
   43 V    -1  -3  -3  -3  -1  -3  -3  -4  -3   4   1  -3   1   0  -3  -2   0  -3  -1   3    0   0   0   0   0   0   0   0   0  62   0   0   0   0   0   0   0   0   0  38  0.35 0.00
   44 L    -1  -2  -3  -4  -1  -2  -3  -4  -3   2   4  -2   2   0  -3  -2  -1  -2  -1   1    0   0   0   0   0   0   0   0   0   0 100   0   0   0   0   0   0   0   0   0  0.46 0.00
   45 Y    -2  -2  -2  -3  -2  -1  -2  -3   2  -1  -1  -2  -1   3  -3  -2  -2   2   7  -1    0   0   0   0   0   0   0   0   0   0   0   0   0   0   0   0   0   0 100   0  0.87 0.00
   46 S     1  -1   1   0  -1   0   0   0  -1  -2  -2   0  -1  -2  -1   4   1  -3  -2  -2    0   0   0   0   0   0   0   0   0   0   0   0   0   0   0 100   0   0   0   0  0.46 0.00
   47 L    -1  -2  -3  -4  -1  -2  -3  -4  -3   2   4  -2   2   0  -3  -2  -1  -2  -1   1    0   0   0   0   0   0   0   0   0   0 100   0   0   0   0   0   0   0   0   0  0.46 0.00
   48 A     2  -1  -1   1  -2   1   4  -1  -1  -2  -2   0  -2  -3  -1   0  -1  -3  -2  -1   38   0   0   0   0   0  62   0   0   0   0   0   0   0   0   0   0   0   0   0  0.42 0.00
   49 K    -1   4   0  -1  -3   1   1  -2  -1  -3  -2   4  -1  -3  -1   0  -1  -3  -2  -2    0  31   0   0   0   0   0   0   0   0   0  69   0   0   0   0   0   0   0   0  0.52 0.00
   50 K    -1   2   0  -1  -3   1   1  -2  -1  -3  -2   5  -1  -3  -1   0  -1  -3  -2  -2    0   0   0   0   0   0   0   0   0   0   0 100   0   0   0   0   0   0   0   0  0.52 0.00
   51 G     0  -2   0  -1  -3  -2  -2   6  -2  -4  -4  -2  -3  -3  -2   0  -2  -3  -3  -3    0   0   0   0   0   0   0 100   0   0   0   0   0   0   0   0   0   0   0   0  1.04 0.00
   52 K    -1   2   0  -1  -3   1   1  -2  -1  -3  -2   5  -1  -3  -1   0  -1  -3  -2  -2    0   0   0   0   0   0   0   0   0   0   0 100   0   0   0   0   0   0   0   0  0.52 0.00
   53 L    -1  -2  -3  -4  -1  -2  -3  -4  -3   2   4  -2   2   0  -3  -2  -1  -2  -1   1    0   0   0   0   0   0   0   0   0   0 100   0   0   0   0   0   0   0   0   0  0.46 0.00
   54 Q    -1   0   0  -1  -3   3   1  -2   6  -3  -3   0  -1  -2  -2  -1  -1  -2   1  -3    0   0   0   0   0  38   0   0  62   0   0   0   0   0   0   0   0   0   0   0  0.61 0.00
   55 K    -1   5   0  -1  -3   1   0  -2   0  -3  -2   3  -1  -3  -2  -1  -1  -3  -2  -2    0  62   0   0   0   0   0   0   0   0   0  38   0   0   0   0   0   0   0   0  0.59 0.00
   56 E     0  -1   0   0  -3   0   2   4  -1  -4  -3   0  -2  -3  -2   0  -1  -3  -3  -3    0   0   0   0   0   0  38  62   0   0   0   0   0   0   0   0   0   0   0   0  0.62 0.00
   57 A     2   3  -1  -2  -1   0  -1  -1  -1   0  -1   0   0  -2  -2   0   0  -3  -2   1   38  31   0   0   0   0   0   0   0   0   0   0   0   0   0   0   0   0   0  31  0.17 0.00
   58 G     0  -2   0  -1  -3  -2  -2   6  -2  -4  -4  -2  -3  -3  -2   0  -2  -3  -3  -3    0   0   0   0   0   0   0 100   0   0   0   0   0   0   0   0   0   0   0   0  1.04 0.00
   59 T     0   1   0  -1  -2   1   0  -2  -1  -2  -2   3  -1  -3  -1   0   2  -3  -2  -1    0   0   0   0   0   0   0   0   0   0   0  62   0   0   0   0  38   0   0   0  0.34 0.00
   60 P    -1  -2  -2  -2  -3  -1  -1  -2  -2  -3  -3  -1  -3  -4   7  -1  -1  -4  -3  -2    0   0   0   0   0   0   0   0   0   0   0   0   0   0 100   0   0   0   0   0  2.04 0.00
   61 P    -1  -2  -2  -2  -3  -1  -1  -2  -2  -3  -3  -1  -3  -4   7  -1  -1  -4  -3  -2    0   0   0   0   0   0   0   0   0   0   0   0   0   0 100   0   0   0   0   0  2.04 0.00
   62 L    -1  -2  -3  -4  -1  -2  -3  -4  -3   2   4  -2   2   0  -3  -2  -1  -2  -1   1    0   0   0   0   0   0   0   0   0   0 100   0   0   0   0   0   0   0   0   0  0.46 0.00
   63 W    -3  -3  -4  -4  -2  -2  -3  -3  -2  -3  -2  -3  -1   1  -4  -3  -2  11   2  -3    0   0   0   0   0   0   0   0   0   0   0   0   0   0   0   0   0 100   0   0  2.32 0.01
   64 K     1   1   0   0  -2   0   0  -1  -1  -2  -2   3  -1  -3  -1   3   1  -3  -2  -2    0   0   0   0   0   0   0   0   0   0   0  38   0   0   0  62   0   0   0   0  0.34 0.00
   65 I    -1  -2  -3  -3  -1  -2  -3  -4  -3   3   3  -3   2   0  -3  -2  -1  -2  -1   2    0   0   0   0   0   0   0   0   0  38  62   0   0   0   0   0   0   0   0   0  0.38 0.00
   66 A     4  -1  -1  -2   0  -1  -1   0  -1  -1  -1  -1  -1  -2  -1   1   0  -2  -2   0    0   0   0   0   0   0   0   0   0   0   0   0   0   0   0   0   0   0   0   0  0.00     0.00
   67 V     0  -2  -3  -3  -1  -2  -2  -3  -3   2   1  -2   1  -1  -2  -2   0  -3  -1   3    0   0   0   0   0   0   0   0   0   0   0   0   0   0   0   0   0   0   0   0  0.00     0.00

                      K         Lambda
Standard Ungapped    0.1328     0.3117
Standard Gapped      0.0410     0.2670
PSI Ungapped         0.1328     0.3117
PSI Gapped           0.0410     0.2670
