
Last position-specific scoring matrix computed, weighted observed percentages rounded down, information per position, and relative weight of gapless real matches to pseudocounts
            A   R   N   D   C   Q   E   G   H   I   L   K   M   F   P   S   T   W   Y   V   A   R   N   D   C   Q   E   G   H   I   L   K   M   F   P   S   T   W   Y   V
    1 G     2  -2  -1  -2  -2  -2  -2   5  -2  -3  -3  -1  -2  -3  -2   0  -1  -3  -3  -2   25   0   0   0   0   0   0  75   0   0   0   0   0   0   0   0   0   0   0   0  0.74 0.01
    2 R    -1   6  -1  -2  -4   1   0  -2   0  -3  -2   3  -2  -3  -2  -1  -1  -3  -2  -3    0  85   0   0   0   0   0   0   0   0   0  15   0   0   0   0   0   0   0   0  0.71 0.01
    3 V    -1  -3  -3  -4  -1  -3  -3  -3  -3   2   2  -3   1   3  -3  -2  -1  -1   1   3    0   0   0   0   0   0   0   0   0   0  19   0   0  29   0   0   0   0   0  52  0.29 0.01
    4 F    -2  -3  -3  -4  -3  -3  -3  -3   0  -1   0  -3   0   6  -4  -2  -2   1   5  -1    0   0   0   0   0   0   0   0   0   0   0   0   0  71   0   0   0   0  29   0  0.73 0.01
    5 A     2  -2  -2  -2  -1  -1  -2  -1  -2   1   0  -1   0  -2  -2   0   2  -3  -2   2   38   0   0   0   0   0   0   0   0   0   0   0   0   0   0   0  18   0   0  44  0.20 0.01
    6 P     0  -2  -1  -1  -2  -1  -1   4  -2  -3  -3  -1  -3  -3   5   1  -1  -3  -3  -3    0   0   0   0   0   0   0  44   0   0   0   0   0   0  38  18   0   0   0   0  0.83 0.01
    7 Y    -2  -1  -1  -3  -3  -1  -2  -3   5  -2  -2  -2  -1   2  -3  -2  -2   1   6  -2    0   0   0   0   0   0   0   0  29   0   0   0   0   0   0   0   0   0  71   0  0.74 0.02
    8 S     1  -1   1   0  -1   0   0   0  -1  -3  -3   0  -2  -3  -1   4   1  -3  -2  -2    0   0   0   0   0   0   0   0   0   0   0   0   0   0   0 100   0   0   0   0  0.49 0.02
    9 V    -1  -3  -3  -3  -1  -3  -3  -4  -3   4   1  -3   1   0  -3  -2  -1  -3  -1   3    0   0   0   0   0   0   0   0   0  81   0   0   0   0   0   0   0   0   0  19  0.40 0.01
   10 F    -2  -2  -3  -3  -3  -2  -3  -3   1  -1  -1  -2  -1   5  -3  -2  -2   2   6  -1    0   0   0   0   0   0   0   0   0   0   0   0   0  38   0   0   0   0  62   0  0.76 0.01
   11 K    -1   2   0  -1  -3   1   1  -2  -1  -3  -3   5  -2  -3  -1   0  -1  -3  -2  -2    0   0   0   0   0   0   0   0   0   0   0 100   0   0   0   0   0   0   0   0  0.56 0.02
   12 G     0  -3  -1  -1  -3  -2  -2   6  -2  -4  -4  -2  -3  -3  -2   0  -2  -3  -3  -3    0   0   0   0   0   0   0 100   0   0   0   0   0   0   0   0   0   0   0   0  1.08 0.01
   13 K    -1   2   0  -1  -3   1   1  -2  -1  -3  -3   5  -2  -3  -1   0  -1  -3  -2  -2    0   0   0   0   0   0   0   0   0   0   0 100   0   0   0   0   0   0   0   0  0.56 0.02
   14 A     4  -2  -2  -2  -1  -1  -1   0  -2  -1  -2  -1  -1  -2  -1   1   0  -3  -2   0  100   0   0   0   0   0   0   0   0   0   0   0   0   0   0   0   0   0   0   0  0.44 0.01
   15 A     4  -2  -2  -2  -1  -1  -1   0  -2  -1  -2  -1  -1  -2  -1   1   0  -3  -2   0  100   0   0   0   0   0   0   0   0   0   0   0   0   0   0   0   0   0   0   0  0.44 0.01
   16 L    -2  -2  -4  -4  -1  -2  -3  -4  -3   2   4  -3   2   0  -3  -3  -1  -2  -1   1    0   0   0   0   0   0   0   0   0   0 100   0   0   0   0   0   0   0   0   0  0.49 0.01
   17 S     1  -1   0  -1  -1   0  -1  -1  -1  -2  -2   0  -1  -2  -1   3   3  -3  -2  -1    0   0   0   0   0   0   0   0   0   0   0   0   0   0   0  56  44   0   0   0  0.41 0.01
   18 A     1  -3  -3  -3  -1  -2  -2  -2  -3   2   1  -2   0   2  -2  -1   0  -2   0   3   19   0   0   0   0   0   0   0   0  15   0   0   0  18   0   0   0   0   0  49  0.20 0.01
   19 E    -1  -1   0   4  -4   1   5  -2   0  -3  -3   0  -3  -4  -1   0  -1  -3  -3  -3    0   0   0  32   0   0  68   0   0   0   0   0   0   0   0   0   0   0   0   0  0.69 0.01
   20 P    -1  -2  -2  -2  -3  -1  -1  -2  -2  -3  -3  -1  -3  -4   8  -1  -1  -4  -3  -3    0   0   0   0   0   0   0   0   0   0   0   0   0   0 100   0   0   0   0   0  2.09 0.02
   21 R    -1   5  -1  -2  -3   1  -1  -3  -1  -1  -1   2  -1  -3  -2  -1  -1  -3  -2   0    0  81   0   0   0   0   0   0   0   0   0   0   0   0   0   0   0   0   0  19  0.52 0.01
   22 L     2  -2  -2  -2  -1  -1  -1  -1  -2   0   2  -1   0  -1   3   1   0  -3  -2   0   29   0   0   0   0   0   0   0   0   0  38   0   0   0  18  15   0   0   0   0  0.25 0.00
   23 P    -1  -2  -2  -2  -3  -1  -1  -2  -2  -3  -3  -1  -3  -4   8  -1  -1  -4  -3  -3    0   0   0   0   0   0   0   0   0   0   0   0   0   0 100   0   0   0   0   0  2.09 0.02
   24 T     0  -1   0   0  -2   1   3  -2  -1  -1   0   0  -1  -2  -1   1   2  -3  -2  -1    0   0   0   0   0   0  44   0   0   0  18   0   0   0   0  19  19   0   0   0  0.25 0.01
   25 F    -2  -3  -3  -4  -3  -3  -3  -3  -1   0   0  -3   0   7  -4  -3  -2   1   3  -1    0   0   0   0   0   0   0   0   0   0   0   0   0 100   0   0   0   0   0   0  0.81 0.02
   26 N     0  -2   2  -1  -1  -1  -1  -2  -2   1   0  -1   0  -2  -2   1   2  -3  -2   2    0   0  19   0   0   0   0   0   0   0   0   0   0   0   0  15  19   0   0  47  0.16 0.01
   27 R     2   2  -1  -1  -2   0   2  -1  -1  -3  -2   0  -2  -3   5   0  -1  -3  -2  -2   29  19   0   0   0   0  19   0   0   0   0   0   0   0  33   0   0   0   0   0  0.55 0.01
   28 L    -2  -2  -4  -4  -1  -2  -3  -4  -3   2   4  -3   2   0  -3  -3  -1  -2  -1   1    0   0   0   0   0   0   0   0   0  19  81   0   0   0   0   0   0   0   0   0  0.43 0.01
   29 D    -2  -1   1   6  -4   0   2  -2  -1  -3  -4  -1  -3  -4  -2   0  -1  -4  -3  -3    0   0   0  85   0   0  15   0   0   0   0   0   0   0   0   0   0   0   0   0  0.87 0.01
   30 S     1  -1   1   0  -1   0   0   0  -1  -3  -3   0  -2  -3  -1   4   1  -3  -2  -2    0   0   0   0   0   0   0   0   0   0   0   0   0   0   0 100   0   0   0   0  0.49 0.02
   31 G     0  -3  -1  -1  -3  -2  -2   6  -2  -4  -4  -2  -3  -3  -2   0  -2  -3  -3  -3    0   0   0   0   0   0   0 100   0   0   0   0   0   0   0   0   0   0   0   0  1.08 0.01
   32 G     3  -1   2  -1  -1  -1  -1   2  -1  -2  -2  -1  -2  -3  -1   1   0  -3  -2  -1   62   0  19   0   0   0   0  19   0   0   0   0   0   0   0   0   0   0   0   0  0.33 0.01
   33 V    -2  -3  -3  -4  -2  -3  -3  -3  -1   1   1  -3   1   5  -3  -2  -1   0   4   1    0   0   0   0   0   0   0   0   0   0  19   0   0  44   0   0   0   0  18  19  0.40 0.01
   34 K    -1   3   0  -1  -3   1   1  -2  -1  -3  -3   5  -2  -3  -1   0  -1  -3  -2  -3    0  19   0   0   0   0   0   0   0   0   0  81   0   0   0   0   0   0   0   0  0.54 0.01
   35 L    -1  -3  -3  -4  -1  -2  -3  -4  -3   3   3  -3   2   0  -3  -2  -1  -2  -1   2    0   0   0   0   0   0   0   0   0  19  63   0   0   0   0   0   0   0   0  18  0.37 0.01
   36 N     1  -1   3   2  -2   0   0  -1  -1  -2  -3  -1  -2  -3  -1   2   2  -3  -2  -2   18   0  19  19   0   0   0   0   0   0   0   0   0   0   0  30  15   0   0   0  0.30 0.00
   37 R    -1   5   0  -1  -3   1   0  -2  -1  -3  -2   4  -2  -3  -2  -1  -1  -3  -2  -3    0  53   0   0   0   0   0   0   0   0   0  47   0   0   0   0   0   0   0   0  0.59 0.01
   38 R    -1   4   0   2  -4   1   4  -2   0  -3  -3   1  -2  -3  -2   0  -1  -3  -2  -3    0  38   0  14   0   0  47   0   0   0   0   0   0   0   0   0   0   0   0   0  0.53 0.01
   39 G     0  -3  -1  -1  -3  -2  -2   6  -2  -4  -4  -2  -3  -3  -2   0  -2  -3  -3  -3    0   0   0   0   0   0   0 100   0   0   0   0   0   0   0   0   0   0   0   0  1.08 0.01
   40 V    -1  -2  -2  -3  -2  -2  -2  -2  -2   1   0  -2   2   4  -3   0  -1   0   1   1    0   0   0   0   0   0   0   0   0   0   0   0  15  47   0  19   0   0   0  19  0.24 0.01
   41 I    -1  -3  -3  -4  -1  -2  -3  -4  -3   3   3  -3   2   0  -3  -2  -1  -2  -1   3    0   0   0   0   0   0   0   0   0  19  48   0   0   0   0   0   0   0   0  33  0.34 0.01
   42 M    -1  -2  -3  -4  -2  -1  -3  -3  -2   1   3  -2   5   0  -3  -2  -1  -2  -1   1    0   0   0   0   0   0   0   0   0   0  47   0  53   0   0   0   0   0   0   0  0.38 0.01
   43 L    -1  -2  -3  -4  -1  -2  -3  -4  -3   1   4  -2   3   0  -3  -2  -1  -2  -1   1    0   0   0   0   0   0   0   0   0   0  81   0  19   0   0   0   0   0   0   0  0.43 0.01
   44 T    -1   0   0  -1  -2   5   1  -2   0  -2  -2   1  -1  -3  -1   1   3  -2  -2  -1    0   0   0   0   0  62   0   0   0   0   0   0   0   0   0   0  38   0   0   0  0.44 0.01
   45 F    -2  -3  -3  -4  -3  -3  -3  -3  -1   0   0  -3   0   7  -4  -3  -2   1   3  -1    0   0   0   0   0   0   0   0   0   0   0   0   0 100   0   0   0   0   0   0  0.81 0.02
   46 W     3  -2  -2  -3  -1  -1  -1  -1  -2  -1  -1  -1   2  -1  -2   0  -1   6   0   0   62   0   0   0   0   0   0   0   0   0   0   0  19   0   0   0   0  19   0   0  0.38 0.01
   47 P    -1  -2  -2  -2  -3  -1  -1  -2  -2  -3  -3  -1  -3  -4   8  -1  -1  -4  -3  -3    0   0   0   0   0   0   0   0   0   0   0   0   0   0 100   0   0   0   0   0  2.09 0.02
   48 S     4  -1  -1  -1  -1  -1  -1   0  -1  -2  -2  -1  -1  -2  -1   3   0  -3  -2  -1   67   0   0   0   0   0   0   0   0   0   0   0   0   0   0  33   0   0   0   0  0.37 0.01
   49 V     2  -2  -2  -3  -1  -2  -2  -1  -3   2   0  -2   0  -1  -2   0   0  -3  -2   3   44   0   0   0   0   0   0   0   0  19   0   0   0   0   0   0   0   0   0  36  0.21 0.01
   50 G     1  -2  -1  -2  -2  -2  -2   5  -2  -3  -3  -2  -2  -3  -2   0  -1  -3  -3  -3   18   0   0   0   0   0   0  82   0   0   0   0   0   0   0   0   0   0   0   0  0.84 0.01
   51 E     0  -1  -1   0  -2   0   3  -3  -2   1  -1  -1   0  -2  -2   0   1  -3  -2   2    0   0   0   0   0   0  38   0   0   0   0   0   0   0   0   0  18   0   0  44  0.20 0.01
   52 R    -2   6  -1  -2  -4   1   0  -3   0  -3  -2   2  -2  -3  -2  -1  -1  -3  -2  -3    0 100   0   0   0   0   0   0   0   0   0   0   0   0   0   0   0   0   0   0  0.80 0.02
   53 K    -1   1   0  -1  -3   5   2  -2   0  -3  -2   3  -1  -3  -1   0  -1  -3  -2  -2    0   0   0   0   0  62   0   0   0   0   0  38   0   0   0   0   0   0   0   0  0.54 0.01
   54 Y    -2  -2  -2  -3  -3  -2  -2  -3   2  -2  -1  -2  -1   3  -3  -2  -2   2   7  -1    0   0   0   0   0   0   0   0   0   0   0   0   0   0   0   0   0   0 100   0  0.95 0.02
   55 D    -2  -2   1   6  -4   0   2  -1  -1  -3  -4  -1  -3  -4  -2   0  -1  -5  -3  -3    0   0   0 100   0   0   0   0   0   0   0   0   0   0   0   0   0   0   0   0  0.98 0.02
   56 W    -3  -3  -4  -5  -3  -2  -3  -3  -3  -3  -2  -3  -2   1  -4  -3  -3  11   2  -3    0   0   0   0   0   0   0   0   0   0   0   0   0   0   0   0   0 100   0   0  2.45 0.03
   57 E     0  -1   0   0  -2   1   3  -1  -1  -2  -3   0  -2  -3  -1   3   2  -3  -2  -2    0   0   0   0   0   0  38   0   0   0   0   0   0   0   0  44  18   0   0   0  0.37 0.01
   58 K    -1   5   0  -1  -3   1   0  -2  -1  -3  -3   4  -2  -3  -2  -1  -1  -3  -2  -3    0  47   0   0   0   0   0   0   0   0   0  53   0   0   0   0   0   0   0   0  0.57 0.01
   59 R    -1   3   0  -1  -3   1   1  -2  -1  -3  -3   5  -2  -3  -1   0  -1  -3  -2  -3    0  19   0   0   0   0   0   0   0   0   0  81   0   0   0   0   0   0   0   0  0.54 0.01
   60 Q    -1   1   0   0  -3   6   2  -2   0  -3  -2   1  -1  -3  -1   0  -1  -2  -2  -2    0   0   0   0   0 100   0   0   0   0   0   0   0   0   0   0   0   0   0   0  0.72 0.02
   61 L    -1  -1  -2  -3  -1  -1  -2  -3  -3   2   1   1   1  -1  -2  -2   0  -3  -1   3    0   0   0   0   0   0   0   0   0   0  19  19   0   0   0   0   0   0   0  62  0.19 0.01
   62 F    -2  -3  -3  -4  -3  -3  -3  -3  -1   0   0  -3   0   7  -4  -3  -2   1   3  -1    0   0   0   0   0   0   0   0   0   0   0   0   0 100   0   0   0   0   0   0  0.81 0.02
   63 A     3  -1   0  -1  -1   0   0   0  -1  -2  -2   0  -1  -3  -1   3   1  -3  -2  -1   38   0   0   0   0   0   0   0   0   0   0   0   0   0   0  62   0   0   0   0  0.38 0.01
   64 L    -2  -2  -4  -4  -1  -2  -3  -4  -3   2   4  -3   2   0  -3  -3  -1  -2  -1   1    0   0   0   0   0   0   0   0   0   0 100   0   0   0   0   0   0   0   0   0  0.49 0.01
   65 S     1  -1   1   0  -1   0   0   0  -1  -3  -3   0  -2  -3  -1   4   1  -3  -2  -2    0   0   0   0   0   0   0   0   0   0   0   0   0   0   0 100   0   0   0   0  0.49 0.02
   66 A     1  -2  -3  -3  -1  -2  -2  -2  -3   2   0  -2   0  -2   3  -1   0  -3  -2   3   19   0   0   0   0   0   0   0   0   0   0   0   0   0  19   0   0   0   0  62  0.32 0.01
   67 T     0  -2  -1  -2  -1  -1  -1  -2  -2  -1  -1  -1  -1  -1  -2   1   5   6  -1  -1    0   0   0   0   0   0   0   0   0   0   0   0   0   0   0   0  82  18   0   0  0.55 0.02
   68 E    -1   0   0   2  -4   2   5  -2   0  -3  -3   1  -2  -3  -1   0  -1  -3  -2  -3    0   0   0   0   0   0 100   0   0   0   0   0   0   0   0   0   0   0   0   0  0.78 0.02
   69 V    -1  -3  -3  -3  -1  -3  -3  -4  -3   4   1  -3   1   0  -3  -2  -1  -3  -1   3    0   0   0   0   0   0   0   0   0  62   0   0   0   0   0   0   0   0   0  38  0.38 0.01
   70 G     0  -3  -1  -1  -3  -2  -2   6  -2  -4  -4  -2  -3  -3  -2   0  -2  -3  -3  -3    0   0   0   0   0   0   0 100   0   0   0   0   0   0   0   0   0   0   0   0  1.08 0.01
   71 S     0  -1   2   0  -1   0   0  -1  -1  -2  -2   0  -1  -3  -1   3   3  -3  -2  -1    0   0  15   0   0   0   0   0   0   0   0   0   0   0   0  53  32   0   0   0  0.37 0.01
   72 L    -2  -2  -4  -4  -1  -2  -3  -4  -3   2   4  -3   2   0  -3  -3  -1  -2  -1   1    0   0   0   0   0   0   0   0   0  15  85   0   0   0   0   0   0   0   0   0  0.44 0.01
   73 I    -1  -3  -3  -3  -1  -3  -3  -4  -3   4   2  -3   1   0  -3  -2  -1  -3  -1   3    0   0   0   0   0   0   0   0   0  53  18   0   0   0   0   0   0   0   0  29  0.35 0.01
   74 S     1  -1   0   0  -1   0   0  -1  -1  -2  -2   0  -1  -3  -1   4   2  -3  -2  -1    0   0   0   0   0   0   0   0   0   0   0   0   0   0   0  82  18   0   0   0  0.44 0.01
   75 M    -1  -2  -3  -4  -1  -2  -3  -3  -2   1   4  -2   4   0  -3  -2  -1  -2  -1   1    0   0   0   0   0   0   0   0   0   0  62   0  38   0   0   0   0   0   0   0  0.39 0.01
   76 G     0  -3  -1  -1  -3  -2  -2   6  -2  -4  -4  -2  -3  -3  -2   0  -2  -3  -3  -3    0   0   0   0   0   0   0 100   0   0   0   0   0   0   0   0   0   0   0   0  1.08 0.01
   77 T     1  -2  -1  -1  -2  -1  -1  -1  -2  -2  -2  -1  -2  -3   6   2   2  -3  -2  -1   15   0   0   0   0   0   0   0   0   0   0   0   0   0  47  19  19   0   0   0  0.80 0.01
   78 R    -1   4   0  -1  -3   1   0  -2  -1  -3  -2   3  -1  -3  -2   0   1  -3  -2  -2    0  48   0   0   0   0   0   0   0   0   0  35   0   0   0   0  18   0   0   0  0.46 0.01
   79 D    -2  -1   1   5  -4   0   3  -2  -1  -3  -4   0  -3  -4  -2   0  -1  -4  -3  -3    0   0   0  71   0   0  29   0   0   0   0   0   0   0   0   0   0   0   0   0  0.78 0.01
   80 S     1  -1   1   0  -1   0   0   0  -1  -3  -3   0  -2  -3  -1   4   1  -3  -2  -2    0   0   0   0   0   0   0   0   0   0   0   0   0   0   0 100   0   0   0   0  0.49 0.02
   81 S     0  -2  -1  -2   8  -2  -2  -2  -2  -2  -2  -2  -2  -3  -2   2   0  -3  -2  -1    0   0   0   0  62   0   0   0   0   0   0   0   0   0   0  38   0   0   0   0  0.72 0.02
   82 E    -1   0   0   2  -4   2   5  -2   0  -3  -3   1  -2  -3  -1   0  -1  -3  -2  -3    0   0   0   0   0   0 100   0   0   0   0   0   0   0   0   0   0   0   0   0  0.78 0.02
   83 F    -2  -3  -3  -4  -3  -3  -3  -3  -1   0   0  -3   0   7  -4  -3  -2   1   3  -1    0   0   0   0   0   0   0   0   0   0   0   0   0 100   0   0   0   0   0   0  0.81 0.02
   84 F    -2  -3  -3  -4  -3  -3  -3  -3  -1   0   0  -3   0   7  -4  -3  -2   1   3  -1    0   0   0   0   0   0   0   0   0   0   0   0   0 100   0   0   0   0   0   0  0.81 0.02
   85 H    -2   0   0  -1  -3   0   0  -2   8  -4  -3  -1  -2  -1  -2  -1  -2  -3   2  -3    0   0   0   0   0   0   0   0 100   0   0   0   0   0   0   0   0   0   0   0  0.97 0.02
   86 D    -2  -2   1   6  -4   0   2  -1  -1  -3  -4  -1  -3  -4  -2   0  -1  -5  -3  -3    0   0   0 100   0   0   0   0   0   0   0   0   0   0   0   0   0   0   0   0  0.98 0.02
   87 P    -1  -2  -2  -2  -3  -1  -1  -2  -2  -3  -3  -1  -3  -4   8  -1  -1  -4  -3  -3    0   0   0   0   0   0   0   0   0   0   0   0   0   0 100   0   0   0   0   0  2.09 0.02
   88 S     0  -1   2  -1  -2  -1  -1  -1  -1  -2  -1   1  -1   3  -2   2   0  -1   1  -2    0   0  15   0   0   0   0   0   0   0   0  15   0  32   0  38   0   0   0   0  0.19 0.01
   89 M    -1   1  -1  -2  -2   0   0   1  -1  -1   0   3   3  -2  -2  -1  -1  -2  -2  -1    0   0   0   0   0   0   0  15   0   0   0  47  38   0   0   0   0   0   0   0  0.19 0.01
   90 L     0   0  -1  -2  -3   0  -1   4  -2  -2   0   2  -1  -2  -2  -1  -1  -3  -2  -2    0   0   0   0   0   0   0  47   0   0  19  34   0   0   0   0   0   0   0   0  0.33 0.01
   91 S     0   3   0  -1  -2   0   0   1  -1  -3  -3   2  -2  -3  -2   2   0  -3  -2  -2    0  33   0   0   0   0   0  15   0   0   0  14   0   0   0  38   0   0   0   0  0.33 0.01
   92 S     1  -1   1   0  -1   0   0   0  -1  -3  -3   0  -2  -3  -1   4   1  -3  -2  -2    0   0   0   0   0   0   0   0   0   0   0   0   0   0   0 100   0   0   0   0  0.49 0.02
   93 N    -2  -1   4   4  -3   0   2  -1   0  -3  -4   0  -3  -3  -2   0  -1  -4  -3  -3    0   0  38  44   0   0  18   0   0   0   0   0   0   0   0   0   0   0   0   0  0.62 0.01
   94 A     2  -1  -1   1  -2   1   4  -1  -1  -3  -2   0  -2  -3  -1   0  -1  -3  -2  -2   38   0   0   0   0   0  62   0   0   0   0   0   0   0   0   0   0   0   0   0  0.43 0.01
   95 G     0  -3  -1  -1  -3  -2  -2   6  -2  -4  -4  -2  -3  -3  -2   0  -2  -3  -3  -3    0   0   0   0   0   0   0 100   0   0   0   0   0   0   0   0   0   0   0   0  1.08 0.01
   96 Q    -1   3   0  -1  -3   4   1  -2   0  -3  -2   4  -1  -3  -1   0  -1  -3  -2  -2    0  15   0   0   0  38   0   0   0   0   0  47   0   0   0   0   0   0   0   0  0.50 0.01
   97 V     0  -3  -3  -3  -1  -2  -3  -3  -3   3   1  -2   1  -1  -3  -2   0  -3  -1   4    0   0   0   0   0   0   0   0   0   0   0   0   0   0   0   0   0   0   0 100  0.39 0.01
   98 R    -2   6  -1  -2  -4   1   0  -3   0  -3  -2   2  -2  -3  -2  -1  -1  -3  -2  -3    0 100   0   0   0   0   0   0   0   0   0   0   0   0   0   0   0   0   0   0  0.80 0.02
   99 K    -1   2   0  -1  -3   1   1  -2  -1  -3  -3   5  -2  -3  -1   0  -1  -3  -2  -2    0   0   0   0   0   0   0   0   0   0   0 100   0   0   0   0   0   0   0   0  0.56 0.02
  100 S     0  -2  -1  -2  -1  -1  -1  -2  -2   2   0  -1   0  -1  -2   2   1  -3  -2   3    0   0   0   0   0   0   0   0   0   0   0   0   0   0   0  38   0   0   0  62  0.19 0.01
  101 L    -2  -2  -4  -4  -1  -2  -3  -4  -3   2   4  -3   2   0  -3  -3  -1  -2  -1   1    0   0   0   0   0   0   0   0   0   0 100   0   0   0   0   0   0   0   0   0  0.49 0.01
  102 S     0   1   0  -1  -2   1   0  -1  -1  -3  -3   4  -2  -3  -1   2   0  -3  -2  -2    0   0   0   0   0   0   0   0   0   0   0  62   0   0   0  38   0   0   0   0  0.38 0.01
  103 I    -1  -3  -3  -3  -1  -3  -3  -4  -3   3   1  -3   1  -1  -3  -2   0  -3  -1   4    0   0   0   0   0   0   0   0   0  36   0   0   0   0   0   0   0   0   0  64  0.36 0.01
  104 K    -1   1   0   1  -4   2   4  -2   0  -3  -3   3  -2  -3  -1   0  -1  -3  -2  -3    0   0   0   0   0   0  62   0   0   0   0  38   0   0   0   0   0   0   0   0  0.56 0.01
  105 P    -1  -2  -2  -2  -3  -1  -1  -2  -2  -3  -3  -1  -3  -4   8  -1  -1  -4  -3  -3    0   0   0   0   0   0   0   0   0   0   0   0   0   0 100   0   0   0   0   0  2.09 0.02
  106 N    -1  -1   2  -1  -2  -1  -1  -2   4   0   2  -1   1  -1  -2  -1   1  -2  -1   0    0   0  19   0   0   0   0   0  19   0  44   0   0   0   0   0  18   0   0   0  0.16 0.01
  107 A     2  -2  -2  -2  -2  -1  -1  -1  -2  -2  -2  -1  -2  -3   6   0  -1  -3  -3  -1   38   0   0   0   0   0   0   0   0   0   0   0   0   0  62   0   0   0   0   0  1.13 0.01
  108 D    -2  -2   1   6  -4   0   2  -1  -1  -3  -4  -1  -3  -4  -2   0  -1  -5  -3  -3    0   0   0 100   0   0   0   0   0   0   0   0   0   0   0   0   0   0   0   0  0.98 0.02
  109 G     0  -3  -1  -1  -3  -2  -2   6  -2  -4  -4  -2  -3  -3  -2   0  -2  -3  -3  -3    0   0   0   0   0   0   0 100   0   0   0   0   0   0   0   0   0   0   0   0  1.08 0.01
  110 S     1  -1   3   0  -1   0   0   0  -1  -3  -3   0  -2  -3  -1   4   1  -3  -2  -2    0   0  18   0   0   0   0   0   0   0   0   0   0   0   0  82   0   0   0   0  0.44 0.01
  111 G     0  -3  -1  -1  -3  -2  -2   6  -2  -4  -4  -2  -3  -3  -2   0  -2  -3  -3  -3    0   0   0   0   0   0   0 100   0   0   0   0   0   0   0   0   0   0   0   0  1.08 0.01
  112 Y    -2   3  -1  -2  -3   0  -1  -3   5  -3  -2   0  -1   1  -3  -1  -2   0   5  -2    0  32   0   0   0   0   0   0  30   0   0   0   0   0   0   0   0   0  38   0  0.49 0.01
  113 F    -2  -3  -3  -4  -3  -3  -3  -3  -1   0   0  -3   0   7  -4  -3  -2   1   3  -1    0   0   0   0   0   0   0   0   0   0   0   0   0 100   0   0   0   0   0   0  0.81 0.02
  114 I    -2  -3  -3  -4  -2  -3  -3  -4  -2   2   1  -3   0   5  -4  -3  -2   0   2   1    0   0   0   0   0   0   0   0   0  38   0   0   0  62   0   0   0   0   0   0  0.47 0.01
  115 S     0  -1   5   1  -2   0   0   0   0  -3  -3   0  -2  -3  -2   3   1  -4  -2  -3    0   0  62   0   0   0   0   0   0   0   0   0   0   0   0  38   0   0   0   0  0.52 0.01
  116 L    -2  -2  -4  -4  -1  -2  -3  -4  -3   2   4  -3   2   0  -3  -3  -1  -2  -1   1    0   0   0   0   0   0   0   0   0   0 100   0   0   0   0   0   0   0   0   0  0.49 0.01
  117 S     1  -1   1   0  -1   0   0   0  -1  -3  -3   0  -2  -3  -1   4   1  -3  -2  -2    0   0   0   0   0   0   0   0   0   0   0   0   0   0   0 100   0   0   0   0  0.49 0.02
  118 V     0  -3  -3  -3  -1  -2  -3  -3  -3   3   1  -2   1  -1  -3  -2   0  -3  -1   4    0   0   0   0   0   0   0   0   0   0   0   0   0   0   0   0   0   0   0 100  0.39 0.01
  119 V    -1   0   2   0  -3   5   1  -2   0  -1  -2   1  -1  -3  -2   0  -1  -3  -2   0    0   0  19   0   0  62   0   0   0   0   0   0   0   0   0   0   0   0   0  19  0.35 0.01
  120 N    -2  -1   6   1  -3   0   0  -1   1  -4  -4   0  -2  -3  -2   1   0  -4  -2  -3    0   0 100   0   0   0   0   0   0   0   0   0   0   0   0   0   0   0   0   0  0.79 0.02
  121 N    -1   3   2   0  -3   1   0  -1   0  -3  -3   3  -2  -3  -1   1   0  -3  -2  -2    0  18  19   0   0   0   0   0   0   0   0  44   0   0   0  19   0   0   0   0  0.36 0.01
  122 N    -2  -2   1  -2  -2  -2  -2  -3  -2   2   3  -2   1   0  -3  -2  -1  -2  -1   1    0   0  19   0   0   0   0   0   0  19  62   0   0   0   0   0   0   0   0   0  0.25 0.01
  123 L    -1  -3  -3  -4  -1  -3  -3  -4  -3   3   3  -3   2   0  -3  -2  -1  -2  -1   2    0   0   0   0   0   0   0   0   0  33  53   0   0   0   0   0   0   0   0  14  0.36 0.01
  124 K    -1   1   5   1  -3   1   0  -1   0  -3  -3   3  -2  -3  -2   0   0  -4  -2  -3    0   0  62   0   0   0   0   0   0   0   0  38   0   0   0   0   0   0   0   0  0.51 0.01
  125 T     0  -2  -2  -2  -1  -2  -2  -3  -3   2   1  -2   1  -1  -2   0   3  -3  -1   3    0   0   0   0   0   0   0   0   0   0  15   0   0   0   0   0  38   0   0  47  0.23 0.01
  126 N    -2  -1   4   5  -3   0   1  -1   0  -3  -4  -1  -3  -4  -2   0  -1  -4  -3  -3    0   0  38  62   0   0   0   0   0   0   0   0   0   0   0   0   0   0   0   0  0.73 0.01
  127 D    -1  -1   0   4  -4   1   4  -2  -1  -3  -3   0  -3  -4  -1   0  -1  -4  -3  -3    0   0   0  38   0   0  62   0   0   0   0   0   0   0   0   0   0   0   0   0  0.70 0.01
  128 R     0   2   2  -1  -2   0  -1  -1   0  -3  -2   0  -2   0  -2   3   0  -1   3  -2    0  19  15   0   0   0   0   0   0   0   0   0   0   0   0  47   0   0  19   0  0.26 0.01
  129 F    -2  -3  -3  -4  -2  -3  -3  -4  -2   3   1  -3   1   4  -3  -2  -1  -1   1   2    0   0   0   0   0   0   0   0   0  47   0   0   0  38   0   0   0   0   0  15  0.35 0.01
  130 T    -1  -2  -2  -3  -2  -2  -2  -3   1   0  -1  -2  -1   2  -3  -1   1   1   6   1    0   0   0   0   0   0   0   0   0   0   0   0   0   0   0   0  19   0  62  19  0.44 0.01
  131 V    -1  -3  -3  -3  -1  -3  -3  -4  -3   4   1  -3   1   0  -3  -2  -1  -3  -1   3    0   0   0   0   0   0   0   0   0  62   0   0   0   0   0   0   0   0   0  38  0.38 0.01
  132 P    -1  -2  -2  -2  -3  -1  -1  -2  -2  -3  -3  -1  -3  -4   8  -1  -1  -4  -3  -3    0   0   0   0   0   0   0   0   0   0   0   0   0   0 100   0   0   0   0   0  2.09 0.02
  133 V    -1  -3  -3  -3  -1  -3  -3  -4  -3   4   1  -3   1  -1  -3  -2   0  -3  -1   4    0   0   0   0   0   0   0   0   0  47   0   0   0   0   0   0   0   0   0  53  0.37 0.01
  134 T     0  -1   0  -1  -1  -1  -1  -2  -2  -1  -1  -1  -1  -2  -1   1   5  -3  -2   0    0   0   0   0   0   0   0   0   0   0   0   0   0   0   0   0 100   0   0   0  0.52 0.02
  135 T    -1   3   0  -1  -3   1   0  -2  -1  -2  -2   4  -1  -3  -1   0   1  -3  -2  -2    0  14   0   0   0   0   0   0   0   0   0  67   0   0   0   0  19   0   0   0  0.41 0.01
  136 A     4  -2  -1  -2  -1  -1  -1   2  -2  -2  -2  -1  -1  -3  -1   1   0  -3  -2  -1   82   0   0   0   0   0   0  18   0   0   0   0   0   0   0   0   0   0   0   0  0.40 0.01
  137 E    -1   0   0   2  -4   2   5  -2   0  -3  -3   1  -2  -3  -1   0  -1  -3  -2  -3    0   0   0   0   0   0 100   0   0   0   0   0   0   0   0   0   0   0   0   0  0.78 0.02
  138 F    -2  -3  -3  -4  -3  -3  -3  -3  -1   0   0  -3   0   7  -4  -3  -2   1   3  -1    0   0   0   0   0   0   0   0   0   0   0   0   0 100   0   0   0   0   0   0  0.81 0.02
  139 A     4  -2  -2  -2  -1  -1  -1   0  -2  -1  -2  -1  -1  -2  -1   1   0  -3  -2   0  100   0   0   0   0   0   0   0   0   0   0   0   0   0   0   0   0   0   0   0  0.44 0.01
  140 V     0  -3  -3  -3  -1  -2  -3  -3  -3   3   1  -2   1  -1  -3  -2   0  -3  -1   4    0   0   0   0   0   0   0   0   0   0   0   0   0   0   0   0   0   0   0 100  0.39 0.01
  141 M    -1  -2  -3  -4  -1  -2  -3  -3  -3   2   3  -2   4   0  -3  -2  -1  -2  -1   1    0   0   0   0   0   0   0   0   0  18  44   0  38   0   0   0   0   0   0   0  0.35 0.01
  142 R    -1   2  -2  -2  -2  -1  -1  -3  -2   2   0   1   0  -1  -2  -1  -1  -3  -2   2    0  19   0   0   0   0   0   0   0  29   0  19   0   0   0   0   0   0   0  33  0.16 0.01
  143 T     1  -1   0  -1  -1   0   0  -1  -1  -2  -2   0  -1  -2  -1   3   3  -3  -2  -1    0   0   0   0   0   0   0   0   0   0   0   0   0   0   0  62  38   0   0   0  0.41 0.01
  144 A     4  -2  -1  -2  -1  -1  -1   0  -2  -1  -2  -1  -1  -2  -1   1   2  -3  -2   0   82   0   0   0   0   0   0   0   0   0   0   0   0   0   0   0  18   0   0   0  0.36 0.01
  145 F    -2  -3  -3  -4  -3  -3  -3  -3  -1   0   0  -3   0   7  -4  -3  -2   1   3  -1    0   0   0   0   0   0   0   0   0   0   0   0   0 100   0   0   0   0   0   0  0.81 0.02
  146 S     0  -1   5   1  -2   0   0   0   0  -3  -3   0  -2  -3  -2   3   1  -4  -2  -3    0   0  62   0   0   0   0   0   0   0   0   0   0   0   0  38   0   0   0   0  0.52 0.01
  147 F    -2  -3  -3  -4  -3  -3  -3  -3  -1   0   0  -3   0   6  -4  -2  -2   1   4  -1    0   0   0   0   0   0   0   0   0   0   0   0   0  82   0   0   0   0  18   0  0.75 0.01
  148 A     2  -2  -3  -3  -1  -2  -2  -2  -3   2   0  -2   0  -1  -2   0   0  -3  -2   3   38   0   0   0   0   0   0   0   0  18   0   0   0   0   0   0   0   0   0  44  0.21 0.01
  149 L    -1  -2  -3  -4  -1  -2  -3  -4  -3   2   4  -2   3   0  -3  -2  -1  -2  -1   1    0   0   0   0   0   0   0   0   0  18  67   0  15   0   0   0   0   0   0   0  0.39 0.01
  150 P    -1  -2  -2  -2  -3  -1  -1  -2  -2  -3  -3  -1  -3  -4   8  -1  -1  -4  -3  -3    0   0   0   0   0   0   0   0   0   0   0   0   0   0 100   0   0   0   0   0  2.09 0.02
  151 H    -2  -1   0  -2  -3   0  -1  -3   7  -3  -2  -1  -2   1  -3  -1  -2   0   5  -3    0   0   0   0   0   0   0   0  70   0   0   0   0   0   0   0   0   0  30   0  0.75 0.02
  152 I    -2  -3  -4  -4  -1  -3  -3  -4  -3   3   3  -3   2   0  -3  -3  -1  -2  -1   2    0   0   0   0   0   0   0   0   0  38  62   0   0   0   0   0   0   0   0   0  0.39 0.01
  153 M    -1  -2  -3  -3  -1  -1  -3  -3  -2   3   2  -2   5   0  -3  -2  -1  -2  -1   1    0   0   0   0   0   0   0   0   0  29  15   0  56   0   0   0   0   0   0   0  0.33 0.01
  154 G     0  -3  -1  -1  -3  -2  -2   6  -2  -4  -4  -2  -3  -3  -2   0  -2  -3  -3  -3    0   0   0   0   0   0   0 100   0   0   0   0   0   0   0   0   0   0   0   0  1.08 0.01
  155 W    -3  -3  -4  -5  -3  -2  -3  -3  -3  -3  -2  -3  -2   1  -4  -3  -3  11   2  -3    0   0   0   0   0   0   0   0   0   0   0   0   0   0   0   0   0 100   0   0  2.45 0.03
  156 D    -1  -1   3   2  -2   0   0  -1   5  -3  -3  -1  -2  -2  -2   2   0  -3   0  -3    0   0  19  19   0   0   0   0  30   0   0   0   0   0   0  32   0   0   0   0  0.39 0.01
  157 R     2   3  -1  -2  -2   0  -1  -1  -1  -2  -2   1  -1  -3  -1   1   2  -3  -2  -1   29  38   0   0   0   0   0   0   0   0   0   0   0   0   0   0  33   0   0   0  0.29 0.01
  158 F     0  -3  -3  -3  -2  -3  -3  -3  -2   0   1  -3   0   5  -3  -2  -2   0   2   0   15   0   0   0   0   0   0   0   0   0  19   0   0  65   0   0   0   0   0   0  0.42 0.01
  159 T     2  -2  -1  -2  -1  -1  -1  -1  -2   1  -1  -1   0  -2  -1   1   3  -3  -2   2   29   0   0   0   0   0   0   0   0   0   0   0   0   0   0   0  38   0   0  33  0.22 0.01
  160 N    -1  -1   6   1  -2   0   0   0   0  -3  -3   0  -2  -3  -2   2   0  -4  -2  -3    0   0  80   0   0   0   0   0   0   0   0   0   0   0   0  20   0   0   0   0  0.61 0.01
  161 R    -1   5   0  -2  -3   1   0  -2   0  -3  -2   2  -1  -3  -2  -1  -1  -3  -2  -2    0   0   0   0   0   0   0   0   0   0   0   0   0   0   0   0   0   0   0   0  0.00     0.00

                      K         Lambda
Standard Ungapped    0.1338     0.3203
Standard Gapped      0.0410     0.2670
PSI Ungapped         0.1338     0.3203
PSI Gapped           0.0410     0.2670
