
Last position-specific scoring matrix computed, weighted observed percentages rounded down, information per position, and relative weight of gapless real matches to pseudocounts
            A   R   N   D   C   Q   E   G   H   I   L   K   M   F   P   S   T   W   Y   V   A   R   N   D   C   Q   E   G   H   I   L   K   M   F   P   S   T   W   Y   V
    1 M    -1  -2  -3  -4  -1  -1  -2  -3  -2   1   3  -2   5   0  -3  -2  -1  -2  -1   1    0   0   0   0   0   0   0   0   0   0  37   0  63   0   0   0   0   0   0   0  0.35 0.00
    2 G     0  -2   0  -1  -2  -1  -2   5  -2  -2  -3  -1  -2  -3  -2   0   2  -3  -3  -2    0   0   0   0   0   0   0  63   0   0   0   0   0   0   0   0  37   0   0   0  0.58 0.00
    3 L    -2  -3  -3  -4  -2  -3  -3  -4  -2   1   3  -3   1   5  -4  -3  -2   0   2   0    0   0   0   0   0   0   0   0   0   0  46   0   0  54   0   0   0   0   0   0  0.46 0.01
    4 N    -1  -1   5   1  -2   0  -1  -1   0  -3  -3   0  -2  -3  -2   1   2  -4  -2  -2    0   0  73   0   0   0   0   0   0   0   0   0   0   0   0   0  27   0   0   0  0.54 0.01
    5 D    -2  -1   3   6  -4   0   1  -1  -1  -3  -4  -1  -3  -4  -2   0  -1  -4  -3  -3    0   0  27  73   0   0   0   0   0   0   0   0   0   0   0   0   0   0   0   0  0.77 0.01
    6 N     1  -1   5   1  -2   0  -1   0   0  -3  -3   0  -2  -3  -2   1   0  -4  -2  -2   27   0  73   0   0   0   0   0   0   0   0   0   0   0   0   0   0   0   0   0  0.49 0.01
    7 K    -1   2   0  -1  -3   1   1  -2  -1  -3  -3   5  -2  -3  -1   0  -1  -3  -2  -3    0   0   0   0   0   0   0   0   0   0   0 100   0   0   0   0   0   0   0   0  0.60 0.03
    8 A     4  -1  -1  -2  -1  -1  -1   0  -2  -2  -2  -1  -1  -3  -1   2   0  -3  -2  -1   77   0   0   0   0   0   0   0   0   0   0   0   0   0   0  23   0   0   0   0  0.39 0.02
    9 G     0  -3  -1  -2  -3  -2  -2   6  -2  -4  -4  -2  -3  -3  -2   0  -2  -3  -3  -4    0   0   0   0   0   0   0 100   0   0   0   0   0   0   0   0   0   0   0   0  1.11 0.03
   10 M    -1  -1  -2  -2  -2   3  -1  -3  -1   0   1  -1   6  -1  -2  -1  -1  -2  -1   0    0   0   0   0   0  23   0   0   0   0   0   0  77   0   0   0   0   0   0   0  0.35 0.03
   11 E    -1   0   3   1  -4   2   5  -2   0  -4  -3   1  -2  -4  -2   0  -1  -3  -2  -3    0   0  21   0   0   0  79   0   0   0   0   0   0   0   0   0   0   0   0   0  0.65 0.02
   12 G     0  -2   3  -1  -3  -1  -2   5  -1  -4  -4  -1  -3  -3  -2   0  -1  -3  -3  -3    0   0  23   0   0   0   0  77   0   0   0   0   0   0   0   0   0   0   0   0  0.82 0.02
   13 L    -1  -3  -3  -4  -1  -2  -3  -4  -3   2   3  -3   2   0  -3  -2  -1  -2  -1   3    0   0   0   0   0   0   0   0   0   0  57   0   0   0   0   0   0   0   0  43  0.36 0.01
   14 D    -2  -2   3   6  -4   0   1  -1  -1  -4  -4  -1  -3  -4  -2   0  -1  -5  -3  -3    0   0  23  77   0   0   0   0   0   0   0   0   0   0   0   0   0   0   0   0  0.82 0.02
   15 K    -1   2   0  -1  -3   3   1  -2  -1  -3  -3   5  -1  -3  -1   0  -1  -3  -2  -3    0   0   0   0   0  23   0   0   0   0   0  77   0   0   0   0   0   0   0   0  0.53 0.02
   16 E    -1   1   0   1  -4   2   5  -2   0  -3  -3   2  -2  -4  -1   0  -1  -3  -2  -3    0   0   0   0   0   0  77   0   0   0   0  23   0   0   0   0   0   0   0   0  0.64 0.02
   17 K    -1   2   0  -1  -3   1   1  -2  -1  -3  -3   5  -2  -3  -1   0  -1  -3  -2  -3    0   0   0   0   0   0   0   0   0   0   0 100   0   0   0   0   0   0   0   0  0.60 0.03
   18 I    -1  -3  -3  -3  -1  -3  -3  -4  -4   4   1  -3   1   0  -3  -2  -1  -3  -2   3    0   0   0   0   0   0   0   0   0  80   0   0   0   0   0   0   0   0   0  20  0.42 0.02
   19 N    -1   0   5   1  -2   2   0  -1   0  -3  -3   0  -2  -3  -2   1   2  -3  -2  -2    0   0  59   0   0  20   0   0   0   0   0   0   0   0   0   0  21   0   0   0  0.48 0.02
   20 K    -1   3   0   0  -4   1   3  -2  -1  -3  -3   4  -2  -3  -1   0  -1  -3  -2  -3    0  20   0   0   0   0  23   0   0   0   0  57   0   0   0   0   0   0   0   0  0.49 0.02
   21 I    -1  -3  -3  -3  -1  -3  -3  -4  -4   4   1  -3   1  -1  -3  -2  -1  -3  -1   3    0   0   0   0   0   0   0   0   0  59   0   0   0   0   0   0   0   0   0  41  0.39 0.02
   22 I    -1  -3  -3  -3  -1  -3  -3  -4  -4   4   1  -3   1   0  -3  -2  -1  -3  -2   3    0   0   0   0   0   0   0   0   0  80   0   0   0   0   0   0   0   0   0  20  0.42 0.02
   23 M    -1  -1  -2  -2  -2   0   1  -3   0  -1   0  -1   4   1  -3  -1  -1   0   5  -1    0   0   0   0   0   0  21   0   0   0   0   0  36   0   0   0   0   0  43   0  0.33 0.02
   24 E    -1   0   0   1  -4   2   6  -2   0  -4  -3   1  -2  -4  -1   0  -1  -3  -2  -3    0   0   0   0   0   0 100   0   0   0   0   0   0   0   0   0   0   0   0   0  0.81 0.03
   25 A     3  -1   2  -1  -1  -1  -1   0  -1  -1  -1  -1   2  -2  -1   1   0  -3  -2   0   59   0  21   0   0   0   0   0   0   0   0   0  20   0   0   0   0   0   0   0  0.22 0.02
   26 T     0  -1   0  -1  -1  -1  -1  -1  -2  -2  -2  -1  -1  -2  -1   3   4  -3  -2  -1    0   0   0   0   0   0   0   0   0   0   0   0   0   0   0  43  57   0   0   0  0.43 0.02
   27 K     0   2   0  -1  -3   1   1  -1  -1  -3  -3   5  -2  -3  -1   1   0  -3  -2  -2    0   0   0   0   0   0   0   0   0   0   0  79   0   0   0  21   0   0   0   0  0.45 0.02
   28 G     2  -2  -1  -2  -2  -2  -2   5  -2  -3  -3  -2  -2  -3  -2   0  -1  -3  -3  -2   21   0   0   0   0   0   0  79   0   0   0   0   0   0   0   0   0   0   0   0  0.81 0.02
   29 S     1  -1   0   0  -1   0   0   0  -1  -3  -3   0  -2  -3  -1   5   1  -3  -2  -2    0   0   0   0   0   0   0   0   0   0   0   0   0   0   0 100   0   0   0   0  0.52 0.03
   30 R    -1   4   0  -1  -3   1   0  -1   0  -2  -2   4  -1  -2  -1   0  -1  -2  -1  -2    2  37   1   1   0   1   1   2   0   1   2  44   0   1   1   2   1   0   1   1  0.38 0.01
   31 F    -2  -3  -3  -4  -3  -3  -3  -3   0  -1   0  -3  -1   6  -4  -2  -2   1   6  -1    0   0   0   0   0   0   0   0   0   0   0   0   0  59   0   0   0   0  41   0  0.76 0.03
   32 Y    -1  -2  -2  -3  -2  -2  -2  -2   0  -1  -1  -2  -1   5  -3   1  -1   1   5  -1    0   0   0   0   0   0   0   0   0   0   0   0   0  43   0  21   0   0  36   0  0.48 0.02
   33 G     0  -1   0   0  -3   2   2   3  -1  -3  -3   0  -2  -3  -2   1   0  -3  -2  -3    0   0   0   0   0  20  23  36   0   0   0   0   0   0   0  21   0   0   0   0  0.41 0.01
   34 N     1  -1   5   0  -2  -1  -1  -1   0  -2  -2  -1  -1   2  -2   0   0  -2   0  -2   23   0  55   0   0   0   0   0   0   0   0   0   0  21   0   0   0   0   0   0  0.32 0.02
   35 E     0   0   0   1  -3   2   5  -2   0  -3  -3   1  -2  -3  -1   1   0  -3  -2  -3    0   0   0   0   0   0  79   0   0   0   0   0   0   0   0  21   0   0   0   0  0.61 0.02
   36 L    -1   0  -1  -1  -3   3   2  -3  -1  -1   2   2   0  -1  -2  -1  -1  -2  -2  -1    0   0   0   0   0  23  20   0   0   0  36  21   0   0   0   0   0   0   0   0  0.21 0.01
   37 K    -1   3   0  -1  -3   1   1  -2  -1  -3  -3   5  -2  -3  -1   0  -1  -3  -2  -3    0  20   0   0   0   0   0   0   0   0   0  80   0   0   0   0   0   0   0   0  0.56 0.02
   38 K    -1   3   0  -1  -3   3   1  -2   0  -3  -3   4  -1  -3  -1   0  -1  -3  -2  -3    0  23   0   0   0  21   0   0   0   0   0  55   0   0   0   0   0   0   0   0  0.51 0.02
   39 E    -1   0   0   3  -4   3   4  -2   0  -3  -3   1  -2  -4  -1   0  -1  -3  -2  -3    0   0   0  23   0  21  55   0   0   0   0   0   0   0   0   0   0   0   0   0  0.62 0.02
   40 K     1   3   0  -1  -2   1   0  -1  -1  -3  -2   3  -1  -3  -1   2   0  -3  -2  -2   20  23   0   0   0   0   0   0   0   0   0  36   0   0   0  21   0   0   0   0  0.32 0.01
   41 Q    -1   3  -1   0  -3   4   3  -3   0  -2   0   1   0  -2  -2  -1  -1  -2  -2  -2    0  21   0   0   0  36  23   0   0   0  20   0   0   0   0   0   0   0   0   0  0.33 0.01
   42 V    -1  -2  -3  -4  -1  -2  -3  -4  -3   3   2  -2   3   0  -3  -2  -1  -2  -1   3    0   0   0   0   0   0   0   0   0  21  23   0  20   0   0   0   0   0   0  36  0.31 0.01
   43 N    -1   3   4   0  -3   1   2  -1   0  -3  -3   2  -2  -3  -2   0  -1  -3  -2  -3    0  23  36   0   0   0  21   0   0   0   0  20   0   0   0   0   0   0   0   0  0.43 0.01
   44 Q    -1   0  -1   0  -3   5   3  -2   0  -1   1   1   0  -2  -2  -1  -1  -2  -2  -1    0   0   0   0   0  55  21   0   0   0  23   0   0   0   0   0   0   0   0   0  0.38 0.02
   45 R    -1   5   0  -1  -4   1   0  -2  -1  -3  -3   4  -2  -3  -2  -1  -1  -3  -2  -3    0  59   0   0   0   0   0   0   0   0   0  41   0   0   0   0   0   0   0   0  0.63 0.02
   46 I    -1  -3  -3  -3  -1  -3  -3  -4  -4   4   1  -3   1   0  -3  -2  -1  -3  -2   3    0   0   0   0   0   0   0   0   0  79   0   0   0   0   0   0   0   0   0  21  0.42 0.02
   47 E    -1  -1  -1   1  -3   1   5  -3  -1  -2   0   0  -1  -2  -2  -1  -1  -3  -2  -2    0   0   0   0   0   0  79   0   0   0  21   0   0   0   0   0   0   0   0   0  0.49 0.02
   48 N    -1   0   4   1  -3   1   2  -1   4  -3  -3   2  -2  -3  -2   0  -1  -3  -1  -3    0   0  36   0   0   0  21   0  20   0   0  23   0   0   0   0   0   0   0   0  0.42 0.01
   49 M    -1  -2  -3  -3  -1  -1  -3  -3  -2   3   2  -2   5   0  -3  -2  -1  -2  -1   2    0   0   0   0   0   0   0   0   0  21   0   0  55   0   0   0   0   0   0  23  0.33 0.02
   50 M    -1   3  -1  -2  -3   3   0  -2  -1  -1   0   2   4  -2  -2  -1  -1  -2  -2  -1    0  20   0   0   0  23   0   0   0   0   0  21  36   0   0   0   0   0   0   0  0.27 0.02
   51 Q    -1   0   3   2  -3   3   1  -2   0  -1  -2   0  -1  -3  -2   0  -1  -3  -2   1    0   0  21  20   0  36   0   0   0   0   0   0   0   0   0   0   0   0   0  23  0.26 0.01
   52 Q    -1   4   0   0  -4   4   3  -2   0  -3  -3   2  -1  -3  -2   0  -1  -3  -2  -3    0  41   0   0   0  36  23   0   0   0   0   0   0   0   0   0   0   0   0   0  0.55 0.02
   53 K    -1   1  -1  -2   4   0  -1  -2  -2   0   1   3   0  -2  -2  -1  -1  -3  -2   1    0   0   0   0  15   0   0   0   0   0  16  51   0   0   0   0   0   0   0  18  0.20 0.03
   54 A     2  -1   0   3  -2   2   2  -1  -1  -2  -2   0  -2  -3  -1   0  -1  -3  -2  -2   42   0   0  24   0  16  18   0   0   0   0   0   0   0   0   0   0   0   0   0  0.33 0.02
   55 Q    -1   1   0  -1  -3   3   1  -2  -1  -3  -2   4  -1  -3  -1   0   1  -3  -2  -2    0   0   0   0   0  27   0   0   0   0   0  57   0   0   0   0  16   0   0   0  0.43 0.03
   56 I     0  -3  -3  -3  -2  -2  -3  -3  -1   2   1  -2   0   3  -3  -2  -1   0   3   1   16   0   0   0   0   0   0   0   0  27  15   0   0  24   0   0   0   0  18   0  0.25 0.02
   57 T     0  -1  -1  -1  -1   2   0  -2  -1  -1   1  -1   0  -2  -2   1   3  -2  -2   0    0   0   0   0   0  18   0   0   0   0  24   0   0   0   0  15  43   0   0   0  0.22 0.03
   58 S     0   2   3   0  -2   0   0  -1  -1  -3  -3   0  -2  -3  -1   3   1  -3  -2  -2    0  16  24   0   0   0   0   0   0   0   0   0   0   0   0  60   0   0   0   0  0.40 0.03
   59 Q    -1   0  -1   0  -3   3   4  -2   0  -2   0   2  -1  -3  -2  -1  -1  -3  -2  -2    0   0   0   0   0  27  40   0   0   0  15  18   0   0   0   0   0   0   0   0  0.38 0.03
   60 Q    -1   2   3   2  -3   3   2  -2   0  -3  -3   1  -2  -3  -2   0  -1  -3  -2  -3    0  18  24  15   0  27  16   0   0   0   0   0   0   0   0   0   0   0   0   0  0.44 0.02
   61 L    -2   1  -3  -3  -2  -2  -3  -4  -2   2   3  -1   1   3  -3  -2  -1  -1   0   1    0  16   0   0   0   0   0   0   0  24  42   0   0  18   0   0   0   0   0   0  0.24 0.02
   62 R    -1   4   0   2  -3   2   0  -2   4  -3  -3   1  -2  -3  -2   1  -1  -3  -1  -3    0  43   0  14   0  13   0   0  18   0   0   0   0   0   0  12   0   0   0   0  0.43 0.04
   63 K    -1   1   2  -1  -3   1   0  -2  -1  -3  -3   5  -2  -3  -1   1   0  -4  -2  -3    0   0  10   0   0   0   0   0   0   0   0  72   0   0   0  18   0   0   0   0  0.50 0.07
   64 A     3  -2   1  -1  -1  -1  -1  -1   0  -2  -2  -1  -2   0  -2   2   0  -1   4  -1   41   0  13   0   0   0   0   0   0   0   0   0   0   0   0  21   0   0  26   0  0.29 0.05
   65 Q    -1   0  -1   0  -3   4   3  -2  -1  -2   0   0   0  -2  -2   0   1  -3  -2  -1    0   0   0   0   0  42  24   0   0   0  18   0   0   0   0   0  15   0   0   0  0.35 0.05
   66 L    -1   0  -2  -2  -2   0   1  -3  -2   2   1   2   0  -1  -2  -1  -1  -3  -2   2    0   0   0   0   0   0  13   0   0  24  20  26   0   0   0   0   0   0   0  18  0.14 0.03
   67 Q    -1  -1  -1  -2  -2   3   0  -3  -1   2   1  -1   0  -2  -2   0   0  -3  -2   2    0   0   0   0   0  32   0   0   0  15  11   0   0   0   0  13   0   0   0  28  0.18 0.04
   68 V     1  -2  -2  -2  -1  -2  -2  -2  -3   1   0  -2   2  -2  -2   0   3  -3  -2   3   13   0   0   0   0   0   0   0   0   0   0   0  11   0   0   0  34   0   0  42  0.25 0.05
   69 D    -2  -2   1   6  -4   0   2  -2  -1  -3  -2  -1   1  -3  -2  -1  -1  -4  -3  -3    0   0   0  76   0   0  11   0   0   0   0   0  13   0   0   0   0   0   0   0  0.79 0.07
   70 R    -1   2   2  -1  -2   0   0  -2  -1  -2  -2   3  -1  -3  -2   0   3  -3  -2  -1    0  13  11   0   0   0   0   0   0   0   0  33   0   0   0   0  43   0   0   0  0.36 0.05
   71 F    -1   0  -1   1  -2  -2  -1   1  -2  -1   0  -1  -1   4  -3  -1   2  -1   0  -1    0   9   0  14   0   0   0  15   0   0  10   0   0  31   0   0  21   0   0   0  0.17 0.05
   72 A     2  -2  -1   2  -2  -1   1  -2  -2   1  -1  -1  -1  -2  -2   0   2  -3  -2   1   33   0   0  16   0   0   8   0   0  16   0   0   0   0   0   0  18   0   0   9  0.18 0.06
   73 M    -1  -2  -2  -2  -2   1   0  -3  -2   0   2  -2   4   0  -3   1  -1  -2   2   0    0   0   0   0   0   8   6   0   0   0  31   0  26   0   0  15   0   0   9   5  0.24 0.09
   74 E    -1  -1  -1   1  -2   0   3  -2  -2   1  -1   0  -1  -2  -2   0   0  -3  -2   1    1   0   0   7   0   0  30   1   0  18   1   6   0   0   0  10   6   0   0  17  0.17 0.06
   75 L    -1  -2  -3  -3  -2  -2  -3  -3  -2   0   3  -3   2   4  -3  -2  -2  -1   1   0    6   0   0   0   0   0   1   1   0   0  43   1   7  32   0   1   1   0   0   6  0.39 0.08
   76 E    -1   0  -2  -1  -3   0   3   0  -2  -3  -1   0  -2  -3   5  -1  -2  -3  -3  -2    1   6   0   0   0   0  25   8   0   0  10   6   0   0  40   1   0   0   0   1  0.68 0.10
   77 Q     0   0   0   0  -2   1  -1  -2  -1   0   1   0   1  -1  -2   1   1  -2  -2   0   11   4   5   6   0   6   1   1   0   5  24   8   5   0   0  15   7   0   0   1  0.07 0.04
   78 S    -1   0   0  -1  -2  -1  -1  -2  -1   1  -1   2  -1  -2   1   2   0  -2   0  -1    1   5   4   0   0   0   0   1   0  20   3  21   0   0   7  27   5   0   5   1  0.15 0.07
   79 R    -1   3   4  -1  -3   1   1  -2  -1  -2  -3   1  -2  -3   3   0  -1  -3  -2  -1    1  22  31   0   0   4   7   1   0   0   1   4   0   0  15   5   0   0   0   8  0.41 0.11
   80 N     0   1   3   5  -3  -1   1  -1  -1  -4  -4   1  -3  -4  -2  -1  -1  -4  -3  -3   11  10  19  39   0   0   4   3   0   0   1  10   0   0   0   0   0   0   0   0  0.54 0.14
   81 L    -2  -1  -2  -3  -3  -2  -2  -3   4  -1   1   1   5  -2  -3  -1   3  -3  -1  -1    0   2   0   0   0   0   0   0  12   2  14  11  25   0   0   3  27   0   2   0  0.46 0.23
   82 S    -1  -1   2   0  -3   4   1  -2   1  -3  -3   0  -2  -4  -2   3   1  -4  -2  -3    2   0  10   5   0  24   8   2   3   1   1   3   0   0   0  30  10   0   1   0  0.43 0.20
   83 N    -2   7   0  -4  -5   0  -2  -4  -3  -5  -3   2  -4  -5  -1  -1  -3  -5  -4  -4    3  71   3   0   0   2   0   0   0   0   2  11   0   0   4   4   0   0   0   0  1.35 0.42
   84 T    -2   0  -3  -2   2  -2  -2  -4  -3   3  -2   4  -2  -2  -3  -1   1   3  -3   2    0   5   0   2   4   0   0   0   0  19   1  30   0   1   0   4   9   5   0  20  0.42 0.25
   85 I    -3  -5  -5  -5  -1  -5  -5  -6  -5   7   0  -5  -1   0  -5  -4  -3   0  -3   3    0   0   0   0   1   0   0   0   0  76   3   0   0   2   0   0   0   1   0  17  1.29 0.36
   86 V     0  -4  -4  -5  -3  -4  -4  -4  -4   4   2  -4   3   3  -4  -3  -2  -3  -1   2   10   0   0   0   0   0   0   0   0  36  22   0   9  14   0   0   0   0   0   9  0.56 0.21
   87 H    -4  -3  -2  -4   3  -2  -3  -5  10  -5  -1  -4  -1  -1  -5  -4  -4  -5   0  -5    0   0   0   0   6   0   0   0  81   0   8   0   1   3   0   0   0   0   1   0  2.23 0.52
   88 I    -2  -4  -5  -5   3  -4  -5  -5  -5   5   1  -4   0  -1  -4  -4  -2  -4  -1   5    2   0   0   0   6   0   0   0   0  37   7   0   1   1   0   0   0   0   2  44  0.87 0.29
   89 D    -5  -4  -1   8  -6  -3  -1  -4  -4  -6  -7  -3  -6  -6  -4  -3  -4  -7  -6  -6    0   0   0 100   0   0   0   0   0   0   0   0   0   0   0   0   0   0   0   0  2.43 0.57
   90 M    -2  -4  -5  -5   3  -1  -4  -5  -4   0   1  -4   9   2  -5  -4  -3  -4  -3   1    3   0   0   0   7   2   0   0   0   4   8   0  60   9   0   0   0   0   0   8  1.29 0.42
   91 D    -4  -3   4   7  -6  -2  -1  -4  -3  -6  -6   0  -5  -6  -4  -2  -3  -7  -5  -6    0   0  19  74   0   1   1   0   0   0   0   4   0   0   0   0   0   0   0   0  1.68 0.44
   92 A     4  -4  -2  -4   7  -2  -3  -2  -3  -3  -4  -3  -3  -3  -3   2  -2  -4   2  -3   42   0   2   0  28   2   0   2   0   0   0   0   0   0   0  15   0   0  10   0  0.94 0.33
   93 F    -5  -6  -6  -6  -5  -6  -6  -6  -4  -3  -2  -6   0   9  -6  -5  -5  -2   2  -4    0   0   0   0   0   0   0   0   0   0   0   0   2  95   0   0   0   0   4   0  2.44 0.56
   94 Y    -5  -5  -5  -6  -5  -5  -5  -6  -2  -3  -2  -5  -3   6  -6  -5  -4   2   8  -4    0   0   0   0   0   0   0   0   0   0   2   0   0  41   0   0   0   2  56   0  1.98 0.49
   95 A     6  -4  -4  -4  -3  -3  -3  -2  -4  -1  -3  -3  -3  -4  -3  -1  -1  -5  -4   1   87   0   0   0   0   0   0   0   0   2   0   0   0   0   0   0   2   0   0   9  1.29 0.43
   96 A     3  -3  -2  -3  -3   3  -2  -3  -3  -4  -4  -2  -3  -5  -3   5   0  -5  -4  -3   21   0   0   0   0  18   0   0   0   0   0   0   0   0   0  57   4   0   0   0  0.94 0.39
   97 V    -3  -5  -5  -6   5  -5  -5  -6  -6   3  -1  -5  -2  -3  -5  -4  -2  -5  -4   6    0   0   0   0  15   0   0   0   0  14   1   0   0   0   0   0   0   0   0  70  1.32 0.41
   98 E    -2  -3  -3  -1  -6  -1   7  -2   0  -6  -5  -2  -4  -6  -4   0  -3  -5  -4  -4    2   0   0   0   0   0  85   3   2   0   0   0   0   0   0   7   0   0   0   1  1.56 0.49
   99 M    -2  -1  -3  -3  -1   4   2  -4  -2   0   0   1   6  -3  -3  -1   0  -4  -1  -1    0   2   0   0   1  23  14   0   0   7   5   8  28   0   0   3   5   0   2   2  0.51 0.27
  100 R     0   5  -1  -3  -4  -1  -2  -1  -3   0   1   0   0  -3  -4  -2  -1  -4  -3   1   10  45   2   0   0   0   0   4   0   6  15   2   2   0   0   1   2   0   0  10  0.49 0.24
  101 D    -2   2   1   4   0  -1   1  -3  -1  -3   0   0  -1   1  -3  -1  -1  -3   0  -2    1  13   6  33   2   2   7   0   1   0  12   3   1   8   0   3   3   0   3   1  0.33 0.17
  102 N    -3   3   5   3   0   0   0  -3   3  -4  -3   0  -3  -1  -4  -1  -2  -5  -3  -4    0  20  37  15   2   2   3   0   8   0   2   4   0   4   0   3   0   0   0   0  0.68 0.27
  103 P    -3  -5  -5  -4  -6  -4  -4  -1  -1  -6  -4  -3  -5  -6   8  -1  -4  -6  -6  -5    0   0   0   0   0   0   0   6   1   0   1   1   0   0  88   4   0   0   0   0  2.48 0.57
  104 E     0   0  -1   2  -3   0   4  -2   1  -3  -2   1  -3  -4  -2   2   0  -4  -3  -3    8   3   1  12   0   2  33   1   4   0   5   7   0   0   0  17   5   0   0   0  0.40 0.18
  105 L    -4  -4  -5  -3  -4  -4  -5  -6  -4   0   6  -4   0   0  -5  -3  -3  -3   2  -1    0   0   0   2   0   0   0   0   0   3  81   0   0   3   0   2   0   0   9   0  1.09 0.37
  106 K     0   5  -2  -3  -1   0  -2  -4   1  -2  -3   4  -2  -4  -3  -2  -1   0  -3  -2    6  40   0   0   1   1   0   0   3   2   1  35   0   0   0   1   4   1   0   2  0.81 0.31
  107 D    -2  -2   2   3   1  -2  -1   5  -2  -5  -4  -2  -4  -5  -3   0  -1  -5  -4  -4    0   2  12  17   4   0   4  48   0   0   2   2   0   0   0   6   2   0   0   1  0.73 0.26
  108 K    -2   3  -2   0  -4   0  -1  -4  -2   0  -1   5  -2  -2  -3  -2  -2  -4   0   0    1  18   0   4   0   3   1   0   0   5   5  47   0   2   0   0   2   0   4   6  0.56 0.26
  109 P     0  -5  -5  -4  -3  -4  -4  -5  -5  -5  -2  -2  -5  -6   8  -2  -4  -6  -5  -5    8   0   0   0   1   0   0   0   0   0   4   2   0   0  84   2   0   0   0   0  2.31 0.54
  110 I     0  -4  -4  -5   1  -3  -4  -3  -4   2   2  -4   2  -1  -4  -2  -2  -4  -3   4    7   0   0   0   3   0   0   2   0  12  24   0   4   1   0   3   0   0   0  43  0.55 0.23
  111 A     4  -4  -4  -4   0  -3  -3  -1  -4   3  -1  -3  -1  -3  -3  -1  -1  -4  -3   3   41   0   0   0   1   0   0   4   0  20   3   0   0   0   0   2   1   0   0  27  0.57 0.27
  112 V    -3  -5  -5  -6   0  -5  -5  -6  -6   3  -1  -5  -2  -3  -5  -4  -2  -5  -4   7    0   0   0   0   2   0   0   0   0  13   0   0   0   0   0   0   0   0   0  84  1.48 0.46
  113 G     0  -4  -3  -3   3   0  -4   6  -4  -3   0  -3  -3  -4  -4  -1  -3  -4  -4  -1    6   0   0   0   7   5   0  61   0   0  11   0   0   0   0   4   0   0   0   5  0.90 0.30
  114 S    -1  -3  -2  -2  -4   2  -2   5   0  -4  -4  -2   0  -4  -3   2  -2  -4  -4  -2    2   0   0   2   0  10   0  57   3   0   0   1   3   0   0  18   1   0   0   2  0.87 0.30
  115 M    -2   5   3  -2  -4  -1  -1  -3   1  -4  -2   1   0  -3  -3   1  -1   3   0  -2    1  42  14   1   0   0   2   0   4   0   2   6   2   0   0  13   2   4   3   2  0.58 0.25
  116 S     0  -4   0  -3  -4  -2  -4   6  -4  -5  -5  -3  -4  -5  -4   1  -3  -4  -2  -2    7   0   5   0   0   2   0  69   0   0   0   0   0   0   0  11   0   0   2   4  1.16 0.35
  117 M     0  -4  -2  -2   3  -3  -1   0  -4   2  -1  -3   1  -3  -4  -1  -2  -4  -3   4    7   0   1   2   6   0   5   7   0  13   2   0   4   0   0   3   0   0   0  49  0.46 0.23
  118 L    -3  -1  -5  -5  -3  -4  -5  -5  -5   5   2  -4  -1  -2  -5  -4  -2  -5  -3   5    0   4   0   0   0   0   0   0   0  33  14   0   0   0   0   0   0   0   0  50  0.95 0.33
  119 S     3  -3  -2  -3   1  -2  -3  -1  -3   2   0  -2  -2  -3  -3   3   1  -4  -3   0   30   0   0   0   4   0   0   2   0  13   9   0   0   0   0  28   7   0   0   7  0.37 0.21
  120 T     3  -3  -2  -3  -1  -3  -3  -2  -4  -3  -3  -3  -3  -4  -1   1   5  -5  -4  -1   31   0   0   0   1   0   0   2   0   0   0   0   0   0   2  10  51   0   0   2  0.86 0.35
  121 S     4   0  -3  -4   8  -3  -3  -3  -4  -3  -3  -1  -3  -4  -2   1  -2  -5  -4   0   39   6   0   0  33   0   0   0   0   0   0   3   0   0   2  10   0   0   0   8  0.94 0.34
  122 N    -2  -3   6  -2   2  -2  -3  -3  -2  -5  -5  -3  -4  -5   0   5  -2  -6  -4  -4    0   0  45   0   5   0   0   0   0   0   0   0   0   0   4  46   0   0   0   0  1.20 0.43
  123 Y     0  -5  -5  -6  -5  -4  -5  -5  -1  -4  -4  -5  -4   0  -1  -4  -3  -1   9  -3    9   0   0   0   0   0   0   0   0   0   0   0   0   0   3   0   1   0  86   1  2.25 0.60
  124 H     0  -2  -3  -1  -4   0   6  -4  -1  -1   0  -2  -3  -4   0  -2  -2  -5  -4   0    7   1   0   0   0   1  60   0   1   4  11   0   0   0   5   0   1   0   0   7  0.76 0.33
  125 A     7  -4  -4  -4  -3  -3  -3  -2  -4  -4  -4  -1  -4  -5  -3  -1  -3  -5  -4  -3   96   0   0   0   0   0   0   0   0   0   0   4   0   0   0   0   0   0   0   0  1.60 0.51
  126 R    -4   8  -3  -4  -6  -1  -2  -5  -3  -6  -5   3  -4  -6  -5  -3  -4  -5  -4  -5    0  83   0   0   0   0   0   0   0   0   0  17   0   0   0   0   0   0   0   0  1.91 0.52
  127 R     2   2  -2   0  -3   2   1  -2  -2  -2  -3   4  -2  -4  -3   0  -1  -4  -3  -2   23   8   0   4   0  10   6   1   0   2   0  37   1   0   0   5   1   0   0   2  0.47 0.23
  128 F    -1  -2  -4  -5   1  -4  -4  -5   0  -2   1  -2  -2   6  -5  -3  -3  -1   6  -2    4   2   0   0   4   0   0   0   2   0  12   3   0  40   0   1   0   0  30   2  1.01 0.33
  129 G    -2  -5  -1  -2  -5  -4  -4   7  -5  -6  -6  -3  -5  -6  -5  -3  -4  -5  -6  -6    0   0   2   2   0   0   0  95   0   0   0   2   0   0   0   0   0   0   0   0  2.03 0.50
  130 V     0  -5  -5  -5  -3  -4  -5  -5  -5   5   0  -4  -1  -3  -4  -4  -2  -5  -3   5    6   0   0   0   0   0   0   0   0  36   4   0   0   0   0   0   0   0   0  54  1.07 0.35
  131 R    -2   5  -2  -3  -5  -1  -1  -4   5  -4  -4   4  -3  -4  -4  -1  -1  -5  -1  -3    2  35   0   0   0   0   1   0  18   0   0  33   0   0   0   4   4   0   1   2  0.92 0.33
  132 A     1   1   2  -2  -3  -2  -2  -2  -3  -4  -4  -1   2  -4  -1   5   2  -5  -4  -3    9   7   8   0   0   0   0   1   0   0   0   3   6   0   2  51  14   0   0   0  0.63 0.30
  133 A     4  -4  -2  -3  -3  -3  -3   4  -1  -4  -2  -3  -1  -4  -1  -1  -1  -4  -4  -3   49   0   1   0   0   0   0  36   2   0   3   0   2   0   2   2   3   0   0   0  0.81 0.31
  134 M    -3  -4  -4   0  -4   0   0  -5  -4   0  -1  -4   9  -3  -5  -1  -3  -4  -4  -1    0   0   0   5   0   3   7   0   0   3   0   0  75   0   0   5   0   0   0   2  1.75 0.55
  135 P    -1   1  -2  -3  -4  -3  -3  -4  -4  -4  -3  -1  -4   0   7   1   1   2  -2  -3    5   7   2   0   0   0   0   0   0   0   1   2   0   4  55  10   8   3   1   1  1.20 0.35
  136 G     0  -3  -2  -3   0  -2  -2   0  -3   2   1  -2   3   0  -3   0   1   3   0   2    6   0   0   0   2   0   1   8   0  14  13   0  10   4   0  10  10   4   3  14  0.17 0.12
  137 F     1   1  -1  -1  -3  -1  -2   0   1  -1  -1  -1  -1   3  -3   1   0   4   1  -1   12   9   1   3   0   2   0   8   3   2   2   3   1  21   0  11   4   7   4   5  0.18 0.12
  138 I    -2   1  -1   0  -4   3   3  -3   2  -1  -2   2   0  -2  -3  -1   0  -1   0  -2    1   8   1   5   0  18  21   0   6   6   2  15   3   1   0   1   7   1   4   1  0.32 0.17
  139 A     6  -4  -4  -4  -3  -1  -3  -2  -4  -1  -2  -3  -3  -4  -3  -1  -2  -5  -4  -1   87   0   0   0   0   3   0   0   0   4   2   0   0   0   0   1   0   0   0   3  1.26 0.44
  140 K    -1   3  -2  -3  -4   0  -1  -4   0  -2   2   4   0  -1   0  -2  -2  -3   1  -2    4  15   1   0   0   3   3   0   2   1  23  35   2   2   4   0   0   0   5   1  0.38 0.21
  141 R    -1   3   0  -1  -5   2   3  -3  -1  -4  -3   5  -3  -5  -2  -2  -2  -5  -4  -4    3  19   4   2   0   8  21   1   1   0   2  39   0   0   1   0   0   0   0   0  0.71 0.27
  142 L    -1   2  -3  -1  -3  -2  -3  -4  -2   1   4   1   1   0  -4  -3  -2  -4  -3   0    3  12   0   4   0   0   0   0   1   6  54  13   2   3   0   0   0   0   0   3  0.49 0.24
  143 C    -1  -5  -3  -5  10  -5  -4  -2  -5  -1  -1  -5  -3  -2  -2  -3  -3  -5  -4  -3    3   0   1   0  76   0   1   3   0   4   5   0   0   2   2   0   0   0   0   0  2.26 0.52
  144 P    -3  -2  -4  -4  -5  -3   0  -3  -4  -5  -5  -1  -5  -3   8  -2  -4  -6  -5  -5    0   2   0   0   0   0   5   2   0   0   0   3   0   1  84   2   0   0   0   0  2.28 0.53
  145 Q    -2   1   3   3  -4   3   2  -1   2  -4  -4   0  -3  -4  -1   0  -1  -4  -3  -4    1   8  21  21   0  16  10   5   6   0   0   4   0   0   2   4   3   0   0   0  0.50 0.20
  146 L     3  -4  -4  -4  -3  -3  -4   0  -4   2   4  -3   0  -2  -4  -2  -2  -4  -3   0   28   0   0   0   0   0   0   8   0  10  48   0   1   0   0   0   0   0   0   5  0.55 0.25
  147 I    -1  -2  -4  -3   0   0  -3  -5   1   4   0  -2  -1  -2  -4  -3   0  -4   1   4    2   1   0   1   2   5   0   0   4  37   6   1   0   0   0   0   5   0   5  31  0.51 0.23
  148 I    -1  -4  -4  -4   1  -4  -4  -4  -3   2   2  -4   0   4  -2  -2  -1  -2   2   2    5   0   0   0   3   0   0   0   0  15  16   0   1  27   2   2   2   0   6  21  0.46 0.19
  149 V    -1  -2  -4  -5  -3  -4  -4  -5  -4   3   3  -3   0   2  -4  -3  -2  -3  -2   4    5   2   0   0   0   0   0   0   0  15  25   1   1   8   0   0   1   0   0  41  0.59 0.24
  150 P    -2   1   1  -2  -4  -2  -1  -3   2  -4  -5   1  -4  -3   6   1   0  -5  -4  -4    0   8   8   1   0   0   2   1   6   0   0  10   0   1  46  12   4   0   0   0  1.00 0.31
  151 P     0  -3  -2  -3  -2  -3  -3   2  -1  -2  -3  -3   0  -3   5   1  -1  -4   1   1    5   0   1   0   1   0   0  20   2   1   1   0   3   0  35  12   1   0   7  13  0.67 0.25
  152 N    -3   4   5   3  -5   0  -1  -3   1  -5  -5  -1  -4  -5  -4  -1  -1  -5  -4  -5    1  31  34  21   0   4   2   0   3   0   0   0   0   0   0   2   3   0   0   0  0.90 0.32
  153 F    -3  -2  -4  -5  -4  -3  -4  -2   4  -2   1   0   5   5  -3  -3  -3  -2   4  -2    0   1   0   0   0   0   0   3  10   0  10   6  22  33   1   0   0   0  13   0  0.80 0.31
  154 D     1   0   0   3  -2   1   2  -1   0  -3  -3   0  -3  -4   0   1   1  -4  -3  -2   13   3   4  22   1   4  19   4   3   1   0   5   0   0   4   7   9   0   0   2  0.31 0.14
  155 K     0   1  -2  -3  -3   0  -1  -3   0   0   2   1   0   0   0  -1  -1  -3   0   1   11   8   2   0   0   2   3   0   3   3  23  15   0   4   5   1   2   0   3  16  0.12 0.11
  156 Y    -5  -5  -5  -6  -1  -5  -5  -6  -1  -4  -4  -5  -4   2  -6  -5  -5  -1   9  -4    0   0   0   0   2   0   0   0   0   0   0   0   0   6   0   0   0   0  93   0  2.68 0.65
  157 R     0   4  -1  -2  -4   2   0  -2   0   0  -3   3  -2  -4  -3   0   0  -4  -1  -2    9  33   1   0   0   8   4   1   2   8   0  19   0   0   0   5   5   0   2   2  0.43 0.20
  158 A     1   2  -1   0  -3   2   3  -2   1  -2  -2   1  -2  -4  -2   2  -1  -4  -3  -3   14  13   2   4   0   7  27   1   3   2   2   8   0   0   0  15   2   0   0   0  0.35 0.18
  159 V     1  -3  -3  -4  -3  -2   0  -4  -2   1  -1  -1   3   0  -3  -2  -1  -3   1   4   16   0   0   0   0   0   6   0   1   4   1   5  12   4   0   2   2   0   6  43  0.40 0.23
  160 S     0  -3  -2  -3  -4  -3  -3   0  -4  -5  -5  -3  -4  -5  -3   7  -1  -5  -4  -4    5   0   0   0   0   0   0   7   0   0   0   0   0   0   0  88   0   0   0   0  1.47 0.51
  161 K     0   3   1   0  -3   2   1  -2   0  -3  -2   2  -1  -3  -3   0   0  -3  -1  -1   10  21   9   5   0  11  11   0   1   0   3  11   1   1   0   3   5   0   2   5  0.26 0.13
  162 E    -1   3  -1  -1  -4   4   3  -3   1  -3  -3   2  -3  -4  -3  -1  -1  -4  -1  -2    6  19   0   0   0  26  21   1   4   0   2  12   0   0   0   2   2   0   2   2  0.56 0.24
  163 V     0  -4  -5  -5  -3  -4  -5  -5  -5   5   0  -4   2   2  -4  -3  -2  -4  -2   4    6   0   0   0   0   0   0   0   0  46   1   0   6   9   0   0   1   0   0  30  0.83 0.30
  164 K    -2   3  -3  -4  -4  -1  -3  -4   4  -1   0  -1   5   3  -4  -1   0  -2   2  -1    1  20   0   0   0   2   0   0  11   2   5   2  24  13   0   2   8   0   7   3  0.47 0.24
  165 E     1   0   2   1  -2   2   3  -1  -2  -3  -3   1  -3  -4  -2   1   0  -4  -3  -2   15   4   9   7   0   9  24   2   0   0   1  11   0   0   0  10   5   0   0   2  0.34 0.16
  166 I    -3  -4  -4  -5  -3  -4  -5  -5  -1   6   2  -3   1  -2  -4  -4   1  -4  -3   2    0   0   0   0   0   0   0   0   2  59  17   1   3   0   0   0   9   0   0   9  0.89 0.31
  167 L    -3  -4  -5  -5  -1  -4  -5  -5  -4   1   4  -4   3   6  -5  -4  -3  -2   1   0    0   0   0   0   1   0   0   0   0   8  40   0   7  36   0   0   0   0   2   5  0.89 0.30
  168 A     1   3   0  -1  -3   1   2  -3   2  -3  -2   2  -1  -3  -3   1  -1  -3   1  -3   12  16   4   2   0   3  19   0   7   0   5  12   1   0   0  13   1   0   6   0  0.29 0.16
  169 D    -2   4   0   2  -3   0   3  -1  -1  -4  -4   2  -3  -4  -3   1  -1  -4  -1  -4    0  27   2  10   0   2  23   4   0   0   0  11   0   0   0  14   3   0   2   0  0.49 0.22
  170 Y    -2  -3  -4  -5  -4  -4  -4  -5   2  -1   2  -4   1   5  -5  -4  -3  -1   7  -2    2   1   0   0   0   0   0   0   6   3  17   0   3  22   0   0   0   0  44   0  1.08 0.34
  171 D     1  -3  -1   0   2  -2  -3  -1  -1  -3  -3  -3  -3  -4  -3   2   5  -5  -4   0   12   0   2   5   4   0   0   4   1   0   0   0   0   0   0  14  52   0   0   7  0.67 0.30
  172 P    -3  -2   1   4  -5  -2   1  -1   1  -4  -4  -2  -4  -5   6   0  -2  -5  -2  -4    0   1   5  30   0   0   7   4   4   0   2   1   0   0  37   6   1   0   2   0  0.94 0.29
  173 N    -1   1   0  -2  -3  -1   0  -3   1   1   2   1   0  -1   0  -1  -1  -2  -1   1    2   7   5   2   0   1   5   0   4   5  34  13   1   2   4   2   1   0   2  10  0.14 0.12
  174 F    -3  -5  -5  -5  -1  -5  -5  -5  -5   5   0  -5   0   1  -5  -4  -2  -4  -3   5    0   0   0   0   1   0   0   0   0  35   3   0   1   6   0   0   0   0   0  54  1.05 0.35
  175 M    -3  -1  -3  -1  -2   2   7  -3   2  -4  -4   0  -1  -5  -4  -3  -3  -5  -4  -5    0   1   0   1   1   7  77   1   5   1   2   3   1   0   0   0   0   0   0   0  1.35 0.44
  176 A     0   2  -3  -3  -4   1  -2  -4  -2   0  -3   0  -1  -2   6  -1   0  -4  -2  -1    8  11   0   0   0   8   1   0   0   7   0   6   2   2  43   2   5   0   1   4  0.81 0.26
  177 M     1  -3  -2  -4  -3  -3  -3  -3  -3   1   3  -3   3   1  -4  -2  -1   0   3   2   12   0   2   0   0   0   0   1   0   8  34   0   8   4   0   1   2   1  13  12  0.36 0.18
  178 S     0  -3  -2  -3  -4  -3  -3   1  -4  -5  -5  -3  -4  -5  -3   7  -1  -5  -4  -4    3   0   0   0   0   0   0   8   0   0   0   0   0   0   0  89   0   0   0   0  1.51 0.52
  179 L    -3  -3  -5  -5   2  -4  -5  -5  -5   5   3  -4   0   1  -5  -4  -2   0  -3   1    0   1   0   0   4   0   0   0   0  49  34   0   0   5   0   0   2   1   0   3  0.85 0.30
  180 D    -5  -5  -1   8  -7  -3  -1  -4  -4  -6  -7  -4  -6  -7  -4  -3  -4  -7  -6  -6    0   0   0 100   0   0   0   0   0   0   0   0   0   0   0   0   0   0   0   0  2.46 0.61
  181 E    -4  -4  -4  -2  -7  -2   8  -6  -4  -7  -7  -3  -6  -7  -5  -4  -4  -7  -6  -6    0   0   0   0   0   0 100   0   0   0   0   0   0   0   0   0   0   0   0   0  2.46 0.77
  182 A     6  -4  -1  -4   3  -1  -4   1  -4  -4  -3  -3   0  -3  -4  -1  -3  -5  -4  -1   68   0   4   0   6   2   0  10   0   0   1   0   3   1   0   2   0   0   0   3  0.97 0.43
  183 Y    -5  -5  -6  -6  -5  -5  -6  -6  -2  -4  -2  -5  -3   6  -6  -5  -5   4   8  -2    0   0   0   0   0   0   0   0   0   0   3   0   0  39   0   0   0   4  50   2  1.99 0.59
  184 L    -3  -4  -5  -6   2  -4  -5  -5  -5   2   5  -4   4  -2  -5  -4  -3  -4  -3   1    1   0   0   0   4   0   0   0   0  13  61   0  10   0   0   0   0   0   0  10  0.99 0.37
  185 N    -3  -4   1   8  -1  -3   0  -4  -4  -5  -6  -3  -5  -6  -4  -3  -4  -6  -5  -5    2   0   5  83   1   0   5   0   0   0   1   0   0   0   0   0   0   0   0   0  1.95 0.57
  186 I    -2  -4  -4  -4   0  -3  -4  -4  -4   3   3  -4   1  -1  -4  -3  -2  -4  -3   5    2   0   0   0   2   0   1   1   0  17  24   1   3   1   0   1   1   0   0  45  0.71 0.28
  187 T    -1  -1  -2  -1  -3  -2  -2  -3  -3  -3  -3  -2  -3  -4  -3   2   6  -4  -3  -2    3   3   1   2   0   1   2   1   0   1   1   1   0   1   1  14  67   0   0   1  1.14 0.42
  188 K     0  -1   0   3  -2   0   2   2   1  -3  -3   0  -2  -2  -1   1  -1  -2  -2  -2    6   3   4  17   0   2  17  19   4   1   2   4   1   1   2   9   3   0   1   2  0.25 0.11
  189 H     0   0   1   0  -1   0  -1   0   1   0   0   0   0  -1  -1   0   0  -2   0   0    8   5  11   7   1   1   2   5   4   5  10   4   4   3   2   8   7   0   3   8  0.02 0.02
  190 L     0   0  -1   0  -1   0   0  -1  -1   1   1   0   0  -1  -1   0   0  -2  -1   2    5   4   1   6   2   4   8   4   1   6  14   9   1   2   2   4   6   0   2  20  0.03 0.04
  191 E     0   2   0   0  -1   1   1  -1   0  -2  -1   2  -1  -2   0   0   0  -2  -2  -1    9  12   5   3   2   6  12   4   1   2   5  18   1   1   4   7   3   0   1   3  0.15 0.07
  192 E    -1   0   0   1   2   0   1   1  -1  -1   0   0  -1  -1   1   0  -1   0  -1  -1    4   3   5   7   7   2  13  10   2   3  16   8   1   2   6   4   2   1   1   3  0.05 0.04
  193 R    -1   2   0   1  -2   0   1  -1   1   0  -1   0   0   1  -1   0   0  -1   1  -1    3  14   3   8   1   3   8   3   4   9   4   6   3  10   3   4   5   1   4   4  0.05 0.04
  194 Q    -1   0   0   1  -1   2   1  -1   2  -1  -1   1  -1   0   0   0   0  -1  -1  -1    5   5   4  10   1  11  10   5   6   4   6   8   1   6   5   4   4   1   2   3  0.08 0.03
  195 N     0   0   1   0   0   1   0  -1   0   0   0   0   0   0   0   0   0  -1  -1   0   10   4   8   7   3   7   7   5   2   3  13   5   1   4   3   4   4   1   2   7  0.02 0.01
  196 W     0   0   0   0  -1   0   0   0   0   0   0   0   0   0   1   0   0   3   0   0    7   4   6   4   1   3   5   6   2   5  14   5   2   3   7   5   6   5   4   6  0.04 0.01
  197 P     0   0   0   0  -1   0   0   0   0   0   0   0   0   0   2   0   0  -1   0   0    8   4   3   7   1   4   5   6   2   5   9   7   2   4  12   9   4   1   2   6  0.07 0.01
  198 E     0   0   0   1   0   0   0   0   0  -1   0   0   0   0   1   0   0   0   0   0   11   6   3   8   3   3   7   6   2   4   8   4   2   4   6   9   6   1   2   5  0.03 0.00
  199 D     0   0   0   1  -1   0   1   0   0  -1   0   0   0  -1   0   0   0   0   0   0    7   6   4   9   2   3  10   6   3   4   8   6   2   3   4   8   6   1   3   7  0.03 0.00
  200 K     0   0   0   0  -1   0   0   0   0   0   0   1   0  -1   0   0   0   0   0   0    7   4   4   4   2   3   8  10   2   5   9  11   2   3   4   6   5   1   3   7  0.02 0.00
  201 R     0   1   0   0  -1   0   0   0   0   0   0   0   0  -1   0   0   0   0   0   0    7   8   5   4   2   6   7   6   2   4  12   5   2   3   4   7   6   1   3   8  0.02 0.00
  202 R     0   1   0   1  -1   0   0   0   0   0   0   0   0  -1   1   0   0   0   0   0    9   9   4   8   2   3   5   7   2   6   7   5   2   3   7   8   5   1   3   5  0.03 0.00
  203 Y     0   0   0   0  -1   0   0   0   0   0   0   0   0   0   0   0   0   0   1   0    7   6   4   7   2   3   5   6   2   6  11   7   3   3   4   7   5   1   6   5  0.01 0.06
  204 F     0   0   0   0  -1   0   0   0   0   0   0   0   0   1   0   0   0   0   0   0    6   4   6   5   2   3   7   6   2  10   7   5   2   8   4   7   5   1   3   7  0.00 0.00
  205 I     0   0   0   0  -1   0   0   0   0   0   0   0   0   0   1   0   1   0   0   0    8   7   5   4   2   3   5   6   2   6   8   5   2   3   8   6  10   1   4   5  0.04 0.00
  206 K     0   0   0   1   0   0   1   0   0  -1  -1   0   0  -1   0   0   0   0   0   0    6   5   4  10   3   3   9   8   2   4   7   7   2   3   4   6   7   1   4   7  0.03 0.00
  207 N     0   0   1   2   0   0   0   0   0  -1  -1   0  -1  -1   1   1   0   3  -1  -1    5   5   6  17   2   3   4   6   2   3   6   5   2   3   6  10   5   5   2   4  0.09 0.02
  208 S     0  -1   0   0   3   0   0   1   0  -1  -1  -1  -1  -1   2   1   0  -1  -1  -1    5   3   3   7   9   2   7  11   3   5   5   3   1   2   9  14   4   1   2   4  0.10 0.03
  209 V     0   0   0   1   0   0   0   0   1   0  -1   0  -1  -1   1   0   0  -1  -1   0    5   6   3  11   2   5   4   7   6   6   7   5   1   2   6   5   8   1   2   7  0.04 0.01
  210 V     0   0   0   0   1   0   0  -1   1   0   1   0   0  -1   0   0   0   0   0   0    8   4   6   5   3   6   5   5   6   4  16   3   2   2   3   4   4   1   2  10  0.01 0.01
  211 F     0  -1  -1  -1   3   0  -1   0   1   0   0  -1   0   2  -1  -1   0   0   2   0    8   4   3   3   8   4   3   6   5   5  10   3   1  14   3   3   4   1   8   4  0.05 0.04
  212 G     0   0   1  -1   0   1   0   1   1  -1   0   1   0   0  -1   0   0  -1   0  -1    8   3   7   2   2   7   4  14   5   3  10  10   2   5   2   7   3   1   2   3  0.04 0.02
  213 T     0   0   0  -1  -2   0   0   3  -1  -1  -1  -1   0  -1  -1   0   1  -2  -2  -1    8   4   5   3   1   3   7  30   1   3   6   3   3   3   2   4  10   0   1   2  0.17 0.07
  214 S     0  -1  -1   0  -2   0   0  -1  -2  -2  -1  -1  -2  -2   0   4   1  -2   0   0    3   2   1   5   1   4   4   3   1   2   8   3   1   1   4  42   6   0   4   6  0.27 0.16
  215 A     4  -2  -1  -3  -1  -2  -2   1  -3  -2  -2  -2  -2  -3   4   0  -2  -3  -3  -2   48   2   2   1   1   1   1  12   0   2   3   1   0   1  18   3   1   0   1   2  0.61 0.26
  216 Q     1   0  -2  -1  -2  -1   1  -2  -2   0  -1  -1  -1   0  -2   1   3  -3  -1   0   11   6   0   2   0   2  12   2   0   4   4   2   1   5   1  10  27   0   2   6  0.19 0.16
  217 E    -2   1   0   2  -4   2   3  -3   0  -2   1   1   0  -2  -3  -1  -1   1  -2  -1    2   8   3  10   0   8  27   1   2   0  16   7   3   2   0   2   2   2   0   4  0.26 0.17
  218 V    -1  -4  -5  -5  -3  -4  -5  -5  -4   5   2  -4   3   2  -5  -3  -1  -4  -1   2    4   0   0   0   0   0   0   0   0  44  15   0   7  11   0   1   3   0   1  13  0.78 0.32
  219 V     6  -4  -4  -4   2  -4  -4   2  -4  -3  -3  -4  -3  -5  -4  -2  -3  -5  -4   1   70   0   0   0   4   0   0  13   0   0   2   0   0   0   0   0   0   0   0  10  1.16 0.49
  220 K     0   2   0  -2  -4   3   3  -3   1  -2  -2   3  -1  -4  -3  -1  -1  -4  -3  -2    6  13   4   1   0  16  18   0   4   2   5  21   1   0   0   3   3   0   0   2  0.41 0.23
  221 E     1   1  -1   0  -2   2   4  -1  -1  -3  -1   2  -1  -2  -3  -1  -1  -4  -1  -3   11   8   1   4   1   9  32   3   1   1   5  13   2   1   0   3   2   0   2   0  0.37 0.23
  222 I    -4  -5  -6  -6  -4  -5  -6  -6  -6   7   2  -5   2  -1  -5  -5  -4  -5  -4   0    0   0   0   0   0   0   0   0   0  71  19   0   4   2   0   0   0   0   0   3  1.53 0.52
  223 R    -3   7  -3  -4  -3   4  -2  -5  -3  -5  -4   3  -1  -6  -5  -3  -4  -5  -5  -4    1  58   0   0   1  17   0   0   0   0   1  19   2   0   0   0   0   0   0   1  1.47 0.54
  224 F     1   3   1   0  -4   3   2  -2   1  -3  -3   2  -2  -2  -3   0  -1  -4  -2  -3   16  15   6   5   0  15  13   2   4   1   1  11   1   2   0   5   2   0   1   0  0.34 0.21
  225 R     0   4  -2   2  -4   1   3  -4   1  -4  -3   0  -3  -3  -3   0   0  -5  -3  -3   10  26   0  14   0   7  21   0   3   0   1   3   0   1   0   6   6   0   0   2  0.51 0.28
  226 I    -4  -6  -6  -6  -4  -6  -6  -7  -6   7   0  -6   1  -3  -6  -5  -4  -6  -4   4    0   0   0   0   0   0   0   0   0  67   4   0   4   0   0   0   0   0   0  26  1.62 0.55
  227 E    -1   2  -2  -3  -4  -1   1  -4   0  -3   1   3   0   3  -4  -2  -2   5   2  -3    4  13   2   0   0   2   9   0   2   0  14  19   3  12   0   2   2  10   8   0  0.40 0.24
  228 Q     0   2   3   1  -4   3   3  -3   0  -4  -2   1  -3  -5  -3   1  -1  -5  -4  -3    8  11  13   7   0  12  25   0   2   0   4   7   0   0   0   8   2   0   0   1  0.45 0.25
  229 K    -2   1  -1  -1  -5   3   5  -2  -1  -2  -3   2  -3  -5  -4  -2  -2   1  -4  -2    2   6   3   1   0  12  46   3   1   2   3  13   0   0   0   1   2   2   0   3  0.71 0.36
  230 T    -3  -3  -4  -4  -4  -3  -1  -5  -5   0   3  -4   0  -1  -4  -2   5  -5  -4   0    0   1   0   0   0   1   5   0   0   4  34   0   2   2   0   0  45   0   0   5  0.84 0.42
  231 T    -3  -1   2  -1  -5   1  -2   5   4  -6  -4   1  -3  -5  -4  -2  -1  -5  -4  -5    0   3   9   3   0   6   2  55   9   0   1   8   1   0   0   2   3   0   0   0  0.96 0.39
  232 L    -4  -5  -6  -6   3  -5  -6  -6  -5   3   5  -5  -1   1  -5  -5  -4  -4   0   1    0   0   0   0   5   0   0   0   0  19  61   0   0   5   0   0   0   0   3   7  1.06 0.42
  233 T    -3  -2  -1  -3  -4  -1  -3  -5  -1  -3  -4  -1   0  -5   1   0   7  -1  -2  -2    1   2   2   1   0   2   1   0   1   1   1   2   2   0   7   6  67   1   1   2  1.16 0.52
  234 A     4  -5  -4  -5   7  -4  -4  -1  -5   1  -3  -4   0  -4  -4  -1  -1  -5  -4   3   36   0   0   0  24   0   0   3   0   7   0   0   2   0   0   4   3   0   0  20  0.92 0.41
  235 S    -2  -1  -2  -4   1  -4  -4   0  -4  -6  -6  -4  -5  -6  -4   7   1  -6  -5  -5    0   2   1   0   3   0   0   6   0   0   0   0   0   0   0  81   6   0   0   0  1.55 0.64
  236 A     4  -5  -5  -5   1  -4  -4  -4  -5   3  -2  -4  -2  -2  -4  -3  -2  -5  -4   4   46   0   0   0   3   0   0   0   0  18   0   0   0   1   0   0   1   0   0  32  0.96 0.44
  237 G    -3  -6  -4  -5  -6  -6  -6   8  -6  -8  -7  -5  -6  -7  -6  -4  -5  -6  -7  -7    0   0   0   0   0   0   0 100   0   0   0   0   0   0   0   0   0   0   0   0  2.59 0.76
  238 I    -3  -6  -6  -6   1  -5  -6  -5  -6   6   1  -5   1  -3  -5  -5  -3  -5  -4   4    1   0   0   0   2   0   0   1   0  55   8   0   3   0   0   0   0   0   0  29  1.28 0.47
  239 A     5  -4  -3  -4  -4  -4  -4   3  -4  -5  -5  -3  -4  -5  -4   4  -2  -6  -5  -4   47   0   0   0   0   0   0  19   0   0   0   0   0   0   0  34   0   0   0   0  1.12 0.50
  240 P    -1  -2   0   0  -3  -1  -1  -3   1  -3  -4  -2  -4   0   6   0  -2  -3   4  -3    3   2   4   6   0   3   3   1   3   1   0   2   0   4  39   8   1   0  18   1  0.87 0.37
  241 N    -4  -4   7  -2   2  -2  -3  -1  -1  -1  -3  -3  -4  -5  -5   0   1  -6  -5  -2    0   0  62   1   4   1   0   4   1   5   2   0   0   0   0   7  10   0   0   3  1.24 0.51
  242 T    -4   0  -4  -4  -6  -2  -3  -5  -4  -3  -3   7   1  -1  -2  -4  -2  -6  -5  -4    0   2   0   0   0   0   0   0   0   2   2  82   4   4   1   0   2   0   0   1  1.68 0.63
  243 M    -2  -4  -2  -5  -4  -1  -4  -5  -2  -1   2  -4   2   6  -5  -3   1  -3   0   1    2   0   2   0   0   3   0   0   1   1  22   0   5  40   0   1   9   0   2  12  0.79 0.36
  244 L    -3  -3  -6  -6  -4  -5  -5  -6  -5   2   5  -5   1   0  -5  -4  -3  -4  -3   1    1   1   0   0   0   0   0   0   0  12  70   0   2   3   0   1   1   0   0  10  1.14 0.44
  245 A     7  -5  -5  -5   0  -4  -4  -3  -5  -5  -5  -4  -4  -6  -4   0  -3  -6  -5  -4   91   0   0   0   2   0   0   0   0   0   0   0   0   0   0   7   0   0   0   0  1.84 0.68
  246 K    -4   1  -4  -4  -7  -1  -3  -5  -4  -6  -6   8  -5  -7  -5  -4  -4  -7  -6  -6    0   5   0   0   0   1   0   0   0   0   0  93   0   0   0   0   0   0   0   0  2.28 0.76
  247 V    -4  -5  -5  -6  -4  -5  -5  -6  -5   5   3  -5   5  -3  -5  -2  -2  -5  -4   2    0   0   0   0   0   0   0   0   0  43  28   0  15   0   0   3   1   0   0  10  1.07 0.42
  248 C     6  -5  -5  -5   3  -4  -4  -2  -5  -1  -4  -4  -4  -1  -4  -2  -3  -6  -5   0   82   0   0   0   6   0   0   2   0   3   0   0   0   3   0   0   0   0   0   5  1.48 0.59
  249 S     0  -4   0  -3   2   0  -3  -2  -4  -5  -2  -3  -4  -5  -4   6   1  -6  -5  -4    7   0   3   0   4   3   0   2   0   0   4   0   0   0   0  70   7   0   0   0  1.17 0.53
  250 D    -4  -1   1   6  -6  -1   2   1   1  -6  -6  -1  -5  -6  -4  -1  -3   2  -5  -6    0   3   6  53   0   2  11  12   3   0   0   3   0   0   0   4   0   3   0   0  1.06 0.42
  251 K     0   0  -3  -4  -3   0  -1  -4  -1   0   2   1   5   1  -4  -2  -3   4   1   0    8   5   0   0   0   5   3   0   1   4  23   9  18   5   0   2   0   7   5   4  0.36 0.23
  252 N     2   2   5  -1  -2   1   0  -2   1  -4  -4   2  -3  -2  -3   0  -1  -5  -4  -3   20  11  30   2   1   7   6   1   3   0   0  12   0   2   0   3   2   0   0   1  0.53 0.29
  253 K    -4  -1  -4  -4  -7  -2  -2  -5  -4  -6  -6   8  -2  -7  -5  -4  -4  -7  -6  -6    0   0   0   0   0   0   2   0   0   0   0  97   1   0   0   0   0   0   0   0  2.39 0.79
  254 P    -4  -5  -5  -5  -6  -2  -3  -6  -6  -6  -6  -1  -6  -7   9  -4  -3  -7  -6  -6    0   0   0   0   0   2   1   0   0   0   0   4   0   0  90   0   1   0   0   0  2.84 0.81
  255 N    -1  -1   6   4  -5  -3  -2  -3   1  -5  -2  -2  -4   0  -4  -1  -2   4  -3  -5    4   4  40  26   0   0   0   1   3   0   5   2   0   5   0   2   2   6   0   0  0.91 0.41
  256 G    -1  -2  -1  -4  -6   1  -4   7  -5  -7  -7  -1  -5  -6  -2  -2  -4  -6  -6  -6    3   2   2   0   0   6   0  80   0   0   0   4   0   0   2   1   0   0   0   0  1.69 0.56
  257 Q    -3  -2  -4  -4  -4   5  -3  -3  -3   3   3  -3   0   1  -4  -2  -3  -4  -3   0    0   1   0   0   0  34   0   2   0  19  26   0   1   7   0   2   0   0   0   6  0.70 0.37
  258 Y    -2  -3  -2  -4   2  -3  -4  -1  -2  -3  -2   0  -1   4  -4   0   4  -2   4   0    1   1   1   0   4   0   0   5   0   0   1   5   1  21   0   6  29   0  16   7  0.59 0.33
  259 Q    -2  -4  -2  -5  -1  -1  -1  -5   0   3   0  -3  -2  -2  -5  -1  -1  -5  -2   5    1   0   1   0   1   3   3   0   3  13   8   1   0   1   0   5   4   0   1  54  0.71 0.35
  260 I    -2  -5  -5  -3   1  -5  -5  -6  -5   5   2  -5  -1  -1  -5  -4  -1  -5  -4   3    3   0   0   2   3   0   0   0   0  41  22   0   0   1   0   0   3   0   0  25  0.87 0.36
  261 L     0   2  -2  -2  -2  -1  -1  -2  -1  -2   1   0  -1  -1   3   0   3   1  -1  -1    5  12   1   2   1   2   3   1   2   1  14   5   1   2  14   5  23   2   2   3  0.22 0.15
  262 P     0  -2   0  -1  -3  -2   0  -2   0  -3  -3  -1  -2  -1   6   0  -2   1  -2  -2    8   2   4   3   1   1   6   2   3   2   3   3   1   4  44   7   2   2   1   3  0.79 0.23
  263 N    -1   0   2   4  -2  -1   1   1   0  -2  -2   0  -2  -2  -1   1   0  -2  -2  -2    4   4  11  25   1   1   6  12   2   2   3   7   1   1   2  10   5   0   1   2  0.28 0.11
  264 R    -1   1   0   0  -2   2   2  -1   1  -1  -1   2  -1  -1  -1   0   0  -1   2  -1    4   7   4   4   1   9  14   3   3   4   4  16   1   2   2   5   6   1   8   3  0.14 0.08
  265 Q     1   0   1   0  -3   2   4  -1   0  -2  -3   1  -2  -3  -1  -1  -1  -3  -2  -2   13   6   8   4   0   8  34   5   2   2   2   6   0   1   2   3   3   0   1   1  0.36 0.18
  266 A     0   1   1   3   0   1   3  -1  -2  -3  -2   0   0  -2  -2   0  -1  -3  -3  -3   10  10   8  15   2   4  25   4   0   1   3   3   3   2   1   5   2   0   0   1  0.29 0.16
  267 V     1  -3  -3  -4   0  -1  -3  -3  -3   3   0  -3   1  -1  -3  -1  -1  -1  -2   4   13   1   1   1   2   3   1   2   0  18   6   1   3   1   1   3   2   1   0  41  0.48 0.24
  268 M    -1   0  -1   1  -3   2   2  -3   0  -1   0   1   2  -2   3  -1  -1  -3  -2  -2    5   5   2   8   0  12  14   1   2   3  10  11   7   2  14   3   2   0   0   2  0.23 0.15
  269 D     0   0   1   4  -3   1   3  -1   1  -4  -4   1  -3  -4  -1   0  -1  -4  -3  -3   10   5   5  25   0   5  21   4   4   0   1   9   0   0   2   5   3   0   0   1  0.43 0.22
  270 F    -4  -3  -5  -5  -5  -4  -3  -6  -4   0   2   1   0   7  -5  -4  -3  -2   1  -1    0   1   0   0   0   0   1   0   0   5  17  10   1  58   0   0   1   0   2   2  1.26 0.46
  271 I    -4  -5  -6  -6  -4  -5  -5  -6  -5   3   5  -5   4  -1  -5  -5  -3   0  -3   2    0   0   0   0   0   0   0   0   0  19  53   0  11   2   0   0   0   1   0  14  1.04 0.40
  272 K     1   1   0   1  -4  -1   0  -1   1  -4  -2   2   0  -2  -3   1  -2   7   0  -2   16   7   3   8   0   2   4   3   3   0   2  12   3   1   0  13   1  16   3   2  0.40 0.24
  273 D     0  -1   1   2  -4   1   0  -1  -2  -3  -2   0  -3  -3   4   1   1  -5  -4  -3    6   2   5  10   0   7   6   5   1   1   4   6   0   1  25  11   8   0   0   0  0.42 0.21
  274 L    -4  -1  -5  -6  -4   0  -4  -6  -5   0   6  -1   2   0  -5  -5  -4  -4  -4  -2    0   4   0   0   0   6   1   0   0   4  74   4   4   3   0   0   0   0   0   1  1.11 0.46
  275 P    -3  -4  -2   2  -6  -4  -2  -5  -1  -6  -4   0  -5  -6   7   0  -2  -7  -6  -5    1   0   1  12   0   0   2   0   2   0   2   7   0   0  65   6   1   0   0   0  1.76 0.58
  276 I    -3  -5  -6  -6  -4  -5  -6  -6  -6   5   2  -5  -1  -3  -5  -5  -3  -5  -4   5    1   0   0   0   0   0   0   0   0  37  18   0   0   0   0   0   0   0   0  44  1.24 0.46
  277 R     0   2   0   0  -4   0   2   2  -2  -3  -4   2  -3  -4  -3   1   1  -4  -4  -3    6  14   4   5   0   1  15  18   0   1   0  11   0   0   0  12  11   0   0   1  0.34 0.21
  278 K    -1   2  -1   2  -1  -1   2  -4  -3  -2  -3   5  -1  -3  -3   0  -1  -5  -4  -3    5   8   2  13   1   0  16   0   0   3   2  38   2   1   0   5   2   0   0   1  0.56 0.30
  279 V    -4  -5  -6  -6  -4  -5  -5  -6  -5   5   3  -5   4   3  -5  -5  -3  -4  -2   2    0   0   0   0   0   0   0   0   0  33  27   0  11  13   0   0   0   0   0  15  0.94 0.37
  280 S    -4  -1  -3  -5  -6  -4  -4  -3   5  -5  -4  -3  -5   1   6  -2  -2   8   1  -5    0   4   1   0   0   0   0   2  13   0   1   1   0   7  40   4   2  22   4   0  1.53 0.53
  281 G    -3  -6  -4  -5  -6  -3  -5   7  -5  -7  -7  -5   0  -4  -6  -2  -2  -6  -2  -6    0   0   0   0   0   1   0  90   0   0   0   0   2   1   0   2   2   0   2   0  2.09 0.66
  282 I    -4  -6  -6  -6  -4  -5  -6  -7  -6   5   0  -6  -2  -4  -6  -5  -3  -6  -4   6    0   0   0   0   0   0   0   0   0  30   6   0   0   0   0   0   0   0   0  64  1.53 0.54
  283 G    -3  -6  -4  -5  -6  -6  -6   8  -6  -8  -7  -5  -6  -7  -6  -4  -5  -6  -7  -7    0   0   0   0   0   0   0 100   0   0   0   0   0   0   0   0   0   0   0   0  2.59 0.76
  284 K    -2   2  -1  -2  -5   0   0   0   2  -5  -5   5  -4  -5   3   0  -2  -5  -2  -5    1  11   2   2   0   3   6   6   6   0   0  43   0   0  13   5   1   0   2   0  0.73 0.35
  285 V     1   2  -3  -4  -4  -1  -3  -4  -4   0  -2   3  -2  -2  -4   0  -2  -5  -4   4   13  13   0   0   0   2   0   0   0   4   2  22   0   1   0   6   0   0   0  36  0.53 0.32
  286 T    -2  -4  -3  -4  -1  -1  -4  -1   0   0   0  -2   4   0  -4   1   5  -5  -3  -2    2   0   0   0   1   2   0   4   2   5   9   2  11   4   0   9  49   0   0   0  0.72 0.39
  287 E     3  -1  -1  -2  -3   1   3   0  -3  -2  -1   1  -2  -2  -3   1   0  -4  -2   0   29   3   1   1   0   4  20   6   0   1   6   9   0   2   0   8   4   0   1   6  0.26 0.20
  288 K     0   1  -1   1  -1   2   4  -2   0  -5  -4   3  -3  -5  -2   0  -1  -5  -3  -4    9   7   1   7   2   9  29   1   2   0   0  21   0   0   1   8   2   0   1   0  0.51 0.27
  289 M    -2   3   0  -2  -2   0   0  -4   1  -1  -2   5  -1  -4  -4  -2   0  -5  -2  -1    2  17   4   1   1   2   4   0   4   4   3  45   2   0   0   1   5   0   1   4  0.63 0.33
  290 L    -3  -5  -6  -7  -4  -5  -6  -7  -6   0   6  -5   4  -1  -6  -5  -4  -5  -3  -1    1   0   0   0   0   0   0   0   0   4  83   0   8   2   0   0   0   0   1   1  1.51 0.54
  291 K     1   1   3  -1  -4   1   2  -2   5  -3  -2   2  -1  -1  -3  -1  -2  -4  -1  -3   11   8  17   1   0   7  14   3  15   2   3  11   1   4   0   1   2   0   2   1  0.35 0.22
  292 A     2   2   1   1  -3   1   2  -2  -2  -3  -2   1  -3  -4  -3   2   0  -4  -3  -2   18  13   7   6   0   5  14   2   0   1   2  10   0   0   0  15   4   0   0   2  0.30 0.20
  293 L    -1  -2   0   0  -4  -1  -3  -5   1   1   4  -3   5  -2  -5  -4  -3  -4  -2  -1    5   1   6   6   0   2   1   0   3   7  47   1  19   0   0   0   0   0   1   1  0.67 0.34
  294 G    -2  -5   1  -1  -6  -3  -3   7   0  -7  -7  -2  -6  -6  -5  -1  -4  -6  -6  -6    2   0   8   2   0   1   2  78   2   0   0   2   0   0   0   4   0   0   0   0  1.63 0.55
  295 I    -4  -6  -6  -6  -4  -5  -6  -6  -6   7   2  -5   1   1  -3  -5  -2  -5  -2   2    0   0   0   0   0   0   0   0   0  64  15   0   2   5   1   0   1   0   1  10  1.26 0.46
  296 I    -2   2   2   0  -4   1   2  -3   3  -2  -3   2  -2   1  -3   0  -1  -3   2  -1    0  11  12   3   0   6  12   0   7   3   1  16   1   7   0   5   4   0   8   4  0.28 0.19
  297 T    -3  -2   0  -3  -4  -3  -4  -5   0  -4  -3   1  -2  -5  -4   1   7  -5   0  -3    1   2   3   1   0   1   0   0   2   0   2   9   1   0   0   8  67   0   4   1  1.21 0.54
  298 C    -1  -5  -5  -5   7  -5  -5   1  -5   4   0  -5   0  -3  -5  -4  -3  -5  -4   3    5   0   0   0  22   0   0  13   0  29   9   0   2   0   0   0   0   0   0  20  0.87 0.37
  299 T     1   1  -1  -3  -4   0   0   4  -1  -3  -1   1  -3  -4  -2  -1  -2  -4  -2  -3   11   7   3   0   0   5   7  40   1   1   8   7   0   0   1   2   2   0   2   1  0.44 0.24
  300 E    -4  -3  -2   7  -7   4   3  -3  -4  -6  -7  -2  -6  -7  -5  -3  -4  -7  -6  -6    0   1   0  65   0  17  14   1   0   0   0   1   0   0   0   0   0   0   0   0  1.71 0.60
  301 L    -3  -5  -6  -6  -4  -5  -6  -6  -6   2   6  -5   1  -1  -6  -5  -2  -5  -4   2    1   0   0   0   0   0   0   0   0  10  72   0   2   1   0   0   2   0   0  12  1.22 0.46
  302 Y     3   2  -2  -4  -4   4  -2  -3  -3  -2  -1   0  -3  -1  -4  -1  -1   3   1  -2   33  14   1   0   0  22   0   0   0   2   6   4   0   2   0   3   3   4   6   1  0.49 0.32
  303 Q     0   2   2   0  -1   3   1  -2   0  -3  -3   2  -2  -4  -1  -1   0  -4  -3  -3   10  13  12   4   1  15   9   2   2   1   2  17   1   0   2   3   5   0   0   1  0.34 0.21
  304 Q     0   0   0   1   0   0   0  -1  -1  -1  -1   0   1  -1   2   1   1   1  -1  -1    9   5   4  10   3   4   2   3   2   2   7   8   5   2   9  10   9   3   2   3  0.08 0.07
  305 R    -1   0   1   3  -4   0   2  -2  -1  -3  -1   1   0  -2   2   1  -1  -4  -1  -3    1   5   6  18   0   2  11   2   1   1   8  10   4   1   9  15   2   0   2   1  0.24 0.17
  306 A     1  -1  -1   2  -3   1   3  -2  -2  -2  -2   1  -2  -3   0   1   0  -4  -2   0   16   2   2  13   0   5  20   2   0   2   3   7   0   0   3   9   5   0   1   8  0.22 0.16
  307 L    -1   0   0   0  -3   0   1  -1   0   0   1   0   1   1  -3  -1   0   1   0   0    4   5   5   3   0   4  14   4   2   4  16   8   4   9   0   3   5   2   3   7  0.05 0.07
  308 L    -2  -5  -5  -3  -4  -2  -3  -6  -5   1   5  -4   1   2  -5  -4  -4  -1  -1  -1    4   0   0   2   0   2   2   0   0   6  70   0   2   8   0   1   0   1   1   1  0.99 0.42
  309 S    -1  -1  -2  -2  -3   2   1  -4  -2   3   2   1   1  -2  -2   0  -1  -4  -1   1    2   3   1   1   0  11  10   0   1  20  19   9   3   0   1   8   2   0   2  10  0.21 0.17
  310 L     0   3   0   0  -4   1   1  -2   0  -2  -1   4   0  -4  -3   0  -2  -4  -2  -2    7  18   4   5   0   5   9   2   2   2   5  28   3   0   0   7   0   0   1   2  0.35 0.22
  311 L    -1   2  -1  -2  -1   1   1  -3   3   1   0   2   0  -3  -3  -1  -1  -2  -2   0    5  11   1   1   1   6  11   0   9  13   9  19   1   0   0   4   3   1   0   5  0.21 0.17
  312 F    -4  -1  -3  -6  -5  -3  -5  -6   1  -1   2  -1  -2   7  -6  -4  -2  -3   1  -1    1   4   1   0   0   1   0   0   3   2  20   5   0  55   0   0   2   0   2   3  1.14 0.44
  313 S    -3  -5  -4  -4  -5  -5  -3   6  -3  -4  -1  -4  -4   1  -5  -1  -3   0   0  -4    0   0   0   0   0   0   2  72   1   1   8   0   0   7   0   3   1   1   3   1  1.35 0.49
  314 E    -1   1   1   0  -4   0   1   2  -1  -1  -3   4  -3  -2   1   0  -2  -4  -3  -2    2   8   6   4   0   2   8  14   1   4   0  30   0   2   6   8   1   0   0   3  0.31 0.20
  315 T     1   1  -1  -2  -3  -1  -1  -3  -2   0  -1   1   1   3  -3   0   1   1   0   1   12   8   3   1   0   1   2   0   1   5   4   9   4  16   0   9  11   2   2  11  0.13 0.13
  316 S     0   0   1  -2  -2  -1  -2   3   0  -1  -1   0   1  -1  -2   1   0  -3   0   0    6   4   9   1   0   1   1  22   3   3   5   8   5   2   1  10   7   0   3  10  0.14 0.11
  317 W     2  -1  -1  -3  -4  -2  -4   5  -4  -4  -1  -3  -4   0  -4  -2  -2   4   1  -3   17   4   2   1   0   1   0  48   0   0   5   1   0   4   0   1   1   7   6   1  0.77 0.34
  318 H    -1   1   0   1  -4   3   3  -2   3  -2  -2   0   0  -1   1   0   0  -3  -2  -2    2   6   4   5   0  14  24   3   8   1   4   2   2   2   6   5   7   0   0   3  0.28 0.18
  319 Y    -2   3   0  -2  -3  -1  -1  -2   0   0   0   0   1   0  -3   0  -2   3   3   0    2  22   5   1   0   0   2   2   2   4  10   5   5   4   0  10   1   5  11   9  0.21 0.16
  320 F    -4  -5  -3  -6  -4  -5  -5  -6  -4   1   5  -5   0   2  -5  -5  -1  -4   2  -1    0   0   2   0   0   0   0   0   0   7  68   0   1   7   0   0   5   0   7   3  1.05 0.43
  321 L    -3  -1  -3  -5  -5  -1  -4  -3   4  -1   0  -1  -3   1  -5  -3  -4   7   6   0    2   3   1   0   0   3   0   2  10   3  10   5   0   4   0   1   0  18  30   7  0.93 0.38
  322 H     0   3   2   1  -1   2   2  -1   2  -4  -2   1  -1  -4  -3   0  -2  -3  -2  -3    8  21  13   7   2   9  12   3   6   0   4   7   1   0   0   6   1   0   1   0  0.33 0.20
  323 I     0   2  -2  -2   0  -2  -1  -2  -2   1   2   0   1   1  -3  -1  -1  -2   0   0    7  12   0   2   2   0   5   2   0   6  29   8   4   8   0   4   4   0   3   4  0.14 0.13
  324 S     5  -4  -4  -4   4  -4  -4  -2  -4  -3   0  -4  -3  -4  -4   3  -2  -5  -2  -1   56   0   0   0  10   0   0   1   0   1   8   0   0   0   0  19   0   0   1   4  0.92 0.44
  325 L    -3   5   2  -3  -5   1  -2  -4   5  -2   0   0  -2  -1  -4  -2  -2   0  -2  -4    1  41  11   0   0   7   1   0  14   2   9   4   1   3   0   2   1   2   1   0  0.76 0.36
  326 G    -2  -5   0  -3  -6  -5  -5   7  -5  -7  -7  -5  -6  -6  -5  -2  -5  -6  -6  -6    2   0   4   1   0   0   0  90   0   0   0   0   0   0   0   2   0   0   0   0  2.10 0.64
  327 L    -3   1  -4  -4  -4  -1   1  -4  -1   6   1  -1   0  -2  -4  -3  -2  -4  -2   0    1   8   0   0   0   3  12   1   1  49  12   3   1   1   0   1   2   0   1   3  0.62 0.33
  328 G    -3  -4  -1   7  -6  -3   0  -1   1  -6  -5  -4  -5  -5  -1   0  -2   0   1  -5    1   0   1  67   0   0   4   5   3   0   1   0   0   0   3   5   1   1   6   0  1.37 0.51
  329 S    -2  -2   3   3   2  -1   2  -1   3  -3  -2  -1  -3   0   0   0   0  -4   1  -2    0   1  14  16   5   0  18   5   8   1   4   2   0   3   4   5   6   0   6   2  0.30 0.20
  330 T    -1   6  -1   0  -5  -1   0  -3  -3  -2  -2  -1  -3  -3  -4   2   1  -5  -4  -4    3  44   1   6   0   1   6   1   0   3   4   0   0   1   0  20   9   0   0   0  0.71 0.37
  331 H    -2  -2  -2   0  -5   0   3  -3   0  -2  -2   0  -2  -4   6  -1  -3  -5  -2  -3    2   1   1   4   0   4  19   2   2   3   4   5   1   1  44   5   0   0   1   1  0.92 0.37
  332 L    -3  -5  -3  -5  -4  -5  -5  -5  -5   3   1  -5  -2  -1  -5  -2  -1  -5  -4   6    0   0   1   0   0   0   0   0   0  11  14   0   0   2   0   4   2   0   0  64  1.10 0.44
  333 T    -1   1   1   1  -2   1   3  -2   0  -1  -3   2  -3  -4  -2   1   0  -4  -3  -1    3   7   7   7   1   6  25   2   1   4   0  13   0   0   1  11   7   0   0   6  0.29 0.18
  334 R     0  -1   1  -1  -4  -1   1  -2  -3  -2  -3  -2  -1  -4   5   0   1  -4  -1  -1    9   3   8   2   0   2  11   2   0   1   1   1   2   0  32   8   9   0   2   6  0.56 0.26
  335 D    -2   2   1   3  -4   1   2  -3   2  -3  -3  -1  -2  -1   0   1  -1  -3   0  -1    2  12   6  18   0   6  14   0   7   0   1   1   1   3   5  12   1   0   4   6  0.29 0.19
  336 G     0   5  -2   0  -4   1  -1   0   0  -4  -1   0  -3  -4   1   0  -2  -3  -4  -1    7  39   0   5   0   6   3   9   3   0   6   2   0   0   7   7   1   0   0   5  0.46 0.27
  337 E    -1   0  -1   0  -4   1   3  -2   0   1   0   0   0  -3   2  -1  -2  -4  -3   1    3   4   2   3   0   5  26   2   3  10   8   6   2   0  11   2   0   0   0  12  0.24 0.18
  338 R     1   5  -3  -2  -1   0  -2  -4  -1   0  -3   1  -1  -2   2   0  -2  -4  -1  -1   13  41   0   2   1   3   0   0   1   6   0   5   2   2  10   6   2   0   2   5  0.53 0.30
  339 K    -4   1  -3  -4  -6   2  -1  -3   0  -4  -5   7  -4  -6  -4  -3  -3  -6  -2  -5    0   4   0   0   0   7   3   2   2   1   1  78   0   0   0   0   1   0   1   0  1.61 0.60
  340 S    -2  -2  -2  -4  -1   3  -3  -3  -2  -6  -6  -3  -4  -6  -4   6   1  -6  -5  -5    1   1   1   0   1  15   0   1   1   0   0   0   0   0   0  72   7   0   0   0  1.40 0.61
  341 M    -3  -3  -6  -6  -4  -5  -5  -6  -1   6   0  -5   2   0  -5  -4  -3  -5  -2   4    1   2   0   0   0   0   0   0   1  52   6   0   5   4   0   0   0   0   1  27  1.10 0.43
  342 S    -1  -4  -3  -4  -4  -4  -4   5  -4  -3  -4  -4  -1  -5  -1   4  -3  -5  -5  -1    4   0   0   0   0   0   0  48   0   1   1   0   2   0   2  37   0   0   0   5  1.05 0.46
  343 V     1   1   0  -3   3  -1  -1  -3   3  -1  -2   0  -1  -1  -3   1   0  -4  -2   3   10   9   6   0   8   2   2   0   9   2   0   7   2   2   0  11   5   0   0  26  0.26 0.21
  344 E    -2  -3  -1   0  -5   0   6   0  -1  -2  -5  -2  -5  -5  -4   2  -3  -5  -1  -5    2   0   2   2   0   3  58   8   1   3   0   0   0   0   0  18   0   0   2   0  1.04 0.48
  345 R    -1   4   0   1  -2  -1   0  -3   1   0  -2   2   0  -3  -3   0   2  -4  -2   0    2  24   4   7   1   1   6   1   3   8   2  12   3   0   0   5  15   0   0   5  0.27 0.19
  346 T    -2  -4   2  -4  -4  -4  -4  -5  -4  -4  -5  -4  -4  -5  -4   1   7  -6  -1  -4    3   0  11   0   0   0   0   0   0   0   0   0   0   0   0  10  75   0   2   0  1.61 0.64
  347 F    -5  -5  -6  -6  -1  -5  -6  -6  -4  -2   3  -6   0   7  -4  -5  -5   3   4  -3    0   0   0   0   2   0   0   0   0   0  34   0   1  47   1   0   0   3  12   0  1.42 0.50
  348 S     1   0  -1   0  -4  -1   2   2  -2  -4  -3   1  -3  -5   3   1   0  -5  -4  -4   12   5   1   5   0   1  18  16   1   0   1   7   0   0  16  13   5   0   0   0  0.40 0.22
  349 E    -2   1  -1   6  -6   1   2  -3  -1  -5  -3   1  -4  -5   0  -1  -2  -6  -2  -5    2   9   1  46   0   5  14   1   2   0   2   7   0   0   4   4   1   0   2   0  0.84 0.38
  350 I    -2  -4  -1   2   1  -3  -3  -4  -4   3   3  -3  -1   1  -2  -2  -1  -4   0   1    1   0   4  14   3   1   0   0   0  22  28   1   1   6   2   2   3   0   4   9  0.37 0.24
  351 N     0  -2   2  -2  -3  -1  -2  -2   2  -2   0   0  -1  -2   0   2   3   0   1  -1    5   1  12   1   0   1   1   1   6   1  10   5   1   1   4  15  23   1   6   4  0.24 0.21
  352 K    -2   1   1   5  -2  -1   0  -3   0  -4  -4   0  -4  -3  -2   1   2  -4   1  -2    1   7   7  32   1   2   3   1   2   0   0   6   0   1   1  11  15   0   6   3  0.49 0.29
  353 A    -1   1   1   0  -3   0   0  -3   0   0   1  -1  -1   0   0   0   0   2   1  -1    5  10   7   6   0   4   7   0   2   7  18   2   1   4   5   7   5   4   6   2  0.07 0.09
  354 E     0   1   0   2  -5   1   5  -2  -1  -4  -4   0  -4  -4  -1   0   0  -5  -1  -1    7   6   5  11   0   5  39   2   1   0   0   5   0   0   3   6   6   0   2   4  0.51 0.29
  355 E     0  -1  -1   4  -5   2   4  -4  -1  -2  -2  -1  -4  -5  -4   0  -1  -5  -2  -2    9   3   2  20   0  11  35   0   1   2   3   2   0   0   0   5   3   0   1   2  0.61 0.33
  356 Q     0  -5  -5  -4   6  -1  -5  -3  -5   4   2  -4   3  -3  -5  -3  -3  -1  -4   2   10   0   0   0  19   4   0   1   0  25  18   0   8   0   0   0   1   1   0  12  0.72 0.34
  357 Y    -2   1  -1   0  -3   1   2  -3   2   0   1   2  -1  -1  -3  -1  -1   1   0  -1    2   8   1   6   0   5  13   1   6   7  19  13   1   2   0   4   2   2   4   4  0.14 0.14
  358 S     1   0   1   1  -3   3   1  -1  -2  -2  -2   0  -2  -3   0   1  -1   0  -1   0   16   4   7   6   0  17  11   5   0   2   2   5   0   0   5   8   2   1   2   8  0.18 0.16
  359 L     0   0  -2  -3  -3   0   1  -3   1   2   0   1   0   0  -3  -1  -1   3  -1   2   10   3   1   0   0   3  12   0   3  12   8  13   1   4   0   2   2   5   2  19  0.17 0.16
  360 C    -3  -5  -6  -6   0  -5  -3  -6  -2   3   5  -5   3   1  -5  -5  -3  -2  -3   2    1   0   0   0   2   0   1   0   1  17  52   0   6   5   0   0   1   1   0  13  0.89 0.38
  361 Q    -1   1  -1   0   0   1   1  -2  -1  -1   0   0  -1  -1   2  -1   0   1  -1  -1    3   8   3   5   2   7  13   1   1   3  14   7   1   2  13   3   6   2   2   3  0.13 0.11
  362 E    -1   2  -1  -1  -4   2   3  -1   1  -3  -2   0   0  -2  -1   1  -1  -3   1  -1    4  14   2   1   0  11  23   5   3   1   3   5   2   1   3  11   2   0   6   4  0.26 0.20
  363 L    -3  -5  -3  -6  -4  -5  -4  -4   0   2   5  -5   0   1  -6  -3  -3  -4   1  -1    2   0   1   0   0   0   1   1   2   8  71   0   1   5   0   2   0   0   4   1  1.07 0.46
  364 C     3  -4  -4  -4   5  -3  -4  -3  -4   2   0  -1  -2   0  -4   2  -2  -4   2  -1   28   0   0   0  14   0   0   0   0  12   8   3   0   4   0  19   1   0   7   3  0.50 0.31
  365 S     0  -1  -1   2  -5   2   4  -1   0  -4  -3   2  -2  -5   0   0  -2  -5  -4  -3    9   2   2   9   0  10  34   5   2   0   3  10   1   0   5   6   2   0   0   1  0.48 0.28
  366 E    -1   3   0   1  -5   1   4  -3  -1  -3  -2   2  -1  -4  -3   1  -1  -5  -1  -3    4  14   4   6   0   4  31   1   1   2   3  16   2   0   0   9   3   0   2   1  0.47 0.27
  367 L     0  -5  -5  -5  -2  -4  -5  -5  -5   2   4  -5  -1  -3  -5  -2   0  -5  -4   4    8   0   0   0   1   0   0   0   0   7  41   0   0   0   0   2   6   0   0  35  0.81 0.38
  368 A     2  -2  -1  -1   1  -1   1   0   1  -1  -1  -2  -1  -1  -3   1   0   3   0   0   25   1   3   4   4   2   9   7   4   2   7   1   1   2   0   9   5   4   3   5  0.13 0.14
  369 Q     0   2   0  -1  -4   1   3  -1   1  -2  -2   1  -2  -2  -2   1   0  -1  -1  -2    9  15   4   2   0   5  26   4   3   2   3   5   1   2   1   9   5   1   2   1  0.26 0.19
  370 D    -1   7  -2   0  -6   0  -1  -4  -2  -4  -5   2  -4  -6  -5   0  -1  -6  -3  -5    5  59   1   4   0   3   2   1   1   1   0  12   0   0   0   7   4   0   1   0  1.16 0.49
  371 L     0  -5  -6  -6   0  -4  -5  -6  -5   1   5  -5   3  -2  -5  -3  -2  -4   0   1    7   0   0   0   2   0   0   0   0   8  61   0   7   1   0   1   1   0   4   9  0.92 0.41
  372 Q     0   4   1  -1   0   3   2  -2  -1  -3  -2   2  -2  -3  -3   0  -1  -4  -3  -3    6  26   6   3   2  15  11   2   1   1   4  10   1   1   0   7   3   0   0   1  0.42 0.25
  373 K     0   4   0   0  -5   1   0   0  -2  -4  -2   4  -3  -5  -3  -1  -1  -5  -4  -4    7  21   4   5   0   5   5   7   1   0   5  35   0   0   1   4   2   0   0   0  0.54 0.30
  374 E     0   1   0   1   0   0   2  -2   3  -1  -1   1  -1  -3  -2   1  -1  -4  -1  -1    9   6   5   8   3   2  15   2   8   5   5   8   1   0   1  13   3   0   2   3  0.14 0.12
  375 R    -2   1   3   1  -4   2   2   3   2  -5  -4   0  -3  -2  -1   0  -2  -4  -3  -4    2   9  15   6   0   9  13  26   5   0   1   5   0   2   2   4   1   0   0   0  0.44 0.24
  376 L    -1   2  -1  -3  -4   2  -2  -1  -2   0   2   2   2   0  -2  -2  -2  -3   0   0    4  15   2   0   0  13   0   5   0   4  20  15   5   3   2   1   0   0   3   8  0.22 0.20
  377 K     0   1  -2  -1  -3   1   0  -2   0   1   0   1   2   0  -2   0   0  -3   2   1    7   7   0   2   0   5   4   2   3  10   4  13   9   4   1   8   4   0   8  10  0.09 0.12
  378 G     1  -3  -1  -3   4  -3  -4   4  -4   0  -3  -2  -3   0   2  -1   0  -4   0  -2   14   1   2   1  12   0   0  33   0   6   2   2   0   4  11   2   5   0   4   2  0.50 0.27
  379 R    -2   6   0  -2  -3   2  -2  -3   3  -3  -5   3  -2  -5  -4   0  -2  -5  -1  -5    2  41   4   1   1   9   0   1   7   2   0  21   1   0   0   6   2   0   2   0  0.85 0.40
  380 T    -1   2   0  -3  -4   1  -2  -1  -1   0  -4   1  -3  -2  -4   0   5  -5  -4   0    3  10   3   0   0   5   1   4   1   5   0   9   0   2   0   5  45   0   0   5  0.59 0.36
  381 V    -3  -5  -5  -5  -4   0  -5  -6  -5   5   1  -4   1  -2  -1  -4  -3  -5  -3   5    1   0   0   0   0   5   0   0   0  32  11   0   3   1   3   0   1   0   1  42  0.94 0.41
  382 T     0  -2  -1  -3  -1   1  -3   1  -1  -2  -3  -2  -3   1  -4   2   4  -4  -2   2    7   2   2   0   1   6   0  10   1   1   0   2   0   6   0  16  32   0   1  14  0.41 0.30
  383 I    -3  -5  -6  -6  -4  -5  -5  -6  -6   4   3  -5  -1  -3  -5  -5   0  -5  -4   5    0   0   0   0   0   0   0   0   0  24  33   0   0   0   0   0   5   0   0  39  1.07 0.44
  384 K    -3   0  -1  -4  -5   0  -2  -2  -4  -2  -4   6   0   1  -4   0   0  -5  -2   0    0   2   3   0   0   4   0   3   0   2   0  58   2   6   0   5   7   0   1   7  0.89 0.45
  385 L    -1  -5  -5  -6  -1  -4  -5  -5  -5   4   4  -5   1  -2  -5  -4  -2  -1  -1   3    4   0   0   0   1   0   0   0   0  28  36   0   2   1   0   0   1   1   2  24  0.83 0.36
  386 K    -4   5  -3  -4  -6  -2  -2  -3  -4  -1  -5   6  -4  -5  -4  -2  -4  -6  -5  -2    0  30   0   0   0   0   2   2   0   5   0  56   0   0   0   1   0   0   0   3  1.34 0.54
  387 N    -3  -1  -1  -1  -4  -2  -4  -2  -3  -3  -2  -1   2   5  -5  -1   3   0   5  -2    0   3   4   4   0   1   0   2   0   0   2   3   7  23   0   3  24   1  22   1  0.71 0.38
  388 V     2  -2   1   0  -3   0   1  -1   2  -4  -4  -1  -3  -1   1   3   0  -4   1  -2   24   1   8   3   0   3   8   3   6   0   0   2   0   2   6  23   3   0   5   2  0.33 0.24
  389 N    -4  -2   2   7  -6  -1  -1  -3  -2  -6  -6  -1  -6  -6   1   0  -3  -7  -6  -6    0   1   7  64   0   2   2   1   1   0   0   4   0   0   8   7   1   0   0   0  1.41 0.55
  390 F    -5  -2  -6  -3  -2  -6  -6  -6  -2  -2   0  -4   0   8  -7  -3  -3   0   2  -4    0   2   0   2   1   0   0   0   1   1   8   1   2  73   0   2   1   1   5   0  1.82 0.63
  391 E     0   1  -1   2  -4   3   2  -3   0  -1  -2   2  -2  -4  -3   1   1  -4  -2  -2    6   8   1  12   0  15  13   0   2   4   3  11   0   0   0  11  11   0   1   1  0.30 0.20
  392 V    -2  -2   0  -3  -1   3  -2  -4  -2   2   0  -1  -1  -2  -3   0   3   1  -3   2    1   2   5   0   1  15   0   0   0  11   8   3   1   1   0   6  26   3   0  17  0.35 0.26
  393 K    -2   0   0  -3  -3  -1  -1  -3   1   2   1   1  -1   1  -1  -2   2  -1   1   1    1   7   6   0   0   1   3   0   4  12  14  10   0   6   3   0  15   1   7   9  0.14 0.15
  394 T    -1  -1  -3  -2  -4  -2  -1  -3   0  -3  -4  -2  -4  -5  -4   4   6  -5  -4  -3    2   3   0   1   0   1   4   1   3   1   0   1   0   0   0  27  54   0   0   1  1.07 0.51
  395 R    -2   6  -3  -4  -5   0  -1  -4   2  -4  -3   4  -2  -5  -2  -2  -2  -5  -4  -2    3  48   0   0   0   3   3   0   5   1   2  24   1   0   2   2   2   0   0   3  0.99 0.43
  396 A     0   1   0  -3   0   4   1  -1   1  -3  -4  -2  -3  -5  -3   4   0  -5  -2  -4    7   7   3   0   2  20   7   5   3   1   0   0   0   0   0  40   3   0   1   0  0.61 0.36
  397 S    -1   3  -1  -2  -1   0   0  -3   1  -1  -1   3   1  -2  -3   0   0  -3   1   0    4  21   2   2   1   3   4   0   4   2   5  20   4   1   0   9   4   0   5   9  0.25 0.19
  398 T    -2   1  -2  -3  -4   1  -1  -2  -1  -3  -4   2  -2  -4  -2   2   5  -5  -4  -1    0   6   0   0   0   7   3   3   2   1   0  13   1   0   1  17  42   0   0   4  0.68 0.38
  399 V    -2  -2  -4  -4  -1  -3  -4  -4  -4   2   4  -4   1   2  -1  -3  -2   2  -1   0    3   2   0   1   1   1   1   1   0  14  50   0   3   9   3   1   2   3   1   5  0.59 0.28
  400 S    -1   0   0   1  -3   0   2   1  -1  -3  -2   1  -3  -2   3   1   0  -4  -2  -2    4   5   3   9   0   3  13  10   1   0   4  12   0   1  15  10   6   0   1   2  0.25 0.15
  401 S     0   1   1   0  -2   2   1  -1   3   0  -1   0   0   0  -2   0   0  -3   1  -1    7   7   7   5   1  10   8   3  11   6   4   6   2   3   0   6   4   0   6   5  0.11 0.10
  402 V     2  -2  -1  -2  -4  -2  -2   0   1  -3  -2  -2  -3  -1   6  -1  -2  -1   2   0   16   2   2   2   0   2   2   6   3   1   2   2   0   3  36   3   2   1   9   6  0.65 0.31
  403 V    -1  -4  -3  -4  -2  -3  -4  -4  -2   3   0  -3  -1  -2  -2   0   5  -4  -2   2    3   0   0   0   1   1   0   1   1  15   7   0   1   1   2   6  44   0   1  15  0.66 0.36
  404 S     0   0   2   4  -2   2   0  -2   0  -4  -2   0  -2  -2   0   1  -1   0  -2  -3    6   5  11  24   1  12   3   1   2   0   4   4   1   2   3  14   3   2   1   0  0.34 0.21
  405 T    -1  -1   1   4  -2   0   1   0  -3   0  -1  -2  -2  -3  -3   3   0  -4  -4  -2    2   3   7  25   1   3   7   6   0   7   6   1   1   1   1  25   4   0   0   1  0.34 0.24
  406 A     1  -1  -1   0  -1  -1   0  -2  -1  -1   0   1   0   0   1   1   1  -3   1  -1   16   1   2   6   1   1   6   1   1   2   7  12   3   5   6   9  11   0   7   3  0.10 0.12
  407 E     0   2   0   3  -4   2   3  -1  -1  -3  -3   0   1  -3  -2   0   0  -4  -2  -3    8  14   2  16   0  10  19   5   1   1   1   4   4   1   1   5   5   0   1   0  0.32 0.21
  408 E    -1   1  -2   4  -2   1   2  -3  -3  -1  -2  -1  -1  -2  -1  -1   1  -4  -3   0    5   7   0  30   1   5  15   1   0   4   3   1   1   1   3   1  11   0   0   8  0.37 0.24
  409 I    -2  -4  -4  -3  -3  -3  -4  -5  -5   6   3  -4   1   1  -4  -4  -3  -4  -3   1    3   0   1   2   0   1   0   0   0  49  28   0   2   5   0   0   0   0   0   6  0.93 0.38
  410 F    -1  -1  -3  -3  -3  -1   0  -2  -2   2   2  -1   0   3  -3  -2  -1   0   4  -1    5   3   0   1   0   3   6   3   0  12  19   4   2  14   0   2   3   1  18   2  0.30 0.20
  411 A     1   2   1   0  -4   3   2  -2   0  -3  -2   2  -2  -2  -1   1   0  -4  -3  -2   12  10   9   3   0  13  13   0   2   1   4  12   0   2   2   8   6   0   0   3  0.25 0.18
  412 I     2  -1  -2  -3   1  -1   1  -2   0   2   0  -1  -1  -2  -2  -1   1  -3   0   2   19   2   1   0   3   2  10   2   2  16   8   2   0   1   1   2  10   0   3  14  0.15 0.15
  413 A     5  -4  -4  -4   0  -3  -3   0  -4  -1  -1  -3   1   0  -3   1  -1  -4  -2   1   52   0   0   0   2   0   0   6   0   4   5   0   3   4   0   9   3   0   1   8  0.61 0.35
  414 K    -1   1  -2  -2  -1   1   0  -2   0   0   1   1   1   0  -1  -1   0  -1   1   0    4  11   0   2   2   6   4   2   2   5  15  13   5   4   2   2   7   1   6   7  0.07 0.09
  415 E     0   2   1   0  -4   2   3  -2   1  -4  -2   2   0  -4  -1   1  -1  -4  -3  -4    6  13   6   5   0  10  22   2   3   0   3  13   2   0   2   9   3   0   0   0  0.37 0.23
  416 L    -2  -5  -5  -6  -1  -4  -5  -6  -5   2   6  -3   2  -1  -5  -3  -2  -4  -4  -1    4   0   0   0   1   0   0   0   0   8  73   2   5   1   0   1   2   0   0   2  1.16 0.48
  417 L    -4  -4  -5  -5  -4  -4  -5  -5  -3   0   4  -5   1   5  -5  -4  -3   3   2  -2    0   0   0   0   0   0   0   0   1   3  49   0   4  27   0   0   1   4   6   1  1.03 0.42
  418 K    -1   2   3   2  -4   1   2  -2   1  -3  -1   1  -2  -3  -2   0  -1  -4  -1  -3    6  14  16  10   0   7  13   2   3   0   7  10   0   1   1   5   2   0   2   0  0.28 0.18
  419 T    -1   2   0   0  -3   3   2  -1   0  -2  -2   3  -2  -4  -1   0   1  -3  -3  -2    4  12   4   4   0  14  14   3   2   2   3  18   0   0   2   6  10   0   0   1  0.31 0.18
  420 E     0  -1  -1  -2  -1   0   0  -3   1   2   1  -2   2   2  -2  -1  -1  -2  -1   1    9   2   2   1   1   5   8   1   5  16  14   2   6  10   1   4   2   0   0  10  0.12 0.12
  421 I    -2  -2  -2  -2  -2  -2  -1  -2  -2   0   2   0   0   0  -3  -2  -1   7   2   0    3   2   2   2   0   1   5   2   0   4  23   7   2   4   1   2   4  19   9   7  0.44 0.19
  422 D     0   1   2   2  -2   2   1  -1   0  -2  -1   0  -1  -1  -1   1   0   0  -1  -2    6   6  10  15   1   9  11   4   2   1   5   5   2   2   2   9   3   2   1   2  0.15 0.08
  423 A     0   0   0   0  -2   1   1   2  -1  -1  -2   1   0  -2   0   0  -1  -2  -2  -1    7   6   5   5   1   8  11  18   1   3   3   7   3   1   5   6   3   0   1   5  0.12 0.06
  424 D    -1   1   0   3  -2   0   2   0   0  -1  -2   1  -2  -2  -1   0  -1  -2  -2  -1    3   9   4  17   1   2  18   9   2   4   3  12   1   2   2   6   2   0   1   4  0.21 0.11
  425 F    -1   2  -1  -1  -1  -1   0  -1   1   0   0   0   0   2  -1   0  -1   0   1  -1    4  17   3   2   2   2   4   5   5   6   9   5   3  10   2   6   3   1   6   4  0.06 0.05
  426 P    -1   1   0   1   0   1   0  -1  -1  -2  -2  -1  -2  -2   4  -1   0  -2  -2  -1    5  11   6   8   2   7   5   4   1   2   4   3   1   1  26   4   5   0   1   4  0.34 0.11
  427 H     0   0   0   0  -2   1   0   0   1  -1  -1   0   0   1   0   0   0   1   1  -1    6   5   5   6   1   6   8   8   4   2   7   6   3   8   5   4   5   2   7   4  0.04 0.02
  428 P     0   0   0   0  -2   0   1   1   1  -2  -2   0   0  -2   2   0   0   1  -1  -1    5   7   4   5   1   5  10  15   3   2   3   4   3   1  13   8   4   2   1   4  0.15 0.06
  429 L     0   3  -1  -1  -2   0  -1  -1  -1  -1   0   2   1  -2  -1  -1   0  -2  -1   0    6  23   1   3   1   2   3   5   1   3  10  18   4   1   2   3   6   0   2   6  0.18 0.10
  430 R     1   1   1  -1  -3  -1   0   2  -1  -3  -2   1  -2  -3   3   0   1  -3  -2  -2   11   7   8   2   0   2   5  18   1   1   3   7   0   1  15   6  11   0   1   1  0.26 0.13
  431 L    -3  -4  -4  -4  -3  -4  -4  -4  -4   5   1  -4  -1   1  -4  -3  -2  -3   0   5    1   1   0   1   0   0   1   1   0  34   9   1   0   6   1   1   1   0   4  39  0.83 0.32
  432 R    -4   8  -3  -4  -5  -2  -3  -5  -3  -4  -3  -1  -4  -5  -4  -3  -2  -5  -4  -5    1  87   0   0   0   0   1   1   0   1   2   0   0   0   0   2   2   0   0   1  2.07 0.64
  433 L    -3   1  -4  -5  -4  -4  -4   0  -4  -1   5  -3   0  -2  -5  -3  -3  -4  -4  -2    2   9   0   0   0   0   0   9   0   0  73   1   1   0   0   2   0   0   0   0  1.00 0.42
  434 M    -3  -4  -5  -5  -3  -4  -5  -5  -5   4   4  -4   2  -2  -4  -4  -3  -4  -3   3    0   0   0   0   0   0   0   0   0  23  46   0   3   0   0   0   0   0   0  23  0.92 0.35
  435 G    -1  -6  -4  -5  -6  -5  -5   7  -2  -7  -7  -5  -6  -7  -5   0  -5  -6  -6  -6    3   0   0   0   0   0   0  91   1   0   0   0   0   0   0   5   0   0   0   0  2.16 0.66
  436 V    -3  -5  -6  -6  -4  -5  -6  -6  -6   3   2  -5  -1  -3  -5  -5  -3  -5  -4   6    1   0   0   0   0   0   0   0   0  17  18   0   1   0   0   0   0   0   0  63  1.32 0.49
  437 R    -1   3   0  -3   1   1  -2   2   2  -4  -4   0   1  -4  -3   2   2  -4  -2  -3    2  17   3   0   3   6   0  17   5   0   0   3   5   0   0  20  16   0   1   1  0.40 0.27
  438 I    -2  -5  -5  -6  -3  -5  -5  -4  -5   2   3  -5   1   3  -5  -4  -3  -4  -2   4    3   0   0   0   0   0   0   1   0   7  34   0   3  15   0   0   0   0   0  38  0.84 0.36
  439 S     0  -3   1  -1   1  -1  -2   2  -1  -4  -4  -2  -2  -1  -3   4   3  -4  -2  -3    5   0   6   2   3   2   1  14   1   0   0   1   1   3   0  42  17   0   1   0  0.56 0.31
  440 S    -2  -2   4   3  -5   2   0   3   1  -5  -5   1  -2  -5  -3   0  -2  -5  -4  -5    1   0  19  18   0   8   6  25   4   0   0  11   1   0   1   5   1   0   0   0  0.59 0.28
  441 F    -4  -5  -6  -6  -4  -3  -5  -6  -5   1   5  -5   0   5  -6  -5  -4  -3  -2  -1    0   0   0   0   0   1   0   0   0   6  65   0   1  25   0   0   0   0   0   2  1.24 0.44
  442 P     0   0  -2  -1  -3  -1   4  -2  -2  -3  -3   2  -3  -4   1   2   1  -4  -3  -1    6   4   0   1   0   0  31   1   0   0   0  12   0   0   8  22   9   0   0   6  0.42 0.21
  443 N    -3  -3   3   7  -5  -1   3  -3  -2  -5  -5  -2  -4  -5  -3  -2  -2  -6  -4  -5    0   0  14  70   0   0  16   0   0   0   0   0   0   0   0   0   0   0   0   0  1.32 0.29

                      K         Lambda
Standard Ungapped    0.1317     0.3178
Standard Gapped      0.0470     0.2670
PSI Ungapped         0.1534     0.3177
PSI Gapped           0.0470     0.2670
