
Last position-specific scoring matrix computed, weighted observed percentages rounded down, information per position, and relative weight of gapless real matches to pseudocounts
            A   R   N   D   C   Q   E   G   H   I   L   K   M   F   P   S   T   W   Y   V   A   R   N   D   C   Q   E   G   H   I   L   K   M   F   P   S   T   W   Y   V
    1 G     2  -2  -1  -2  -2  -2  -2   5  -2  -3  -3  -1  -2  -3  -2   0  -1  -3  -3  -2   31   0   0   0   0   0   0  69   0   0   0   0   0   0   0   0   0   0   0   0  0.68 0.00
    2 S     1  -1   2   5  -2   0   1  -1  -1  -3  -3  -1  -2  -3  -1   1   0  -4  -3  -2   19   0  12  57   0   0   0   0   0   0   0   0   0   0   0  12   0   0   0   0  0.51 0.01
    3 D    -2  -1   2   4  -4   1   4  -2  -1  -3  -4   0  -3  -4  -2   0  -1  -4  -3  -3    0   0  13  43   0   0  44   0   0   0   0   0   0   0   0   0   0   0   0   0  0.67 0.03
    4 P     0  -1   0  -1  -2   3   1   1  -1  -3  -3   0  -2  -3   4   2   0  -3  -2  -2    0   0   0   0   0  24  11  13   0   0   0   0   0   0  26  27   0   0   0   0  0.50 0.02
    5 Q     0   0   0  -1  -2   3   0   2  -1  -2  -1   0  -1  -3  -2   2   0  -3  -2  -2    0   0   0   0   0  38   0  20   0   0   8   0   0   0   0  34   0   0   0   0  0.31 0.02
    6 V     2  -2  -2  -2  -1  -1  -2   1  -2   1   1  -2   2  -1   0   0  -1  -3  -2   1   28   0   0   0   0   0   0  15   0   9   9   0  14   0   5   5   0   0   0  16  0.14 0.02
    7 L     1  -2  -2  -2  -2   0   0  -2  -2   0   1  -1   2   2  -2   0   1   2   0   0   26   0   0   0   0   6   8   0   0   0  23   0  10  12   0   0  11   4   0   0  0.11 0.02
    8 R    -2   3  -2  -3  -3   1  -1  -3   3  -2  -1   3   5  -2  -3  -2  -2  -3  -2  -2    0  22   0   0   0   7   0   0  10   0   2  25  33   0   0   0   0   0   0   0  0.53 0.16
    9 G     1   0  -1  -2  -2   1   0   2  -1  -1  -1   0   4  -1  -2   0  -1  -2   1  -1   17   4   2   0   0   9   5  17   0   2   0   4  23   0   0   5   0   0   9   3  0.16 0.09
   10 S     0   0   1  -1  -2   1  -1  -2  -1  -1  -2   2  -1  -3  -2   2   4  -3   0  -1    4   1   7   0   0   9   0   0   0   3   0  17   0   0   0  15  40   0   3   1  0.32 0.09
   11 G    -1  -4  -2  -2  -4  -3  -3   7  -3  -5  -5  -3  -4  -4  -3  -1  -3  -4  -4  -4    0   0   0   0   0   0   0 100   0   0   0   0   0   0   0   0   0   0   0   0  1.61 0.20
   12 H    -1   0  -1  -2  -2   0  -1  -2   1   1   0   2   0  -2  -2   0   3  -3  -2   1    0   1   2   0   0   3   0   0   6  14   5  21   3   0   0   6  27   0   0  13  0.17 0.07
   13 C    -1  -4  -4  -4   6  -3  -4  -4  -4   1   0  -3  -1  -2  -3  -2  -1  -4  -2   5    0   0   0   0  26   0   0   0   0   2   0   0   0   0   0   0   0   0   0  71  0.83 0.17
   14 K    -2   1   0  -2  -4   0   0  -3  -2  -4  -4   6  -2  -4  -2   0  -2  -4  -3  -3    0   0   3   0   0   0   0   0   0   0   0  94   0   0   0   3   0   0   0   0  1.04 0.20
   15 W    -3  -4  -4  -5   1   0  -3  -4  -3  -4  -3  -4  -3  -1  -4  -2   0  11   0  -4    0   0   0   0   4   5   0   0   0   0   0   0   0   0   0   2   9  80   0   0  2.52 0.27
   16 F    -4  -4  -4  -5  -4  -4  -5  -5  -2  -2  -1  -4  -1   8  -5  -4  -3   0   3  -2    0   0   0   0   0   0   0   0   0   0   0   0   0  94   0   0   0   0   6   0  1.65 0.25
   17 N    -2  -2   7   3   0  -1  -1  -2  -1  -4  -4  -1  -3  -4  -3   1  -1  -5  -3  -4    0   0  74  15   3   0   0   0   0   0   0   0   0   0   0   9   0   0   0   0  1.08 0.20
   18 V     1   1   1   1   1  -1   0  -1  -2  -1  -2   0  -1  -3   0   1   0  -3  -2   1   15  10   7   7   4   0   6   4   0   0   0   2   0   0   4  15   2   0   0  25  0.10 0.05
   19 R     0   3  -1   1  -3   1   3  -1  -1  -3  -3   2  -2  -3  -2   1   1  -3  -2  -2    9  20   0   7   0   2  25   2   0   0   0  13   0   0   0  11  11   0   0   0  0.33 0.07
   20 M    -1   1   0  -2  -3   1   0  -2  -2  -3  -2   5   3  -3  -2   1  -1  -4  -3  -2    0   0   4   0   0   4   0   0   0   0   0  65  16   0   0  11   0   0   0   0  0.59 0.16
   21 G    -1  -3   1  -2  -4  -3  -3   6  -3  -5  -5  -2  -4  -4  -3  -1  -3  -4  -4  -4    0   0   6   0   0   0   0  94   0   0   0   0   0   0   0   0   0   0   0   0  1.43 0.20
   22 F    -3  -2  -3  -4  -3  -3  -3  -4   2  -2  -1   0  -1   7  -4  -3  -3   2   4  -2    0   0   0   0   0   0   0   0   5   0   0   9   0  65   0   0   0   3  17   0  0.96 0.17
   23 G    -1  -3  -1  -2  -4  -3  -3   7  -3  -5  -5  -3  -4  -4  -3  -1  -3  -4  -4  -4    0   0   0   0   0   0   0 100   0   0   0   0   0   0   0   0   0   0   0   0  1.59 0.21
   24 F    -3  -4  -4  -5  -3  -4  -4  -4  -2  -1   1  -4  -1   8  -5  -4  -3   0   2  -2    0   0   0   0   0   0   0   0   0   0   8   0   0  92   0   0   0   0   0   0  1.44 0.23
   25 I    -2  -4  -4  -4  -2  -4  -4  -5  -4   6   2  -4   0  -1  -4  -3  -2  -3  -2   2    0   0   0   0   0   0   0   0   0  81  15   0   0   0   0   0   0   0   0   4  0.82 0.17
   26 S     0  -1   1  -1   1   0   2  -2  -1  -2  -2  -1  -2  -3  -2   2   4  -3  -2  -1    3   0   6   0   3   2  17   1   0   0   1   0   0   0   0  20  44   0   0   0  0.39 0.10
   27 M     0   1  -1  -1  -1   2   0  -1  -1   0   0   0   3  -1   1   0   0  -1  -1   0    5  11   2   2   1  17   2   5   1   2   4   4  17   1   7   4   4   1   1  10  0.09 0.03
   28 T     0   0   1   2  -1   0   1  -1  -1  -1  -1   0  -1  -1   0   0   1  -1  -1  -1    6   3   8  15   1   4  15   4   1   5   4   3   1   2   4   5  14   1   2   3  0.11 0.01
   29 S     0   0   2   1  -1   0   0   1   1  -1  -1   0  -1  -1   0   1   0  -1  -1  -1    8   3  15  10   1   3   4  11   4   3   5   7   1   2   3  10   3   1   2   4  0.08 0.01
   30 R     0   2   0   0  -1   0   0   0   0  -1  -1   1   0  -1   0   0   0  -1   0   0    6  16   3   4   1   3   7   6   2   4   7  11   2   3   4   5   4   1   2   7  0.05 0.00
   31 E     0   0   0   1  -1   0   2   0   0  -1  -1   0  -1  -1   0   0   0  -1  -1  -1    9   4   3   9   1   3  18   8   2   4   7   4   2   3   4   5   4   1   2   5  0.06 0.00
   32 G     0   0   0   0  -1   0   0   3   0  -1  -1   0  -1  -1   0   0   0   0  -1  -1    6   4   4   4   2   3   5  27   2   4   7   5   2   3   4   6   5   1   3   5  0.10 0.01
   33 S     0   0   0   0  -1   0   0   0   0   0   0   0   0  -1   0   1   1  -1   0   0   10   4   5   4   1   3   5   5   2  12   7   4   2   3   4  11   8   1   2   8  0.02 0.00
   34 P     0  -1  -1   1   0  -1  -1  -1  -1  -2  -2  -1   0  -2   6  -1  -1  -2  -2  -1    6   2   2   9   3   2   2   3   1   2   4   2   3   2  48   3   2   1   1   3  0.76 0.08
   35 L     0  -1   0   2  -1   0   1  -1  -1  -1   1   0   0  -1  -1   1   0  -1  -1  -1    7   2   5  14   1   3  10   3   1   2  22   4   1   2   2  13   3   1   1   3  0.07 0.02
   36 E    -1  -1   1   5  -3   0   2  -1  -1  -1  -2  -1  -2  -3  -1  -1  -1  -3  -2  -2    4   1   4  50   0   1  19   4   1   4   2   1   1   1   1   2   1   0   1   1  0.56 0.10
   37 N    -1  -2   1  -1  -2  -2  -1   5  -2  -2  -3  -2  -2  -3   0   1   1  -3  -3  -2    1   0   6   0   0   0   2  56   0   4   1   1   0   0   4  13  11   0   0   1  0.60 0.12
   38 P     0   1  -1  -1  -3  -1  -1   4  -2  -4  -3   0  -3  -3   3   1  -1  -3  -3  -3    2  13   1   2   0   1   2  38   0   0   0   4   0   0  19  16   0   0   0   0  0.54 0.11
   39 V     0   0   0   1  -2   1   2  -1  -1   0  -1   2  -1  -3   1   0   0  -3  -2   1    9   0   6   9   0   5  16   3   0   3   2  19   0   0   5   2   3   0   0  18  0.14 0.06
   40 D    -3  -3   0   7  -5  -1   2  -3  -2  -5  -5  -2  -4  -5  -3  -2  -2  -6  -4  -5    0   0   0  93   0   0   7   0   0   0   0   0   0   0   0   0   0   0   0   0  1.62 0.28
   41 V    -1  -4  -4  -4  -2  -3  -4  -4  -4   3   1  -3   0  -2  -4  -3  -1  -4  -2   5    0   0   0   0   0   0   0   0   0  11  13   0   0   0   0   0   0   0   0  77  0.80 0.20
   42 F    -4  -4  -4  -5  -4   1  -4  -5  -2  -2  -1  -4  -1   8  -5  -4  -3  -1   1  -2    0   0   0   0   0   9   0   0   0   0   0   0   0  91   0   0   0   0   0   0  1.55 0.29
   43 V     1  -4  -4  -4   1  -3  -3  -4  -4   1   0  -3   0  -2  -3  -2  -1  -4  -2   6   10   0   0   0   3   0   0   0   0   0   5   0   0   0   0   0   0   0   0  83  0.78 0.21
   44 H    -3  -2  -1  -3  -5  -1  -2  -4  10  -5  -5  -2  -3  -3  -4  -3  -4  -4   0  -5    0   0   0   0   0   0   0   0 100   0   0   0   0   0   0   0   0   0   0   0  2.41 0.38
   45 Q    -2  -1  -2  -3  -3   4  -1  -3   0   1  -1  -1  -1   5  -3  -2  -2   1   3   0    2   2   0   0   0  32   0   0   1   9   0   2   0  33   0   0   0   2  11   7  0.48 0.16
   46 S     0   0   0  -2  -2  -1  -1  -2  -2  -4  -4   0  -3  -4  -2   5   1  -4  -3  -3    0   5   1   0   0   0   0   0   0   0   0   3   0   0   0  83   8   0   0   0  0.86 0.24
   47 K     4  -1   0   0  -2  -1   0  -1  -2  -2  -3   2  -2  -3  -2   1   0  -4  -3  -1   50   0   4   7   0   0   3   1   0   0   0  19   0   0   0   8   4   0   0   5  0.34 0.12
   48 L    -2  -4  -4  -4   1  -4  -4  -5  -4   5   3  -4   0   0  -4  -3  -2  -3  -2   2    0   0   0   0   3   0   0   0   0  63  25   0   0   3   0   0   0   0   0   6  0.70 0.17
   49 Y    -1   1   2   0  -3   4   2  -2   3  -3  -3   0  -2  -1  -2  -1   0  -3   0  -1    2   6  10   4   0  31  15   0  12   0   0   3   0   3   0   0   6   0   4   4  0.37 0.12
   50 M     0   0  -1  -2  -2   0  -2   2  -2  -1   0  -1   5  -2   0   1   0  -3  -2  -1    7   4   2   0   0   5   0  17   0   0   3   3  34   0   3  16   7   0   0   0  0.27 0.13
   51 E     0   1   2   3  -4   1   4  -2   1  -4  -4   0  -3  -4  -1   0  -1  -4  -3  -3    6   6  13  24   0   4  36   1   3   0   0   0   0   0   1   2   3   0   0   0  0.51 0.12
   52 G    -1  -3   1   1  -4  -2  -1   6  -2  -5  -5  -2  -4  -3  -3  -1  -2  -3   1  -4    0   0   5   9   0   0   5  73   0   0   0   0   0   0   0   1   0   0   6   0  1.02 0.20
   53 F    -1  -3  -4  -4  -3  -3  -4  -4  -2  -1   1  -4   0   6  -4  -3  -1   0   4   0    7   0   0   0   0   0   0   0   0   0  11   0   2  58   0   0   4   0  13   6  0.81 0.18
   54 R    -1   5  -1  -2  -4   0   1  -3   0  -4  -3   4  -3  -4   1  -1  -2  -4  -3  -3    3  45   0   0   0   0  11   0   2   0   0  33   0   0   6   0   0   0   0   0  0.77 0.18
   55 S     0  -2  -1  -1  -1  -1   1  -1  -2  -2  -3  -1  -2  -3  -2   4   3  -3  -2  -1    5   0   0   0   1   0   8   3   0   0   1   0   0   0   0  48  28   0   0   4  0.48 0.15
   56 L    -2  -3  -4  -4  -2  -3  -4  -4  -4   1   5  -3   1  -1  -3  -3  -2  -3  -2   1    0   0   0   0   0   0   0   0   0   4  86   0   0   0   0   0   0   0   0   5  0.82 0.19
   57 K     0   0   0   2  -3   1   2   0  -1   0  -2   3  -2  -2  -2   0   1  -3  -2   0    7   0   5  12   0   5  13   7   0   7   0  27   0   1   0   1   8   0   0   8  0.18 0.08
   58 E     0  -2  -1   2  -4   0   6  -3  -2  -4  -3   0  -3  -4   1  -1  -1  -4  -3  -3    7   0   0   7   0   0  72   0   0   0   1   1   0   0   7   0   4   0   0   1  0.86 0.21
   59 G    -1  -3   1  -2  -4  -1  -2   6  -3  -5  -5  -3  -4  -5  -3  -1  -3  -4  -4  -4    0   0   8   0   0   2   2  88   0   0   0   0   0   0   0   0   0   0   0   0  1.41 0.24
   60 E    -2  -1  -1   1  -4   6   4  -3  -1  -1  -1   0  -2  -4  -3  -1  -2  -4  -3  -3    1   0   0   8   0  51  28   0   0   4   7   0   0   0   0   0   0   0   0   0  0.76 0.21
   61 P     1   3   0   0  -3   1   2  -2  -1  -3  -3   3  -2  -3   1   0   0  -3  -2  -2   12  20   2   3   0   4  16   0   0   0   0  23   0   0   6   7   5   0   0   2  0.33 0.09
   62 V    -2  -4  -4  -5  -2  -4  -4  -5  -5   2  -1  -4  -1  -2  -4  -3  -1  -4  -3   6    0   0   0   0   0   0   0   0   0   2   0   0   0   0   0   0   0   0   0  98  1.16 0.28
   63 E    -1  -1  -1   0  -3   1   5  -3  -2  -1  -3  -1  -2  -4  -2   2   2  -4  -3  -2    1   0   1   0   0   5  52   0   0   4   0   0   0   0   0  22  14   0   0   0  0.61 0.18
   64 F    -4  -4  -4  -5  -4  -4  -5  -5  -2  -2  -1  -4  -2   8  -5  -4  -4   0   5  -2    0   0   0   0   0   0   0   0   0   0   0   0   0  83   0   0   0   0  17   0  1.64 0.29
   65 T    -1  -2  -1   3   3   0   3  -2  -2  -1  -3   0  -2  -3  -2   0   2  -3  -1  -1    1   0   0  22  11   2  26   1   0   3   0   4   0   0   0   6  19   0   2   3  0.35 0.12
   66 F    -1   1  -3  -3   0  -2  -2  -4  -3   3   1  -2   0   2  -3  -2  -1  -2   0   3    3  11   0   0   2   0   2   0   0  33   5   0   0  13   0   0   2   0   1  27  0.31 0.11
   67 K    -1  -1  -2  -1  -3   1   3  -2  -1   0  -1   2  -1  -3   1  -1   0  -3  -2   1    3   0   0   0   0   8  29   2   1   7   2  15   0   0   5   0   8   0   0  19  0.22 0.10
   68 K    -2   1   2   1  -4   3   2  -2   1  -3  -3   2  -1  -4   1   0  -1  -4  -2  -2    0   8  14   6   0  19  19   0   4   1   2  16   1   0   5   4   0   0   0   1  0.38 0.11
   69 S    -1  -1  -1   1  -3  -2  -2   5  -3  -4  -4   1  -3  -4  -3   2  -1  -4  -4  -4    0   3   0   8   0   0   0  59   0   0   0  10   0   0   0  18   3   0   0   0  0.78 0.18
   70 S     0   0   2   0  -3   2   1  -1  -1  -2  -1   0  -1  -3   2   2   0  -3  -2  -2    9   2  16   4   0  15   6   1   0   0  10   3   0   0  11  19   3   0   0   0  0.25 0.09
   71 K    -2   4  -1   0  -4   1   0  -1  -2  -4  -4   5  -3  -4  -2  -1  -2  -4  -3  -3    0  25   1   4   0   3   3   5   0   0   0  57   0   0   0   1   0   0   0   0  0.76 0.20
   72 G    -1  -3  -1  -2  -4  -2  -3   6  -3  -5  -5   1  -4  -5  -3  -2  -3  -4  -4  -4    0   0   2   0   0   0   0  85   0   0   0  13   0   0   0   0   0   0   0   0  1.37 0.25
   73 F     0  -1  -1  -3  -3  -2  -2  -3  -3  -1   1  -2   1   0   6  -1  -1  -3  -1  -2    7   4   3   0   0   0   0   0   0   3  23   0   4   6  44   2   3   0   2   0  0.72 0.15
   74 E     0   0  -1  -1  -3   5   3  -3   2  -4  -3   1  -2  -3  -2   1   0  -3   0  -3    5   2   0   0   0  36  24   0   6   0   0   8   0   0   0  10   7   0   3   0  0.53 0.16
   75 S     6  -3  -2  -3  -2  -2  -2  -1  -3  -3  -3  -2  -2  -4  -2   2  -1  -4  -3  -2   85   0   0   0   0   0   0   0   0   0   0   0   0   0   0  15   0   0   0   0  0.96 0.25
   76 L     2  -2  -2  -1  -2  -1  -1  -2  -2   1   0  -1  -1  -2  -2   0   1  -3  -1   2   27   0   0   2   0   1   4   1   0  13   4   4   0   0   0   7  14   0   3  20  0.16 0.09
   77 R    -1   2   5   1   0   1   1  -1   1  -4  -4   1  -3  -4  -3  -1  -1  -4  -3  -3    3  14  50   3   2   4  12   3   2   0   0   5   0   0   0   0   0   0   0   2  0.62 0.17
   78 V    -2  -4  -4  -5  -2  -4  -4  -5  -5   2   0  -4  -1  -2  -4  -3  -1  -4  -3   6    0   0   0   0   0   0   0   0   0   9   0   0   0   0   0   0   0   0   0  91  1.07 0.25
   79 T    -1  -2  -2  -2  -2  -1  -2  -3  -3   1  -1  -2  -1  -2  -2   1   4  -3  -2   3    0   0   0   0   0   2   0   0   0   9   0   0   0   0   0  13  44   0   0  31  0.43 0.13
   80 G     2  -2  -1  -2  -2  -2  -2   4  -2   0  -2  -2  -2  -3   1   1  -1  -3  -3  -1   30   0   0   0   0   0   0  45   0   9   0   0   0   0   7   9   0   0   0   0  0.49 0.08
   81 P    -1   0  -2  -2  -3  -1   0  -3  -2   0  -2  -1  -2  -3   7  -1   1  -4  -3  -2    0   6   0   0   0   0   6   0   0  10   0   0   0   0  65   0  13   0   0   0  1.20 0.09
   82 G    -1  -2   0   2  -3   0   2   4   4  -4  -4  -1  -3  -3  -2  -1  -2  -3  -2  -3    0   0   0  13   0   0  21  47  19   0   0   0   0   0   0   0   0   0   0   0  0.57 0.07
   83 G     0  -3  -1  -2  -3  -2  -3   6  -3  -3  -1  -2  -2  -3  -3  -1  -2  -3  -3  -3    0   0   0   0   0   0   0  87   0   0  13   0   0   0   0   0   0   0   0   0  1.00 0.09
   84 N     3  -2   0  -1  -1   0  -1   2  -2  -1  -2  -1  -1  -3  -2   1   0  -3  -2   1   38   0   6   0   0   8   0  18   0   0   0   0   0   0   0  15   0   0   0  16  0.22 0.04
   85 P     0  -2   0  -2  -3  -1  -1   0  -2  -3  -3  -1  -2   0   6   1  -1  -3  -2  -2    4   0   5   0   0   0   0   8   0   0   0   0   0   7  57  18   0   0   0   0  1.02 0.07
   86 C    -1  -3  -3  -4   7  -3  -3  -3  -3   1   1  -3   0  -1  -3  -2  -1  -3  -2   2    0   0   0   0  46   0   0   0   0   0  18   0   0   0   0   0   0   0   0  35  0.64 0.06
   87 L    -1   0  -1  -2  -2   3   0  -3  -1   1   1   2   0  -2  -2  -1  -1  -3  -2   0    0   0   0   0   0  33   0   0   0  16  18  29   0   0   0   0   0   0   0   4  0.22 0.04
   88 G     0  -3  -1  -2  -3  -2  -3   6  -2  -4  -4  -2  -3  -4  -3  -1  -2  -3  -4  -4    0   0   0   0   0   0   0 100   0   0   0   0   0   0   0   0   0   0   0   0  1.21 0.06
   89 N     0  -1   3   0  -2   0   0  -1  -1  -3  -3  -1  -2  -3  -1   4   1  -3  -2  -2    0   0  20   0   0   0   0   0   0   0   0   0   0   0   0  80   0   0   0   0  0.53 0.05

                      K         Lambda
Standard Ungapped    0.1389     0.3179
Standard Gapped      0.0447     0.2670
PSI Ungapped         0.1459     0.3181
PSI Gapped           0.0447     0.2670
