
Last position-specific scoring matrix computed, weighted observed percentages rounded down, information per position, and relative weight of gapless real matches to pseudocounts
            A   R   N   D   C   Q   E   G   H   I   L   K   M   F   P   S   T   W   Y   V   A   R   N   D   C   Q   E   G   H   I   L   K   M   F   P   S   T   W   Y   V
    1 D    -1  -1   1   5  -4   1   4  -2  -1  -3  -3   0  -3  -4  -1   0  -1  -4  -3  -3    0   0   0  50   0   0  50   0   0   0   0   0   0   0   0   0   0   0   0   0  0.69 0.00
    2 R    -2   6   0  -2  -4   1   0  -3   0  -3  -2   2  -2  -3  -2  -1  -1  -3  -2  -3    0 100   0   0   0   0   0   0   0   0   0   0   0   0   0   0   0   0   0   0  0.75 0.00
    3 M    -1  -1  -1  -2  -1  -1  -2  -2  -2   0   1  -1   4  -1  -2   0   3  -2  -1   0    0   0   0   0   0   0   0   0   0   0   0   0  50   0   0   0  50   0   0   0  0.24 0.00
    4 V     1  -2  -1  -1  -1  -1  -1  -2  -2   1   0  -1   0  -2  -2   3   1  -3  -2   2    0   0   0   0   0   0   0   0   0   0   0   0   0   0   0  50   0   0   0  50  0.18 0.00
    5 M     0  -1  -1  -1  -1   0  -1  -1  -1   0   1  -1   4  -1  -2   3   1  -2  -1   0    0   0   0   0   0   0   0   0   0   0   0   0  50   0   0  50   0   0   0   0  0.19 0.00
    6 G     0  -3   0  -1  -3  -2  -2   6  -2  -4  -4  -2  -3  -3  -2   0  -2  -3  -3  -3    0   0   0   0   0   0   0 100   0   0   0   0   0   0   0   0   0   0   0   0  1.04 0.00
    7 K    -1   5   0  -1  -4   1   0  -2  -1  -3  -3   4  -1  -3  -2  -1  -1  -3  -2  -3    0  50   0   0   0   0   0   0   0   0   0  50   0   0   0   0   0   0   0   0  0.56 0.00
    8 I    -2  -3  -4  -4  -1  -3  -3  -4  -3   3   3  -3   2   0  -3  -3  -1  -2  -1   2    0   0   0   0   0   0   0   0   0  50  50   0   0   0   0   0   0   0   0   0  0.37 0.00
    9 K    -1   2   0  -1  -3   4   1  -2   0  -3  -3   4  -1  -3  -1   0  -1  -3  -2  -2    0   0   0   0   0  50   0   0   0   0   0  50   0   0   0   0   0   0   0   0  0.49 0.00
   10 R    -1   5   0  -1  -4   1   0  -2  -1  -3  -3   4  -1  -3  -2  -1  -1  -3  -2  -3    0  50   0   0   0   0   0   0   0   0   0  50   0   0   0   0   0   0   0   0  0.56 0.00
   11 I    -1  -2  -3  -3  -1  -1  -3  -3  -2   3   2  -2   4   0  -3  -2  -1  -2  -1   2    0   0   0   0   0   0   0   0   0  50   0   0  50   0   0   0   0   0   0   0  0.30 0.00
   12 E    -1   1   0   1  -4   2   4  -2   0  -3  -3   4  -2  -3  -1   0  -1  -3  -2  -3    0   0   0   0   0   0  50   0   0   0   0  50   0   0   0   0   0   0   0   0  0.50 0.00
   13 A     3   1  -1  -1  -2   0   0  -1  -1  -2  -2   3  -1  -3  -1   1   0  -3  -2  -1   50   0   0   0   0   0   0   0   0   0   0  50   0   0   0   0   0   0   0   0  0.29 0.00
   14 G     0  -3   0  -1  -3  -2  -2   6  -2  -4  -4  -2  -3  -3  -2   0  -2  -3  -3  -3    0   0   0   0   0   0   0 100   0   0   0   0   0   0   0   0   0   0   0   0  1.04 0.00
   15 L    -1  -2  -3  -4  -1  -1  -3  -3  -2   1   3  -2   5   0  -3  -2  -1  -2  -1   1    0   0   0   0   0   0   0   0   0   0  50   0  50   0   0   0   0   0   0   0  0.35 0.00
   16 P    -1  -3  -3  -2  -2  -2  -2  -3  -3   3   0  -2   0  -2   6  -2  -1  -3  -2   1    0   0   0   0   0   0   0   0   0  50   0   0   0   0  50   0   0   0   0   0  0.78 0.00
   17 L    -2  -3  -4  -4  -1  -3  -3  -4  -3   3   3  -3   2   0  -3  -3  -1  -2  -1   2    0   0   0   0   0   0   0   0   0  50  50   0   0   0   0   0   0   0   0   0  0.37 0.00
   18 T     0   1   0  -1  -2   0   0  -2  -1  -2  -2   3  -1  -3  -1   1   3  -3  -2  -1    0   0   0   0   0   0   0   0   0   0   0  50   0   0   0   0  50   0   0   0  0.32 0.00
   19 T    -1  -1   1   4  -2  -1   1  -2  -2  -2  -2  -1  -2  -3  -1   1   3  -3  -2  -1    0   0   0  50   0   0   0   0   0   0   0   0   0   0   0   0  50   0   0   0  0.46 0.00
   20 A     3  -1   0  -1  -1   0  -1   0  -1  -2  -2  -1  -1  -3  -1   3   1  -3  -2  -1   50   0   0   0   0   0   0   0   0   0   0   0   0   0   0  50   0   0   0   0  0.35 0.00
   21 K    -1   2   0  -1  -3   1   1  -2  -1  -3  -3   5  -1  -3  -1   0  -1  -3  -2  -2    0   0   0   0   0   0   0   0   0   0   0 100   0   0   0   0   0   0   0   0  0.52 0.00
   22 G     0  -1   0  -1  -1  -1  -1   4  -1  -2  -2  -1  -1  -1  -1   0  -1  -1  -1  -1    4   3   2   3   1   2   3  54   1   3   5   3   1   2   3   4   3   1   2   3  0.33 0.00
   23 R    -1   4   0  -1  -2   1   0  -1   0  -1  -1   1  -1  -1  -1   0   0  -1  -1  -1    4  53   2   3   1   2   3   4   1   3   5   3   1   2   3   4   3   1   2   3  0.24 0.00
   24 T    -1  -2  -1  -2  -1  -1  -2  -3  -2   1   3  -2   1  -1  -2   0   3  -2  -1   0    0   0   0   0   0   0   0   0   0   0  50   0   0   0   0   0  50   0   0   0  0.25 0.00
   25 F    -2  -2  -3  -4  -3  -2  -3  -3   1  -1   0  -3  -1   5  -4  -2  -2   2   6  -1    0   0   0   0   0   0   0   0   0   0   0   0   0  50   0   0   0   0  50   0  0.69 0.00
   26 G     0  -3   0  -1  -3  -2  -2   6  -2  -4  -4  -2  -3  -3  -2   0  -2  -3  -3  -3    0   0   0   0   0   0   0 100   0   0   0   0   0   0   0   0   0   0   0   0  1.04 0.00
   27 Y    -2  -2  -2  -3  -3  -2  -2  -3   2  -1  -1  -2  -1   3  -3  -2  -2   2   7  -1    0   0   0   0   0   0   0   0   0   0   0   0   0   0   0   0   0   0 100   0  0.87 0.01
   28 D    -1   1   1   4  -4   1   1  -2  -1  -3  -3   3  -2  -4  -1   0  -1  -4  -3  -3    0   0   0  50   0   0   0   0   0   0   0  50   0   0   0   0   0   0   0   0  0.51 0.00
   29 V    -1  -3  -3  -4  -2  -3  -3  -3  -2   2   1  -3   0   5  -3  -2  -1   0   2   3    0   0   0   0   0   0   0   0   0   0   0   0   0  50   0   0   0   0   0  50  0.35 0.00
   30 I    -1  -3  -3  -3  -1  -3  -3  -4  -3   4   1  -3   1  -1  -3  -2   0  -3  -1   4    0   0   0   0   0   0   0   0   0  50   0   0   0   0   0   0   0   0   0  50  0.35 0.00
   31 D    -1   1   1   4  -4   1   1  -2  -1  -3  -3   3  -2  -4  -1   0  -1  -4  -3  -3    0   0   0  50   0   0   0   0   0   0   0  50   0   0   0   0   0   0   0   0  0.51 0.00
   32 T     0  -1   0   0  -2   1   3  -1  -1  -2  -2   0  -1  -3  -1   2   3  -3  -2  -1    0   0   0   0   0   0  34   0   0   0   0   0   0   0   0  33  33   0   0   0  0.35 0.01
   33 K    -1   2   0  -1  -3   1   1  -2  -1  -3  -3   5  -2  -3  -1   0  -1  -3  -2  -3    0   0   0   0   0   0   0   0   0   0   0 100   0   0   0   0   0   0   0   0  0.56 0.02
   34 L    -2  -2  -4  -4  -1  -2  -3  -4  -3   2   4  -3   2   0  -3  -3  -1  -2  -1   1    0   0   0   0   0   0   0   0   0   0 100   0   0   0   0   0   0   0   0   0  0.48 0.01
   35 Y    -2  -1   0   4  -3   0   3  -2   0  -3  -3   0  -2   0  -2  -1  -1   0   4  -2    0   0   0  33   0   0  34   0   0   0   0   0   0   0   0   0   0   0  33   0  0.45 0.01
   36 I    -1  -3  -3  -3  -2  -2  -3  -3  -3   3   1  -2   0  -1   5  -2  -1  -3  -2   2    0   0   0   0   0   0   0   0   0  67   0   0   0   0  33   0   0   0   0   0  0.54 0.01
   37 N    -1  -2   3  -1  -2  -1  -2  -2  -1   1   2  -2   1  -1  -3  -1   0  -3  -2   2    0   0  33   0   0   0   0   0   0   0  34   0   0   0   0   0   0   0   0  33  0.17 0.01
   38 E    -1   0   0   2  -4   2   6  -2   0  -4  -3   1  -2  -4  -1   0  -1  -3  -2  -3    0   0   0   0   0   0 100   0   0   0   0   0   0   0   0   0   0   0   0   0  0.77 0.02
   39 E    -1  -1   0   4  -4   1   5  -2  -1  -4  -3   0  -3  -4  -1   0  -1  -4  -3  -3    0   0   0  33   0   0  67   0   0   0   0   0   0   0   0   0   0   0   0   0  0.69 0.01
   40 E    -1   0   0   2  -4   2   6  -2   0  -4  -3   1  -2  -4  -1   0  -1  -3  -2  -3    0   0   0   0   0   0 100   0   0   0   0   0   0   0   0   0   0   0   0   0  0.77 0.02
   41 A     4  -2  -2  -2  -1  -1  -1   0  -2  -2  -2  -1  -1  -2  -1   1   0  -3  -2   0  100   0   0   0   0   0   0   0   0   0   0   0   0   0   0   0   0   0   0   0  0.43 0.02
   42 K    -1   2   0  -1  -3   1   1  -2  -1  -3  -3   5  -2  -3  -1   0  -1  -3  -2  -3    0   0   0   0   0   0   0   0   0   0   0 100   0   0   0   0   0   0   0   0  0.56 0.02
   43 Q    -1  -1  -2  -2  -2   3   0  -3  -2   3   0  -1   1  -1  -2  -1  -1  -3  -1   3    0   0   0   0   0  33   0   0   0  34   0   0   0   0   0   0   0   0   0  33  0.20 0.01
   44 L    -1  -3  -3  -4  -1  -3  -3  -4  -3   3   3  -3   1   0  -3  -2  -1  -3  -1   3    0   0   0   0   0   0   0   0   0  34  33   0   0   0   0   0   0   0   0  33  0.33 0.01
   45 R    -1   5   0  -1  -4   4   1  -2   0  -3  -2   2  -1  -3  -2  -1  -1  -3  -2  -3    0  67   0   0   0  33   0   0   0   0   0   0   0   0   0   0   0   0   0   0  0.62 0.01
   46 L    -1  -2  -3  -4  -1  -2  -3  -4  -3   1   4  -2   4   0  -3  -2  -1  -2  -1   1    0   0   0   0   0   0   0   0   0   0  66   0  34   0   0   0   0   0   0   0  0.39 0.01
   47 I    -2  -3  -4  -3  -1  -3  -4  -4  -4   5   2  -3   1   0  -3  -3  -1  -3  -2   3    0   0   0   0   0   0   0   0   0 100   0   0   0   0   0   0   0   0   0   0  0.43 0.02
   48 Y    -2  -3  -3  -4  -3  -3  -3  -3   0  -1   0  -3   0   6  -4  -2  -2   1   5  -1    0   0   0   0   0   0   0   0   0   0   0   0   0  67   0   0   0   0  33   0  0.72 0.02
   49 D    -2  -1   5   4  -3   0   0  -1   0  -4  -4   0  -3  -3  -2   0   0  -4  -3  -3    0   0  67  33   0   0   0   0   0   0   0   0   0   0   0   0   0   0   0   0  0.68 0.01
   50 I    -2  -3  -3  -3  -2  -3  -3  -4  -1   4   1  -3   1   1  -3  -2  -1   0   4   2    0   0   0   0   0   0   0   0   0  66   0   0   0   0   0   0   0   0  34   0  0.35 0.01
   51 F    -3  -3  -3  -4  -3  -4  -4  -3  -1   0   0  -3   0   7  -4  -3  -2   1   3  -1    0   0   0   0   0   0   0   0   0   0   0   0   0 100   0   0   0   0   0   0  0.80 0.02
   52 E     0  -1   0   0  -2   0   3   3  -1  -2  -3   0  -2  -3  -2   0   2  -3  -2  -2    0   0   0   0   0   0  33  33   0   0   0   0   0   0   0   0  34   0   0   0  0.35 0.01
   53 E    -1   1   0   4  -4   1   3  -2  -1  -3  -3   3  -2  -4  -1   0  -1  -4  -3  -3    0   0   0  34   0   0  33   0   0   0   0  33   0   0   0   0   0   0   0   0  0.51 0.01
   54 E    -2  -1   1   4  -4   1   3  -2   5  -4  -3   0  -2  -3  -2  -1  -1  -3   0  -3    0   0   0  33   0   0  33   0  34   0   0   0   0   0   0   0   0   0   0   0  0.55 0.01
   55 Q    -1   1  -1  -1  -3   3   1  -2   1  -2  -2   3  -1   0  -2  -1  -1   0   4  -2    0   0   0   0   0  33   0   0   0   0   0  34   0   0   0   0   0   0  33   0  0.37 0.01
   56 S     1  -1   1   0  -1   0   0   0  -1  -3  -3   0  -2  -3  -1   4   1  -3  -2  -2    0   0   0   0   0   0   0   0   0   0   0   0   0   0   0 100   0   0   0   0  0.49 0.02
   57 I    -1  -3  -3  -3  -2  -2  -3  -4  -1   3   1  -2   0   1  -3  -2  -1   0   4   3    0   0   0   0   0   0   0   0   0  33   0   0   0   0   0   0   0   0  33  34  0.31 0.01
   58 T    -1  -1   4   0  -2  -1  -1  -1  -1  -2  -2  -1  -1  -3  -2   1   4  -3  -2  -1    0   0  34   0   0   0   0   0   0   0   0   0   0   0   0   0  66   0   0   0  0.42 0.01
   59 F     2  -2  -2  -2  -2  -2  -2   3  -2  -2  -1  -2  -1   3  -2   0  -1  -1   1  -1   33   0   0   0   0   0   0  34   0   0   0   0   0  33   0   0   0   0   0   0  0.31 0.01
   60 L    -2  -3  -4  -4  -1  -3  -3  -4  -3   4   3  -3   2   0  -3  -3  -1  -2  -1   2    0   0   0   0   0   0   0   0   0  67  33   0   0   0   0   0   0   0   0   0  0.38 0.01
   61 Q     3   0  -1  -1  -1   3   0   0  -1  -2  -2   0  -1  -3  -1   1   0  -3  -2  -1   67   0   0   0   0  33   0   0   0   0   0   0   0   0   0   0   0   0   0   0  0.33 0.01
   62 K     0   0  -1  -1  -2   0   0  -2  -1  -1   1   2   0  -1  -2   2   0  -3  -2  -1    0   0   0   0   0   0   0   0   0   0  34  33   0   0   0  33   0   0   0   0  0.14 0.01
   63 R    -2   3   0  -1  -3   1   0  -2   7  -4  -3   1  -2  -2  -2  -1  -2  -3   1  -3    0  33   0   0   0   0   0   0  67   0   0   0   0   0   0   0   0   0   0   0  0.67 0.02
   64 L    -2  -2  -4  -4  -1  -2  -3  -4  -3   2   4  -3   2   0  -3  -3  -1  -2  -1   1    0   0   0   0   0   0   0   0   0   0 100   0   0   0   0   0   0   0   0   0  0.48 0.01
   65 K     0   0   0  -1  -2   0   0  -2  -2  -1  -2   2  -1  -3  -1   1   4  -3  -2  -1    0   0   0   0   0   0   0   0   0   0   0  33   0   0   0   0  67   0   0   0  0.35 0.01
   66 K    -1   1   4   0  -3   3   1  -1   0  -3  -3   3  -1  -3  -2   0  -1  -3  -2  -3    0   0  33   0   0  34   0   0   0   0   0  33   0   0   0   0   0   0   0   0  0.43 0.01
   67 L    -1  -2  -3  -4  -1  -2  -3  -4  -3   1   4  -2   4   0  -3  -2  -1  -2  -1   1    0   0   0   0   0   0   0   0   0   0  66   0  34   0   0   0   0   0   0   0  0.39 0.01
   68 G     0  -1   0  -1  -3   3   0   5  -1  -4  -3   0  -2  -3  -2   0  -1  -3  -3  -3    0   0   0   0   0  33   0  67   0   0   0   0   0   0   0   0   0   0   0   0  0.66 0.01
   69 F    -1  -3  -3  -4  -2  -3  -3  -4  -3   3   1  -3   1   4  -3  -2  -1  -1   1   3    0   0   0   0   0   0   0   0   0  33   0   0   0  33   0   0   0   0   0  34  0.32 0.01
   70 K    -1   1  -1  -1  -3   1   0  -2  -1  -3  -3   4  -2  -4   5   0  -1  -4  -2  -3    0   0   0   0   0   0   0   0   0   0   0  67   0   0  33   0   0   0   0   0  0.70 0.01
   71 V     0  -2  -1  -2  -1  -1  -1  -2  -2   1   0  -1   0  -2  -2   1   4  -3  -2   2    0   0   0   0   0   0   0   0   0   0   0   0   0   0   0   0  67   0   0  33  0.31 0.01
   72 R    -1   4  -1  -1  -3   1   0  -2  -1  -3  -3   3  -2  -3   5  -1  -1  -3  -2  -3    0  33   0   0   0   0   0   0   0   0   0  34   0   0  33   0   0   0   0   0  0.69 0.01
   73 T     0   0   0  -1  -2   0   0  -1  -1  -2  -2   3  -1  -3  -1   2   3  -3  -2  -1    0   0   0   0   0   0   0   0   0   0   0  34   0   0   0  33  33   0   0   0  0.30 0.01
   74 Y     2   0  -1  -2  -2   0  -1  -1   0  -2  -2   2  -1   1  -2   0  -1   0   4  -1   34   0   0   0   0   0   0   0   0   0   0  33   0   0   0   0   0   0  33   0  0.24 0.01
   75 N    -1   2   4   0  -3   1   0  -1   0  -3  -3   4  -2  -3  -1   0  -1  -4  -2  -3    0   0  33   0   0   0   0   0   0   0   0  67   0   0   0   0   0   0   0   0  0.45 0.01
   76 R    -1   5  -1  -2  -3   0  -1  -3  -1   0  -1   1  -1  -2  -2  -1  -1  -3  -2   1    0  66   0   0   0   0   0   0   0   0   0   0   0   0   0   0   0   0   0  34  0.37 0.01
   77 Y    -3  -3  -3  -4  -3  -2  -3  -3   0  -2  -2  -3  -2   2  -4  -3  -2  10   5  -2    0   0   0   0   0   0   0   0   0   0   0   0   0   0   0   0   0  67  33   0  1.66 0.02
   78 N    -2   0   5   1  -3   0   0  -1   5  -4  -4   0  -2  -3  -2   0  -1  -4   0  -3    0   0  66   0   0   0   0   0  34   0   0   0   0   0   0   0   0   0   0   0  0.62 0.02
   79 N    -1   1   4   0  -3   5   1  -1   0  -3  -3   1  -1  -3  -2   0  -1  -3  -2  -3    0   0  33   0   0  67   0   0   0   0   0   0   0   0   0   0   0   0   0   0  0.55 0.02
   80 W    -2  -3  -3  -4  -2  -2  -3  -3  -1   2   0  -3   0   2  -3  -2  -2   8   5   0    0   0   0   0   0   0   0   0   0  34   0   0   0   0   0   0   0  33  33   0  0.77 0.01
   81 L    -2  -2  -4  -4  -1  -2  -3  -4  -3   2   4  -3   2   0  -3  -3  -1  -2  -1   1    0   0   0   0   0   0   0   0   0   0 100   0   0   0   0   0   0   0   0   0  0.48 0.01
   82 T    -1   0  -1  -1  -2   3   0  -2  -1   0   0   0   3  -2  -2   0   2  -2  -2   0    0   0   0   0   0  33   0   0   0   0   0   0  34   0   0   0  33   0   0   0  0.23 0.01
   83 N    -2  -1   6   1  -3   0   0  -1   1  -4  -4   0  -2  -3  -2   1   0  -4  -2  -3    0   0 100   0   0   0   0   0   0   0   0   0   0   0   0   0   0   0   0   0  0.78 0.02
   84 D     0  -1   1   4  -3   1   3  -1  -1  -3  -3   0  -2  -3  -1   2   0  -4  -2  -3    0   0   0  33   0   0  33   0   0   0   0   0   0   0   0  34   0   0   0   0  0.47 0.01
   85 L     0  -2  -1  -2  -1  -1  -2  -2  -2   1   2  -2   1  -1  -2   2   0  -3  -1   2    0   0   0   0   0   0   0   0   0   0  33   0   0   0   0  34   0   0   0  33  0.15 0.01
   86 Y    -2  -2  -2  -3  -3  -2  -2  -3   2  -2  -1  -2  -1   3  -3  -2  -2   2   7  -1    0   0   0   0   0   0   0   0   0   0   0   0   0   0   0   0   0   0 100   0  0.94 0.02
   87 C    -1   0  -2  -2   6  -1  -1  -3  -2   2   0   2   0  -2  -2  -1  -1  -3  -2   1    0   0   0   0  33   0   0   0   0  33   0  34   0   0   0   0   0   0   0   0  0.28 0.01
   88 G     0  -3  -1  -2  -3  -2  -2   6  -2  -4  -4  -2  -3  -3  -2   0  -2  -3  -3  -3    0   0   0   0   0   0   0 100   0   0   0   0   0   0   0   0   0   0   0   0  1.08 0.02
   89 Y    -1  -2  -1  -3  -2  -1  -2  -3   1  -1  -1  -2  -1   2  -2   0   2   1   6  -1    0   0   0   0   0   0   0   0   0   0   0   0   0   0   0   0  33   0  67   0  0.53 0.02
   90 V     0  -3  -3  -3  -1  -2  -3  -3  -3   3   1  -3   1  -1  -3  -2   0  -3  -1   4    0   0   0   0   0   0   0   0   0   0   0   0   0   0   0   0   0   0   0 100  0.38 0.02
   91 S     1   1   0   0  -2   0   0  -1  -1  -3  -3   3  -2  -3  -1   3   1  -3  -2  -2    0   0   0   0   0   0   0   0   0   0   0  33   0   0   0  67   0   0   0   0  0.36 0.01
   92 Y    -2   0  -1  -2  -3   0  -1  -3   1  -2  -2   2  -1   2  -2  -1  -1   1   6  -2    0   0   0   0   0   0   0   0   0   0   0  34   0   0   0   0   0   0  66   0  0.52 0.02
   93 K    -1   2   0  -1  -3   4   1  -2   0  -3  -3   4  -1  -3  -1   0  -1  -3  -2  -3    0   0   0   0   0  34   0   0   0   0   0  66   0   0   0   0   0   0   0   0  0.50 0.01
   94 D    -1  -1   0   4  -4   1   5  -2  -1  -4  -3   0  -3  -4  -1   0  -1  -4  -3  -3    0   0   0  33   0   0  67   0   0   0   0   0   0   0   0   0   0   0   0   0  0.69 0.01
   95 K    -1   1   0   0  -3   4   3  -2   0  -3  -3   3  -1  -3  -1   0  -1  -3  -2  -3    0   0   0   0   0  33  34   0   0   0   0  33   0   0   0   0   0   0   0   0  0.50 0.01
   96 V    -1  -2  -2  -1  -2   0   2  -3  -2   3   0  -1   0  -1  -2  -1  -1  -3  -2   2    0   0   0   0   0   0  34   0   0  33   0   0   0   0   0   0   0   0   0  33  0.19 0.01
   97 H    -1   0  -1  -1  -2   3   0  -3   5   0  -1   0   0  -2  -2  -1  -1  -3   0   1    0   0   0   0   0  34   0   0  33   0   0   0   0   0   0   0   0   0   0  33  0.27 0.01
   98 V    -1  -3  -3  -3  -1  -3  -3  -4  -3   3   1  -3   1  -1  -3  -2   0  -3  -1   4    0   0   0   0   0   0   0   0   0  34   0   0   0   0   0   0   0   0   0  66  0.36 0.01
   99 K    -1   1   0  -1  -2   3   1  -2  -1  -2  -2   3  -1  -3  -1   0   2  -3  -2  -1    0   0   0   0   0  33   0   0   0   0   0  33   0   0   0   0  34   0   0   0  0.34 0.01
  100 G    -1  -2   0   3  -2  -1  -1   3  -2   0  -1  -2  -1  -2  -2  -1  -1  -3  -3   1    0   0   0  33   0   0   0  33   0   0   0   0   0   0   0   0   0   0   0  34  0.27 0.01
  101 I     2  -2  -1  -2  -1  -1  -2  -1  -2   2   0  -1   0  -1  -2   0   3  -3  -2   1   33   0   0   0   0   0   0   0   0  33   0   0   0   0   0   0  34   0   0   0  0.18 0.01
  102 H    -2  -1   0  -2  -3   0  -1  -3   7   2  -1  -1   0  -1  -3  -1  -2  -3   1   0    0   0   0   0   0   0   0   0  66  34   0   0   0   0   0   0   0   0   0   0  0.46 0.02
  103 E     2  -1  -1   0  -2   0   3  -1  -1  -3  -3   0  -2  -3   5   0  -1  -3  -2  -2   33   0   0   0   0   0  33   0   0   0   0   0   0   0  34   0   0   0   0   0  0.61 0.01
  104 P     2  -2  -2  -2  -2  -1  -1  -1  -2  -2  -3  -1  -2  -3   7   0  -1  -4  -3  -2   34   0   0   0   0   0   0   0   0   0   0   0   0   0  66   0   0   0   0   0  1.22 0.01
  105 I    -2  -3  -4  -3  -1  -3  -4  -4  -4   5   2  -3   1   0  -3  -3  -1  -3  -2   3    0   0   0   0   0   0   0   0   0 100   0   0   0   0   0   0   0   0   0   0  0.43 0.02
  106 I    -1  -3  -3  -3  -1  -3  -3  -4  -4   4   1  -3   1   0  -3  -2  -1  -3  -1   3    0   0   0   0   0   0   0   0   0  66   0   0   0   0   0   0   0   0   0  34  0.38 0.01
  107 S     0  -2   0   3  -2  -1   0  -1  -2  -3  -3  -1  -3  -3   5   2   0  -4  -3  -3    0   0   0  33   0   0   0   0   0   0   0   0   0   0  34  33   0   0   0   0  0.68 0.01
  108 E     2   1  -1   0  -2   1   3  -1  -1  -3  -2   3  -2  -3  -1   0  -1  -3  -2  -2   34   0   0   0   0   0  33   0   0   0   0  33   0   0   0   0   0   0   0   0  0.32 0.01
  109 E    -1   0   0   2  -4   2   6  -2   0  -4  -3   1  -2  -4  -1   0  -1  -3  -2  -3    0   0   0   0   0   0 100   0   0   0   0   0   0   0   0   0   0   0   0   0  0.77 0.02
  110 Q    -1   1   0   0  -3   6   2  -2   0  -3  -2   1  -1  -4  -2   0  -1  -2  -2  -3    0   0   0   0   0 100   0   0   0   0   0   0   0   0   0   0   0   0   0   0  0.71 0.02
  111 F    -3  -3  -4  -4  -3  -3  -3  -3  -2  -1   0  -3  -1   6  -4  -3  -2   8   3  -2    0   0   0   0   0   0   0   0   0   0   0   0   0  66   0   0   0  34   0   0  1.02 0.02
  112 Y    -2  -1   0   3  -3   3   1  -2   1  -3  -2   0  -1   0  -2  -1  -1   0   4  -2    0   0   0  34   0  33   0   0   0   0   0   0   0   0   0   0   0   0  33   0  0.40 0.01
  113 R    -1   3  -1  -2  -3   3   0  -3   1  -3  -2   1  -1   0  -2  -1  -1   0   4  -2    0  33   0   0   0  33   0   0   0   0   0   0   0   0   0   0   0   0  34   0  0.41 0.01
  114 V     2  -2  -1  -2  -1  -1  -1  -1  -2   0  -1  -1   0  -2  -1   2   1  -3  -2   2   34   0   0   0   0   0   0   0   0   0   0   0   0   0   0  33   0   0   0  33  0.19 0.01
  115 Q    -1   1   0   0  -3   6   2  -2   0  -3  -2   1  -1  -4  -2   0  -1  -2  -2  -3    0   0   0   0   0 100   0   0   0   0   0   0   0   0   0   0   0   0   0   0  0.71 0.02
  116 E    -1   1   0   1  -4   2   5  -2   0  -3  -3   3  -2  -3  -1   0  -1  -3  -2  -3    0   0   0   0   0   0  67   0   0   0   0  33   0   0   0   0   0   0   0   0  0.57 0.01
  117 I    -2  -3  -4  -4  -1  -3  -3  -4  -3   4   3  -3   2   0  -3  -3  -1  -2  -1   2    0   0   0   0   0   0   0   0   0  66  34   0   0   0   0   0   0   0   0   0  0.38 0.01
  118 F     2  -2  -3  -3  -1  -2  -2  -2  -2   0   2  -2   1   4  -2  -1  -1  -1   1   0   33   0   0   0   0   0   0   0   0   0  34   0   0  33   0   0   0   0   0   0  0.22 0.01
  119 S     0  -1   4   0  -2  -1  -1   3  -1  -3  -3  -1  -2  -3  -2   2   0  -3  -2  -3    0   0  33   0   0   0   0  34   0   0   0   0   0   0   0  33   0   0   0   0  0.45 0.01
  120 R    -1   4   0  -1  -3   4   1  -2   0  -3  -2   3  -1  -3  -2   0  -1  -3  -2  -3    0  33   0   0   0  34   0   0   0   0   0  33   0   0   0   0   0   0   0   0  0.51 0.01
  121 M     0  -2  -1  -2  -1  -1  -2  -2  -2   1   1  -1   3  -1  -2   2   0  -3  -1   2    0   0   0   0   0   0   0   0   0   0   0   0  33   0   0  34   0   0   0  33  0.15 0.01
  122 G    -1   0  -1  -1  -3   0  -1   3  -2  -3  -3   2  -2  -4   5   0  -1  -3  -3  -3    0   0   0   0   0   0   0  33   0   0   0  34   0   0  33   0   0   0   0   0  0.65 0.01
  123 K    -1   4  -1  -2  -3   0   0  -3  -1  -1   1   3   0  -2  -2  -1  -1  -3  -2  -1    0  34   0   0   0   0   0   0   0   0  33  33   0   0   0   0   0   0   0   0  0.27 0.01
  124 N    -1   0   3   0  -2   0   0  -2  -1  -1   1   2   0  -2  -2   0  -1  -3  -2  -1    0   0  33   0   0   0   0   0   0   0  33  34   0   0   0   0   0   0   0   0  0.18 0.01
  125 P    -1  -2  -1  -2  -3  -1  -1  -2   5  -3  -3  -1  -2  -3   7  -1  -1  -4  -1  -3    0   0   0   0   0   0   0   0  34   0   0   0   0   0  66   0   0   0   0   0  1.30 0.02
  126 N    -2  -1   5   0  -2  -1  -1  -1   0  -1   1  -1   0  -2  -3   0   0  -3  -2  -1    0   0  66   0   0   0   0   0   0   0  34   0   0   0   0   0   0   0   0   0  0.34 0.01
  127 M     0   0   0  -1  -2   0   0  -1  -1  -1   0   2   3  -2  -2   2   0  -3  -2  -1    0   0   0   0   0   0   0   0   0   0   0  33  33   0   0  34   0   0   0   0  0.17 0.01
  128 N    -2  -2   3   4  -3  -1   0  -2  -1   2  -1  -1  -1  -2  -2  -1  -1  -4  -2   0    0   0  33  33   0   0   0   0   0  34   0   0   0   0   0   0   0   0   0   0  0.28 0.01
  129 K     0   1   0   0  -2   1   3  -1  -1  -3  -3   3  -2  -3  -1   2   0  -3  -2  -2    0   0   0   0   0   0  33   0   0   0   0  33   0   0   0  34   0   0   0   0  0.37 0.01
  130 E    -1  -2  -2  -1  -3   0   2  -3  -1  -2  -2  -1  -1   3   5  -1  -1  -1   1  -2    0   0   0   0   0   0  33   0   0   0   0   0   0  33  34   0   0   0   0   0  0.57 0.01
  131 S     0   0   0   0  -2   1   3  -2   5  -3  -3   0  -2  -2  -1   2   0  -3   0  -3    0   0   0   0   0   0  33   0  34   0   0   0   0   0   0  33   0   0   0   0  0.41 0.01
  132 A     2  -1   3  -1  -1  -1  -1  -1  -1   0   1  -1   0  -1  -2   0   0  -3  -2   0   33   0  34   0   0   0   0   0   0   0  33   0   0   0   0   0   0   0   0   0  0.16 0.01
  133 S     0  -1   0  -1  -1  -1  -1  -1   0  -2  -2  -1  -1   1  -2   3   1   0   4  -2    0   0   0   0   0   0   0   0   0   0   0   0   0   0   0  66   0   0  34   0  0.35 0.01
  134 L    -1  -1  -2  -1  -2   0   2  -3  -2   1   3  -1   1   0  -2  -2  -1  -2  -2   0    0   0   0   0   0   0  33   0   0   0  67   0   0   0   0   0   0   0   0   0  0.25 0.01
  135 L    -2  -2  -4  -4  -1  -2  -3  -4  -3   2   4  -3   2   0  -3  -3  -1  -2  -1   1    0   0   0   0   0   0   0   0   0   0 100   0   0   0   0   0   0   0   0   0  0.48 0.01
  136 N     2  -1   3   0  -1   0   0   0  -1  -2  -3   0  -2  -3  -1   3   1  -3  -2  -2   33   0  33   0   0   0   0   0   0   0   0   0   0   0   0  34   0   0   0   0  0.33 0.01
  137 N     0  -2   3   0  -3  -1  -2   5  -1  -4  -4  -1  -3  -3  -2   0  -1  -3  -3  -3    0   0  33   0   0   0   0  67   0   0   0   0   0   0   0   0   0   0   0   0  0.72 0.01
  138 L    -1  -3  -4  -4  -1  -2  -3  -4  -3   2   3  -3   2   0  -3  -2  -1  -2  -1   2    0   0   0   0   0   0   0   0   0   0  67   0   0   0   0   0   0   0   0  33  0.36 0.01
  139 V     0  -3  -3  -4   6  -3  -3  -3  -3   2   0  -3   0  -1  -3  -2   0  -3  -2   3    0   0   0   0  33   0   0   0   0   0   0   0   0   0   0   0   0   0   0  67  0.43 0.01
  140 V    -1   3  -1  -2  -2   0  -1  -3  -2   0  -1   0   0  -2  -2   0   2  -3  -2   2    0  34   0   0   0   0   0   0   0   0   0   0   0   0   0   0  33   0   0  33  0.21 0.01
  141 C    -1  -4  -3  -4  10  -3  -4  -3  -3  -1  -2  -3  -2  -3  -3  -1  -1  -3  -3  -1    0   0   0   0 100   0   0   0   0   0   0   0   0   0   0   0   0   0   0   0  1.32 0.03
  142 S     1  -1   0  -1  -2  -1  -1   3  -1  -3  -3  -1  -2  -3  -1   3   1  -3  -2  -2    0   0   0   0   0   0   0  34   0   0   0   0   0   0   0  66   0   0   0   0  0.46 0.01
  143 K    -1   2   0  -1  -3   1   1  -2  -1  -3  -3   5  -2  -3  -1   0  -1  -3  -2  -3    0   0   0   0   0   0   0   0   0   0   0 100   0   0   0   0   0   0   0   0  0.56 0.02
  144 C    -1  -4  -3  -4  10  -3  -4  -3  -3  -1  -2  -3  -2  -3  -3  -1  -1  -3  -3  -1    0   0   0   0 100   0   0   0   0   0   0   0   0   0   0   0   0   0   0   0  1.32 0.03
  145 G     0  -3  -1  -2  -3  -2  -2   6  -2  -4  -4  -2  -3  -3  -2   0  -2  -3  -3  -3    0   0   0   0   0   0   0 100   0   0   0   0   0   0   0   0   0   0   0   0  1.08 0.02
  146 L    -1  -1   3   0  -3   0   3  -2  -1  -1   1   0   0  -2  -2   0  -1  -3  -2  -1    0   0  34   0   0   0  33   0   0   0  33   0   0   0   0   0   0   0   0   0  0.23 0.01
  147 G     0  -2  -1  -1  -2  -1  -1   3  -2  -2  -3  -1  -2  -3   5   0   2  -3  -3  -2    0   0   0   0   0   0   0  33   0   0   0   0   0   0  33   0  34   0   0   0  0.64 0.01
  148 F    -2  -2  -3  -4  -2  -2  -3  -3  -2   1   3  -2   4   4  -3  -2  -1  -1   1   0    0   0   0   0   0   0   0   0   0   0  33   0  34  33   0   0   0   0   0   0  0.35 0.01
  149 V     0  -2  -1  -1  -1  -1  -1  -2  -2   1  -1  -1   0  -2  -1   2   3  -3  -2   2    0   0   0   0   0   0   0   0   0   0   0   0   0   0   0  33  34   0   0  33  0.22 0.01
  150 H    -1   0   0  -1  -3   0   0   3   5  -4  -3   2  -2  -3  -2  -1  -1  -3   0  -3    0   0   0   0   0   0   0  34  33   0   0  33   0   0   0   0   0   0   0   0  0.41 0.01
  151 R    -1   3  -1  -1  -2   0  -1  -2   1  -1  -1   1  -1   1  -1  -1  -1   0   4  -1    3  35   2   2   1   1   2   2   1   2   3   2   1   1   2   2   2   0  34   2  0.24 0.00
  152 R    -1   3   0   0  -2   1   3  -1   0  -2  -2   1  -1  -2  -1   0  -1  -2  -1  -2    3  35   2   2   1   1  35   2   1   2   3   2   1   1   2   2   2   0   1   2  0.28 0.00
  153 K     0   2   0  -1  -2   1   0  -1  -1  -3  -3   4  -2  -3  -1   2   0  -3  -2  -2    0   0   0   0   0   0   0   0   0   0   0  67   0   0   0  33   0   0   0   0  0.39 0.01
  154 D    -1   1   0   3  -4   1   1  -2  -1  -3  -3   4  -2  -4  -1   0  -1  -4  -2  -3    0   0   0  33   0   0   0   0   0   0   0  67   0   0   0   0   0   0   0   0  0.48 0.01
  155 T    -1   5   0  -2  -3   1   0  -2  -1  -2  -2   2  -1  -3  -2   0   2  -3  -2  -2    0  67   0   0   0   0   0   0   0   0   0   0   0   0   0   0  33   0   0   0  0.48 0.01
  156 V    -1   0  -2  -2  -2  -1  -1  -3  -2   3   0   2   0  -1  -2  -1  -1  -3  -2   2    0   0   0   0   0   0   0   0   0  33   0  34   0   0   0   0   0   0   0  33  0.16 0.01
  157 S     0   3   0  -1  -2   0   0  -1  -1  -3  -3   1  -2  -3  -1   3   1  -3  -2  -2    0  33   0   0   0   0   0   0   0   0   0   0   0   0   0  67   0   0   0   0  0.39 0.01
  158 R    -1   4   0  -1  -3   1   0  -2   5  -3  -3   3  -2  -2  -2  -1  -1  -3   0  -3    0  33   0   0   0   0   0   0  34   0   0  33   0   0   0   0   0   0   0   0  0.48 0.01
  159 G     0  -2   3   0  -3  -1  -2   5  -1  -4  -4  -1  -3  -3  -2   0  -1  -3  -3  -3    0   0  33   0   0   0   0  67   0   0   0   0   0   0   0   0   0   0   0   0  0.72 0.01
  160 K    -1   2   0  -1  -3   1   1  -2  -1  -3  -3   5  -2  -3  -1   0  -1  -3  -2  -3    0   0   0   0   0   0   0   0   0   0   0 100   0   0   0   0   0   0   0   0  0.56 0.02
  161 K    -2   0   1   5  -4   0   1  -2  -1  -3  -4   2  -3  -4  -1   0  -1  -4  -3  -3    0   0   0  67   0   0   0   0   0   0   0  33   0   0   0   0   0   0   0   0  0.62 0.01
  162 Y    -2  -2  -2  -3  -3  -2  -2  -3   2  -2  -1  -2  -1   3  -3  -2  -2   2   7  -1    0   0   0   0   0   0   0   0   0   0   0   0   0   0   0   0   0   0 100   0  0.94 0.02
  163 H    -2  -1   0  -2  -3   0  -1  -3   7  -3  -2  -1  -2   1  -3  -1  -2   0   5  -3    0   0   0   0   0   0   0   0  66   0   0   0   0   0   0   0   0   0  34   0  0.73 0.02
  164 Y    -1  -2  -3  -3  -1  -2  -3  -3  -1   2   0  -2   0   1  -3  -2  -1   0   4   3    0   0   0   0   0   0   0   0   0   0   0   0   0   0   0   0   0   0  33  67  0.32 0.01
  165 R    -1   4   0  -1  -2   1   0  -1   0  -2  -2   3  -1  -2  -1   0  -1  -2  -1  -2    3  35   2   2   1   1   2   2   1   2   3  35   1   1   2   2   2   0   1   2  0.28 0.00
  166 Y     0  -1   0  -1  -1   0  -1  -1   0  -1  -1  -1  -1   1  -1   2   0   0   4  -1    3   2   2   2   1   1   2   2   1   2   3   2   1   1   2  35   2   0  34   2  0.20 0.00
  167 Y    -2  -2  -3  -4  -2  -2  -3  -4   1   0   2  -2   0   2  -3  -2  -2   1   6   0    0   0   0   0   0   0   0   0   0   0  33   0   0   0   0   0   0   0  67   0  0.55 0.02
  168 S     0  -1   0  -1  -1  -1  -1  -1  -2  -1  -2  -1  -1  -2  -1   3   4  -3  -2  -1    0   0   0   0   0   0   0   0   0   0   0   0   0   0   0  33  67   0   0   0  0.42 0.01
  169 C    -1  -4  -3  -4  10  -3  -4  -3  -3  -1  -2  -3  -2  -3  -3  -1  -1  -3  -3  -1    0   0   0   0 100   0   0   0   0   0   0   0   0   0   0   0   0   0   0   0  1.32 0.03
  170 K    -1   4   0  -1  -3   1   0  -2  -1  -3  -3   4  -2  -3  -2   0  -1  -3  -2  -3    0  34   0   0   0   0   0   0   0   0   0  66   0   0   0   0   0   0   0   0  0.55 0.01
  171 T    -1   1   0  -1  -2   1   0  -2  -1  -2  -2   4  -1  -3  -1   0   2  -3  -2  -2    0   0   0   0   0   0   0   0   0   0   0  67   0   0   0   0  33   0   0   0  0.37 0.01
  172 Y    -2  -1   5   0  -3  -1  -1  -1   1  -3  -3  -1  -2   0  -3   0  -1   0   4  -2    0   0  67   0   0   0   0   0   0   0   0   0   0   0   0   0   0   0  33   0  0.51 0.02
  173 K    -1   1  -1  -1  -3   1   0  -2   0  -2  -2   4  -1   0  -2  -1  -1   0   4  -2    0   0   0   0   0   0   0   0   0   0   0  66   0   0   0   0   0   0  34   0  0.39 0.01
  174 H     0  -1   0  -1   6  -1  -1  -2   5  -2  -2  -1  -2  -2  -2   2   0  -3   0  -2    0   0   0   0  33   0   0   0  33   0   0   0   0   0   0  34   0   0   0   0  0.44 0.01
  175 T     0  -2   0  -1  -1  -1  -1   3  -2  -2  -2  -1  -1  -3  -2   1   4  -3  -2  -1    0   0   0   0   0   0   0  34   0   0   0   0   0   0   0   0  66   0   0   0  0.42 0.01
  176 H     2  -1  -1  -2  -2  -1  -1  -1   5  -2  -2  -1  -1   1  -2   0  -1   0   4  -1   34   0   0   0   0   0   0   0  33   0   0   0   0   0   0   0   0   0  33   0  0.38 0.01
  177 E    -1   0  -1   0  -2   1   3  -2  -1   0  -1   3  -1  -2  -2  -1  -1  -3  -2   1    0   0   0   0   0   0  33   0   0   0   0  34   0   0   0   0   0   0   0  33  0.21 0.01
  178 L    -1  -1   0   3  -2  -1   0  -1  -1   0   2  -1   0  -1  -1  -1  -1  -2  -1   0    3   2   1  36   1   1   2   2   1   2  36   2   1   1   2   2   2   0   1   2  0.15 0.00
  179 E    -1   3   0   0  -2   1   3  -1   0  -2  -2   1  -1  -2  -1   0  -1  -2  -1  -2    3  35   1   2   1   1  35   2   1   2   3   2   1   1   2   2   2   0   1   2  0.29 0.00
  180 K     0   0   0  -1  -2   0   0   3  -1  -2  -2   2  -1  -2  -1   0  -1  -2  -2  -2    3   2   1   2   1   1   2  36   1   2   3  35   1   1   2   2   2   0   1   2  0.25 0.00
  181 C     0  -2  -2  -2   8  -2  -2  -2  -2  -1  -1  -2  -1  -2  -1  -1  -1  -1  -2  -1    3   2   1   2  68   1   2   2   1   2   3   2   1   1   2   2   2   0   1   2  0.66 0.01
  182 G     0  -1   0  -1  -2  -1  -1   5  -1  -2  -2  -1  -2  -2  -1   0  -1  -2  -2  -2    3   2   1   2   1   1   2  69   1   2   3   2   1   1   2   2   2   0   1   2  0.55 0.01
  183 N    -1   1   4   0  -2   1   0  -1   0  -2  -2   3  -1  -2  -1   0   0  -2  -1  -2    3   2  35   2   1   1   2   2   1   2   3  36   1   1   2   2   2   0   1   2  0.23 0.00
  184 K    -1   1   0   0  -2   1   3  -1   0  -2  -2   3  -1  -2  -1   0   0  -2  -1  -2    3   2   1   2   1   1  36   2   1   2   3  35   1   1   2   2   2   0   1   2  0.27 0.00
  185 I    -1  -1  -2  -2  -1  -1  -1  -2  -2   2   1  -1   4   0  -1  -1   0  -1  -1   1    3   2   1   2   1   1   2   2   1  35   3   2  35   1   2   2   2   0   1   2  0.11 0.01
  186 W    -1  -1  -1  -1  -1  -1  -1  -1  -1  -1  -1  -1  -1   0  -1  -1  -1   9   1  -1    4   3   2   3   1   2   3   4   1   3   5   3   1   2   3   4   3  51   2   3  0.84 0.00
  187 R    -2   6   0  -2  -4   1   0  -3   0  -3  -2   2  -2  -3  -2  -1  -1  -3  -2  -3    0 100   0   0   0   0   0   0   0   0   0   0   0   0   0   0   0   0   0   0  0.75 0.00
  188 A     3  -2  -2  -3  -1  -1  -2  -1   1  -1  -1  -1  -1   1  -2   0  -1   1   5  -1   50   0   0   0   0   0   0   0   0   0   0   0   0   0   0   0   0   0  50   0  0.36 0.00
  189 D    -2  -1   5   5  -3   0   1  -1   0  -3  -4   0  -3  -4  -2   0  -1  -4  -3  -3    0   0  50  50   0   0   0   0   0   0   0   0   0   0   0   0   0   0   0   0  0.67 0.00
  190 K    -1   1   1   4  -4   1   1  -2  -1  -3  -3   3  -2  -4  -1   0  -1  -4  -3  -3    0   0   0  50   0   0   0   0   0   0   0  50   0   0   0   0   0   0   0   0  0.51 0.00
  191 L    -1  -3  -3  -4  -1  -2  -3  -4  -3   2   3  -3   2   0  -3  -2  -1  -2  -1   3    0   0   0   0   0   0   0   0   0   0  50   0   0   0   0   0   0   0   0  50  0.32 0.00
  192 E    -1   0   0   2  -4   2   5  -2   0  -3  -3   1  -2  -3  -1   0  -1  -3  -2  -3    0   0   0   0   0   0 100   0   0   0   0   0   0   0   0   0   0   0   0   0  0.74 0.00
  193 E    -1   0   4   2  -3   1   4  -1   0  -4  -3   0  -2  -3  -2   0   0  -4  -2  -3    0   0  50   0   0   0  50   0   0   0   0   0   0   0   0   0   0   0   0   0  0.54 0.00
  194 L     3  -2  -3  -3  -1  -2  -2  -1  -2   0   2  -2   1  -1  -2   0  -1  -2  -2   0   50   0   0   0   0   0   0   0   0   0  50   0   0   0   0   0   0   0   0   0  0.20 0.00
  195 I    -1  -3  -4  -3  -1  -3  -3  -4  -4   4   2  -3   1   0  -3  -3  -1  -3  -1   3    0   0   0   0   0   0   0   0   0 100   0   0   0   0   0   0   0   0   0   0  0.39 0.00
  196 I    -2  -3  -4  -4  -1  -3  -3  -4  -3   3   3  -3   2   0  -3  -3  -1  -2  -1   2    0   0   0   0   0   0   0   0   0  50  50   0   0   0   0   0   0   0   0   0  0.37 0.00
  197 D    -2  -2   1   6  -4   0   2  -1  -1  -3  -4  -1  -3  -4  -2   0  -1  -5  -3  -3    0   0   0 100   0   0   0   0   0   0   0   0   0   0   0   0   0   0   0   0  0.93 0.00
  198 R    -2   4  -1  -2  -3   0  -1  -3   1  -2  -2   1  -1   1  -3  -1  -1   1   5  -2    0  50   0   0   0   0   0   0   0   0   0   0   0   0   0   0   0   0  50   0  0.50 0.00
  199 V    -1  -3  -3  -4  -1  -2  -3  -4  -3   2   3  -3   2   0  -3  -2  -1  -2  -1   3    0   0   0   0   0   0   0   0   0   0  50   0   0   0   0   0   0   0   0  50  0.32 0.00
  200 N     0  -1   5   1  -2   0   0   0   0  -3  -3   0  -2  -3  -1   3   1  -3  -2  -2    0   0  50   0   0   0   0   0   0   0   0   0   0   0   0  50   0   0   0   0  0.45 0.00
  201 N    -2  -1   6   1  -3   0   0   0   1  -4  -4   0  -2  -3  -2   1   0  -4  -2  -3    0   0 100   0   0   0   0   0   0   0   0   0   0   0   0   0   0   0   0   0  0.73 0.00
  202 Y    -2  -2   0   4  -3  -1   0  -2   1  -2  -2  -1  -2   1  -2  -1  -1   0   5  -2    0   0   0  50   0   0   0   0   0   0   0   0   0   0   0   0   0   0  50   0  0.52 0.00
  203 S     1  -1   1   0  -1   0   0   0  -1  -3  -3   0  -2  -3  -1   4   1  -3  -2  -2    0   0   0   0   0   0   0   0   0   0   0   0   0   0   0 100   0   0   0   0  0.46 0.00
  204 F    -1  -2  -1  -2  -2  -2  -2  -2  -2   0   0  -2   0   5  -2   0   3   0   2   0    0   0   0   0   0   0   0   0   0   0   0   0   0  50   0   0  50   0   0   0  0.32 0.00
  205 A     3  -2  -3  -3  -1  -2  -2  -1  -2   0   2  -2   1  -1  -2   0  -1  -2  -2   0   50   0   0   0   0   0   0   0   0   0  50   0   0   0   0   0   0   0   0   0  0.20 0.00
  206 S     1  -1   0  -1  -1   0  -1  -1  -1  -2  -2   0  -1  -2  -1   3   4  -3  -2  -1    0   0   0   0   0   0   0   0   0   0   0   0   0   0   0  50  50   0   0   0  0.39 0.00
  207 R    -1   5   0  -1  -4   1   0  -2  -1  -3  -3   4  -1  -3  -2  -1  -1  -3  -2  -3    0  50   0   0   0   0   0   0   0   0   0  50   0   0   0   0   0   0   0   0  0.56 0.00
  208 N    -2   0   5   0  -3   0   0  -1   6  -4  -3   0  -2  -2  -2   0  -1  -3   0  -3    0   0  50   0   0   0   0   0  50   0   0   0   0   0   0   0   0   0   0   0  0.59 0.00
  209 I    -1  -3  -4  -3  -1  -3  -3  -4  -4   4   2  -3   1   0  -3  -3  -1  -3  -1   3    0   0   0   0   0   0   0   0   0 100   0   0   0   0   0   0   0   0   0   0  0.39 0.00
  210 D    -2  -1   5   5  -3   0   1  -1   0  -3  -4   0  -3  -4  -2   0  -1  -4  -3  -3    0   0  50  50   0   0   0   0   0   0   0   0   0   0   0   0   0   0   0   0  0.67 0.00
  211 K     0   1   0  -1  -2   1   0  -1  -1  -3  -3   3  -2  -3  -1   3   1  -3  -2  -2    0   0   0   0   0   0   0   0   0   0   0  50   0   0   0  50   0   0   0   0  0.34 0.00
  212 E    -1   0   0   2  -4   2   5  -2   0  -3  -3   1  -2  -3  -1   0  -1  -3  -2  -3    0   0   0   0   0   0 100   0   0   0   0   0   0   0   0   0   0   0   0   0  0.74 0.00
  213 D    -2  -2   1   6  -4   0   2  -1  -1  -3  -4  -1  -3  -4  -2   0  -1  -5  -3  -3    0   0   0 100   0   0   0   0   0   0   0   0   0   0   0   0   0   0   0   0  0.93 0.00
  214 E    -1  -1   1   5  -4   1   4  -2  -1  -3  -3   0  -3  -4  -1   0  -1  -4  -3  -3    0   0   0  50   0   0  50   0   0   0   0   0   0   0   0   0   0   0   0   0  0.69 0.00
  215 S     0  -1   5   1  -2   0   0   0   0  -3  -3   0  -2  -3  -1   3   1  -3  -2  -2    0   0  50   0   0   0   0   0   0   0   0   0   0   0   0  50   0   0   0   0  0.45 0.00
  216 L     0  -2  -1  -2  -1  -1  -1  -2  -2   0   2  -1   1  -1  -2   2   0  -2  -1   0    0   0   0   0   0   0   0   0   0   0  50   0   0   0   0  50   0   0   0   0  0.18 0.00
  217 N    -2  -1   6   1  -3   0   0   0   1  -4  -4   0  -2  -3  -2   1   0  -4  -2  -3    0   0 100   0   0   0   0   0   0   0   0   0   0   0   0   0   0   0   0   0  0.73 0.00
  218 E    -1  -1  -1   0  -3   1   3  -3  -1   0   1   0   4  -1  -2  -1  -1  -2  -2  -1    0   0   0   0   0   0  50   0   0   0   0   0  50   0   0   0   0   0   0   0  0.27 0.00
  219 K    -1   2   0  -1  -3   1   1  -2  -1  -3  -3   5  -1  -3  -1   0  -1  -3  -2  -2    0   0   0   0   0   0   0   0   0   0   0 100   0   0   0   0   0   0   0   0  0.52 0.00
  220 L    -1  -2  -1  -2  -1  -1  -2  -3  -2   1   3  -2   1  -1  -2   0   3  -2  -1   0    0   0   0   0   0   0   0   0   0   0  50   0   0   0   0   0  50   0   0   0  0.25 0.00
  221 K    -1   2   0  -1  -3   1   1  -2  -1  -3  -3   5  -1  -3  -1   0  -1  -3  -2  -2    0   0   0   0   0   0   0   0   0   0   0 100   0   0   0   0   0   0   0   0  0.52 0.00
  222 I     0  -2  -1  -1  -1  -1  -1  -2  -2   3   0  -1   0  -1  -2   2   1  -3  -2   1    0   0   0   0   0   0   0   0   0  50   0   0   0   0   0  50   0   0   0   0  0.16 0.00
  223 E    -1   0   0   2  -4   2   5  -2   0  -3  -3   1  -2  -3  -1   0  -1  -3  -2  -3    0   0   0   0   0   0 100   0   0   0   0   0   0   0   0   0   0   0   0   0  0.74 0.00
  224 H    -2   0   1  -1  -3   0   0  -2   8  -4  -3  -1  -2  -1  -2  -1  -2  -3   2  -3    0   0   0   0   0   0   0   0 100   0   0   0   0   0   0   0   0   0   0   0  0.87 0.01
  225 A     3  -2  -3  -3  -1  -2  -2  -1  -2   0   2  -2   1  -1  -2   0  -1  -2  -2   0   50   0   0   0   0   0   0   0   0   0  50   0   0   0   0   0   0   0   0   0  0.20 0.00
  226 K     0   1   0  -1  -2   1   0  -1  -1  -3  -3   3  -2  -3  -1   3   1  -3  -2  -2    0   0   0   0   0   0   0   0   0   0   0  50   0   0   0  50   0   0   0   0  0.34 0.00
  227 K    -1   2   0  -1  -3   4   1  -2   0  -3  -3   4  -1  -3  -1   0  -1  -3  -2  -2    0   0   0   0   0  50   0   0   0   0   0  50   0   0   0   0   0   0   0   0  0.49 0.00
  228 K    -1   2   0  -1  -3   1   1  -2  -1  -3  -3   5  -1  -3  -1   0  -1  -3  -2  -2    0   0   0   0   0   0   0   0   0   0   0 100   0   0   0   0   0   0   0   0  0.52 0.00
  229 R    -1   4   0   0  -4   2   4  -2   0  -3  -3   2  -2  -3  -2   0  -1  -3  -2  -3    0  50   0   0   0   0  50   0   0   0   0   0   0   0   0   0   0   0   0   0  0.55 0.00
  230 L    -2  -3  -4  -4  -1  -3  -3  -4  -3   3   3  -3   2   0  -3  -3  -1  -2  -1   2    0   0   0   0   0   0   0   0   0  50  50   0   0   0   0   0   0   0   0   0  0.37 0.00
  231 F    -2  -3  -3  -4  -3  -3  -3  -3  -1   0   0  -3   0   7  -4  -3  -2   1   3  -1    0   0   0   0   0   0   0   0   0   0   0   0   0 100   0   0   0   0   0   0  0.74 0.00
  232 D    -2  -2   1   6  -4   0   2  -1  -1  -3  -4  -1  -3  -4  -2   0  -1  -5  -3  -3    0   0   0 100   0   0   0   0   0   0   0   0   0   0   0   0   0   0   0   0  0.93 0.00
  233 L    -1   1  -1  -2  -2   0  -1  -3  -2   0   2   3   1  -1  -2  -1  -1  -2  -2   0    0   0   0   0   0   0   0   0   0   0  50  50   0   0   0   0   0   0   0   0  0.19 0.00
  234 Y    -2  -2  -2  -3  -3  -2  -2  -3   2  -1  -1  -2  -1   3  -3  -2  -2   2   7  -1    0   0   0   0   0   0   0   0   0   0   0   0   0   0   0   0   0   0 100   0  0.87 0.01
  235 I    -1  -1  -2   0  -2   0   3  -3  -1   2   0  -1   0  -1  -2  -1  -1  -3  -2   1    0   0   0   0   0   0  50   0   0  50   0   0   0   0   0   0   0   0   0   0  0.22 0.00
  236 N     0  -1   5   1  -2   0   0   0   0  -3  -3   0  -2  -3  -1   3   1  -3  -2  -2    0   0  50   0   0   0   0   0   0   0   0   0   0   0   0  50   0   0   0   0  0.45 0.00
  237 G     0  -3   0  -1  -3  -2  -2   6  -2  -4  -4  -2  -3  -3  -2   0  -2  -3  -3  -3    0   0   0   0   0   0   0 100   0   0   0   0   0   0   0   0   0   0   0   0  1.04 0.00
  238 S     0  -2  -1  -1  -1  -1  -1  -2  -2   3   0  -1   0  -1  -2   2   1  -3  -2   1    0   0   0   0   0   0   0   0   0  50   0   0   0   0   0  50   0   0   0   0  0.16 0.00
  239 Y    -2  -2  -2  -3  -3  -2  -2  -3   2  -1  -1  -2  -1   3  -3  -2  -2   2   7  -1    0   0   0   0   0   0   0   0   0   0   0   0   0   0   0   0   0   0 100   0  0.87 0.01
  240 E    -1   0   0   2  -4   2   5  -2   0  -3  -3   1  -2  -3  -1   0  -1  -3  -2  -2    0   0   0   0   0   0   0   0   0   0   0   0   0   0   0   0   0   0   0   0  0.00     0.00
  241 V     0  -3  -3  -3  -1  -2  -2  -3  -3   3   1  -2   1  -1  -2  -2   0  -3  -1   4    0   0   0   0   0   0   0   0   0   0   0   0   0   0   0   0   0   0   0   0  0.00     0.00
  242 S     1  -1   1   0  -1   0   0   0  -1  -2  -2   0  -1  -2  -1   4   1  -3  -2  -2    0   0   0   0   0   0   0   0   0   0   0   0   0   0   0   0   0   0   0   0  0.00     0.00
  243 E    -1   0   0   2  -4   2   5  -2   0  -3  -3   1  -2  -3  -1   0  -1  -3  -2  -2    0   0   0   0   0   0   0   0   0   0   0   0   0   0   0   0   0   0   0   0  0.00     0.00
  244 L    -1  -2  -3  -4  -1  -2  -3  -4  -3   2   4  -2   2   0  -3  -2  -1  -2  -1   1    0   0   0   0   0   0   0   0   0   0   0   0   0   0   0   0   0   0   0   0  0.00     0.00
  245 D    -2  -2   1   6  -3   0   2  -1  -1  -3  -4  -1  -3  -3  -1   0  -1  -4  -3  -3    0   0   0   0   0   0   0   0   0   0   0   0   0   0   0   0   0   0   0   0  0.00     0.00
  246 S     1  -1   1   0  -1   0   0   0  -1  -2  -2   0  -1  -2  -1   4   1  -3  -2  -2    0   0   0   0   0   0   0   0   0   0   0   0   0   0   0   0   0   0   0   0  0.00     0.00
  247 M    -1  -1  -2  -3  -1   0  -2  -3  -2   1   2  -1   5   0  -2  -1  -1  -1  -1   1    0   0   0   0   0   0   0   0   0   0   0   0   0   0   0   0   0   0   0   0  0.00     0.00
  248 M    -1  -1  -2  -3  -1   0  -2  -3  -2   1   2  -1   5   0  -2  -1  -1  -1  -1   1    0   0   0   0   0   0   0   0   0   0   0   0   0   0   0   0   0   0   0   0  0.00     0.00
  249 N    -2   0   6   1  -3   0   0   0   1  -3  -3   0  -2  -3  -2   1   0  -4  -2  -3    0   0   0   0   0   0   0   0   0   0   0   0   0   0   0   0   0   0   0   0  0.00     0.00
  250 D    -2  -2   1   6  -3   0   2  -1  -1  -3  -4  -1  -3  -3  -1   0  -1  -4  -3  -3    0   0   0   0   0   0   0   0   0   0   0   0   0   0   0   0   0   0   0   0  0.00     0.00
  251 I    -1  -3  -3  -3  -1  -3  -3  -4  -3   4   2  -3   1   0  -3  -2  -1  -3  -1   3    0   0   0   0   0   0   0   0   0   0   0   0   0   0   0   0   0   0   0   0  0.00     0.00
  252 D    -2  -2   1   6  -3   0   2  -1  -1  -3  -4  -1  -3  -3  -1   0  -1  -4  -3  -3    0   0   0   0   0   0   0   0   0   0   0   0   0   0   0   0   0   0   0   0  0.00     0.00
  253 A     4  -1  -2  -2   0  -1  -1   0  -2  -1  -1  -1  -1  -2  -1   1   0  -3  -2   0    0   0   0   0   0   0   0   0   0   0   0   0   0   0   0   0   0   0   0   0  0.00     0.00
  254 Q    -1   1   0   0  -3   5   2  -2   0  -3  -2   1   0  -3  -1   0  -1  -2  -1  -2    0   0   0   0   0   0   0   0   0   0   0   0   0   0   0   0   0   0   0   0  0.00     0.00
  255 I    -1  -3  -3  -3  -1  -3  -3  -4  -3   4   2  -3   1   0  -3  -2  -1  -3  -1   3    0   0   0   0   0   0   0   0   0   0   0   0   0   0   0   0   0   0   0   0  0.00     0.00
  256 N    -2   0   6   1  -3   0   0   0   1  -3  -3   0  -2  -3  -2   1   0  -4  -2  -3    0   0   0   0   0   0   0   0   0   0   0   0   0   0   0   0   0   0   0   0  0.00     0.00
  257 Y    -2  -2  -2  -3  -2  -1  -2  -3   2  -1  -1  -2  -1   3  -3  -2  -2   2   7  -1    0   0   0   0   0   0   0   0   0   0   0   0   0   0   0   0   0   0   0   0  0.00     0.00
  258 Y    -2  -2  -2  -3  -2  -1  -2  -3   2  -1  -1  -2  -1   3  -3  -2  -2   2   7  -1    0   0   0   0   0   0   0   0   0   0   0   0   0   0   0   0   0   0   0   0  0.00     0.00
  259 E    -1   0   0   2  -4   2   5  -2   0  -3  -3   1  -2  -3  -1   0  -1  -3  -2  -2    0   0   0   0   0   0   0   0   0   0   0   0   0   0   0   0   0   0   0   0  0.00     0.00
  260 A     4  -1  -2  -2   0  -1  -1   0  -2  -1  -1  -1  -1  -2  -1   1   0  -3  -2   0    0   0   0   0   0   0   0   0   0   0   0   0   0   0   0   0   0   0   0   0  0.00     0.00
  261 Q    -1   1   0   0  -3   5   2  -2   0  -3  -2   1   0  -3  -1   0  -1  -2  -1  -2    0   0   0   0   0   0   0   0   0   0   0   0   0   0   0   0   0   0   0   0  0.00     0.00
  262 I    -1  -3  -3  -3  -1  -3  -3  -4  -3   4   2  -3   1   0  -3  -2  -1  -3  -1   3    0   0   0   0   0   0   0   0   0   0   0   0   0   0   0   0   0   0   0   0  0.00     0.00
  263 E    -1   0   0   2  -4   2   5  -2   0  -3  -3   1  -2  -3  -1   0  -1  -3  -2  -2    0   0   0   0   0   0   0   0   0   0   0   0   0   0   0   0   0   0   0   0  0.00     0.00
  264 A     4  -1  -2  -2   0  -1  -1   0  -2  -1  -1  -1  -1  -2  -1   1   0  -3  -2   0    0   0   0   0   0   0   0   0   0   0   0   0   0   0   0   0   0   0   0   0  0.00     0.00
  265 N    -2   0   6   1  -3   0   0   0   1  -3  -3   0  -2  -3  -2   1   0  -4  -2  -3    0   0   0   0   0   0   0   0   0   0   0   0   0   0   0   0   0   0   0   0  0.00     0.00
  266 E    -1   0   0   2  -4   2   5  -2   0  -3  -3   1  -2  -3  -1   0  -1  -3  -2  -2    0   0   0   0   0   0   0   0   0   0   0   0   0   0   0   0   0   0   0   0  0.00     0.00
  267 E    -1   0   0   2  -4   2   5  -2   0  -3  -3   1  -2  -3  -1   0  -1  -3  -2  -2    0   0   0   0   0   0   0   0   0   0   0   0   0   0   0   0   0   0   0   0  0.00     0.00
  268 L    -1  -2  -3  -4  -1  -2  -3  -4  -3   2   4  -2   2   0  -3  -2  -1  -2  -1   1    0   0   0   0   0   0   0   0   0   0   0   0   0   0   0   0   0   0   0   0  0.00     0.00
  269 K    -1   2   0  -1  -3   1   1  -2  -1  -3  -2   4  -1  -3  -1   0  -1  -3  -2  -2    0   0   0   0   0   0   0   0   0   0   0   0   0   0   0   0   0   0   0   0  0.00     0.00
  270 K    -1   2   0  -1  -3   1   1  -2  -1  -3  -2   4  -1  -3  -1   0  -1  -3  -2  -2    0   0   0   0   0   0   0   0   0   0   0   0   0   0   0   0   0   0   0   0  0.00     0.00
  271 N    -2   0   6   1  -3   0   0   0   1  -3  -3   0  -2  -3  -2   1   0  -4  -2  -3    0   0   0   0   0   0   0   0   0   0   0   0   0   0   0   0   0   0   0   0  0.00     0.00
  272 K    -1   2   0  -1  -3   1   1  -2  -1  -3  -2   4  -1  -3  -1   0  -1  -3  -2  -2    0   0   0   0   0   0   0   0   0   0   0   0   0   0   0   0   0   0   0   0  0.00     0.00
  273 T     0  -1   0  -1  -1  -1  -1  -2  -2  -1  -1  -1  -1  -2  -1   1   5  -2  -2   0    0   0   0   0   0   0   0   0   0   0   0   0   0   0   0   0   0   0   0   0  0.00     0.00
  274 V     0  -3  -3  -3  -1  -2  -2  -3  -3   3   1  -2   1  -1  -2  -2   0  -3  -1   4    0   0   0   0   0   0   0   0   0   0   0   0   0   0   0   0   0   0   0   0  0.00     0.00
  275 D    -2  -2   1   6  -3   0   2  -1  -1  -3  -4  -1  -3  -3  -1   0  -1  -4  -3  -3    0   0   0   0   0   0   0   0   0   0   0   0   0   0   0   0   0   0   0   0  0.00     0.00
  276 F    -2  -3  -3  -3  -2  -3  -3  -3  -1   0   0  -3   0   6  -4  -2  -2   1   3  -1    0   0   0   0   0   0   0   0   0   0   0   0   0   0   0   0   0   0   0   0  0.00     0.00
  277 N    -2   0   6   1  -3   0   0   0   1  -3  -3   0  -2  -3  -2   1   0  -4  -2  -3    0   0   0   0   0   0   0   0   0   0   0   0   0   0   0   0   0   0   0   0  0.00     0.00
  278 S     1  -1   1   0  -1   0   0   0  -1  -2  -2   0  -1  -2  -1   4   1  -3  -2  -2    0   0   0   0   0   0   0   0   0   0   0   0   0   0   0   0   0   0   0   0  0.00     0.00
  279 L    -1  -2  -3  -4  -1  -2  -3  -4  -3   2   4  -2   2   0  -3  -2  -1  -2  -1   1    0   0   0   0   0   0   0   0   0   0   0   0   0   0   0   0   0   0   0   0  0.00     0.00
  280 E    -1   0   0   2  -4   2   5  -2   0  -3  -3   1  -2  -3  -1   0  -1  -3  -2  -2    0   0   0   0   0   0   0   0   0   0   0   0   0   0   0   0   0   0   0   0  0.00     0.00
  281 F    -2  -3  -3  -3  -2  -3  -3  -3  -1   0   0  -3   0   6  -4  -2  -2   1   3  -1    0   0   0   0   0   0   0   0   0   0   0   0   0   0   0   0   0   0   0   0  0.00     0.00
  282 R    -1   5   0  -2  -3   1   0  -2   0  -3  -2   2  -1  -3  -2  -1  -1  -3  -2  -3    0   0   0   0   0   0   0   0   0   0   0   0   0   0   0   0   0   0   0   0  0.00     0.00
  283 E    -1   0   0   2  -4   2   5  -2   0  -3  -3   1  -2  -3  -1   0  -1  -3  -2  -2    0   0   0   0   0   0   0   0   0   0   0   0   0   0   0   0   0   0   0   0  0.00     0.00
  284 K    -1   2   0  -1  -3   1   1  -2  -1  -3  -2   4  -1  -3  -1   0  -1  -3  -2  -2    0   0   0   0   0   0   0   0   0   0   0   0   0   0   0   0   0   0   0   0  0.00     0.00
  285 Q    -1   1   0   0  -3   5   2  -2   0  -3  -2   1   0  -3  -1   0  -1  -2  -1  -2    0   0   0   0   0   0   0   0   0   0   0   0   0   0   0   0   0   0   0   0  0.00     0.00
  286 L    -1  -2  -3  -4  -1  -2  -3  -4  -3   2   4  -2   2   0  -3  -2  -1  -2  -1   1    0   0   0   0   0   0   0   0   0   0   0   0   0   0   0   0   0   0   0   0  0.00     0.00
  287 Y    -2  -2  -2  -3  -2  -1  -2  -3   2  -1  -1  -2  -1   3  -3  -2  -2   2   7  -1    0   0   0   0   0   0   0   0   0   0   0   0   0   0   0   0   0   0   0   0  0.00     0.00
  288 L    -1  -2  -3  -4  -1  -2  -3  -4  -3   2   4  -2   2   0  -3  -2  -1  -2  -1   1    0   0   0   0   0   0   0   0   0   0   0   0   0   0   0   0   0   0   0   0  0.00     0.00
  289 K    -1   2   0  -1  -3   1   1  -2  -1  -3  -2   4  -1  -3  -1   0  -1  -3  -2  -2    0   0   0   0   0   0   0   0   0   0   0   0   0   0   0   0   0   0   0   0  0.00     0.00
  290 S     1  -1   1   0  -1   0   0   0  -1  -2  -2   0  -1  -2  -1   4   1  -3  -2  -2    0   0   0   0   0   0   0   0   0   0   0   0   0   0   0   0   0   0   0   0  0.00     0.00
  291 L    -1  -2  -3  -4  -1  -2  -3  -4  -3   2   4  -2   2   0  -3  -2  -1  -2  -1   1    0   0   0   0   0   0   0   0   0   0   0   0   0   0   0   0   0   0   0   0  0.00     0.00
  292 I    -1  -3  -3  -3  -1  -3  -3  -4  -3   4   2  -3   1   0  -3  -2  -1  -3  -1   3    0   0   0   0   0   0   0   0   0   0   0   0   0   0   0   0   0   0   0   0  0.00     0.00
  293 N    -2   0   6   1  -3   0   0   0   1  -3  -3   0  -2  -3  -2   1   0  -4  -2  -3    0   0   0   0   0   0   0   0   0   0   0   0   0   0   0   0   0   0   0   0  0.00     0.00
  294 K    -1   2   0  -1  -3   1   1  -2  -1  -3  -2   4  -1  -3  -1   0  -1  -3  -2  -2    0   0   0   0   0   0   0   0   0   0   0   0   0   0   0   0   0   0   0   0  0.00     0.00
  295 I    -1  -3  -3  -3  -1  -3  -3  -4  -3   4   2  -3   1   0  -3  -2  -1  -3  -1   3    0   0   0   0   0   0   0   0   0   0   0   0   0   0   0   0   0   0   0   0  0.00     0.00
  296 Y    -2  -2  -2  -3  -2  -1  -2  -3   2  -1  -1  -2  -1   3  -3  -2  -2   2   7  -1    0   0   0   0   0   0   0   0   0   0   0   0   0   0   0   0   0   0   0   0  0.00     0.00
  297 I    -1  -3  -3  -3  -1  -3  -3  -4  -3   4   2  -3   1   0  -3  -2  -1  -3  -1   3    0   0   0   0   0   0   0   0   0   0   0   0   0   0   0   0   0   0   0   0  0.00     0.00
  298 D    -2  -2   1   6  -3   0   2  -1  -1  -3  -4  -1  -3  -3  -1   0  -1  -4  -3  -3    0   0   0   0   0   0   0   0   0   0   0   0   0   0   0   0   0   0   0   0  0.00     0.00
  299 G     0  -2   0  -1  -2  -2  -2   6  -2  -4  -4  -2  -3  -3  -2   0  -2  -2  -3  -3    0   0   0   0   0   0   0   0   0   0   0   0   0   0   0   0   0   0   0   0  0.00     0.00
  300 E    -1   0   0   2  -4   2   5  -2   0  -3  -3   1  -2  -3  -1   0  -1  -3  -2  -2    0   0   0   0   0   0   0   0   0   0   0   0   0   0   0   0   0   0   0   0  0.00     0.00
  301 Q    -1   1   0   0  -3   5   2  -2   0  -3  -2   1   0  -3  -1   0  -1  -2  -1  -2    0   0   0   0   0   0   0   0   0   0   0   0   0   0   0   0   0   0   0   0  0.00     0.00
  302 V     0  -3  -3  -3  -1  -2  -2  -3  -3   3   1  -2   1  -1  -2  -2   0  -3  -1   4    0   0   0   0   0   0   0   0   0   0   0   0   0   0   0   0   0   0   0   0  0.00     0.00
  303 T     0  -1   0  -1  -1  -1  -1  -2  -2  -1  -1  -1  -1  -2  -1   1   5  -2  -2   0    0   0   0   0   0   0   0   0   0   0   0   0   0   0   0   0   0   0   0   0  0.00     0.00
  304 I    -1  -3  -3  -3  -1  -3  -3  -4  -3   4   2  -3   1   0  -3  -2  -1  -3  -1   3    0   0   0   0   0   0   0   0   0   0   0   0   0   0   0   0   0   0   0   0  0.00     0.00
  305 E    -1   0   0   2  -4   2   5  -2   0  -3  -3   1  -2  -3  -1   0  -1  -3  -2  -2    0   0   0   0   0   0   0   0   0   0   0   0   0   0   0   0   0   0   0   0  0.00     0.00
  306 W    -3  -3  -4  -4  -2  -2  -3  -2  -2  -3  -2  -3  -1   1  -4  -3  -2  10   2  -3    0   0   0   0   0   0   0   0   0   0   0   0   0   0   0   0   0   0   0   0  0.00     0.00
  307 L    -1  -2  -3  -4  -1  -2  -3  -4  -3   2   4  -2   2   0  -3  -2  -1  -2  -1   1    0   0   0   0   0   0   0   0   0   0   0   0   0   0   0   0   0   0   0   0  0.00     0.00
  308 L    -1  -2  -3  -4  -1  -2  -3  -4  -3   2   4  -2   2   0  -3  -2  -1  -2  -1   1    0   0   0   0   0   0   0   0   0   0   0   0   0   0   0   0   0   0   0   0  0.00     0.00
  309 E    -1   0   0   2  -4   2   5  -2   0  -3  -3   1  -2  -3  -1   0  -1  -3  -2  -2    0   0   0   0   0   0   0   0   0   0   0   0   0   0   0   0   0   0   0   0  0.00     0.00
  310 H    -2   0   1  -1  -3   0   0  -2   7  -3  -3  -1  -2  -1  -2  -1  -2  -2   2  -3    0   0   0   0   0   0   0   0   0   0   0   0   0   0   0   0   0   0   0   0  0.00     0.00
  311 H    -2   0   1  -1  -3   0   0  -2   7  -3  -3  -1  -2  -1  -2  -1  -2  -2   2  -3    0   0   0   0   0   0   0   0   0   0   0   0   0   0   0   0   0   0   0   0  0.00     0.00
  312 H    -2   0   1  -1  -3   0   0  -2   7  -3  -3  -1  -2  -1  -2  -1  -2  -2   2  -3    0   0   0   0   0   0   0   0   0   0   0   0   0   0   0   0   0   0   0   0  0.00     0.00
  313 H    -2   0   1  -1  -3   0   0  -2   7  -3  -3  -1  -2  -1  -2  -1  -2  -2   2  -3    0   0   0   0   0   0   0   0   0   0   0   0   0   0   0   0   0   0   0   0  0.00     0.00
  314 H    -2   0   1  -1  -3   0   0  -2   7  -3  -3  -1  -2  -1  -2  -1  -2  -2   2  -3    0   0   0   0   0   0   0   0   0   0   0   0   0   0   0   0   0   0   0   0  0.00     0.00
  315 H    -2   0   1  -1  -3   0   0  -2   7  -3  -3  -1  -2  -1  -2  -1  -2  -2   2  -3    0   0   0   0   0   0   0   0   0   0   0   0   0   0   0   0   0   0   0   0  0.00     0.00

                      K         Lambda
Standard Ungapped    0.1357     0.3182
Standard Gapped      0.0419     0.2670
PSI Ungapped         0.1368     0.3199
PSI Gapped           0.0419     0.2670
