
Last position-specific scoring matrix computed, weighted observed percentages rounded down, information per position, and relative weight of gapless real matches to pseudocounts
           A  R  N  D  C  Q  E  G  H  I  L  K  M  F  P  S  T  W  Y  V   A   R   N   D   C   Q   E   G   H   I   L   K   M   F   P   S   T   W   Y   V
    1 S    1 -1  1  0 -1  0  0  0 -1 -2 -3  0 -2 -3 -1  4  1 -3 -2 -2    0   0   0   0   0   0   0   0   0   0   0   0   0   0   0 100   0   0   0   0  0.46 0.00
    2 N   -1  0  4  1 -3  4  1 -1  1 -3 -3  1 -1 -3 -2  0  0 -3 -2 -3    0   0  50   0   0  50   0   0   0   0   0   0   0   0   0   0   0   0   0   0  0.51 0.00
    3 E   -1  0  0  2 -4  2  5 -2  0 -3 -3  1 -2 -3 -1  0 -1 -3 -2 -3    0   0   0   0   0   0 100   0   0   0   0   0   0   0   0   0   0   0   0   0  0.74 0.00
    4 F   -2 -3 -3 -4 -3 -3 -3 -3  0 -1  0 -3  0  6 -4 -2 -2  1  5 -1    0   0   0   0   0   0   0   0   0   0   0   0   0  67   0   0   0   0  33   0  0.72 0.02
    5 T   -1 -2 -2 -3 -1 -2 -2 -3 -2  1  0 -2  0  4 -2  0  2 -1  1  2    0   0   0   0   0   0   0   0   0   0   0   0   0  33   0   0  34   0   0  33  0.22 0.01
    6 Y   -2 -1  4  0 -3 -1 -1 -2  0 -2 -2 -1 -1  4 -3 -1 -1  0  4 -2    0   0  49   0   0   0   0   0   0   0   0   0   0  26   0   0   0   0  25   0  0.43 0.03
    7 S    1  3  0 -1 -2  0  0 -1 -1 -3 -3  0 -2 -3 -1  4  1 -3 -2 -2    0  25   0   0   0   0   0   0   0   0   0   0   0   0   0  75   0   0   0   0  0.42 0.03
    8 Y   -3 -2 -2 -3 -3 -2 -2 -3  6 -2 -1 -3 -1  6 -4 -2 -3  0  4 -2    0   0   0   0   0   0   0   0  35   0   0   0   0  55   0   0   0   0  10   0  0.86 0.13
    9 L   -2 -3 -4 -4 -2 -3 -4 -5 -4  2  5 -1  1 -1 -4 -3 -2 -3 -2  0    0   0   0   0   0   0   0   0   0   7  88   5   0   0   0   0   0   0   0   0  0.80 0.20
   10 F   -2 -3 -4 -4 -2 -3 -3 -4 -2  2  3 -3  0  4 -4 -3 -2  5  3  0    0   0   0   0   0   0   0   0   0  13  33   0   0  25   0   0   0  11  13   0  0.58 0.14
   11 R   -1  4 -2 -2 -3  1 -1 -3  3 -3 -2  2 -2  1 -3 -2 -2  3  4 -3    4  34   0   0   0   6   0   0   9   0   0  11   0   6   0   0   0   5  22   0  0.52 0.16
   12 M    0  1 -1  0 -2  2 -1 -2  1 -1 -1  0  3 -2 -2  1  0 -3 -2  1    9   7   0   5   0  16   0   0   5   0   0   5  16   0   0  15   5   0   0  16  0.19 0.14
   13 I    1 -3 -3 -3 -2 -2 -3 -3  1  4  0 -3  0  0 -3  1  0 -3 -2  2   18   0   0   0   0   0   0   0   5  43   3   0   0   5   0  12   3   0   0  10  0.33 0.17
   14 S    1 -2  3 -1 -2  1  1 -2 -1 -3 -3 -1 -2 -2 -2  3  2 -2  3 -2   15   0  17   0   0   5   9   0   0   0   0   0   0   0   0  27  12   0  14   0  0.37 0.18
   15 H    0  4  0 -2 -4  3  0 -3  1 -4 -4  4 -2 -4 -3 -1 -2 -4 -3 -3   10  24   4   0   0  19   0   0   4   0   0  39   0   0   0   0   0   0   0   0  0.68 0.23
   16 E    1  2 -1  1 -3  1  2 -2 -1 -1 -1  2 -2 -3  0  0 -1 -4 -3 -2   13  13   0   9   0   4  19   0   0   5   5  18   0   0   4   8   0   0   0   0  0.25 0.11
   17 M   -2  0 -3 -4 -3  0 -3 -4  1  2  0 -1  4  1 -4 -2 -2  8  1 -1    3   4   0   0   0   4   0   0   4  14   7   5  14   4   0   3   0  30   4   3  0.79 0.25
   18 K   -2  3  1  1 -3  3  0 -3 -2  0 -1  2 -2 -3 -3 -1  0  1 -2 -1    0  18   8  10   0  21   0   0   0   9   4  16   0   0   0   0   8   3   0   4  0.31 0.17
   19 Q    2  2  0 -1 -3  3 -1 -2  3 -4 -3  4 -2 -4 -2  1 -2 -4 -2 -3   18  13   3   3   0  14   0   0   8   0   0  32   0   0   0   8   0   0   0   0  0.47 0.21
   20 K   -1 -1 -1 -2 -2  1  0 -3 -2  1  2  2  2 -2 -3 -1 -1  2 -2  1    3   0   3   0   0   8   4   0   0  12  22  22   7   0   0   5   0   4   0   8  0.17 0.13
   21 A    0 -2 -2 -3 -2 -2 -1 -1 -2  2  2 -2  1  1 -3  0  0 -2  2  1    9   0   0   0   0   0   4   4   0  20  20   0   4   4   0  11   3   0  12   7  0.16 0.11
   22 D   -2  0  3  4 -3  1  2 -1 -1 -3 -3  0 -3 -4  0  0  1 -4 -3 -3    1   4  17  27   0   4  16   4   0   0   1   3   0   0   4   5  12   0   0   0  0.44 0.15
   23 Q   -2  0  1  0 -3  2  3 -2  4  0 -2  1 -2 -2  1 -1 -2 -3  1 -2    1   4   5   2   0   9  25   1  16   9   1  11   0   0   6   3   1   0   5   1  0.33 0.14
   24 K    0  2 -2 -1 -2  1  0 -3 -1  1  0  0  0  2 -2 -1 -1  2  3  1    8  13   0   2   0   7   5   1   0  11   4   3   3   8   0   4   0   3  15  11  0.13 0.09
   25 L   -1 -3 -4 -4 -2 -3 -3 -4 -3  1  5 -3  0  3 -3 -3  0 -2 -1 -1    4   0   0   0   0   0   0   1   0   6  67   0   0  13   0   1   5   0   0   0  0.65 0.22
   26 E    0  0  0  1  1  0  2  0 -2 -3 -3  4 -2 -4 -2  1 -1 -4 -3 -1    7   0   4   7   4   0  13   5   0   0   0  44   0   0   0  11   0   0   0   5  0.40 0.18
   27 Q    0  0 -2  1 -4  2  2 -1 -2 -4 -4  1 -3 -4  5 -1 -1 -4 -3 -3    8   3   0   8   0  11  12   4   0   0   0  11   0   0  37   0   4   0   0   0  0.72 0.20
   28 F   -3 -1 -3 -3 -3 -1 -3 -4  4 -1  2 -1 -1  4  0 -3 -3 -1  5 -2    0   3   0   0   0   3   0   0  12   0  24   5   0  22   4   0   0   0  24   0  0.53 0.20
   29 D   -1 -2  2  5 -4  0  1  2  1 -4 -5  0 -4 -4 -3 -1 -2 -5 -3 -4    5   0  12  42   0   4  10  19   4   0   0   5   0   0   0   0   0   0   0   0  0.67 0.21
   30 I   -3 -4 -5 -5 -3 -4 -4 -5 -4  4  4 -4  0  0 -4 -4 -2 -3  0  1    0   0   0   0   0   0   0   0   0  33  56   0   0   3   0   0   0   0   4   4  0.84 0.27
   31 T   -2 -3  4 -2 -3 -2 -2 -1 -2 -3 -4 -2 -3 -3 -3  2  5 -4  1 -3    0   0  22   0   0   0   0   4   0   0   0   0   0   0   0  12  56   0   5   0  0.88 0.33
   32 N    0  1  1 -2 -3  2  0 -3  2  0 -2  0 -2 -1  1  0  0  2  3 -1    6   8   6   0   0  15   6   0   7   8   0   3   0   0   7   6   6   4  13   4  0.19 0.12
   33 E    0 -1  1 -2 -2 -2 -1  1 -2 -1 -1 -2 -2 -3  2  1  4 -4 -3  0    9   3   8   0   0   0   3  10   0   3   4   0   0   0  10  10  34   0   0   7  0.30 0.16
   34 Q   -1  1 -2 -2 -4  5  3 -1  5 -4 -2  0 -2 -4 -3 -1 -2 -4 -2 -1    4   7   0   0   0  39  17   5  16   0   3   3   0   0   0   2   0   0   0   4  0.64 0.26
   35 G   -3 -4 -4 -5 -4 -3 -4  0  4 -3 -1 -4 -2  5 -5 -4 -4  7  5 -3    0   0   0   0   0   0   0  10  12   0   3   0   0  34   0   0   0  18  24   0  1.21 0.32
   36 H    0  0 -2  0 -2 -1 -1 -3  3  1  1  0  2  0 -3  0 -1 -3 -1  2    6   4   0   6   0   0   3   0  11   9  14   7   9   4   0   6   0   0   0  22  0.13 0.11
   37 T    0 -3 -3 -4 -2 -3 -3 -1 -3  3  1 -3 -1 -2 -3 -2  2 -3  0  3    9   0   0   0   0   0   0   4   0  24  10   0   0   0   0   0  21   0   4  27  0.38 0.18
   38 L   -3 -4 -5 -5 -3 -4 -5 -5 -5  1  5 -4  3 -1 -1 -4 -3 -3 -3 -1    0   0   0   0   0   0   0   0   0   6  84   0   7   0   3   0   0   0   0   0  1.11 0.33
   39 G    0  1 -1 -2  2  0  0  0  3 -1  0  0  0  0 -2 -1  0 -1  2  0    6  11   1   1   7   4   4   7  14   4   7   4   3   4   1   1   6   0   9   5  0.09 0.07
   40 Y    0  0  2  1  0  0 -1 -2 -1  0  0  0 -1  0 -2  0  1  3  1 -1    8   5  12   7   3   4   1   1   0   7  13   5   0   4   1   6   9   6   6   1  0.06 0.05
   41 L   -3 -4 -5 -5 -3 -4 -5 -5 -4  5  4 -4  3 -1 -4 -4 -3  4 -2  0    0   0   0   0   0   0   0   0   0  43  42   0   8   0   0   0   0   7   0   0  0.91 0.29
   42 Y    1  2 -2 -3 -3 -1 -1 -3  3  1 -2 -1 -2  1 -3 -1 -1  4  5 -2   14  15   0   1   0   0   4   1   9  10   1   1   0   6   0   3   2   6  26   1  0.39 0.17
   43 A    1  0  0  1  2  0  1 -1  0  0 -1  0  0 -2 -2  0  1 -2 -1  0   13   7   2  10   7   4  11   4   3   8   1   4   2   0   1   5  11   0   2   4  0.08 0.05
   44 H    0  1  1 -1 -3  2  1 -1  5 -2 -1 -1  0 -1 -2  0 -2  2  2 -2    8  11   8   0   0   9   9   3  21   3   4   0   3   0   0   4   0   4  10   1  0.28 0.13
   45 Q   -1  0  0 -1 -3  2  1  3  0 -2  1  0 -1 -2 -2 -1 -2 -2 -2 -1    1   5   4   3   0  14   8  32   2   1  19   4   0   1   1   1   1   0   0   3  0.25 0.11
   46 Q    0 -1  0  2 -2  1  1 -2 -2 -2 -1  0 -2 -1  4  0 -1 -3 -2 -2    9   1   4  11   0   9  12   1   0   1   6   4   0   3  28   7   1   0   1   1  0.43 0.12
   47 D   -1 -1  0  1 -3  1  1 -2  3 -3 -3  0 -2 -3  5  0  1 -3 -2 -2    3   1   4   8   0   5  11   1  11   1   2   4   0   1  30   4  11   0   1   1  0.51 0.13
   48 G    0  0 -1  0  3 -1  1  3 -2 -3 -3  1 -2 -3  0  0  0 -3 -2 -2    8   4   1   4   9   1  11  29   0   1   2  11   0   1   5   8   4   0   1   1  0.26 0.09
   49 L    0 -2 -3 -3  1  2 -2 -3 -3  3  3 -2  2 -1 -3 -2 -2 -3 -2  0    9   0   0   0   4  13   0   0   0  22  39   0   6   0   0   0   0   0   0   3  0.38 0.17
   50 T   -1 -2  1 -2 -3  1  0 -2 -2 -1 -3 -2 -3 -4 -3  4  4 -4 -3 -2    0   0   7   0   0   6   7   0   0   4   0   0   0   0   0  44  32   0   0   0  0.66 0.28
   51 Q   -2 -2 -3 -3 -3  5 -1 -4 -2  3 -1 -1 -1 -3  3 -2 -1 -4 -3  0    0   0   0   0   0  43   0   0   0  23   3   0   0   0  17   0   4   0   0   7  0.71 0.28
   52 N    0  0  0 -2 -2 -1  0 -1 -2  1 -1  2  0 -2 -2  2  1 -3 -2  0    4   4   3   0   0   0   5   4   0  16   1  19   3   0   0  25   7   0   0   8  0.17 0.12
   53 D    0 -1 -1  2 -4  3  4 -3 -2 -4 -4  3 -3 -4 -2 -1  0 -4 -3 -3    7   0   0  11   0  15  36   0   0   0   0  21   0   0   0   2   6   0   0   0  0.61 0.22
   54 I   -3 -4 -5 -5 -3 -4 -5 -5 -5  4  5 -4  1 -1 -5 -4 -3 -4 -3  0    0   0   0   0   0   0   0   0   0  34  63   0   3   0   0   0   0   0   0   0  1.02 0.31
   55 A    4 -2 -2 -3 -2 -1 -2  2 -3  1 -1 -1 -2 -3 -2  2 -1  1 -3 -1   47   0   0   0   0   3   0  13   0  10   4   4   0   0   0  14   0   3   0   3  0.40 0.20
   56 K   -1  0  0 -1  0  1  3 -1  1 -3 -3  4  0 -4 -2  1 -2 -4 -3 -2    2   2   3   0   3   4  20   4   3   0   0  40   4   0   0  12   0   0   0   3  0.45 0.20
   57 A    2  2 -2 -3 -3  0  0 -2 -2 -2 -1  2  1  2 -3  0 -1 -3  0  0   30  16   0   0   0   3   4   0   0   0   4  14   4  11   0   4   0   0   3   8  0.23 0.15
   58 L   -1 -1 -3 -3 -2 -2 -3  0 -3  2  3 -3  2 -1 -3  0  0 -3 -2  2    3   3   0   0   0   0   0   8   0  17  32   0   7   0   0   9   3   0   0  17  0.28 0.14
   59 Q    0 -2  1  0 -3  1 -1  2 -2 -1 -1  0  0  1 -3  0  0 -2  1  0    6   0   8   7   0  10   0  23   0   0   3   4   3   7   0   4   7   0   6  12  0.14 0.10
   60 R   -2 -2 -4 -4 -2 -3 -3 -4 -4  3  2 -3  3  1 -4 -1 -1 -3 -2  3    0   3   0   0   0   0   0   0   0  25  24   0   8   4   0   6   3   0   0  27  0.44 0.17
   61 T   -1 -2  1  4 -3 -1  2 -2  3 -3 -4  0 -3 -4 -2  1  2 -4 -3 -2    4   0   5  27   0   0  18   0   8   0   0   4   0   0   0  10  20   0   0   3  0.48 0.19
   62 G   -1  2  0 -2  1  3 -1 -1 -2 -1 -1  2 -2 -3  1  1  0 -4 -3  0    3  15   3   0   4  19   0   3   0   3   4  13   0   0   8  16   4   0   0   8  0.23 0.14
   63 P    2 -3 -2 -2 -3  0 -2  2 -3 -3 -3 -2  0 -4  4  2  1 -4 -3 -3   20   0   0   0   0   4   0  20   0   0   0   0   3   0  21  22  12   0   0   0  0.54 0.20
   64 T    1 -3  2 -2 -3 -2 -2 -1 -3 -3 -3 -2  0 -4 -3  3  5 -4 -3 -2   10   0  10   0   0   0   0   3   0   0   0   0   3   0   0  23  50   0   0   0  0.72 0.29
   65 V    2 -3 -4 -4 -2 -3 -3 -3 -4  3  3 -3  0 -2 -3 -2  0 -3 -2  2   22   0   0   0   0   0   0   0   0  17  36   0   0   0   0   0   7   0   0  18  0.43 0.19
   66 S    0  0  0 -3 -2 -2 -2 -3 -3 -1 -2 -2 -2  1 -3  1  5 -4 -2  2    8   6   4   0   0   0   0   0   0   0   0   0   0   8   0  12  47   0   0  16  0.50 0.24
   67 N   -2  5  2  0 -4 -1  0  0 -2 -4 -4  1 -3 -4  2 -1 -1 -4 -1 -4    0  44  15   4   0   0   6   6   0   0   0   6   0   0  10   3   4   0   3   0  0.60 0.22
   68 L    0 -1 -3 -4 -2 -2 -3 -3  0  2  2 -2  4  1 -3 -2  2 -3 -1  2    8   3   0   0   0   0   0   0   3  10  17   0  17   8   0   0  18   0   0  17  0.30 0.16
   69 L   -1 -3 -4 -4 -2 -3 -4 -4 -4  3  4 -3  0 -1 -4  0  1 -3 -2  1    3   0   0   0   0   0   0   0   0  17  54   0   0   0   0   8   8   0   0   9  0.54 0.21
   70 R   -1  2  1  5 -5 -1  0 -3 -2 -4 -4  4 -3 -5 -3 -2 -1 -5 -4 -4    3   9   7  40   0   0   3   0   0   0   0  34   0   0   0   0   3   0   0   0  0.80 0.27
   71 N   -1  4  0 -2 -4  3  0 -1  1 -1 -3  3 -2  0 -3 -1  1 -3 -2 -3    3  25   3   0   0  19   3   3   4   4   0  23   0   4   0   0  10   0   0   0  0.43 0.19
   72 L   -3 -4 -5 -6 -3 -4 -5 -6 -5  0  6 -4  4 -1 -5 -4 -3 -4 -3 -1    0   0   0   0   0   0   0   0   0   0  90   0  10   0   0   0   0   0   0   0  1.32 0.38
   73 E   -1 -2 -2 -1 -5  1  6 -4 -2  0 -3  0 -3 -4 -3 -2 -3 -4  0 -2    3   0   0   0   0   4  76   0   0   7   2   3   0   0   0   0   0   0   4   2  1.10 0.36
   74 R   -1  2  0  1  1  2  3 -3 -2 -4 -3  4  0 -4 -2  0 -2 -4 -3 -3    3   9   3   7   4   9  25   0   0   0   0  32   4   0   0   4   0   0   0   0  0.51 0.20
   75 K   -1  3  2  1 -4  2  1 -3 -2 -4 -4  4 -3 -4 -3 -1 -1 -4 -3 -4    5  20  12   7   0   7   7   0   0   0   0  41   0   0   0   0   2   0   0   0  0.63 0.23
   76 K   -2 -3 -1  0 -4  0  0  6 -3 -5 -5 -1 -4 -5 -4  0 -3 -4 -5 -5    0   0   2   5   0   4   7  75   0   0   0   4   0   0   0   5   0   0   0   0  1.20 0.32
   77 L   -3 -4 -5 -5 -3 -4 -4 -5 -2 -1  4 -4  1  4 -5 -4 -3  6  4 -2    0   0   0   0   0   0   0   0   0   0  45   0   3  20   0   0   0  12  19   0  0.96 0.29
   78 I   -2 -4 -5 -5  1 -4 -4 -5 -5  5  2 -4  2 -2 -4 -4 -2 -4 -3  4    0   0   0   0   4   0   0   0   0  45  14   0   4   0   0   0   0   0   0  34  0.82 0.26
   79 Y   -1  2  0 -1 -3  2  3 -3 -2 -1 -2  1 -2 -3 -2  1  2 -3 -1  1    0  11   4   0   0  12  22   0   0   3   0   6   0   0   0  10  17   0   3  12  0.29 0.16
   80 R   -3  7 -2 -4 -5 -1 -2 -4 -2 -4 -2  2 -3  1 -4 -1 -3 -4 -3 -2    0  74   0   0   0   0   0   0   0   0   3   8   0   8   0   4   0   0   0   3  1.24 0.37
   81 Y   -1  2 -1  0 -2  0  1 -2  3 -2  0  0  1 -2 -2  2  1 -2  1 -1    0  13   1   3   0   3  10   0   9   0   9   3   5   0   0  22  10   0   7   4  0.17 0.11
   82 V   -2  3  0  1 -3  0  0 -3  2  0 -2  2 -2 -3  3 -1  1 -4 -2  0    0  19   3   8   0   3   3   0   6   7   0  15   0   0  14   0  12   0   0   8  0.29 0.13
   83 D   -1  0  2  3  4  0  1 -1  1 -2 -3  0 -3 -4 -2  2 -1 -4 -3 -3    0   5  11  24  13   3   8   4   3   3   0   6   0   0   0  20   0   0   0   0  0.38 0.16
   84 A    0  1  0  0 -3  0  2 -1 -2 -2 -1  0 -2 -3  5  0  0 -4 -3 -2   10   8   4   3   0   2  15   3   0   2   9   5   0   0  30   3   7   0   0   1  0.44 0.15
   85 Q    0  1  4  1 -4  3  3  0  1 -4 -4  0 -3 -4 -3  0 -1 -4 -3 -3    7   7  23   8   0  15  20   6   4   0   0   5   0   0   0   2   3   0   0   0  0.43 0.17
   86 D   -4 -4  1  8 -6 -3 -1 -4 -3 -6 -6 -3 -5 -6 -4 -2 -3 -7 -5 -6    0   0   4  96   0   0   0   0   0   0   0   0   0   0   0   0   0   0   0   0  2.11 0.49
   87 T   -3  5  0 -2 -5  0  1 -4 -2 -5 -4  5 -3 -4 -3 -2 -1  2 -3 -4    0  44   3   0   0   0  10   0   0   0   0  38   0   0   0   0   3   3   0   0  0.98 0.31
   88 R   -4  8 -3 -4 -6 -1 -2 -5 -3 -5 -5  2 -4 -5 -4 -3 -3 -5 -4 -5    0  93   0   0   0   0   0   0   0   0   0   7   0   0   0   0   0   0   0   0  1.95 0.48
   89 R    1  1  2 -1  1  0  1 -1 -1  0 -1  0 -1 -3 -2  1  1 -3 -2  0   15   9  16   0   3   3   9   4   0  11   4   6   0   0   0   8   9   0   0   4  0.12 0.09
   90 K   -2  1 -2 -3 -3 -1 -2 -4 -3  0  0  4 -1 -2 -3 -2  1 -4  0  3    0   7   0   0   0   0   0   0   0   3  10  32   0   0   0   0  11   0   3  33  0.39 0.21
   91 N   -2  2  0 -3  1  1 -2 -3  2 -1  1  1  1  2 -3 -1 -1  3  3 -2    0  16   5   0   3   7   0   0   7   3  15   9   4  10   0   3   3   4  11   0  0.20 0.12
   92 I   -1 -4 -5 -5 -3 -4 -4 -5 -5  5  2 -4  0 -2 -4 -4 -2 -4 -3  3    3   0   0   0   0   0   0   0   0  54  20   0   0   0   0   0   0   0   0  23  0.88 0.27
   93 G   -1  0 -1 -1 -3  2  1 -1  4 -3 -3  2 -1  0 -2  2  1  2 -1 -2    2   3   0   2   0  14   8   3  14   0   0  13   2   4   0  20  10   3   0   3  0.28 0.15
   94 L   -3 -4 -5 -5 -3 -4 -5 -5 -5  1  6 -4  2 -1  0 -4 -3 -4 -3 -1    0   0   0   0   0   0   0   0   0   4  89   0   3   0   4   0   0   0   0   0  1.18 0.35
   95 T   -2 -3 -2 -3 -3 -3 -3 -4 -4 -3 -2 -3 -3 -4 -3  0  7 -5 -4 -2    0   0   0   0   0   0   0   0   0   0   4   0   0   0   0   4  93   0   0   0  1.60 0.47
   96 T   -1 -2 -2  3 -4  0  5 -3 -2 -4 -4  0 -3 -5  3  0  1 -5 -4 -4    3   0   0  16   0   0  50   0   0   0   0   3   0   0  13   4  10   0   0   0  0.80 0.27
   97 S   -1  0 -1  1 -4  2  3 -1 -2 -2 -3  3 -1 -4  0  2 -1 -4 -3 -3    1   2   1   6   0  10  27   3   0   3   1  25   1   0   3  18   0   0   0   0  0.43 0.19
   98 G    1 -4 -2 -3 -4 -4 -4  7 -4 -5 -5 -3 -4 -5 -4 -1 -3 -5 -5 -5   13   0   0   0   0   0   0  85   0   0   0   0   0   0   0   2   0   0   0   0  1.61 0.38
   99 I    1  2  0  0 -3  0  3 -1  2 -1 -2  2  1 -1 -3 -1 -1 -4 -2 -1   12  10   3   2   0   0  28   3   6   5   0  18   4   3   0   1   2   0   0   3  0.27 0.16
  100 K    1  0  0  0 -3  1  3 -1 -2 -3 -2  2 -2 -1  2 -1 -2 -4 -3 -3   18   4   4   4   0   7  26   4   0   0   3  13   0   4  12   1   0   0   0   0  0.34 0.17
  101 L    1  0 -3 -4 -2 -3 -3 -4 -3  3  2 -1  0  1 -3 -2 -2 -3  0  2   13   6   0   0   0   0   0   0   0  25  23   5   0   8   0   0   0   0   3  16  0.30 0.16
  102 V   -1 -3 -4 -4  1 -3 -3 -4 -3  4  2  0  0  1 -4 -3 -2 -2  2  1    4   0   0   0   4   0   0   0   0  34  24   9   0   7   0   0   0   0  10   6  0.41 0.19
  103 E    0  1  1  1 -4  2  4 -3 -2 -3 -2  0 -1 -4  1 -1 -1  0 -3 -3    7   6   6   7   0  11  40   0   0   0   4   2   2   0   7   3   3   2   0   0  0.47 0.20
  104 A    1  2 -2 -1 -3  3  3 -2 -2 -2 -2  2 -2 -3  0  0 -1 -4 -3 -2   14  13   0   0   0  13  23   0   0   3   4  15   0   0   4   6   2   0   0   0  0.34 0.17
  105 F    1 -3 -3 -4  2 -3 -3 -3 -3  2  2 -3  3  1 -3 -1 -1 -3 -2  2   16   0   0   0   4   0   0   0   0  11  25   0  10   6   0   3   2   0   0  22  0.32 0.16
  106 T    0  0  1 -1  1  0  0 -3  1  1  1  0  0 -1 -3 -1  0 -2  1  0    6   4   8   3   3   2   6   0   4  14  19   5   2   0   0   2   8   0   7   6  0.05 0.07
  107 S   -1  0  1  0 -3  1  2 -1 -2 -2 -1  0 -2 -4  4  0 -1 -4 -3 -1    3   5   6   5   0   8  19   4   0   0   8   3   0   0  25   4   4   0   0   6  0.40 0.16
  108 I    0 -1  0  0  1  0  2 -3  0  2 -1  0 -1 -2  0 -1 -1 -4 -2  2   10   2   4   3   3   4  19   0   3  21   2   6   0   0   3   2   2   0   0  16  0.15 0.13
  109 F   -1  0 -2 -3 -3  1 -2  0  2  1 -1 -1  0  2 -1  0 -1 -2  2  1    3   7   0   0   0  11   0   8   6  14   3   3   3  13   2   6   0   0   9  12  0.11 0.11
  110 D    0  0  1  2 -1  2  2 -2  3 -2 -1  0  0 -3 -2  1 -1 -3 -2 -1    7   3   4  17   1  15  12   1   8   0   6   4   3   0   0  13   0   0   0   4  0.24 0.13
  111 E   -1  1  0  1 -3  2  1 -2  2 -2 -1  3  0 -3  2  0  0 -3 -2 -2    3   6   3   7   0  13   9   0   5   1   5  23   2   0   9   7   3   0   0   1  0.27 0.13
  112 M   -1 -1 -1 -3  1 -1 -2 -1 -2  1  1 -2  2  2 -3  0  2 -2  2  1    0   4   3   0   3   3   0   4   0  12  11   0   6   9   0   8  19   0   8   9  0.13 0.11
  113 E   -1  2 -1  1 -3  1  1 -1  1  0  0  0  0  0 -2  0  0 -3 -1 -1    0  19   0  10   0   6  12   4   4   7  12   2   3   6   0   6   7   0   0   0  0.12 0.09
  114 Q    0  1  2  1 -2  3  2 -1  1 -3 -3  1 -2 -3  0  0  0 -3 -1 -3    8   6  15   5   1  19  17   2   3   0   0   9   0   0   3   6   4   0   2   0  0.32 0.15
  115 T    1  0 -1  2 -3  1  4  1 -2 -3 -2 -1 -2 -4 -2  0 -1 -4 -3 -1   13   4   0  12   0   3  38  11   0   0   4   0   0   0   0   7   3   0   0   4  0.40 0.19
  116 L    0 -3 -3 -4 -2 -3 -3 -4 -3  2  2 -3  3  3 -3 -1 -1 -2 -1  2    8   0   0   0   0   0   0   0   0  17  22   0  10  18   0   3   3   0   0  16  0.38 0.17
  117 V   -2 -3 -3 -4 -3 -3 -3 -4 -2  1  3 -3  1  4 -3 -1 -1  5  2  0    1   0   0   0   0   0   0   1   0   7  30   0   3  27   0   4   5   8   6   7  0.49 0.18
  118 S    2 -1  1  0 -2  0  1  2 -1 -3 -2  1 -2 -1 -2  2 -1 -3 -1 -2   20   0   6   5   0   4   7  13   1   0   4   9   0   4   0  24   0   0   1   0  0.22 0.13
  119 Q    0  1  2  1 -3  0 -2  4 -2 -4 -4  1 -3 -4 -1  0 -2 -4 -1 -4    9  10  14   8   0   3   0  37   0   0   0   7   0   0   3   7   0   0   2   0  0.48 0.19
  120 L    0 -3 -4 -4 -2 -3 -4 -4 -4  3  3 -3  1  3 -4 -1 -1 -3 -1  1    9   0   0   0   0   0   0   0   0  19  39   0   3  13   0   3   3   0   0  10  0.45 0.19
  121 S   -1  0  1  0 -3  0 -2 -3 -2 -3 -1 -2  2 -3 -3  4  4 -4 -3 -2    0   4   8   4   0   5   0   0   0   0   7   0   6   0   0  38  29   0   0   0  0.52 0.27
  122 E    1 -1  0  1  0  1  1 -1  0 -2 -3  1 -2 -3  3  0  1 -4 -3 -2   16   1   4   9   2   7  11   3   2   3   0  10   0   0  15   5   9   0   0   1  0.26 0.12
  123 E   -1 -1  0  4 -4  1  5 -1 -2 -4 -4  0 -3 -5 -3  0 -1 -5 -4 -4    3   2   4  24   0   5  44   4   0   0   0   4   0   0   0   8   3   0   0   0  0.70 0.24
  124 E   -3 -2 -2  0 -6  2  7 -4 -2 -5 -5 -1 -4 -5 -3 -1 -3 -4  0 -5    0   0   0   3   0   9  81   0   0   0   0   0   0   0   0   3   0   0   4   0  1.43 0.43
  125 N   -1  2  1 -2  0  2  0 -1 -2  1  0  2 -1 -2 -2  0  0 -3 -2  0    3  11   7   0   3  13   3   4   0  10   7  20   0   0   0   4   4   0   0  10  0.14 0.10
  126 E    0  0 -1  3 -4  3  3 -1 -2 -2 -3  1 -2 -4 -2  0 -1 -4 -3 -1   11   4   0  19   0  15  27   4   0   1   0   8   0   0   0   5   3   0   0   4  0.42 0.17
  127 Q    0 -1  0  0 -3  2  0 -3  1  0  1  0  0  0 -3 -1  2  0  0 -1    7   0   6   6   0  17   6   0   3   8  16   3   3   3   0   0  18   1   4   0  0.13 0.12
  128 M   -3 -4 -4 -5 -3 -3 -2 -5 -4  2  4 -4  3  4 -4 -4 -3 -2 -1 -1    0   0   0   0   0   0   4   0   0  11  55   0  11  19   0   0   0   0   0   0  0.76 0.26
  129 K    0  1  0 -1 -2  1  2 -3 -2  1  0  1  1 -2 -2  1  0 -3 -2  0    4   8   3   0   0   4  17   0   0  15   9  12   3   0   0  13   5   0   0   7  0.13 0.10
  130 A    1 -1  2  1 -3  2  1  1  1 -2 -2  1 -2 -2 -2 -1  0 -3  1  0   15   0  10   8   0  12   7  10   5   0   1  11   0   0   0   0   4   0   8   9  0.16 0.11
  131 N   -2 -3  0 -1 -3 -3 -3 -4 -3  3  4 -3  2 -1 -4 -1  0 -3 -2  0    0   0   6   3   0   0   0   0   0  17  52   0   6   0   0   7   4   0   0   4  0.48 0.21
  132 L   -1 -3 -2 -4 -2 -3 -3 -4 -3  3  4 -1  0  1 -4 -2 -1 -3 -2  1    4   0   3   0   0   0   0   0   0  21  47   4   0   8   0   3   3   0   0   8  0.42 0.18
  133 T    1  3  0 -1 -3  1  0  0  1 -3 -3  2  0 -3 -2  1  0 -4 -2 -1   12  22   4   1   0   5   2   9   5   0   0  20   4   0   0   9   4   0   0   4  0.26 0.13
  134 K   -1  3  1 -2 -4 -1 -1 -3  1 -4 -3  5  0 -4 -3  0 -2 -4 -3 -1    4  20   6   0   0   0   0   0   3   0   0  56   3   0   0   4   0   0   0   4  0.78 0.29
  135 M   -3 -4 -4 -5 -3 -3 -4 -5 -4  1  4 -4  5  2 -4 -4 -2 -3 -2  2    0   0   0   0   0   0   0   0   0   2  47   0  24   9   0   0   0   0   0  18  0.77 0.26
  136 L    0  1 -3 -3 -2  0  0 -3 -2  1  3 -1  2 -1 -3 -2 -1 -2  1  1    6  12   0   0   0   6   6   0   0  10  39   0   6   0   0   0   0   0   6   9  0.21 0.10
  137 S    1 -1  2  2 -2 -1 -1  0  2 -3 -3  0 -2 -3 -2  3  1 -4 -2 -2    9   0  13  14   0   0   0   7   8   0   0   8   0   0   0  30  12   0   0   0  0.32 0.11
  138 S    0  1  4  1 -3  0  1 -1  2 -3 -1 -1 -2 -3 -2  1 -1 -4 -2 -3    7   7  40   8   0   0   8   0   7   0   8   0   0   0   0  15   0   0   0   0  0.38 0.11
  139 L   -2 -3 -4 -4 -2 -3 -4 -4 -3  3  4 -3  3  0 -3 -3 -2 -2 -2  1    0   0   0   0   0   0   0   0   0  31  58   0  11   0   0   0   0   0   0   0  0.56 0.11
  140 Q   -1  1  0  0 -4  3  4 -2  4 -3 -3  2 -2 -3 -2  0 -1 -3 -1 -3    0   0   0   0   0  19  40   0  20   0   0  21   0   0   0   0   0   0   0   0  0.51 0.04

                      K         Lambda
Standard Ungapped    0.1281     0.3136
Standard Gapped      0.0389     0.2670
PSI Ungapped         0.1272     0.3178
PSI Gapped           0.0389     0.2670
