
Last position-specific scoring matrix computed, weighted observed percentages rounded down, information per position, and relative weight of gapless real matches to pseudocounts
            A   R   N   D   C   Q   E   G   H   I   L   K   M   F   P   S   T   W   Y   V   A   R   N   D   C   Q   E   G   H   I   L   K   M   F   P   S   T   W   Y   V
    1 G     0  -2   0  -1  -2  -2  -2   5  -2  -4  -4  -2  -3  -3  -2   0  -2  -2  -3  -3    0   0   0   0   0   0   0   0   0   0   0   0   0   0   0   0   0   0   0   0  0.00     0.00
    2 S     1  -1   1   0  -1   0   0   0  -1  -2  -2   0  -1  -2  -1   4   1  -3  -2  -2    0   0   0   0   0   0   0   0   0   0   0   0   0   0   0   0   0   0   0   0  0.00     0.00
    3 H    -2   0   1  -1  -3   0   0  -2   8  -3  -3  -1  -2  -1  -2  -1  -2  -3   2  -3    0   0   0   0   0   0   0   0 100   0   0   0   0   0   0   0   0   0   0   0  0.85 0.00
    4 M    -1  -2  -3  -4  -1  -2  -3  -4  -3   2   3  -2   4   0  -3  -2  -1  -2  -1   1    0   0   0   0   0   0   0   0   0   0  51   0  36   0   0   0   0   0   0  13  0.37 0.02
    5 G     1  -2   3  -1  -2  -1  -2   5  -1  -3  -3  -1  -2  -3  -2   0  -1  -3  -3  -3   18   0  24   0   0   0   0  57   0   0   0   0   0   0   0   0   0   0   0   0  0.60 0.03
    6 H    -2  -1   4  -1  -3   2   0  -2   7  -3  -3  -1  -2  -1  -3  -1  -1  -2   3  -3    0   0  28   0   0  17   0   0  43   0   0   0   0   0   0   0   0   0  12   0  0.64 0.08
    7 W    -4  -4  -5  -6  -4  -3  -4  -4  -4  -4  -3  -4  -2   2  -5  -4  -4  12   1  -4    0   0   0   0   0   0   0   0   0   0   0   0   0   9   0   0   0  91   0   0  2.94 0.26
    8 S     1   2   0  -1  -2   1  -1  -2  -1  -1  -2   0  -1  -3  -2   3   0  -3  -2   1    7  17   3   0   0   9   0   0   0   0   0   0   0   0   0  43   0   0   0  21  0.27 0.10
    9 Q    -2  -1  -1   1  -3   3   1  -3   0  -2   0  -1  -1   0  -3   0  -2   0   5  -2    0   0   0   8   0  25   9   0   0   0  10   0   0   0   0   7   0   0  41   0  0.45 0.12
   10 G     3  -2   3   0  -3  -2   0   4  -2  -4  -4  -2  -3  -4  -2   0  -1  -4  -3  -3   35   0  20   5   0   0   5  35   0   0   0   0   0   0   0   0   0   0   0   0  0.56 0.17
   11 L    -3   0  -3  -3   2  -1  -2  -4  -3   0   3   5  -1   0  -3  -3  -3  -4  -3  -2    0   2   0   0   5   0   0   0   0   6  31  51   0   4   0   0   0   0   0   0  0.65 0.29
   12 K    -3  -3  -4  -5  -4  -3  -4  -2   0   6   1   3  -1  -3  -4  -4  -3  -5  -3   0    0   0   0   0   0   0   0   3   3  65  10  19   0   0   0   0   0   0   0   0  0.94 0.39
   13 I     1  -3  -1   0  -3  -3  -1  -4  -4   5   0  -2   0  -2  -1  -1  -2  -4  -3   2   16   0   4   5   0   0   4   0   0  45   4   2   1   0   3   4   0   0   0  11  0.40 0.24
   14 S     0   2   2   1  -3   1   0  -2  -1  -2  -3   3  -2  -2  -3   1  -1  -3   2  -3   10  14   9   6   0   6   4   2   0   3   0  21   0   0   0  13   2   0  10   0  0.29 0.17
   15 M    -1   3  -2  -3  -4  -1  -2   3  -1  -1  -3   3   3  -1  -3  -1  -2  -4  -3  -1    3  21   0   0   0   0   0  28   2   5   0  23  10   3   0   2   0   0   0   4  0.47 0.25
   16 Q     0  -1   0   1  -4   3   5  -3  -2  -1  -3   0   0  -4  -3   1   0  -4  -3  -3    9   2   5   4   0  13  42   0   0   5   2   2   3   0   0  10   3   0   0   0  0.53 0.26
   17 D    -1  -3  -2   2  -3  -2   2  -4   0   4   1   0  -1  -3  -3   0  -1  -4  -3   0    2   0   0  16   0   0  13   0   2  34  11   6   0   0   0  10   2   0   0   3  0.30 0.21
   18 P    -1  -5  -4  -2  -5  -4  -2  -3  -1  -5  -5  -4  -5  -6   8  -2  -2  -6  -5  -2    5   0   0   1   0   0   2   2   2   0   0   0   0   0  80   2   2   0   0   4  2.13 0.56
   19 K     2  -1  -2   1   4  -1   2   1  -3  -4  -4   0  -3  -4  -3   2   0  -4  -4  -3   23   2   0   9  11   0  15  12   0   0   0   5   0   0   0  19   4   0   0   0  0.39 0.22
   20 M    -1   2   1   1  -3   0   1  -3   0  -1  -1   2   1  -1  -2   0   1  -3   0   0    3  11   7   8   0   3   7   0   2   2   4  14   6   2   0   4  13   0   5  10  0.12 0.11
   21 Q    -2  -1  -3  -3  -3   1  -1  -4  -1   4   0   3  -1   1  -4  -3  -1  -4  -2   3    0   2   0   0   0   8   4   0   2  30   5  21   0   5   0   0   2   0   0  22  0.41 0.25
   22 V    -3  -4  -5  -5  -3  -4  -5  -5  -5   3   2  -4  -1   2  -5  -4  -1  -4  -2   5    0   0   0   0   0   0   0   0   0  19  22   0   0  11   0   0   3   0   0  45  0.81 0.32
   23 Y    -2  -4  -4  -5  -5  -4  -2  -2   1  -1   0  -3  -3   5  -5  -4  -4  -1   7  -3    4   0   0   0   0   0   2   3   3   4  10   1   0  21   0   0   0   0  52   0  1.25 0.44
   24 K    -2  -2  -2  -1  -5   2   6  -4  -2  -5  -5   2  -4  -1  -3  -1  -1  -4   2  -4    2   0   0   2   0   6  58   0   0   0   0  12   0   3   0   4   4   0   9   0  0.95 0.40
   25 D    -4  -2   3   7  -5  -3  -1  -4  -3  -5  -3  -3  -5  -6  -4   0   2  -6  -5  -5    0   2  16  62   0   0   0   0   0   0   2   0   0   0   0   5  13   0   0   0  1.31 0.46
   26 E    -2  -2  -2   5  -5   0   4  -1  -3  -5  -5   1  -4  -5   1  -2  -1  -6  -5  -5    2   0   0  40   0   2  34   3   0   0   0  11   0   0   6   0   3   0   0   0  0.95 0.37
   27 Q    -2   0   1   3  -4   1   0   0   3  -1   0   2   0  -2  -3  -1  -2  -3   1  -3    0   4   5  18   0   8   5   7   9   3  15  18   2   0   0   1   0   0   5   0  0.24 0.18
   28 V     0  -4  -4  -4   4  -3  -4  -4  -4   2   0  -4   0   3  -4   1   0  -3   0   4    7   0   0   0   9   0   0   0   0  10   6   0   1  15   0  12   4   0   2  34  0.44 0.25
   29 V    -2  -4  -4  -5  -3  -4  -4  -5  -4   2   2  -4  -1   2  -4  -1   0  -3   2   4    0   0   0   0   0   0   0   0   0  11  25   0   0   9   0   4   6   0   8  37  0.58 0.28
   30 V     5  -4  -4  -5   4  -4  -4  -3  -4  -1   0  -4  -2  -4  -4  -1  -2  -5  -4   2   58   0   0   0  10   0   0   0   0   3  11   0   0   0   0   2   0   0   0  16  0.84 0.40
   31 I    -4  -5  -6  -6  -4  -5  -6  -6  -4   4   1  -5   0   7  -6  -5  -4  -3  -1   1    0   0   0   0   0   0   0   0   0  27  11   0   2  54   0   0   0   0   0   7  1.34 0.46
   32 K    -2   2  -1   0  -4   1   0  -4   2  -1   2   3  -1  -3  -3  -2  -2  -4  -1   1    1  13   2   5   0   5   4   0   7   0  28  21   0   0   0   0   0   0   2  11  0.30 0.22
   33 D    -5  -4   3   8  -6  -3  -2  -4  -4  -6  -7  -4  -6  -6  -5  -3   0  -7  -6  -6    0   0  14  80   0   0   0   0   0   0   0   0   0   0   0   0   6   0   0   0  1.97 0.62
   34 K    -2   0  -4  -4  -3  -1  -3  -5  -4   5   2   2   1  -2  -4  -2  -1  -4  -3   1    3   5   0   0   0   2   0   0   0  47  15  16   3   0   0   3   2   0   0   5  0.59 0.30
   35 Y     0   0   3  -2  -4  -1   0  -3  -1  -4  -3   3  -3   3  -4   0  -2  -2   5  -3    8   5  17   0   0   2   6   0   0   0   0  20   0  14   0   7   1   0  21   0  0.51 0.29
   36 P    -2  -5  -5  -5  -6  -2  -4  -5  -5  -6  -2  -4  -5  -6   8  -4  -4   3  -6  -5    2   0   0   0   0   2   0   0   0   0   5   0   0   0  88   0   0   4   0   0  2.61 0.72
   37 K     0  -1  -2  -1  -3   3  -1  -2   0   2   0   3   2  -1  -3  -2   0  -3   0   1    8   1   0   4   0  17   0   1   2  13   5  22   6   2   0   0   4   0   3  12  0.22 0.19
   38 A     5  -3   0  -3  -3  -3  -3   0  -4  -3  -1  -3  -3  -4  -3   1   2  -5  -4   0   55   0   4   0   0   0   0   5   0   0   5   0   0   0   0   9  15   0   0   6  0.68 0.35
   39 R    -3   2  -3   0  -5   2   0  -4   0  -1  -3   3  -3  -5   6  -3  -2  -5  -4  -3    0  10   0   4   0   9   5   0   2   5   2  19   0   0  41   0   2   0   0   1  0.93 0.36
   40 Y    -1  -2  -3  -4   3  -3  -3   4   3   0  -2  -2   0  -3  -4  -2   1  -3   2   1    2   2   0   0   8   0   0  36   9   5   1   2   3   0   0   0  10   0   8  15  0.48 0.27
   41 H    -5  -4  -3  -5  -7  -3  -4  -6  11  -7  -7  -4  -5  -5  -6  -5  -5  -6   1  -7    0   0   0   0   0   0   0   0  96   0   0   0   0   0   0   0   0   0   4   0  3.42 0.89
   42 W     0  -3  -3  -4  -3  -3  -3  -4  -3   2   1  -3  -1   2  -3  -1   2   5   3   2    6   0   0   0   0   0   0   0   0  14  15   0   0   7   0   2  16   8  11  18  0.39 0.21
   43 L    -4  -4  -5  -5  -4  -4  -5  -6  -5   0   6  -5   2  -2  -5  -5  -3  -4  -3  -2    0   0   0   0   0   0   0   0   0   3  89   0   3   0   0   0   0   0   0   0  1.44 0.49
   44 V    -2  -5  -5  -5  -3  -4  -5  -5  -5   3   1  -4   0  -3  -5  -4  -3  -5  -3   6    3   0   0   0   0   0   0   0   0  18   8   0   1   0   0   0   0   0   0  67  1.18 0.47
   45 L    -3  -4  -5  -5   3  -4  -5  -5  -5   6   2  -4   1  -2  -4  -3  -3  -4  -3   3    0   0   0   0   7   0   0   0   0  47  16   0   3   0   0   2   0   0   0  23  0.92 0.38
   46 P    -2  -2  -5  -4   0  -4  -4  -5  -5  -5  -5  -4  -5  -6   8  -4  -4  -6  -5  -5    2   2   0   0   3   0   0   0   0   0   1   0   0   0  88   0   0   0   0   0  2.59 0.73
   47 W    -3   4   1  -3   1  -1  -2  -4   0  -4  -2   6  -3  -4  -4  -3  -3   4   0  -4    0  19   6   0   3   1   0   0   2   0   5  51   0   0   0   0   0   7   3   0  0.95 0.44
   48 T     0   3  -1  -1  -4   2   1  -3  -2  -2  -1   3  -1  -2  -3  -2   1  -4  -1  -1    8  21   2   2   0   9   7   0   0   2   5  22   2   1   0   0  11   0   2   5  0.32 0.22
   49 S    -1   1  -2  -1  -4  -2   0   0   7  -2  -2  -2   0  -1   1   1  -2  -4   1  -2    3   8   0   3   0   0   7   6  33   2   4   1   3   3   8  12   2   0   5   3  0.51 0.30
   50 I    -1  -4  -4   0  -3  -1  -4  -3  -4   6   0  -4  -1   0  -4  -2  -2  -4   1   3    5   0   0   7   0   3   0   2   0  51   5   0   0   3   0   3   2   0   4  16  0.65 0.34
   51 S     0   0  -1   2  -3  -1   2   0  -2  -3  -2   1  -2  -2   4   1  -2  -4  -2  -1    8   6   1  12   0   2  13   8   0   0   4   7   1   2  19  12   0   0   1   5  0.29 0.18
   52 S    -2   2   2   0  -4   1  -1   0   2  -4  -4   1  -1  -4  -3   3   1  -4  -1  -4    0  13  12   5   0   6   3   6   5   0   0   6   1   0   0  31   9   0   2   0  0.42 0.27
   53 L    -2  -2  -5  -5   3  -4  -4  -5  -4   1   4  -4   1   3  -5  -3  -1   4  -1   1    2   3   0   0   7   0   0   0   0   7  46   0   2  12   0   1   3   6   1  10  0.60 0.29
   54 K    -1   2   2   0  -4   2   1  -3   2  -3  -2   2  -2   0  -3   1   0  -4  -1  -3    2  13  10   5   0  10   7   0   5   0   5  15   0   4   0  13   7   0   2   0  0.27 0.19
   55 A     0  -3   2   5  -4  -1   2  -2   3  -4  -5  -1  -4  -2  -3   0  -1  -5  -2  -2    7   0  10  40   0   2  13   2   8   0   0   2   0   2   0   7   3   0   1   4  0.65 0.32
   56 V     0  -4  -4  -5  -3  -4  -4  -4  -4   3   4  -4   2  -1  -1  -3   1  -4  -3   2   10   0   0   0   0   0   0   0   0  16  40   0   5   2   3   0   8   0   0  17  0.54 0.29
   57 A    -1   1   1   2  -3   0   1  -3  -2  -3  -4  -1  -3  -4   1   1   4  -4  -2  -2    4   9   7  11   0   4   8   0   0   0   0   2   0   0   8  11  32   0   2   1  0.43 0.27
   58 R     1   0  -1   3  -4   0   1  -1  -3  -4  -4   2  -3  -5   4  -1  -1  -5  -4  -4   13   6   2  17   0   3   9   5   0   0   0  16   0   0  25   3   2   0   0   0  0.58 0.27
   59 E     0  -1   0   4  -5   0   5  -4   0  -5  -5   0  -4  -1  -3   0  -3  -5  -4  -3    9   2   3  23   0   1  42   0   3   0   0   6   0   3   0   7   0   0   0   2  0.74 0.37
   60 H    -2  -2   2   3  -4   0   2  -3   5  -2  -1  -1  -3   1  -1   0  -2  -4  -2  -2    2   0   8  21   0   3  13   0  20   2   9   3   0   6   3   7   0   0   0   3  0.42 0.26
   61 L    -1  -2  -1  -3   1   0   0  -2  -1   2   2  -1   2   1  -3  -2  -1  -3  -1   1    5   0   4   0   3   5   6   3   1  13  28   4   6   7   0   0   3   0   2   8  0.14 0.13
   62 E     1   0  -1   2   0   2   3   0   0  -3  -3   0  -3  -4   2   1  -1   0  -3  -2   10   3   1  11   2   9  23   6   2   1   1   3   0   0  10  11   3   2   0   1  0.29 0.18
   63 L    -1  -1  -4  -1  -3  -2  -2  -4  -3   2   4  -3   3   2  -4  -2  -2  -3   0   0    5   4   0   5   0   2   2   0   0  11  44   0   9  10   0   2   0   0   3   3  0.44 0.25
   64 L    -3  -4  -5  -5   0  -4  -2  -5  -4   2   4  -4   3   2  -5  -4  -1   0  -1   2    0   0   0   0   2   0   3   0   0  13  44   0   7   8   0   0   4   1   2  17  0.62 0.30
   65 K     0   2  -2  -2  -3   2   1   2  -2  -3  -2   1   1   0  -1   1  -1   1  -1  -2    8  10   0   0   0  10  10  17   0   0   3  11   5   4   2  11   2   2   2   2  0.19 0.16
   66 H    -1   0   2   0  -4  -1   0  -1   6  -2  -1   2  -2  -2  -3   0   0  -4   1  -1    3   3  11   4   0   0   6   5  26   2   6  15   0   2   0   4   6   0   4   4  0.37 0.24
   67 M     1  -4  -4  -4  -3  -3  -4  -4   0   2   2  -3   6  -1  -4   0  -1  -4  -3   2   14   0   0   0   0   0   0   0   3  12  14   0  30   2   0   6   2   0   0  16  0.59 0.33
   68 H     0   1  -1  -2  -1   2  -2  -1   2   0   1   0   2   1  -1  -1  -2  -3  -1   0    6   9   3   1   2  11   0   5   7   4  17   4   9   7   2   4   0   0   1   9  0.08 0.12
   69 T     0   1   0   0  -3   1   1  -3   0  -1   0   2  -1  -2  -1   1   0  -3   2  -2    6  10   3   4   0   6   9   0   2   3  14  14   0   0   2  12   6   0   8   1  0.13 0.13
   70 V    -1  -1  -4  -4  -3  -1  -2  -4  -4   3   1   2   1  -1  -4  -3   0  -4  -3   4    5   2   0   0   0   2   2   0   0  19   8  15   3   2   0   0   5   0   0  38  0.46 0.28
   71 G     3  -4  -3  -4  -3  -3  -4   4  -1   2  -3  -3  -2  -4  -4   0  -1  -5  -4   2   27   0   0   0   0   0   0  34   2  17   0   0   0   0   0   6   2   0   0  13  0.60 0.33
   72 E    -1   2  -1   0  -4   3   1  -2   0  -2   0   3  -2  -4  -2   0  -1  -4  -3  -2    4   9   2   5   0  17   9   3   3   2   9  25   0   0   1   7   3   0   0   3  0.29 0.21
   73 K     1   0   2  -1  -4   2   2  -1   1  -3  -2   3  -2  -2  -3  -1  -1  -4  -3  -1   11   4  10   2   0   9  11   5   4   0   4  27   0   2   0   3   3   0   0   6  0.27 0.20
   74 V     1  -4  -5  -5   0  -4  -3  -4  -4   4   2  -4   3  -2  -4  -3  -1   0  -3   3   15   0   0   0   2   0   2   0   0  33  16   0   7   0   0   0   2   2   0  22  0.59 0.31
   75 I     3  -2  -3  -3   1  -2  -1   0  -3   2   1  -1  -1  -1  -3  -1  -2  -4  -3   2   32   2   0   0   3   1   5   6   0  17  13   3   0   3   0   3   0   0   0  13  0.26 0.21
   76 V     0   3   1   0   0   2   2  -3  -2  -2  -1   4  -2  -4  -1   0  -1  -4  -3  -2    9  14   6   3   3   8  12   0   0   2   6  28   0   0   2   4   1   0   0   1  0.34 0.22
   77 D     1   2  -1   1  -4   3   3  -3   3  -4  -3   3  -3  -4  -1  -2  -2  -4   0  -4   13  11   2   6   0  14  19   1   7   0   1  17   0   0   3   0   0   0   4   0  0.44 0.26
   78 F    -1   0   2   0   1  -2   0  -2   3  -1   1   0   0   3  -3  -1  -1  -3  -1   0    3   4  12   5   4   0   8   3   8   3  13   7   2  19   0   1   2   0   0   7  0.14 0.15
   79 A     1  -2   2  -2  -4   2  -2   3   0  -3  -4   2  -3   1   1  -1  -2  -3   2  -3   11   0  11   0   0  12   0  23   3   2   0  14   0   6   7   1   1   0   8   0  0.34 0.24
   80 G     0  -1   1   2  -3  -1   0   2  -2   0  -1  -2   0   1   0   1  -1  -3  -2  -1    6   2   6  18   0   2   7  17   0  10   4   0   3   7   3  10   0   0   0   5  0.14 0.13
   81 S     0  -2   0   0  -3  -1   1   3  -2  -2  -1   1   0  -3  -2   1   2  -3  -3  -1    8   0   3   5   0   2   8  21   0   0   5   9   2   0   0  12  20   0   0   4  0.24 0.17
   82 S    -2   0   0   3  -4   0  -1  -3  -1  -1  -1   1  -2   1  -3   1   0  -2   5  -1    0   5   3  18   0   4   1   0   1   3   6   8   0   6   0  14   5   0  23   3  0.33 0.24
   83 K    -1   3   2  -1   0  -1  -2   2   0  -2  -2   2  -3   0  -3  -1   0   0  -1  -3    3  22  11   2   2   1   0  20   2   2   4  12   0   6   0   3   7   1   1   0  0.29 0.21
   84 L    -1  -3  -3   0  -3  -2  -2  -1   1   2   2  -2   0   1  -2  -2   0  -2   2   1    5   0   0   6   0   1   2   5   4  17  27   1   0   6   1   1   5   0  10   8  0.18 0.16
   85 R    -1   2  -1   0  -1   0  -1  -1   0   1   1   0  -1  -2  -1  -1  -1  -3  -2   1    5  15   3   7   2   4   3   6   2  11  14   4   0   0   2   4   2   0   0  16  0.07 0.10
   86 F    -3  -4  -1  -4  -3   0  -4  -4  -3   4   0  -3   3   4  -4  -1   0  -3  -1   2    0   0   4   0   0   4   0   0   0  27   5   0  10  20   0   4   6   0   0  18  0.51 0.28
   87 R    -2   3   6  -2  -5   3  -2  -3  -2   0  -4   1  -3  -5  -4  -2  -3  -5  -4   0    2  20  42   0   0  12   0   0   0   6   0   6   0   0   0   2   0   0   0   8  0.83 0.41
   88 L    -1  -3   2   2   4  -2   0  -3  -3   2   1  -2   1  -1  -3  -2  -1  -4  -3   2    5   0  11  13  10   0   5   0   0  11  15   2   4   3   0   1   3   0   0  17  0.21 0.17
   89 G    -3  -5   1  -4  -5  -4  -2   7  -4  -6  -6  -4  -5  -4  -5  -3  -4  -4   2  -5    0   0   6   0   0   0   2  81   0   0   0   0   0   0   0   0   0   0   8   0  1.72 0.58
   90 Y     0   1  -3  -3  -3  -1   0  -3  -2  -1  -1   2  -2   4   2  -2  -1  -2   3  -1    9   6   0   0   0   2   8   0   0   3   6  15   0  21  11   1   3   0  10   3  0.30 0.21
   91 H    -1  -2   1   2  -4   0   2  -2   8   0  -2   0  -2  -4  -4   0  -3  -4  -1  -3    4   0   5  11   0   3  12   3  38   6   3   5   1   0   0   5   0   0   2   2  0.73 0.35
   92 A     5  -4  -3  -4  -3  -2  -3   3  -3  -3  -4  -3  -1  -3  -4   0  -2  -4   2   0   53   0   0   0   0   2   0  20   0   0   0   0   1   0   0   6   0   0   9   9  0.78 0.41
   93 I    -1  -2  -1  -3   0   0  -1   5   1   0  -2  -3  -3  -2   2  -2  -3  -4  -4  -1    3   2   2   0   2   6   3  47   4   8   4   0   0   2  10   1   0   0   0   6  0.56 0.30
   94 P    -2  -3  -3  -4  -5   7  -2  -2  -3  -5  -3  -2  -4  -6   5  -3  -4  -5  -5  -5    2   0   0   0   0  57   0   3   0   0   3   0   0   0  33   0   0   0   0   0  1.66 0.65
   95 S    -1  -3  -2  -2  -4  -2   3  -3  -3  -4  -4  -2  -4  -1  -3   5   3  -5  -4  -1    1   0   0   0   0   0  20   0   0   0   0   0   0   2   0  53  17   0   0   5  0.87 0.46
   96 M    -3  -4  -5  -5  -3  -4  -5  -5  -4   3   0  -4   5   0  -5  -4  -3  -4   1   5    0   0   0   0   0   0   0   0   0  14   3   0  18   4   0   0   0   0   4  54  1.04 0.45
   97 S     0  -1   1   0  -4  -1  -1  -3  -2  -3  -3   0  -1   4   2   1  -2  -2   4  -3    7   3   7   6   0   3   2   0   0   0   0   6   2  23  11  12   0   0  16   0  0.41 0.26
   98 H    -5  -1   1  -4  -6   0  -3  -5  10  -7  -6  -4  -5  -4  -6  -4  -5   1   1  -6    0   3   5   0   0   4   0   0  82   0   0   0   0   0   0   0   0   2   3   0  2.70 0.76
   99 V    -3  -4  -5  -5  -3  -4  -5  -5  -4   1   5  -4   1   0  -5  -3   0  -4   0   3    0   0   0   0   0   0   0   0   0   5  57   0   2   4   0   2   5   0   3  23  0.80 0.34
  100 H    -6  -4  -3  -5  -7  -3  -4  -6  11  -7  -7  -5  -5  -5  -6  -5  -6  -6  -2  -7    0   0   0   0   0   0   0   0 100   0   0   0   0   0   0   0   0   0   0   0  3.65 0.94
  101 L    -3  -4  -5  -5  -3  -4  -5  -5  -4   4   3  -4   4   3  -5  -4  -2  -3  -2   3    0   0   0   0   0   0   0   0   0  23  32   0  10  13   0   0   2   0   0  20  0.75 0.31
  102 H    -6  -4  -3  -5  -7  -3  -4  -6  11  -7  -7  -5  -5  -5  -6  -5  -6  -6  -2  -7    0   0   0   0   0   0   0   0 100   0   0   0   0   0   0   0   0   0   0   0  3.65 0.94
  103 V    -3  -5  -5  -6   0  -5  -5  -6  -5   5   2  -5  -1   2  -5  -4  -3  -4  -3   5    0   0   0   0   2   0   0   0   0  34  14   0   0   8   0   0   0   0   0  41  0.97 0.38
  104 I    -3  -5  -5  -5  -3  -4  -5  -6  -5   5   3  -5   2   2  -5  -4  -1  -4  -2   2    0   0   0   0   0   0   0   0   0  43  31   0   4   9   0   0   4   0   0   8  0.87 0.34
  105 S     2  -3   0  -2  -3  -2  -2   4   0  -4  -4  -2  -3  -4   0   3   0  -4  -3  -3   22   0   3   0   0   0   0  34   2   0   0   0   0   0   4  29   4   0   0   0  0.64 0.26
  106 Q    -1  -2  -1  -3  -4   3  -2   5  -3  -3   0   1  -2  -3  -1  -2  -2  -4  -3  -2    2   0   2   0   0  18   0  44   0   0  15   9   0   0   3   0   2   0   0   3  0.54 0.24
  107 D    -1  -1  -1   6  -4  -1   1   0  -2  -4  -3   0  -3  -4   3  -1  -2  -5  -4  -4    4   3   0  54   0   0   7   6   0   0   3   4   0   0  13   3   0   0   0   0  0.78 0.24
  108 F    -3  -3  -3  -4  -3  -1  -3  -4   2  -2  -1  -2  -2   6   1  -2  -3   0   5  -1    0   0   0   0   0   4   0   0   6   0   1   3   0  53   6   3   0   0  19   3  0.81 0.22
  109 D    -2  -1   1   3  -3   1   2  -2   4  -1   0  -1  -1  -2  -2  -1  -1  -3  -2   1    1   0   8  22   0   7  18   1  13   0  11   1   0   0   1   1   1   0   0  15  0.27 0.11
  110 S     2  -1  -1  -1  -2   0  -1   1  -2  -2  -1  -1  -1  -1  -1   4   1  -2  -2  -2   18   1   1   1   0   4   1   9   0   1   5   1   0   3   1  48   5   0   1   1  0.32 0.12
  111 P    -2  -3  -2  -1  -3  -2  -2   0  -3  -2  -2  -1  -2  -1   7  -1   0  -4  -3   0    0   0   0   4   0   0   0   7   0   0   4   4   0   4  59   4   5   0   0   7  1.09 0.20
  112 C     1   2  -2  -2   5  -1  -2  -1  -2  -2  -1  -1   2   1  -2   2  -1  -2   1  -2   14  20   0   0  15   0   0   4   0   0   0   0  12   7   0  21   0   0   5   0  0.24 0.12
  113 L    -2  -3  -3  -4  -2  -3  -3  -4  -3   0   4  -3   1   3  -3  -1  -2   4   0   0    0   0   0   0   0   0   0   0   0   0  68   0   0  17   0   5   0   6   0   0  0.54 0.13
  114 K     0   2  -1  -2  -3   0   0  -2  -1  -3  -1   5  -2  -3  -2   0  -1  -3  -2  -2    9   5   0   1   0   0   1   1   0   1   5  69   0   0   1   5   1   0   0   1  0.56 0.14
  115 N     0   0   5   0  -2  -1  -1  -1   3  -3  -2  -1  -2  -3  -2   0   1  -3  -2  -2    6   5  51   1   0   0   1   1   9   1   5   1   0   0   1   5  13   0   0   1  0.47 0.12
  116 K    -1   1   1  -2  -3   0   0  -2  -2   0  -2   5  -2  -3  -2   1  -1  -4  -3   0    0   0   6   0   0   0   0   0   0   6   0  65   0   0   0  14   0   0   0   9  0.49 0.14
  117 K     0   2  -1  -2  -3   0  -1  -2  -1  -2  -1   5  -1  -2  -2  -1  -1   4   1  -1    9   6   0   0   0   0   0   0   0   0   5  61   0   0   0   0   0   7   6   6  0.44 0.12
  118 H     0   0  -1  -2  -3  -1  -1  -3   8  -3  -2  -2   1  -1  -3  -2  -2  -2   3  -1    7   6   0   0   0   0   0   0  63   0   0   0   6   0   0   0   0   0  13   5  0.89 0.17
  119 W    -3   0  -3  -4  -3  -2  -3  -4  -2   1  -2   0  -2   0  -4  -3  -2   9   5   0    0   6   0   0   0   0   0   0   0  13   0   7   0   0   0   0   0  45  23   6  1.21 0.16
  120 N    -2   0   6   0  -3  -1  -1  -1   0   0  -3  -1  -2  -2  -3   1  -1  -3   1  -2    0   6  67   0   0   0   0   0   0  10   0   0   0   0   0   8   0   0   6   0  0.62 0.13
  121 S     0   2   0  -1  -2  -1  -1  -1  -2  -2  -1   1  -2  -3  -2   4   0  -3  -2  -2    0  11   0   0   0   0   0   0   0   0   8   8   0   0   0  69   0   0   0   0  0.44 0.12
  122 F    -2  -3  -3  -4  -3  -3  -3   0  -2  -1   0  -3  -1   7  -4  -3  -2   0   3   1    0   0   0   0   0   0   0   8   0   0   0   0   0  70   0   0   0   0   6  11  0.78 0.14
  123 N    -1   1   4   1  -2  -1  -1  -2  -1  -2  -3  -1  -2  -3   1   0   4  -3  -2  -2    0   8  33   6   0   0   0   0   0   0   1   0   0   0   8   0  41   0   0   0  0.45 0.11
  124 T     0  -2  -1  -2  -2  -1  -1  -2  -2  -1   0  -1  -1  -2  -2   3   5  -3  -2  -1    0   0   0   0   0   0   0   0   0   0   8   0   0   0   0  26  61   0   0   0  0.53 0.13
  125 E    -1  -1   1   2  -3   0   2   2  -1  -3  -3  -1  -2  -1   2   0  -1  -2   3  -3    0   0   8  17   0   0  22  17   0   0   1   0   0   0  10   6   0   0  17   0  0.32 0.07
  126 Y    -3  -3  -4  -4  -3  -3  -4   0  -1  -2   0  -3  -1   5  -4  -3  -3   8   5  -2    0   0   0   0   0   0   0   7   0   0   6   0   0  30   0   0   0  30  27   0  1.09 0.15
  127 F    -3  -4  -4  -5  -3  -4  -4  -4  -2  -1  -1  -4  -1   8  -5  -3  -3   0   4  -2    0   0   0   0   0   0   0   0   0   0   0   0   0  87   0   0   0   0  13   0  1.32 0.20
  128 L    -1   0  -3  -3  -2  -2  -3  -3  -3   4   2  -2   1  -1  -3  -2  -1  -3  -2   2    1   6   0   1   0   0   1   1   0  55  17   1   0   0   0   1   1   0   0  15  0.37 0.09
  129 E    -1  -1   2   2  -2   0   3  -2  -1  -2  -3   0  -2  -3   2   1   2  -3  -2  -2    1   0  11  11   0   0  27   1   0   0   1   1   0   0  12   9  23   0   0   1  0.37 0.07
  130 S     2  -2  -1  -1  -2  -1   0   0  -1  -2  -2  -1  -2   1  -2   2   0   4   1  -1   30   0   0   1   0   0   8   6   0   0   1   1   0   6   0  28   1   9   6   1  0.26 0.07
  131 Q    -1  -1   0   4  -3   3   3  -2  -1  -2  -3   0  -2  -3  -2   0   1  -3  -2  -1    1   0   0  37   0  19  18   1   0   0   1   1   0   0   0   1  12   0   0   6  0.45 0.08
  132 A     1   0   0   3  -2   0   1  -2   1  -2  -2   2  -2  -1  -1   0   0  -2   2  -2   17   0   0  23   0   0   9   1   5   0   1  20   0   0   0   1   8   0  12   1  0.22 0.06
  133 V    -1  -2  -3  -3  -1  -2  -3  -3  -3   2   3  -2   2   0  -3  -2   0  -2  -1   2    1   0   0   1   0   0   1   1   0  12  45   1   3   0   0   1   8   0   0  25  0.31 0.06
  134 I    -1  -3  -3  -3  -2  -3  -3  -4  -3   4   2  -3   1   0  -3  -2  -1  -2   1   2    1   0   0   0   0   0   1   1   0  45  25   1   0   0   0   1   1   0   6  17  0.36 0.08
  135 E     0   0   2   2  -3   1   4  -2  -1  -3  -3   2  -2  -3  -1   0  -1  -3  -2  -3    7   0  11   6   0   3  51   1   0   0   1  12   0   0   0   4   1   0   0   1  0.48 0.09
  136 M    -1   0  -2  -1  -3   2   2  -3  -2   1  -1   2   4  -2   2  -1  -1  -3  -2  -1    0   0   0   0   0  12  17   0   0  17   0  24  22   0   9   0   0   0   0   0  0.26 0.09
  137 V    -2  -3  -3   0  -2  -3  -3  -4  -3   2   4  -3   1  -1  -3  -3  -1  -3  -2   2    0   0   0   9   0   0   0   0   0  10  65   0   0   0   0   0   0   0   0  16  0.43 0.10
  138 Q    -1   3   2  -1  -3   2   2  -2  -1  -3  -2   2   1  -3  -2   0   1  -3  -2  -2    0  27  14   0   0  13  17   0   0   0   0  12   7   0   0   0   9   0   0   0  0.37 0.08
  139 E    -1  -1  -1  -1  -2   0   1   1   0  -3  -3   2  -2  -3   3   1   3  -3  -2  -2    0   0   0   0   0   0   7   9   3   0   0  21   0   0  18  15  27   0   0   0  0.37 0.08
  140 A     0   0   1   1  -3   1   1   2   2  -3  -3   1  -2  -3  -2   0   1  -3  -2  -2   10   0   8   8   0   7   8  22   8   0   0  16   0   0   0   0  13   0   0   0  0.24 0.03
  141 G     0  -2   3  -1  -3  -1  -2   5  -1  -4  -4  -1  -3  -4  -2   1  -1  -3  -3  -3    0   0  23   0   0   0   0  63   0   0   0   0   0   0   0  14   0   0   0   0  0.74 0.06
  142 R    -1   2   2  -1  -3   0   0  -2  -1  -2   0   3  -1  -3  -2   1   0  -3  -2  -2    0  13  16   0   0   0   0   0   0   0  13  41   0   0   0  17   0   0   0   0  0.28 0.04
  143 V     0  -3  -3  -3  -1  -2  -3   1  -3   2   1  -2   0  -1  -3  -1  -1  -3  -2   3   10   0   0   0   0   0   0  13   0  17  16   0   0   0   0   0   0   0   0  44  0.23 0.04
  144 T    -1  -1   3  -1  -2   1  -1  -1  -1  -2  -3   1  -2  -3   3   2   3  -3  -2  -2    0   0  21   0   0   5   0   0   0   0   0   9   0   0  16  17  32   0   0   0  0.39 0.04
  145 V    -1  -2  -1   2  -2  -2  -1  -3  -3   1  -1  -2  -1  -2   2  -1   1  -4  -2   3    0   0   0  22   0   0   0   0   0   6   0   0   0   0  12   0  16   0   0  46  0.25 0.05
  146 R    -1   4   1  -1  -3   1   0  -2  -1  -3  -2   4  -2  -3  -2  -1  -1  -3  -2  -2    1  33   6   1   0   0   1   1   0   1   1  52   0   0   1   1   1   0   0   1  0.51 0.05
  147 D    -1   1   0   3  -3   0   3   2  -1  -3  -3   0  -2  -3  -1   1  -1  -3  -2  -3    1   9   0  25   0   0  30  16   0   1   1   1   0   0   1  12   1   0   0   1  0.36 0.03
  148 G     1   0  -1  -2  -2   0  -2   3  -2   0   0  -1  -1  -2  -2   0   2  -3  -2   0   10   6   0   0   0   6   0  29   0  13  12   0   0   0   0   0  24   0   0   0  0.17 0.03
  149 M     1  -1  -1  -1  -2   0   1  -2  -2   0   1   1   2  -1  -2   1   0  -3  -2   0   17   0   0   0   0   0  13   0   0   6  16  12  17   0   0  10   5   0   0   5  0.09 0.02
  150 P     0  -2   0   1   1  -1   1   0  -2  -2  -2  -1  -2  -3   2   2   3  -3  -2  -1    0   0   0  12   5   0  10   5   0   0   0   0   0   0   9  17  43   0   0   0  0.32 0.04
  151 E    -1  -1   0   3  -3   1   4  -2  -1  -3  -3   0  -2  -3  -1   2   1  -3  -2  -2    0   0   0  16   0   0  47   0   0   0   0   0   0   0   0  24  13   0   0   0  0.48 0.05
  152 L    -2  -3  -4  -4  -2  -3  -3  -4  -2   1   4  -3   1   1  -3  -3  -2  -1   2   1    0   0   0   0   0   0   0   0   0   0  81   0   0   0   0   0   0   0  13   6  0.50 0.06
  153 L    -2  -3  -4  -4  -2  -3  -3  -4  -3   1   4  -3   2   3  -4  -3  -2  -1   0   0    0   0   0   0   0   0   0   0   0   0  84   0   0  16   0   0   0   0   0   0  0.56 0.07
  154 K     0   1   1  -1  -3   3   0  -2  -1  -3  -3   5  -2  -4  -2   0  -1  -3  -2  -2   12   0   9   0   0  16   0   0   0   0   0  64   0   0   0   0   0   0   0   0  0.48 0.06
  155 L    -1  -1  -1   0  -3   0   3   0  -1  -1   1   1   0  -2  -2  -1   1  -3  -2  -1    0   0   0   0   0   0  37  10   0   0  30  12   0   0   0   0  11   0   0   0  0.19 0.04
  156 P    -2  -2  -1   3  -4  -1   1  -2  -2  -4  -4  -1  -3  -4   7  -1  -2  -4  -3  -3    0   0   0  29   0   0  10   0   0   0   0   0   0   0  61   0   0   0   0   0  1.30 0.08
  157 L    -2  -3  -4  -4  -2  -3  -3  -4  -3   1   5  -3   2   0  -3  -3  -2  -2  -2   0    0   0   0   0   0   0   0   0   0   0 100   0   0   0   0   0   0   0   0   0  0.67 0.08
  158 R    -2   4  -1  -2  -3   0  -1  -3  -1   1   1   3   1  -2  -2  -1  -1  -3  -2  -1    0  40   0   0   0   0   0   0   0  12  19  24   5   0   0   0   0   0   0   0  0.31 0.04
  159 C    -1  -4  -4  -4  10  -4  -5  -3  -4  -2  -2  -4  -2  -3  -4  -2  -2  -3  -3  -2    0   0   0   0 100   0   0   0   0   0   0   0   0   0   0   0   0   0   0   0  1.88 0.14
  160 H    -2  -1   3  -1   4  -1  -1  -2   7  -3  -3  -2  -2  -2  -3  -1  -2   6   1  -3    0   0  22   0  13   0   0   0  50   0   0   0   0   0   0   0   0  16   0   0  0.79 0.08
  161 E    -1   3  -1  -1  -3   2   1  -3   0   0   0   1   1  -1  -2  -1  -1  -2   2   0    0  34   0   0   0  12  13   0   0   5   6   0   6   0   0   0   0   0  13  11  0.22 0.04
  162 C    -1  -4  -4  -4  10  -4  -5  -3  -4  -2  -2  -4  -2  -3  -4  -2  -2  -3  -3  -2    0   0   0   0 100   0   0   0   0   0   0   0   0   0   0   0   0   0   0   0  1.88 0.14
  163 Q    -1   3   0  -1  -3   3   2   2  -1  -3  -3   2  -2  -4  -2  -1  -1  -3  -2  -3    0  21   0   0   0  26  12  21   0   0   0  20   0   0   0   0   0   0   0   0  0.42 0.04
  164 Q    -1   2  -1  -1  -3   3   2  -2  -1  -3  -2   3  -1   1  -2   1  -1  -2  -1  -2    0  13   0   0   0  19  16   0   0   0   0  31   0  12   0  10   0   0   0   0  0.33 0.04
  165 L     0  -1   1   0  -2   1   2  -2  -1  -1   0  -1  -1  -2   2   0   1  -3  -2   0   10   0  13   0   0   6  22   0   0   0  13   0   0   0   9   0  16   0   0  12  0.15 0.02
  166 L     0  -1  -2  -2  -2   3  -1  -3   2  -1   1  -1   0   4  -3  -1  -2  -1   1  -1   12   0   0   0   0  25   0   0  10   0  19   0   0  34   0   0   0   0   0   0  0.24 0.05
  167 P     1   1  -1  -1  -2  -1  -1   2  -2  -3  -3   1  -2  -3   4   2   0  -3  -2  -2   11  12   0   0   0   0   0  16   0   0   0   9   0   0  23  25   5   0   0   0  0.42 0.03
  168 S    -1   2   5   0  -3   0  -1  -1   0  -3  -3   0  -2  -3  -2   1   2  -4  -2  -2    0  16  54   0   0   0   0   0   0   0   0   0   0   0   0  13  17   0   0   0  0.51 0.06
  169 I    -2  -3  -4  -4  -2  -3  -4  -4  -3   4   2  -3   2   4  -3  -3  -1  -1   0   1    0   0   0   0   0   0   0   0   0  49  12   0  11  29   0   0   0   0   0   0  0.41 0.05
  170 P    -1  -2  -2  -2  -3  -2  -1  -2  -2  -3  -3  -1  -3  -4   7   1   1  -4  -3  -2    0   0   0   0   0   0   0   0   0   0   0   0   0   0  71  13  16   0   0   0  1.44 0.08
  171 Q     0   1  -1  -1  -2   3   0  -2  -1  -2   0   3  -1  -3  -2   1   1  -3  -2  -2    6   0   0   0   0  30   0   0   0   0  13  31   0   0   0  12   9   0   0   0  0.26 0.04
  172 L    -2  -3  -4  -4  -2  -3  -3  -4  -3   1   5  -3   2   0  -3  -3  -2  -2  -2   0    0   0   0   0   0   0   0   0   0   0 100   0   0   0   0   0   0   0   0   0  0.67 0.08
  173 K    -1   2  -1  -1  -4   1   0  -2  -1  -3  -3   6  -2  -4  -2  -1  -1  -4  -2  -3    0   0   0   0   0   0   0   0   0   0   0 100   0   0   0   0   0   0   0   0  0.81 0.10
  174 E     1   0   0   1  -3   1   3   1  -1  -3  -3   2  -2  -3  -1   1  -1  -3  -2  -2   16   0   0   5   0   6  30  12   0   0   0  22   0   0   0  10   0   0   0   0  0.31 0.03
  175 H    -2  -1   0  -2  -4   0  -1  -3   9  -4  -4  -1  -2  -2  -3  -2  -2  -3   1  -4    0   0   0   0   0   0   0   0 100   0   0   0   0   0   0   0   0   0   0   0  1.48 0.14
  176 L    -2  -3  -4  -4  -2  -3  -3  -4  -3   2   4  -3   2   0  -3  -3  -1  -2  -2   2    0   0   0   0   0   0   0   0   0   9  81   0   0   0   0   0   0   0   0  10  0.52 0.06
  177 R    -1   3   1  -1  -3   3   2  -2  -1  -2  -2   3  -1  -3  -2  -1  -1  -3  -2   0    0  26   6   0   0  17  14   0   0   0   0  25   0   0   0   0   0   0   0  13  0.34 0.03
  178 K     0   0  -1  -1  -2   0   2   1  -1  -2   0   3  -1  -2  -2   1   0  -3  -2  -2    0   0   0   0   0   0  17  13   0   0  14  33   0   0   0  17   6   0   0   0  0.19 0.03
  179 H    -2  -1   0   0  -4   1   3  -3   8  -4  -3   0  -2  -2  -2  -1  -2  -3   1  -3    0   0   0   0   0   0  34   0  66   0   0   0   0   0   0   0   0   0   0   0  0.85 0.07
  180 W    -3  -3  -4  -4  -3  -3  -3  -3  -1  -2  -1  -3  -1   4  -4  -3  -3  10   4  -2    0   0   0   0   0   0   0   0   0   0   0   0   0  25   0   0   0  56  19   0  1.55 0.07

                      K         Lambda
Standard Ungapped    0.1346     0.3216
Standard Gapped      0.0429     0.2670
PSI Ungapped         0.1402     0.3177
PSI Gapped           0.0429     0.2670
