
Last position-specific scoring matrix computed, weighted observed percentages rounded down, information per position, and relative weight of gapless real matches to pseudocounts
            A   R   N   D   C   Q   E   G   H   I   L   K   M   F   P   S   T   W   Y   V   A   R   N   D   C   Q   E   G   H   I   L   K   M   F   P   S   T   W   Y   V
    1 P    -1  -3  -2  -2  -3  -2  -2  -3  -3  -3  -3  -1  -3  -4   8  -1  -1  -4  -3  -3    0   0   0   0   0   0   0   0   0   0   0   0   0   0 100   0   0   0   0   0  2.17 0.07
    2 V     0  -2  -1   1  -1  -1  -1  -2  -2   1   1  -2   0  -1  -2   1   1  -3  -2   2    0   0   0  13   0   0   0   0   0   7  14   0   0   0   0  24   6   0   0  36  0.14 0.03
    3 W    -3  -2  -3  -4  -3   1  -2  -3  -2  -2  -1  -2   2   2  -4  -3  -2  10   1  -2    0   0   0   0   0  13   0   0   0   0   0   0  14  13   0   0   0  61   0   0  1.51 0.11
    4 L    -2  -3  -4  -4  -2  -3  -4  -4  -4   1   5  -3   2   0  -4  -3  -2  -2  -2   0    0   0   0   0   0   0   0   0   0   0 100   0   0   0   0   0   0   0   0   0  0.73 0.11
    5 Q    -2   3   1   1  -3   4   0  -2  -1  -3  -1   2  -1  -3  -2   0  -1   4  -2  -3    0  22   9   8   0  30   0   0   0   0   7  13   0   0   0   4   0   7   0   0  0.39 0.08
    6 Q     0   0   3   1  -3   5   2  -2   0  -4  -3   1  -2  -4  -2   0  -1  -3  -2  -3    7   0  21   8   0  51   7   0   0   0   0   7   0   0   0   0   0   0   0   0  0.60 0.13
    7 K     1   2   1   2  -3   0   2  -2  -1  -2  -1   2  -2  -3  -2   0  -1  -3  -2  -2   14  15   6  16   0   0  12   0   0   0   7  23   0   0   0   7   0   0   0   0  0.26 0.06
    8 Y     0  -3  -3  -3  -2  -2  -2   0  -1  -1   0  -3  -1   4  -3  -2  -2   6   4   0   13   0   0   0   0   0   3   7   0   0  12   0   0  24   0   0   0  13  22   7  0.43 0.08
    9 R     2   0  -2  -2  -2  -1  -1   0   1  -2  -2   0  -2   2   4   1  -1  -3  -1  -2   30   7   0   0   0   0   0   5   5   0   0   4   0  13  26   8   0   0   0   0  0.41 0.09
   10 E    -1   2  -1   1  -3   1   4  -2  -1  -2  -1   1   1   1  -2   0   0  -2  -1  -2    1  12   0   5   0   0  43   1   0   0   3   6   6   9   0   7   6   0   0   0  0.31 0.08
   11 I     0  -1  -1   0  -2  -1  -1   0  -2   1   1   0   1  -1  -2   0   1  -2  -2   1    6   0   0   6   0   0   0  10   0  13  23   7   3   0   0   5  15   0   0   7  0.07 0.03
   12 I    -1   0   2  -1  -2   0   0   2  -1   1   0   0  -1   0  -2  -1   0  -2  -1   0    1   5  13   0   0   5   5  23   0  14   6   6   0   7   0   1   6   0   0   6  0.09 0.04
   13 R     1   2   1  -1  -2   0  -1   1  -1  -2  -1   2  -1  -2  -2   0   1  -2   0  -1   21  19   6   0   0   0   0   9   0   0   7  19   0   0   0   1  10   0   5   0  0.17 0.06
   14 N     2   0   2   2  -2   0   1  -1   1  -1  -1  -1   0  -2   1   0  -1  -3  -2  -1   26   6  13  14   0   0  13   1   5   5   5   0   3   0   6   1   0   0   0   0  0.16 0.05
   15 D     0  -1  -1   1  -2   2   1   1   0  -2  -1   1   1  -2   1   0   1  -3  -2  -1    7   0   0  12   0  12   5  10   3   0   7  12   6   0   6   1  16   0   0   0  0.13 0.04
   16 L    -2  -3  -4  -4   2  -3  -4  -4  -4   3   3  -3   1   1  -4  -3  -2  -2  -1   2    0   0   0   0   7   0   0   0   0  30  42   0   0   7   0   0   0   0   0  14  0.47 0.11
   17 P    -1  -2  -1  -1  -3   2   1   0  -2  -2  -3  -1  -2  -4   5   2   1  -4  -3  -1    0   0   0   0   0  14  12   6   0   3   0   0   0   0  32  22   7   0   0   4  0.58 0.12
   18 P     0  -2   1  -2  -3  -2  -2  -3  -2  -1   1   0  -1   0   5  -1  -1  -3  -2   0    6   0  13   0   0   0   0   0   0   3  18   9   0   5  39   0   0   0   0   8  0.57 0.12
   19 P    -1  -3  -1  -2   2   0  -1  -3  -3   1  -2  -2  -2  -4   7  -2  -1  -4  -3  -1    2   0   4   0   5   6   2   0   0  14   0   0   0   0  59   0   3   0   0   4  1.13 0.19
   20 V    -1  -2  -2  -3  -2  -2   0  -3   0   3   0  -1   3   0  -3  -2   2  -3  -2   3    1   0   0   0   0   0  10   0   2  22   2   5  12   5   0   0  15   0   0  25  0.24 0.14
   21 K     0   0  -1   1  -3   0   0  -2  -2  -1  -3   4  -2  -3   3  -1   1  -4  -3  -2    6   0   0   7   0   3   4   1   0   5   1  46   0   0  13   0  13   0   0   0  0.44 0.17
   22 H     1   0   0  -1  -2   0   0  -2   2   0  -1   0  -1   1   1  -1  -1  -2  -1   1   16   8   3   3   0   4   5   1   9   6   3   3   0   8   7   2   1   0   1  17  0.06 0.05
   23 D    -1   0   1   0  -2   1   1  -2   2  -2  -2   2  -2  -3   3   0   1  -3  -2  -1    1   3   5   4   0   4  10   1   6   1   5  20   0   1  17   5  14   0   0   3  0.28 0.09
   24 I     0  -4  -4  -4  -2  -3  -1  -4  -4   5   1  -3   0  -2  -3  -3  -2   0  -2   4    6   0   0   0   0   0   5   0   0  43  13   0   0   0   0   0   0   1   0  31  0.57 0.21
   25 E    -1   2   2   0  -4   1   3   0  -1  -3  -3   3  -1  -4  -1   0   1  -4  -3  -3    1   9  12   2   0   4  23   6   0   1   0  27   1   0   1   2   9   0   0   0  0.40 0.16
   26 I    -3  -3  -4  -4   1  -3  -4  -4  -4   3   4  -3   3   0  -4  -3   0   4  -2   0    0   0   0   0   3   0   0   0   0  20  51   0   8   3   0   0   6   8   0   0  0.63 0.22
   27 K     0   2   1  -2  -4   0   1  -3  -2   0  -2   5  -2  -4  -3  -1  -1  -4  -3  -2    6   7   8   0   0   3   6   0   0   9   2  55   0   0   0   2   2   0   0   0  0.57 0.24
   28 P    -1  -2   0   2  -3  -1   2  -2   3  -3  -2  -1  -3  -3   5   0   1  -4  -2  -3    3   1   3  14   0   0  13   1   9   1   4   1   0   0  35   4   9   0   0   1  0.67 0.19
   29 G    -1  -3   2   0  -3  -2   0   4  -2  -2  -1  -2  -2  -4   2  -1   2  -4  -3  -2    0   0  14   5   0   0   5  38   0   2   6   0   0   0   9   0  17   0   0   3  0.45 0.18
   30 A     2  -1  -1   0   0   0   0  -1   0  -1  -1   1   2  -2   1   0   1  -2  -1  -1   23   1   2   5   3   2   6   2   2   4   5  12   9   0   6   3  12   0   3   1  0.10 0.08
   31 R    -1   1   0   3  -3   0   1  -2  -2  -1  -1   1   0  -3   1   1   0  -3  -1   0    0  10   3  24   0   3   5   0   0   3   4  11   2   0   5  11   6   0   2   9  0.19 0.09
   32 L    -1  -3   1  -2  -3  -2  -1   3  -3   0   0  -1  -2  -3   5  -2  -2  -4  -3  -1    3   0   7   0   0   0   5  27   0   6  10   2   0   0  33   0   0   0   0   5  0.60 0.19
   33 P    -2  -4  -2  -3  -3  -3  -3  -4  -4   2  -2  -3  -2  -4   7  -3  -2  -5  -4   3    0   0   2   0   0   0   0   0   0  13   0   0   0   0  57   0   0   0   0  25  1.35 0.32
   34 R    -1   2  -1  -1  -2   0   0  -3   0  -3  -2   3  -2   0  -3   1  -1   5   2  -1    2  16   2   3   1   4   4   0   2   0   2  22   0   4   0  11   2  12   8   4  0.33 0.14
   35 L     0  -3  -3  -4  -2  -2  -3  -1  -3   3   1  -1   0  -2   1  -2  -1  -3   0   3    6   0   0   0   0   0   0   5   0  22  10   6   0   0   7   1   2   0   4  36  0.30 0.15
   36 Q    -1   3   2   1  -4   1  -1  -3   2  -4  -4   4  -3  -4   1   1  -2  -4  -3  -4    2  21   9   7   0   3   0   0   5   0   0  36   0   0   8  10   0   0   0   0  0.55 0.21
   37 P    -1   0   1  -2  -4   6  -1  -3   1  -2  -4   0  -2  -5   2  -1  -2  -4  -3  -1    5   2   6   0   0  60   0   0   4   3   0   2   0   0  10   2   0   0   0   5  0.88 0.33
   38 Y    -4  -1  -5  -5  -4  -3  -4  -5  -2  -1  -3  -4   3   2  -5  -2  -4  10   6  -3    0   3   0   0   0   0   0   0   0   4   0   0  10   5   0   4   0  39  35   0  1.73 0.41
   39 H    -3  -2  -3  -3  -5  -3  -3  -1   3  -5  -3  -2  -4  -5   8   1  -3  -5  -4  -4    0   2   0   0   0   0   0   4   8   0   3   2   0   0  72  10   0   0   0   0  1.77 0.40
   40 V    -3  -3  -4  -5  -3  -3  -4  -5  -3   1   4  -4   3   0  -4  -2  -1  -2   4   1    0   0   0   0   0   0   0   0   0   7  56   0   9   0   0   2   2   0  16   8  0.68 0.24
   41 T    -1  -2   3  -2  -3  -1  -2  -3  -2  -3  -3  -1  -3  -4   4   3   4  -4  -3  -3    1   0  16   0   0   2   0   0   0   0   2   1   0   0  19  28  30   0   0   0  0.67 0.26
   42 E    -2   0  -1  -2  -4   1   2  -3   1  -2  -1   2   0  -3   4  -1  -2  -3   0  -2    1   3   3   0   0   8  18   0   3   2   8  20   2   0  25   2   0   0   4   2  0.47 0.18
   43 K    -1   0  -1   0  -4   1   5   1  -2  -4  -4   1  -1  -4   1   0  -1  -4  -3  -3    4   3   2   3   0   6  49  12   0   0   0   8   1   0   5   3   4   0   0   0  0.57 0.22
   44 N     1   1   0   2  -4   0   1  -3   1  -3  -3   4  -1  -4  -2  -1  -2  -4  -1  -2   13   7   3  16   0   2   5   0   5   0   0  42   2   0   0   3   0   0   2   2  0.46 0.20
   45 E    -2   1  -3  -3  -3  -1   0  -4   0   3   2   1   2  -1  -3  -2  -1  -3   0   0    0   9   0   0   0   0   8   0   2  22  30  10   8   0   0   2   3   0   3   4  0.24 0.14
   46 Q     0   0  -1   0  -4   4   4  -2  -2  -2  -2   1   0  -4   1  -1  -2  -4  -3  -1    8   2   2   2   0  21  34   2   0   3   4   8   2   0   7   1   0   0   0   4  0.43 0.19
   47 E     4  -3  -2  -1  -3  -2   2   2  -3  -3  -2  -2  -2  -2  -3   0  -2  -4  -3  -1   54   0   0   1   0   0  18  13   0   0   3   0   0   2   0   6   0   0   0   3  0.53 0.24
   48 I     0  -4  -4  -5  -2  -3  -4  -4  -4   3   4  -4   2   3  -4  -3  -2  -3  -1   2    8   0   0   0   0   0   0   0   0  16  47   0   5  13   0   0   0   0   0  12  0.56 0.20
   49 N    -1   2   1   0  -3   3   1  -3   1  -2  -2   2  -2  -4  -2  -1   2  -4  -2  -2    2  15   9   3   0  19  10   0   4   2   3  15   0   0   0   2  16   0   0   1  0.35 0.16
   50 K    -1   1   0   2  -4   2   3  -3   0  -1  -2   2   0  -3   1  -1   0  -4  -3  -2    5   7   4  14   0   9  26   0   2   4   4  13   2   0   6   2   4   0   0   0  0.31 0.13
   51 I    -2  -2  -3  -2  -3   3   2  -4   2   3   2  -2   0   1  -3  -2  -1  -3  -2   1    0   0   0   0   0  16  14   0   8  29  21   0   0   5   0   0   2   0   0   6  0.34 0.19
   52 V    -1  -5  -5  -5   7  -4  -5  -5  -5   4   0  -4  -1  -2  -4  -3  -2  -4  -3   4    4   0   0   0  25   0   0   0   0  33   3   0   0   0   0   0   0   0   0  35  0.96 0.30
   53 Q     0   0   2   2  -4   3   2  -2   1  -3  -3   2  -2  -4  -2   0   0  -4  -3  -3    7   4  15  12   0  17  17   0   3   1   1  13   0   0   0   5   6   0   0   0  0.38 0.15
   54 K    -2   3  -1   2  -5   2   4  -3  -2  -4  -3   3  -3  -4  -3  -1  -2  -4  -3  -4    0  20   0  12   0   6  35   0   0   0   3  21   0   0   0   2   1   0   0   0  0.68 0.24
   55 L    -1  -3   0  -4  -3   2  -2  -2  -3  -1   4  -3   5   1  -4  -2  -2  -3  -2  -1    4   0   5   0   0  10   2   2   0   0  46   0  22   5   0   3   0   0   0   0  0.50 0.24
   56 L    -3  -2  -3  -3  -3   1   3  -5  -3   1   4  -2   0  -2  -4  -3  -2  -4  -3   1    0   2   0   0   0   6  25   0   0   4  56   0   0   0   0   0   0   0   0   7  0.57 0.25
   57 D    -1   1   1   2  -4   3   3  -3  -2  -4  -4   4  -3  -5  -3  -1  -2  -4  -3  -4    4   6   5  12   0  13  21   0   0   0   0  39   0   0   0   2   0   0   0   0  0.65 0.23
   58 N     0  -1   1   2  -3   2   3  -3  -2  -2   0   1   1  -1  -2  -1  -2  -3  -2  -2   11   0   6  14   0  12  25   0   0   0  13   7   5   3   0   2   0   0   0   0  0.28 0.15
   59 K    -2  -3  -2  -1  -5  -3  -3   6  -4  -6  -6   2  -4  -5  -4  -2  -3  -5  -5  -5    0   0   0   3   0   0   0  83   0   0   0  14   0   0   0   0   0   0   0   0  1.52 0.38
   60 F    -2  -1  -2  -3  -3   1  -2  -4   4   2   1   2  -1   1  -3  -2  -2  -3   0   2    0   0   0   0   0   7   0   0  16  17  16  19   0   5   0   0   0   0   3  17  0.31 0.17
   61 I    -3  -5  -5  -5  -3  -4  -5  -6  -5   6   3  -4   0  -2  -5  -4  -3  -4  -3   1    0   0   0   0   0   0   0   0   0  69  25   0   0   0   0   0   0   0   0   5  1.14 0.34
   62 V    -1   3  -2  -1  -3   0   3  -3  -2   2  -2   1  -2  -3  -3   0   1  -4  -3   1    2  17   0   1   0   0  30   0   0  16   0   9   0   0   0   5   9   0   0  11  0.33 0.18
   63 P    -3  -3  -3  -1  -5   0   2   1  -4  -5  -5   0  -4  -6   7  -2  -2  -5  -5  -4    0   0   0   3   0   4  13   9   0   0   0   5   0   0  65   0   1   0   0   0  1.57 0.38
   64 S     0  -2  -2  -2   3   0  -2  -1  -3  -4  -4  -1  -3  -3   3   4   1   3   0  -2    4   0   0   0   6   4   0   2   0   0   0   4   0   0  18  43   8   5   5   1  0.58 0.26
   65 K    -2   0   2   1  -3   1   1  -2   1  -1  -2   2  -2  -1  -2   0   2  -3   0  -2    0   4  12  10   0   5  12   1   4   5   2  15   0   4   0   2  22   0   2   1  0.24 0.15
   66 S     2  -3   4  -2  -3  -2  -2   0  -2  -4  -4  -2  -3  -4  -1   4  -1   1  -4  -3   18   0  29   0   0   0   0   7   0   0   0   0   0   0   3  42   0   2   0   0  0.74 0.32
   67 P    -2  -3  -3  -4  -1   0  -3  -4  -4  -2  -4   0  -4  -5   7  -3   1  -6  -5  -4    3   0   1   0   2   5   0   0   0   3   0   7   0   0  70   0   9   0   0   0  1.74 0.44
   68 C    -4  -4   1  -4   4  -3  -4   0   5  -4  -3  -4   1   0  -5  -3  -4   9   5  -4    0   0   7   0   9   0   0   7  15   0   0   0   5   1   0   0   0  31  26   0  1.42 0.40
   69 S     0   0   7  -1  -4  -2   1   0  -2  -5  -5  -2   0  -5  -4   1  -2  -5  -4  -4    7   5  64   0   0   0   9   5   0   0   0   0   4   0   0   7   0   0   0   0  1.06 0.37
   70 S     1  -3   1  -3   2  -2  -2  -3  -3  -3  -3  -2  -3  -4   2   3   5  -4  -4  -2   11   0   7   0   5   0   0   0   0   0   0   0   0   0   9  21  48   0   0   0  0.74 0.32
   71 P    -1  -4  -4  -3  -4   0  -1  -4  -4  -3  -4  -3  -4  -5   8  -3  -1  -5  -4   0    3   0   0   0   0   5   3   0   0   0   1   0   0   0  73   0   3   0   0   9  1.80 0.42
   72 V     1  -3  -3  -3  -2  -3  -3   0  -4   3   1  -3  -1  -2  -3  -2   1  -3  -3   3   14   0   0   0   0   0   0   9   0  21  10   0   0   0   0   0  10   0   0  34  0.37 0.19
   73 V     0  -4  -4  -5  -4  -4  -4  -4  -3  -2   1  -4   0   7  -4  -3  -3   4   2   0    9   0   0   0   0   0   0   0   0   0  11   0   2  61   0   0   0   5   5   5  1.13 0.35
   74 L     1  -1  -3  -3   1   0  -2  -1  -2   1   1  -2  -1  -1   3  -2  -1  -3   0   2   16   4   0   0   3   4   0   5   0   9  13   0   0   2  18   0   0   0   5  19  0.23 0.14
   75 V    -2  -4  -4  -4  -3  -4  -4  -5  -4   5  -1  -4   1  -2  -4  -3   0  -4  -3   5    0   0   0   0   0   0   0   0   0  37   0   0   4   0   0   0   5   0   0  50  0.94 0.33
   76 P    -2   2   1   1  -4   3   1  -3  -2  -4  -4   5  -3  -5   2  -2  -2  -4  -3  -4    0   7   5   8   0  13   5   0   0   0   0  47   0   0  12   0   0   0   0   0  0.76 0.30
   77 K    -1   1   1  -3  -5  -1   1  -2  -3  -5  -5   7  -4  -5  -3  -2  -3  -5  -4  -5    4   4   7   0   0   0   9   2   0   0   0  74   0   0   0   0   0   0   0   0  1.24 0.45
   78 T    -3   1  -1  -2  -5  -1   2  -1  -3  -5  -5   6  -4  -5   1  -2  -1  -5  -4  -4    0   5   2   0   0   0  11   4   0   0   0  67   0   0   6   1   3   0   0   0  1.05 0.41
   79 F     1  -1  -5  -5  -4  -3  -2  -4  -3  -2  -2  -1  -3   0  -1  -1  -2  10   3  -4   13   3   0   0   0   0   2   0   0   2   3   5   0   3   4   4   2  48  10   0  1.55 0.45
   80 R    -4   8  -3  -4  -6  -2  -3  -5  -3  -6  -5   2  -4  -6  -5  -4  -4  -6  -5  -5    0  93   0   0   0   0   0   0   0   0   0   7   0   0   0   0   0   0   0   0  2.18 0.64
   81 L    -3  -3  -4  -4  -3  -3  -2  -4  -4   0   3   0   7   1   0  -3  -3  -3  -2   0    0   0   0   0   0   0   3   0   0   3  30   7  40   7   4   0   0   0   0   3  0.80 0.35
   82 C    -2  -4  -4  -5   2   2  -3  -5  -4   1   3  -3  -1  -2  -4  -3  -2  -4  -3   4    0   0   0   0   5  12   0   0   0   6  35   0   0   0   0   0   0   0   0  41  0.71 0.33
   83 V    -1  -3  -3  -3  -3   2   0  -4   4   3   0  -2   0  -1  -4  -2   0  -4  -1   3    2   0   0   0   0  10   9   0  12  23   5   0   2   2   0   0   4   0   2  30  0.40 0.24
   84 D    -4  -4   3   7  -6  -2   1  -4   0  -6  -6  -3  -5  -6  -4  -1  -3  -6  -5  -6    0   0  11  75   0   0   9   0   2   0   0   0   0   0   0   4   0   0   0   0  1.64 0.51
   85 Y    -4  -5  -5  -6  -4  -5  -5  -6  -2  -2   3  -5  -2   6  -6  -4  -4  -1   6  -3    0   0   0   0   0   0   0   0   0   0  26   0   0  40   0   0   0   0  34   0  1.41 0.46
   86 R    -3   7  -3  -4  -5   0  -2  -4  -3  -5  -5   3  -4  -5  -4   1  -3   5  -3  -5    0  63   0   0   0   2   0   0   0   0   0  17   0   0   0   9   0   9   0   0  1.38 0.47
   87 T     3   0  -2   1   0   2   4  -3  -2  -2  -3   0  -3  -4   0  -1  -1  -4  -3  -2   28   4   0   8   2  10  30   0   0   3   2   5   0   0   4   0   2   0   0   2  0.42 0.24
   88 L    -3  -4  -4  -5  -3  -4  -4  -5  -4   2   4  -4   1   2   1  -3   0  -3  -2   2    0   0   0   0   0   0   0   0   0   8  49   0   3   9   7   0   7   0   0  17  0.60 0.26
   89 N    -4  -3   8  -1  -5  -1  -3  -3  -2  -6  -6  -1  -5  -5  -5   1  -2  -6   0  -5    0   0  82   0   0   2   0   0   0   0   0   3   0   0   0   8   1   0   3   0  1.80 0.58
   90 K     1   1   1   2  -4   0   1  -3   0  -4  -4   5  -3  -4  -3  -1  -1  -4  -1  -4   13   6   7  11   0   1   8   0   2   0   0  46   0   0   0   3   2   0   2   0  0.59 0.28
   91 A     1   2  -1  -3  -2   0  -2   0  -2   1   0   0   2   0  -3  -1   0  -3  -1   2   11  13   4   0   0   4   0   8   0   6   7   5   9   6   0   0   7   0   1  18  0.10 0.11
   92 T    -1  -3  -3  -4  -3  -3  -3  -4  -1   1   1  -1   3  -3  -3  -1   5  -4  -3   1    2   0   0   0   0   0   0   0   2   6  15   4   8   0   0   1  51   0   0  10  0.66 0.34
   93 I    -1  -1   0  -2  -2   2   0  -2   0   2  -1   1   0  -2   0  -1   1  -3  -2   1    3   2   5   1   0  11   6   1   3  17   2  10   2   0   5   3  14   0   0  15  0.13 0.11
   94 S     0   0   0   3  -4   3   0   0   0  -3  -1   0  -2  -4   3   0   0   0  -3  -2    5   3   3  19   0  21   3   6   2   0   6   3   0   0  14   7   4   2   0   2  0.32 0.18
   95 D    -2   1   1   4  -3  -2  -1  -2  -3   1   1  -2   3  -1  -1  -2  -1  -4  -3   0    0   9   8  28   0   0   2   1   0  10  16   0  11   2   3   0   2   0   0   7  0.29 0.19
   96 P     0   1  -2  -2  -3   2  -1   1   3  -2  -2   1  -1   2   1   0   0  -3  -1  -2    9   8   0   0   0  15   0  13  10   2   0   8   2  15   6   6   5   0   0   0  0.22 0.16
   97 F     1  -3  -2   1  -3  -3  -2  -1   2  -1  -1  -3  -2   3   1  -1   0   5   4  -2   13   0   0   9   0   0   0   4   7   3   3   0   0  17   7   4   5   9  18   1  0.39 0.21
   98 P    -2  -1   0  -2  -4   0   1  -1  -2  -3  -1  -1  -3  -3   6  -1   0  -3   2  -2    2   2   5   0   0   5  12   4   0   0   9   2   0   0  38   3   7   0   9   3  0.64 0.26
   99 L    -2  -1   0  -3  -1   1  -1  -4   1   2   2  -2   0  -2  -3   1   0  -4  -2   3    0   4   5   0   1   8   2   0   4  16  19   0   1   0   0  11   3   0   0  25  0.23 0.17
  100 P    -2  -3  -4  -4  -5   5  -2  -5  -4  -5  -2  -3  -4  -6   7  -2  -3  -6  -5  -3    2   0   0   0   0  29   0   0   0   0   4   0   0   0  62   1   0   0   0   2  1.79 0.55
  101 R    -2   1   4  -1  -3  -2  -2   2   3  -2   0  -2   2  -3  -2   0  -1  -3  -1  -2    0  10  25   2   0   0   0  17   8   2  12   0   9   0   2   7   2   0   2   0  0.30 0.20
  102 I    -1  -1  -2  -3  -3  -2  -2   2  -3   2   1   0   1  -2   3   0  -2   1  -3   0    1   2   0   0   0   0   0  16   0  19  16   9   3   0  17   7   0   2   0   5  0.27 0.16
  103 D    -1  -3   0   2  -3   1   0  -3  -2   2  -1  -2  -2  -2   5  -1  -1  -3   1  -1    4   0   4  12   0   6   4   0   0  15   7   0   0   0  30   4   4   0   6   2  0.46 0.20
  104 N    -1  -2   2   2  -3   0   2   0  -2  -3  -3  -1  -1  -1   3   1   2  -3  -3  -3    2   0  10  12   0   2  14   5   0   0   1   1   1   4  18  13  16   0   0   1  0.37 0.17
  105 L    -2  -3  -3  -4  -3  -3  -3  -4   4   2   4  -3   1  -2   2  -2  -1  -3  -2   0    1   0   0   0   0   0   0   1  14  15  46   0   2   0   9   2   2   0   0   5  0.53 0.24
  106 L    -1   0  -3  -3  -2  -2  -1  -3  -3   1   2  -2   0   3   3  -1   1  -2  -1   0    3   5   0   1   0   0   5   1   0   6  31   1   0  15  14   2  11   0   0   4  0.27 0.16
  107 S     3   0   1   2  -3  -2  -1   0   0  -3  -4  -2  -3  -4  -2   3   0  -4  -3  -3   30   7   7  15   0   0   2   6   2   0   0   0   0   0   0  26   4   0   0   0  0.43 0.24
  108 R     0   1   0  -2  -3   2  -1   2   0   0   1   1   1  -3  -3   0   0  -3  -2  -2    4   8   3   0   0  16   0  22   2   7  15   7   4   0   0   6   4   0   0   0  0.18 0.14
  109 I    -1  -4  -5  -5  -3  -4  -4  -5  -5   3   5  -4   0  -1   1  -2  -3  -4  -3   1    4   0   0   0   0   0   0   0   0  21  59   0   0   1   7   2   0   0   0   7  0.77 0.32
  110 G     1   0  -2  -2  -3   2  -1   1   4  -2  -3   1  -2  -2   4   0   0  -3  -1  -2   11   4   0   0   0   9   1   9  12   3   0  11   0   2  20   7   5   0   1   2  0.34 0.18
  111 N    -1   2   0  -1  -4   2   0   2   0  -2  -2   3  -1  -4   1   0  -1  -4  -3  -1    1  10   4   3   0   9   4  15   2   1   5  28   1   0   6   4   3   0   0   4  0.26 0.16
  112 A     2   0   1   0   2  -1  -1   2  -2  -3  -1   2  -1  -3  -2   1  -1  -4  -2  -2   25   4   6   6   6   2   0  15   0   0   5  19   2   0   1  10   0   0   1   0  0.25 0.17
  113 Q    -1   2   0  -2  -3   0   0  -3   1  -3  -1   3   1  -3   0  -1   2   4   0  -3    5   9   4   0   0   3   4   0   4   0   6  26   4   0   5   3  15   8   2   0  0.30 0.19
  114 I    -3   1  -2  -3  -4   0  -2  -4   4   1  -2  -2  -2   0   2   0  -3   7   4  -2    0   8   1   0   0   4   2   0  12  10   3   1   1   2  10   9   0  19  16   2  0.63 0.28
  115 F    -3   0  -4  -4  -3  -3  -4  -4  -2   2   1   0   0   5  -4  -3  -3   4   3   1    0   5   0   0   0   0   0   0   0  14  10   6   1  35   0   0   0   5  12  11  0.60 0.22
  116 T    -2  -2  -2  -3  -3  -1  -3  -3  -3   2  -1  -2  -1  -3  -3   2   5  -4  -3  -1    0   1   0   0   0   2   0   0   0  16   5   0   1   0   0  20  55   0   0   0  0.75 0.32
  117 T    -1  -1  -2  -3   1   0  -2  -3  -3   1  -2   3  -1  -3  -3   1   2  -4  -3   3    2   0   0   0   3   3   0   0   0   9   0  24   0   0   0  15  15   0   0  28  0.33 0.20
  118 L    -3  -4  -5  -5  -3  -4  -5  -5  -4   4   5  -4   0   2  -5  -4  -3  -3  -2   0    0   0   0   0   0   0   0   0   0  24  65   0   0  10   0   0   0   0   0   0  0.96 0.31
  119 D    -4  -4  -1   8  -6  -2   2  -4  -3  -6  -6  -3  -5  -6  -4  -3  -3  -7  -5  -6    0   0   0  87   0   0  13   0   0   0   0   0   0   0   0   0   0   0   0   0  1.94 0.48
  120 L    -2  -4  -5  -5   2  -4  -4  -5  -5   2   5  -4   0  -1  -4  -4  -2  -4  -3   2    3   0   0   0   5   0   0   0   0  12  62   0   0   0   0   0   0   0   0  18  0.80 0.27
  121 H    -1   2  -1  -2  -4   0  -1   3   0  -4  -4   4  -1  -4  -3   2   0  -4  -3  -3    3  10   0   0   0   1   0  21   2   0   0  38   1   0   0  19   5   0   0   0  0.54 0.23
  122 S     0  -2   1   5  -4   1   1   1  -2  -4  -5  -1  -4  -5  -3   2  -2  -5  -4  -4    7   0   6  45   0   5   5   8   0   0   0   2   0   0   0  21   0   0   0   0  0.72 0.26
  123 G     4  -3  -3  -3   4  -3  -3   4  -4  -3  -3  -3   1  -4  -3  -1   1  -4  -4  -2   48   0   0   0  10   0   0  29   0   0   0   0   5   0   0   0   8   0   0   0  0.76 0.29
  124 Y    -4  -1  -5  -5  -4  -4  -5  -5  -2   1  -1  -4  -2   7  -5  -4  -4  -1   6  -2    0   5   0   0   0   0   0   0   0   8   1   0   0  50   0   0   0   0  36   0  1.45 0.39
  125 H    -4  -4  -4  -5  -4  -4  -4  -5   5  -2  -1  -4  -2   6  -5  -4  -4   6   4   0    0   0   0   0   0   0   0   0  17   0   3   0   0  42   0   0   0  14  16   8  1.25 0.35
  126 Q     0  -2  -1  -2   2   4   0  -3   4  -4  -2  -1  -2  -4  -3   3   2  -4  -2  -3    4   0   1   0   5  27   4   0  14   0   2   0   0   0   0  26  17   0   0   0  0.57 0.27
  127 I    -2  -4  -3  -4   0  -3  -2  -5   1   5   2  -4   1  -2  -4  -3  -2  -4  -3   3    0   0   1   0   2   0   4   0   4  51  15   0   2   0   0   0   0   0   0  21  0.70 0.26
  128 P    -2   1  -3  -3  -4  -2   0  -2   3  -4  -3   0  -4  -4   7  -2  -1  -5  -2  -3    2   9   0   0   0   0   6   2   9   0   2   5   0   0  56   1   5   0   1   1  1.23 0.33
  129 E    -3  -1  -3   0  -3   0  -1  -4   4   2   4  -3   2  -2  -4  -3  -2  -3  -2   0    0   4   0   7   0   4   3   0  12  10  54   0   5   0   0   0   0   0   0   2  0.50 0.23
  130 P     0  -1  -2   3  -3  -2   0  -3   3  -4  -4  -1  -3  -4   5  -1   1  -4  -1  -3    8   2   0  23   0   0   3   0  11   0   0   1   0   0  34   2  13   0   3   0  0.78 0.25
  131 K     0   0   1   1  -5   1   5  -3  -2  -4  -4   2  -3  -5   0   0  -2  -5  -4  -3    6   4   5   4   0   3  56   0   0   0   0  13   0   0   4   4   1   0   0   1  0.76 0.27
  132 D    -2  -1   0   5  -4  -2   2  -3  -2  -4  -4  -2  -3   3  -1   2  -2  -4  -1  -4    0   3   2  46   0   0  12   0   0   0   0   0   0  15   2  19   0   0   1   0  0.75 0.28
  133 R    -1   4  -2  -2   2   3   0  -3  -2  -2  -3   1  -2  -3  -3   0   0  -3   1   0    3  36   0   0   5  14   4   0   0   1   0   7   0   0   0   9   5   0   6  11  0.42 0.20
  134 Y    -2  -2  -2  -1  -4   2   1  -3   0  -4  -1   2  -2  -1   4   0  -2   7   0  -3    0   0   0   3   0  13   8   0   2   0   6  14   0   3  24   8   0  17   2   0  0.66 0.24
  135 K    -2   2  -3  -4  -4  -2  -2  -4  -1  -1   0   3  -2   0  -4  -3  -3   3   6  -3    1  14   0   0   0   0   0   0   0   3  12  28   0   1   0   0   0   4  37   0  0.75 0.29
  136 T     0  -3  -3  -4  -3  -3  -3  -4  -3  -2   1  -3  -2   4  -3  -1   5  -3  -1   1    8   0   0   0   0   0   0   0   0   0  11   0   0  20   0   0  52   0   0   8  0.71 0.31
  137 A     6  -3  -3  -4   2  -3  -3  -1  -4  -3  -4  -3  -3  -4  -3   2   0  -5  -4  -2   78   0   0   0   4   0   0   2   0   0   0   0   0   0   0  12   4   0   0   0  1.06 0.37
  138 F    -4  -5  -5  -6   0  -5  -5  -6  -4  -2   0  -5  -2   8  -6  -4  -4  -2   1   0    0   0   0   0   2   0   0   0   0   0   5   0   0  85   0   0   0   0   0   8  1.84 0.47
  139 V    -1  -1  -2  -2   0  -2   0   1  -3  -1  -2  -2   0  -4  -3   3   5  -4  -3  -1    0   2   0   0   2   0   5  13   0   3   2   0   3   0   0  22  45   0   0   4  0.53 0.26
  140 T    -1  -3  -3  -1   4  -3  -3  -3  -3   2   2  -3   0   1  -3  -1   2   5  -1   1    2   0   0   5  10   0   0   1   0  12  27   0   0   6   0   2  18   9   0   8  0.35 0.17
  141 P    -2   0  -1  -2  -4   0   1   1   1  -4  -2   0  -3  -4   6   0  -2  -5  -4  -4    0   5   2   0   0   3  13  14   3   0   5   4   0   0  46   6   0   0   0   0  0.91 0.25
  142 S    -1   0   0  -1   1   1  -1   2  -1  -2   1  -1  -1  -2  -1   2  -1  -3   0  -2    2   6   4   2   4   9   2  19   1   1  18   2   0   0   3  19   2   0   5   0  0.13 0.11
  143 G    -2   1  -1  -2  -4   2   1   3   3  -1  -3   2  -2  -4  -1  -1   1  -4  -2  -2    0   6   1   0   0  14   7  28  10   5   0  15   0   0   2   0   9   0   0   3  0.35 0.16
  144 K    -2   4  -1   0  -4   3   0  -3   3  -1  -2   1  -2  -3  -3  -1  -1  -4  -1   0    0  36   1   5   0  17   5   0   9   3   3   4   0   0   0   4   1   0   2   9  0.44 0.19
  145 Y    -4  -4  -4  -5  -4  -4  -4  -5   1  -2   0  -4   5   5  -5  -4  -4  -1   8  -3    0   0   0   0   0   0   0   0   2   0   5   0  17  21   0   0   0   0  56   0  1.50 0.40
  146 E     0   1  -2  -2   1   3   2  -1   0  -1  -2   1  -1  -2  -3  -1   1  -3   2  -1    8   9   0   0   3  22  16   3   1   4   1   8   1   0   0   1   9   0   8   5  0.24 0.14
  147 Y    -4  -4  -5  -5   3  -4  -5  -5  -3  -4  -3  -5  -3   4  -5   0  -4  10   5  -4    0   0   0   0   7   0   0   0   0   0   0   0   0  15   0  10   0  43  25   0  1.89 0.42
  148 T    -2   2   3  -2   2  -1  -1  -3  -1  -3  -1   3  -2  -2  -3  -1   1  -2   3  -3    0  12  18   0   5   0   0   0   0   0   5  31   0   0   0   0  12   0  17   0  0.42 0.19
  149 V    -1   0  -3  -4  -2   1  -3  -4  -3   2   2  -2   2  -2  -3  -2  -1  -4  -2   4    4   7   0   0   0  10   0   0   0   7  17   0   6   0   0   0   0   0   0  50  0.44 0.19
  150 P    -3  -4  -4  -4  -5  -3  -3  -4  -4  -5  -5  -3  -5  -6   8  -1  -1  -6  -5  -4    0   0   0   0   0   0   0   0   0   0   0   0   0   0  94   3   3   0   0   0  2.60 0.45
  151 F    -3  -2  -3  -3  -4   5  -2  -4  -2  -2  -2  -2   4   6  -4  -3  -3  -2   1  -3    0   0   0   0   0  40   0   0   0   0   0   0  13  43   0   0   0   0   4   0  1.03 0.32
  152 G     0  -4  -2  -3  -4  -3  -4   6  -4  -4  -2  -3  -3  -4  -4  -2   0  -4  -4  -4    5   0   0   0   0   0   0  83   0   0   6   0   0   0   0   0   7   0   0   0  1.33 0.30
  153 L    -3  -4  -4  -5  -3  -3  -4  -3  -3   2   3  -4   4   3  -4  -3  -2   7   0   1    0   0   0   0   0   0   0   1   0  11  28   0  14  12   0   0   0  20   2  12  0.74 0.20
  154 V     0   1  -1  -2   2  -1  -1   1  -1   0  -1   3  -1  -3  -2   1   0  -3  -2  -1    4   4   0   0   6   0   0  14   2   5   6  37   0   0   0  10   4   0   0   6  0.21 0.12
  155 N    -1  -2   5  -1   0   0  -2   1   0  -1   1  -2  -1  -3   1  -1   0  -4  -3  -2    6   0  37   0   3   6   0  13   2   2  19   0   0   0   8   0   4   0   0   0  0.34 0.16
  156 A     3  -3  -1   2  -2  -2  -2  -2  -3  -4  -4  -2  -3  -4  -2   5  -1  -4  -3  -3   28   0   0  10   0   0   0   0   0   0   0   0   0   0   0  62   0   0   0   0  0.81 0.29
  157 P    -3  -4  -4  -4  -5  -2  -3  -4  -4  -4  -3  -3  -4  -4   8  -2  -3  -5   1  -4    0   0   0   0   0   1   0   0   0   0   3   0   0   0  87   2   0   0   7   0  2.27 0.41
  158 S     2  -2  -1  -2   0  -2  -2  -1  -2   1  -1  -2  -1   2  -2   2   2  -3  -1  -1   28   0   2   0   2   0   0   2   0  10   3   0   0  12   1  23  16   0   1   0  0.26 0.15
  159 T    -2  -3  -3   0  -2  -3  -3  -4   0   4   2  -3   1  -1  -3  -1   0  -3  -2   1    2   0   0   7   0   0   0   0   4  45  26   0   2   0   0   5   6   0   0   3  0.42 0.17
  160 F    -3  -4  -4  -4   3  -3   0  -3  -2  -2   1  -3  -1   6   2  -3  -3  -1   3  -2    0   0   0   0   9   0   7   1   0   0  12   0   0  49  10   0   0   0  11   0  0.78 0.24
  161 A     1  -1  -2   0   0   7   0   0   1  -4  -4  -1  -2  -5  -2  -1  -2  -4  -3  -4   14   0   0   3   3  66   2   7   2   0   0   0   0   0   1   0   1   0   0   0  0.96 0.32
  162 R    -1   3   3   0  -4   3   0   0  -1  -3  -2   2  -2  -2  -3   0  -1  -3   0  -3    2  20  17   4   0  16   4   6   0   0   5  16   0   2   0   3   1   0   4   0  0.32 0.13
  163 Y     0  -3   0  -2   0  -2  -3  -3  -1   2   0  -2   1   4  -3  -1   0   0   2   2    7   0   7   2   2   0   0   0   1  14   7   1   3  24   0   1   7   1   6  17  0.21 0.11
  164 A     0  -3  -3  -4  -2  -2  -3  -4  -3   3   2  -2   5  -1  -3  -2   1  -3  -1   1    6   0   0   0   0   0   0   0   0  23  22   1  24   0   0   1  12   0   2   9  0.42 0.17
  165 D     0  -2   1   3  -4   2   2  -3   3  -3  -4  -1  -3  -4  -3   1   0  -4  -3  -1    9   0   8  21   0  12  17   0   8   0   0   1   0   0   0  13   6   0   0   5  0.42 0.20
  166 T     1  -1   0  -1  -3  -1  -1  -2   1   1  -1   0  -2  -3   4   1   1  -4  -3  -1   16   3   6   2   0   1   1   1   5  14   3   7   0   0  21   9   7   0   0   2  0.28 0.14
  167 F    -2  -4  -4  -5  -3  -4  -4  -5   0   3   3  -4   1   6  -4  -4  -3   0   0   0    2   0   0   0   0   0   0   0   2  19  30   0   2  37   0   0   0   1   0   4  0.78 0.27
  168 R    -1   5   0  -2  -4   0  -1  -1   1  -4  -1   3  -3  -4  -1   0  -2  -4  -3  -3    4  43   4   0   0   3   3   4   4   0   5  17   0   0   3   7   1   0   0   0  0.57 0.24
  169 D     0  -2   0   3  -4   1   1   1  -2  -4  -4   1  -3  -4   4  -1  -2  -4  -4  -2    9   0   5  18   0   5  10   9   0   0   0  10   0   0  27   3   0   0   0   3  0.55 0.20
  170 L     0  -1  -2  -1   0   1   1  -2  -1   2   1  -1   2   2  -2  -1  -1   0   0   1    6   1   0   2   2   6  13   2   1  16  12   4   9  11   1   4   1   2   1   6  0.09 0.09
  171 R    -2   1   1  -2  -3  -1  -1  -3  -1   1   1   1   0   0   2  -1   0  -3   1   0    0   8  12   0   0   1   4   0   0  10  20  10   1   3  13   4   4   0   6   4  0.15 0.11
  172 F    -2  -2  -1  -2  -3  -1  -2  -2   4   1  -1  -3  -1   4   0  -2   0   2   2   1    0   1   3   1   0   3   1   2  15  12   4   0   1  23   4   1   5   3   7  12  0.32 0.18
  173 V    -1  -4  -4  -4   6  -4  -4  -4  -4   4   2  -4   1  -1  -4  -2  -1  -4  -3   3    2   0   0   0  18   0   0   0   0  31  17   0   2   2   0   2   3   0   0  21  0.64 0.24
  174 N    -1  -3  -2  -4   2  -1  -2  -2   0   2   2  -3   0   1  -4  -3  -2  -2   4   2    3   0   1   0   6   4   1   3   3  16  25   0   1   3   0   0   0   0  18  14  0.32 0.17
  175 V    -1  -2  -2  -3   3   4   0  -3   3   0  -1  -2  -2  -3  -3   2   0  -4  -3   2    3   0   0   0   8  28   3   0   8   5   7   0   0   0   0  17   3   0   0  17  0.40 0.24
  176 Y    -5  -5  -5  -6  -5  -4  -5  -6   3  -4  -4  -5  -4   0  -6  -5  -5  -1   9  -4    0   0   0   0   0   0   0   0   5   0   0   0   0   0   0   0   0   0  94   0  2.74 0.67
  177 L    -3  -4  -5  -5  -4  -3  -5   1  -4   2   1  -4   8  -2  -5  -4  -3   1  -3   2    0   0   0   0   0   0   0  10   0  11   6   0  57   1   0   0   0   2   0  12  1.27 0.45
  178 D    -4   0  -1   8  -6   1  -1  -4  -4  -6  -6  -3  -6  -6  -4  -3  -4  -7  -6  -6    0   5   0  90   0   6   0   0   0   0   0   0   0   0   0   0   0   0   0   0  2.08 0.56
  179 D    -4  -4  -1   8  -6  -3   1  -4   1  -6  -6  -3  -6  -6  -4  -3  -4  -7  -5  -6    0   0   0  90   0   0   8   0   3   0   0   0   0   0   0   0   0   0   0   0  2.12 0.56
  180 I    -3  -5  -5  -5  -3  -4  -5  -5  -5   5   3  -4   0   2  -5  -4  -3  -4  -2   3    0   0   0   0   0   0   0   0   0  46  27   0   1   7   0   0   0   0   0  19  0.90 0.31
  181 L    -3  -4  -5  -5  -3  -4  -5  -5  -3   2   4  -4   0   0  -5  -4  -3   2   4   2    0   0   0   0   0   0   0   0   0   9  57   0   0   2   0   0   0   3  17  13  0.85 0.31
  182 I    -3  -4  -5  -5   2  -4  -5  -5  -5   5   3  -4   0  -2  -5  -4  -2  -4  -1   4    0   0   0   0   4   0   0   0   0  35  28   0   0   0   0   0   0   0   2  31  0.84 0.30
  183 F     3  -4  -3  -4   3  -3  -3   3   0  -2  -3  -3  -3   3  -4   0  -2  -2   3  -2   26   0   0   0   7   0   0  29   2   2   0   0   0  14   0   5   0   0  13   1  0.55 0.25
  184 S     3  -3  -2  -3  -1  -2  -2  -1   4  -4  -4  -3  -4  -4  -3   5   0  -5  -3  -4   22   0   0   0   1   0   0   4  12   0   0   0   0   0   0  58   2   0   0   0  0.96 0.39
  185 E    -2   0   2   4   0   0   1  -3  -2  -3  -3   2   3  -4   2  -1  -1  -5  -4  -3    1   2  12  25   2   2  10   0   0   0   0  18  10   0  12   3   4   0   0   0  0.48 0.22
  186 S    -1   0   1   1  -3  -1   1  -2  -1  -4  -3  -1  -2  -4  -3   4   3  -5  -3  -3    1   6   7   8   0   0  11   1   1   0   2   0   1   0   0  43  18   0   0   0  0.56 0.28
  187 P     0   0  -1  -1  -3   2   1  -2   0   1   0   1  -1  -2   1  -1  -1  -3  -1   0    8   5   1   2   0  11  14   2   2  12  11  10   0   0   6   3   3   0   3   8  0.10 0.08
  188 E    -1   1  -1   3  -4   2   4   0   1  -4  -3   2  -2  -4  -3   0   0  -4  -3  -4    2   7   0  15   0   9  35   6   4   0   2  11   1   0   0   4   4   0   0   0  0.51 0.22
  189 E    -1  -2  -2   1  -5   3   5  -3   5  -3  -3   1  -1  -4  -3  -2  -1  -4  -3  -3    3   0   0   8   0  14  40   1  17   1   2   7   2   0   0   0   4   0   0   1  0.74 0.30
  190 H    -3  -1  -1  -4   2  -3  -3  -5   9  -3   2  -4   0  -3  -4  -4  -4  -5  -2  -2    1   2   2   0   5   0   0   0  60   0  26   0   2   0   0   0   0   0   0   3  1.53 0.47
  191 W    -2   2   0   1  -3   1   1  -3  -2   0   1   1   0  -2  -3  -1   0   1   1  -1    0  14   5   8   0   8  12   0   0   8  15   8   2   0   0   3   5   3   5   3  0.16 0.15
  192 K     1   1   1   0  -4   3   2  -2   0  -1  -3   3  -2  -4  -3   1   0  -4  -3  -3   11   8   5   4   0  16  13   2   2   4   2  18   0   0   0  12   4   0   0   0  0.33 0.22
  193 H     0  -1  -1  -1   3   0  -2  -1   5   1   1   0  -1  -2  -2  -1  -1  -4  -1   0   10   1   2   3   8   3   0   5  18  13  17   8   0   0   1   2   2   0   1   6  0.21 0.19
  194 L    -2  -4  -4  -4  -3  -4  -4  -3  -3   2   2  -4  -1   2  -4   0   1  -2   4   3    0   0   0   0   0   0   0   2   0  13  18   0   0   8   0   8   8   0  16  27  0.49 0.29
  195 D     0   1   0   1  -3   1   2  -1   1  -2  -1   0  -2  -3   0   0   2  -4  -1  -2    7  10   3   6   0   7  20   3   4   1   7   5   0   0   4   6  14   0   3   1  0.20 0.15
  196 T     1  -1  -1   0  -3   2   2  -3   2   0  -1   0   1   0  -3   0   0  -3  -2  -1   15   2   2   3   0  13  18   0   7   5   7   6   5   5   0   4   5   0   0   3  0.18 0.17
  197 V    -3  -4  -5  -5  -3  -4  -5  -6  -5   2   4  -4   2   1  -5  -4  -1  -4  -3   4    0   0   0   0   0   0   0   0   0  12  42   0   5   4   0   0   4   0   0  32  0.85 0.38
  198 L    -1   3  -3  -4   3   0  -3  -4  -3   0   2   1   1   2  -4  -2   1  -3  -2  -1    5  21   0   0   8   4   0   0   0   6  28   8   2   9   0   0   9   0   0   2  0.34 0.24
  199 E     1   0   3   0  -4   3   2  -1  -2  -4  -4   0  -1  -4  -3   1   0  -4  -3  -2   14   3  14   3   0  18  18   2   0   0   0   6   2   0   0  12   4   0   0   3  0.40 0.26
  200 R    -1   2  -2  -2   0  -1   1  -3   4   0   0   1  -1   2  -3  -1   0  -3   0  -1    5  15   0   0   3   0   9   0  12   7  12   9   1  13   0   3   6   0   2   4  0.18 0.16
  201 L    -3  -5  -5  -6   3  -4  -5  -6  -5   0   5  -5   0   2  -5  -4  -2   1  -2   1    0   0   0   0   7   0   0   0   0   3  69   0   0  10   0   0   1   2   0   7  1.01 0.41
  202 K     0   1   1  -2  -3   1   0  -1  -2  -1   2   1   0  -2  -3   0   0  -3  -2  -1   10   9   9   0   0   6   6   5   0   3  26  12   1   0   0   7   5   0   1   0  0.13 0.14
  203 N     0   0   2   2  -4   2   2  -1   0  -4  -3   2  -3  -3  -3   1   0   0   0  -3    5   3  10  11   0  11  17   3   1   0   2  14   0   0   0  14   4   1   4   0  0.33 0.19
  204 E     1  -3   0  -3  -3  -2   0  -4   4  -1   2   0   0   0  -4  -2  -2   7   2  -1   15   0   4   0   0   0   6   0  13   2  23   5   1   3   0   0   1  15   9   3  0.48 0.27
  205 N    -3  -5   3  -3  -5  -2  -4   7  -4  -6  -6  -4  -5  -5  -5  -3  -4  -5  -2  -6    0   0  13   0   0   2   0  83   0   0   0   0   0   0   0   0   0   0   2   0  1.78 0.57
  206 L    -3  -4  -5  -5  -1  -4  -5  -5  -1   3   3  -4   0   5  -5  -4  -3  -2   3   1    0   0   0   0   1   0   0   0   2  24  33   0   2  26   0   0   0   0   9   5  0.79 0.33
  207 I    -1   2  -2  -2  -3   1   1  -3   4   1  -2   1   0  -2   0   0   1  -3   2   0    4  13   0   0   0   6   8   0  13  12   0   8   3   0   4   6   9   0   7   6  0.20 0.17
  208 V    -1  -4  -4  -4   2  -3  -4  -4  -4   3   3  -4   0  -2  -4  -2   3  -4  -3   2    5   0   0   0   5   0   0   0   0  23  27   0   1   0   0   1  21   0   0  17  0.53 0.28
  209 K     1  -3   4  -2  -4  -1  -2  -3   0  -5  -5  -1  -4  -5   4   4  -2  -5  -4  -4   13   0  22   0   0   2   0   0   2   0   0   2   0   0  24  36   0   0   0   0  0.88 0.41
  210 K     0  -1  -1   2  -3   1   1  -2  -2  -2   0   1  -2   0   3   0   0  -4  -2  -1    7   2   0  16   0   6   9   1   0   0  12  11   0   5  14   7   5   0   0   4  0.21 0.15
  211 K    -1  -1   1   4  -5   0   4  -3  -2  -5  -5   4  -4  -5  -3  -2  -1  -5  -4  -4    5   0   6  21   0   3  28   0   1   0   0  33   0   0   0   1   2   0   0   0  0.79 0.36
  212 K    -4   0  -3  -4  -6   0  -2  -5  -4  -6  -6   8  -4  -6  -4  -3  -4  -6  -5  -5    0   2   0   0   0   2   0   0   0   0   0  96   0   0   0   0   0   0   0   0  2.11 0.72
  213 C     0  -2  -2  -3   4  -2  -3  -3   2   1   0  -3   1   1  -3   1   3  -3  -1   1    9   2   0   0  10   1   0   0   7   8   6   0   5   6   0  10  27   0   1   9  0.30 0.22
  214 K    -1   0  -1  -3  -5   7   1  -4  -1  -2  -4   3  -3  -2  -4  -1   0  -5  -4  -4    3   3   2   0   0  54   7   0   1   3   0  18   0   2   0   3   5   0   0   0  1.00 0.46
  215 F    -2   0  -2  -3  -3   0   0   1  -3   1   1   2  -1   3   0  -2   0  -3  -1  -1    1   3   0   0   0   5   5  15   0  12  13  18   0  18   4   0   5   0   0   2  0.17 0.18
  216 E    -1  -2   0   1   0   1   3  -1   4  -4  -4   1  -3  -2  -3   1   1  -3   3  -3    4   0   2   6   2   7  23   4  12   0   0   7   0   0   0  11   9   0  11   1  0.35 0.23
  217 E    -2   1  -1   0  -5   2   2  -4   1  -5  -4   0  -4  -5   5   0   0  -5  -4  -4    1   6   1   6   0  13  16   0   3   0   0   5   0   0  35   8   6   0   0   0  0.81 0.33
  218 T     0  -4  -3  -4  -3  -3  -4  -4  -4   2   1  -3  -1  -3   5  -3   0  -4  -2   3    7   0   1   0   0   0   0   0   0  15  12   0   0   0  28   0   7   0   2  27  0.67 0.31
  219 E    -2   0   2   0  -4   2   2  -2   4  -3  -1   2  -2  -4  -1  -1   1  -4  -2  -2    0   3  14   5   0  11  17   1  13   0   7  13   1   0   3   2  10   0   0   2  0.35 0.22
  220 F    -5  -5  -6  -7  -5  -5  -6  -6  -3  -2  -3  -6  -3   7  -6  -5  -5   8   6  -4    0   0   0   0   0   0   0   0   0   2   0   0   0  51   0   0   0  24  23   0  2.12 0.63
  221 L    -4  -5  -6  -6  -4  -4  -5  -6  -5   0   5  -5   7  -2  -5  -5  -4  -4  -4  -2    0   0   0   0   0   0   0   0   0   2  67   0  31   0   0   0   0   0   0   0  1.50 0.55
  222 G    -3  -5  -3  -4  -6  -5  -3   7  -5  -7  -7  -4  -6  -6  -5  -3  -5  -6  -6  -6    0   0   0   0   0   0   2  98   0   0   0   0   0   0   0   0   0   0   0   0  2.30 0.68
  223 Y    -3  -4  -4  -5  -5   1  -4  -5   3  -3  -1  -4   2   4  -5  -2  -3  -1   7  -2    1   0   0   0   0   8   0   0   6   0   6   0   5  19   0   3   1   0  47   2  1.16 0.46
  224 S    -2  -2   0  -1  -3   2   3  -3   0   1  -1   1   0  -3  -3   0  -1  -4  -3   2    0   0   4   2   0  11  28   0   3  11   4   7   3   0   0   6   2   0   0  19  0.30 0.22
  225 I    -3  -4  -5  -5   0  -4  -5  -5  -5   5   4  -4   0  -1  -5  -4  -3  -4  -3   2    0   0   0   0   2   0   0   0   0  46  36   0   0   2   0   0   0   0   0  13  0.97 0.38
  226 G    -1  -2   0   1  -1   0   0   2   5  -3  -3   0  -3  -3  -3   2   2   0  -1  -3    2   0   3   8   1   3   5  14  18   0   1   4   0   0   0  17  19   2   2   0  0.38 0.22
  227 I    -2  -2   1   0   1   0   2   0  -1  -3  -4   1  -3  -4   5   1  -2  -4  -3  -3    2   0   6   5   4   4  14   8   1   2   1   7   0   0  35  10   0   0   0   0  0.66 0.27
  228 Q    -1   1   1   3  -4   1   1   2  -1  -3  -3   2  -3  -3  -1  -1  -1   4  -1  -3    2   7   5  17   0   7  11  16   1   0   2  13   0   0   2   3   3   7   2   0  0.31 0.16
  229 K    -2  -1  -1  -2  -4   0  -1   4   1  -3  -4   4  -1  -4  -3   0   1  -4  -2  -2    0   1   2   0   0   3   3  35   4   2   0  32   1   0   0   4   8   0   2   2  0.55 0.28
  230 I    -2   2  -3  -4  -3  -3  -3  -4   1   4  -1  -3   0   0  -4  -1   0   7   0   2    1  13   0   0   0   0   0   0   4  26   3   0   2   3   0   4   6  18   2  17  0.58 0.28
  231 A    -1   0  -1  -2   1  -2  -1  -1  -3  -2   1   3  -2  -3  -3   0   2   6  -2  -1    3   3   2   1   3   0   3   3   0   0  14  26   0   0   0   8  18  12   0   3  0.37 0.25
  232 P    -1  -4  -2  -4  -3  -3  -2  -4  -4   1   2  -3  -2   1   6  -2  -2  -4   0   1    4   0   2   0   0   0   2   0   0   9  22   0   0   5  40   2   2   0   3   9  0.76 0.30
  233 L    -2  -2   1   2  -1   6   0  -3   0  -4  -2  -1  -3  -4  -2  -1   2  -4  -3  -3    2   0   8  11   1  46   4   0   2   0   4   0   0   0   2   3  14   0   0   2  0.74 0.38
  234 Q    -1   0   0   2  -4   1   1  -1  -2  -4  -2   3  -3  -4   4  -1  -2  -4  -2  -3    2   2   4  13   0   5   7   5   0   0   3  26   0   0  26   2   1   0   1   0  0.56 0.25
  235 H     0   0   0  -2  -3  -1   0  -2   5   2  -1   1  -1  -2  -3  -1  -1   5   1   0    7   4   4   2   0   0   5   2  23  15   3   9   1   0   0   5   3   8   4   5  0.32 0.21
  236 K    -2   1  -1  -2  -4   3   1  -4   1   2  -1   3  -2  -1  -2  -2   0  -4  -2   0    0   9   1   0   0  16   7   0   4  19   2  23   0   3   2   0   7   0   0   7  0.32 0.24
  237 C    -2  -1  -3  -4   1  -2  -3  -4  -3   3   3   0   1  -2  -4  -1   0   0  -1   2    1   3   0   0   3   1   0   0   0  17  32   7   3   0   0   5   4   1   2  20  0.34 0.21
  238 A    -1   1   0   1  -3   3   2  -3   0  -2  -1   0  -2  -3   3   0   0  -4  -3  -1    3   9   5   6   0  14  18   0   2   1   7   5   0   0  15   5   5   0   0   3  0.31 0.17
  239 A     1   0  -1  -2  -3  -1   2  -3   0  -1  -2   4  -1  -3   1   0   1  -4  -3  -1   12   2   2   0   0   0  14   0   3   4   2  34   1   0   6   3  10   0   0   4  0.33 0.22
  240 I    -2  -1  -3  -3  -2  -2  -3  -3  -3   5   1  -1   1  -1  -2  -2   0  -3  -2   2    2   3   1   1   0   1   1   2   0  47  14   3   3   1   1   2   6   0   1  11  0.47 0.20
  241 R     0   2   0  -1   0   2   0  -2   0   0   0   1   0  -2  -1   0   0  -2  -1   0    4  14   3   3   2  11   6   2   3   4  12   9   3   1   1   8   7   0   1   7  0.09 0.06
  242 D    -1   1   1   1  -3   2   2   1   1  -3  -2   2  -2  -3   0   0   0  -3  -2  -2    2   4   7   9   0   8  13  10   4   1   3  21   0   1   5   5   4   0   1   1  0.22 0.11
  243 F    -2  -2  -2  -1   0   0  -2  -1   0   2   1  -1   0   3  -2  -2  -2   3   3   0    2   1   1   3   2   5   2   4   2  20  11   3   3  14   1   1   1   5  13   5  0.20 0.12
  244 P    -2  -2   0   2  -4  -1  -2  -2   0  -3  -3   3  -3  -4   6  -1   0  -4  -4  -3    1   0   5  10   0   2   0   2   2   2   2  22   0   0  42   4   5   0   0   0  0.91 0.34
  245 T    -1   0  -1   1  -3   1   2  -2   0   0  -2   1  -2  -3   1   0   2  -3  -2   1    4   5   1  11   0   7  14   0   3   5   1   7   0   0   5   8  15   0   0  14  0.18 0.13
  246 P    -2   0  -1  -3  -4   0   0  -2  -3  -1   0  -1  -2  -3   6   0  -2   0  -3   0    2   6   3   0   0   3   5   2   0   4  13   4   0   0  43   6   1   1   0   6  0.72 0.28
  247 K    -1   0  -2  -2  -3   0   0  -1   1   1  -1   2  -2  -2  -1  -2   0   7  -1  -1    3   3   0   2   0   4   7   5   4  12   6  19   0   0   3   0   8  20   1   2  0.43 0.24
  248 T    -2  -3   1   4  -1  -3  -2  -3  -3  -4  -4  -1  -4  -5  -2   2   5  -5  -4  -3    2   0   7  25   2   0   0   0   0   0   0   3   0   0   1  12  48   0   0   0  0.90 0.43
  249 V    -2   1  -4  -3  -3  -2  -3  -4  -4   0   3   0  -1  -2   0  -3  -1   6   0   3    2   7   0   1   0   1   0   0   0   2  29   7   0   0   6   1   2  12   3  27  0.45 0.27
  250 K    -2   2   5  -1  -5  -1  -1  -2   1  -5  -4   4  -4  -5  -2  -2   0   0  -2  -4    1   9  37   2   0   0   1   1   3   0   1  35   0   0   2   0   5   1   2   0  0.83 0.39
  251 Q    -2  -2  -1   4   2   4   3  -2   0  -1  -4   0  -3  -5  -3   0  -2  -5  -4   0    0   0   1  28   5  23  17   2   2   3   0   5   0   0   0   5   0   0   0   8  0.58 0.31
  252 A    -1  -4  -5  -5   4  -4  -5  -5  -4   4   3  -4   1   2  -5  -4  -3  -3  -2   1    4   0   0   0  12   0   0   0   0  27  35   0   2  12   0   0   0   0   0   9  0.70 0.29
  253 Q    -3   4  -3  -3  -6   8   0  -5  -3  -6  -5   0  -4  -6  -4  -3  -4  -5  -4  -5    1  21   0   0   0  72   4   0   0   0   0   2   0   0   0   0   0   0   0   0  1.78 0.63
  254 R     0   4   0  -2  -4   1   0  -2  -2  -4  -4   4  -3  -5  -3   1  -1  -5  -4  -3    8  27   4   0   0   5   6   2   0   0   0  33   0   0   0  13   1   0   0   1  0.64 0.30
  255 F    -4  -4  -5  -6  -4  -4  -5  -5  -4   2   4  -5   1   5  -5  -4  -3   1   0   0    0   0   0   0   0   0   0   0   0  13  43   0   2  34   0   0   0   2   1   5  0.95 0.36
  256 L    -2  -4  -5  -5  -3  -4  -5  -5  -5   2   4  -4   2  -2  -5  -4  -1  -4  -3   4    2   0   0   0   0   0   0   0   0   7  51   0   3   0   0   0   4   0   0  34  0.86 0.35
  257 G    -1  -5  -3  -2  -5  -4  -1   7  -5  -7  -6  -4  -5  -6  -5  -3  -4  -5  -6  -6    2   0   0   2   0   0   4  92   0   0   0   0   0   0   0   0   0   0   0   0  2.00 0.58
  258 I    -3  -4  -2  -3  -3  -4  -3  -5  -4   4   4  -4   1   1  -5  -4   0  -4  -2   0    0   0   2   2   0   0   1   0   0  30  51   0   1   6   0   0   5   0   0   1  0.76 0.32
  259 N    -2  -3   6  -2   0   2  -2   3  -2  -4  -3  -2  -4  -5  -4   0   0  -5  -4  -2    2   0  51   0   2   9   0  19   0   0   3   0   0   0   0   5   5   0   0   4  0.87 0.37
  260 Y    -5  -5  -6  -6  -5  -2  -5  -6  -3  -4  -3  -5  -3   5  -6  -5  -5  10   6  -1    0   0   0   0   0   1   0   0   0   0   0   0   0  23   0   0   0  39  31   5  2.15 0.59
  261 Y     3  -4  -4  -4   3  -3  -4  -3  -3   2   0  -3   0  -1  -4  -2  -2   4   4   2   35   0   0   0   7   0   0   0   0  11   8   0   1   0   0   0   0   5  17  15  0.54 0.29
  262 R     2   6  -3  -3  -3  -2  -2  -3  -3  -4  -2  -1  -3  -4  -4   2  -2  -5  -4  -2   22  50   0   0   0   0   1   0   0   0   4   0   0   0   0  20   0   0   0   2  0.87 0.39
  263 R    -3   1   1   0  -5   4  -1  -3   3  -4  -1   1  -3  -4   5  -2  -2  -5  -3  -3    0   8   6   5   0  24   0   1   9   0   6   9   0   0  28   1   1   0   0   2  0.68 0.30
  264 F    -2  -4  -4  -5  -4  -4  -4   1  -3   2  -1  -4  -2   6  -5  -2  -2   5   3  -2    2   0   0   0   0   0   0  11   0  12   4   0   0  46   0   3   1   7  11   0  0.91 0.34
  265 I    -3  -4  -4  -4  -3  -4  -4  -5  -3   5   1  -4  -1   0  -4  -3   2  -2   5   2    0   0   0   0   0   0   0   0   0  38  11   0   0   2   0   0  15   0  22  10  0.70 0.31
  266 P    -3  -2  -4  -3  -5   1   0  -3  -2  -5  -5   3  -4  -6   7  -3  -3  -6  -5  -5    1   1   0   0   0   5   6   1   1   0   0  23   0   0  62   0   0   0   0   0  1.67 0.50
  267 N     0   0   3   1  -3  -2   0   3  -1  -1  -1   0  -2  -4  -3  -1   0  -4  -3  -2    7   4  16   8   0   0   7  32   2   5   5   5   0   0   0   0   7   0   0   1  0.32 0.18
  268 C    -3  -4  -1  -4   4  -3  -4  -4  -3   2   2  -4  -1   4   1  -3   0  -2   3   0    0   0   5   0  10   0   0   0   0  13  22   0   0  20   7   0   7   0  12   5  0.44 0.22
  269 S     3   2  -2  -3  -3  -1  -2  -1  -3  -1  -1   2   2  -3  -1   1   1  -4  -3  -2   32  12   0   0   0   0   0   4   0   4   4  13   7   0   2  13  10   0   0   0  0.31 0.22
  270 K     0   1  -1   1  -3   1   2  -1  -2  -1   0   2  -1  -3   1   0  -1  -3  -1  -1   10   6   0   8   0   7  16   4   0   5   9  16   1   0   8   6   0   0   2   2  0.16 0.11
  271 I    -2  -3  -3  -1  -3  -2  -1  -3   0   3   3  -3   2  -1   1  -2  -1  -3  -1   0    2   0   0   3   0   0   6   1   3  27  35   0   6   0   7   2   3   0   2   2  0.35 0.20
  272 A     2   2  -3  -4   0  -2  -3  -3  -3   0   2  -2   2  -1  -3  -1   0  -3   1   1   19  13   0   0   2   0   0   0   0   4  30   1   5   0   0   2   7   0   7   9  0.26 0.19
  273 Q     1   2  -2  -2  -3   2   1   1   1  -3  -3   3  -2  -3  -2   0  -2  -4  -1  -2   16  10   0   0   0  11  11  12   5   0   2  26   0   0   0   3   0   0   2   2  0.35 0.20
  274 P    -1  -3  -4  -4   3  -1  -2  -3   3  -4  -3   1  -4  -5   7  -1  -3  -6  -4  -3    4   0   0   0   8   2   1   1   7   0   3   8   0   0  62   3   0   0   0   2  1.52 0.46
  275 I    -3  -4  -5  -5  -3  -4  -5  -5  -5   3   5  -2   4   0  -5  -4  -3   0  -3   0    0   0   0   0   0   0   0   0   0  18  63   2  13   2   0   0   0   1   0   1  0.98 0.37
  276 T    -2  -1   0  -2  -1   2  -2  -3  -2  -2  -3  -2  -2   1  -3   0   4  -2   4   0    2   2   5   2   1  13   1   0   0   0   0   0   0   7   1   7  34   0  21   6  0.49 0.29
  277 E     1  -1   0   3  -3   1   2  -2  -2  -2  -1   1  -2  -2   1   1  -1  -4  -3  -2   14   2   3  20   0   4  17   1   0   1   9   8   0   1   5  10   2   0   0   1  0.23 0.14
  278 K     0  -1  -1  -1   1   1   2  -2  -2  -2   1   2   1  -3  -2  -1   2  -3  -3  -2    9   0   1   1   3   4  19   1   0   1  15  20   4   0   0   2  19   0   0   0  0.24 0.18
  279 Q     0  -1  -2   0   1   3   2  -3   0   0   1  -1   1  -2  -3  -1   0  -3  -2  -1    6   2   0   5   4  21  17   0   3   7  19   2   4   0   0   0   7   0   0   1  0.23 0.17
  280 D     1   2  -1   0  -3   3   3  -3  -2  -3  -2   3  -2  -4  -1   0   1  -4  -3  -2   11   9   0   5   0  17  19   0   0   0   2  19   0   0   1   4  10   0   0   3  0.37 0.19
  281 K    -1   0   1   0  -3   1   2   0   0  -1  -1   2  -1   1  -2  -1  -1  -3  -2   0    4   4  10   2   0   8  18   6   2   4   5  17   0   7   0   2   0   0   0  10  0.14 0.12
  282 A     3   0   0  -1   0   2   1  -1  -2  -2  -1   1  -1  -3  -2   0   1  -3  -3  -1   32   2   3   3   2   9  11   3   0   0   4  11   1   0   0   3  11   0   0   3  0.22 0.15
  283 I    -2  -3  -2  -4  -3  -2  -3  -4  -3   1   1  -1   0   5  -4  -2  -1   5   1   2    2   0   1   0   0   1   0   0   0   8  14   4   2  31   0   1   5  10   2  18  0.50 0.22
  284 D     0   0   3   1  -3   2   2  -1  -1  -2  -3   1  -1  -2  -2   1   1  -4  -3  -2    7   2  16   5   0   8  17   3   0   2   0  12   1   2   0  10  12   0   0   2  0.25 0.15
  285 K    -1   0   1   0   0   0   1  -1   2   0   1   2  -1  -2   0   0  -1  -3  -1  -1    3   3   8   3   2   4  14   2   6   5  19  16   0   0   4   6   1   0   2   3  0.10 0.10
  286 L     0  -3   0  -3  -2  -1  -1  -3  -3   2   3  -2   1   1  -3  -2   0  -3   0   1    8   0   5   0   0   2   3   0   0  16  41   2   2   4   0   0   5   0   3   6  0.29 0.17
  287 K     0   2  -1  -1  -4   1   2  -3  -1  -2  -3   5  -3  -3  -1  -1  -2  -3   1  -3    8   9   1   3   0   5  13   0   1   3   0  44   0   0   2   3   0   0   7   0  0.52 0.25
  288 D     0   0   1   1  -3   2   2   1   0  -3  -2   2  -2  -4   0   1  -1   0  -3  -3    7   3   6   6   0   8  17   9   2   1   3  21   0   0   5  10   0   1   0   0  0.26 0.14
  289 A     3  -1   0   0   0  -1   0  -2  -2   1   0  -1  -1  -1  -3   0  -1   2   0   1   33   4   4   6   2   2   5   0   0  10  11   2   0   1   0   3   3   4   4   8  0.13 0.13
  290 P    -1  -2  -3  -2  -3   0   1  -4   2   0   2  -1  -1   0   4  -2  -1  -3   0  -2    3   0   0   0   0   3  13   0   8   7  28   2   0   4  23   1   4   0   4   0  0.38 0.19
  291 F    -1   0  -2  -2   0   0   0  -2   1   1   2  -1   0   1   0  -1  -1   2   1   0    4   7   0   0   2   3   6   2   5  13  24   4   0   6   4   3   3   3   7   3  0.08 0.08
  292 N    -1  -1   1   2  -2   2   2  -1   1  -2  -2   1  -2  -3   1   1   1  -3  -1  -2    2   0   7  11   1  10  14   2   3   3   3  11   0   0   6  15   9   0   2   0  0.23 0.12
  293 N    -1   0   3  -2  -4  -1   0  -3  -2  -2  -2   1  -3   2   4   0  -2   3  -2  -3    6   4  22   0   0   1   4   0   0   2   2  12   0  13  24   5   0   5   0   0  0.50 0.22
  294 K     0   0  -1   0  -4   3   3  -3  -2  -4  -3   2  -3  -4   3   1   0  -4  -2  -3    6   2   2   2   0  15  21   0   0   0   2  16   0   0  16   8   7   0   1   0  0.46 0.20
  295 A     0   1   1  -1  -3   0   0   0   0   0  -1   3   0  -3   2  -1   0  -3  -1  -2    8   5  10   2   0   1   6   6   2   7   6  28   3   0  10   1   4   0   2   0  0.19 0.13
  296 N    -1  -2   0  -1  -3   1   1  -2  -2   1   0   1  -1  -3   4   1  -1  -4  -3   0    2   0   5   2   0   7   8   2   0  15  10   8   0   0  21  13   0   0   0   5  0.28 0.15
  297 Y    -2  -1  -3  -4   1  -1  -3  -3   2   0   2   0  -1   4  -4  -2  -1   1   2   0    2   3   0   0   4   2   0   1   8   4  23   8   0  28   0   0   3   2   8   4  0.35 0.18
  298 R    -1   1  -1   0   2   2   1  -1   1   1  -1   0  -1  -1  -3   0   0  -2   3  -1    2   8   1   4   7  13   8   5   3  14   3   3   0   0   0   6   5   0  15   3  0.13 0.12
  299 L    -1  -3  -1  -3  -1   1  -2  -4  -1   2   3  -2   1  -2  -3  -2   0  -3  -2   2    6   0   3   0   1  10   1   0   1  14  42   1   1   0   0   0   5   0   0  14  0.36 0.19
  300 T    -2  -2  -2  -1  -4   1   5  -4  -2  -1  -1  -1  -2   2  -3  -2   1  -1   2  -2    3   0   0   0   0   7  47   0   0   4   5   1   0  11   0   0  11   1   9   2  0.56 0.28
  301 T     1  -2  -2  -3  -3   3  -1  -3  -1   0  -2  -1  -2  -1  -3   0   5  -4   0   1   11   0   0   0   0  15   2   0   1   6   0   1   0   2   0   2  47   0   4   9  0.53 0.29
  302 D    -2  -3   0   6  -5  -1   3  -1  -3  -5  -2  -2  -4  -5  -1   0  -3  -5  -4  -4    1   0   2  56   0   1  23   5   0   0   4   0   0   0   2   4   0   0   0   0  1.02 0.34
  303 A     4  -3  -1  -3  -3  -2   1   2   0   1  -2  -1  -2  -3   1  -1  -2  -4  -3   0   46   0   2   0   0   0  10  15   2  10   0   2   0   0   7   0   0   0   0   7  0.40 0.22
  304 S     0  -1  -1  -2   2   0  -1  -2   0  -2  -1   0  -2  -3  -3   4   3  -4  -2  -2    7   2   1   0   5   5   2   0   2   2   6   3   0   0   0  38  27   0   1   0  0.46 0.25
  305 K    -1  -1   2   1  -4   1   1   0  -1  -4  -4   3  -1  -2   2  -1  -2  -3   3  -3    3   0  11   9   0   4   8   8   0   0   0  29   2   0  12   2   0   0  12   0  0.38 0.20
  306 D    -2  -2   0   1  -3   2   1   0   2  -2  -2   0  -2  -2  -3   0   3   1   3  -1    0   0   2   9   0  16   6   7   5   2   3   3   0   0   0   7  22   2  12   4  0.24 0.17
  307 G     2  -2  -1  -2  -3   1  -2   3  -2  -2  -1   0  -2   1  -3   0  -1  -3   1  -1   27   0   2   0   0   8   0  25   0   1   7   6   0   8   0   7   3   0   5   2  0.25 0.15
  308 I     0  -3  -2  -3   1   0   0  -3  -3   2   1  -3  -1  -1  -1  -2  -2   8   0  -1    7   0   2   0   3   4   9   0   0  15  19   0   0   0   3   3   2  26   2   3  0.60 0.22
  309 G     1  -1  -2  -2  -3  -1   0   5   2  -2  -4   0  -3  -4  -3   1  -2  -4  -3  -3   14   3   0   1   0   3   5  51   6   3   0   5   0   0   0   8   0   0   0   0  0.64 0.23
  310 A     3  -1  -2  -2  -2   1   0   2  -2  -1   0   1  -2  -3  -2   0  -1  -4  -3  -1   36   1   0   0   0   8   6  18   0   4  11  10   0   0   0   2   2   0   0   2  0.27 0.17
  311 V    -1  -3  -3  -2   3  -1   0  -2  -3   2  -1  -2   0  -2   1   0  -1   4  -2   4    1   0   0   1   9   2   6   2   0   9   0   1   2   0   8   9   0   6   0  43  0.38 0.21
  312 L    -3  -3  -1  -4   0   1  -2  -4  -3   1   4  -3   2  -1  -4  -3   0  -3   0  -1    0   0   3   0   2   8   3   0   0   7  63   0   5   0   0   0   6   0   3   0  0.57 0.25
  313 E    -1   1   0  -1  -3   0   1  -1  -1   0  -1   3  -1  -2  -2   1   1  -3   1   0    0   6   3   0   0   0  12   4   0   6   5  25   0   0   0  11  12   0   6   7  0.16 0.12
  314 E     3  -2  -2  -3   0   6   1  -3  -2  -4  -4  -1  -2  -2  -3  -1  -2  -3   1  -3   29   0   0   0   2  54   5   0   0   0   0   0   0   2   0   2   0   0   5   0  0.93 0.37
  315 V     0   0   0   0  -2   0  -1   1  -2   1   0   2   0  -2  -2   0   1  -3   0   0    5   2   5   4   0   3   3  11   0  16   5  18   3   0   0   2  15   0   5   4  0.08 0.09
  316 D    -1   0   0   2  -3   1  -1   0   4  -1   0  -1  -2  -1   1  -2  -2   0   2   0    2   4   3  16   0   8   2   9  16   1   9   0   0   1   7   0   0   2   8  12  0.18 0.13
  317 N    -1  -1   3   2  -4   3   0   1   3  -3  -3   1   0  -4  -1  -1  -1  -4  -2  -3    3   0  17  16   0  18   2  13   8   0   2  12   3   0   3   0   2   0   0   0  0.36 0.17
  318 K    -2   1   0   0  -4   3   2   2  -1  -4  -3   2  -2  -4   3  -1  -2  -3  -3  -3    1   7   5   4   0  21  11  17   0   0   1  16   0   0  13   2   0   0   0   0  0.44 0.17
  319 N    -1   2   1   2  -3   0   2   0   1  -3  -3   1  -2  -3   0   0   1   4  -2  -3    1  12   8  11   0   1  14   9   5   0   1   7   0   0   4   7  12   8   0   1  0.26 0.11
  320 K    -1   1   1   1  -3   2   0   3   0  -3  -3   2  -1  -1  -2   0   0  -3  -1  -3    1   5   6   8   0  10   6  24   1   1   1  18   2   3   1   3   8   0   2   1  0.24 0.11
  321 L    -1   1  -1  -2  -3   0   0  -2   0  -1   0   3  -1   0  -1  -1   1   3   2  -1    3   4   1   1   0   3   4   1   2   3   9  34   0   4   3   1  10   4   8   5  0.20 0.12
  322 V    -1   1   1  -1  -2   1   1  -1  -1   1   0   1   0  -1  -2  -1   0  -2   0   1    2   8   8   1   0   6  14   4   0  14   5   8   3   1   1   1   4   0   3  16  0.07 0.06
  323 G     0   3  -2  -3  -2  -1  -2  -1  -2   1   2   0   0  -1  -2  -1   0  -2   1   0   10  21   0   1   0   0   1   6   0   7  32   3   0   0   1   4   5   0   5   4  0.16 0.11
  324 V    -2  -1  -3  -3   3  -2  -2  -4  -3   1   0   3   2   0   4  -2  -1  -4  -1  -1    0   2   0   0   8   0   0   0   0  12   7  26   7   3  26   0   4   0   2   3  0.49 0.21
  325 V     0  -2  -4  -4   7  -3  -2  -3  -4   2   0  -3  -1  -3  -4  -2   1  -4  -3   3    7   2   0   0  26   0   3   1   0   9   8   0   0   0   0   0  11   0   0  34  0.61 0.24
  326 G     3   1  -2  -2  -3  -2  -2   4  -3  -3  -3   0  -3  -4  -3   1  -2  -4  -3  -2   31   9   0   0   0   0   0  40   0   0   0   4   0   0   0  11   0   0   0   3  0.59 0.22
  327 Y    -3   0  -3  -3  -4  -2  -1  -4  -1  -3  -2   3  -2   4  -3  -2  -1  -1   6  -3    0   4   0   0   0   0   3   0   0   0   3  27   0  16   0   0   3   0  40   0  0.80 0.28
  328 F     1  -3  -1  -3  -3  -2  -3  -3  -1   1   1  -3  -1   2  -3  -1   0  -1   6   0   14   0   3   0   0   0   0   0   0   9  12   0   0   9   0   2   8   0  36   5  0.46 0.20
  329 S     3  -2  -1  -2  -1  -2  -2   0  -3  -3  -2  -2  -2  -3  -2   5   1  -4  -3  -2   23   0   0   0   1   0   0   5   0   0   3   0   0   0   0  56   9   0   0   0  0.67 0.28
  330 K     0   4  -2  -2  -4  -1  -1   3   0  -4  -4   4  -3  -4  -3  -1  -2  -4  -3  -3    5  24   0   0   0   0   0  22   3   0   1  39   0   0   0   3   0   0   0   0  0.64 0.23
  331 S    -1   0   2  -1  -2   2  -1  -2  -1   0  -2   1   0  -2   1   1   1  -3   0  -1    3   4  11   1   0  16   0   0   0   8   1  13   3   0   6  15   9   0   3   4  0.17 0.12
  332 L    -2   1  -3  -3  -3  -2  -2  -4  -2   1   2   2   0   4   0  -2  -2  -2   1  -1    0   8   0   0   0   0   0   0   0  12  25  19   0  25   4   0   0   0   3   0  0.33 0.17
  333 E    -1   0   4   2   0  -1   2  -1  -1  -4  -4   1  -3  -4   0   0   0  -4  -3  -3    3   3  34  11   3   0  16   4   1   0   0   8   0   0   5   5   7   0   0   0  0.45 0.18
  334 Y     2  -3  -3  -3  -3  -2  -3  -3  -1  -1  -2   0  -2   0  -3  -1   2   3   6  -2   19   0   0   0   0   0   0   0   0   3   3   6   0   0   0   2  19   5  42   0  0.70 0.28
  335 P    -1  -2  -2  -1  -4   0  -2  -3   7  -4  -4  -2  -3  -3   4   2   1  -4   0  -2    5   0   0   3   0   3   0   0  38   0   0   0   0   0  21  17   7   0   3   2  0.87 0.30
  336 A     0  -1  -2  -2  -2  -1  -2  -3  -3   1  -2  -2  -2  -2   1   1   4  -3   0   1    7   4   0   0   0   3   0   0   0  11   0   0   0   0   6  12  43   0   4   8  0.39 0.21
  337 G     0  -2   5  -1   2  -1  -2  -1   3   0  -2  -2  -2  -3  -3   0   0  -4   0   0   10   0  42   0   5   1   0   3   8   8   2   0   0   0   0   5   6   0   3   7  0.43 0.21
  338 E    -2   0  -1   4  -4   0   4   1  -2  -2  -1  -1  -3  -1  -3  -1   0  -4  -3  -3    0   4   0  24   0   3  38  12   0   3   6   0   0   3   0   0   6   0   0   0  0.50 0.21
  339 L     0   0  -2  -3  -3   0  -1  -1  -2   0   1   3   2  -1  -3  -2  -2  -3  -1   1    9   3   0   0   0   3   0   3   0   5  14  33   9   1   0   0   0   0   2  16  0.23 0.16
  340 E    -1   4   0  -1  -5   1   5  -3  -2  -4  -4   2  -1  -5  -3  -2  -2  -4  -3  -4    5  24   3   0   0   3  49   0   0   0   0  14   2   0   0   0   0   0   0   0  0.82 0.29
  341 L    -2  -2  -3  -3   1   1  -2  -4  -3   3   3  -1   2  -1  -1  -1   0  -3  -2   1    0   0   0   0   3  10   0   0   0  19  38   5   7   0   3   3   7   0   0   5  0.31 0.17
  342 L     0  -3  -4  -4  -3   0  -1  -4  -4   0   5  -1   0  -2  -4  -3  -2  -3  -3   0    9   0   0   0   0   6   5   0   0   3  72   3   0   0   0   0   0   0   0   2  0.66 0.27
  343 G     5  -3  -3  -3  -3  -3  -3   0   0  -3  -4  -2  -3  -4   3   0  -1  -4  -4  -2   74   0   0   0   0   0   0   6   3   0   0   0   0   0  13   3   1   0   0   0  0.94 0.34
  344 I     1  -4  -4  -4   0  -1  -3  -1  -4   5   0  -3  -1  -2  -3  -2  -2  -4  -3   3   17   0   0   0   2   3   0   4   0  43   0   0   0   0   0   0   0   0   0  30  0.56 0.23
  345 I    -2   1  -1  -3   3  -1  -2  -4   2   3   1   0   0  -2  -3  -1  -1  -3   0   2    0  10   2   0   9   1   0   0   7  25   9   7   0   0   0   4   0   0   3  22  0.23 0.14
  346 K     1   0   0  -2  -4   2   1  -3   0  -3  -3   1  -2   2  -3  -2  -2   8   1  -3   13   6   5   0   0  14  10   0   3   0   0  12   0   9   0   0   0  25   4   0  0.65 0.22
  347 A     4  -2  -2  -3  -2  -2  -2   2  -3   0  -2   0  -2  -3  -2   1   0  -4  -3   1   47   0   0   0   0   0   0  15   0   5   0   8   0   0   0   9   5   0   0  10  0.39 0.18
  348 L    -1   0  -3  -3  -2  -2  -3  -1  -3   3   3  -2   1   2  -3  -1   0  -2  -1   0    2   7   0   0   0   0   0   4   0  23  39   0   3  10   0   4   6   0   0   0  0.29 0.14
  349 H    -1   0   0   0  -2   1   0   1   0   0  -1   2   2  -2   1   0   0  -3  -2   0    0   3   3   5   0   6   3  11   3   7   0  18  10   0   6   7   6   0   0  11  0.09 0.08
  350 H    -2   2   0  -2  -3   1   0  -3   3   0  -2   4  -2  -3  -2  -1   0  -4  -2   1    0   7   3   0   0   4   2   0  10   8   0  44   0   0   0   3   4   0   0  15  0.39 0.18
  351 F    -1  -3  -3  -4  -3  -3  -2  -1  -2  -2   0  -3  -2   5  -2  -2  -3   9   2  -2    5   1   0   1   0   0   2   4   0   1   7   1   0  37   2   3   1  31   4   1  1.09 0.25
  352 R    -1   5   0  -2  -3   1  -1   1  -1  -2  -3   2  -2  -3  -2   2  -1  -3  -3  -3    2  41   3   0   0   6   0  12   0   2   1  10   0   0   0  19   0   0   0   1  0.48 0.17
  353 Y    -1   0  -3  -3  -3   0  -2  -3   1   1   1  -2  -1   3  -3  -1  -2   0   5   0    3   6   0   0   0   4   1   1   3   9  17   0   0  12   0   3   0   0  35   3  0.42 0.15
  354 L    -2  -1  -3  -3  -2  -2  -3  -3  -1   2   3  -2   0   1   1  -2  -1  -2   1   1    1   3   1   1   0   0   1   1   2  15  46   1   0   4   8   1   4   0   7   5  0.29 0.12
  355 H    -1  -2  -2  -1  -2  -1   0  -3   1   0   2  -2   0  -1   2  -1   1   1   2   0    1   1   1   4   0   0   8   1   4   7  26   1   0   0  13   4  15   2  10   3  0.17 0.09
  356 G    -1  -1  -1   0   1   1   0   3  -2  -3  -3   1  -3  -4   3   0   0  -3  -3  -2    0   0   0   3   4   8   7  32   0   0   0  11   0   0  19   8   5   0   0   3  0.44 0.13
  357 K     0   2  -1  -1  -3   1   1   0  -2   0  -1   2  -1   1  -2   0  -1  -2  -1   0   10  11   0   0   0   4  11   8   0   7   3  23   0  10   0   2   3   0   0   6  0.12 0.08
  358 H     0   1  -1   0  -3   0   3   0   5  -2  -3   0   1  -3   3  -1  -1  -3  -2  -2    8   8   0   3   0   2  23   6  19   2   0   3   7   0  15   0   3   0   0   0  0.36 0.14
  359 F    -2  -2   1  -3  -2  -3  -3  -3  -2   2   2  -3   0   5   0  -2  -2  -1   0   0    1   2   9   1   0   0   1   1   0  20  24   1   0  34   4   1   1   0   0   1  0.39 0.15
  360 T    -1  -1  -1  -2  -2  -1  -1  -3  -2   1   2   1   1  -2   2  -1   2  -3  -2   0    1   0   3   0   0   0   4   1   0  13  26  14   4   0  13   1  19   0   0   0  0.22 0.12
  361 L    -2  -3  -4  -4  -2  -3  -4  -4  -4   5   2  -3   0   1  -3  -3  -2  -3  -2   3    1   0   0   0   0   0   0   1   0  51  21   0   0   4   0   1   0   0   0  19  0.61 0.19
  362 R    -1   3   1  -1  -3   0   1   1   1  -2   0   0  -1   0  -2  -1  -1   1   1  -1    3  25   8   0   0   0  13  11   5   0  11   4   0   3   0   2   0   2   7   4  0.15 0.09
  363 T    -2   2  -2  -3  -3  -2  -2  -3  -3  -2  -1  -1  -2  -3  -3   1   6  -4  -3  -2    0  14   0   0   0   0   0   0   0   0   8   2   0   0   0   7  69   0   0   0  0.84 0.30
  364 N    -3  -3   2   6  -4  -1   2  -3  -2  -4  -4  -2  -4  -4   0   0   0   4  -3  -4    0   0   9  58   0   0  11   0   0   0   0   0   0   0   4   4   8   7   0   0  0.93 0.26
  365 H    -2  -2   4   0  -3  -1   1  -2   6  -2  -3  -2  -2  -1  -3   0   1  -4  -1  -1    0   0  33   4   0   0   8   0  30   3   0   0   0   4   0   3   9   0   0   6  0.60 0.21
  366 A     0  -1   4  -1  -3   1  -1  -2  -1  -3  -3   0  -2  -3  -3   2   1   6  -2  -3    9   0  35   0   0   8   2   0   0   0   0   5   0   0   0  16  10  13   0   0  0.55 0.19
  367 R     0   0   1   2  -2   0   1   0   0  -2  -2   0  -2  -3  -2   1  -1   4  -2   0    9   6   5  12   0   0  13   7   3   0   0   6   0   0   0  19   0   8   0  12  0.19 0.09
  368 R    -2   5  -2  -2  -4   3   0  -3  -1  -2  -3   2  -2  -3  -3  -2  -2   4  -2   0    0  38   0   0   0  21   5   0   0   0   0  15   0   0   0   0   0   8   0  12  0.62 0.20
  369 V     0  -3  -2  -4  -2  -3  -3  -3  -3   1   4  -3   0   1  -3  -2   0   4  -1   1    8   0   3   0   0   0   0   0   0   4  54   0   0   5   0   0   7   6   0  13  0.40 0.15
  370 Q     0  -1   1   1  -2   0   1  -2  -1   0  -1   0  -1  -2  -2   1   2  -3   0   0    4   0   8   7   0   4  10   0   0   6   4   7   0   0   0  17  18   0   4   9  0.13 0.07
  371 R    -3   6  -2  -3  -4  -1  -2  -4   4  -4  -3   1  -3  -1  -3  -2  -3  -2   5  -3    0  52   0   0   0   0   0   0  12   0   0   5   0   0   0   0   0   0  29   0  0.98 0.27
  372 W    -5  -5  -6  -6  -4  -4  -5  -5  -4  -1  -3  -5  -3  -1  -6  -5  -4  12   0  -4    0   0   0   0   0   0   0   0   0   5   0   0   0   0   0   0   0  95   0   0  3.59 0.47
  373 L    -1   2  -1  -2  -3   5   1  -3  -1   0  -1   1  -1  -3  -2  -1  -1  -3  -2   1    5  10   0   0   0  46   8   0   0   5   5   7   0   0   0   0   0   0   0  14  0.45 0.16
  374 D     2  -2  -1  -1  -2   0  -2  -2  -2   0   1  -1   1   2  -2   0  -1  -2  -1   2   23   0   3   5   0   5   0   0   0   0  16   5   3  14   0   4   0   0   0  23  0.11 0.08
  375 D    -3   1   0   1  -4  -2   0  -3  -2  -3  -3  -1  -2   3  -4  -3  -3   9   2  -3    0  10   5  11   0   0   8   0   0   0   0   3   0  19   0   0   0  42   4   0  1.16 0.22
  376 L    -2  -4  -4  -4  -2  -4  -4  -4  -3   4   3  -4   1   4  -4  -3  -2   2   0   1    0   0   0   0   0   0   0   0   0  33  36   0   0  27   0   0   0   3   0   2  0.58 0.15
  377 A     0  -2  -1   0  -2   1   1  -2  -2  -3  -2  -1  -2  -3   5   3   1  -4  -3  -2    6   0   0   4   0   9   9   0   0   0   4   0   0   0  28  32   8   0   0   0  0.54 0.12
  378 T    -1  -1  -1   2  -4   2   4  -3   5  -4  -3   0  -2  -4   1  -1   0  -4  -2  -3    4   0   0  10   0  12  40   0  19   0   0   3   0   0   5   0   6   0   0   0  0.56 0.14
  379 Y    -3  -3  -4  -5  -4  -3  -4  -4   2  -3  -2  -4  -2   5  -5  -3  -3   8   6  -3    0   0   0   0   0   0   0   0   4   0   0   0   0  24   0   0   0  28  44   0  1.48 0.24
  380 D    -2  -1   4   4  -4   3   2  -2  -1  -4  -4  -1  -3  -4   0   0  -1  -4  -3  -4    0   0  34  32   0  16  10   0   0   0   0   0   0   0   4   3   0   0   0   0  0.69 0.15
  381 F     0  -4  -4  -5   1  -4  -4  -4  -3  -2  -1  -4  -1   7  -1  -3  -3  -1   2  -2    9   0   0   0   4   0   0   0   0   0   0   0   0  83   4   0   0   0   0   0  1.19 0.24
  382 T    -1   1   0   4  -3   0   2   0  -1  -3  -3   1  -2  -2  -2   0   1  -3   0  -3    0   6   0  33   0   0  20   8   0   0   0  11   0   0   0   0  15   0   6   0  0.37 0.07
  383 L    -1  -3  -4  -4  -2  -3  -3  -4  -4   3   2  -3   0  -1  -3  -3  -1  -3  -2   5    0   0   0   0   0   0   0   0   0  16  14   0   0   0   0   0   0   0   0  70  0.56 0.11
  384 E    -2   0   1   1  -4   1   4  -2  -1  -1  -2   2  -2   1  -2  -1  -1  -3  -1  -2    0   0   9   6   0   0  53   0   0   7   0  16   0   9   0   0   0   0   0   0  0.42 0.07
  385 Y    -2  -2  -2  -3  -3  -1  -2  -4   6  -3  -2  -2  -2   2  -4  -2  -2   1   7  -2    0   0   0   0   0   0   0   0  30   0   0   0   0   0   0   0   0   0  70   0  1.13 0.13

                      K         Lambda
Standard Ungapped    0.1389     0.3207
Standard Gapped      0.0450     0.2670
PSI Ungapped         0.1471     0.3178
PSI Gapped           0.0450     0.2670
