
Last position-specific scoring matrix computed, weighted observed percentages rounded down, information per position, and relative weight of gapless real matches to pseudocounts
            A   R   N   D   C   Q   E   G   H   I   L   K   M   F   P   S   T   W   Y   V   A   R   N   D   C   Q   E   G   H   I   L   K   M   F   P   S   T   W   Y   V
    1 G    -2  -5  -3  -4  -5  -4  -5   7  -5  -6  -6  -4  -5  -6  -5  -3  -4  -5  -6  -6    0   0   0   0   0   0   0 100   0   0   0   0   0   0   0   0   0   0   0   0  2.20 0.50
    2 V    -3  -5  -5  -5  -3  -4  -5  -6  -5   6   2  -4   0  -2  -5  -4  -2  -4  -3   4    0   0   0   0   0   0   0   0   0  50  18   0   0   0   0   0   0   0   0  32  1.01 0.31
    3 H    -1  -1   2  -2  -4   3  -1  -3   3  -4  -4   4  -3  -4   1   1   2  -4  -3  -3    2   0  11   0   0  16   0   0   7   0   0  36   0   0   6   9  14   0   0   0  0.56 0.25
    4 S     0   0   1   1  -4   1   0   4   0  -4  -4   2  -3  -4  -3   0  -2  -4  -1  -3    8   4   8   7   0   7   6  36   2   0   0  13   0   0   0   5   0   0   2   0  0.44 0.17
    5 F    -4  -5  -6  -6  -4  -5  -5  -6  -5   1   6  -5   0   2  -5  -5  -3  -4  -3  -1    0   0   0   0   0   0   0   0   0   5  87   0   0   8   0   0   0   0   0   0  1.34 0.42
    6 W     0   0  -3  -4  -3  -2  -3   0  -3   2   1   0   0  -1  -4  -1   0   7   0  -1    8   7   0   0   0   0   0   8   0  13  19   6   2   1   0   4   7  20   3   0  0.44 0.20
    7 D    -2   0  -1   4  -4   3   1  -1  -1  -4  -4   2  -3  -5   3  -1  -1  -5  -3  -4    2   3   1  27   0  14   9   5   1   0   0  17   0   0  14   3   2   0   0   0  0.55 0.22
    8 I    -2  -2  -2  -2  -3   0   1  -4  -3   2   3  -2   0   4  -4  -3  -2  -3  -1   1    2   1   2   2   0   6  10   0   0  16  31   1   0  19   0   0   0   0   0   9  0.35 0.19
    9 A     1  -3  -2  -4  -2  -3  -4  -4   1   3   4  -3   0  -2  -3  -2  -1  -4  -3   1   13   0   2   0   0   0   0   0   5  17  52   0   0   0   1   1   2   0   0   7  0.55 0.24
   10 G     1   1  -1  -1  -3   0   2   0  -2  -3  -4   3  -3  -4   3   0   0  -4  -3  -2   13   5   1   1   0   2  17   5   0   1   0  26   0   0  18   6   4   0   0   2  0.44 0.20
   11 P    -2  -1  -1   3   1  -1   2  -2  -3  -4  -5   1  -4  -4   6   1  -2  -5  -4  -4    1   2   1  16   3   1  13   2   0   0   0  11   0   0  38  10   1   0   0   0  0.86 0.29
   12 T     2  -2   0  -2   3  -2  -1  -2   3   0  -2  -1  -1   0  -3   1  -1  -2   3   1   22   0   6   1   7   0   3   1   8   7   1   4   2   3   0  11   2   0  13  10  0.18 0.14
   13 A     2   0  -2  -2   2   1  -2   1  -2   1  -1   2   1  -3  -2   0  -1  -3  -3  -1   21   2   0   0   4   8   0   9   0  14   3  19   6   0   0   8   2   0   0   2  0.19 0.15
   14 R    -2   4  -1  -2  -4   2   2  -3   2  -3  -4   4  -3  -4  -3  -1  -2  -4  -3  -1    1  21   2   0   0   9  16   0   7   0   0  33   0   0   0   4   1   0   0   6  0.62 0.26
   15 P    -1   1  -1  -1  -4   2   4  -3   3  -4  -4   1  -2  -4   3   0   0  -4  -3  -3    3   7   1   0   0   8  31   0   7   0   0   9   0   0  18   6   8   0   0   1  0.56 0.24
   16 V    -1  -1  -1  -2  -2   1  -1  -1  -1   3   0   0   0   0  -2   0   0  -3  -2   2    3   4   3   0   0   7   1   5   1  23   7   5   1   3   1   8   6   0   0  21  0.12 0.11
   17 R    -1   0   0   2  -4   0   3   0   3  -4  -4   1  -2  -4   3   2  -1  -4  -1  -3    1   5   4   9   0   2  20   5   9   0   0   7   1   0  14  16   3   0   3   0  0.38 0.18
   18 L    -2  -4  -5  -5  -3  -4  -4  -5  -4   3   4  -4   1   3  -1  -4  -2   1  -1   2    1   0   0   0   0   0   0   0   0  20  44   0   3  15   3   0   1   2   0  11  0.66 0.25
   19 E    -1   2   1   2  -4   0   3  -1   0  -4  -4   4  -3  -4  -3   1  -1  -4  -3  -3    4   8   5  10   0   2  21   4   2   0   0  30   0   0   0  12   1   0   0   1  0.47 0.21
   20 S     0   0   3   2  -2   1   2  -1   2  -3  -3   1  -2  -1  -3   2   0  -3   0  -3    6   3  15  15   1   5  13   2   5   0   0   7   0   3   0  16   5   0   4   0  0.29 0.15
   21 L    -4  -4  -4  -5  -4  -1  -4  -5  -1   0   4  -4   1   3  -5  -4  -3  -2   5  -2    0   0   1   0   0   3   0   0   1   3  51   0   3  14   0   0   0   0  24   0  0.89 0.33
   22 E     0   1  -1  -2  -2   1   1  -1  -1  -2  -1   2   0   3  -3   2  -1  -3   0  -2    7   8   1   0   1   6   8   4   1   0   4  18   2  18   0  18   0   0   2   1  0.21 0.17
   23 D    -3  -4   4  -1  -5  -4  -4   6  -3  -6  -6  -3  -5  -2  -5  -2  -3  -5   0  -5    0   0  22   3   0   0   0  69   0   0   0   0   0   2   0   1   1   0   4   0  1.41 0.45
   24 K    -3   5  -2  -3   3   1  -1  -4  -2  -3  -4   5  -3  -5  -3   1  -2  -5  -2  -4    0  30   0   0   7   6   2   0   0   1   0  40   0   0   0  10   1   0   1   0  0.86 0.35
   25 R    -1   2  -2  -3  -1  -2  -2  -4  -3   1   0   3  -1  -3  -3   0   2  -2  -3   2    1  12   0   0   1   0   1   0   0   9   6  28   0   0   0   7  15   0   0  19  0.35 0.24
   26 M    -2  -5  -5  -6  -3  -5  -5  -6  -5   4   2  -5   0  -2  -5  -4  -3  -5  -3   5    2   0   0   0   0   0   0   0   0  28  18   0   1   1   0   0   0   0   0  49  1.02 0.39
   27 A     6  -4  -4  -4   2  -3  -4   0  -4   0   0  -3  -3  -4  -4  -1  -2  -5  -4  -1   68   0   0   0   4   0   0   5   0   6  11   0   0   0   0   2   1   0   0   2  0.91 0.42
   28 V    -3  -5  -6  -6  -1  -5  -6  -6  -6   6   0  -5  -1   0  -5  -5  -3  -5  -3   5    0   0   0   0   1   0   0   0   0  52   6   0   0   4   0   0   0   0   0  37  1.28 0.47
   29 D    -5  -1  -2   8  -7  -4  -2  -5  -5  -7  -7  -4  -7  -7  -5  -4  -5  -8  -7  -7    0   3   0  97   0   0   0   0   0   0   0   0   0   0   0   0   0   0   0   0  2.60 0.79
   30 A     5  -4  -3  -4  -3  -4  -4   4  -4  -2   0  -3  -3  -4  -4  -1   1  -5  -4  -3   47   0   0   0   0   0   0  32   0   2   8   0   0   0   0   1  10   0   0   0  0.86 0.42
   31 S    -1  -4   0  -4  -4  -3  -3  -4   2  -4  -4  -3  -1   2  -1   5  -1  -3   5  -4    4   0   4   0   0   0   0   0   6   0   1   0   1   9   3  49   2   0  21   0  0.89 0.46
   32 I    -1  -3   3  -3   3  -3  -3   0   1   0   0  -3   5   2  -4   1  -2  -4  -2  -1    3   0  19   0   6   0   0   9   3   5   6   0  22  11   0  12   1   0   0   2  0.44 0.30
   33 W     1  -4  -4  -5   2  -4  -4  -4  -1  -1   0  -3  -1   2  -5   1  -1   9   3  -1   14   0   0   0   4   0   0   0   1   3  10   1   1   7   0  10   4  30  12   3  0.97 0.39
   34 I    -1  -5  -5  -6  -3  -4  -5  -5  -5   3   5  -5   3   0  -5  -4  -3  -4  -3   2    6   0   0   0   0   0   0   0   0  19  55   0   6   2   0   0   1   0   0  11  0.89 0.38
   35 Y    -4  -2  -1  -6   2  -4  -5  -6   5  -4  -4  -5  -4   2  -6  -3  -2   2   8  -1    0   2   3   0   4   0   0   0  12   0   0   0   0   6   0   2   3   2  62   5  1.68 0.61
   36 Q    -3   4  -2  -3  -6   6   1  -5  -3  -6  -5   2  -4  -3  -4   0  -3  -5  -4  -5    1  27   1   0   0  45   6   0   0   0   0  13   0   1   0   5   0   0   0   0  1.19 0.52
   37 F     3  -4  -4  -5  -4  -1  -4   1   0  -1  -2  -4   0   6  -4   0  -3  -2   2  -3   25   0   0   0   0   2   0  10   2   3   2   0   2  40   0   6   0   0   7   0  0.77 0.38
   38 L     0  -2  -4  -4  -3  -1  -3  -4  -1   1   4  -2   0   2  -4  -2  -2  -2   3   0    7   1   0   0   0   2   1   0   1   8  44   2   1   9   0   2   1   0  12   6  0.46 0.25
   39 K     0  -2  -1  -1   0  -1  -2  -3   3   2  -1   0  -1   2   0   1   1  -3   2  -1    6   1   2   2   2   1   0   0   8  19   3   8   1  11   4  15   8   0   6   1  0.17 0.18
   40 A     4  -1  -1  -3  -3  -1  -3   0  -3  -1  -3  -2  -1  -4   0   2   1  -4  -4   1   44   2   2   0   0   2   0   6   0   3   0   1   2   0   4  16   8   0   0   9  0.47 0.30
   41 V    -2  -4  -1  -4   4  -4  -4  -5  -4   3   2  -2   1   2  -4  -3  -1  -3   0   3    1   0   4   0  11   0   0   0   0  21  24   2   2   8   0   0   3   0   3  20  0.50 0.25
   42 R     0   5  -1  -3  -4  -1  -2  -3  -3  -4  -4   2  -2  -5  -1   0   3  -5  -4  -3    9  39   2   0   0   2   1   1   0   0   0  10   1   0   3   7  24   0   0   1  0.72 0.37
   43 D     0  -2   4   2  -4   3   0  -2  -1  -4  -4  -1  -1  -3  -1   1   1  -5  -2  -4    7   1  26  13   0  19   3   2   1   0   0   1   2   1   3   9  11   0   1   0  0.52 0.30
   44 Q    -1   1  -2   0   0   1   3  -2  -2  -3  -4   1  -2   0   3   2   0  -4   0  -3    5   7   0   5   2   6  21   2   0   1   0   8   1   4  13  17   4   0   4   0  0.33 0.22
   45 N     1   0   2   3  -1   0   1   0   1  -3  -2   2  -1  -2  -3   0  -1  -4  -2  -2   12   4  10  23   1   3   6   6   3   1   3  13   1   2   0   7   2   0   1   1  0.25 0.17
   46 A     0  -4  -2  -4  -5  -3  -3   6  -2  -5  -2  -2  -4  -3  -3  -1  -3  -5  -2  -2    5   0   1   0   0   1   1  71   1   0   5   2   0   1   1   5   1   0   1   4  1.22 0.47
   47 V    -1   0   0  -1  -4   0   4  -3   0  -1  -1   0  -2  -2   0  -1   1   0   0   0    3   5   6   1   0   3  33   1   2   4   5   5   0   1   5   1  11   1   4   7  0.26 0.21
   48 K    -2  -3  -2  -3  -4   0  -1  -4   2  -1  -3   0   0  -4   6  -1   3  -5  -1   0    1   1   1   0   0   4   3   0   5   3   1   6   2   0  40   3  19   0   2   9  0.83 0.37
   49 N    -3   0   1   1  -1  -3  -2  -4  -4  -1  -3  -1  -3  -4  -4  -1   6   1  -4   1    0   5   7   7   1   0   2   0   0   3   1   4   0   0   0   2  53   2   0  12  0.75 0.41
   50 S     0  -2   3  -1  -3   0  -2   2   2  -4  -4   0  -3  -4   0   4  -2  -5  -3  -3    6   1  13   1   0   4   0  14   5   0   0   7   0   0   4  42   0   0   0   1  0.57 0.33
   51 H     3  -2  -1  -4  -4  -3  -1  -4   8  -4  -4  -3  -2  -3  -2  -3  -4   0   4  -2   27   1   3   0   0   0   3   0  45   0   0   0   1   0   2   0   0   1  12   4  1.29 0.52
   52 I    -3  -4  -5  -5  -1  -4  -5  -5  -3   3   5  -4   1  -2  -5  -2  -3  -4  -1   2    0   0   0   0   1   0   0   0   0  17  57   0   1   0   0   3   0   0   2  15  0.88 0.37
   53 T    -2   2   0  -1  -3   1   0  -3  -2  -1  -1   0   2  -1  -3   2  -1   1   4   0    1  10   5   2   0   8   4   0   0   4   4   5   8   1   0  16   3   1  19   6  0.24 0.21
   54 G    -3  -4   1  -4  -5  -4  -4   6  -4  -5  -4  -4  -4   0  -5  -2  -1  -4   2  -3    0   0   6   0   0   0   0  72   0   0   1   0   0   4   0   2   3   0   8   2  1.37 0.50
   55 F    -1  -4  -5  -5   2  -4  -5  -5  -4   1   3  -4   4   6  -5  -4  -2  -3  -1   0    5   0   0   0   5   0   0   0   0   8  25   0  14  35   0   0   2   0   0   5  0.85 0.37
   56 F    -1  -4  -5  -5  -1  -1  -5  -5  -1   1   2  -4   3   6  -5  -4  -1  -3  -1  -1    5   0   0   0   1   4   0   0   2   9  20   0   8  44   0   0   4   0   0   4  0.88 0.39
   57 R    -2   0   3  -3  -5  -1  -3  -4   4  -4  -3   1   0   2  -2   0  -3  -2   6  -3    2   5  13   0   0   2   0   0  12   0   1  11   3  10   2   7   0   0  30   1  0.69 0.36
   58 R    -4   6  -2  -4  -5  -1  -3  -2  -3  -2  -2   1   4  -1  -5   0   0  -5  -2  -3    0  56   1   0   0   1   0   4   0   2   2   5  11   3   0   6   6   0   1   1  1.00 0.46
   59 I    -2  -4  -2  -5  -1  -4  -4  -5  -5   2   3  -4   0  -2  -4  -2   4  -4  -3   1    1   0   2   0   1   0   0   0   0  14  36   0   2   1   0   1  35   0   0   8  0.73 0.37
   60 C     0  -1   0  -2   2  -1  -3  -3  -1   2   2  -1   1   0  -1   1  -1   0  -1   0    7   2   5   2   5   3   0   0   2  20  24   3   2   3   2  12   2   1   1   3  0.15 0.15
   61 K    -1   3   3  -2  -4   0   0  -3   0  -3  -2   3   2  -2  -3   1   0  -4   0  -2    4  20  17   0   0   4   4   0   1   0   3  21   6   2   0  10   4   0   4   2  0.40 0.25
   62 L    -4  -5  -5  -6   0  -2  -5  -6  -5   1   5  -5   5   3  -5  -3  -3   1   0  -1    0   0   0   0   2   1   0   0   0   7  56   0  14  12   0   1   0   2   2   2  0.96 0.41
   63 L    -3   1  -4  -5  -3  -2  -4  -5  -4   3   4   0   3   1  -5  -4  -2  -4  -3   1    1   7   0   0   0   1   0   0   0  17  46   6   6   5   0   0   2   0   0   8  0.61 0.30
   64 Y    -1   0  -1   2  -1   0   5  -3   0  -3  -3   0  -1   0  -3   1  -1   0   0  -4    2   4   1  10   1   3  42   0   1   2   2   6   1   4   0  13   2   1   3   0  0.53 0.31
   65 F     0   0   3   0  -3   0   1  -3   4  -2   0   1   0   1  -3   0  -2  -3   1  -2    8   3  19   3   0   4  11   0  11   0   9   8   3   6   0   4   0   0   5   3  0.22 0.17
   66 G    -2   0   3   2  -5   1   1   5  -3  -5  -3  -1  -4  -5  -4  -1  -3  -5  -4  -5    0   5  14  14   0   6   8  44   0   0   3   3   0   0   0   2   0   0   0   0  0.74 0.33
   67 I    -2  -4  -4  -3   1  -3  -3  -5  -4   5   0  -1   0   0  -2  -3  -2   1  -1   3    2   0   0   2   3   1   1   0   0  48   5   5   1   3   2   0   1   2   2  20  0.68 0.32
   68 R    -2   2  -1  -3  -5   0   0  -4   0  -1  -4   6  -3  -3  -4  -2   2  -5  -1  -3    2  11   2   0   0   3   5   0   2   3   0  51   0   1   0   1  15   0   2   1  0.81 0.40
   69 P    -3  -5  -5  -5  -6  -4  -4  -5   1  -1  -3  -4  -5  -3   8  -4  -4  -6  -5  -1    1   0   0   0   0   0   0   0   4   5   3   0   0   1  79   0   0   0   0   5  2.24 0.69
   70 V     1  -3  -4  -3   1  -2  -4  -4  -4   4   0  -4   1  -3  -4  -3  -1  -4  -1   4   13   1   0   1   2   2   0   0   0  30   7   0   3   0   0   0   3   0   2  35  0.62 0.31
   71 F    -2  -5  -5  -6  -4  -5  -5  -6  -1   1   1  -5  -1   6  -5  -4  -4   1   6   2    3   0   0   0   0   0   0   0   1   7  11   0   1  30   0   0   0   2  31  15  1.08 0.43
   72 V    -3  -2  -6  -6  -4  -5  -6  -6  -6   3  -2  -5  -2  -4  -6  -5  -2  -6  -4   7    0   2   0   0   0   0   0   0   0  13   0   0   0   0   0   0   2   0   0  83  1.72 0.63
   73 F    -6  -6  -7  -7  -6  -7  -7  -7  -5  -3  -1  -7  -1   9  -7  -4  -4   2  -1  -1    0   0   0   0   0   0   0   0   0   0   3   0   2  86   0   1   1   3   0   4  2.42 0.75
   74 D    -5  -5   0   8  -7  -4   0  -5  -5  -7  -7  -4  -7  -7  -5  -4  -5  -8  -7  -7    0   0   3  91   0   0   5   0   0   0   0   0   0   0   0   0   0   0   0   0  2.47 0.78
   75 G     1  -3  -3  -3  -4  -3  -4   6  -4  -5  -5  -3  -4  -5  -4   1  -2  -4  -2  -4   13   2   0   0   0   0   0  68   0   0   1   0   0   0   0  10   2   0   2   0  1.28 0.45
   76 G     0   0  -2  -1  -1   0   0   2  -3  -1  -2   5  -3  -4  -3   0  -1  -4  -4  -2    8   3   0   3   2   2   6  18   0   4   3  39   0   0   0   5   3   0   0   3  0.43 0.27
   77 V     2  -2  -3  -3  -4  -3  -2   0   1  -1  -3   0  -2  -4   6  -1  -1  -5  -2  -1   16   1   1   0   0   0   1   8   3   4   2   7   1   0  43   2   3   0   1   5  0.85 0.36
   78 P    -3  -4  -4  -4  -5  -4  -4  -5  -3  -2   0   1  -4  -4   7  -1   0  -6  -5  -4    1   0   0   0   0   0   0   0   0   2  10  10   0   1  64   4   6   0   0   0  1.62 0.58
   79 V    -1  -2   0   1  -3   0   2  -2   0  -2  -2   1  -2  -1   2   1   3  -4  -2  -1    1   0   5   7   0   3  18   3   2   1   3   8   1   2  11   8  22   0   1   5  0.29 0.21
   80 L    -3  -4  -3  -4  -2  -2  -2  -5  -4   0   3  -2   3   6  -5  -2  -2  -3   1   0    1   0   1   1   1   1   3   0   0   3  35   2   6  33   0   4   1   0   3   5  0.73 0.35
   81 K    -4   4  -3  -4  -6  -2  -1  -5  -4  -6  -6   7  -5  -6  -4  -3  -4  -6  -5  -5    0  23   0   0   0   0   3   0   0   0   0  72   0   0   0   0   0   0   0   0  1.79 0.67
   82 R     0   1   1   1  -3   1  -1   0   4  -3  -2   2  -2  -4  -3   2   0  -4  -2  -2    8   9   6   8   0   5   1   7  12   1   4  12   1   0   0  19   5   0   0   3  0.24 0.18
   83 E     0   0  -1   1  -1   2   3   2   2  -4  -3   1  -3  -2  -2   0  -1  -4  -2  -3    6   3   1   8   1  11  26  14   5   0   3   7   0   1   1   7   3   0   1   1  0.31 0.21
   84 T     0   0  -2  -1  -4   1   4  -4  -3   0   0   0   1  -4  -3  -2   3  -4  -3   0    9   6   0   2   0   6  29   0   0   4   7   4   3   0   0   0  21   0   0   8  0.38 0.28
   85 I    -3  -2  -3  -2  -1  -3   0  -5  -3   2   3  -3  -1   3  -4  -2  -3   1   3   1    0   3   1   2   1   1   8   0   0  14  34   1   0  12   0   2   0   2  13   7  0.43 0.25
   86 R     2   0  -1   0  -4   1   4  -2   0  -3  -3   1  -2  -4   1   1  -1  -4  -2  -3   20   3   2   5   0   6  28   2   2   2   1   9   0   0   6   9   3   0   1   1  0.36 0.24
   87 Q     0   2  -2   1  -5   2   3  -2   0  -4  -4   4  -3  -5  -3  -1  -2  -5  -4  -4    9  12   0   6   0   7  21   2   2   1   1  34   0   0   0   4   0   0   0   1  0.62 0.33
   88 R    -3   7  -4  -3  -6  -2  -1  -5  -1  -5  -5   0  -4  -3  -2  -4  -4  -4   6  -5    2  61   0   1   0   0   4   0   1   0   0   2   0   0   2   0   0   0  25   0  1.56 0.61
   89 K    -1   3   0  -2  -4   1   0  -2   0  -3  -1   4  -2   0  -3   0  -1  -4  -1  -2    5  16   5   0   0   7   5   2   1   1   5  34   0   5   0   5   3   0   2   2  0.40 0.25
   90 E     2   0  -2   0  -3   2   3  -1  -2  -3  -1   1   1  -2  -1   1  -2  -4  -3  -1   20   3   0   5   0   9  22   5   0   0   5  11   4   2   2   9   0   0   0   4  0.26 0.21
   91 R    -1   4   2  -2  -4   1  -1   0   2  -2  -2   2  -1  -3  -3   0  -1  -3   1  -1    4  24  12   1   0   4   1   8   5   1   4  17   2   0   0   5   3   0   7   4  0.32 0.21
   92 R    -2   7  -3  -3  -6   1  -1  -2  -3  -5  -5   3  -4  -5  -4  -2  -2  -5  -2  -5    2  63   0   1   0   4   4   3   0   0   0  16   0   0   0   1   3   0   1   0  1.35 0.52
   93 Q     0   0  -2  -1  -4   3   3  -3   0  -3  -1   0   1  -1   2   1  -2  -3   2  -3    7   4   0   3   0  17  21   0   1   0   5   5   4   2   9  10   1   0  10   0  0.33 0.23
   94 G     2  -1  -1   1  -3   0   2   1  -1  -3  -3   0  -2  -4   3   1  -1  -4  -2  -3   18   2   1   8   0   2  19   9   1   0   1   5   1   0  15  13   2   0   1   1  0.36 0.20
   95 K     1   2   0  -1  -3   2  -1  -2  -2  -3  -2   3   3  -3   0   1   0  -4  -2  -2   10  14   4   2   0  12   0   2   0   0   2  22  10   0   5   9   5   0   1   3  0.30 0.22
   96 R     0   5  -2  -3  -4   0  -1  -4  -3  -3  -3   2  -1  -4   3   0  -1  -4  -1  -2    8  36   1   1   0   4   3   0   0   1   2  12   2   0  18   6   4   0   2   2  0.63 0.31
   97 E     0  -1   0   1  -2  -1   2  -3  -1  -1   0  -2  -2  -3   0   1   2  -4  -2  -2    9   2   4  10   1   1  18   0   1   3  11   0   0   0   5  14  18   0   1   1  0.23 0.19
   98 D     0  -2   0   3  -3   0   0  -2  -2   0  -2  -2  -2  -1   2   0   1  -4  -2   3    6   1   4  22   0   3   3   2   1   4   3   0   0   2   9   7   8   0   1  25  0.26 0.20
   99 E    -1   3   0   2  -3   0   1  -3   0  -3  -1   3  -2  -2  -1   0  -1  -3  -1  -3    4  21   3  11   0   2  11   1   2   1   8  22   0   2   2   6   2   0   2   1  0.31 0.18
  100 V    -1  -3  -3  -3  -1  -2  -1  -4  -3   3   2  -3   1  -1   1  -2  -1  -3  -2   3    4   1   1   1   1   2   3   1   0  20  23   1   3   1   6   1   3   0   0  29  0.40 0.20
  101 T    -1  -1   0   0  -3  -1  -2  -1  -3  -1   0  -1  -1   1  -3   1   5  -3  -2  -2    3   2   3   5   0   2   2   3   0   3   9   2   1   8   0  11  45   0   0   1  0.47 0.29
  102 M    -1   3  -1   1  -4   1   0  -2   0  -2  -3   2  -2  -1   4   1  -2  -4  -2  -3    3  18   3   7   0   6   5   3   2   2   2  11   1   3  23  10   1   0   1   1  0.42 0.20
  103 D     0   2  -1   1  -4   3   4  -2  -1  -3  -3   1  -1  -3  -2   0  -1  -2  -1   0    8  10   2   8   0  13  29   1   1   1   0   7   2   1   1   4   3   0   2   8  0.36 0.22
  104 M    -3  -3  -2   0  -4   5  -2  -5   5   2   0  -2   5  -2  -4  -3  -2  -1   0  -2    0   0   1   5   0  32   1   0  14  13   7   0  20   1   0   0   1   1   3   1  0.78 0.40
  105 I     0  -3   2  -3   2  -3  -3  -2  -1   3   1  -3  -1   1  -2  -1  -2  -3   1   2    9   0  12   0   5   0   0   2   1  23  15   1   0   8   1   2   0   0   6  14  0.25 0.18
  106 K    -1  -1   1   3  -5   1   4  -2   1  -4  -3   2  -3  -1   2  -1  -2   1  -3  -4    5   1   8  15   0   5  29   1   3   0   2  12   0   4  11   2   0   2   0   0  0.46 0.25
  107 E    -2  -1  -1   2   0   1   3  -4  -2  -1   1  -1  -1  -2   1   0  -1  -4  -1  -1    0   3   1  15   2   6  28   0   0   3  17   2   1   2   7   5   4   0   2   2  0.30 0.21
  108 V     2  -4  -4  -4   5  -3  -4  -3  -4   3   2  -2   0  -3  -4   0  -1  -4  -3   2   17   0   0   0  16   0   0   0   0  17  20   1   2   0   0   7   3   0   0  16  0.49 0.26
  109 Q    -3   3  -3  -3  -5   2   0  -4   2   1  -2   5   0  -1  -4  -3  -2  -5  -3  -2    1  16   0   0   0   7   4   0   6  10   2  44   3   3   0   0   1   0   0   2  0.69 0.35
  110 E     0   2  -2   1  -2   1   3  -2  -1  -2  -3   3  -3  -1  -2  -1  -1  -4  -1  -2   10  12   0   6   1   5  27   2   1   2   0  20   0   4   1   3   3   0   1   1  0.37 0.23
  111 L    -1  -4  -4  -5  -3  -3  -2  -5  -1   1   4  -3   3  -1  -4  -1  -2  -3   2   1    5   0   0   0   0   0   2   0   1   8  53   1   7   0   0   5   1   0  10   7  0.63 0.31
  112 L     0  -5  -6  -6   1  -5  -5  -4  -5   1   5  -5  -1   0  -5  -4  -2  -4  -3   1    7   0   0   0   4   0   0   1   0   4  72   0   0   3   0   0   1   0   0   9  1.03 0.42
  113 S    -1   3  -1   3  -2   1   1  -1  -2  -4  -3   2  -2  -4  -3   0   1  -4  -3  -3    5  20   1  19   1   5  10   4   0   0   1  17   1   0   0   7   8   0   1   2  0.40 0.22
  114 R     3  -2  -1  -3  -1   0   0  -3   0   0   3  -1  -1  -2  -3  -1  -1  -3   0  -1   30   1   3   0   1   5   5   0   2   6  33   2   0   1   0   2   4   0   4   0  0.30 0.24
  115 F    -3  -2  -3  -5   2  -1  -3  -5   1   0   3  -4   7   2  -5  -4  -3  -4   0  -2    1   2   1   0   4   3   2   0   4   2  32   0  37   8   0   0   0   0   3   1  0.93 0.41
  116 G    -3  -2   3  -1  -6  -3  -4   6   1  -7  -6  -2  -5  -6  -5  -2  -4  -6  -5  -6    0   2  15   2   0   1   0  72   4   0   0   3   0   0   0   1   0   0   0   0  1.54 0.52
  117 I    -3  -5  -6  -6  -2  -5  -5  -6  -5   6   1  -5   0   2  -5  -5  -2  -4   0   4    0   0   0   0   0   0   0   0   0  50  10   0   2   9   0   0   1   0   3  25  1.06 0.41
  118 P     0  -1  -2  -1  -5  -1   0  -2   1  -5  -3  -2  -4  -5   7  -2  -1  -6  -5  -3    9   4   1   3   0   2   5   3   4   0   3   1   0   0  58   2   3   0   0   1  1.30 0.45
  119 Y    -2  -1  -4  -5   4  -2  -4  -5  -2   1  -1  -3  -1   1  -4   0  -2   4   6   2    1   4   0   0  10   2   0   0   0  10   5   0   1   3   0   7   2   5  34  14  0.68 0.32
  120 I    -1  -4  -4  -4  -1  -4  -1  -5  -4   4   2  -4  -1   1  -4  -3  -2   0  -1   4    3   0   0   0   1   0   5   0   0  31  16   0   0   7   0   1   0   1   1  32  0.63 0.29
  121 T    -2  -1   0   2  -4   3   3  -3  -1   0  -1  -1  -2  -2  -3  -1   0  -4  -1   2    0   2   4  13   0  14  25   1   1   5   5   1   0   1   0   2   5   0   2  16  0.32 0.22
  122 A     5  -3  -3  -2  -1  -1  -1   0  -2  -2  -3  -1  -1  -4  -2   0  -2  -5  -4  -1   66   0   0   1   1   3   4   5   1   1   1   3   1   0   1   5   1   0   0   4  0.82 0.40
  123 P     0  -3   1   0  -2  -1   0  -1  -1  -3  -3  -2  -4  -5   7  -3  -2  -5  -3  -4    8   1   6   6   1   2   5   6   1   1   2   2   0   0  57   0   1   0   1   0  1.26 0.43
  124 M    -1  -2  -3  -2   4  -1  -1   3  -2  -3  -3  -3   1   0  -4   2  -1  -2   5  -2    4   2   0   2   9   2   4  21   0   1   0   0   4   2   0  16   3   0  25   2  0.48 0.28
  125 E    -4  -4  -4  -2  -7  -2   8  -6  -4  -6  -2  -3  -5  -7  -5  -4  -4  -6  -6  -6    0   0   0   0   0   0  96   0   0   0   4   0   0   0   0   0   0   0   0   0  2.27 0.77
  126 A     7  -5  -5  -5  -4  -4  -4   2  -5  -5  -5  -4  -4  -6  -4  -2  -3  -6  -5  -4   86   0   0   0   0   0   0  14   0   0   0   0   0   0   0   0   0   0   0   0  1.66 0.63
  127 E    -4  -4  -2   6  -7  -2   5  -5  -4  -6  -6  -3   1  -6  -4  -3  -4  -7  -6  -6    0   0   0  50   0   0  45   0   0   0   0   0   4   0   0   0   0   0   0   0  1.70 0.61
  128 A     5  -4  -3   4  -3  -3  -2   0  -4  -4  -2  -2  -3  -5  -2   0  -1  -5  -4  -2   52   0   0  26   0   0   0   6   0   0   3   1   0   0   1   4   4   0   0   2  0.79 0.39
  129 Q    -2  -1  -3  -2   0   6  -1  -4  -2   1   0  -2   1   0  -4   0   0  -4   0   1    2   2   0   1   2  41   2   0   0   8   7   0   3   5   0   5   5   0   4  12  0.53 0.33
  130 C     3  -5  -4  -5   8  -4  -4  -2  -5   2   1  -4   0  -1  -4  -1  -3  -4  -4  -2   24   0   0   0  35   0   0   2   0  15  16   0   3   2   0   3   0   0   0   0  0.98 0.40
  131 A     6  -2  -3  -3   0  -3  -3   0  -4  -3  -4  -3  -3  -5  -3   2  -1  -5  -4   0   68   1   0   1   1   0   0   5   0   0   0   0   0   0   0  12   3   0   0   7  0.98 0.45
  132 E     0   0   0  -3  -3  -1   0  -3   1  -2  -2   0  -1   1  -3   0   2   2   4  -2    9   6   5   0   0   1   6   0   4   2   3   5   1   6   0   8  18   3  21   2  0.29 0.21
  133 L    -1  -4  -5  -5  -3  -3  -4  -5  -4   0   5  -4   5   1  -5  -4  -1   0  -2  -1    4   0   0   0   0   1   0   0   0   3  61   0  16   6   0   0   3   1   1   2  0.93 0.39
  134 L     4  -3   1  -1   2  -2  -1  -1  -3  -2  -2  -3   0  -2  -3  -1   1  -1  -1   1   44   0   6   4   5   1   5   2   0   1   1   0   2   1   0   2  10   1   2  12  0.39 0.27
  135 Q     0   2   0  -1  -2   2   0  -3   0  -2  -1   4  -2  -4  -3   0   1  -4  -2  -2    5  10   4   3   1  11   3   0   3   2   5  34   0   0   0   8   9   0   1   2  0.37 0.24
  136 L     1   1   1  -2  -2   1   0  -1   0  -2  -2   3   0  -3  -3   0   1  -4  -1  -3   14   8   6   1   1   5   6   4   2   1   3  25   4   0   0   7  12   0   2   0  0.25 0.19
  137 N     0  -1   2   0  -4  -2  -2   5  -1  -4  -4   0  -3  -2   1  -1  -2  -4  -4  -2    8   2  10   6   0   0   2  46   2   0   1   6   0   2   7   2   2   0   0   3  0.59 0.27
  138 L    -1   0  -1   2  -3   1   1  -2   2   0   0   2  -1   0  -1  -1  -1  -3   0   0    5   4   0  13   0   6   9   2   6   4  13  16   1   3   1   1   3   0   4   7  0.10 0.10
  139 V     2  -1  -2  -2   3  -2  -1  -3  -4   1  -1  -1  -2  -3  -1  -1  -1  -4  -3   4   21   3   1   2   6   1   3   1   0   7   2   5   0   0   3   2   3   0   0  40  0.38 0.25
  140 D    -1  -2   0   4  -3   0   0  -3   0  -1  -2  -2  -2   1  -3  -1  -1   4   3   1    4   1   3  27   0   5   6   0   2   4   2   1   0   5   0   3   4   7  14  11  0.37 0.22
  141 G     3  -2  -2  -2  -1  -2  -2   3  -1  -2  -1  -1  -2  -1  -1   0   0  -2   2  -1   34   0   0   2   1   0   1  23   1   2   5   2   0   2   1   6   6   0   9   2  0.28 0.15
  142 I     0  -3  -3  -4   2  -3  -3  -3  -4   4   1  -3   0  -2  -1  -1   2  -4  -3   3    9   0   0   0   5   0   0   0   0  37   7   0   0   0   3   4  15   0   0  19  0.39 0.18
  143 I     2  -3  -3  -3   0  -3  -3   2  -1   2   0  -3   1   0  -3  -1  -1  -3   0   2   21   0   0   0   1   0   0  17   1  17   7   0   3   3   0   3   0   0   2  22  0.22 0.13
  144 T    -1  -3   1   0  -3  -2  -2  -2  -3  -3  -4  -2  -3  -4  -3   5   4  -5  -3  -3    0   0   6   6   0   0   0   0   0   0   0   0   0   0   0  53  35   0   0   0  0.85 0.33
  145 D    -1  -1   0   1  -3   2   3   0   0   0  -2   1  -2  -2   0   1   1  -3  -2  -2    3   1   3   5   0  12  24   9   1   9   0   6   0   1   3   9  11   0   0   0  0.20 0.11
  146 D    -4  -3  -1   8  -5  -2   0  -3  -3  -5  -5  -3  -5  -5  -3  -2  -3  -6  -5  -5    0   0   0  95   0   0   0   0   0   0   0   0   0   0   0   0   0   0   0   0  1.92 0.45
  147 S    -1   1  -2  -3  -3  -1  -2   0  -2  -2  -1   2   4   0  -3   1   1   1   2  -2    2   9   0   0   0   0   0   8   0   0   1  19  21   2   0  16   9   2  11   0  0.27 0.19
  148 D    -1  -3  -1   7   0  -2   1  -1  -3  -5  -5  -2  -4  -5  -3  -2  -3  -5  -5  -4    6   0   0  79   2   0   7   5   0   0   0   0   0   0   0   0   0   0   0   0  1.39 0.37
  149 V     2  -2  -2  -2   1   1  -2  -2  -2   0   2  -2   2   0  -2   1   1  -3  -2   0   20   0   0   0   3   8   0   2   0   4  25   0   7   4   0  11  11   0   0   5  0.15 0.11
  150 F    -2  -3  -4  -4  -2  -3  -4  -4  -3   2   4  -3   1   2  -4  -2  -1   1   0   0    2   0   0   0   0   0   0   0   0  11  65   0   1   8   0   2   3   2   2   2  0.60 0.21
  151 L     0  -2  -2  -3   2   2  -2  -3  -2   1   3  -2   0  -2   0  -1   1  -3  -2   1    8   0   0   0   6  17   0   1   0   7  34   0   0   0   4   0  10   0   0  11  0.22 0.14
  152 F    -2  -3  -3   0   2  -3  -3  -3  -2   0   2  -3   1   5  -3  -2  -2  -1   2   0    1   1   0   7   5   0   1   1   0   2  19   1   3  40   1   1   2   0   7   8  0.48 0.17
  153 G    -1  -2   1   0  -4  -2  -1   6  -4  -3  -2  -3   0  -4  -4  -1  -2  -4  -4   0    4   2   5   5   0   1   3  56   0   1   5   1   3   0   0   4   1   0   0   7  0.80 0.37
  154 G     3  -3  -1   0   4  -3  -2  -1   1  -3  -4  -2  -3  -2  -1   3   3  -4  -3  -2   27   0   2   4   9   0   1   4   4   1   0   2   0   2   2  22  17   0   0   2  0.46 0.31
  155 T    -2   0   0   2  -3  -1   0  -3  -3  -2  -3   2  -2  -5   6  -1   0  -2  -4  -2    2   4   5  10   1   2   6   1   0   3   1  13   1   0  36   3   7   1   0   3  0.69 0.34
  156 K    -2   3   1  -1  -1   1  -2  -4   2   1  -2   2   0  -1  -3  -2   1  -3   1   1    0  18   7   3   1   6   0   0   5  10   2  14   2   2   0   1   9   0   6  11  0.24 0.21
  157 I    -3  -4  -3  -5  -3  -3  -4  -2  -4   3   3  -2   1   0  -3  -4  -1  -4  -3   4    0   0   1   0   0   1   0   3   0  16  33   2   3   3   1   0   4   0   0  29  0.61 0.32
  158 Y    -2  -3  -4  -4  -3  -2  -3  -4  -1   3   3  -2   0   1  -4  -1   0  -3   3   2    2   0   0   0   0   1   1   1   2  22  26   2   1   5   0   4   4   0  10  17  0.43 0.24
  159 K    -2   6   0  -2  -4   0  -2  -4  -3  -2  -2   1  -3   0  -4  -1   0  -4   0  -1    2  51   5   2   0   3   1   1   0   2   3   8   0   5   0   3   7   0   3   4  0.80 0.39
  160 N    -2  -2   4   1  -4   2  -1  -2   6  -2  -3   1  -3  -1  -4  -1  -1   1   0  -1    2   1  24   7   0   9   3   2  20   2   2  10   0   3   0   3   4   2   2   5  0.53 0.31
  161 M    -4  -4  -5  -1  -4  -4  -4  -6  -2   2   4  -5   5   2  -2  -3  -3  -1  -1  -1    0   0   0   4   0   0   1   0   1  12  49   0  17   7   2   1   0   1   2   2  0.85 0.42
  162 F    -1  -3   2   2  -4  -3  -3  -3   0  -2  -1  -1   1   2  -2   0   4  -4   1  -1    5   1  13  11   0   0   0   0   2   0   7   4   4  10   1   5  30   0   4   3  0.37 0.30
  163 H     1  -2   1   0  -3   1  -2   0   2   0  -1   0  -2  -2  -1   2   0  -4  -2  -1   17   1   7   5   0   8   0   6   7   9   5   7   0   2   2  15   6   0   0   3  0.14 0.16
  164 E    -2   2   1   0  -4   0   0   0   0  -3  -3   3  -3   0   0   2   0   0  -1  -2    1  11   5   4   0   4   4   6   2   1   1  24   0   5   4  16   5   1   2   2  0.25 0.21
  165 K    -2   2   2   0  -5  -1   0   3  -3  -5  -5   4  -4  -5  -2  -2  -1  -5  -4  -4    2  10  10   5   0   2   4  27   0   0   0  34   0   0   1   1   3   0   0   0  0.68 0.36
  166 N    -1   1   1  -1  -2   1   1   0   1   0  -1   2   1  -3  -1   0   0  -3  -2  -1    1   8   9   2   1   4  10   9   4   7   5  14   6   0   2   8   4   0   1   5  0.10 0.11
  167 Y    -1  -1  -1  -1  -1  -1  -1   0   0  -2  -2   2  -2   0   4   0  -1  -3   3  -1    4   2   2   3   2   1   3   7   2   1   4  13   1   5  24   7   2   0  12   5  0.35 0.21
  168 V    -1  -3  -2  -2  -1  -3  -3  -4  -3   4   2  -2   1   1   2  -2  -2   0  -1   3    3   1   2   2   1   0   2   1   0  26  17   2   3   6  10   2   1   1   2  21  0.38 0.22
  169 E    -2  -2  -1   1  -4   3   4  -3   1  -2  -2   1  -1  -4  -1  -1   2  -4  -2  -2    2   1   2   7   0  13  31   2   3   2   3   7   2   0   3   4  13   0   1   3  0.45 0.30
  170 F    -2  -2  -3  -3   2   0   4  -5  -3   3   1  -2  -1   0  -3  -2  -1   1   2   0    2   2   0   0   5   3  28   0   0  17  15   2   1   4   1   1   3   2   8   6  0.37 0.29
  171 Y    -3  -3  -5  -3  -1  -2  -3  -6   0   5   1  -4   3   3  -5  -3  -3  -3   4   1    1   1   0   2   2   2   1   0   2  35   9   0   8  14   0   1   0   0  16   6  0.75 0.40
  172 D    -1  -1   2   4  -4   1   1  -2   3  -2  -3   0  -2  -3  -3   0   2  -5  -2  -2    3   3  11  23   0   5  10   3   8   2   1   4   1   1   0   5  16   0   1   2  0.39 0.27
  173 A    -1  -2  -2  -4   1  -3  -1  -3  -3   1   3  -2   2   0   2  -2   0  -1   2   0    6   1   2   0   3   0   5   1   0   6  35   2   5   4  10   2   6   1   9   4  0.29 0.24
  174 E     1   1   0   3  -5   1   4  -4  -1  -5  -5   1  -4  -5   1   0  -2  -5  -4  -3   10   7   5  17   0   5  30   0   1   0   0   8   0   0   6   6   2   0   0   2  0.56 0.35
  175 S     0   1   1   3  -3   0   2  -1   0  -2  -3   3  -3  -2  -3   0  -1   1   0  -3    8   6   5  16   0   4  15   5   2   2   1  19   0   1   0   4   3   2   4   1  0.28 0.22
  176 I     0  -2  -2  -3  -3  -4  -3  -4  -4   3   1  -3   2   1  -4  -2   0  -4  -2   4    9   2   2   2   0   0   1   0   0  15  13   1   5   5   0   2   5   0   1  37  0.48 0.31
  177 L    -2  -1  -2  -4   1   0   0  -5   0   1   4   0   0   0  -4  -3  -2   0   0   0    3   3   2   0   3   5   7   0   2   6  46   5   2   3   0   0   2   1   4   5  0.38 0.28
  178 K    -1   1   0   0  -5   3   4  -2  -3  -4  -3   3  -4  -5  -1   1  -2  -5  -4  -4    5   6   4   5   0  12  29   3   0   1   3  19   0   0   3  10   2   0   0   0  0.55 0.36
  179 L     0   1  -1   0  -4   1   2   2  -1  -3  -1   3  -3  -3  -3  -1  -1  -4  -2  -2    6   5   3   5   0   5  13  17   1   1   7  26   0   1   1   3   3   0   2   2  0.30 0.24
  180 L    -3  -5  -1  -5  -4  -3  -5  -3   0  -1   4  -5   2   3  -2  -3  -2   2   3  -2    2   0   4   0   0   1   0   3   2   2  51   0   4  12   2   2   2   3  12   0  0.75 0.43
  181 G    -2  -1   1   1  -6  -1   1   6  -4  -6  -4  -1  -5  -6  -5  -1  -2  -6  -6  -6    1   3   6   9   0   3   9  58   0   0   2   4   0   0   0   4   2   0   0   0  1.06 0.51
  182 L    -4  -5  -6  -6  -1  -5  -5  -6  -5   3   4  -5   4   3  -5  -5  -1  -4  -1   3    0   0   0   0   1   0   0   0   0  16  38   0  10  11   0   0   3   0   2  18  0.86 0.43
  183 D    -2  -2   2   2  -4  -2   0  -2  -4  -4  -4  -1   0  -5   0   2   5  -1  -3  -4    1   2  10  13   0   1   6   3   0   0   1   3   2   0   5  16  36   1   1   0  0.61 0.42
  184 R    -1   4  -1  -2  -5   1   0  -2   2  -2  -3  -1   3   0   4   0  -2   2   0  -3    3  24   2   1   0   7   5   2   5   3   1   2   8   4  18   6   1   2   3   1  0.44 0.32
  185 K    -1  -1   0   3  -5   2   4  -3   0  -5  -4   1  -2  -2   0   0  -1  -5  -1  -5    4   2   4  18   0   9  34   1   2   0   1   7   1   2   4   6   4   0   2   0  0.59 0.37
  186 N    -3  -1  -2  -2  -6   7   1  -2  -2  -6  -4   3   1  -6  -5  -2  -1  -6  -5  -5    2   2   1   2   0  56   9   2   1   0   2  14   3   0   0   3   4   0   0   0  1.29 0.66
  187 M    -5  -6  -7  -7  -5  -6  -6  -7  -5   2   4  -6   1   7  -7  -6  -5   3   1  -2    0   0   0   0   0   0   0   0   0   9  35   0   3  44   0   0   0   4   3   2  1.41 0.60
  188 I    -2   2  -5  -6  -4  -3  -5  -6  -5   6   1  -2   0  -3  -1  -4  -2  -5  -4   3    3  11   0   0   0   1   0   0   0  47  12   2   1   0   3   0   2   0   0  19  0.92 0.47
  189 E     0  -2   0   7  -6  -2   2  -3  -1  -6  -6  -2  -4  -3  -5  -2  -2  -6   0  -3    7   2   3  63   0   1  12   1   1   0   0   1   0   1   0   2   1   0   3   2  1.29 0.52
  190 L    -3  -5  -5  -6  -4  -4  -5  -6  -4   2   4  -5   4   3  -5  -3  -3  -3   3   1    2   0   0   0   0   0   0   0   0  10  44   0  13  13   0   2   0   0  10   6  0.87 0.39
  191 A     3  -1  -4  -5   8  -3  -4   0  -4  -2  -1   0   2   0  -4  -1  -3   2  -4  -1   23   4   0   0  32   1   0   7   0   1   7   6   5   5   0   3   0   3   0   3  0.79 0.38
  192 Q     2  -5  -5  -5   1  -3  -5  -1  -2   5   0  -4   0  -3  -5  -2  -2  -5  -2   1   22   0   0   0   3   1   0   5   1  46   8   0   2   0   0   1   2   0   1   7  0.72 0.37
  193 L    -5  -1  -6  -7   0  -5  -6  -7  -6   0   6  -5   3  -1  -4  -6  -4  -5  -4  -2    0   4   0   0   2   0   0   0   0   2  82   0   7   2   1   0   0   0   0   0  1.52 0.59
  194 L     0  -2  -4  -5   5  -4  -4  -4  -4   1   3  -3   3  -3  -4   0   0  -4  -4   2    8   3   0   0  16   0   0   0   0   8  28   1   9   0   0  10   5   0   0  13  0.53 0.29
  195 G    -4  -6  -4  -5  -7  -6  -6   8   1  -8  -8  -5  -7  -7  -6  -4  -5  -6  -7  -7    0   0   0   0   0   0   0  96   4   0   0   0   0   0   0   0   0   0   0   0  2.52 0.80
  196 S    -2  -5  -2   0   8  -4  -4  -4  -5  -4  -5  -4  -4  -5  -5   3   4  -6  -5  -2    2   0   1   6  34   0   0   0   0   0   0   0   0   0   0  26  27   0   0   2  1.38 0.56
  197 D    -3  -5  -1   8  -7  -4  -2  -5  -5  -7  -8  -5  -7  -7  -5   0  -5  -8  -7  -7    2   0   2  89   0   0   0   0   0   0   0   0   0   0   0   7   0   0   0   0  2.40 0.80
  198 Y    -5  -5   4  -5  -2  -4  -5   0  -1  -2  -4  -2  -4   3  -6  -4  -4  -2   8  -5    0   0  19   0   1   0   0   6   1   2   0   2   0   9   0   0   0   0  59   0  1.68 0.59
  199 T    -2  -4   4  -3   6  -4  -4  -4  -4   2   1  -4  -2  -3  -4   0   1  -5  -2   0    1   0  25   0  20   0   0   0   0  15  17   0   0   0   0   6  10   0   1   4  0.68 0.33
  200 N    -2  -1   0   3  -5   0   2  -1  -2  -4  -5  -1  -2  -6   6  -1  -2  -6  -5  -5    1   3   3  16   0   4  16   6   1   1   0   3   1   0  40   3   1   0   0   0  0.96 0.37
  201 G    -2  -2  -1  -1  -5  -4  -4   6  -4  -6  -6  -2  -5  -6   0   1   2  -5  -5  -5    0   2   2   3   0   0   0  61   0   0   0   2   0   0   5  12  12   0   0   0  1.14 0.43
  202 L    -2  -5  -6  -6  -1  -5  -5  -2  -6   6   1  -5  -1   0  -5  -4  -3  -5  -4   4    1   0   0   0   1   0   0   3   0  46  13   0   0   3   0   0   0   0   0  33  1.06 0.40
  203 K    -1   3  -2  -2  -5  -2   0  -3  -1  -2  -3   4  -2  -3   5   0  -2  -1  -1  -4    5  14   1   1   0   0   6   0   1   3   1  26   1   1  28   7   1   1   2   0  0.67 0.31
  204 G    -3  -1  -2  -4  -6  -2  -4   7  -5  -7  -7   1  -5  -6  -5  -1  -2  -6  -6  -6    0   3   1   0   0   2   0  80   0   0   0  10   0   0   0   3   2   0   0   0  1.70 0.55
  205 M    -4  -6  -6  -6  -4  -5  -6  -2  -6   6   0  -5   2  -1  -5  -5  -3  -5  -2   4    0   0   0   0   0   0   0   3   0  56   4   0   5   2   0   0   0   0   1  29  1.25 0.46
  206 G    -3  -3  -4  -5  -6  -5  -6   7  -6  -2  -7  -5  -6  -7  -6  -4  -5  -6  -7  -6    0   1   0   0   0   0   0  95   0   3   0   0   0   0   0   0   0   0   0   0  2.33 0.68
  207 P     0  -3  -4  -4  -1  -1   1  -1  -4  -1  -1  -2  -2  -4   7  -3  -3  -5  -3  -1    8   1   0   0   1   3  11   5   0   4   7   2   1   1  50   1   0   0   1   5  1.03 0.39
  208 V    -1  -1  -1  -2  -5   1   0  -3  -2  -2  -4   6  -4  -5  -4  -2  -2  -6  -4   2    4   0   3   1   0   4   5   1   1   1   1  63   0   0   0   2   1   0   0  14  1.02 0.45
  209 S    -3   3  -1  -1  -4  -2  -3  -2  -4  -4  -3   3  -4  -5  -4   1   5  -5  -4  -4    0  14   2   3   0   1   0   2   0   0   1  18   0   0   0  12  47   0   0   0  0.87 0.42
  210 S     7  -5  -5  -5  -4  -4  -4   0  -5  -5  -5  -4  -4  -6  -4   0  -3  -6  -5  -4   88   0   0   0   0   0   0   7   0   0   0   0   0   0   0   5   0   0   0   0  1.71 0.63
  211 I     0  -3  -4  -5   2  -2  -4  -4  -1   2   3  -3   2   0  -4  -1  -2   1   2   0   11   1   0   0   6   2   0   0   2  11  40   1   6   4   0   4   0   2   9   5  0.44 0.24
  212 E    -1   1   0   0  -5   1   3  -2  -1  -5  -5   5  -4  -3  -3   0  -2  -5  -4  -4    5   6   5   5   0   3  21   2   1   0   0  44   0   1   1   4   2   0   0   0  0.75 0.35
  213 V    -3  -5  -6  -5  -4  -5  -5  -3  -5   2   6  -4   1  -1  -6  -5  -4  -1   0   0    1   0   0   1   0   0   0   2   0  11  74   1   2   2   0   0   0   1   3   3  1.15 0.44
  214 I    -3  -5  -6  -6  -4  -5  -6  -6  -6   6   3  -5   0   0  -5  -5  -3  -5  -3   3    1   0   0   0   0   0   0   0   0  46  31   0   1   3   0   0   0   0   0  17  1.11 0.41
  215 A    -1   4   2  -3  -5   2  -1  -3   2  -5  -3   5  -3  -3  -4  -2   0  -1  -4  -3    4  24  10   0   0   8   2   1   4   0   2  35   0   1   0   1   5   1   0   1  0.69 0.34
  216 E    -2   0  -1   0  -1   3   4  -2  -2  -2  -2   3   0  -4  -3  -1   0  -4  -2  -2    2   4   1   3   1  13  31   2   0   2   3  22   3   0   0   4   4   0   1   2  0.50 0.27
  217 F    -2  -4  -4  -2  -5  -2  -3  -4   7  -2  -2  -3  -3   5  -5  -4  -4   2   6  -3    3   0   0   2   0   1   1   1  25   2   3   1   0  29   0   0   0   2  27   1  1.27 0.45
  218 G    -2   1   1  -2  -5  -2  -2   5  -1  -5  -5   2  -4  -2   0  -1  -3  -5  -4  -5    1   9   5   1   0   1   2  51   1   0   0  17   0   2   4   5   0   0   0   0  0.82 0.34
  219 N    -2  -2   3   2   0  -2   0   0  -3  -4  -4  -2  -2  -3  -3   4   2  -5  -3  -3    0   1  14  14   2   0   6   8   0   0   0   1   1   1   0  35  14   0   0   1  0.54 0.30
  220 L    -2  -4  -1  -4  -3  -4  -4  -5  -2   4   4  -4   1  -2   0  -2  -2  -4  -2   1    2   0   3   0   0   0   0   0   1  27  46   0   2   0   6   2   2   0   1   6  0.65 0.30
  221 K    -1  -2  -2   3  -5   1   5  -3  -1  -3  -2   1  -2  -1  -2  -2  -3  -2  -3  -2    5   1   0  15   0   3  50   1   1   1   3   8   1   3   1   2   0   1   1   3  0.72 0.33
  222 N     0   1   3   1  -3  -1   1   0  -2   0  -3   3  -2  -3  -2   0   1  -4  -2  -2    7   6  20   6   0   1   8   7   0   7   1  20   1   0   0   5   7   0   1   1  0.26 0.17
  223 F    -2  -4  -5  -5  -3  -4  -4  -5  -4   5   3  -3   0   2  -4  -4  -2  -4  -2   3    2   0   0   0   0   0   0   0   0  36  23   1   1   8   0   0   1   0   0  25  0.75 0.30
  224 K    -2  -2  -3  -2  -3  -1  -2  -3  -2   2   3   0   1   2  -1  -2  -1  -2   3   1    2   2   1   3   0   2   2   1   0  10  31   8   2   8   3   2   2   0  11  10  0.24 0.16
  225 D     0   1   1   2  -4   2   4  -2  -1  -2  -3   2  -3  -4  -2   0  -1  -4  -3  -1    7   6   5  11   0   7  30   2   1   2   2  15   0   0   1   5   2   0   0   4  0.40 0.21
  226 W     0   0   3  -2  -3   0  -1  -2   3   1  -2  -1   0  -1  -2   1   0   4   0  -1    8   4  16   1   0   4   3   1  10  10   2   3   2   3   1  14   3   7   3   3  0.22 0.15
  227 Y    -1  -1  -3  -3  -2  -1  -2  -2  -3   3   3  -1   1   0  -2  -2  -1   2  -1   1    4   3   1   1   0   3   2   3   0  20  34   4   2   4   2   3   4   3   2   8  0.25 0.14
  228 N    -1   0   2   3  -3   1   2  -1   0  -2  -2   1  -2  -3   0   1  -1  -3  -1  -3    3   4  10  22   0   5  15   3   3   2   5   8   1   1   3   9   2   0   2   1  0.29 0.14
  229 N    -1   2   2   0  -3   2   1   0  -1  -1  -2   2  -1  -3  -1   0   0  -3  -1  -2    4  14  10   4   0   9  11   6   0   4   4  13   2   1   2   9   3   0   2   2  0.18 0.11
  230 G     0  -1   0   0  -2  -1   0   2  -1   0   0   0  -1  -1   0   0   0   1  -2   0    5   2   4   5   0   1   6  20   1   7  13   8   1   1   3   5   6   2   1   9  0.07 0.06
  231 Q     0   1   0   0  -1   2   1   0   0  -1  -2   2  -1  -2   1   1  -1  -2  -2  -1    6   7   4   6   1   9   9   9   3   3   3  14   1   1   7  10   2   0   1   4  0.13 0.07
  232 F     1   0  -1  -1  -2   0   0  -1   0  -1  -1   1  -1   1   0   1   0   0   2  -1   11   5   2   2   1   2   7   5   1   2   6  10   2   8   5  10   6   1  11   3  0.08 0.06
  233 D     0   0   0   2  -1   0   1   0   0  -1   0   1  -1  -1   0   1   0  -2   0  -1    7   4   4  12   2   3   9   7   1   3   9   9   1   2   3  10   5   0   4   4  0.05 0.03
  234 K    -1   0  -1  -1   0   1   0  -2   0   0   0   2   0  -1   0   0   0   0   0   0    3   4   2   3   2   7   5   2   3   4  11  18   3   3   4   9   5   1   2   7  0.06 0.06
  235 R     0   1  -1   0  -1   1   0  -1   0   0   0   1   0  -1   0   0   0  -1   0  -1   12  11   2   5   1   6   4   4   2   6  10  10   3   3   5   4   5   0   3   3  0.04 0.03
  236 K     0   1   1   0  -2   0   0  -1  -1  -1  -1   2  -1  -1   1   0   0  -1  -1  -1    8  10   7   6   1   4   6   4   1   4   4  16   2   3   8   6   5   1   2   3  0.11 0.06
  237 Q     0   1   0   0  -1   1   1  -1  -1  -1  -1   3  -1  -2  -1   0   0  -2   0  -1   10   8   3   4   2   8   8   4   1   4   6  23   1   1   2   4   4   1   3   4  0.13 0.07
  238 E     0   0   0   0  -1   0   0  -1   0   0   1   1   0  -1  -1   0   0  -1   0  -1    7   4   5   6   1   3   7   3   2   5  20  11   1   2   3   5   8   1   3   3  0.04 0.04
  239 T     0   1   0   0  -1   0   1   0  -1   0   0   1  -1  -1   0   0   0  -1   0   0    8   9   3   5   1   4  10   7   1   5   9   8   1   3   5   5   7   1   4   6  0.04 0.02
  240 E     0   0   0   0   0   2   3  -1  -1   0  -1   1  -1  -2   1  -1   0  -2  -2  -1    7   3   4   4   2   8  22   4   1   7   8   9   1   2   6   3   4   1   1   4  0.13 0.08
  241 N     0   0   3   0  -2   1   1   1   1  -1  -1   0  -1  -1  -1   0  -1  -2   0  -2    6   4  18   3   1   5  10  12   4   3   5   7   1   3   2   6   3   1   3   2  0.13 0.07
  242 K     0   1  -1  -1  -2   1   0  -1   0   0   0   1   1   0   0   0   0   0  -1   0    6   7   2   2   1   6   7   5   2   4  13  14   5   4   4   7   4   1   1   6  0.04 0.04
  243 F     0   1  -1   1  -2   0   1  -1   0   0  -1   0   0   0   0   0  -1  -1   2   0    7   7   2   9   1   4  10   5   2   4   6   7   2   5   3   3   3   1  10  10  0.04 0.04
  244 E     0   0   0   1   0   1   2  -1   1   0  -1   1   2  -2  -1   0  -1  -2  -1   0    6   3   5  10   3   8  14   4   4   5   4   7   8   1   2   5   3   1   2   6  0.08 0.06
  245 K     2   0  -1   0   0   0   0  -1  -1  -1  -1   2   0  -2   0   0   0  -2  -1  -1   25   3   2   5   2   2   5   4   1   4   7  18   2   1   5   3   5   1   2   4  0.12 0.09
  246 D     0   1   0   3  -2   0   0   0  -1  -1  -2   1  -1   0  -1   1  -1  -2  -1  -1    8  10   3  19   1   2   6   6   1   3   3  10   2   5   3   9   3   0   1   4  0.13 0.07
  247 L    -1   0  -1  -1  -1  -1  -1  -1   0   1   1   0   1   1   0  -1   0   1  -1   1    5   7   3   4   1   2   4   4   4   7  20   4   3   7   6   4   4   2   1  10  0.03 0.03
  248 R     0   0   0  -1   3   0   0  -1  -1   0   0   0   0  -1  -1   2   0   1   0  -1    7   5   4   2   7   3   5   3   1   7   8   6   2   1   3  23   3   2   4   3  0.09 0.08
  249 K     0   2   0  -1  -2   0   0  -1   0  -1  -1   2  -1   0   0   1   0   1   2  -1   10  12   4   2   1   3   5   3   2   3   5  13   1   3   3  11   3   2   9   5  0.10 0.07
  250 K     0   0   0   0  -1   1   1  -1   0  -1  -1   3  -1  -1  -1   0  -1   2  -1  -2    7   4   3   5   2   5  11   4   3   4   7  25   2   2   2   7   2   3   1   2  0.15 0.10
  251 L    -1  -1  -1  -1  -2  -1  -1  -2  -2   0   3   0   0   1  -1  -1   0  -1   0   0    5   3   3   4   1   2   4   3   1   5  35   8   1   6   3   4   5   0   3   6  0.11 0.08
  252 V     1  -1   0   0  -1   0   0   0  -1   0   0   0  -1   0  -1   0   0  -1  -1   1   16   3   3   7   1   4   4   8   1   5   9   5   1   6   2   9   4   0   2  11  0.03 0.03
  253 N    -1   1   1   0   1   1   0   0  -1  -1   0   1  -1  -1   0   0   1  -2  -1  -1    3  10   8   4   4   7   6   6   1   2   9  10   1   3   4   6  13   0   1   3  0.08 0.06
  254 N    -1   1   0   0  -1   0   0   0  -1   0   1   1   0  -1  -1   0   0  -2  -1   0    4  10   6   5   2   3   3   7   1   6  18   9   1   2   3   8   6   0   2   5  0.03 0.04
  255 E    -1   0   0  -1  -2   1   0   0   1  -1   0   3  -1  -1   0  -1  -1   1  -1   0    3   5   3   2   1   8   4   7   3   4   8  25   1   2   5   4   2   2   2   9  0.12 0.10
  256 I     0  -1  -1   0   1  -1  -1  -2   1   1   0  -1   0   0   0   0   1   1   3   1    8   2   2   6   3   3   2   2   4   8   8   2   3   3   4   4  11   2  14   9  0.08 0.08
  257 I    -1   0  -1   3  -2   2   0  -1  -1   0  -1   0  -1  -2   2  -1   0  -3  -2   0    5   6   1  19   0  10   3   4   2   6   5   7   1   1  12   3   6   0   1   8  0.18 0.12
  258 L    -1  -2  -3  -3  -2  -2  -2  -3  -3   3   2  -2   1  -1  -2  -2   0   0  -1   3    4   1   1   1   0   1   2   2   1  17  25   3   2   1   2   3   5   1   2  25  0.33 0.17
  259 D     0  -2   1   1  -1  -1  -1  -3  -1  -3  -2  -2  -3  -3   6  -1   0  -3  -3  -3    7   3   6   8   2   3   4   2   2   1   4   1   0   1  45   5   5   0   1   1  0.87 0.32
  260 D    -1   0   1   1  -3   0   3  -2  -2  -2   0   0  -1  -2   2   1   0  -3  -2  -2    3   4   7   9   0   3  23   2   0   1  13   3   1   2  10   9   5   0   1   2  0.22 0.15
  261 D    -2  -1   3   4  -3  -1   2   0  -1  -2  -3  -1  -3  -2   0  -1   0  -3  -3  -2    1   2  18  28   0   2  13   9   1   3   2   3   0   2   4   4   5   0   1   2  0.43 0.21
  262 F    -1  -3  -3  -1  -3  -3  -3  -2  -1   1  -1  -2  -2   5  -3  -3  -3   8   0   1    6   1   1   3   0   1   2   4   2   8   4   2   0  26   1   1   1  24   1  11  0.84 0.31
  263 P    -2  -2   2   2   0   0  -1  -3  -1  -3  -1  -1  -3  -3   6  -2  -2  -4  -3  -3    1   2  12  14   2   4   4   1   2   1   9   2   0   1  37   2   2   0   1   1  0.74 0.30
  264 S    -2  -1   2  -3  -3  -2  -2  -3   0  -1   1  -2  -1   3   1  -1  -2   2   5  -1    2   3  11   1   0   1   3   1   2   4  15   1   1  10   7   6   1   3  25   3  0.39 0.22
  265 V     0   1   0   1  -3   1   2  -2  -2  -2  -1   2  -2  -3   1  -1   0  -3  -1   0    6   8   3   6   0   7  18   3   0   2   4  18   0   1   6   3   4   0   3   8  0.20 0.14
  266 M     0   0  -1   3  -1   2   4  -2  -2  -2  -1   0  -1  -3  -1  -1  -2  -4  -1  -1    9   4   2  15   1   9  30   2   0   2   8   5   2   0   3   2   1   0   2   4  0.34 0.22
  267 V     3  -2  -4  -4   0  -3  -3  -3  -4   4   0  -2  -2   1  -2  -1  -2  -4  -3   3   28   2   0   0   1   0   1   1   0  25   5   2   0   6   1   3   1   0   0  21  0.44 0.28
  268 Y    -2   6  -3  -2  -4  -1  -3  -4   0   3  -1   2  -3   0  -4  -2  -2  -4   0  -2    4  43   0   2   0   1   0   0   2  17   5  13   0   3   0   2   2   0   4   2  0.69 0.37
  269 D    -1   1   1   3  -4   1   3   0   0  -3  -3   1   0  -4  -1   0  -2  -4  -3  -2    4   7   7  17   0   5  26   6   3   0   2   8   3   0   2   5   1   0   0   3  0.35 0.20
  270 A     1  -3  -3  -3  -3  -3  -1  -3   0   2   3  -1   0   3   0  -2   0  -2   1  -1   12   0   0   0   0   0   4   1   2  11  36   3   1  14   4   1   6   0   4   1  0.31 0.22
  271 Y    -3  -4  -2   1  -4  -4  -4  -5  -3  -2  -2  -4  -3   8  -2  -4  -3  -2   5  -3    2   0   2   8   0   0   1   1   0   2   3   1   0  59   3   1   2   0  16   1  1.44 0.52
  272 M    -2   0  -2  -2   1  -2  -2  -4  -3   1   4   1   3   0  -3  -1  -1  -3  -2  -1    1   4   1   3   3   1   1   1   0   9  41  11   7   4   0   5   4   0   1   2  0.33 0.23
  273 R    -2   1   5   1  -4   0   2  -3   3  -4  -4   1  -3  -2  -1   1  -1  -4  -3  -4    2   7  35   5   0   2  15   1   8   0   1   9   0   2   2   8   2   0   0   1  0.63 0.32
  274 P    -3  -4  -4  -2  -5  -4  -1  -4   0  -4  -3  -2  -4  -5   8  -3  -4  -5  -5  -1    2   0   0   2   0   0   5   1   2   0   3   2   0   0  76   1   0   0   0   4  2.07 0.65
  275 E    -1  -2   0   3  -4   0   3  -3   1  -1  -1   1  -3  -4   3  -2  -2  -4  -3  -1    5   0   3  20   0   3  22   1   3   3   7   7   0   0  16   1   1   0   0   5  0.42 0.23
  276 V    -2  -4  -4  -1   1  -4  -4  -4  -5   1   0  -4   1  -3  -2  -3  -2  -4  -3   6    2   0   0   5   3   0   0   1   0   4   7   0   3   0   2   1   1   0   0  68  0.97 0.42
  277 D    -1  -2   1   4  -2   0   0  -3   1  -2  -3  -1  -3  -3   0   0   3  -4   0  -2    3   1   6  28   1   4   6   0   3   2   2   2   0   0   4   4  27   0   3   3  0.46 0.26
  278 H     0  -1  -1   2   0   0   1  -1   1  -1   0   0  -1   0   2   0   0   0  -1  -1   11   1   2  17   2   3   8   4   5   5   8   5   0   5  10   3   4   1   1   3  0.11 0.09
  279 D    -1  -2   1   5  -4   0   2  -2  -2  -4  -4  -1  -3  -3   2   2  -1  -4   0  -3    5   1   6  33   0   4  12   2   0   0   0   2   0   1  11  16   3   0   3   2  0.54 0.27
  280 T    -1   0   1   1   0   0   2  -1   0   0   0   1  -1  -1  -1   0   0  -2   0  -1    2   3   7   9   2   3  20   4   1   5  12   8   0   2   2   6   6   0   4   3  0.10 0.08
  281 T    -2  -2   1   1   3  -1   0  -1  -2   1   0  -1  -1  -1  -1  -1  -1  -2   4   1    1   1   7   8   8   1   6   3   0  11   9   2   0   1   3   5   4   0  19  10  0.16 0.15
  282 P     0  -1   3   3  -4   0   3  -3  -2  -3  -3   1  -3  -4   1   1   1  -4  -3  -2    6   1  14  17   0   2  20   0   0   1   1   8   0   0   8   9   8   0   1   3  0.38 0.21
  283 F    -3  -4  -4  -2   1  -4  -4  -5  -4   3   4  -4   1   3  -3  -3  -2  -3   0   1    0   0   0   3   3   0   1   0   0  17  47   0   2  14   1   0   2   0   2   6  0.60 0.28
  284 V    -1   0  -1   1  -4   0   3  -2  -2  -3  -2   4  -3  -4  -3   1  -1  -4  -1   0    3   4   2   8   0   3  19   2   0   0   3  33   0   0   0   9   3   0   3   8  0.38 0.24
  285 W    -5   0  -5  -4  -5  -4  -5  -5  -5  -2  -1  -5  -2   2  -1  -2  -5  12   1  -5    0   5   0   1   0   0   0   0   0   2   5   0   1   6   3   3   0  66   4   0  2.59 0.70
  286 G     0   3   0  -1  -1   0   1   2   0  -2  -3   2  -3  -3  -3   1   1  -4  -3  -2    5  17   4   2   1   2   7  18   2   2   0  17   0   0   0  12   9   0   0   1  0.29 0.18
  287 V     0   0   0   0  -4   1   3  -1   0  -2  -2   2  -2  -4   2   0   0  -4  -3  -1    7   5   5   4   0   6  25   4   1   1   3  13   0   0   8   5   7   0   0   5  0.27 0.17
  288 P    -2  -5  -5  -5   0  -2  -2  -5  -5  -1  -6  -4  -5  -6   8  -4  -2  -7  -6  -3    3   0   0   0   2   2   2   0   0   4   0   0   0   0  82   0   3   0   0   2  2.31 0.70
  289 D    -3  -2   4   7  -3   1   0  -4  -3  -6  -6  -1  -2  -6  -4  -3  -3  -7  -5  -6    2   2  18  65   1   5   2   0   0   0   0   4   1   0   0   0   0   0   0   0  1.48 0.54
  290 L    -1   1  -2  -1  -3  -1   3  -3  -1   0   1   0  -1   0   0   0   0  -3  -1   2    2  10   0   2   0   1  23   1   1   6  15   3   0   4   4   7   3   0   2  16  0.16 0.16
  291 D    -1  -2   1   4  -1   0   5  -2  -3  -5  -5  -1  -4  -5  -3  -1  -3  -5  -5  -2    3   1   6  20   2   2  52   2   0   0   0   2   0   0   0   4   0   0   0   4  0.91 0.41
  292 M     0   0   0  -1  -4  -1   1   4  -3  -4  -4   3   0  -5  -3  -2  -3  -5  -4  -2    8   3   4   2   0   2  10  40   0   0   1  24   4   0   0   1   0   0   0   3  0.61 0.31
  293 L    -2  -4  -5  -5  -3  -2  -3  -6  -5   4   5  -4   0   0  -5  -4  -3  -4  -3   1    3   0   0   0   0   2   1   0   0  21  59   0   1   4   0   0   0   0   0   9  0.90 0.38
  294 R    -2   3  -3  -4  -3  -1  -2  -3  -1   4  -1   1   0  -2  -4  -2   0  -4  -3   3    0  18   0   0   0   3   2   2   2  28   3   9   2   1   0   2   6   0   0  23  0.39 0.25
  295 S     1   0   0   2  -4   3   3   0  -1  -4  -4   3  -3  -5  -1  -1  -1  -5  -4  -4   11   1   4  11   0  13  20   7   1   0   0  24   0   0   2   3   3   0   0   0  0.47 0.26
  296 F    -4  -4  -5  -5  -5  -1  -5  -5  -3   0   0  -1  -1   8  -5  -4  -4   1   2  -3    0   0   0   0   0   4   0   0   0   6   7   4   1  69   0   0   0   1   5   0  1.52 0.51
  297 M    -2  -4  -5  -6   3  -4  -3  -6  -5   0   5  -5   4  -2  -5  -4  -3  -4  -3  -1    2   0   0   0   6   0   2   0   0   4  72   0  11   1   0   0   0   0   0   2  1.15 0.45
  298 K    -2  -1  -4  -4   7   0   0  -2  -1   0  -2  -2  -1  -1  -4  -2  -1   0   0   4    1   4   0   0  27   4   7   4   2   4   0   2   1   2   0   1   2   1   4  33  0.61 0.31
  299 T    -1   2   0   2  -4   2   2   0   2  -3  -4   2  -3  -2  -1   0   0  -4  -2  -3    3  11   4  10   0   9  18   9   6   1   0  14   0   2   2   4   5   0   1   1  0.29 0.17
  300 Q    -3  -1  -2   1   0   2   6  -3  -3  -5  -2   0  -4  -2  -4  -3  -1  -5  -1  -4    0   3   1   6   2   6  64   2   0   0   4   5   0   2   0   0   3   0   3   1  1.02 0.46
  301 L    -3   1   1  -3  -4  -1  -1  -4   5  -3   0   3   1   3  -4  -3  -2  -1   2  -2    0   5   7   0   0   1   2   0  18   0  12  24   4  13   0   0   2   1   7   1  0.47 0.28
  302 G    -2  -3   1   3  -5   2   0   5   0  -5  -4  -2  -4  -5  -3   0  -3  -5  -4  -5    0   0   8  19   0  10   6  47   3   0   2   1   0   0   1   5   0   0   0   0  0.82 0.36
  303 W    -5  -6  -6  -7  -6  -6  -6  -6  -5  -3  -2  -6  -3   9  -7  -6  -5   8   0  -2    0   0   0   0   0   0   0   0   0   0   1   0   0  79   0   0   0  17   0   3  2.49 0.71
  304 P    -1  -2   4   1  -4  -1  -2  -2  -2  -4  -4   0  -3  -4   2   4  -1  -5  -2  -3    3   0  25   7   0   1   0   0   0   0   0   6   0   0  12  40   1   0   1   2  0.68 0.30
  305 H    -2   1  -2  -1  -5   2   5  -3   2  -4  -4   1  -2  -4   3  -2  -2  -4  -2  -2    1   7   0   1   0  10  49   1   5   0   1   5   1   0  13   0   1   0   1   2  0.75 0.30
  306 E    -2  -2  -1   5  -5   0   4  -2  -2  -1  -1  -1  -1  -4  -3  -1  -1  -5  -4  -2    1   1   1  34   0   3  37   2   0   4   6   1   1   0   0   4   3   0   0   2  0.70 0.28
  307 K    -4   7  -3  -4  -6  -1  -2  -3  -3  -5  -4   3  -4  -4  -4  -3  -2  -4   1  -2    0  71   0   0   0   0   1   2   0   0   0  16   0   0   0   0   1   0   6   3  1.44 0.46
  308 S    -2  -4  -4  -5   2  -4  -4  -5  -5   3  -1  -4  -1  -3  -4  -2   2  -5  -3   5    0   0   0   0   4   0   0   0   0  18   2   0   0   0   0   2  14   0   0  60  0.93 0.35
  309 D    -1   4   2   3  -4   1   2  -3  -2  -3  -3   0  -2   0  -3  -1   0  -4  -3  -3    3  34   8  22   0   5  11   0   0   1   2   3   0   4   0   1   5   0   0   0  0.51 0.22
  310 E     0   1   1   0  -4   2   3  -2  -2  -4  -4   3  -3  -4   0   2  -1  -4  -3  -3    6   3   8   3   0   9  22   1   0   0   0  27   0   0   3  15   2   0   0   0  0.44 0.19
  311 I     2  -2  -2  -3  -2  -1  -2   1   0  -1  -1   0   0   1  -2   1  -1   2   2   0   28   0   0   0   0   2   0  12   2   3   3   7   3   5   0  10   2   3  11   8  0.17 0.12
  312 L    -2  -4  -5  -5  -1  -4  -4  -5  -4   4   4  -4   1   1  -4  -4  -2  -3  -2   1    2   0   0   0   1   0   0   0   0  37  46   0   2   5   0   0   0   0   0   6  0.74 0.24
  313 I     0  -1  -1   0  -3   0   2  -3  -2   0   2   0   0   1  -3  -1  -1  -2   0   0    6   0   3   5   0   5  18   0   0   5  30   7   0  10   0   0   2   0   2   6  0.12 0.08
  314 P    -2   2  -2  -2  -4  -1  -1  -3  -3  -4  -4   5  -3  -5   6  -2  -2  -5  -4  -4    0   8   0   0   0   0   0   0   0   0   0  48   0   0  45   0   0   0   0   0  1.22 0.24
  315 L    -2  -2  -4  -4  -2  -2  -3  -4  -3   2   4   0   2  -1  -3  -3  -2  -3  -2   3    0   0   0   0   0   0   0   0   0  11  49  10   5   0   0   0   0   0   0  24  0.45 0.14
  316 I    -2  -3  -4  -4  -2  -3  -4  -4  -4   3   4  -3   1   0  -4  -3  -2  -3  -2   2    0   0   0   0   0   0   0   0   0  24  59   0   0   0   0   0   0   0   0  18  0.57 0.12

                      K         Lambda
Standard Ungapped    0.1403     0.3216
Standard Gapped      0.0504     0.2670
PSI Ungapped         0.1648     0.3176
PSI Gapped           0.0504     0.2670
