
Last position-specific scoring matrix computed, weighted observed percentages rounded down, information per position, and relative weight of gapless real matches to pseudocounts
           A  R  N  D  C  Q  E  G  H  I  L  K  M  F  P  S  T  W  Y  V   A   R   N   D   C   Q   E   G   H   I   L   K   M   F   P   S   T   W   Y   V
    1 A    4 -2 -2 -2 -1 -1 -1  0 -2 -2 -2 -1 -1 -3  4  1  0 -3 -2 -1   75   0   0   0   0   0   0   0   0   0   0   0   0   0  25   0   0   0   0   0  0.54 0.01
    2 K   -1  4  0 -1 -3  1  1 -2 -1 -3 -3  4 -2 -3 -1  0 -1 -3 -2 -3    0  29   0   0   0   0   0   0   0   0   0  71   0   0   0   0   0   0   0   0  0.54 0.01
    3 V   -1 -3 -3 -3 -1 -3 -3 -4 -3  3  1 -3  1 -1 -3 -2  0 -3 -1  4    0   0   0   0   0   0   0   0   0  25   0   0   0   0   0   0   0   0   0  75  0.36 0.01
    4 N   -1  0  4  0 -3  4  1 -1  0  0 -2  0 -1 -3 -2  0  0 -3 -2 -1    0   0  40   0   0  45   0   0   0  15   0   0   0   0   0   0   0   0   0   0  0.34 0.01
    5 L    1 -2 -2 -3 -1 -2 -2 -2 -2  1  3 -2  1 -1 -2  0  2 -2 -1  0   20   0   0   0   0   0   0   0   0   0  55   0   0   0   0   0  25   0   0   0  0.20 0.01
    6 Y   -2 -2 -2 -3 -3 -2 -2 -3  2 -2 -1 -2 -1  3 -3 -2 -2  2  7 -1    0   0   0   0   0   0   0   0   0   0   0   0   0   0   0   0   0   0 100   0  0.93 0.02
    7 I   -1 -3 -3 -3 -1 -3 -3 -4 -3  4  1 -3  1 -1 -3 -2  0 -3 -1  3    0   0   0   0   0   0   0   0   0  55   0   0   0   0   0   0   0   0   0  45  0.37 0.01
    8 S    1 -1  3  0 -1  0  0  0 -1 -3 -3  0 -2 -3 -1  4  1 -3 -2 -2    0   0  25   0   0   0   0   0   0   0   0   0   0   0   0  75   0   0   0   0  0.43 0.01
    9 N   -2 -1  6  3 -3  0  0 -1  0 -3 -4  0 -3 -3 -2  0  0 -4 -2 -3    0   0  80  20   0   0   0   0   0   0   0   0   0   0   0   0   0   0   0   0  0.69 0.01
   10 D   -1 -1  3  4 -4  1  3 -1  0 -3 -4  0 -3 -3 -2  0 -1 -4 -3 -3    0   0  25  41   0   0  34   0   0   0   0   0   0   0   0   0   0   0   0   0  0.60 0.01
   11 A    2 -2 -3 -3 -1 -2 -2 -2 -3  3  1 -2  0 -1 -2 -1  0 -3 -1  3   26   0   0   0   0   0   0   0   0  20   0   0   0   0   0   0   0   0   0  55  0.23 0.01
   12 Y   -2 -2 -2 -3 -2 -1 -2 -3  4  0 -1 -2 -1  2 -3 -2 -1  1  6  1    0   0   0   0   0   0   0   0  14   0   0   0   0   0   0   0   0   0  66  20  0.54 0.01
   13 E   -1 -1  0  3 -4  1  4 -2  0 -3 -3  0 -2 -1 -2  0 -1 -1  3 -2    0   0   0  15   0   0  65   0   0   0   0   0   0   0   0   0   0   0  20   0  0.50 0.01
   14 K   -1  2  0 -1 -3  3  1 -2  0 -3 -3  4 -1 -3 -1  0 -1 -3 -2 -2    0   0   0   0   0  25   0   0   0   0   0  75   0   0   0   0   0   0   0   0  0.50 0.01
   15 I   -1 -3 -3 -3 -1 -3 -3 -4 -3  4  1 -3  1  0 -3 -2 -1 -3 -1  3    0   0   0   0   0   0   0   0   0  85   0   0   0   0   0   0   0   0   0  15  0.40 0.01
   16 N   -1 -1  5  1 -2  0  0 -1  0 -3 -3  0 -2 -3 -2  1  2 -4 -2 -2    0   0  75   0   0   0   0   0   0   0   0   0   0   0   0   0  25   0   0   0  0.55 0.01
   17 A    2  0  0  3 -2  0  0 -1 -1 -1 -1  1  1 -2 -1  0 -1 -3 -2 -1   41   0   0  25   0   0   0   0   0   0   0  20  14   0   0   0   0   0   0   0  0.19 0.01
   18 I   -1 -3 -4 -3 -1 -3 -3 -4 -3  4  2 -3  1  0 -3 -3 -1 -2 -1  2    0   0   0   0   0   0   0   0   0  75  25   0   0   0   0   0   0   0   0   0  0.38 0.01
   19 I   -1 -3 -3 -3 -1 -3 -3 -4 -3  3  1 -3  1 -1 -3 -2  0 -3 -1  4    0   0   0   0   0   0   0   0   0  26   0   0   0   0   0   0   0   0   0  74  0.36 0.01
   20 E   -1  0  0  1 -3  1  5 -2 -1 -3 -3  0 -2 -3 -1  0  2 -3 -2 -2    0   0   0   0   0   0  75   0   0   0   0   0   0   0   0   0  25   0   0   0  0.53 0.01
   21 K   -1  3 -1 -1 -3  2  0 -2 -1  1 -1  3  0 -2 -2 -1 -1 -3 -2  0    0  20   0   0   0  15   0   0   0  25   0  40   0   0   0   0   0   0   0   0  0.24 0.01
   22 R   -2  6 -1 -2 -4  1  0 -3  0 -3 -2  2 -2 -3 -2 -1 -1 -3 -2 -3    0 100   0   0   0   0   0   0   0   0   0   0   0   0   0   0   0   0   0   0  0.79 0.02
   23 R   -1  5  0 -1 -4  1  0 -2  0 -3 -2  3 -2 -3 -2 -1 -1 -3 -2 -3    0  75   0   0   0   0   0   0   0   0   0  25   0   0   0   0   0   0   0   0  0.66 0.01
   24 Q    1  1  0 -1 -2  5  2 -1  0 -3 -2  1 -1 -3 -1  0 -1 -2 -2 -2   20   0   0   0   0  80   0   0   0   0   0   0   0   0   0   0   0   0   0   0  0.51 0.01
   25 E   -1  0  0  2 -4  2  5 -2  0 -3 -3  1 -2 -3 -1  0 -1 -3 -2 -3    0   0   0   0   0   0 100   0   0   0   0   0   0   0   0   0   0   0   0   0  0.77 0.01
   26 G    0 -3 -1 -1 -3 -2 -2  6 -2 -4 -4 -2 -3 -3 -2  0 -2 -3 -3 -3    0   0   0   0   0   0   0 100   0   0   0   0   0   0   0   0   0   0   0   0  1.07 0.01
   27 A    4 -2 -2 -2 -1 -1 -1 -1 -2  1  0 -1  0 -2 -1  1  0 -3 -2  1   75   0   0   0   0   0   0   0   0  25   0   0   0   0   0   0   0   0   0   0  0.26 0.01
   28 R   -1  5  0  0 -4  1  2 -2  0 -3 -3  3 -2 -3 -2 -1 -1 -3 -2 -3    0  55   0   0   0   0  25   0   0   0   0  20   0   0   0   0   0   0   0   0  0.54 0.01
   29 E   -1 -1  0  4 -3  1  4 -2 -1 -3 -3  0 -2 -3 -1  1  0 -3 -2 -3    0   0   0  29   0   0  51   0   0   0   0   0   0   0   0  20   0   0   0   0  0.54 0.01
   30 K    0  1  0 -1 -2  1  0 -1 -1 -2 -2  3 -1 -2 -1  0  2 -2 -1 -1    2   1   1   1   0   1   2   2   1   1   2  56   1   1   1   2  21   0   1   2  0.24 0.00
   31 D   -1 -1  1  5 -2  0  1 -1 -1 -2 -2 -1 -2 -2 -1  0 -1 -3 -2 -2    2   1   1  76   0   1   2   2   1   1   2   1   1   1   1   2   1   0   1   2  0.59 0.01
   32 V    1 -2 -3 -3 -1 -2 -2 -2 -3  3  1 -2  1 -1 -2 -1  0 -3 -1  3   25   0   0   0   0   0   0   0   0  29   0   0   0   0   0   0   0   0   0  45  0.23 0.01
   33 S    1 -1  1  0 -1  0  0  0 -1 -3 -3  0 -2 -3 -1  4  1 -3 -2 -2    0   0   0   0   0   0   0   0   0   0   0   0   0   0   0 100   0   0   0   0  0.48 0.01
   34 F   -2 -3 -3 -4 -2 -3 -3 -4 -2  1  2 -3  1  5 -3 -2 -1  0  1  1    0   0   0   0   0   0   0   0   0   0  40   0   0  45   0   0   0   0   0  15  0.38 0.01
   35 S    1 -1  1  0 -1  0  0  0 -1 -3 -3  0 -2 -3 -1  4  1 -3 -2 -2    0   0   0   0   0   0   0   0   0   0   0   0   0   0   0 100   0   0   0   0  0.48 0.01
   36 A    2 -1  3  0 -2 -1 -1  3 -1 -3 -3 -1 -2 -3 -2  2  0 -3 -2 -2   26   0  25   0   0   0   0  29   0   0   0   0   0   0   0  20   0   0   0   0  0.36 0.00
   37 T    0 -2 -1 -2 -1 -1 -2 -2 -2  2  0 -1  0 -1 -2  0  4 -3 -2  2    0   0   0   0   0   0   0   0   0  20   0   0   0   0   0   0  55   0   0  25  0.26 0.01
   38 A    3 -1  0 -1 -1 -1 -1  0 -1 -2 -2 -1 -1 -2 -1  3  1 -3 -2 -1   55   0   0   0   0   0   0   0   0   0   0   0   0   0   0  45   0   0   0   0  0.36 0.01
   39 S    1 -1  0  0 -1  0  0 -1 -1 -2 -2  0 -1 -3 -1  4  3 -3 -2 -1    0   0   0   0   0   0   0   0   0   0   0   0   0   0   0  80  20   0   0   0  0.43 0.01
   40 M   -1 -2 -2 -3 -2 -1 -2 -3 -2  1  2 -2  6  0 -3 -2 -1 -2 -1  1    0   0   0   0   0   0   0   0   0   0   0   0 100   0   0   0   0   0   0   0  0.42 0.02
   41 L   -2 -2 -4 -4 -1 -2 -3 -4 -3  2  4 -3  2  0 -3 -3 -1 -2 -1  1    0   0   0   0   0   0   0   0   0   0 100   0   0   0   0   0   0   0   0   0  0.48 0.01
   42 L   -2 -2 -4 -4 -1 -2 -3 -4 -3  2  4 -3  2  0 -3 -3 -1 -2 -1  1    0   0   0   0   0   0   0   0   0   0 100   0   0   0   0   0   0   0   0   0  0.48 0.01
   43 E   -1  0  0  2 -4  2  5 -2  0 -3 -3  1 -2 -3 -1  0 -1 -3 -2 -3    0   0   0   0   0   0 100   0   0   0   0   0   0   0   0   0   0   0   0   0  0.77 0.01
   44 L   -2 -2 -4 -4 -1 -2 -3 -4 -3  2  4 -3  2  0 -3 -3 -1 -2 -1  1    0   0   0   0   0   0   0   0   0   0 100   0   0   0   0   0   0   0   0   0  0.48 0.01
   45 G    0 -3 -1 -1 -3 -2 -2  6 -2 -4 -4 -2 -3 -3 -2  0 -2 -3 -3 -3    0   0   0   0   0   0   0 100   0   0   0   0   0   0   0   0   0   0   0   0  1.07 0.01
   46 L   -2 -2 -4 -4 -1 -2 -3 -4 -3  2  4 -3  2  0 -3 -3 -1 -2 -1  1    0   0   0   0   0   0   0   0   0   0 100   0   0   0   0   0   0   0   0   0  0.48 0.01
   47 R   -2  6 -1 -2 -4  1  0 -3  0 -3 -2  2 -2 -3 -2 -1 -1 -3 -2 -3    0 100   0   0   0   0   0   0   0   0   0   0   0   0   0   0   0   0   0   0  0.79 0.02
   48 V    0 -3 -3 -3 -1 -2 -3 -3 -3  3  1 -2  1 -1 -3 -2  0 -3 -1  4    0   0   0   0   0   0   0   0   0   0   0   0   0   0   0   0   0   0   0 100  0.38 0.01
   49 H   -2 -2 -2 -3 -3 -1 -2 -3  4 -2 -1 -2 -1  3 -3 -2 -2  2  7 -2    0   0   0   0   0   0   0   0  13   0   0   0   0   0   0   0   0   0  87   0  0.81 0.02
   50 E   -1 -1  0  2 -3  1  4 -2 -1 -2 -1  0  2 -2 -2 -1 -1 -3 -2 -1    0   0   0  14   0   0  60   0   0   0   0   0  25   0   0   0   0   0   0   0  0.40 0.01
   51 A    4 -2 -2 -2 -1 -1 -1 -1 -2  1  0 -1  0 -2 -1  1  0 -3 -2  1   75   0   0   0   0   0   0   0   0  25   0   0   0   0   0   0   0   0   0   0  0.26 0.01
   52 Q   -1  1  0  0 -3  6  2 -2  0 -3 -2  1 -1 -3 -1  0 -1 -2 -2 -2    0   0   0   0   0 100   0   0   0   0   0   0   0   0   0   0   0   0   0   0  0.71 0.02

                      K         Lambda
Standard Ungapped    0.1277     0.3132
Standard Gapped      0.0410     0.2670
PSI Ungapped         0.1277     0.3132
PSI Gapped           0.0410     0.2670
