
Last position-specific scoring matrix computed, weighted observed percentages rounded down, information per position, and relative weight of gapless real matches to pseudocounts
            A   R   N   D   C   Q   E   G   H   I   L   K   M   F   P   S   T   W   Y   V   A   R   N   D   C   Q   E   G   H   I   L   K   M   F   P   S   T   W   Y   V
    1 T    -4  -5  -4  -5   3  -5  -5  -6  -6  -5  -5  -5  -5  -6  -5  -3   8  -7  -6  -4    0   0   0   0   5   0   0   0   0   0   0   0   0   0   0   0  95   0   0   0  2.44 0.71
    2 A     3  -1   0  -4  -3  -3  -3  -3  -1   2  -2  -1  -1  -3   2   1   3  -5  -4   1   26   3   4   0   0   0   0   0   1  11   1   2   2   1  10   9  22   0   0   8  0.40 0.23
    3 F    -6  -7  -7  -8  -6  -7  -7  -7  -4  -2   1  -7  -4   8  -8  -6  -6  -3   6  -3    0   0   0   0   0   0   0   0   0   2  13   0   0  64   0   0   0   0  21   1  2.14 0.62
    4 S    -3  -3  -1  -5  -5  -3  -4  -4   0  -5  -6  -1  -5  -6  -5   4   6  -7  -6  -5    1   1   3   0   0   1   0   1   2   0   0   4   0   0   0  34  54   0   0   0  1.49 0.59
    5 E     0   2   0   1  -4   1   1  -1   1  -4  -3   2  -2  -4   2   1   0  -5  -2  -2    8  10   4   9   0   7   8   3   3   0   2  14   0   0  11  11   6   0   1   2  0.28 0.16
    6 E     0  -2  -1   1  -3   2   4  -2   3  -3  -1   0  -2   1  -2   0  -2   0   2  -2    7   1   1   6   1   9  28   2   8   1   6   5   0   5   1   6   2   2   8   2  0.33 0.21
    7 Q    -6  -4  -5  -5  -8   9  -2  -7  -4  -8  -7  -4  -5  -8  -6  -3  -6  -7  -2  -7    0   0   0   0   0  95   1   0   0   0   0   0   0   0   0   2   0   0   2   0  3.00 0.93
    8 K    -2   0  -5  -6  -4  -4  -5  -6  -5   3   4  -2  -1  -3  -5  -2   1  -5  -2   2    3   6   0   0   0   0   0   0   0  14  49   2   0   0   0   4  10   0   1  11  0.71 0.32
    9 K     0   2   1   0  -1   3   2  -3   0  -2   0   1  -1  -1  -2  -1   0  -4  -1  -2    7  10   6   3   1  15  16   1   3   2  13   7   1   2   2   3   5   0   3   2  0.18 0.14
   10 A     1   1  -3  -2  -2   1   5  -3  -2  -1  -1  -2  -1  -2  -4  -1   0  -5  -4   0   15   9   0   1   1   6  36   2   1   4   5   1   2   2   0   2   7   0   0   8  0.43 0.26
   11 L    -6  -6  -8  -8  -6  -6  -7  -8  -7  -3   7  -7   3  -2  -7  -7  -5  -6  -5  -3    0   0   0   0   0   0   0   0   0   0  93   0   5   1   0   0   0   0   0   0  2.11 0.66
   12 D    -5  -2  -1  -2  -8   1   7  -6  -2  -5  -6   1  -6  -8  -6  -4  -5  -7  -6  -7    0   2   3   1   0   5  80   0   1   1   0   8   0   0   0   0   0   0   0   0  1.97 0.67
   13 L     1   3   1   0  -3   1   0  -3  -1  -3  -2   4  -1  -5  -4   0  -1  -5  -3  -4   13  19   6   5   0   5   5   1   2   1   4  27   1   0   0   7   2   0   0   0  0.44 0.24
   14 A     0   1  -1  -2  -1   0   3  -3  -1  -1  -1   0   0   0  -3   1   0  -1   0   0    9   8   3   0   1   3  25   0   1   4   7   4   2   4   0  11   5   1   4   8  0.19 0.16
   15 F    -7  -7  -8  -8  -7  -8  -8  -8  -5  -5  -4  -8  -5   9  -8  -7  -7  -4   3  -6    0   0   0   0   0   0   0   0   0   0   0   0   0  90   0   0   0   0   9   0  3.10 0.82
   16 Y     1   1   0   0  -3   3   2  -2   4  -3  -1   2  -1  -3  -4   0  -2  -5  -2  -3   13   6   5   4   0  15  15   2  11   1   6  13   2   1   0   6   1   0   1   1  0.34 0.21
   17 F     0   2  -2  -1  -2   2   3  -3   0  -1  -1   2  -1   2  -3  -1   1  -4  -1  -2    7   9   1   2   1  10  19   1   2   3   6  11   1  10   0   3   8   0   2   2  0.21 0.16
   18 D    -3  -3   5   1   3   3   1  -2   2  -4  -5  -1  -4  -6  -5   1   2  -1  -4  -5    1   1  31   7   6  13   7   2   5   1   0   3   0   0   0  10  12   1   0   0  0.71 0.34
   19 R    -1   3   1  -4  -3   2  -2  -4   5  -4  -5   3   2  -5   3   0  -2  -6  -4  -4    4  18   7   0   0  11   2   0  12   1   0  19   5   0  13   6   1   0   0   1  0.64 0.31
   20 Y    -6  -2  -1  -7  -7  -5  -6  -7   3  -4  -5   1  -3   2  -7  -6  -1  -3   9  -6    0   2   4   0   0   0   0   0   6   1   0   9   1   7   0   0   4   0  67   0  2.13 0.68
   21 L    -5  -6  -7  -6  -6  -6  -6  -7  -7   1   4  -6  -1  -5   6  -5  -5  -6  -6   0    0   0   0   0   0   0   0   0   0   8  42   0   1   0  43   0   0   0   0   5  1.55 0.54
   22 T    -1  -4   2   5  -1  -3   0  -2  -4  -5  -5  -2  -5  -6  -4   3   3  -6  -3  -2    5   0   8  27   1   0   6   3   0   0   0   2   0   0   0  25  20   0   1   2  0.74 0.36
   23 P     0   3  -3  -1  -1  -1   1  -1  -1   1  -1   0  -1  -2   3   0  -1  -4  -2   1    8  16   0   4   1   1   9   5   1   9   4   5   2   1  14   6   2   0   1  11  0.19 0.14
   24 E     0   1   0   1  -3   2   1  -1   1  -3  -2   2  -2   0   2   0  -1  -1   0  -2   10   8   3   9   0  10   7   3   3   1   3  12   0   5  10   6   4   1   4   2  0.17 0.12
   25 W    -1   4  -2   1  -2   3   3  -4  -2  -2  -1   1   1  -5  -4  -2   1  -2  -4  -2    5  24   1   9   1  11  18   0   1   3   5   6   3   0   0   1   9   0   0   2  0.46 0.25
   26 R    -6   8  -5  -6  -8  -1  -4  -7  -2  -3  -2   3  -2  -4  -6  -5  -5  -2  -6  -5    0  75   0   0   0   2   0   0   1   2   4  14   1   1   0   0   0   1   0   1  1.99 0.65
   27 R     0   1  -1   0  -1   2   3  -2   0   0  -1   1   0  -2  -3  -1  -1  -2  -2  -1   10  10   2   4   1   8  26   2   2   7   6   8   3   1   0   3   1   0   1   5  0.20 0.14
   28 Y    -1   2  -2   1  -3   3   5  -3   2  -4  -4   1  -2  -2  -4  -2  -2  -3  -2  -3    5  13   1   5   1  15  39   1   4   1   1   6   1   2   0   1   1   0   1   1  0.66 0.29
   29 L    -4  -5  -7  -7  -4  -5  -6  -7  -6   3   6  -6   1  -1  -6  -6  -4  -5  -4   0    0   0   0   0   0   0   0   0   0  17  75   0   3   1   0   0   0   0   0   4  1.41 0.44
   30 S     6  -3  -4  -5  -1  -4  -4  -1  -5  -2  -5  -4  -4  -6  -4   3  -3  -6  -5  -4   76   1   0   0   1   0   0   3   0   2   0   0   0   0   0  17   0   0   0   0  1.43 0.51
   31 Q     1   3   1  -1  -4   2   1  -2   2  -3  -1   2   0  -3  -3   1  -1  -2  -2  -2   12  18   8   3   0  10   7   2   6   1   5  11   3   0   0   8   3   1   0   3  0.23 0.14
   32 R     0   2  -1  -1  -2   1   2  -3   0  -1  -2   2   0  -2  -2   1   0   0  -2  -1    8  12   2   1   1   6  17   0   2   4   4  16   2   1   0  13   5   1   0   4  0.22 0.14
   33 L    -4  -5  -5  -6   0  -5  -5  -6  -5   2   5  -5   1  -3  -5  -3   3  -5  -4   0    0   0   0   0   2   0   0   0   0   9  64   0   3   0   0   1  17   0   0   3  1.07 0.39
   34 G    -2   0   4   1   1   0  -1   4   1  -5  -4   0  -2  -5  -4   0  -2  -5  -3  -4    1   4  24   8   4   5   2  35   3   0   1   6   1   0   0   5   1   0   1   0  0.64 0.26
   35 L    -5  -5  -7  -7  -4  -5  -6  -7  -6   1   6  -4   2  -3  -6  -6  -4  -5  -4   0    0   0   0   0   0   0   0   0   0   6  83   1   5   0   0   0   0   0   0   5  1.53 0.47
   36 N    -1  -1   0  -1  -2   0   0  -3  -1  -4  -4  -1  -4  -5   3   3   4  -5  -4  -3    4   4   4   3   0   4   5   1   1   0   1   3   0   0  13  22  33   0   0   1  0.58 0.29
   37 E    -2  -3  -1   2  -6   0   6  -5  -2  -5  -4  -1  -2  -6   4  -2  -1  -6  -3  -4    2   1   2  10   0   3  49   0   1   0   1   3   1   0  19   2   4   0   1   1  0.97 0.37
   38 A     1   5  -1   0  -1  -1  -2  -3  -3  -3  -2   0  -3  -5  -2   1   2  -5  -3  -2   10  40   2   5   1   2   1   1   0   1   4   4   0   0   1  10  15   0   0   3  0.57 0.27
   39 Q    -3   3  -4  -4  -6   8  -2  -5  -1  -5  -5   0  -4  -6  -5  -2  -1  -6  -5   0    2  16   0   0   0  65   0   0   1   0   0   4   0   0   0   2   4   0   0   7  1.56 0.54
   40 I    -4  -6  -6  -6  -4  -6  -6  -7  -6   5   0  -6  -2  -4  -6  -5  -2  -6  -4   6    0   0   0   0   0   0   0   0   0  33   4   0   0   0   0   0   2   0   0  61  1.53 0.47
   41 K    -1   0  -3  -3  -6   5   0  -5  -3  -3  -5   6  -2  -6  -4  -2   0  -6  -5  -3    5   3   0   0   0  26   5   0   0   1   0  51   1   0   0   1   5   0   0   2  1.12 0.42
   42 I    -3  -5  -1  -6  -4  -5  -5  -6  -6   5  -2  -5   0   1  -5  -4   1  -5  -3   5    0   0   3   0   0   0   0   0   0  37   0   0   2   7   0   0  10   0   0  41  1.07 0.38
   43 W    -8  -8  -9 -10  -7  -7  -8  -8  -7  -8  -7  -8  -6  -4  -9  -8  -8  13  -3  -8    0   0   0   0   0   0   0   0   0   0   0   0   0   0   0   0   0 100   0   0  5.11 1.06
   44 F    -6  -7  -7  -8  -7  -7  -7  -7  -5  -4  -4  -7  -4   9  -8  -7  -6  -3   2  -5    0   0   0   0   0   0   0   0   0   0   0   0   0  95   0   0   0   0   5   0  3.02 0.73
   45 Q    -5  -2  -4  -4   0   9  -1  -6   0  -7  -6   1  -4  -7  -5  -2  -3  -6  -5  -6    0   1   0   0   2  82   2   0   2   0   0   8   0   0   0   2   1   0   0   0  2.20 0.68
   46 N    -6  -4   9  -3  -7  -4  -4  -5   2  -8  -8  -2  -6  -7  -6  -3  -4  -8  -6  -7    0   0  94   0   0   0   0   0   3   0   0   2   0   0   0   0   0   0   0   0  2.73 0.70
   47 K    -2   8  -2  -5  -2   0  -3  -5   2  -6  -5   2  -5  -6  -5  -2  -4  -6  -5  -6    3  76   1   0   1   2   0   0   5   0   0   9   0   0   0   2   0   0   0   0  1.76 0.51
   48 R    -4   8  -4  -5  -7  -3  -4  -6  -4  -7  -6  -1  -5  -6  -6  -4  -5   2  -5  -6    1  94   0   0   0   0   0   0   0   0   0   1   0   0   0   0   0   3   0   0  2.48 0.63
   49 A     4  -2  -3  -4   1  -1  -3  -3  -4  -2  -1  -3   5  -3  -4  -1   2  -4   1  -1   47   2   1   0   3   3   0   0   0   1   3   0  20   0   0   2  12   0   5   2  0.69 0.32
   50 K    -4   4  -3  -4  -6   2  -2  -5  -4  -6  -6   7  -4  -6  -4  -3  -4  -6  -5  -6    0  22   0   0   0   7   0   0   0   0   0  70   0   0   0   0   0   0   0   0  1.69 0.48
   51 I    -1  -4  -3   1   1   0  -1  -4   1   0   0  -2   2   0  -4  -1  -1   9   1  -2    6   0   1   8   3   5   5   0   5   7   8   1   7   3   0   4   4  28   3   1  0.70 0.26
   52 K    -4   5  -3  -4  -6  -1  -2  -5  -4  -2  -5   7  -2  -6  -4  -3  -4  -6  -5  -5    0  28   0   0   0   1   0   0   0   3   0  66   1   0   0   0   0   0   0   0  1.61 0.48
   53 K    -4   5  -1  -4  -6   2  -2  -4  -1  -6  -5   6  -4  -6  -4  -3  -3  -6  -4  -5    0  33   2   0   0   7   0   0   1   0   0  57   0   0   0   0   0   0   0   0  1.41 0.41
   54 S     2  -2   4   4  -3  -2  -1  -2  -2  -4  -4  -2  -3  -4  -3   3   1  -5  -4  -3   17   0  21  27   0   0   0   0   0   0   0   0   0   0   0  26  10   0   0   0  0.60 0.19

                      K         Lambda
Standard Ungapped    0.1336     0.3218
Standard Gapped      0.0602     0.2670
PSI Ungapped         0.1966     0.3180
PSI Gapped           0.0602     0.2670
