
Last position-specific scoring matrix computed, weighted observed percentages rounded down, information per position, and relative weight of gapless real matches to pseudocounts
            A   R   N   D   C   Q   E   G   H   I   L   K   M   F   P   S   T   W   Y   V   A   R   N   D   C   Q   E   G   H   I   L   K   M   F   P   S   T   W   Y   V
    1 A     2  -2  -1  -2  -2  -1  -2  -1  -2  -3  -3  -2  -3  -4  -2   5   2  -4  -3  -2   20   0   0   0   0   0   0   0   0   0   0   0   0   0   0  71   9   0   0   0  0.79 0.22
    2 D    -1  -2   6   2  -4  -2  -1   0  -1  -4  -5  -2  -4  -3  -3   1   0  -4   1  -4    3   0  60   9   0   0   1   7   0   0   0   0   0   0   0  10   4   0   7   0  0.91 0.27
    3 T    -3   1   0  -3  -2   4  -1  -3   8  -5  -4  -1  -3  -4  -2  -1   0  -4  -1  -4    0   9   4   0   1  25   0   1  49   0   0   2   0   0   2   2   5   0   0   0  1.22 0.35
    4 I    -2  -3  -3  -4  -2  -3  -3  -4  -4   3   1  -3   0   2   0   0   2  -3  -1   3    0   0   0   0   0   0   0   0   0  26  12   0   0  13   4   7  16   0   0  22  0.38 0.18
    5 V    -2  -4  -5  -5  -3  -4  -5  -5  -5   3   1  -4  -1   3  -5  -4  -2  -4  -2   5    0   0   0   0   0   0   0   0   0  12  13   0   0  13   0   0   0   0   0  61  0.94 0.32
    6 A     6  -4  -3  -4  -3  -3  -3   0  -1  -4  -4  -3  -3  -3  -3   1   0  -5  -2  -2   81   0   0   0   0   0   0   6   1   0   0   0   0   1   0   7   3   0   1   0  1.10 0.39
    7 V    -3  -5  -5  -6  -3  -5  -5  -6  -6   3   0  -5  -1  -3  -5  -4  -2  -5  -4   7    0   0   0   0   0   0   0   0   0  11   3   0   0   0   0   0   0   0   0  86  1.45 0.44
    8 E    -3  -3  -3   0  -6   0   7  -1  -3  -5  -5  -2  -4  -5  -4  -3  -3  -5  -4   0    0   0   0   1   0   2  85   5   0   0   0   0   0   0   0   0   0   0   0   7  1.51 0.47
    9 L    -4  -5  -2  -6  -4  -5  -5  -6  -4  -1   2  -5  -2   8  -6  -5  -4  -2   0  -3    0   0   3   0   0   0   0   0   0   2  22   0   0  73   0   0   0   0   0   0  1.64 0.44
   10 D    -4  -4   1   8  -6  -3  -1  -4   2  -6  -6  -3  -6  -6  -4  -3  -4  -7  -5  -6    0   0   4  91   0   0   0   0   5   0   0   0   0   0   0   0   0   0   0   0  2.08 0.52
   11 T    -2  -4  -3  -4  -3  -3  -3  -2  -4   0  -2  -3  -3  -4  -4   0   7  -5  -4   0    0   0   0   0   0   0   0   3   0   6   3   0   0   0   0   3  82   0   0   4  1.35 0.46
   12 Y    -1  -1  -1  -4   2  -1  -3  -3   1   0  -1  -2  -1   5  -4  -2  -2   2   4   1    5   3   3   0   6   3   0   1   4   5   3   2   0  28   0   3   0   2  19  14  0.44 0.19
   13 P    -1   2  -1  -2  -3   2   0  -2   2  -2  -1   2   0  -1   0   1  -1   0   2  -2    3  12   1   0   0  12   2   1   6   2   5  20   3   2   5  11   2   1  10   2  0.20 0.13
   14 N    -1  -3   7   3  -4  -2  -2   0  -2  -5  -5  -1  -4  -5  -4   2   0  -6  -4  -4    4   0  57  15   0   0   0   5   0   0   0   2   0   0   0  14   4   0   0   0  1.07 0.35
   15 T     0   2   0   0  -3   1   0  -2  -2  -2  -1   1  -1  -3   2   1   1  -3  -1   0    7  13   3   6   0   6   3   1   0   1   7   8   0   0  11  15   9   0   3   7  0.17 0.09
   16 D    -1  -1   1   3  -3   1   3  -1   1  -1  -2   0  -2  -3  -2  -1  -1  -3  -2   0    3   2   6  20   0   5  28   4   4   5   2   6   0   1   1   3   1   0   1   7  0.30 0.12
   17 I    -1  -2  -1   0  -1  -1  -1   0   0   0   0  -1  -1   4   2   0  -1   3   1  -1    5   2   3   6   1   1   2   7   3   6   5   2   1  25  10   6   4   5   3   4  0.16 0.07
   18 G    -2  -2   1   2  -3  -2  -1   2   1  -2  -3  -1  -3   1  -3  -1  -1   8  -1  -3    2   1   8  14   0   0   3  16   4   2   2   5   0   7   1   2   5  26   0   1  0.65 0.21
   19 D    -3  -3   0   7  -5  -2   0  -1  -3  -5  -5  -3  -5  -5  -1  -2  -3  -5  -5  -5    0   0   2  82   0   0   4   5   0   0   1   0   0   0   3   0   0   0   0   0  1.62 0.41
   20 P    -2   0  -3  -2  -3  -1   0  -4  -3   2  -1   1   0  -3   6  -2  -1  -4  -3  -1    0   6   0   1   0   1   5   0   0  20   5   9   3   0  41   1   3   0   0   2  0.75 0.23
   21 S    -2   0   4   3  -3  -1   0  -1  -1  -2  -3   1  -3  -3  -1   1   0  -4  -1  -3    1   3  30  22   0   2   4   3   0   4   2   8   0   0   3  12   4   0   2   0  0.44 0.18
   22 Y    -1  -1   1   3  -3  -1   0   2   0  -2  -2  -1  -1   1  -2   0  -1  -2   2  -1    3   3   7  19   0   0   5  18   2   1   1   4   2   7   1   6   4   0  11   6  0.18 0.10
   23 P    -1   3   5  -1  -3   0  -2  -2  -1  -1  -3   0  -3  -4   2   0  -1  -4  -3  -3    3  18  42   1   0   2   1   1   0   6   1   3   0   0  13   4   2   0   0   1  0.62 0.23
   24 H    -2  -2  -2  -1  -4  -2  -2  -4  10  -4  -1  -3  -3  -3  -4  -3  -3  -4  -1  -4    4   1   0   3   0   0   1   1  79   1   6   1   0   0   1   1   1   0   0   1  2.06 0.47
   25 I    -3  -5  -5  -5  -3  -4  -5  -5  -5   6  -1  -4   0  -2  -4  -4  -2  -4  -3   5    0   0   0   0   0   0   0   0   0  51   0   0   2   0   0   0   0   0   0  44  1.16 0.35
   26 G     0  -3   0  -3  -4  -3  -1   6  -3  -5  -5  -1  -4  -5  -4   0  -3  -4  -4  -5    4   0   3   0   0   0   3  76   0   0   0   5   0   0   0   7   0   0   0   0  1.30 0.35
   27 I    -3  -4  -5  -5  -3  -4  -5  -5  -5   6   2  -4   1   0   0  -4  -3  -4  -3   1    0   0   0   0   0   0   0   0   0  68  15   0   3   3   5   0   0   0   0   5  1.03 0.33
   28 D    -3  -3   5   6  -5  -2  -1  -1  -2  -5  -5  -2  -4  -4  -1  -2  -3  -5   0  -4    0   0  27  58   0   0   0   3   0   0   1   0   0   0   3   0   0   0   5   0  1.21 0.35
   29 I    -1  -3  -1  -4  -2  -3  -2  -4  -4   4   0  -3   0   0  -3  -2  -1  -3  -1   4    2   0   3   0   0   0   2   0   0  30   5   0   2   3   0   2   1   0   2  45  0.59 0.23
   30 K    -3  -2   7   1  -4  -2  -2  -1  -2  -5  -5   0  -4  -5  -4  -1  -2  -5  -4  -3    0   0  75   8   0   0   0   3   0   0   1   7   0   0   0   2   0   0   0   2  1.43 0.41
   31 S    -1  -1   2  -2  -1  -2  -2   0  -3  -4  -4  -2  -3  -4  -2   6   0  -4  -3  -3    2   2   9   0   1   0   0   7   0   0   1   0   0   0   1  68   4   0   0   0  0.87 0.33
   32 V    -1  -2  -3  -3  -2  -3  -3  -3  -3   4   2  -3   1  -1   0   0  -1  -3  -2   2    2   2   0   1   0   0   1   1   0  37  20   1   4   0   5   7   2   0   0  17  0.40 0.16
   33 R    -1   2   2  -1  -3   0   0  -3  -1   1  -1   2   0  -3  -2   0   1  -3  -2   1    1  15  11   1   0   3   7   1   1  10   2  18   2   0   0   5  10   0   0  12  0.19 0.14
   34 S    -1  -3  -2   0  -3  -2  -2  -3  -3  -4  -4  -3   0  -4  -1   6  -1  -5  -4  -4    1   0   0   4   0   0   0   1   0   0   1   0   3   0   3  83   0   0   0   0  1.33 0.51
   35 K     0  -1  -2   0  -2  -2  -1  -3  -3   3   0   1   0  -2  -3   0   0  -3  -2   3    6   2   1   7   0   0   2   1   0  23   6  12   1   0   0   5   6   0   0  27  0.23 0.16
   36 K     2   1   1  -2  -3  -1   0  -2  -2  -1  -3   4  -2  -4  -3   0  -1  -4  -3   0   19   6   6   0   0   1   5   2   0   5   0  39   0   0   0   4   3   0   0   9  0.38 0.23
   37 T     1  -2   2  -2  -3   0  -2  -3  -2  -1  -2  -1  -2  -2  -3   2   4  -3   0  -1   10   0  12   0   0   5   0   0   0   4   1   2   0   1   0  20  36   0   5   2  0.48 0.27
   38 A     2  -2  -2  -2   3  -1   0   1  -3   0  -2  -1  -2  -3  -1   0   2  -3  -3   2   17   2   0   1   7   1   9   9   0   5   0   4   0   0   2   5  16   0   0  20  0.19 0.15
   39 K    -2   2   0   1  -4  -1  -2  -1   0  -4  -4   1  -3  -3   4   3   0  -3   2  -3    0  11   3   7   0   2   0   3   1   0   0   9   0   0  21  28   5   0   9   0  0.49 0.25
   40 W     1  -5  -5  -4  -1  -4  -5  -4  -4   0  -1  -5  -3   4  -5  -4  -4  10   2  -3   15   0   0   1   1   0   0   0   0   5   7   0   0  16   0   0   0  49   4   0  1.83 0.51
   41 N    -2  -1   4   4  -4   1   0   1   1  -4  -4  -1  -3  -4  -1   1  -1  -4  -2  -3    1   2  25  26   0   6   3  12   4   0   0   3   0   0   2  12   1   0   1   1  0.52 0.23
   42 M    -2  -1  -2  -3  -3  -2  -2  -4  -2   0   3   0   2   2  -2  -2  -2   5   4  -1    3   3   2   1   0   0   2   0   0   5  31   6   7   9   1   1   0   8  16   3  0.40 0.20
   43 Q     0   1   0   0  -3   2   0  -2   2  -1  -2   0  -2   0  -1   0  -2  -2   3   0   10   9   3   7   0  13   6   1   6   3   1   6   0   4   2   5   0   0  14  11  0.15 0.13
   44 N    -2  -3   5   2  -4  -2  -2  -2  -2  -5  -5  -2  -4  -4  -3   4   0  -4   1  -4    0   0  33  12   0   0   1   1   0   0   0   1   0   0   0  43   3   0   5   0  0.90 0.39
   45 G    -1  -1  -1   2  -5  -1  -2   6  -4  -6  -5  -2  -5  -5  -4  -2  -3  -5  -5  -5    2   3   1  11   0   3   1  74   0   0   0   2   0   0   0   1   0   0   0   0  1.37 0.43
   46 K    -2   1   1   1  -4   2   3  -2  -2  -2  -3   3  -1  -4  -3   0  -1  -4  -1  -2    1   5   6   9   0   8  27   2   0   3   2  24   1   0   0   7   2   0   2   2  0.41 0.21
   47 V    -1   0   2  -1  -3  -1   0  -3  -2   0   0   1  -1  -1   3  -1   0  -4  -1   2    2   6  12   2   0   0   7   0   0   6   7  12   0   2  15   3   4   0   1  20  0.20 0.14
   48 G     3  -3  -3  -3  -1  -2  -2   1  -3   2   0  -2   2  -1  -3  -1   0  -3   0   1   30   0   0   0   1   0   1  14   0  17   5   1   9   2   0   2   6   0   4   7  0.25 0.18
   49 T    -2   2   3   1  -4   3   1  -3   0  -2  -2   3  -1  -3  -3  -1   2  -4  -3  -3    0  12  15   6   0  17   8   0   2   2   2  18   2   1   0   1  14   0   0   0  0.40 0.22
   50 A     3  -4   0  -4  -3  -3  -4  -4  -4   1   0  -3  -2  -3  -4  -1  -2  -5  -3   5   26   0   6   0   0   0   0   0   0   3   5   0   0   0   0   3   0   0   0  56  0.76 0.35
   51 H    -2   0  -3  -4  -4   0  -1  -4   3  -1   1  -2  -2   0  -4   0   0   9   0  -1    2   7   0   0   0   4   3   0  10   4  16   1   0   3   0   6   6  31   2   4  0.83 0.31
   52 I    -3  -5  -5  -5  -3  -5  -5  -6  -5   7   0  -5  -1  -3  -5  -2  -3   0  -3   3    0   0   0   0   0   0   0   0   0  73   4   0   0   0   0   4   0   2   0  16  1.33 0.45
   53 I    -1  -1  -1   3  -3  -1   2  -2  -3   1  -1  -1  -2  -2  -3   1   3  -4  -3   0    3   3   1  19   0   0  15   2   0   9   5   2   0   1   0  11  25   0   0   5  0.30 0.20
   54 Y    -5  -5  -2  -6  -5  -4  -5  -6  -1  -2  -4  -5  -4   4  -6  -5  -4  -1   9  -4    0   0   3   0   0   0   0   0   0   1   0   0   0  12   0   0   0   0  82   0  2.36 0.66
   55 N    -3   0   4   5  -4   0   1  -3   0  -4  -2   0  -3  -4  -3   1  -2  -5  -2  -3    0   6  22  41   0   3   5   0   1   0   5   5   0   0   0   9   0   0   1   1  0.72 0.29
   56 S     2  -2   1   0  -3  -1   0   2   1  -3  -2  -2  -3  -3  -1   3  -1  -4  -3  -3   21   0   7   4   0   2   4  17   5   0   4   0   0   0   3  30   0   0   0   0  0.37 0.21
   57 V     1   0   0  -1  -2  -1  -1  -2  -1  -1  -2   0  -1  -2   3   3   1  -4  -3   0   10   4   3   2   0   2   3   1   2   2   3   3   1   1  16  31   7   0   0   9  0.30 0.18
   58 G     0  -1   0   1  -3  -1   0   1  -2  -3  -1   0  -2  -3  -2   2   4  -4  -2  -2    5   2   4   8   0   1   5  11   0   0   6   5   0   0   0  13  35   0   1   1  0.33 0.20
   59 K    -2   1   3  -1  -4   2   0  -3   1  -4  -4   5  -1  -3  -3   0  -1  -4  -3  -4    1   6  19   2   0   9   3   0   3   0   1  46   1   1   0   6   3   0   0   0  0.69 0.30
   60 R    -1   1   1   0  -3   2  -1  -2  -2   1   1   0   1  -1   0   0   1  -3  -2   1    0   9   7   4   0  13   2   2   0   7  12   3   3   3   4   5  13   0   0  14  0.10 0.11
   61 L    -4  -4  -3  -6  -3  -4  -5  -6  -5   2   5  -5   0   0  -5  -4  -2  -4  -1   1    0   0   1   0   0   0   0   0   0  12  77   0   0   2   0   0   1   0   2   5  1.12 0.41
   62 S    -1   1   4   1  -3   0  -2  -3   0  -2  -3  -2  -3  -2  -3   2   2  -4  -3   0    3   9  26   9   0   5   0   0   1   2   0   0   0   2   0  20  15   0   0   7  0.41 0.24
   63 A     3  -5  -5  -5  -3  -4  -4  -4  -5   0  -1  -4  -2  -3  -4  -3  -2  -5  -4   6   25   0   0   0   0   0   0   0   0   1   2   0   0   0   0   0   0   0   0  71  1.21 0.47
   64 V    -1  -3  -2  -2  -3  -3  -3  -3  -3  -2  -2  -2  -3   0  -2   3   4   5   0   1    2   0   0   1   0   0   0   0   0   1   2   1   0   4   1  29  37   8   3  11  0.65 0.34
   65 V    -2  -4  -5  -5  -3  -4  -4  -5  -5   2   4  -4   3  -2  -4  -2  -2   1  -3   3    2   0   0   0   0   0   0   0   0   7  52   0   7   0   0   2   1   2   0  25  0.78 0.32
   66 S     1  -2  -1   0  -2  -1   0  -1   3  -1  -2  -2  -2   0  -2   2   2  -3   0   1   16   0   0   4   0   1   5   2   9   1   3   0   0   4   0  23  14   0   2  14  0.21 0.17
   67 Y    -4  -1  -1  -5  -5  -4  -4  -5   1  -2  -2  -4  -3   3   3  -1  -4  -1   7  -2    0   3   3   0   0   0   0   0   2   1   3   0   0  10  16   4   0   0  53   3  1.23 0.45
   68 P    -1  -2  -3  -1  -4   0   2  -4  -3  -3  -2  -1  -3   0   6   0   0  -5  -4  -3    5   1   0   3   0   4  15   0   0   1   3   2   0   4  48   6   6   0   0   1  0.99 0.35
   69 N    -2   0   4   0  -4  -1  -1   0  -1  -3  -3   3  -3  -4   1   2   0  -5  -3  -1    0   4  24   3   0   0   2   6   1   0   1  27   0   0   7  15   3   0   0   6  0.44 0.24
   70 G    -2  -1  -1  -1  -4   1   0   2  -3  -3  -3  -1  -3  -5   6   2  -2  -5  -4  -4    1   2   1   3   0   9   5  18   0   1   3   3   0   0  38  15   1   0   0   0  0.78 0.29
   71 D    -2   3   0   2  -4   3   1  -1  -2  -4  -3   3  -3  -4  -3   1   1  -4  -3  -3    1  15   4  11   0  14   5   3   0   0   1  24   0   0   0  11  12   0   0   0  0.45 0.23
   72 S    -1   2   0  -1  -3   1  -1  -2   0   1  -2   2  -2  -3   0   2   0  -1  -3  -1    1  12   3   3   0   7   1   1   2  13   3  17   0   0   5  22   6   1   0   2  0.22 0.17
   73 A     0  -3  -1  -3  -2  -3  -3  -3  -2  -3  -3  -2  -3   0   6   1   1  -3   4  -2    6   0   3   0   1   0   0   0   0   0   2   1   0   3  40  13  10   0  18   2  0.88 0.33
   74 T    -1  -3  -1  -2  -1  -1  -2  -3  -3   2   3  -3  -1  -2  -3   1   3  -3  -1   0    1   0   2   1   1   2   2   1   0  11  37   0   0   0   0  10  24   0   1   5  0.36 0.22
   75 V    -3  -4  -4  -1  -3  -4  -4  -5  -4   3   4  -4   0  -1  -4  -2  -2  -4  -3   3    0   0   0   5   0   0   0   0   0  20  45   0   0   1   0   2   1   0   0  22  0.64 0.27
   76 S     0  -2   0  -2  -3  -1  -1  -3  -2  -4  -4  -2  -4  -4  -3   6   1  -5  -2  -3    6   1   3   0   0   1   4   0   1   0   0   1   0   0   0  75   5   0   1   1  1.08 0.45
   77 Y     1   2  -2   0  -3   1   0  -2   1  -1   0  -1   0   0  -2   0   0  -2   2   0   16  14   0   6   0   6   7   2   5   2   9   1   2   3   0   3   4   0  11   9  0.10 0.10
   78 D    -1   1   2   2  -3  -1  -1  -2   0   1  -2   0  -2  -2   0   2   1  -4  -2   1    4   7  10  13   0   2   2   0   3   8   0   4   0   1   5  17   7   0   0  17  0.16 0.13
   79 V    -2   1  -4  -4  -3  -2  -4  -5  -4   3   0  -1   2  -1  -2  -3  -2  -4  -3   5    0   9   0   0   0   1   0   0   0  19   5   4   5   2   2   0   0   0   0  51  0.66 0.30
   80 D    -3  -3   3   6  -5  -2   1  -3   1  -4  -3  -2  -4  -5   1  -2  -3  -5  -4  -2    1   0  16  55   0   0   9   0   3   0   2   0   0   0   8   1   0   0   0   4  1.04 0.37
   81 L    -3  -4  -5  -5  -3  -4  -5  -5  -5   1   6  -4   1   1  -5  -4  -3  -3  -3   0    0   0   0   0   0   0   0   0   0   7  80   0   1   5   0   0   0   0   0   5  1.15 0.40
   82 D     0   0   1   0  -3  -1   1  -2   0  -4  -3   3  -3  -4  -2   3   1  -4  -3  -3    6   2   7   4   0   1   8   0   2   0   1  27   0   0   1  34   6   0   0   0  0.48 0.26
   83 N     1  -1   1   3  -3   1   2  -1  -2  -4  -4   2  -3  -4   2   1   0  -4  -3  -3   16   2   7  17   0   4  13   4   0   0   0  15   0   0   9   7   7   0   0   0  0.35 0.18
   84 V    -2  -4   0  -4  -3  -3   0  -5  -3   4  -1  -2  -1   0  -4  -3  -1  -3   4   4    2   0   5   0   0   0   7   0   0  24   1   2   0   2   0   1   1   0  15  39  0.58 0.30
   85 L    -3  -4  -5  -5  -3  -4  -5  -4  -4   1   5  -4   0   3  -5  -4  -3  -3  -1   3    0   0   0   0   0   0   0   2   0   6  57   0   0  14   0   0   0   0   1  20  0.85 0.33
   86 P    -3  -4   0   0  -5   0  -1  -3   0  -4   0  -2  -3  -3   7   0  -2  -5  -3  -3    0   0   4   4   0   5   2   1   3   0  14   2   0   1  55   7   1   0   1   1  1.16 0.39
   87 E    -2  -1   0   3  -5   2   6  -2  -2  -5  -5   0  -4  -5  -2   0  -3  -5  -4  -5    2   2   3  19   0   9  54   3   0   0   0   2   0   0   2   5   0   0   0   0  0.97 0.38
   88 W    -4   1   0   1  -5  -2   1  -4  -1  -4  -3   1  -4  -1  -4  -2   0   9   2  -3    0   7   5  10   0   0  11   0   1   0   1  10   0   1   0   2   6  36   8   1  1.12 0.38
   89 V    -1  -4  -3  -5  -3  -4  -5  -4  -2   0   0  -4   7  -2  -5  -4  -2  -5  -3   5    3   0   1   0   0   0   0   1   1   0   4   0  32   1   0   0   1   0   0  57  1.21 0.47
   90 R    -3   4  -2  -3  -4  -1  -3  -4   1  -2  -2  -1  -1   3  -4   2  -2  -2   5  -3    0  30   1   1   0   1   0   0   3   2   2   1   2  13   0  16   1   0  28   0  0.73 0.34
   91 V    -1  -5  -5  -5  -3  -4  -5  -5  -5   3   0  -4  -1   0  -2  -4  -1  -4  -1   6    5   0   0   0   0   0   0   0   0  17   3   0   0   4   2   0   2   0   2  64  0.95 0.38
   92 G    -3  -5  -3  -4  -5  -5  -5   7  -5  -6  -6  -4  -5  -6  -5  -3   0  -5  -6  -6    0   0   0   0   0   0   0  95   0   0   0   0   0   0   0   0   5   0   0   0  2.12 0.58
   93 L    -5  -5  -6  -6  -5  -6  -6  -1  -4  -3   0  -3  -3   8  -6  -5  -5  -2   1  -3    0   0   0   0   0   0   0   5   0   0   9   2   0  82   0   0   0   0   2   0  1.96 0.57
   94 S     0  -3  -2  -3  -3  -3  -3   0  -4  -3  -5  -3  -4  -5  -3   6   3  -5  -4  -4    5   0   0   0   0   0   0   5   0   2   0   0   0   0   0  71  17   0   0   0  1.17 0.49
   95 A     5  -4  -3  -4  -3  -3  -3   3  -4  -4  -4  -3  -3  -5  -3   1   0  -5  -4  -3   69   0   0   0   0   0   0  18   0   0   0   0   0   0   0   7   5   0   0   0  1.04 0.42
   96 S     3  -3  -2  -3  -3  -2  -3   0  -3  -2  -4  -2  -3  -4  -3   4   4  -4  -4  -2   27   0   0   0   0   0   0   5   0   2   0   0   0   0   0  35  30   0   0   0  0.75 0.35
   97 T    -1  -2  -2  -3  -3  -3  -3  -3  -4  -2  -3  -2   2  -4  -3   1   6  -5  -4   1    3   1   1   0   0   0   0   1   0   0   0   2   6   0   1  10  65   0   0  10  1.01 0.44
   98 G    -2  -5  -3  -4  -5  -2  -3   7  -4  -6  -6  -4  -5  -5  -4  -1  -1  -5  -3  -5    1   0   0   0   0   2   1  88   0   0   0   0   0   0   0   3   4   0   1   0  1.78 0.51
   99 L     1   1   1  -1  -2   1  -1   1  -2   0   1  -1  -1  -2  -2   1   1  -3  -2  -1   10   9   7   2   0   8   1  13   0   4  17   1   0   0   0  13  11   0   1   3  0.11 0.11
  100 Y     0   0   1  -1  -3   0   0   0   0   0   0  -1  -1   0  -2   0   0   1   3   0    7   5   9   2   0   4   7   8   2   5  10   0   0   2   1   6   3   2  16   9  0.07 0.09
  101 K    -1   1   0  -1  -3   0   1   0  -2   1  -1   1  -1   0  -2   0   2  -2   1   1    3   8   3   1   0   1  12   7   0   8   2   8   1   6   0   3  16   0   5  14  0.08 0.10
  102 E     1  -2  -1  -1  -1   2   5  -3  -2  -4  -4  -2  -3  -2  -3   3   0  -5  -4  -4   13   0   1   0   1   9  47   0   0   0   0   0   0   2   0  22   5   0   0   0  0.78 0.36
  103 T     0   1   0  -1  -3  -1   0  -2  -2   0  -1  -1  -1  -1  -3   1   4  -3   1  -1    9  10   5   3   0   1   5   1   0   6   5   1   1   2   0  11  34   0   5   1  0.27 0.20
  104 N    -4   0   3  -3  -6   2  -3  -5  10  -4  -5  -3  -4  -4  -5  -3  -3  -5   1  -6    0   4  13   0   0  10   0   0  67   1   0   0   0   0   0   0   1   0   3   0  2.00 0.60
  105 T    -3   0   1   3  -1  -2   2  -3  -1  -2  -2  -2  -3   1  -4  -1   0  -2   5  -3    0   5   5  23   1   0  15   1   0   1   3   1   0   4   0   4   7   0  29   0  0.55 0.27
  106 I    -3  -5  -5  -5  -3  -5  -5  -6  -5   6   1  -5   2  -2  -5  -4  -3  -5  -3   5    0   0   0   0   0   0   0   0   0  48   7   0   5   0   0   0   0   0   0  40  1.15 0.38
  107 L    -3  -1  -4  -3  -4  -2  -1  -5   2  -1   5  -3   2  -1  -5  -4  -3   4   1  -1    0   3   0   1   0   1   5   0   6   0  65   0   5   1   0   0   0   6   4   1  0.78 0.33
  108 S     0  -2   1  -1  -3  -1  -2   3  -3  -5  -5  -2  -2  -4  -3   5  -1   2  -3  -4    7   2   7   3   0   1   0  22   0   0   0   0   1   0   0  52   0   4   1   0  0.75 0.34
  109 W    -6  -6  -7  -8  -6  -6  -7  -6  -6  -6  -5  -7  -5   0  -7  -6  -6  13  -1  -6    0   0   0   0   0   0   0   0   0   0   0   0   0   3   0   0   0  97   0   0  4.53 0.89
  110 S    -1  -3  -1  -3  -3  -2  -2  -3   0  -4  -4  -1  -4  -3  -3   6   1  -4   3  -4    0   0   1   0   0   0   2   0   2   0   0   2   0   0   0  77   6   0  10   0  1.14 0.43
  111 F    -5  -6  -6  -6  -5  -6  -6  -6  -4  -3  -1  -6  -3   9  -6  -5  -5  -2   2  -3    0   0   0   0   0   0   0   0   0   0   4   0   0  93   0   0   0   0   3   0  2.35 0.56
  112 T     0   0   0  -1  -3   1   1  -2   2  -3  -3   1  -1  -2  -2   3   3  -4  -2  -1    6   4   4   1   0   4  10   1   5   0   1   7   1   2   0  30  22   0   0   3  0.34 0.19
  113 S    -1   0   2  -1  -3  -2  -2  -2   0  -1  -2  -1  -1  -4  -3   5   0  -4  -3  -1    2   5   8   3   0   0   0   0   2   4   3   2   1   0   0  60   4   0   0   3  0.63 0.29
  114 K    -1  -1   3   0  -1  -1   1   0  -2  -3  -3   2  -2  -1  -2   2   3  -4  -3  -2    3   1  15   3   1   0  10   5   0   0   0  18   0   3   0  17  21   0   0   2  0.32 0.17
  115 L     0   1  -1  -2  -2  -1  -1   1  -2   1   1   1   2   1  -2   0  -1  -2  -1   0   11  11   0   1   0   0   1  11   0  11  11  11  10  10   1  11   1   0   0   1  0.06 0.08
  116 K     0   0   1   0  -3   1   0   0  -2   0  -1   0   1  -2   1   0   0   3  -2   0    6   6   6   6   0   6   6   6   0   6   6   6   6   0   6   6   6   6   0   6  0.08 0.11
  117 E     0  -2   1   0  -2   1   0   0   2   0  -1  -1  -1   1   1   0   0  -2   1   0    7   0   7   7   0   7   7   7   6   7   7   0   0   6   7   7   7   0   6   7  0.06 0.09
  118 T     0   0   1   0  -2   1   0   0   2   0   0  -1   1  -2   1   0   0  -3  -2   0    6   6   6   6   0   6   6   6   6   6   6   0   6   0   6   6   6   0   0   6  0.03 0.10
  119 N     0   0   1   0   2   1   0  -2  -2  -1  -1   0   1   0   1   0   0  -3  -2   0    6   6   6   6   6   6   6   0   0   0   6   6   6   6   6   6   6   0   0   6  0.04 0.12
  120 A     0   0   1   0   2   1   0   0  -1   0  -1   0  -1  -2   1   0   0  -2   1   0    6   6   6   6   6   6   6   6   0   6   6   6   0   0   6   6   6   0   6   6  0.05 0.08
  121 L     0  -1   1   1  -3   0  -1  -3   1   0   1   0  -1   0  -3   0   0  -3   1   1    9   4   6   9   0   5   4   0   4   7  16   4   0   4   0   8   6   0   6   9  0.07 0.12
  122 H     0  -2   0   0   2   0   0  -3   2   0  -1   0   1   1   0   0   0   3   1   0    6   0   5   6   5   5   6   0   5   6   6   6   5   5   6   6   6   5   5   6  0.09 0.14
  123 F    -1  -1   0  -4  -4  -1  -1  -4  -3   0   1  -3  -2   6  -1   2   0  -3  -1  -1    3   3   5   0   0   3   3   0   0   4  12   0   0  37   3  16   4   0   0   4  0.52 0.37
  124 V    -1   0   3   0  -3  -2   0  -1   2  -1  -2   1   0  -4  -3   3   2  -5  -3  -1    3   6  16   4   0   0   5   3   5   5   3   7   3   0   0  26  11   0   0   4  0.31 0.29
  125 F    -2  -1  -2  -4  -4  -3  -2  -4  -2   2   1  -2  -1   6  -5  -2  -3   2   3  -1    2   4   3   0   0   0   3   0   0  11  12   2   0  43   0   2   0   2  12   2  0.69 0.33
  126 N    -1   0   4   1  -3   0   0  -1   2  -2  -1   0  -2  -3   2   1   1  -4  -3  -3    3   3  24   7   0   3   3   3   8   3   6   7   0   0  10  13   8   0   0   0  0.29 0.19
  127 Q    -2   1   4   0  -4   0   0   0  -1  -3  -3   2  -3   0  -3   1   0  -4   0  -1    0   9  27   4   0   4   3   8   0   0   0  18   0   5   0   9   6   0   3   5  0.34 0.23
  128 F    -4  -1  -4  -4  -4  -3  -1  -2   2   0   0  -1  -2   7  -5  -3  -1  -2   2  -3    0   4   0   0   0   0   5   4   6   4   8   4   0  56   0   0   4   0   6   0  0.91 0.41
  129 S     0   0   1   1  -2   0   0   1   2  -2  -1   0  -2  -1   1   1   1  -3  -2   0    7   4   7   8   0   2   4  11   6   0   4   6   0   3   6  16   8   0   0   7  0.11 0.10
  130 K    -2   0   1  -1  -3   2   0  -1   0  -2  -1   0  -2   2   4   0   0  -3  -1  -2    1   3   9   2   0  10   6   4   3   2   4   7   0  13  20   7   6   0   0   1  0.27 0.18
  131 D    -1  -2   5   3  -3  -1   0   1  -2  -3  -2   0  -3  -3   1   1   0  -4  -1  -3    3   1  31  16   0   0   4  12   0   1   5   4   0   0   8   9   4   0   2   1  0.44 0.26
  132 Q    -1   0   2   1  -3   3   1   1  -2  -1  -1   0  -2  -3   1   0   0  -4  -3  -1    3   3  10   6   0  23   8  11   0   3   6   5   0   0   5   5   5   0   0   6  0.21 0.19
  133 K     0   0   0   2  -3   1   1   0  -2  -2  -2   1  -2  -3   2   1   1  -3  -2  -1    6   5   4  12   0   6   7   8   0   0   5  13   0   0  10  11   8   0   0   4  0.18 0.12
  134 D     0   1   1   1  -3   1   1   0   2  -2  -1   1  -2  -2   1   0  -1  -2   1  -2    8   8   7   8   0   7   8   8   7   0   8   8   0   0   8   8   0   0   7   0  0.14 0.12
  135 L    -3  -4  -5  -2  -3  -4  -4  -5  -5   3   5  -4   2   1  -5  -4  -2   2  -3   1    0   0   0   2   0   0   0   0   0  16  62   0   4   4   0   0   2   3   0   5  0.86 0.36
  136 I    -2  -2  -1  -4  -3  -1  -3  -4   1   5   1  -2  -1  -1  -4   0   2  -4   0   1    2   1   2   0   0   2   0   0   4  39  13   2   0   2   0   6  16   0   4   6  0.42 0.26
  137 L    -2  -4  -2  -4  -3  -4  -4  -4  -3   0   4  -2   2   5  -4  -3   0  -2   0  -1    2   0   2   0   0   0   0   0   0   5  39   2   6  33   0   0   6   0   2   2  0.75 0.33
  138 Q    -3  -2  -1   2  -5   6   2  -4   2  -2   0  -2  -3  -1  -4  -2  -2  -4   0  -4    0   0   1  12   0  47  12   0   4   2  10   0   0   3   0   2   2   0   4   0  0.83 0.41
  139 G    -3   0  -4  -4  -6  -4  -1   7  -5  -7  -7  -2  -6  -6  -5  -2  -5  -6  -6  -6    0   6   0   0   0   0   4  86   0   0   0   2   0   0   0   2   0   0   0   0  1.91 0.63
  140 D     0  -3   1   6  -4  -1  -1  -2  -1  -1  -4  -1  -1  -2  -4   2  -1  -5  -1  -1    7   0   5  46   0   2   1   2   1   5   1   2   2   1   0  16   3   0   2   3  0.68 0.34
  141 A     6  -4  -1  -5  -4  -4  -4  -1  -5  -4  -5  -4  -4  -5  -4   0  -1  -6  -5  -1   82   0   3   0   0   0   0   4   0   0   0   0   0   0   0   5   3   0   0   3  1.42 0.59
  142 T     0   0  -1  -1  -3  -1   0   0   0  -1   0   0  -1  -1  -3   1   3  -3   1  -1    6   6   2   1   0   1   8   5   2   3   8   6   1   2   0  14  25   0   5   4  0.16 0.16
  143 T    -1  -2  -3  -1  -3  -3  -3  -4  -3   3   1  -3  -1   1  -1  -3   0  -3   2   3    4   2   0   3   0   0   1   1   0  23   9   1   0   7   3   1   7   0   8  30  0.40 0.22
  144 G     0   0   2   1  -3   0  -1   0  -1   0   0  -1   0  -1  -3   2   2   0  -2  -2    4   4  10   6   0   3   1   8   1   5   8   3   3   2   0  23  14   1   1   0  0.16 0.15
  145 T     0  -1  -1  -1  -3  -1   0  -2   0  -3  -1  -2  -2  -1   3   4   2  -4  -3  -1    5   4   1   2   0   2   4   2   2   1   5   1   0   2  15  37  11   0   0   5  0.42 0.25
  146 D    -2  -2   5   3  -4  -2   0  -1  -2  -2  -4   2  -3  -1  -2   1   0  -4  -3  -3    2   0  29  18   0   0   3   4   0   3   1  16   0   3   2  11   7   0   0   0  0.52 0.28
  147 G    -3   0   0  -3  -5  -4   0   7  -4  -6  -6  -2  -5  -5  -4  -1  -4  -5  -5  -5    0   5   4   0   0   0   6  76   0   0   0   2   0   0   0   4   0   0   0   0  1.51 0.51
  148 N     0   0   0  -1   0  -1  -1  -2   0   1   1   0   1   0  -3  -1   0  -2   2   1   11   3   4   3   2   2   1   2   3   7  17   9   3   2   0   2   8   0   9  14  0.06 0.09
  149 L    -3  -2  -5  -5   1  -4  -4  -5  -4   2   5  -4   0   0  -4  -2  -1  -4  -3   0    0   2   0   0   3   0   0   0   0  11  65   0   1   3   0   3   5   0   0   4  0.87 0.37
  150 E    -1   2  -2  -2  -4   5   1  -2  -1  -1  -1   1   0  -4  -3   0   1  -4  -3  -1    5  11   0   0   0  30   8   3   1   4   5  10   2   0   0   5  12   0   0   4  0.40 0.26
  151 L    -4  -4  -5  -5  -4  -4  -5  -5  -5   0   6  -5   2  -2  -5  -2  -3  -4  -4   1    0   0   0   0   0   0   0   0   0   2  80   0   4   0   0   3   0   0   0   7  1.28 0.48
  152 T    -2  -4   0  -4  -4  -3  -4  -2  -1  -3  -4  -2  -4  -5  -4   0   7  -5  -4  -3    1   0   3   0   0   0   0   2   2   1   0   1   0   0   0   3  85   0   0   0  1.67 0.64
  153 R    -2   3   5   1  -4   0  -1  -2  -2  -4  -4   3  -3  -4  -1  -1   0  -4  -2  -4    2  16  35   7   0   2   1   1   0   0   0  23   0   0   3   2   5   0   1   0  0.68 0.32
  154 V     1  -1  -1  -1  -2  -1  -1  -1  -2   1   0  -2  -1  -2  -1   0   3  -3  -2   3   11   4   2   4   0   2   2   4   0   6   5   1   0   1   3   6  21   0   0  27  0.18 0.15
  155 S    -1  -1   2   2  -2  -1   0   1  -1  -2  -2   1  -2  -2  -1   2   1  -3  -2   0    3   2  10  13   0   1   4  10   1   1   4  11   1   1   1  16  13   0   1   7  0.17 0.10
  156 S     0   0   1   1  -2   1   1   0   0  -2  -2   1  -1  -1   0   2   0  -2   0  -1    3   2   8   6   1   5  11   6   2   1   4  11   1   3   4  18   7   0   3   3  0.13 0.07
  157 N    -1  -1   5   2  -2   1  -1  -1  -1  -2  -2   0   0  -1   0   0  -1  -2  -2  -2    5   2  37   9   1   7   2   4   1   2   4   4   2   3   5   6   3   0   1   2  0.36 0.15
  158 G    -1  -1   0  -1   0   0  -1   4   0  -2   0  -1  -1  -2   0   0  -1  -2  -2  -2    3   4   5   2   2   4   3  40   2   2  10   3   1   2   4   5   2   1   1   3  0.30 0.10
  159 S     0   0   1   0  -1   0   1   0  -1   0  -1   1  -1  -2   1   1   1  -2  -1   0    5   4   6   6   1   3   8   5   1   5   5  14   2   2   8   9   8   1   1   7  0.08 0.03
  160 P    -1  -1   1   0  -2   0   0  -1  -1  -2  -2   0  -2  -2   5  -1   0  -2  -2   0    3   2   6   4   1   3   6   4   1   2   4   5   1   2  38   3   6   1   1   6  0.56 0.14
  161 Q     0   0  -1  -1  -1   1   0  -2  -1   1  -1  -1  -1  -2   1   0   2  -2  -1   1    6   5   1   3   1   8   6   2   1   7   5   3   1   1   7   7  20   0   1  15  0.11 0.08
  162 G     0   0   0  -1  -2   0  -1   0  -1  -1  -1   1   0  -2   2   0   2   1   0   0    6   5   4   3   0   4   2   5   1   3   5   8   3   1  12   7  18   2   3   8  0.12 0.07
  163 S    -1   0   1   0  -1   1   0   0   4  -2  -2   0  -2   1  -1   2  -1   0   0  -2    3   5   6   6   1   6   3   7  13   1   3   4   0   9   2  24   2   1   2   1  0.19 0.14
  164 S     0  -1   0  -2  -3   2  -2   1  -2  -3  -3  -1  -3  -4  -3   5   1  -4  -3  -1    4   3   2   0   0  10   1   8   0   0   1   3   0   0   0  51  10   0   0   5  0.59 0.32
  165 V     1  -3  -2  -3   0  -2  -3  -3   2   2   1  -2   2  -1  -3  -1   1  -2   1   2   15   0   0   0   2   0   1   1   6  14  12   0   7   2   0   2  13   0   6  17  0.21 0.16
  166 G    -1  -5  -3  -4  -5  -4  -5   7  -5  -6  -6  -3  -5  -6  -5  -2  -4  -5  -6  -6    3   0   0   0   0   0   0  93   0   0   0   1   0   0   0   1   0   0   0   0  2.11 0.63
  167 R    -4   6  -3  -4  -5   3  -2  -5   6  -5  -5   0  -4  -5  -4  -3  -1   2  -3  -5    0  53   0   0   0  16   0   0  19   0   0   4   0   0   0   0   4   3   0   0  1.33 0.51
  168 A     6  -4  -4  -4  -3  -3  -3  -1  -4  -1  -3  -3  -3  -4  -3  -1  -1  -5  -4   2   72   0   0   0   0   0   0   4   0   3   0   0   0   0   0   2   3   0   0  14  1.01 0.45
  169 L    -4  -4  -5  -5  -4  -4  -5  -5  -4   0   4  -4  -1   6  -5  -3  -1  -2  -1  -1    0   0   0   0   0   0   0   0   0   4  43   0   0  42   0   2   4   0   0   1  1.05 0.40
  170 F    -4  -4   0  -3  -2  -4  -2  -5   2  -3  -4  -4  -4   4  -5  -3  -4   2   9  -4    0   0   4   2   1   0   3   0   3   1   0   0   0  12   0   1   0   3  69   0  1.84 0.61
  171 Y     0   0   2  -1  -3   0  -1  -1   0  -1  -3   1  -3  -3   0   3   1  -4   1  -1    6   3  12   3   0   2   1   4   2   5   0   9   0   0   4  35   6   0   5   3  0.29 0.22
  172 A     2   0   1   0  -3   0   1  -2  -2  -2  -2   2  -1  -1  -2   1   1  -4  -1  -2   26   4   8   3   0   3   8   0   0   2   2  17   1   3   0   8  12   0   2   0  0.25 0.19
  173 P    -4  -2  -4  -4  -5   0  -4  -5  -1  -3  -4  -2  -5  -6   8  -2  -2  -6  -5  -5    0   2   0   0   0   4   0   0   1   1   2   2   0   0  81   2   3   0   0   0  2.25 0.66
  174 V    -3  -4  -5  -5  -3  -4  -5  -5  -5   5   1  -4   0   3  -4  -4  -3  -4  -2   4    0   0   0   0   0   0   0   0   0  44   9   0   2  13   0   0   0   0   0  29  0.92 0.36
  175 H    -3   4   0  -1  -5   3   1  -3   5  -4  -4   0  -3  -2   4  -2  -2  -4  -3  -3    0  23   4   3   0  19   7   1  15   0   0   4   0   2  18   0   1   0   0   1  0.70 0.32
  176 I    -2  -5  -5  -5  -4  -5  -5  -5  -4   5   2  -5   1   6  -5  -4  -2  -3  -1   0    2   0   0   0   0   0   0   0   0  37  20   0   2  34   0   0   1   0   0   1  0.99 0.39
  177 W    -3   2  -2  -4  -4  -1  -3  -2  -3  -4  -1   3  -3  -1  -4  -2  -2  10   0  -4    1  11   1   0   0   2   1   3   0   0   5  23   0   1   0   3   2  42   3   1  1.48 0.47
  178 E    -3  -2   3   6  -4   0   2  -3   0  -4  -4  -2  -4  -4   0   1  -1  -5  -4  -4    1   2  12  47   0   4  10   1   3   0   1   0   0   0   4  12   2   0   0   1  0.83 0.33
  179 S    -1  -1   1   0  -1  -1  -1  -1  -3  -4  -4   1  -3  -5   0   5   1  -5  -4  -4    2   2   6   5   1   1   3   3   0   0   1   9   0   0   5  53   8   0   0   0  0.63 0.36
  180 S    -1  -3   2  -2   0  -1  -2  -1  -3  -3  -3  -1  -3  -4  -1   3   5  -4  -2  -2    3   0  10   0   2   1   1   3   0   0   0   2   0   0   3  22  48   0   1   1  0.73 0.37
  181 A     0  -3   2  -1  -3  -2  -2   5   0  -2  -4  -2  -3  -4  -2   2   1  -4  -3  -3    7   0  11   1   0   0   1  42   2   2   1   2   0   0   1  20   7   0   0   0  0.63 0.28
  182 V    -1   1   3  -1  -3   0   0  -2   1  -2  -2   2  -2  -3  -2   2   2  -4  -3   0    4   8  17   1   0   2   4   1   4   0   2  16   0   0   0  14  17   0   0   8  0.29 0.19
  183 V     0  -3  -3  -3  -2  -3  -2  -3  -3   1   1  -2   0  -2   2   0   0  -4  -3   4    8   0   0   0   0   0   2   1   0   3  14   1   1   0   9   9   5   0   0  44  0.41 0.24
  184 A     4  -1  -2  -3  -1  -2  -2  -2  -3  -2   0  -2  -2  -1  -2   1   1  -3   0  -1   50   4   0   1   1   0   1   1   0   1  12   1   0   3   2  12   7   0   4   2  0.44 0.26
  185 S    -1  -3   0   0  -4  -3  -3  -3  -3  -5  -5  -3  -4  -5   0   6   0  -5  -4  -4    2   0   4   5   0   0   0   0   0   0   0   0   0   0   4  80   2   0   0   0  1.35 0.57
  186 F    -5  -6  -6  -7  -6  -6  -6  -6  -5  -3  -3  -6  -3   9  -7  -4  -3   4   0  -4    0   0   0   0   0   0   0   0   0   0   0   0   0  93   0   1   2   4   0   0  2.61 0.76
  187 D     1  -1   0   1  -3   0   0  -2  -2  -2  -3   0  -3  -2   1   4   0  -4   0   0    9   2   3  10   0   3   6   0   0   1   1   5   0   1   6  37   4   0   4   8  0.30 0.23
  188 A     0  -4  -3  -4   0  -4  -2  -4  -5  -2  -4  -4  -3   0  -2  -2   7  -5  -4  -1    6   0   0   0   2   0   2   0   0   1   0   0   0   4   2   0  81   0   0   3  1.48 0.61
  189 T    -1   0   2  -2  -3   0  -1  -3   4  -3  -4  -1  -3  -1  -3   4   3  -4  -1  -3    2   4   9   0   0   3   2   0  10   1   1   2   0   3   0  43  18   0   2   0  0.60 0.35
  190 F    -5  -6  -6  -7  -5  -6  -6  -6   0   0  -3  -6  -3   9  -7  -3  -5  -2   0  -4    0   0   0   0   0   0   0   0   2   6   0   0   0  90   0   3   0   0   0   0  2.39 0.72
  191 T    -1  -2  -1  -3  -3  -1  -3  -3  -3   1  -2  -2  -2   1  -3   3   3  -4  -1   3    1   1   3   0   0   3   0   0   0   6   2   1   0   8   0  26  24   0   2  24  0.41 0.29
  192 F     0  -5  -5  -6   0  -5  -5  -5  -4   0  -2  -5   0   8  -6  -2  -4  -2   2  -2    8   0   0   0   2   0   0   0   0   5   0   0   3  74   0   3   0   0   4   1  1.67 0.56
  193 L     1  -1   1  -2  -2  -2  -1  -2  -3   2   0  -1   0   0  -3   1   0  -3  -1   2   16   2   8   0   0   0   2   2   0  12  10   3   1   5   0  12   6   0   1  20  0.14 0.14
  194 I    -3  -5  -5  -5  -3  -4  -5  -5  -5   6   1  -4   3   0  -5  -3  -1  -4  -3   3    0   0   0   0   0   0   0   0   0  59   9   0   7   2   0   1   3   0   0  17  1.06 0.41
  195 K    -1   1   0   1  -3   1   1  -2   0  -2  -2   1  -2  -1   3   0   1  -3  -1  -1    4  11   5   7   0   7   9   1   2   2   2   7   0   2  16   8  11   0   2   6  0.23 0.13
  196 S     2  -2   1  -1  -3   1   1  -2  -2  -3  -4   0  -3  -3   4   2   1  -4  -3  -2   20   0   8   1   0   5  10   0   0   0   0   7   0   1  19  14  11   0   0   3  0.44 0.25
  197 S    -2   1   2  -2  -4  -1   0  -2   3  -1  -2   1  -3  -1   5   0  -1  -4   0  -3    1   9  10   0   0   2   4   2   7   3   4   8   0   3  32   7   3   0   4   1  0.53 0.25
  198 D    -1  -1   3   1  -3  -1   0   1  -2  -1  -2   1  -2  -1   1   1   1  -4  -1  -3    3   2  22   7   0   1   4  10   0   5   2  13   0   4   8   9   8   0   2   0  0.22 0.15
  199 S     1  -2   1   1  -3   1  -1   1  -1  -3  -3  -1  -3  -1   2   2   0  -4  -1  -1   15   1   7   7   0   9   1   9   1   0   0   3   0   4   9  23   5   0   2   3  0.25 0.17
  200 H    -1   0   3   2  -1   0   0   0   1  -1  -2   0  -2  -3   1   1   1  -4  -1  -3    5   6  22  13   2   4   4   5   3   4   3   3   0   0   7  11   7   0   2   0  0.25 0.15
  201 P    -1  -3  -2  -1  -3  -2  -3   3  -3   1  -3  -2  -3  -3   5   1  -1  -4  -2   0    2   0   0   3   0   1   0  25   0  11   1   2   0   1  27  13   4   0   1   9  0.55 0.26
  202 A     4  -4  -3  -3  -3  -3  -3   5  -4  -4  -4  -3  -4  -5  -3   1   1  -5  -4  -1   38   0   0   0   0   0   0  41   0   0   0   0   0   0   0  10   7   0   0   3  0.90 0.37
  203 D    -3  -3  -1   6  -6   0  -1  -1   7  -3  -5  -3  -4   0  -2  -3  -4  -5   0  -4    1   0   1  46   0   3   2   5  32   2   0   0   0   4   1   0   0   0   2   1  1.24 0.46
  204 G    -2  -5  -3  -1  -6  -5  -4   7  -5  -7  -7  -4  -6  -6  -5  -3  -5  -6  -6  -6    1   0   0   3   0   0   1  95   0   0   0   0   0   0   0   0   0   0   0   0  2.18 0.62
  205 I    -3  -4  -5  -6  -4  -4  -5  -6  -5   4   4  -4   5   3  -1  -4  -3  -3  -2  -1    0   0   0   0   0   0   0   0   0  25  44   0  15  14   3   0   0   0   0   0  0.91 0.37
  206 A     5  -4  -3  -1   0  -3  -3  -3  -4  -1  -3  -3  -3  -4  -3   0   3  -5  -4   0   66   0   0   3   2   0   0   0   0   2   0   0   0   0   0   3  17   0   0   8  0.94 0.43
  207 F    -6  -6  -6  -7  -6  -7  -7  -7  -5  -2  -3  -6  -3   9  -7  -6  -5   3   0  -4    0   0   0   0   0   0   0   0   0   1   0   0   0  96   0   0   0   3   0   0  2.72 0.74
  208 F     1  -4  -3  -5  -3  -4  -4  -4  -4   1   0  -4  -2   6  -4  -3  -1  -3   0   4   11   0   1   0   0   0   0   0   0   6   6   0   0  40   0   0   3   0   1  31  0.83 0.35
  209 I    -3  -5  -5  -6  -3  -5  -5  -6  -5   5   4  -5   0   2  -5  -4  -3  -4  -3   2    0   0   0   0   0   0   0   0   0  40  40   0   1   8   0   0   0   0   0  10  0.97 0.36
  210 S     4  -4  -3  -4  -1  -3  -3  -2  -4  -3  -2  -3  -3  -4  -3   4   0  -5  -4   2   47   0   0   0   1   0   0   1   0   0   2   0   0   0   0  31   4   0   0  14  0.76 0.38
  211 N    -3  -4   0  -4  -5  -4  -4  -5  -2  -5  -3  -1  -5  -6   8  -2  -4  -6  -5  -5    1   0   5   0   0   0   0   0   1   0   3   3   0   0  82   3   0   0   0   0  2.28 0.62
  212 I     0  -3  -1   0  -3  -2  -1  -3  -1   0  -2  -2   0  -1   3   1   3  -4  -3   2    8   0   2   5   0   0   3   0   1   3   1   0   2   3  17  13  19   0   0  22  0.34 0.21
  213 D    -1   1   2   4  -3  -1   1   1   0  -3  -3   0  -1  -3   1   0  -2  -3  -3  -3    5  10  10  29   0   1   6  12   2   2   1   4   2   1   8   5   1   0   0   1  0.37 0.17
  214 S     0  -2   1   1  -2  -2  -1   0  -2  -1  -2  -2   1  -3  -1   3   3  -3  -1  -1    7   0   8   7   0   0   2   8   0   3   2   0   6   0   2  27  22   0   2   4  0.28 0.19
  215 S     0   1   0   2  -3   3   1  -1  -1  -1  -2   1  -2  -1  -2   1   0  -3  -1  -1    5   8   2  16   0  18   9   5   0   3   2   7   0   2   1   9   4   0   2   6  0.20 0.12
  216 I    -2  -1   0  -2  -2  -1  -2  -3  -2   3   2  -2   0   2   1  -1   0  -2  -1   1    2   3   5   2   0   2   1   2   0  24  24   1   0   9   7   5   4   0   1   5  0.18 0.11
  217 P    -1  -1  -1   0  -3   2  -1  -2  -2  -3  -3   0  -2  -1   6   1   1  -3  -1  -2    3   2   3   5   0   9   1   3   0   1   2   5   0   2  38   9   9   0   3   1  0.65 0.21
  218 S     0  -1   0  -1  -3   1  -1   2   1  -3  -2   0  -2  -2   4   2   0  -3  -1  -2    7   2   3   1   0   8   1  15   5   0   3   4   0   2  19  19   5   0   2   2  0.32 0.17
  219 G     3   0   2  -1  -3   0  -2   3  -2  -3  -3   2  -3  -2  -3   0  -2  -4  -1  -3   29   4  10   3   0   4   0  26   0   1   1  13   0   1   0   6   0   0   2   0  0.41 0.23
  220 S    -1   0  -1   2  -3  -1   0  -2  -1  -2  -1   1  -2  -1  -1   4  -1  -3   1  -3    1   5   1  12   0   1   5   2   1   2   6   8   1   2   2  44   1   0   6   0  0.37 0.25
  221 T     2  -1  -1  -1  -3  -1  -1   1   1  -3  -3   1  -2  -3   3   2   0  -3   0  -1   20   2   1   2   0   2   0  13   4   0   2   9   0   0  14  15   7   0   4   3  0.26 0.16
  222 G     1  -2  -2   1  -3  -2  -2   5  -3  -4  -2  -3  -3  -4  -3   1   1  -4  -4  -3   11   1   0   8   0   1   1  49   0   0   4   0   0   0   0  11  11   0   0   0  0.70 0.29
  223 R    -2   2  -2  -3  -5   4  -2   5  -3  -5  -5  -1   0  -5  -2  -1  -3  -4  -4  -5    0  11   1   0   0  26   1  51   0   0   0   1   2   0   2   3   0   0   0   0  1.01 0.39
  224 L    -4  -4  -5  -6  -2  -3  -5  -5   1  -3   1  -4   0   5  -5  -2  -2   2   8  -3    0   0   0   0   1   1   0   0   3   0  13   0   2  22   0   2   2   2  52   0  1.40 0.47
  225 L    -4  -5  -6  -6  -4  -5  -5  -6  -5   0   6  -5   2   1  -6  -5  -4  -4  -2  -2    0   0   0   0   0   0   0   0   0   2  88   0   5   5   0   0   0   0   1   0  1.46 0.50
  226 G    -3  -5  -1  -4  -5  -5  -5   7  -5  -7  -7  -4  -6  -6  -5  -1  -4  -5  -6  -6    0   0   2   0   0   0   0  95   0   0   0   0   0   0   0   3   0   0   0   0  2.16 0.61
  227 L    -3  -5  -6  -6  -3  -4  -5  -6  -5   3   5  -5   1  -2  -5  -5  -3  -4  -3   2    0   0   0   0   0   0   0   0   0  16  69   0   2   0   0   0   0   0   0  13  1.12 0.40
  228 F    -3  -5  -6  -6  -5  -6  -6  -6  -4  -2   0  -6  -2   8  -6  -5  -4  -2   1   1    2   0   0   0   0   0   0   0   0   0   7   0   0  81   0   0   0   0   1  10  1.92 0.56
  229 P    -3  -3   7   2   0  -2   0  -2  -1  -5  -5  -1  -4  -5   1   0  -1  -6  -4  -5    0   0  63  10   2   0   5   1   1   0   0   3   0   0   7   5   2   0   0   0  1.20 0.43
  230 D     0   1   2   2  -3  -1   0   0  -2  -2  -2   2  -2  -2  -2   2   1  -4  -3  -2    5   9  11  13   0   0   4   5   0   1   3  15   0   2   1  23   8   0   0   1  0.26 0.15
  231 A     2   0  -1  -1  -3  -1  -1  -1  -3  -3  -3   2  -3  -4  -2   4   3  -4  -3  -2   19   3   2   1   0   0   1   3   0   0   0  12   0   0   0  34  25   0   0   0  0.51 0.25
  232 N    -4  -3   8   2  -5  -2  -2  -3  -2  -5  -6  -2  -4  -5  -4  -1  -2  -6  -4  -5    0   0  93   7   0   0   0   0   0   0   0   0   0   0   0   0   0   0   0   0  1.90 0.45

                      K         Lambda
Standard Ungapped    0.1308     0.3138
Standard Gapped      0.0465     0.2670
PSI Ungapped         0.1518     0.3173
PSI Gapped           0.0465     0.2670
