
Last position-specific scoring matrix computed, weighted observed percentages rounded down, information per position, and relative weight of gapless real matches to pseudocounts
            A   R   N   D   C   Q   E   G   H   I   L   K   M   F   P   S   T   W   Y   V   A   R   N   D   C   Q   E   G   H   I   L   K   M   F   P   S   T   W   Y   V
    1 N    -1   3   3  -1  -3  -1  -1  -2  -2  -3  -3   1  -2  -4  -2   2   4  -4  -3  -2    0  18  21   0   0   0   0   0   0   0   0   7   0   0   0  20  35   0   0   0  0.53 0.19
    2 I    -2  -4  -4  -5  -3  -4  -4  -5  -5   6   0  -4   0  -2  -4  -3   0  -4  -3   3    0   0   0   0   0   0   0   0   0  74   0   0   0   0   0   0   7   0   0  19  1.01 0.28
    3 S     1  -1   0  -1  -3  -2  -2   5  -3  -4  -4   0  -3  -4  -3   3  -1  -4  -4  -4    8   3   3   2   0   0   0  51   0   0   0   4   0   0   0  29   0   0   0   0  0.75 0.21
    4 D    -1   1  -1   1  -4   3   4  -3  -2   1  -2   1  -2  -4  -2  -1  -1  -4  -3  -1    2   9   0   7   0  15  40   0   0  11   0   7   0   0   0   0   3   0   0   5  0.46 0.17
    5 V     2  -3  -4  -4  -2  -3  -3  -3  -4   2   2  -3   1   1  -3  -2  -1  -3  -2   4   19   0   0   0   0   0   0   0   0   6  28   0   2   6   0   0   0   0   0  39  0.43 0.17
    6 A     5  -3  -3  -3  -2  -2  -1  -1  -3  -3  -3  -1   1  -4  -2   2  -1  -4  -3  -2   74   0   0   0   0   0   3   0   0   0   0   2   4   0   0  16   0   0   0   0  0.82 0.28
    7 K    -1   2  -1   0  -4   2   3  -1   0  -3  -1   4  -2  -4  -2  -1  -1  -4  -3  -3    5   9   0   4   0   7  19   3   2   0   8  41   0   0   0   0   2   0   0   0  0.45 0.18
    8 I     0   2  -1   0  -2   0  -2  -3  -2   1   2   1   2  -1  -3  -2  -1  -3  -2   0   10  13   2   6   0   2   0   0   0   7  33  13   8   2   0   0   1   0   0   2  0.17 0.11
    9 T     3  -3  -2  -3   4  -2  -2  -2  -3  -1  -1  -2  -2   0  -2   2   3  -3  -2  -1   29   0   0   0  11   0   0   0   0   3   5   0   0   4   0  18  29   0   0   2  0.42 0.19
   10 G    -1  -1   0   0  -4  -1  -1   6  -3  -5  -5  -2  -4  -5  -4   0  -3  -4  -4  -5    0   4   5   4   0   2   5  76   0   0   0   0   0   0   0   4   0   0   0   0  1.18 0.28
   11 L    -2  -4  -5  -5   0  -4  -4  -5  -4   3   3  -4   0  -2  -4  -3  -2  -4  -3   5    0   0   0   0   2   0   0   0   0  14  31   0   0   0   0   0   0   0   0  53  0.76 0.24
   12 T     1   0   2  -2  -2  -1  -2  -2   0  -3  -3   0  -2  -4  -1   3   4  -4  -3  -2    7   5  11   0   0   0   0   0   3   0   0   6   0   0   2  34  31   0   0   0  0.50 0.21
   13 S     1  -2  -2  -2  -2  -1   0  -2  -3   1  -1   1  -1  -2   3   1   0  -3  -1   2   15   0   0   0   0   0   5   0   0  10   0  11   0   0  13  12   3   0   3  28  0.24 0.13
   14 K     0   3  -1   0  -3   2   2  -3   3  -3  -3   2  -2  -3  -2   1  -1  -3   0  -2    5  24   0   5   0   9  12   0   8   0   0  18   0   0   0  13   0   0   5   3  0.37 0.14
   15 A     2  -2  -2  -3  -2   2  -2  -3  -3   1  -1  -1   1  -3  -3   0   5  -4  -3  -1   19   0   0   0   0  12   0   0   0   8   2   3   5   0   0   2  48   0   0   2  0.48 0.22
   16 I    -3  -4  -5  -5  -3  -4  -4  -5  -4   5   4  -4   0  -1  -4  -4  -2  -4  -3   2    0   0   0   0   0   0   0   0   0  39  50   0   0   0   0   0   0   0   0  12  0.82 0.24
   17 R    -3   7  -2   0  -5  -1  -2  -4   4  -5  -4   0  -3  -1  -4  -3  -3  -4   0  -4    0  75   0   5   0   0   0   0  13   0   0   0   0   4   0   0   0   0   3   0  1.31 0.35
   18 F     0  -3  -3   1  -4   0  -2  -4   4  -3  -2  -3  -2   5  -4  -3  -3  -1   6  -3    8   0   0   9   0   5   0   0  13   0   2   0   0  25   0   0   0   0  38   0  0.83 0.26
   19 Y    -4  -4  -5  -6  -5  -4  -4  -5  -1  -4  -2  -4  -3   1  -5  -4  -4   7   9  -4    0   0   0   0   0   0   0   0   0   0   3   0   0   0   0   0   0  14  83   0  2.20 0.47
   20 E    -1  -2  -2   3  -5   1   6  -3  -2  -4  -1  -1  -3  -4  -3  -2  -1  -5  -4  -4    3   0   0  18   0   5  63   0   0   0   8   0   0   0   0   0   2   0   0   0  0.93 0.28
   21 E     0   3   0   0  -3   1   2  -3   1  -3  -1   2  -2  -3  -2   0  -1  -4  -2  -2    8  26   4   3   0   5  20   0   4   0   6  15   0   0   0   4   2   0   0   2  0.35 0.13
   22 K    -2   3  -1  -2  -3   1   0  -3   0   3   0   2   0  -2  -3  -2   0  -4  -2   0    0  25   2   0   0   5   7   0   2  27   7  15   2   0   0   0   7   0   0   2  0.29 0.15
   23 G    -1  -3  -1  -1  -4  -1  -1   6  -1  -5  -5  -1  -4  -5  -4   0  -3  -4  -4  -5    0   0   2   3   0   3   3  80   2   0   0   3   0   0   0   5   0   0   0   0  1.27 0.30
   24 L    -3  -4  -5  -5  -3  -4  -5  -5  -4   0   5  -4   2   1  -5  -4  -3  -3  -2   0    0   0   0   0   0   0   0   0   0   0  87   0   3   5   0   0   0   0   0   5  1.07 0.30
   25 V    -2  -4  -4  -4  -2  -3  -4  -5  -4   4   3  -4   1   1   0  -3  -2  -3  -2   2    0   0   0   0   0   0   0   0   0  30  37   0   3   6   5   0   0   0   0  18  0.56 0.18
   26 T     0   2  -1  -1  -3  -1   0  -2   0  -2  -2   2  -2  -1   3   1   2  -3  -1  -1    6  15   2   3   0   0   5   0   3   2   0  13   0   3  14  13  15   0   2   4  0.25 0.10
   27 P    -2  -4  -1  -3  -5  -3  -2  -4   0  -5  -5  -3  -4  -5   8   1  -3  -6  -4  -4    2   0   3   0   0   0   2   0   3   0   0   0   0   0  81  10   0   0   0   0  2.06 0.39
   28 P     2   1  -2   0  -3   2   2  -2  -2  -1  -2   0  -2  -3   3   0  -1  -4  -3  -1   25   8   0   5   0  10  18   0   0   3   3   4   0   0  15   3   2   0   0   6  0.30 0.12
   29 R    -3   7  -2   0   2  -1  -2  -2  -2  -4  -3   1  -3  -4  -4  -2  -3  -4   0  -3    0  76   0   5   6   0   0   3   0   0   2   4   0   0   0   0   0   0   4   2  1.17 0.33
   30 S     0  -2   2   0  -3  -1   0  -1  -2  -3  -3   1  -2  -4  -1   3   4  -4  -3  -2    3   0   9   3   0   0   3   4   0   0   0  12   0   0   3  23  41   0   0   0  0.50 0.21
   31 E     1  -2   0   2   0   0   3  -1  -1  -3  -3   0  -3  -4   2   1   0  -4  -3  -3   17   0   4  16   2   3  27   2   1   0   2   2   0   0  10  10   5   0   0   0  0.35 0.13
   32 N     1  -1   2  -2  -3  -2  -2   4  -2  -4  -4  -1  -3  -3  -3   2   0  -3   0  -3   10   2  12   0   0   0   0  41   0   0   0   1   0   0   0  22   6   0   5   0  0.57 0.19
   33 G    -2  -1   3  -2  -4  -3  -3   6  -3  -5  -5  -1  -4  -5  -4   0  -2  -4  -4  -5    0   3  18   0   0   0   0  71   0   0   0   3   0   0   0   6   0   0   0   0  1.19 0.29
   34 Y    -3   0  -1  -4  -4   1  -3  -2   4   0  -3  -2  -2   2  -4  -3  -1   0   7  -2    0   6   3   0   0   7   0   3  11   6   0   0   0   5   0   0   5   0  53   2  0.88 0.27
   35 R    -3   8  -2  -4  -6  -1  -2   0  -2  -5  -4   0  -4  -5  -4  -3  -3  -5  -4  -5    0  92   0   0   0   0   0   8   0   0   0   0   0   0   0   0   0   0   0   0  1.74 0.42
   36 T    -1   2  -1  -1  -3   0  -2  -3   0   0   2   0   1   0  -3  -1   0  -2   2   0    2  19   2   4   0   2   0   0   1   2  26   4   6   2   0   1   8   0  12   8  0.17 0.11
   37 Y    -4  -4  -4  -5  -5  -4  -4  -5  -1  -3  -3  -4  -3   5  -5  -4  -4   0   9  -3    0   0   0   0   0   0   0   0   0   0   0   0   0  22   0   0   0   0  78   0  2.03 0.44
   38 T    -1  -1   1   3  -3   0  -1   0  -2  -3  -4  -1  -3  -4  -2   3   3  -4  -3  -3    2   3   7  19   0   3   0   7   0   0   0   3   0   0   0  34  23   0   0   0  0.47 0.19
   39 Q     0   2  -1   3  -4   1   3  -3  -2  -3  -3  -1  -3   2  -3  -1  -1  -3   0  -3   12  16   0  25   0   7  25   0   0   0   0   0   0  10   0   0   2   0   4   0  0.43 0.17
   40 Q     1   1   2   1  -3   2   2  -2   2  -3  -3   1  -2  -3  -2   1   0  -3   0  -3   15   5   9   8   0   9  20   0   5   0   0  11   0   0   0   9   6   0   3   0  0.29 0.11
   41 H     1  -2  -1   6  -4   1   0  -2   3  -4  -4  -2  -3  -4  -3   0   0  -5  -3  -2   15   0   0  53   0   8   3   0   9   0   0   0   0   0   0   4   5   0   0   3  0.75 0.24
   42 L    -2  -4  -4  -4   1  -3  -4  -3  -4   3   3  -4   1   1  -4  -3  -2  -3  -2   3    2   0   0   0   3   0   0   2   0  19  39   0   2   6   0   0   0   0   0  27  0.52 0.17
   43 N     0   1   0   2  -4   4   3  -3   2  -2  -2   1  -2  -4  -2  -1  -1  -4  -2  -3    8   9   3  12   0  24  24   0   7   3   5   4   0   0   0   0   2   0   0   0  0.40 0.16
   44 E    -1   5  -2  -1  -4  -1   0  -3   0  -1  -2   1  -2  -1  -3  -2   0   3   0  -1    5  50   0   2   0   0   7   0   3   3   3   6   0   2   0   0   8   4   3   5  0.51 0.19
   45 L    -3  -4  -5  -5  -3  -4  -4  -5  -4   2   5  -4   1   1  -4  -4  -2  -3  -2   2    0   0   0   0   0   0   0   0   0   7  69   0   2   4   0   0   0   0   0  18  0.81 0.24
   46 T    -1   3  -1   0   2   2   0  -2   2  -1  -1   1   0  -3  -2   1   0  -3  -2  -1    4  22   0   5   6   9   5   0   7   2   8  10   4   0   0  10   5   0   0   2  0.19 0.10
   47 L    -3  -1  -3  -1  -3   2   0  -4  -2   0   1  -1  -1   6  -4  -2  -1  -2   0   0    0   3   0   4   0  14   7   0   0   6  12   2   0  43   0   0   4   0   0   6  0.45 0.19
   48 L    -3  -4  -5  -5  -3  -4  -5  -5  -5   6   2  -4   0  -2  -4  -4  -2  -4  -3   3    0   0   0   0   0   0   0   0   0  63  14   0   0   0   0   0   0   0   0  23  0.97 0.27
   49 R     0   4  -2  -2   0   2  -1  -3  -2  -2  -1   4  -2  -3  -3  -1  -2  -4  -3  -2    9  32   0   0   2   7   0   0   0   2   8  34   0   0   0   4   0   0   0   2  0.51 0.19
   50 Q     0   3   0   0   1   1  -1  -2   2  -1  -1   0  -2   0  -3   0   0  -3   0  -1   11  25   4   7   4   7   0   0   8   3   4   0   0   5   0   9   5   0   2   5  0.17 0.11
   51 A     3  -2  -3  -3   3  -2  -3  -2   0  -1   2  -1   1   1  -3   0  -1   4  -1  -1   35   2   0   0   7   0   0   0   2   0  27   2   5   5   0   5   2   6   1   0  0.30 0.16
   52 R    -2   4  -2  -3  -4   4  -1  -4  -2   0  -1   3  -2   1  -3  -2  -1  -3  -2  -2    0  33   0   0   0  21   0   0   0   7   7  22   0   7   0   0   2   0   0   0  0.56 0.22
   53 Q     0   2   1   3  -4   2   4  -2   0  -4  -4   0  -3  -4  -3  -1  -2  -4  -1  -3    7  12   8  18   0   7  35   2   2   0   0   3   0   0   0   2   0   0   3   0  0.52 0.18
   54 V     0  -2  -1   0   0   1   1  -3  -2   1   2  -2   1  -2  -3  -1   0  -3  -2   1    9   0   4   6   2   7  12   0   0   7  34   0   3   0   0   0   7   0   0  10  0.17 0.11
   55 G    -2  -1  -2   0  -5  -3  -2   7   1  -6  -6  -3  -5  -5  -4  -2  -3  -4  -5  -5    0   3   0   4   0   0   2  87   3   0   0   0   0   0   0   0   0   0   0   0  1.56 0.36
   56 F    -2  -4  -4  -4  -3  -4  -4  -4  -3   3   1  -4   2   5  -4  -3   0  -2   1   2    0   0   0   0   0   0   0   0   0  19  13   0   7  36   0   0   5   0   4  16  0.61 0.20
   57 N     0  -1   2  -2  -3   1  -2   0  -2  -4  -4  -2  -3  -4   4   4   0  -4  -3  -3    6   2  10   0   0   7   0   7   0   0   0   0   0   0  22  44   3   0   0   0  0.65 0.24
   58 L    -2  -3  -4  -5  -3  -3  -4  -5  -4   1   5  -4   2  -1  -4  -3   0  -3  -2   2    0   0   0   0   0   0   0   0   0   5  72   0   4   0   0   0   5   0   0  13  0.79 0.25
   59 E     1  -1   0   2  -3   1   3  -1   2  -3  -3   2  -2  -4  -2   2  -1  -4  -2  -2   13   0   2  15   0   6  20   4   6   0   0  13   0   0   0  17   0   0   0   2  0.33 0.14
   60 E     0  -1   0   3  -4   1   5   0  -2  -3  -4   0  -3  -4  -2   0  -1  -4  -3  -2    9   0   3  14   0   5  48   7   0   0   0   4   0   0   0   3   3   0   0   4  0.56 0.20
   61 S    -1  -4  -4  -5   3  -4  -4  -5  -4   6   1  -4   1  -2  -4  -2  -2  -4  -3   2    6   0   0   0   6   0   0   0   0  65  11   0   3   0   0   2   0   0   0   7  0.81 0.27
   62 G     1   3   0  -1  -3   1  -1   1   0  -1  -2   3  -2  -4  -3  -1  -2  -4  -3  -2   16  20   5   2   0   6   0  10   2   5   2  31   0   0   0   0   0   0   0   0  0.36 0.17
   63 E     1   2  -1   1   1   2   3  -2   0  -3  -2   2  -2  -3  -2   0  -1  -3  -2  -2   19  12   0   7   3   8  22   0   2   0   2  16   0   0   0   3   3   0   0   2  0.29 0.13
   64 L     0  -1  -3  -2  -2   0  -1  -3  -2   1   3  -2   2   1  -3  -2  -2  -2   0   0   11   3   0   3   0   7   3   1   0   7  48   0   4   7   0   0   0   0   2   3  0.27 0.13
   65 V    -1  -3  -3  -4   2   0  -3  -4  -3   1   4  -3   1   1  -3  -2  -1  -3  -2   1    3   0   0   0   6   5   0   0   0   6  54   0   3   5   0   0   3   0   0  12  0.44 0.16
   66 N     1   1   1   2  -2   0   1   0   0  -2  -2   1  -2  -3  -2   0   1  -3  -2  -2   21  11   6  11   0   0  11   7   3   0   3   9   0   0   0   5  10   0   0   1  0.19 0.08
   67 L     0  -1  -1  -1   1  -2  -2  -3  -1   1   3  -1   1   0  -3  -2   0  -2  -2   1   11   2   4   3   3   0   1   1   2   3  45   3   3   3   1   1   4   0   0  10  0.20 0.11
   68 F     0   0  -1   0  -3   2   2  -1  -1  -2   0   1  -1   1   1  -1  -1   3   1  -1    7   5   3   4   0  11  14   3   0   0  10  10   0   8   7   0   3   5   5   4  0.12 0.07
   69 N    -1   0   2   2   0   0   1  -2   1  -1  -2   0   1  -1   2   0   0  -3  -2  -2    5   5  15  14   2   2   8   0   5   6   0   5   7   3  10   6   6   0   0   0  0.17 0.09
   70 D    -1  -1   1   4  -3   2   2  -1  -2  -1  -2  -1  -2  -3   1   0   0  -4  -3  -2    5   2   6  30   0  15  13   2   0   5   4   0   0   0   7   3   5   0   0   0  0.37 0.15
   71 P    -1   3  -1   1  -3   1   0   2  -2  -3  -2   0   0  -3   3   0  -1  -3  -3  -3    3  21   0   8   0   9   3  21   0   0   3   3   3   0  14   9   0   0   0   1  0.33 0.13
   72 Q     0   0   1   2  -3   2   2   0   0  -3  -2   1  -2  -3  -2   1   1  -3  -1  -2    7   3   5  12   0  10  17   8   3   0   3   6   0   0   0  14   9   0   2   0  0.22 0.10
   73 R     1   3  -1   0  -3   1   1  -1   1  -3  -1   1  -2  -3   0  -1   1  -3  -2  -2   12  27   0   6   0   6   6   5   3   0   6   9   0   0   5   0  12   0   0   0  0.25 0.13
   74 H     1   0   1  -1   0   0  -1  -1   3  -1  -1   1  -1  -3   0   1   2  -3  -2  -1   14   3  10   3   2   3   0   4  10   3   8   8   0   0   4   9  19   0   0   0  0.15 0.10
   75 S     1  -2  -1  -1   5  -2   0  -2  -2   0   0  -2   0  -3   0   2   0  -3  -3   0   12   0   3   3  18   0   9   0   0   3  11   0   3   0   4  22   3   0   0   9  0.25 0.15
   76 A     3   0  -1   3  -2   1   1  -2  -2  -2  -2   0  -2  -3   0   0   0  -3  -3  -2   32   4   0  18   0   9  10   1   0   2   3   6   0   0   3   6   4   0   0   1  0.27 0.14
   77 D    -1  -2   0   5  -4   2   4  -3  -2  -4  -4   0  -3  -4  -2  -1  -2  -4  -4  -4    5   0   2  46   0   8  29   0   0   0   1   4   0   0   0   3   0   0   0   0  0.87 0.27
   78 V     0  -1  -3  -3  -2  -1   0  -3  -3   1   1  -2   1  -1   0  -1  -1   6  -1   3    7   3   0   0   0   2   6   0   0   9  16   0   5   0   5   3   2  14   0  26  0.32 0.15
   79 K     1   2  -1  -2  -3   0   0  -2  -1  -1   0   3  -1   0  -2   0  -1  -2   1  -2   12  13   3   0   0   3   3   0   0   4  15  28   0   3   0   9   0   0   7   0  0.20 0.14
   80 R     1   3   1   0  -3   1   0   0   3  -3  -2   0  -2  -3  -2   1  -1  -3  -2  -1   18  20   6   4   0   5   5   7   9   0   3   4   0   0   0  14   0   0   0   4  0.22 0.12
   81 R     0   1  -1  -3  -2   0  -2  -3   0   2   2   1   0   1  -3  -2  -1  -2   0   2    7  11   3   0   0   5   0   0   2  13  21  11   0   8   0   0   0   0   2  16  0.13 0.10
   82 T     1  -2  -2  -2  -2   0  -2  -1   1  -1   2  -1   2   0  -2   0   2  -2   0   0   16   0   0   0   0   6   0   4   5   0  27   3   6   3   0   8  15   0   3   3  0.13 0.11
   83 L     1   0  -2  -1  -2   1   1  -2  -2   1   2   0   1  -2  -2   0   0  -3  -2   0   15   5   0   3   0  10   8   1   0   7  28   7   2   0   0   3   6   0   0   3  0.11 0.09
   84 E    -1   0   0  -1  -3   3   4  -3   0  -2   0   1  -1  -3  -2   0  -1  -3  -2  -1    3   2   4   0   0  15  36   1   2   0  14   8   0   0   0   6   3   0   0   3  0.35 0.16
   85 K    -2   2  -1  -2  -4   2   1  -3   3  -3  -2   4   0  -3  -2  -2  -2   4  -2  -3    1  11   0   0   0  12   8   1  10   0   3  38   3   0   0   1   0   8   0   0  0.54 0.20
   86 V    -1   2  -2  -3  -2   0  -1  -1   0   3   1   0   1  -2  -3  -1   0   1  -2   2    0  15   0   0   0   3   3   4   2  25  10   7   3   0   0   4   6   2   0  14  0.14 0.11
   87 A     1   1  -1   2  -3   3   3  -2  -2  -1  -1   2  -2  -3   0  -1  -1  -4  -3  -1   15   5   0  11   0  17  19   0   0   4   5  16   0   0   3   0   2   0   0   3  0.28 0.14
   88 E    -2   0   0   1  -4   1   5  -3   1  -1  -1   0  -2   0  -3  -2  -1  -4  -2  -1    0   5   3   7   0   6  48   0   4   3   7   3   0   5   0   0   2   0   0   6  0.45 0.20
   89 I    -2  -3  -4  -4  -2  -1  -1  -5  -4   4   3  -3   2  -1  -4  -3  -2  -3  -2   3    0   0   0   0   0   3   5   0   0  33  27   0   6   0   0   0   0   0   0  26  0.56 0.21
   90 E    -1   1   1   3  -3   2   3  -2  -1  -3  -3   0  -3  -4  -2   0   2  -4  -3  -2    5   9   7  20   0   8  26   0   0   0   0   3   0   0   0   4  14   0   0   3  0.42 0.16
   91 R     1   5  -2  -2   1   2   2  -3  -2  -4  -3   2  -3  -4  -3  -1  -1  -4  -3  -3   12  42   0   0   3   8  19   0   0   0   0  11   0   0   0   3   3   0   0   0  0.62 0.23
   92 H    -2   4   0  -2  -4   1   0  -1   3  -3  -3   4   0  -4  -3  -1   0  -4  -2  -1    0  29   4   0   0   6   5   3   9   0   0  30   3   0   0   0   8   0   0   4  0.51 0.21
   93 I    -2   0  -4  -4  -3  -3  -4  -5  -4   6   2  -1   1  -2  -4  -3  -2  -4  -3   1    3   7   0   0   0   0   0   0   0  61  21   3   2   0   0   0   0   0   0   3  0.72 0.27
   94 E     1   0   1   2  -3   1   2  -1   2  -2  -3   1  -2  -3  -2   1   0  -4  -2  -2   13   5   5  13   0   5  19   2   8   3   0   9   0   0   0  12   5   0   0   0  0.26 0.11
   95 E     1   0  -1   2  -3   2   3   0  -2  -3  -3   1  -2  -1  -2   0   0  -4  -3  -2   14   3   0  13   0   8  29   6   0   0   0  12   0   3   0   3   5   0   0   2  0.33 0.15
   96 L    -1  -4  -5  -5  -3  -3  -4  -5  -4   2   5  -4   3  -1  -4  -3  -1  -3  -3   0    4   0   0   0   0   0   0   0   0  11  74   0   6   0   0   0   5   0   0   0  0.85 0.28
   97 Q     0   1  -1   1  -3   3   3  -1   1  -2  -1   1  -2  -3  -2   0   0  -3  -2  -2   10   6   0   8   0  22  20   3   3   0   9   9   0   0   0   3   4   0   0   3  0.28 0.14
   98 S     0   3   0   0  -3   0   0  -1   1  -1   1   1   1  -2  -2   0   0  -3  -2  -1    8  20   3   7   0   4   3   3   4   3  19   7   7   0   0   6   7   0   0   0  0.12 0.09
   99 R    -2   4  -2  -1  -3  -1  -1  -4  -2   1   2   1   4  -2  -3  -2  -2  -3   0   0    0  29   0   3   0   0   4   0   0  11  18   8  20   0   0   0   0   0   4   5  0.37 0.19
  100 D    -1   0  -1   2  -3   2   3  -3  -1  -2  -1   1   2   0  -2  -1   0  -3   0  -2    3   5   0  17   0  14  22   0   0   0   7   8   9   4   0   3   4   0   4   0  0.28 0.14
  101 Q    -1   3  -1   2  -3   2   1  -3  -2  -1  -2   1   0  -3   0  -1   2  -4  -3  -1    5  22   0  15   0  15   7   0   0   5   0   5   2   0   4   0  15   0   0   5  0.29 0.15
  102 L     0   0  -2  -3  -2   1   0  -3  -2   1   3   0   2  -1  -3  -1   0  -3  -2   1    5   4   0   0   0   8   6   0   0   4  38   7   6   0   0   3   8   0   0  11  0.19 0.12
  103 L    -2   0  -2   1  -3   0   1  -4  -3   2   4  -2   0  -1  -3  -1  -2  -3  -2   0    0   5   0  12   0   4  10   0   0  13  50   0   0   0   0   3   0   0   0   3  0.35 0.18
  104 A     2  -1  -1   3  -3   2   3  -1   1  -4  -4   2  -3  -4  -2   1  -1  -4  -3  -3   19   0   0  18   0  11  21   2   5   0   0  12   0   0   0  10   0   0   0   0  0.41 0.16
  105 L     0  -3  -3  -3   3  -2  -1  -1  -3   1   4  -2   0  -1  -3  -2  -1   4  -2   0    7   0   0   0   8   0   7   5   0   5  54   0   0   0   0   0   4   7   0   0  0.33 0.13
  106 A     1   1  -1  -3   1  -1  -2  -3   0   2   1   0   2  -1  -3  -1  -1  -3  -2   2   14   9   4   0   4   0   0   0   3  21  15   7   7   0   0   0   0   0   0  14  0.13 0.08
  107 N     0   1   1   1  -3   2   2  -1   1  -1  -2   1  -2  -1   2   1  -1  -3  -2  -2    4   6  10   8   0  11  18   3   4   5   1   5   0   4  11   9   0   0   0   0  0.22 0.06
  108 A     1   0  -1  -2  -2  -1   0   1   4  -1  -1   1  -2  -3  -2   1   1  -3  -1  -2   15   3   0   0   0   0   3  12  21   5   5  13   0   0   0  13  11   0   0   0  0.22 0.10
  109 C    -1  -4  -3  -4   9  -3   0  -4  -4  -3  -3  -3  -3  -4  -4  -2   2  -4  -4  -2    4   0   0   0  70   0   8   0   0   0   0   0   0   0   0   0  18   0   0   0  1.57 0.30
  110 P    -2  -2  -2  -2   3   1   0   2   5  -3  -3  -2  -3  -4   5  -2  -2  -4  -2  -2    0   0   0   0  10   6   4  21  21   0   0   0   0   0  33   0   0   0   0   5  0.73 0.17
  111 G     1  -3  -2   0   4  -2  -1   4  -3  -1  -3  -2  -2  -3  -3   0  -2  -3  -3  -2   17   0   0   5  15   0   4  47   0   7   0   0   0   0   0   5   0   0   0   0  0.55 0.13
  112 D    -2  -1   3   3  -3   3   2  -2   2  -2   0   0  -1  -3  -2  -1  -1  -4  -2  -2    0   0  18  25   0  18  12   0   5   0  15   6   0   0   0   0   0   0   0   0  0.37 0.11
  113 D    -1  -1   0   4  -3   1   1   0   5  -4  -4   0  -3  -3  -2   2  -1  -4  -2  -4    0   0   0  38   0   5   3   7  22   0   0   5   0   0   0  21   0   0   0   0  0.57 0.14
  114 S     2   2   1  -1  -2  -1   0   1  -2  -1   0   0  -1  -3  -2   1  -1  -3  -2  -1   25  20   9   0   0   0   6  14   0   4  10   0   0   0   0  12   0   0   0   0  0.18 0.08
  115 A     0  -2   0   1  -2   1   2  -2  -1  -1  -2  -1   0  -2   3   1  -1  -3   0   1   10   0   6   6   0   5  18   0   0   0   0   0   5   0  19  10   0   0   4  18  0.26 0.08
  116 D     0   0   1   4   2  -1   1  -2  -1  -3  -3  -1  -3  -2   1   1  -1  -3   2  -3    5   5   7  32   6   0  11   0   0   0   0   0   0   0   6  18   0   0  10   0  0.36 0.10
  117 C    -2  -4  -4  -5  10  -4  -5  -4  -4  -2   1  -4   3  -3  -4  -2  -2  -4  -3  -2    0   0   0   0  74   0   0   0   0   0  13   0  13   0   0   0   0   0   0   0  1.70 0.28
  118 P    -2  -2  -3  -3  -4  -2  -2  -3  -3  -3  -1   1  -3  -4   7   0  -2  -5  -4  -3    0   0   0   0   0   0   0   0   0   0  10  11   0   0  74   5   0   0   0   0  1.60 0.23
  119 I    -2  -4  -4  -4  -2  -3  -4  -5  -4   5   4  -4   1  -1  -4  -3  -2  -3  -2   1    0   0   0   0   0   0   0   0   0  54  46   0   0   0   0   0   0   0   0   0  0.69 0.15
  120 I    -2  -3   0  -3  -2  -3  -3  -4  -3   4   3  -3   1  -1  -3  -3  -1  -3  -2   1    0   0  10   0   0   0   0   0   0  56  34   0   0   0   0   0   0   0   0   0  0.44 0.09
  121 E     0  -1   2   1  -3   1   5  -2  -1  -3  -1   1  -2  -3  -2  -1  -1  -3  -3  -2    9   0  11   4   0   0  63   0   0   0  10   5   0   0   0   0   0   0   0   0  0.52 0.10
  122 N     0  -1   2   1  -2   3   2   0  -1  -3  -3   0  -2  -3  -2   1   1  -3  -2  -2    8   0  10   5   0  26  18   6   0   0   0   0   0   0   0  13  14   0   0   0  0.32 0.06
  123 L    -2  -3  -3  -4  -2  -2  -3  -4   2   2   4  -3   2   0  -3  -3  -2  -2  -1   0    0   0   0   0   0   0   0   0  10   8  79   0   4   0   0   0   0   0   0   0  0.55 0.10
  124 S     2  -1   1  -1  -2   1  -1  -1  -1  -2  -1   0   2  -2  -2   3   1  -3  -2  -1   18   0   7   0   0  10   0   0   0   0   0   7  15   0   0  33  10   0   0   0  0.23 0.06
  125 G     0  -2   2  -1  -3  -2  -2   6  -2  -4  -4  -2  -3  -4  -3  -1  -2  -3  -3  -4    0   0  14   0   0   0   0  86   0   0   0   0   0   0   0   0   0   0   0   0  1.04 0.08
  126 C     1  -2  -2  -3   8  -2  -2  -2   3  -2  -2  -2  -2  -2  -2   0  -1  -3  -1  -1   21   0   0   0  61   0   0   0  18   0   0   0   0   0   0   0   0   0   0   0  0.71 0.02
  127 C     1  -3  -3  -3   9  -3  -3  -2  -3  -1  -2  -3  -2  -3  -3  -1  -1  -3  -3  -1   21   0   0   0  79   0   0   0   0   0   0   0   0   0   0   0   0   0   0   0  1.01 0.03

                      K         Lambda
Standard Ungapped    0.1329     0.3155
Standard Gapped      0.0441     0.2670
PSI Ungapped         0.1442     0.3176
PSI Gapped           0.0441     0.2670
